1
0
0
0
0
1
0
1
0
0
0
1
1
0
0
0
1
0
1
0
0
0
1
0
0
1
0
0
0
1
0.0928
0.9072
0
0
1
0
0.214865
0
0.785135
1
0
0
0.832759
0
0.167241
0
0
1
0
0
1
1
0
0
0
0.9072
0.0928
0
1
0
0
1
0
0
1
0
0.804762
0.195238
0
1
0
0
1
0
0
1
0
0
0
0.0275229
0.972477
0
0
1
1
0
0
1
0
0
0
1
0
0
1
0
0
0
1
0
1
0
1
0
0
0
1
0
0.193056
0.806944
0
0
1
0
1
0
0
1
0
0
1
0
0
0
0
1
0.706306
0
0.293694
1
0
0
0
1
0
0
1
0
0.710294
0
0.289706
0.491525
0.508475
0
0
0.704
0.296
1
0
0
1
0
0
1
0
0
1
0
0
0.64252
0.35748
0
0
1
0
1
0
0
0
0
1
1
0
0
0.812174
0.187826
0
1
0
0
