10
14,1,2,5,15
16,10,5,4,17
18,1,0,7,6,19
18,1,3,4,6,20
21,6,4,3,1,0,22
21,6,7,0,23
24,9,7,6,4,3,25
24,9,13,8,3,26
27,9,11,28
29,3,8,13,30
31,12,5,2,1,0,32
33,3,8,34
35,5,12,11,36
35,5,12,13,8,11,37
38,7,9,13,39
40,6,4,41
42,5,2,43
44,8,11,12,5,10,45
44,8,13,12,5,10,46
47,8,13,12,48
49,9,7,0,50
51,4,5,52
53,10,5,54
55,5,10,9,13,56
55,5,12,13,57
58,3,1,2,5,59
58,3,4,5,60
58,3,8,11,12,5,61
62,5,4,63
64,11,8,3,65
66,12,5,4,6,67
66,12,11,9,7,6,68
66,12,13,8,3,4,6,69
66,12,13,9,7,6,70
71,0,1,3,72
73,3,1,0,2,74
73,3,1,2,75
76,2,0,7,9,11,77
76,2,1,3,8,11,78
76,2,5,12,11,79
80,2,0,7,9,81
80,2,5,10,9,82
83,2,0,84
83,2,1,0,85
86,2,0,7,6,87
88,10,5,2,1,89
88,10,9,7,0,1,90
88,10,9,13,8,3,1,91
88,10,9,13,12,5,2,1,92
succeed
2.72,3.98,3.94,2.61,2.73,3.5,2.23,2.65,3.28,3.68,2.72,2.46,2.89,2.78,2.22,3.75,3.28,2.34,3.1,3.4,2.5,2.97,2.05,2.78,3.34,2.53,3.9,3.21,3.27,3.47