10
14,6,4,3,8,15
16,12,13,9,17
18,9,7,0,19
20,9,10,21
22,10,5,12,23
24,13,9,7,0,25
26,12,13,8,27
28,2,5,10,29
30,11,9,7,0,31
32,0,2,33
34,6,7,35
36,9,11,37
38,7,0,1,39
40,0,1,3,41
42,12,5,2,43
44,7,9,13,12,45
46,5,10,9,7,47
48,11,8,3,49
50,9,7,51
52,6,4,5,12,53
54,7,9,13,55
56,12,13,9,7,57
58,8,3,1,2,59
60,13,9,61
62,0,7,9,13,63
64,2,1,3,65
66,11,12,67
68,13,9,7,69
70,4,5,12,71
72,1,3,8,73
succeed
4.42,4.33,4.5,3.97,3.58,4,4.22,4.32,3.07,2.86,2.83,3.38,3.71,3.65,3.55,4.31,2.9,2.79,4.33,4.43,3.86,3.78,4.05,4.14,3.4,3.39,4.02,3.52,4.16,3.86