10
14,1,2,5,15
14,1,3,4,5,16
14,1,0,2,5,17
18,10,5,4,19
18,10,9,7,6,4,20
18,10,5,2,1,3,4,21
22,1,3,4,6,23
22,1,0,7,6,24
22,1,2,5,4,6,25
26,6,7,0,27
26,6,4,5,2,0,28
26,6,4,3,1,0,29
30,9,13,8,3,31
30,9,11,8,3,32
30,9,10,5,4,3,33
34,9,11,35
34,9,13,12,11,36
34,9,13,8,11,37
38,3,8,13,39
38,3,8,11,12,13,40
38,3,4,5,12,13,41
42,12,5,2,0,43
42,12,5,2,1,0,44
42,12,13,9,7,0,45
46,3,8,47
46,3,4,5,12,13,8,48
46,3,4,5,12,11,8,49
50,5,12,11,51
50,5,10,9,11,52
50,5,12,13,9,11,53
54,7,9,13,55
54,7,9,11,12,13,56
54,7,9,11,8,13,57
58,6,4,59
58,6,7,0,1,3,4,60
58,6,7,0,2,5,4,61
62,5,2,63
62,5,4,3,1,2,64
62,5,4,3,1,0,2,65
66,8,13,9,10,67
66,8,11,9,10,68
66,8,13,12,5,10,69
70,8,13,12,71
70,8,11,12,72
70,8,13,9,11,12,73
74,9,7,0,75
74,9,10,5,2,0,76
74,9,10,5,2,1,0,77
78,4,5,79
78,4,3,1,2,5,80
78,4,3,1,0,2,5,81
82,10,5,83
82,10,9,13,12,5,84
82,10,9,11,12,5,85
86,5,12,13,87
86,5,10,9,13,88
86,5,12,11,9,13,89
90,3,4,5,91
90,3,1,2,5,92
90,3,1,0,2,5,93
94,5,4,95
94,5,2,1,3,4,96
94,5,2,0,7,6,4,97
98,11,8,3,99
98,11,12,5,4,3,100
98,11,12,13,8,3,101
102,12,5,4,6,103
102,12,13,9,7,6,104
102,12,11,9,7,6,105
106,0,1,3,107
106,0,2,1,3,108
106,0,2,5,4,3,109
110,3,1,2,111
110,3,1,0,2,112
110,3,4,5,2,113
114,2,5,12,11,115
114,2,5,10,9,11,116
114,2,1,3,8,11,117
118,2,0,7,9,119
118,2,5,10,9,120
118,2,5,12,13,9,121
122,2,0,123
122,2,1,0,124
122,2,5,10,9,7,0,125
126,2,0,7,6,127
126,2,5,4,6,128
126,2,1,0,7,6,129
130,10,5,2,1,131
130,10,5,2,0,1,132
130,10,5,4,3,1,133
succeed
2.72,3.98,3.94,2.61,2.73,3.5,2.23,2.65,3.28,3.68,2.72,2.46,2.89,2.78,2.22,3.75,3.28,2.34,3.1,3.4,2.5,2.97,2.05,2.78,3.34,2.53,3.9,3.21,3.27,3.47