10
14,10,9,7,0,15
14,10,5,2,0,16
14,10,5,2,1,0,17
18,11,9,10,19
18,11,12,5,10,20
18,11,12,13,9,10,21
22,4,3,1,23
22,4,5,2,1,24
22,4,5,2,0,1,25
26,0,7,9,11,27
26,0,2,5,12,11,28
26,0,1,3,8,11,29
30,8,3,4,31
30,8,13,12,5,4,32
30,8,11,12,5,4,33
34,4,5,12,35
34,4,3,8,13,12,36
34,4,3,8,11,12,37
38,10,9,7,6,39
38,10,5,4,6,40
38,10,5,2,0,7,6,41
42,2,0,43
42,2,1,0,44
42,2,5,10,9,7,0,45
46,13,12,47
46,13,9,11,12,48
46,13,8,11,12,49
50,1,2,5,51
50,1,0,2,5,52
50,1,3,4,5,53
54,11,9,55
54,11,12,13,9,56
54,11,8,13,9,57
58,8,3,1,0,59
58,8,3,1,2,0,60
58,8,13,9,7,0,61
62,4,5,12,11,63
62,4,3,8,11,64
62,4,5,10,9,11,65
66,5,12,67
66,5,10,9,13,12,68
66,5,10,9,11,12,69
70,13,9,7,0,71
70,13,12,5,2,0,72
70,13,8,3,1,0,73
74,13,9,7,6,75
74,13,12,5,4,6,76
74,13,8,3,4,6,77
78,9,10,79
78,9,13,12,5,10,80
78,9,11,12,5,10,81
82,8,13,9,7,83
82,8,11,9,7,84
82,8,3,1,0,7,85
86,12,5,2,87
86,12,5,4,3,1,2,88
86,12,13,9,7,0,2,89
90,0,1,91
90,0,2,1,92
90,0,2,5,4,3,1,93
94,10,9,95
94,10,5,12,13,9,96
94,10,5,12,11,9,97
98,10,9,11,99
98,10,5,12,11,100
98,10,9,13,12,11,101
102,10,9,7,103
102,10,5,2,0,7,104
102,10,5,4,6,7,105
106,4,3,107
106,4,5,2,1,3,108
106,4,5,2,0,1,3,109
110,8,13,111
110,8,11,12,13,112
110,8,11,9,13,113
114,13,8,115
114,13,12,11,8,116
114,13,9,11,8,117
118,3,8,13,9,119
118,3,8,11,9,120
118,3,4,6,7,9,121
122,10,5,2,1,123
122,10,5,2,0,1,124
122,10,5,4,3,1,125
126,4,5,127
126,4,3,1,2,5,128
126,4,3,1,0,2,5,129
130,2,5,12,13,131
130,2,5,10,9,13,132
130,2,0,7,9,13,133
134,13,12,5,4,135
134,13,8,3,4,136
134,13,9,10,5,4,137
138,0,1,3,139
138,0,2,1,3,140
138,0,2,5,4,3,141
142,2,5,143
142,2,1,3,4,5,144
142,2,0,7,9,10,5,145
146,0,1,3,8,147
146,0,2,1,3,8,148
146,0,7,9,13,8,149
150,7,6,151
150,7,9,10,5,4,6,152
150,7,0,1,3,4,6,153
154,0,2,5,155
154,0,1,2,5,156
154,0,1,3,4,5,157
158,8,11,159
158,8,13,12,11,160
158,8,13,9,11,161
162,7,9,13,12,163
162,7,9,11,12,164
162,7,0,2,5,12,165
166,6,4,5,167
166,6,7,0,2,5,168
166,6,7,9,10,5,169
170,0,2,5,10,171
170,0,7,9,10,172
170,0,1,2,5,10,173
174,5,4,3,175
174,5,2,1,3,176
174,5,2,0,1,3,177
178,12,5,4,3,179
178,12,13,8,3,180
178,12,11,8,3,181
182,1,0,183
182,1,2,0,184
182,1,3,4,6,7,0,185
186,1,3,8,187
186,1,0,7,9,13,8,188
186,1,0,7,9,11,8,189
190,11,12,5,4,191
190,11,8,3,4,192
190,11,9,10,5,4,193
194,9,13,12,195
194,9,11,12,196
194,9,10,5,12,197
198,9,7,0,2,199
198,9,10,5,2,200
198,9,7,0,1,2,201
202,10,5,4,3,203
202,10,5,2,1,3,204
202,10,9,13,8,3,205
206,13,9,10,207
206,13,12,5,10,208
206,13,12,11,9,10,209
210,5,2,211
210,5,4,3,1,2,212
210,5,4,3,1,0,2,213
214,13,9,215
214,13,12,11,9,216
214,13,8,11,9,217
218,10,5,219
218,10,9,13,12,5,220
218,10,9,11,12,5,221
222,0,2,223
222,0,1,2,224
222,0,1,3,4,5,2,225
226,1,3,8,11,227
226,1,0,7,9,11,228
226,1,2,5,12,11,229
230,2,5,4,6,231
230,2,0,7,6,232
230,2,1,3,4,6,233
234,11,9,7,235
234,11,12,13,9,7,236
234,11,8,13,9,7,237
238,2,1,3,239
238,2,5,4,3,240
238,2,0,1,3,241
242,4,6,7,243
242,4,5,10,9,7,244
242,4,5,2,0,7,245
246,12,13,8,247
246,12,11,8,248
246,12,13,9,11,8,249
250,10,9,13,251
250,10,5,12,13,252
250,10,9,11,12,13,253
succeed
3.03,2.32,2.15,3.07,1.51,2.26,1.91,1.92,1.99,1.64,1.57,2.77,2.31,2.75,1.88,3.42,2.1,2.73,2.3,1.91,3.03,2.1,1.59,1.92,2.93,1.75,3.12,2.31,3.48,2.96,3.03,1.74,2.45,2.01,2.66,2.64,2.21,1.91,1.57,3.39,3.33,2.89,2.47,2.92,3.04,2.07,2.23,2.7,1.55,2.08,2.52,2.24,1.74,2.93,2.19,3.15,3.3,2.99,2.81,1.8