10
14,6,4,3,8,15
14,6,7,9,13,8,16
14,6,7,9,11,8,17
18,12,13,9,19
18,12,11,9,20
18,12,5,10,9,21
22,9,7,0,23
22,9,10,5,2,0,24
22,9,10,5,2,1,0,25
26,9,10,27
26,9,13,12,5,10,28
26,9,11,12,5,10,29
30,10,5,12,31
30,10,9,13,12,32
30,10,9,11,12,33
34,13,9,7,0,35
34,13,8,3,1,0,36
34,13,12,5,2,0,37
38,12,13,8,39
38,12,11,8,40
38,12,13,9,11,8,41
42,2,5,10,43
42,2,0,7,9,10,44
42,2,5,12,13,9,10,45
46,11,9,7,0,47
46,11,8,3,1,0,48
46,11,12,5,2,0,49
50,0,2,51
50,0,1,2,52
50,0,1,3,4,5,2,53
54,6,7,55
54,6,4,3,1,0,7,56
54,6,4,5,10,9,7,57
58,9,11,59
58,9,13,8,11,60
58,9,13,12,11,61
62,7,0,1,63
62,7,0,2,1,64
62,7,6,4,3,1,65
66,0,1,3,67
66,0,2,1,3,68
66,0,2,5,4,3,69
70,12,5,2,71
70,12,5,4,3,1,2,72
70,12,13,8,3,1,2,73
74,7,9,13,12,75
74,7,9,11,12,76
74,7,0,2,5,12,77
78,5,10,9,7,79
78,5,2,0,7,80
78,5,4,6,7,81
82,11,8,3,83
82,11,12,5,4,3,84
82,11,12,13,8,3,85
86,9,7,87
86,9,10,5,2,0,7,88
86,9,10,5,4,6,7,89
90,6,4,5,12,91
90,6,7,9,13,12,92
90,6,7,9,11,12,93
94,7,9,13,95
94,7,9,11,8,13,96
94,7,9,11,12,13,97
98,12,13,9,7,99
98,12,11,9,7,100
98,12,5,2,0,7,101
102,8,3,1,2,103
102,8,3,1,0,2,104
102,8,3,4,5,2,105
106,13,9,107
106,13,8,11,9,108
106,13,12,11,9,109
110,0,7,9,13,111
110,0,1,3,8,13,112
110,0,2,5,12,13,113
114,2,1,3,115
114,2,0,1,3,116
114,2,5,4,3,117
118,11,12,119
118,11,8,13,12,120
118,11,9,13,12,121
122,13,9,7,123
122,13,8,11,9,7,124
122,13,12,11,9,7,125
126,4,5,12,127
126,4,3,8,13,12,128
126,4,3,8,11,12,129
130,1,3,8,131
130,1,0,7,9,13,8,132
130,1,0,7,9,11,8,133
succeed
4.42,4.33,4.5,3.97,3.58,4,4.22,4.32,3.07,2.86,2.83,3.38,3.71,3.65,3.55,4.31,2.9,2.79,4.33,4.43,3.86,3.78,4.05,4.14,3.4,3.39,4.02,3.52,4.16,3.86