10
14,0,7,9,13,15
16,7,0,2,17
18,11,12,5,2,19
20,9,10,5,21
22,7,9,10,23
24,2,5,25
26,1,3,8,13,27
28,2,0,7,9,29
30,11,9,31
32,1,3,8,33
34,9,7,0,2,35
36,1,3,37
38,1,2,39
40,5,2,41
42,3,8,11,43
44,13,8,3,1,45
46,6,7,47
48,3,8,49
50,7,0,2,5,51
52,2,0,7,53
54,0,2,5,4,55
56,12,5,2,0,57
58,0,7,9,59
60,6,7,0,1,61
62,4,3,63
64,12,11,8,65
66,11,9,7,0,67
68,5,2,0,69
70,1,3,8,11,71
72,0,2,5,12,73
74,6,7,9,11,75
76,13,12,77
78,13,9,7,79
80,3,8,13,81
82,6,7,0,2,83
84,8,3,1,85
86,0,7,6,87
88,11,12,5,89
90,1,3,4,6,91
92,2,5,10,93
94,7,9,13,95
96,9,7,6,4,97
98,1,0,7,99
100,11,8,101
102,4,3,8,13,103
104,6,7,9,13,105
106,12,5,2,107
108,4,5,10,109
110,7,9,111
112,6,7,0,113
succeed
3.18,2.52,2.08,2.51,3.31,3.16,2.14,2.91,2.64,2.68,1.76,3.41,3.45,2.24,2.41,1.69,3.36,2.01,3.47,2.85,2.32,3.39,1.88,1.77,1.7,3.13,1.99,2.63,2.15,2.83,3.2,3.42,2.17,2.62,3.44,2.69,2.12,2.22,1.9,2.56,1.57,2.34,3.39,2.95,2.67,1.62,1.53,3.27,1.51,1.99