10
14,1,2,5,15
16,10,5,4,17
18,1,0,7,6,19
20,6,7,0,21
22,9,13,8,3,23
24,9,11,25
26,3,8,13,27
28,12,5,2,0,29
30,3,8,31
32,5,12,11,33
34,7,9,13,35
36,6,4,37
38,5,2,39
40,8,13,9,10,41
42,8,13,12,43
44,9,7,0,45
46,4,5,47
48,10,5,49
50,5,12,13,51
52,3,4,5,53
54,5,4,55
56,11,8,3,57
58,12,5,4,6,59
60,0,1,3,61
62,3,1,2,63
64,2,5,12,11,65
66,2,5,10,9,67
68,2,0,69
70,2,5,4,6,71
72,10,5,2,1,73
succeed
2.72,3.98,3.94,2.61,2.73,3.5,2.23,2.65,3.28,3.68,2.72,2.46,2.89,2.78,2.22,3.75,3.28,2.34,3.1,3.4,2.5,2.97,2.05,2.78,3.34,2.53,3.9,3.21,3.27,3.47