10
14,2,1,3,8,15
14,2,5,12,13,8,16
14,2,5,12,11,8,17
18,11,9,7,19
18,11,8,13,9,7,20
18,11,12,13,9,7,21
22,6,7,9,23
22,6,4,5,10,9,24
22,6,4,5,12,13,9,25
26,12,5,27
26,12,13,9,10,5,28
26,12,11,9,10,5,29
30,7,0,1,31
30,7,0,2,1,32
30,7,6,4,3,1,33
34,12,5,4,6,35
34,12,13,9,7,6,36
34,12,11,9,7,6,37
38,11,9,39
38,11,8,13,9,40
38,11,12,13,9,41
42,8,13,9,10,43
42,8,11,9,10,44
42,8,13,12,5,10,45
46,2,5,12,13,47
46,2,5,10,9,13,48
46,2,1,3,8,13,49
50,12,5,2,51
50,12,5,4,3,1,2,52
50,12,13,8,3,1,2,53
54,13,12,5,2,55
54,13,8,3,1,2,56
54,13,9,10,5,2,57
58,13,8,3,4,59
58,13,12,5,4,60
58,13,9,7,6,4,61
62,8,3,1,2,63
62,8,3,1,0,2,64
62,8,3,4,5,2,65
66,12,13,67
66,12,11,8,13,68
66,12,11,9,13,69
70,4,3,1,71
70,4,5,2,1,72
70,4,5,2,0,1,73
74,0,1,3,8,75
74,0,2,1,3,8,76
74,0,7,9,13,8,77
78,7,0,2,79
78,7,0,1,2,80
78,7,9,10,5,2,81
82,10,5,83
82,10,9,13,12,5,84
82,10,9,11,12,5,85
86,8,3,4,6,87
86,8,13,9,7,6,88
86,8,11,9,7,6,89
90,0,7,9,13,91
90,0,2,5,12,13,92
90,0,1,3,8,13,93
94,9,11,95
94,9,13,8,11,96
94,9,13,12,11,97
98,9,10,5,99
98,9,13,12,5,100
98,9,11,12,5,101
102,5,4,3,103
102,5,2,1,3,104
102,5,2,0,1,3,105
106,0,2,5,107
106,0,1,2,5,108
106,0,1,3,4,5,109
110,0,7,9,111
110,0,2,5,10,9,112
110,0,2,5,12,13,9,113
114,11,9,10,115
114,11,12,5,10,116
114,11,12,13,9,10,117
118,10,9,119
118,10,5,12,13,9,120
118,10,5,12,11,9,121
122,12,5,10,123
122,12,13,9,10,124
122,12,11,9,10,125
126,11,12,5,127
126,11,9,10,5,128
126,11,9,13,12,5,129
130,2,5,10,9,131
130,2,0,7,9,132
130,2,5,12,13,9,133
succeed
3.62,3.17,4.3,4.98,3.62,3.94,4.37,3.6,3.36,3.69,4.97,4,4.14,3.44,3.16,3.68,4.58,4.99,3.77,4.47,3.1,4.56,4.64,4.3,4.61,3.99,3.4,3.95,4.8,3.31