10
14,13,12,15
16,11,8,13,12,5,2,0,1,17
18,4,5,12,13,8,19
20,1,0,7,6,4,21
20,1,3,4,22
23,1,0,7,6,24
25,10,9,13,8,26
27,0,2,28
29,1,0,2,5,10,30
29,1,2,5,10,31
32,6,7,9,13,33
34,9,7,35
36,0,2,5,4,6,7,9,13,8,37
38,3,1,0,2,5,10,39
38,3,4,5,10,40
38,3,8,11,9,10,41
42,9,7,6,43
44,10,5,2,45
46,3,4,6,47
48,5,4,6,7,9,13,12,49
48,5,12,50
51,3,8,52
53,5,12,11,54
53,5,12,13,8,11,55
56,3,8,13,9,57
58,10,5,59
60,10,5,4,6,61
62,0,7,63
64,8,3,1,65
66,2,0,1,3,67
68,6,7,9,13,8,3,69
70,5,4,71
72,2,0,1,3,8,13,9,73
72,2,1,3,8,13,9,74
72,2,5,10,9,75
76,8,13,9,7,77
78,10,5,2,0,79
80,10,9,7,81
succeed
1.49,0.76,1.05,1.79,1.82,0.65,1.43,2.39,1.37,0.52,0.78,1.82,1.42,0.84,1.78,0.89,2.15,2.43,0.8,0.99,0.8,2.32,1.56,1.45,0.93,2.13,1.34,1.12,0.97,0.66