10
14,2,1,3,8,15
16,11,9,7,17
18,6,7,9,19
20,12,5,21
22,7,0,1,23
24,12,5,4,6,25
26,11,9,27
28,8,11,9,10,29
30,2,5,12,13,31
32,12,5,2,33
34,13,12,5,2,35
36,13,8,3,4,37
38,8,3,1,2,39
40,12,13,41
42,4,3,1,43
44,0,1,3,8,45
46,7,0,2,47
48,10,5,49
50,8,3,4,6,51
52,0,7,9,13,53
54,9,11,55
56,9,10,5,57
58,5,4,3,59
60,0,2,5,61
62,0,7,9,63
64,11,9,10,65
66,10,9,67
68,12,5,10,69
70,11,12,5,71
72,2,0,7,9,73
succeed
3.62,3.17,4.3,4.98,3.62,3.94,4.37,3.6,3.36,3.69,4.97,4,4.14,3.44,3.16,3.68,4.58,4.99,3.77,4.47,3.1,4.56,4.64,4.3,4.61,3.99,3.4,3.95,4.8,3.31