10
14,9,7,15
16,13,12,17
18,6,7,0,19
20,7,9,21
22,4,3,23
24,1,2,5,25
26,6,4,5,27
28,2,5,4,6,29
30,3,8,11,31
32,10,9,11,33
34,8,11,9,35
36,4,5,12,37
38,1,3,4,39
40,13,12,5,41
42,12,11,9,7,43
44,2,5,10,45
46,3,4,5,10,47
48,9,7,0,49
50,2,5,12,13,51
52,5,2,0,53
54,5,10,55
56,10,5,2,57
58,1,0,7,9,59
60,0,2,5,61
62,6,4,5,2,63
64,2,0,7,65
66,10,5,67
68,7,9,13,69
70,5,4,71
72,1,3,73
succeed
1.3,2.67,1.95,1.11,2.15,1.97,1.21,1.92,1.91,2.3,2.9,2.4,1.03,1.46,1.1,2.9,1.83,1.52,1.59,1.07,1.28,2.65,1.66,2.76,1.69,1.32,2.66,2.58,2.32,1.76