10
14,13,12,15
16,11,8,3,1,17
18,4,3,8,19
20,1,3,4,21
22,1,0,7,6,23
24,10,9,11,8,25
26,0,2,27
28,1,2,5,10,29
30,6,7,9,13,31
32,9,7,33
34,0,1,3,8,35
36,3,4,5,10,37
38,9,7,6,39
40,10,5,2,41
42,3,4,6,43
44,5,12,45
46,3,8,47
48,5,12,11,49
50,3,8,11,9,51
52,10,5,53
54,10,5,4,6,55
56,0,7,57
58,8,3,1,59
60,2,1,3,61
62,6,4,3,63
64,5,4,65
66,2,5,10,9,67
68,8,11,9,7,69
70,10,5,2,0,71
72,10,9,7,73
succeed
1.49,0.76,1.05,1.79,1.82,0.65,1.43,2.39,1.37,0.52,0.78,1.82,1.42,0.84,1.78,0.89,2.15,2.43,0.8,0.99,0.8,2.32,1.56,1.45,0.93,2.13,1.34,1.12,0.97,0.66