10
14,4,5,2,15
14,4,3,1,2,16
14,4,3,1,0,2,17
18,6,4,3,8,19
18,6,7,9,11,8,20
18,6,7,9,13,8,21
22,11,8,3,1,23
22,11,12,5,2,1,24
22,11,9,7,0,1,25
26,11,12,5,4,27
26,11,8,3,4,28
26,11,9,7,6,4,29
30,9,11,31
30,9,13,12,11,32
30,9,13,8,11,33
34,9,13,35
34,9,11,12,13,36
34,9,11,8,13,37
38,6,4,39
38,6,7,0,1,3,4,40
38,6,7,0,2,5,4,41
42,3,1,43
42,3,4,5,2,1,44
42,3,4,5,2,0,1,45
46,0,1,3,8,47
46,0,7,9,11,8,48
46,0,7,9,13,8,49
50,3,8,11,9,51
50,3,8,13,9,52
50,3,1,0,7,9,53
54,1,3,8,11,55
54,1,0,7,9,11,56
54,1,2,5,12,11,57
58,6,7,9,59
58,6,4,5,10,9,60
58,6,4,5,12,11,9,61
62,7,6,4,63
62,7,9,10,5,4,64
62,7,0,1,3,4,65
66,3,1,2,67
66,3,1,0,2,68
66,3,4,5,2,69
70,7,9,71
70,7,6,4,5,10,9,72
70,7,0,2,5,10,9,73
74,7,9,11,12,75
74,7,9,13,12,76
74,7,6,4,5,12,77
78,9,10,79
78,9,11,12,5,10,80
78,9,13,12,5,10,81
82,4,3,8,11,83
82,4,5,12,11,84
82,4,5,10,9,11,85
86,11,12,87
86,11,9,13,12,88
86,11,8,13,12,89
90,7,0,1,91
90,7,0,2,1,92
90,7,6,4,3,1,93
94,5,4,6,95
94,5,2,0,7,6,96
94,5,10,9,7,6,97
98,13,12,5,2,99
98,13,9,7,0,2,100
98,13,9,10,5,2,101
102,12,11,9,7,103
102,12,13,9,7,104
102,12,5,4,6,7,105
106,9,7,107
106,9,10,5,4,6,7,108
106,9,10,5,2,0,7,109
110,2,5,12,13,111
110,2,5,10,9,13,112
110,2,1,3,8,13,113
114,10,5,2,1,115
114,10,5,2,0,1,116
114,10,5,4,3,1,117
118,7,9,11,8,119
118,7,9,13,8,120
118,7,6,4,3,8,121
122,12,13,123
122,12,11,9,13,124
122,12,11,8,13,125
126,1,2,5,12,127
126,1,3,8,11,12,128
126,1,3,8,13,12,129
130,11,12,5,131
130,11,9,10,5,132
130,11,9,13,12,5,133
134,11,9,135
134,11,12,13,9,136
134,11,8,13,9,137
138,4,5,10,139
138,4,6,7,9,10,140
138,4,5,12,11,9,10,141
142,6,7,143
142,6,4,5,10,9,7,144
142,6,4,5,2,0,7,145
146,0,2,5,12,147
146,0,7,9,11,12,148
146,0,7,9,13,12,149
150,0,7,9,11,151
150,0,1,3,8,11,152
150,0,2,5,12,11,153
154,8,3,1,2,155
154,8,3,1,0,2,156
154,8,3,4,5,2,157
158,10,9,159
158,10,5,12,11,9,160
158,10,5,12,13,9,161
162,3,1,0,7,163
162,3,4,6,7,164
162,3,1,2,0,7,165
166,2,5,4,167
166,2,1,3,4,168
166,2,0,7,6,4,169
170,5,2,1,171
170,5,2,0,1,172
170,5,4,3,1,173
succeed
1.79,2.62,2.45,1.74,3.2,2.85,2.78,2.55,2.96,2.4,1.59,1.87,3.37,3.21,1.61,2.91,1.54,2.75,2.88,3.18,3.26,1.8,1.76,2.53,3.09,3.29,2.59,1.51,1.6,1.88,3.24,2.04,1.51,2.81,2.75,1.6,1.55,1.59,2.6,2.79