10
14,13,9,10,15
14,13,12,5,10,16
14,13,12,11,9,10,17
18,13,9,7,0,19
18,13,8,3,1,0,20
18,13,12,5,2,0,21
22,2,0,23
22,2,1,0,24
22,2,5,4,6,7,0,25
26,13,8,27
26,13,9,11,8,28
26,13,12,11,8,29
30,8,3,4,31
30,8,11,12,5,4,32
30,8,13,12,5,4,33
34,11,12,5,35
34,11,9,10,5,36
34,11,9,13,12,5,37
38,1,0,7,39
38,1,2,0,7,40
38,1,3,4,6,7,41
42,2,5,12,13,43
42,2,5,10,9,13,44
42,2,0,7,9,13,45
46,7,0,1,47
46,7,0,2,1,48
46,7,6,4,3,1,49
50,12,5,10,51
50,12,11,9,10,52
50,12,13,9,10,53
54,1,0,7,9,55
54,1,3,8,11,9,56
54,1,3,8,13,9,57
58,5,2,1,59
58,5,2,0,1,60
58,5,4,3,1,61
62,10,5,63
62,10,9,11,12,5,64
62,10,9,13,12,5,65
66,5,12,67
66,5,10,9,11,12,68
66,5,10,9,13,12,69
70,10,5,2,1,71
70,10,5,2,0,1,72
70,10,5,4,3,1,73
74,4,3,8,13,75
74,4,5,12,13,76
74,4,5,10,9,13,77
78,3,1,0,7,79
78,3,4,6,7,80
78,3,1,2,0,7,81
82,3,4,5,10,83
82,3,8,11,9,10,84
82,3,8,13,9,10,85
86,9,7,6,87
86,9,10,5,4,6,88
86,9,11,8,3,4,6,89
90,10,9,11,8,91
90,10,9,13,8,92
90,10,5,4,3,8,93
succeed
3.1,2.27,2.42,2.93,1.67,2.2,2.8,2.28,1.59,2.65,2.69,3.32,2.91,3.48,3.48,2.11,2.01,2.89,1.55,1.58