10
14,13,8,3,4,5,10,15
14,13,9,10,16
17,13,9,7,0,18
17,13,12,5,4,3,1,0,19
20,2,0,21
22,13,8,23
24,8,3,4,25
26,11,8,3,4,5,27
26,11,8,13,12,5,28
29,1,0,7,30
29,1,2,0,7,31
29,1,3,4,6,7,32
33,2,0,7,9,13,34
33,2,1,3,8,13,35
33,2,5,12,13,36
37,7,0,1,38
39,12,5,10,40
39,12,11,9,10,41
42,1,0,7,9,43
42,1,3,8,11,9,44
45,5,2,1,46
45,5,4,6,7,0,1,47
48,10,5,49
48,10,9,7,6,4,5,50
48,10,9,13,12,5,51
52,5,4,6,7,9,13,12,53
52,5,12,54
55,10,5,2,0,1,56
55,10,5,2,1,57
55,10,9,13,8,3,1,58
59,4,3,8,13,60
61,3,4,6,7,62
61,3,8,11,9,7,63
64,3,1,2,5,10,65
64,3,4,5,10,66
67,9,7,6,68
67,9,11,8,3,4,6,69
70,10,9,11,8,71
succeed
3.1,2.27,2.42,2.93,1.67,2.2,2.8,2.28,1.59,2.65,2.69,3.32,2.91,3.48,3.48,2.11,2.01,2.89,1.55,1.58