10
14,9,7,15
16,13,12,17
18,6,7,0,19
20,7,9,21
22,4,3,23
24,1,0,2,5,25
24,1,2,5,26
24,1,3,4,5,27
28,6,4,5,29
30,2,1,3,4,6,31
32,3,4,5,12,13,8,11,33
32,3,8,11,34
35,10,9,13,8,11,36
37,8,13,9,38
39,4,5,12,40
41,1,3,4,42
43,13,12,5,44
45,12,13,9,7,46
47,2,0,7,9,10,48
47,2,5,10,49
50,3,8,11,12,5,10,51
50,3,8,13,12,5,10,52
53,9,13,8,3,1,0,54
55,2,0,7,9,13,56
57,5,2,0,58
59,5,10,60
61,10,5,2,62
63,1,0,7,9,64
65,0,2,5,66
67,6,4,3,1,0,2,68
69,2,0,7,70
71,10,5,72
73,7,6,4,3,8,13,74
73,7,6,4,5,12,13,75
73,7,9,13,76
77,5,4,78
79,1,3,80
succeed
1.3,2.67,1.95,1.11,2.15,1.97,1.21,1.92,1.91,2.3,2.9,2.4,1.03,1.46,1.1,2.9,1.83,1.52,1.59,1.07,1.28,2.65,1.66,2.76,1.69,1.32,2.66,2.58,2.32,1.76