10
14,6,4,3,8,15
14,6,7,9,11,8,16
17,12,13,9,18
19,9,7,0,20
19,9,10,5,2,0,21
19,9,10,5,4,3,1,0,22
19,9,10,5,4,3,1,2,0,23
24,9,10,25
26,10,5,12,27
28,13,8,3,1,0,29
28,13,12,5,2,0,30
31,12,11,8,32
31,12,13,8,33
34,2,5,10,35
36,11,8,13,12,5,4,6,7,0,37
36,11,9,7,0,38
39,0,2,40
41,6,7,42
43,9,11,44
45,7,0,1,46
45,7,0,2,1,47
48,0,1,3,49
50,12,5,2,51
52,7,0,2,5,12,53
52,7,9,13,12,54
55,5,4,6,7,56
57,11,8,3,58
59,9,7,60
59,9,10,5,4,6,7,61
62,6,4,3,8,11,12,63
62,6,4,5,10,9,11,12,64
65,7,9,11,8,13,66
65,7,9,13,67
68,12,5,4,6,7,69
68,12,11,9,7,70
68,12,13,9,7,71
72,8,13,12,5,2,73
74,13,9,75
76,0,2,5,10,9,13,77
78,2,0,1,3,79
80,11,12,81
82,13,8,3,1,0,7,83
84,4,5,12,85
86,1,0,2,5,12,13,8,87
86,1,3,8,88
succeed
4.42,4.33,4.5,3.97,3.58,4,4.22,4.32,3.07,2.86,2.83,3.38,3.71,3.65,3.55,4.31,2.9,2.79,4.33,4.43,3.86,3.78,4.05,4.14,3.4,3.39,4.02,3.52,4.16,3.86