10
14,2,1,3,8,15
16,11,9,7,17
18,6,4,3,1,0,7,9,19
18,6,4,3,8,11,9,20
18,6,7,9,21
22,12,13,9,7,0,2,5,23
22,12,13,9,10,5,24
25,7,0,1,26
27,12,13,8,3,4,6,28
29,11,8,13,9,30
31,8,3,1,2,5,10,32
31,8,11,9,10,33
34,2,5,10,9,13,35
34,2,5,12,13,36
37,12,5,2,38
39,13,9,7,0,1,2,40
39,13,9,7,0,2,41
39,13,12,5,2,42
43,13,12,5,4,44
45,8,3,1,0,2,46
45,8,3,1,2,47
48,12,13,49
50,4,3,1,51
52,0,1,3,8,53
54,7,0,2,55
56,10,5,57
58,8,3,4,6,59
58,8,11,9,7,6,60
61,0,7,9,13,62
63,9,13,8,11,64
65,9,7,6,4,5,66
67,5,4,3,68
69,0,1,3,4,5,70
69,0,2,5,71
72,0,1,2,5,10,9,73
72,0,7,6,4,5,10,9,74
72,0,7,9,75
76,11,8,13,9,10,77
76,11,9,10,78
79,10,9,80
81,12,5,10,82
83,11,9,10,5,84
85,2,0,7,9,86
succeed
3.62,3.17,4.3,4.98,3.62,3.94,4.37,3.6,3.36,3.69,4.97,4,4.14,3.44,3.16,3.68,4.58,4.99,3.77,4.47,3.1,4.56,4.64,4.3,4.61,3.99,3.4,3.95,4.8,3.31