10
14,3,1,15
16,3,1,0,2,5,10,17
18,12,5,2,0,1,3,19
20,11,12,5,21
22,11,8,23
24,7,0,2,5,25
24,7,9,10,5,26
27,4,3,1,0,28
27,4,6,7,0,29
30,10,5,2,0,1,3,4,31
30,10,5,2,0,7,6,4,32
30,10,5,4,33
34,6,4,5,12,11,8,35
34,6,4,5,12,13,8,36
37,10,5,2,0,7,38
37,10,9,7,39
40,1,0,2,5,12,13,8,41
42,9,7,0,1,43
42,9,10,5,2,1,44
42,9,13,12,5,2,1,45
46,3,8,13,9,47
48,7,9,11,8,49
50,7,0,51
52,13,8,3,4,6,53
54,13,9,10,55
54,13,12,5,10,56
57,11,9,58
59,7,9,13,60
61,5,12,62
63,4,5,10,9,64
65,8,3,4,66
67,0,1,3,8,68
67,0,2,5,12,13,8,69
70,4,3,8,11,71
72,11,12,5,4,6,73
72,11,12,13,8,3,4,6,74
75,0,7,9,11,76
77,4,5,78
79,10,9,13,12,80
81,10,5,2,1,82
83,4,5,10,9,13,84
83,4,6,7,9,13,85
succeed
3.1,2.44,2.34,3.15,3.4,3,3.13,3.03,2.09,2.75,1.96,3.5,2.23,2.51,1.54,1.96,1.88,2.39,1.65,1.67,2.64,2.41,2.7,3.13,2.77,1.52,1.75,2.33,1.75,2.04