10
14,9,7,15
14,9,10,5,2,0,7,16
14,9,10,5,4,6,7,17
18,13,12,19
18,13,8,11,12,20
18,13,9,11,12,21
22,6,7,0,23
22,6,4,3,1,0,24
22,6,4,5,2,0,25
26,7,9,27
26,7,0,2,5,10,9,28
26,7,6,4,5,10,9,29
30,4,3,31
30,4,5,2,1,3,32
30,4,5,2,0,1,3,33
34,1,2,5,35
34,1,0,2,5,36
34,1,3,4,5,37
38,6,4,5,39
38,6,7,0,2,5,40
38,6,7,9,10,5,41
42,2,0,7,6,43
42,2,5,4,6,44
42,2,1,0,7,6,45
46,3,8,11,47
46,3,8,13,12,11,48
46,3,4,5,12,11,49
50,10,9,11,51
50,10,5,12,11,52
50,10,9,13,8,11,53
54,8,13,9,55
54,8,11,9,56
54,8,13,12,11,9,57
58,4,5,12,59
58,4,3,8,13,12,60
58,4,3,8,11,12,61
62,1,3,4,63
62,1,2,5,4,64
62,1,0,7,6,4,65
66,13,12,5,67
66,13,9,10,5,68
66,13,9,11,12,5,69
70,12,13,9,7,71
70,12,11,9,7,72
70,12,5,2,0,7,73
74,2,5,10,75
74,2,0,7,9,10,76
74,2,5,12,13,9,10,77
78,3,4,5,10,79
78,3,1,2,5,10,80
78,3,8,13,9,10,81
82,9,7,0,83
82,9,10,5,2,0,84
82,9,10,5,2,1,0,85
86,2,5,12,13,87
86,2,5,10,9,13,88
86,2,0,7,9,13,89
90,5,2,0,91
90,5,2,1,0,92
90,5,4,3,1,0,93
94,5,10,95
94,5,12,13,9,10,96
94,5,12,11,9,10,97
98,10,5,2,99
98,10,9,7,0,2,100
98,10,5,4,3,1,2,101
102,1,0,7,9,103
102,1,2,5,10,9,104
102,1,2,0,7,9,105
106,0,2,5,107
106,0,1,2,5,108
106,0,1,3,4,5,109
110,6,4,5,2,111
110,6,7,0,2,112
110,6,4,3,1,2,113
114,2,0,7,115
114,2,1,0,7,116
114,2,5,4,6,7,117
118,10,5,119
118,10,9,13,12,5,120
118,10,9,11,12,5,121
122,7,9,13,123
122,7,9,11,8,13,124
122,7,9,11,12,13,125
126,5,4,127
126,5,2,1,3,4,128
126,5,2,0,7,6,4,129
130,1,3,131
130,1,2,5,4,3,132
130,1,0,7,6,4,3,133
succeed
1.3,2.67,1.95,1.11,2.15,1.97,1.21,1.92,1.91,2.3,2.9,2.4,1.03,1.46,1.1,2.9,1.83,1.52,1.59,1.07,1.28,2.65,1.66,2.76,1.69,1.32,2.66,2.58,2.32,1.76