10
14,4,5,2,15
16,6,4,3,8,17
18,11,8,3,1,19
20,11,8,3,4,21
22,9,11,23
24,9,13,25
26,6,4,27
28,3,1,29
30,0,1,3,8,31
32,3,8,11,9,33
34,1,3,8,11,35
36,6,7,9,37
38,7,6,4,39
40,3,1,2,41
42,7,9,43
44,7,9,11,12,45
46,9,10,47
48,4,3,8,11,49
50,11,12,51
52,7,0,1,53
54,5,4,6,55
56,13,12,5,2,57
58,12,11,9,7,59
60,9,7,61
62,2,5,12,13,63
64,10,5,2,1,65
66,7,9,11,8,67
68,12,13,69
70,1,2,5,12,71
72,11,12,5,73
74,11,9,75
76,4,5,10,77
78,6,7,79
80,0,2,5,12,81
82,0,7,9,11,83
84,8,3,1,2,85
86,10,9,87
88,3,1,0,7,89
90,2,5,4,91
92,5,2,1,93
succeed
1.79,2.62,2.45,1.74,3.2,2.85,2.78,2.55,2.96,2.4,1.59,1.87,3.37,3.21,1.61,2.91,1.54,2.75,2.88,3.18,3.26,1.8,1.76,2.53,3.09,3.29,2.59,1.51,1.6,1.88,3.24,2.04,1.51,2.81,2.75,1.6,1.55,1.59,2.6,2.79