10
14,10,5,2,0,15
16,11,9,10,17
18,4,3,1,19
20,0,1,3,8,11,21
20,0,7,9,13,8,11,22
23,8,13,12,5,4,24
25,4,5,12,26
27,10,9,7,6,28
29,2,0,30
31,13,12,32
33,1,2,5,34
35,11,8,13,9,36
37,8,3,1,0,38
37,8,11,12,5,2,0,39
40,4,3,8,11,41
40,4,5,12,13,8,11,42
43,5,12,44
45,13,9,7,0,46
47,13,12,5,4,6,48
49,9,10,50
51,8,13,9,7,52
53,12,5,2,54
55,0,2,1,56
57,10,9,58
59,10,9,11,60
61,10,9,7,62
63,4,3,64
65,8,13,66
67,13,9,11,8,68
69,3,1,0,7,9,70
69,3,4,5,10,9,71
72,10,5,2,1,73
74,4,5,75
76,2,0,7,9,13,77
76,2,5,12,13,78
79,13,8,3,4,80
81,0,1,3,82
83,2,5,84
85,0,1,3,8,86
87,7,6,88
89,0,2,5,90
89,0,7,9,10,5,91
92,8,11,93
94,7,9,13,12,95
96,6,4,5,97
98,0,2,5,10,99
98,0,7,6,4,5,10,100
101,5,4,3,102
103,12,5,4,3,104
105,1,0,106
107,1,0,2,5,12,13,8,108
107,1,0,7,9,13,8,109
110,11,8,3,4,111
110,11,12,5,4,112
113,9,13,12,114
115,9,7,0,2,116
117,10,5,2,0,1,3,118
117,10,5,4,3,119
117,10,5,12,11,8,3,120
121,13,9,10,122
121,13,12,5,10,123
124,5,2,125
126,13,9,127
128,10,5,129
130,0,2,131
132,1,3,8,11,133
134,2,0,7,6,135
134,2,1,0,7,6,136
137,11,8,3,4,6,7,138
137,11,8,13,9,7,139
137,11,9,7,140
141,2,0,1,3,142
143,4,6,7,144
145,12,11,8,146
145,12,13,8,147
148,10,9,13,149
succeed
3.03,2.32,2.15,3.07,1.51,2.26,1.91,1.92,1.99,1.64,1.57,2.77,2.31,2.75,1.88,3.42,2.1,2.73,2.3,1.91,3.03,2.1,1.59,1.92,2.93,1.75,3.12,2.31,3.48,2.96,3.03,1.74,2.45,2.01,2.66,2.64,2.21,1.91,1.57,3.39,3.33,2.89,2.47,2.92,3.04,2.07,2.23,2.7,1.55,2.08,2.52,2.24,1.74,2.93,2.19,3.15,3.3,2.99,2.81,1.8