10
14,4,5,2,15
14,4,6,7,0,2,16
17,6,4,3,8,18
19,11,12,5,2,1,20
21,11,12,5,4,22
21,11,12,13,8,3,4,23
24,9,11,25
26,9,13,27
28,6,4,29
30,3,1,31
32,0,1,3,8,33
34,3,4,5,10,9,35
36,1,2,5,10,9,11,37
38,6,7,9,39
40,7,6,4,41
42,3,1,0,2,43
44,7,0,2,5,12,13,9,45
46,7,0,1,3,8,11,12,47
46,7,0,1,3,8,13,12,48
46,7,9,13,12,49
50,9,10,51
52,4,3,8,11,53
52,4,5,10,9,11,54
55,11,8,13,12,56
57,7,0,1,58
57,7,0,2,1,59
60,5,4,6,61
62,13,9,7,0,2,63
62,13,12,5,2,64
65,12,13,9,7,66
67,9,7,68
69,2,5,12,13,70
71,10,5,2,1,72
73,7,9,11,8,74
73,7,9,13,8,75
76,12,13,77
78,1,0,2,5,10,9,13,12,79
78,1,0,2,5,12,80
78,1,2,5,12,81
78,1,3,8,11,9,13,12,82
83,11,8,13,12,5,84
83,11,12,5,85
86,11,8,13,9,87
88,4,5,10,89
90,6,7,91
92,0,1,3,4,5,12,93
92,0,1,3,8,13,12,94
92,0,2,5,12,95
92,0,7,6,4,5,12,96
97,0,7,9,13,8,11,98
99,8,11,9,7,0,2,100
101,10,9,102
103,3,1,0,7,104
103,3,4,6,7,105
106,2,1,3,4,107
108,5,4,3,1,109
succeed
1.79,2.62,2.45,1.74,3.2,2.85,2.78,2.55,2.96,2.4,1.59,1.87,3.37,3.21,1.61,2.91,1.54,2.75,2.88,3.18,3.26,1.8,1.76,2.53,3.09,3.29,2.59,1.51,1.6,1.88,3.24,2.04,1.51,2.81,2.75,1.6,1.55,1.59,2.6,2.79