1000
104,33,79,82,69,42,73,105
104,33,79,82,103,83,68,73,106
104,33,79,82,69,42,68,73,107
104,33,79,82,69,83,68,73,108
109,23,76,83,103,90,70,49,87,110
109,23,76,83,103,90,70,26,56,87,111
109,23,76,83,103,90,60,26,56,87,112
109,23,76,83,103,90,70,49,9,56,87,113
114,42,69,83,76,23,109
114,42,68,83,76,23,115
114,42,69,102,83,76,23,116
114,42,68,64,1,76,23,117
118,49,70,90,59,119
118,49,70,90,60,59,120
118,49,70,26,60,59,121
118,49,70,90,40,60,59,122
123,40,90,103,83,76,1,124
123,40,90,103,83,68,64,1,125
123,40,60,90,103,83,76,1,126
123,40,90,60,45,103,83,76,1,127
128,6,80,83,76,24,129
128,6,80,83,68,64,1,76,24,130
128,6,80,83,69,42,68,64,1,76,24,131
128,6,80,83,69,42,31,68,64,1,76,24,132
133,9,56,26,60,45,82,79,92,134
133,9,49,70,90,103,82,79,92,135
133,9,49,70,90,60,45,82,79,92,136
133,9,49,70,26,60,45,82,79,92,137
138,39,75,82,45,60,59,97,85,139
138,39,75,22,45,60,59,97,85,140
138,39,75,22,82,45,60,59,97,85,141
138,39,75,21,45,60,59,97,85,142
143,61,60,59,97,144
143,61,60,90,59,97,145
143,61,60,40,90,59,97,146
143,61,60,44,90,59,97,147
148,63,29,30,41,48,60,26,56,87,110
148,63,29,30,79,82,45,60,26,56,87,111
148,63,29,30,41,48,60,90,70,49,87,112
148,63,29,30,41,17,48,60,26,56,87,113
149,69,83,103,90,40,123
149,69,102,83,103,90,40,150
149,69,99,83,103,90,40,151
149,69,83,103,90,60,40,152
153,95,59,97,144
154,62,76,83,103,82,79,33,104
154,62,76,83,69,82,79,33,155
154,62,76,83,103,45,82,79,33,156
154,62,76,83,102,69,82,79,33,157
158,79,82,45,60,59,97,144
158,79,82,100,45,60,59,97,145
158,79,82,17,48,60,59,97,146
158,79,82,45,60,90,59,97,147
143,61,60,26,57,159
143,61,60,90,70,57,160
143,61,60,90,70,26,57,161
143,61,60,26,70,57,162
124,1,76,83,103,90,59,84,163
124,1,76,83,103,90,60,59,84,164
124,1,76,83,103,45,60,59,84,165
124,1,64,68,83,103,90,60,59,84,166
119,59,90,103,83,76,24,129
119,59,60,90,103,83,76,24,130
119,59,60,45,103,83,76,24,131
119,59,60,45,82,103,83,76,24,132
167,76,83,68,65,35,168
167,76,83,68,42,65,35,169
167,76,83,69,42,65,35,170
167,76,1,64,68,65,35,171
172,82,103,83,76,38,173
172,82,69,83,76,38,174
172,82,45,103,83,76,38,175
172,82,69,102,83,76,38,176
177,29,30,41,48,60,26,56,0,178
177,29,30,79,82,45,60,26,56,0,179
177,29,30,41,48,60,90,70,49,0,180
177,29,30,41,17,48,60,26,56,0,181
182,83,103,90,70,49,89,183
182,83,103,90,70,26,56,89,184
182,83,103,90,60,26,56,89,185
182,83,103,90,70,49,9,56,89,186
187,68,83,103,82,79,30,29,94,188
187,68,83,69,82,79,30,29,94,189
187,68,42,69,82,79,30,29,94,190
187,68,83,103,82,17,41,30,29,94,191
192,26,60,90,103,83,76,37,193
192,26,70,90,103,83,76,37,194
192,26,60,45,103,83,76,37,195
192,26,77,70,90,103,83,76,37,196
197,81,59,90,103,83,76,25,198
197,81,59,60,90,103,83,76,25,199
197,81,59,60,45,103,83,76,25,200
197,81,59,60,45,82,103,83,76,25,201
202,17,41,203
202,17,48,41,204
202,17,82,79,30,41,205
202,17,43,48,41,206
154,62,76,83,103,82,79,12,207
154,62,76,83,69,82,79,12,208
154,62,76,83,103,45,82,79,12,209
154,62,76,83,102,69,82,79,12,210
207,12,79,82,103,90,13,211
207,12,79,82,45,60,90,13,212
207,12,79,82,45,103,90,13,213
207,12,79,82,100,45,60,90,13,214
215,55,79,82,45,60,59,16,216
215,55,79,82,100,45,60,59,16,217
215,55,79,82,17,48,60,59,16,218
215,55,79,82,45,60,90,59,16,219
220,102,83,76,20,221
220,102,69,83,76,20,222
220,102,69,99,83,76,20,223
220,102,83,68,64,1,76,20,224
225,44,90,226
225,44,60,90,227
225,44,60,59,90,228
225,44,60,40,90,229
215,55,79,82,45,60,26,56,0,178
215,55,79,82,45,60,90,70,49,0,179
215,55,79,82,103,90,70,49,0,180
215,55,79,82,45,60,26,70,49,0,181
230,50,49,70,90,103,83,68,31,5,231
230,50,49,70,90,103,83,68,42,31,5,232
230,50,49,70,90,103,83,69,42,31,5,233
230,50,49,70,90,103,83,68,65,42,31,5,234
235,74,68,83,103,90,59,97,144
235,74,68,83,103,90,60,59,97,145
235,74,68,83,103,45,60,59,97,146
235,74,42,69,83,103,90,60,59,97,147
133,9,56,26,60,48,41,30,29,177
133,9,56,26,60,45,82,79,30,29,236
133,9,56,26,60,48,17,41,30,29,237
133,9,49,70,90,103,82,79,30,29,238
239,101,64,68,83,80,240
239,101,64,1,76,83,80,241
239,101,64,68,42,69,83,80,242
239,101,64,68,42,69,102,83,80,243
244,30,79,82,103,83,182
244,30,79,82,69,83,245
244,30,41,17,82,103,83,246
244,30,79,82,45,103,83,247
211,13,90,59,97,144
211,13,90,60,59,97,145
211,13,90,40,60,59,97,146
211,13,90,44,60,59,97,147
105,73,42,69,82,75,248
105,73,68,83,103,82,75,249
105,73,68,83,69,82,75,250
105,73,68,42,69,82,75,251
123,40,90,103,83,68,65,252
123,40,90,103,83,68,42,65,253
123,40,90,103,83,69,42,65,254
123,40,60,90,103,83,68,65,255
148,63,29,30,79,82,103,83,68,64,101,239
148,63,29,30,79,82,69,42,68,64,101,256
148,63,29,30,79,82,69,83,68,64,101,257
148,63,29,30,79,82,103,83,76,1,64,101,258
259,14,76,83,103,90,70,260
259,14,76,83,103,90,60,26,70,261
259,14,76,83,103,45,60,90,70,262
259,14,76,1,64,68,83,103,90,70,263
207,12,79,82,45,60,59,95,153
207,12,79,82,100,45,60,59,95,264
207,12,79,82,17,48,60,59,95,265
207,12,79,82,45,60,90,59,95,266
267,78,59,90,13,211
267,78,59,60,90,13,212
267,78,59,60,40,90,13,213
267,78,59,60,44,90,13,214
268,103,82,17,98,269
268,103,45,82,17,98,270
268,103,90,60,48,98,271
268,103,90,60,48,19,98,272
104,33,79,82,69,42,31,273
104,33,79,82,103,83,68,31,274
104,33,79,82,69,42,68,31,275
104,33,79,82,69,83,68,31,276
277,19,48,60,59,16,216
277,19,48,60,90,59,16,217
277,19,98,48,60,59,16,218
277,19,98,17,48,60,59,16,219
278,45,82,69,42,114
278,45,103,83,68,42,279
278,45,103,83,69,42,280
278,45,82,103,83,68,42,281
215,55,79,82,103,83,76,23,109
215,55,79,82,69,83,76,23,115
215,55,79,82,45,103,83,76,23,116
215,55,79,82,69,102,83,76,23,117
220,102,69,42,114
220,102,83,68,42,279
220,102,83,69,42,280
220,102,69,83,68,42,281
282,72,59,90,103,83,68,73,105
282,72,59,60,90,103,83,68,73,106
282,72,59,60,45,103,83,68,73,107
282,72,59,90,103,83,68,42,73,108
283,7,79,82,75,39,138
283,7,79,82,22,75,39,284
283,7,79,22,75,39,285
283,7,79,82,21,75,39,286
287,100,45,60,90,226
287,100,82,103,90,227
287,100,82,45,60,90,228
287,100,45,103,90,229
188,94,29,30,41,48,60,59,84,163
188,94,29,30,79,82,45,60,59,84,164
188,94,29,30,41,17,48,60,59,84,165
188,94,29,30,41,17,82,45,60,59,84,166
197,81,59,60,26,192
197,81,59,60,90,70,26,288
197,81,59,90,70,26,289
197,81,59,90,60,26,290
291,8,76,20,221
292,60,90,103,83,68,31,5,231
292,60,90,103,83,68,42,31,5,232
292,60,90,103,83,69,42,31,5,233
292,60,45,103,83,68,31,5,234
149,69,83,68,64,54,293
149,69,42,68,64,54,294
149,69,83,76,1,64,54,295
149,69,42,31,68,64,54,296
211,13,90,60,26,56,297
211,13,90,70,26,56,298
211,13,90,70,49,9,56,299
211,13,90,70,49,88,56,300
226,90,103,83,68,73,105
226,90,103,83,68,42,73,106
226,90,103,83,69,42,73,107
226,90,103,83,69,42,68,73,108
143,61,60,90,103,83,68,74,235
143,61,60,45,103,83,68,74,301
143,61,60,90,103,83,68,42,74,302
143,61,60,90,103,83,69,42,74,303
304,64,68,83,103,90,70,49,87,110
304,64,1,76,83,103,90,70,49,87,111
304,64,68,83,103,90,70,26,56,87,112
304,64,68,83,103,90,60,26,56,87,113
282,72,59,90,13,211
282,72,59,60,90,13,212
282,72,59,60,40,90,13,213
282,72,59,60,44,90,13,214
154,62,76,83,103,90,59,16,216
154,62,76,83,103,90,60,59,16,217
154,62,76,83,103,45,60,59,16,218
154,62,76,83,103,90,40,60,59,16,219
109,23,76,83,103,82,17,41,203
109,23,76,83,69,82,17,41,204
109,23,76,83,103,82,79,30,41,205
109,23,76,83,103,45,82,17,41,206
305,51,75,82,45,60,59,119
305,51,75,22,45,60,59,120
305,51,75,22,82,45,60,59,121
305,51,75,21,45,60,59,122
133,9,56,26,60,48,19,277
133,9,49,70,90,60,48,19,306
133,9,49,70,26,60,48,19,307
133,9,56,26,60,48,98,19,308
292,60,45,82,93,309
292,60,45,100,82,93,310
292,60,48,17,82,93,311
292,60,45,96,82,93,312
114,42,69,83,76,14,259
114,42,68,83,76,14,313
114,42,69,102,83,76,14,314
114,42,68,64,1,76,14,315
316,66,65,42,69,82,79,33,104
316,66,65,68,83,103,82,79,33,155
316,66,65,68,83,69,82,79,33,156
316,66,65,68,42,69,82,79,33,157
154,62,76,83,103,90,59,119
154,62,76,83,103,90,60,59,120
154,62,76,83,103,45,60,59,121
154,62,76,83,103,90,40,60,59,122
104,33,79,82,103,83,76,37,193
104,33,79,82,69,83,76,37,194
104,33,79,82,45,103,83,76,37,195
104,33,79,82,69,102,83,76,37,196
207,12,79,82,103,83,68,64,54,293
207,12,79,82,69,42,68,64,54,294
207,12,79,82,69,83,68,64,54,295
207,12,79,82,103,83,76,1,64,54,296
317,86,45,103,83,68,64,101,239
317,86,82,103,83,68,64,101,256
317,86,82,69,42,68,64,101,257
317,86,22,82,103,83,68,64,101,258
240,80,83,103,90,70,49,88,318
240,80,83,103,90,70,26,56,88,319
240,80,83,103,90,60,26,56,88,320
240,80,83,103,90,70,49,9,56,88,321
277,19,48,60,90,103,83,68,64,101,239
277,19,48,60,90,103,83,76,1,64,101,256
277,19,48,60,45,103,83,68,64,101,257
277,19,48,17,82,103,83,68,64,101,258
192,26,60,45,82,93,309
192,26,60,45,100,82,93,310
192,26,60,48,17,82,93,311
192,26,70,90,103,82,93,312
172,82,79,30,244
172,82,17,41,30,322
172,82,22,79,30,323
172,82,21,79,30,324
167,76,83,68,65,252
167,76,83,68,42,65,253
167,76,83,69,42,65,254
167,76,1,64,68,65,255
105,73,68,83,103,90,44,225
105,73,42,69,83,103,90,44,325
105,73,42,68,83,103,90,44,326
105,73,68,83,103,90,60,44,327
244,30,79,82,69,42,65,252
244,30,79,82,103,83,68,65,253
244,30,79,82,69,42,68,65,254
244,30,79,82,69,83,68,65,255
192,26,60,61,143
192,26,70,90,60,61,328
192,26,77,70,90,60,61,329
192,26,70,90,59,60,61,330
178,0,56,88,318
178,0,49,88,319
178,0,56,9,49,88,320
178,0,49,9,56,88,321
225,44,60,45,86,317
225,44,90,60,45,86,331
225,44,60,45,82,86,332
225,44,90,60,45,82,86,333
138,39,75,82,45,60,26,57,159
138,39,75,22,45,60,26,57,160
138,39,75,22,82,45,60,26,57,161
138,39,75,21,45,60,26,57,162
149,69,83,103,90,60,61,143
149,69,82,45,60,61,328
149,69,83,103,45,60,61,329
149,69,102,83,103,90,60,61,330
334,4,65,42,69,82,79,30,244
334,4,65,68,83,103,82,79,30,322
334,4,65,42,69,82,17,41,30,323
334,4,65,68,83,69,82,79,30,324
335,52,59,60,48,17,202
335,52,59,60,45,82,17,336
335,52,59,60,48,43,17,337
335,52,59,60,48,41,17,338
192,26,56,50,230
192,26,70,49,50,339
192,26,77,70,49,50,340
192,26,56,9,49,50,341
148,63,29,30,79,82,103,83,76,38,173
148,63,29,30,79,82,69,83,76,38,174
148,63,29,30,41,17,82,103,83,76,38,175
148,63,29,30,79,82,45,103,83,76,38,176
193,37,76,83,103,82,22,342
193,37,76,83,69,82,22,343
193,37,76,83,103,82,100,22,344
193,37,76,83,103,45,22,345
317,86,45,60,59,97,85,139
317,86,82,45,60,59,97,85,140
317,86,22,45,60,59,97,85,141
317,86,22,82,45,60,59,97,85,142
292,60,90,103,83,68,64,101,239
292,60,90,103,83,76,1,64,101,256
292,60,45,103,83,68,64,101,257
292,60,90,103,83,69,42,68,64,101,258
282,72,59,60,44,225
282,72,59,60,90,44,325
282,72,59,90,44,326
282,72,59,60,40,90,44,327
346,28,59,90,103,83,80,6,128
346,28,59,60,90,103,83,80,6,347
346,28,59,60,45,103,83,80,6,348
346,28,59,60,45,82,103,83,80,6,349
318,88,49,70,90,103,83,76,18,350
318,88,56,26,60,90,103,83,76,18,351
318,88,56,26,70,90,103,83,76,18,352
318,88,56,9,49,70,90,103,83,76,18,353
354,11,59,90,103,83,68,65,4,334
354,11,59,60,90,103,83,68,65,4,355
354,11,59,90,103,83,68,42,65,4,356
354,11,59,90,103,83,69,42,65,4,357
221,20,76,83,103,90,59,97,144
221,20,76,83,103,90,60,59,97,145
221,20,76,83,103,45,60,59,97,146
221,20,76,83,103,90,40,60,59,97,147
273,31,68,83,103,90,59,34,358
273,31,68,83,103,90,60,59,34,359
273,31,68,83,103,45,60,59,34,360
273,31,42,69,83,103,90,60,59,34,361
362,96,45,278
362,96,82,45,363
362,96,22,45,364
362,96,22,82,45,365
273,31,68,83,103,90,59,10,366
273,31,68,83,103,90,60,59,10,367
273,31,68,83,103,45,60,59,10,368
273,31,42,69,83,103,90,60,59,10,369
succeed
6,1,3,12,9,10,15,2,18,6,7,11,7,18,17,10,1,6,9,7,11,3,15,16,4,7,20,16,17,16,6,17,15,7,2,3,7,19,17,9,9,13,5,6,13,14,18,18,10,4,9,18,14,17,17,20,19,17,6,20,6,15,20,16,20,9,5,2,15,18,14,14,20,11,19,8,1,8,6,16,11,16,15,14,13,12,15,17,2,15,11,2,16,18,17,20,4,13,1,6
