1000
87,50,54,88
87,50,57,54,89
87,50,55,54,90
91,34,18,17,30,92
91,34,18,19,17,30,93
91,34,18,19,4,3,11,30,94
95,1,15,10,0,81,21,70,96
95,1,15,10,13,86,81,36,70,97
95,1,15,10,13,0,81,36,70,98
99,37,40,50,54,56,9,85,100
99,37,40,53,69,54,56,9,85,101
99,37,40,50,57,4,56,9,85,102
103,25,78,83,81,38,104
103,25,7,86,81,38,105
103,25,78,85,81,38,106
107,27,8,44,108
107,27,30,8,44,109
107,27,11,8,44,110
111,71,65,63,11,27,51,112
111,71,65,63,11,30,76,51,113
111,71,65,63,8,30,27,51,114
115,29,28,34,18,17,68,55,69,116
115,29,32,34,18,37,40,53,69,117
115,29,32,34,18,19,4,57,69,118
119,22,2,0,10,15,120
119,22,2,86,13,10,15,121
119,22,81,0,13,10,15,122
123,61,8,27,15,120
123,61,8,11,27,15,121
123,61,76,30,27,15,122
91,34,18,17,30,76,124
91,34,32,1,23,15,27,30,76,125
91,34,18,19,4,3,63,8,61,76,126
127,48,37,40,50,55,73,128
127,48,37,18,17,68,73,129
127,48,37,40,53,69,55,73,130
131,13,0,51,27,11,3,4,55,68,132
131,13,86,51,76,30,17,68,133
131,13,0,51,27,30,17,68,134
135,46,26,83,136
135,46,25,78,83,137
135,46,0,51,83,138
139,43,13,10,15,66,28,34,91
139,43,25,10,15,66,28,34,140
139,43,0,10,15,1,32,34,141
142,49,37,18,17,30,27,51,62,143
142,49,37,18,17,30,76,51,62,144
142,49,37,18,19,4,3,11,27,51,62,145
146,16,72,70,36,45,9,75,147
146,16,72,70,21,47,9,75,148
146,16,72,70,36,42,9,75,149
108,44,8,27,15,23,150
108,44,8,30,27,15,23,151
108,44,8,11,27,15,23,152
153,18,17,30,76,51,83,2,22,119
153,18,19,4,56,9,47,39,81,22,154
153,18,17,30,27,51,0,2,22,155
107,27,30,76,9,45,60,156
107,27,8,61,9,42,60,157
107,27,11,8,75,9,45,60,158
159,5,81,39,47,160
159,5,81,38,47,161
159,5,81,21,47,162
107,27,15,1,67,163
107,27,15,66,31,67,164
107,27,15,23,1,67,165
166,33,52,62,51,76,30,17,18,153
166,33,52,62,51,27,30,17,18,167
166,33,35,52,62,51,27,11,3,4,19,18,168
169,40,50,55,4,3,11,27,51,0,2,170
169,40,50,54,56,9,45,36,81,22,2,171
169,40,50,57,4,8,61,76,51,86,2,172
146,16,72,70,21,47,9,61,8,173
146,16,72,70,36,45,9,75,8,174
146,16,72,70,21,42,9,61,8,175
176,77,78,85,9,75,8,44,108
176,77,46,0,51,27,8,44,109
176,77,78,85,9,74,75,8,44,110
99,37,18,19,4,8,44,108
99,37,40,50,57,4,8,44,109
99,37,40,50,55,4,8,44,110
163,67,1,15,10,0,81,36,42,59,79,177
163,67,31,66,15,27,30,76,9,47,59,79,178
163,67,1,15,10,0,81,21,47,59,79,179
147,75,8,173
147,75,76,30,11,8,174
147,75,74,61,8,175
128,73,4,3,11,27,51,112
128,73,4,8,75,76,51,113
128,73,4,8,61,76,51,114
succeed
23,30,31,39,36,25,21,32,32,30,25,25,29,37,24,28,26,38,27,29,36,36,36,21,27,27,38,38,23,27