1000
87,7,86,51,27,30,17,18,37,88
87,7,86,51,76,30,17,18,37,89
87,7,86,51,27,30,17,19,18,37,90
91,60,42,92
91,60,45,36,42,93
91,60,45,36,81,21,42,94
92,42,9,76,30,17,18,37,49,95
92,42,9,56,54,50,40,37,49,96
92,42,9,76,30,17,19,18,37,49,97
98,73,68,17,30,76,51,99
98,73,68,17,30,27,51,100
98,73,4,56,9,76,51,101
102,74,76,51,86,26,103
102,74,76,51,0,26,104
102,74,76,51,83,26,105
106,30,8,107
106,30,11,8,108
106,30,27,8,109
110,40,37,18,17,30,27,15,20,111
110,40,37,18,19,17,30,27,15,20,112
110,40,37,18,17,30,76,51,27,15,20,113
114,59,47,21,81,85,78,77,46,115
114,59,47,21,81,85,78,25,46,116
114,59,47,21,81,86,13,46,117
95,49,37,18,17,68,118
95,49,37,18,19,17,68,119
95,49,37,40,50,55,68,120
115,46,25,10,15,24,121
115,46,13,10,15,24,122
115,46,25,43,13,10,15,24,123
107,8,27,51,6,14,124
107,8,30,76,51,6,14,125
107,8,30,27,51,6,14,126
127,82,52,62,51,76,9,56,128
127,82,84,14,6,51,76,9,56,129
127,82,84,12,6,51,76,9,56,130
131,9,42,36,70,132
131,9,42,21,70,133
131,9,85,81,21,70,134
135,47,9,56,4,136
135,47,58,42,9,56,4,137
135,47,21,81,85,9,56,4,138
139,23,15,27,51,76,9,56,4,136
139,23,15,27,30,76,9,56,4,137
139,23,15,27,8,4,138
127,82,52,62,51,27,30,17,18,37,48,140
127,82,52,62,51,76,30,17,18,37,48,141
127,82,84,14,6,51,76,30,17,18,37,48,142
143,29,32,1,15,27,8,107
143,29,32,1,15,27,30,8,108
143,29,32,1,23,15,27,8,109
103,26,83,144
103,26,0,81,83,145
103,26,0,2,83,146
136,4,56,9,85,78,25,147
136,4,56,9,85,78,77,46,25,148
136,4,56,9,76,51,86,7,25,149
150,28,29,32,1,15,27,51,86,81,39,151
150,28,29,32,1,15,27,51,83,81,39,152
150,28,29,32,1,15,27,51,86,81,21,47,39,153
147,25,78,85,81,21,70,132
147,25,78,85,81,36,70,133
147,25,7,86,81,21,70,134
154,65,63,11,27,15,1,32,29,28,150
154,65,63,11,8,27,15,1,32,29,28,155
154,65,63,8,27,15,1,32,29,28,156
124,14,6,51,83,144
124,14,5,81,83,145
124,14,6,5,81,83,146
143,29,28,34,18,37,48,140
143,29,32,34,18,37,48,141
143,29,32,1,15,27,30,17,18,37,48,142
110,40,50,57,157
110,40,50,54,57,158
110,40,53,69,57,159
98,73,68,17,30,76,51,62,160
98,73,68,17,30,27,51,62,161
98,73,4,56,9,76,51,62,162
163,12,6,51,27,15,1,32,34,164
163,12,6,51,27,15,23,1,32,34,165
163,12,6,51,27,15,1,32,29,28,34,166
92,42,59,79,167
92,42,58,47,59,79,168
92,42,21,47,59,79,169
147,25,10,15,23,139
147,25,10,15,1,23,170
147,25,46,13,10,15,23,171
172,16,72,70,21,81,0,173
172,16,72,70,36,81,0,174
172,16,72,70,21,81,86,7,0,175
succeed
40,35,26,34,34,26,33,23,32,38,33,25,32,39,31,21,23,33,33,29,23,25,37,31,25,24,33,26,34,33