20
79,21,13,35,50,72,80
79,21,15,13,35,50,72,81
79,21,22,23,65,18,72,82
83,44,2,77,78,0,18,65,17,10,84
83,44,5,20,77,78,0,18,65,17,10,85
83,44,2,77,22,23,65,17,10,86
87,41,55,53,88
87,41,53,89
87,41,43,23,53,90
91,69,63,29,67,48,71,92
91,69,53,29,67,48,71,93
91,69,53,29,67,48,16,10,71,94
95,31,60,72,50,35,26,24,36,34,96
95,31,60,16,48,35,26,24,36,34,97
95,31,71,10,17,65,35,26,24,36,34,98
99,48,67,29,53,55,41,39,2,5,47,12,100
99,48,35,13,15,21,22,77,33,58,25,30,46,12,101
99,48,35,13,15,21,78,77,2,5,47,12,102
103,70,53,23,104
103,70,63,65,23,105
103,70,63,29,53,23,106
107,59,39,4,26,35,108
107,59,37,39,4,26,35,109
107,59,39,41,23,65,35,110
111,23,53,75,112
111,23,41,53,70,75,113
111,23,41,53,75,114
115,66,25,2,39,41,23,64,116
115,66,30,5,2,39,41,23,64,117
115,66,25,58,33,77,22,23,64,118
succeed
1.98,3.58,2.76,3.46,3.4,1.94,2.38,2.58,3.56,2.36