20
79,59,39,2,5,24,36,80
79,59,39,2,25,66,30,45,44,36,81
82,26,24,5,44,2,25,58,33,32,7,83
82,26,24,36,34,44,2,25,58,33,32,7,84
82,26,35,13,15,21,22,77,32,7,85
86,8,78,0,18,65,23,87
88,11,10,17,56,50,72,73,0,78,8,77,2,5,47,89
88,11,54,48,67,65,18,0,78,8,77,2,5,47,90
88,11,54,48,67,65,23,22,77,2,5,47,91
92,74,25,30,5,20,93
92,74,25,58,33,77,20,94
95,21,22,23,65,67,29,63,61,68,96
95,21,22,23,65,67,61,68,97
98,72,50,35,13,15,21,78,6,77,2,44,38,99
100,32,33,77,6,101
102,32,77,22,21,13,35,65,63,55,103
102,32,77,22,21,78,0,18,65,63,55,104
102,32,77,8,78,0,18,65,63,55,105
106,35,26,4,39,41,23,53,107
108,7,32,33,58,25,30,5,44,34,109
110,42,60,16,10,11,54,50,72,18,65,23,41,111
110,42,60,16,48,67,29,53,55,41,112
113,76,12,47,5,2,44,45,30,66,25,58,33,77,22,21,13,114
113,76,12,47,5,24,26,35,13,115
116,25,30,5,20,77,19,78,0,18,16,117
118,24,26,4,39,41,23,65,67,48,72,50,119
118,24,26,35,65,67,48,72,50,120
121,26,35,50,72,73,122
123,34,44,5,47,124
125,65,35,13,15,21,22,126
127,4,37,39,41,23,65,17,10,71,128
129,55,41,39,2,44,130
129,55,41,39,2,45,44,131
132,3,78,21,13,35,26,133
134,68,61,63,29,67,65,18,0,78,21,15,13,35,26,24,5,30,49,135
134,68,61,63,29,67,65,18,0,78,77,33,58,25,66,30,49,136
134,68,61,63,29,67,65,18,0,78,77,33,58,57,25,66,30,49,137
138,20,77,78,21,139
140,71,10,17,65,18,141
142,34,44,2,77,9,143
142,34,44,5,2,77,9,144
145,17,10,71,48,67,29,53,55,146
145,17,65,18,16,48,67,29,53,55,147
148,49,30,66,25,2,77,9,149
150,33,32,57,58,25,2,39,41,62,151
150,33,32,77,2,39,41,62,152
150,33,32,77,22,23,41,62,153
154,23,41,39,4,26,24,5,20,77,3,78,14,155
154,23,41,39,4,26,24,5,44,2,25,57,32,77,3,78,14,156
157,27,61,64,158
succeed
4.12,3.64,3.8,4.44,4.18,4.04,4.1,3.46,4.5,4,4.44,4.56,3.94,3.42,4.86,3.76,3.74,4.04,4.6,4.82,4.52,4.9,4.92,3.7,4.74,4.96,4.76,3.3,3.18,4.26