20
79,21,13,35,50,72,80
79,21,22,77,2,44,5,24,26,35,50,72,81
79,21,78,0,1,48,72,82
79,21,78,6,77,2,44,5,24,26,35,50,72,83
84,44,2,39,41,43,23,65,17,10,85
84,44,2,39,41,43,23,65,67,72,50,54,11,10,86
84,44,45,30,66,25,58,33,32,77,14,78,0,18,16,48,35,50,54,11,10,87
84,44,45,30,66,25,58,33,32,77,14,78,0,18,16,48,71,10,88
84,44,45,30,66,25,58,33,32,77,14,78,0,18,65,67,72,50,54,11,10,89
90,41,53,91
90,41,55,53,92
93,69,53,29,63,61,67,48,71,94
93,69,53,29,67,48,71,95
93,69,53,70,63,61,67,48,71,96
93,69,53,70,63,61,67,65,17,10,71,97
93,69,63,61,67,65,17,10,71,98
93,69,63,72,60,31,71,99
100,31,60,16,48,1,0,78,6,77,20,5,44,34,101
100,31,60,72,73,65,23,22,77,20,5,44,34,102
100,31,60,72,73,65,23,22,77,32,33,58,25,2,44,34,103
100,31,60,72,73,65,35,26,24,36,34,104
100,31,71,10,17,65,35,26,24,36,34,105
106,48,1,0,78,3,77,33,32,57,25,30,46,12,107
106,48,1,0,78,6,77,33,32,57,25,30,46,12,108
106,48,1,0,78,6,77,33,58,25,30,46,12,109
106,48,1,0,78,21,22,77,33,58,25,30,46,12,110
106,48,72,73,0,78,21,22,77,33,58,25,30,46,12,111
112,70,53,23,113
112,70,63,29,53,41,23,114
115,59,37,39,2,77,3,78,21,15,13,35,116
115,59,39,2,77,3,78,21,15,13,35,117
115,59,39,4,26,35,118
119,23,41,53,70,75,120
119,23,53,75,121
122,66,25,2,77,22,23,64,123
122,66,30,5,20,77,22,23,64,124
122,66,30,5,20,77,78,0,18,72,67,61,64,125
succeed
1.98,3.58,2.76,3.46,3.4,1.94,2.38,2.58,3.56,2.36