20
79,57,32,77,78,21,22,23,80
81,57,25,30,82
83,11,54,48,67,29,53,55,41,23,22,77,2,44,38,40,84
83,11,54,48,67,29,53,55,41,39,40,85
86,32,77,3,78,0,18,65,35,87
86,32,77,3,78,21,22,23,65,35,88
89,27,61,63,29,90
91,36,24,26,35,13,15,21,92
91,36,24,26,35,50,72,18,65,23,22,21,93
94,32,57,25,2,44,5,20,77,22,21,78,0,18,1,48,16,95
94,32,57,58,33,77,22,21,78,0,18,1,48,16,96
94,32,57,58,33,77,22,23,65,67,48,16,97
94,32,77,22,23,65,67,48,16,98
99,59,39,40,38,44,2,77,3,100
101,57,25,2,5,47,102
103,77,20,2,104
103,77,32,57,25,30,45,2,105
106,0,78,6,77,20,5,44,2,25,107
108,27,61,63,55,41,39,2,5,44,109
108,27,61,63,55,41,39,2,44,110
108,27,61,63,65,35,13,15,21,78,3,77,2,44,111
108,27,61,63,65,35,13,15,21,78,3,77,20,2,44,112
108,27,61,63,65,35,26,24,36,44,113
114,72,50,35,13,15,21,78,6,77,33,58,25,66,115
116,55,63,29,67,61,117
116,55,63,61,118
119,45,2,39,41,55,53,29,67,61,120
119,45,30,49,5,24,26,35,48,67,61,121
119,45,30,66,25,58,33,77,19,78,0,18,65,67,61,122
123,69,53,41,43,23,22,77,2,5,47,124
123,69,53,55,63,65,18,0,78,6,77,2,5,47,125
123,69,53,55,63,65,18,0,78,77,2,5,47,126
123,69,53,55,63,65,18,0,78,77,33,58,25,66,30,47,127
128,13,21,22,23,65,73,0,18,1,50,35,26,24,5,129
128,13,21,22,77,20,5,130
128,13,35,26,24,5,131
132,53,29,67,48,54,50,72,73,17,10,16,133
134,20,77,3,78,21,15,13,35,42,135
134,20,77,14,78,21,15,13,35,42,136
137,75,53,23,22,77,33,58,25,66,30,46,138
137,75,53,23,65,18,0,78,77,33,58,25,66,30,46,139
140,30,5,2,39,41,141
142,54,11,10,17,65,18,16,48,67,29,63,61,68,143
142,54,11,10,17,65,23,64,61,68,144
145,48,35,65,23,146
145,48,72,18,65,23,147
148,75,53,29,63,61,64,23,65,68,149
148,75,53,29,63,61,68,150
148,75,53,55,41,23,65,68,151
148,75,53,69,63,61,68,152
153,71,10,16,48,72,50,52,154
155,42,35,26,24,5,44,38,156
157,31,60,42,158
159,41,39,59,160
161,69,63,29,53,41,162
161,69,63,55,53,41,163
164,52,50,72,48,71,10,165
succeed
1.66,1.54,2.64,1.6,1.46,2.08,3.38,1.5,1.76,2.34,1.82,2.96,2.08,1.94,3.2,2.66,2.4,1.92,2.52,2.18,3.04,3.3,2.06,2,1.82,1.66,2.68,1.56,3.24,2.12