20
79,62,41,53,80
81,11,54,48,67,65,23,43,82
83,53,55,41,39,37,84
85,41,55,63,65,18,1,48,72,50,86
87,17,65,18,16,48,67,29,53,70,88
87,17,65,63,29,53,70,89
87,17,65,63,70,90
87,17,65,67,29,53,70,91
92,42,60,16,48,67,28,93
94,62,41,43,23,53,29,67,48,71,95
94,62,41,43,23,65,17,10,16,48,71,96
97,45,2,39,41,53,29,98
97,45,44,5,20,77,22,23,41,53,29,99
100,31,60,72,67,29,53,75,101
102,25,2,77,14,78,0,18,72,67,73,103
104,77,3,78,21,15,13,35,48,72,50,52,11,54,105
104,77,78,21,15,13,35,48,72,50,52,11,54,106
107,71,10,17,73,108
109,20,2,25,58,33,32,7,110
109,20,77,2,25,58,33,32,7,111
112,39,2,5,47,12,76,113
114,71,48,67,29,53,55,41,39,2,44,115
116,27,61,68,65,17,10,71,48,117
118,41,23,65,35,119
120,7,32,33,58,25,2,44,36,24,121
122,33,32,77,2,25,66,30,49,123
124,26,4,39,2,77,6,125
124,26,24,36,34,44,2,77,6,126
127,32,57,58,25,2,5,47,128
129,23,22,77,33,58,25,66,30,45,44,2,5,24,130
129,23,41,39,4,26,24,131
132,45,30,66,25,58,33,77,22,23,41,55,133
132,45,30,66,25,58,33,77,78,0,18,65,67,29,53,55,134
135,49,30,45,2,136
137,50,56,17,65,67,138
137,50,72,73,67,139
140,70,53,55,41,62,141
142,38,44,2,77,3,78,21,15,13,35,143
144,20,2,39,41,43,145
146,38,44,2,147
148,48,1,0,78,77,32,33,58,149
150,39,41,53,75,151
152,44,5,2,20,77,22,23,65,18,0,153
152,44,5,2,39,41,23,65,18,0,154
152,44,38,40,39,41,23,65,18,0,155
156,69,63,29,67,65,18,0,78,157
158,63,29,67,48,16,60,42,159
160,34,44,5,24,26,35,48,1,161
162,18,16,48,67,29,63,55,53,163
164,6,77,2,39,41,62,165
164,6,77,22,23,53,55,41,62,166
167,74,25,58,33,77,2,39,4,26,35,65,67,48,71,10,168
167,74,25,58,33,77,8,78,0,18,16,10,169
167,74,25,58,33,77,8,78,0,18,16,48,71,10,170
167,74,25,58,33,77,8,78,0,18,65,67,48,71,10,171
172,54,11,52,50,72,63,61,68,173
174,47,5,2,44,45,30,66,25,58,33,77,3,78,21,15,13,35,50,72,175
174,47,5,20,77,3,78,21,15,13,35,50,72,176
177,14,78,21,15,13,35,50,72,178
179,76,12,47,5,2,44,45,30,25,74,180
179,76,12,47,5,2,77,33,32,57,58,25,74,181
179,76,12,47,5,2,77,33,58,25,74,182
183,34,44,5,20,77,22,23,64,61,184
185,72,48,16,186
187,31,60,42,35,13,15,21,22,77,32,33,188
189,43,23,53,70,63,72,73,190
189,43,41,55,63,72,73,191
192,2,44,36,24,26,4,193
194,20,77,3,78,0,18,16,48,195
196,62,41,23,65,17,56,197
198,29,53,55,41,39,4,26,24,5,20,199
200,12,47,5,24,26,35,48,1,0,201
200,12,47,5,24,26,35,65,18,0,202
203,41,53,29,67,48,71,10,204
205,17,56,50,35,26,24,36,206
207,19,78,6,77,33,58,208
209,73,65,63,61,27,210
211,21,22,23,41,55,53,70,212
213,35,65,17,10,71,31,60,214
215,49,30,5,24,26,35,65,63,216
215,49,30,66,25,2,39,4,26,35,65,63,217
215,49,30,66,25,2,39,41,23,65,63,218
219,14,78,0,18,220
221,15,21,78,6,77,2,5,24,36,222
221,15,21,78,6,77,2,39,4,26,24,36,223
221,15,21,78,6,77,2,44,5,24,36,224
succeed
2.16,1.96,2.12,2.48,3.12,2,1.98,2.1,3.14,2.4,2.5,2.48,2.96,3.38,2.32,2.5,2.9,2.12,2.5,2.4,2.92,3.8,3.36,2.7,2.1,2.44,2.18,2.18,2.78,3.52,1.84,3.62,1.96,3.34,2.78,2.6,2.88,3.2,2.7,2.1,3.48,3.64,2.22,2.54,2.64,2.56,2.72,3.54,3,2.42,2.98,3.36,3.16,2.54,2.52,2.1,2,3.6,2.3,2.68