20
79,57,58,25,2,44,5,24,26,35,50,52,80
79,57,32,77,8,78,0,1,48,72,50,52,81
79,57,32,33,77,78,0,18,72,50,52,82
83,16,18,0,78,77,9,84
83,16,18,0,78,3,77,9,85
83,16,18,0,78,6,77,9,86
87,45,44,5,20,77,22,23,64,88
87,45,44,5,20,77,22,23,65,67,61,64,89
87,45,2,77,22,23,64,90
91,19,77,32,7,92
91,19,3,77,32,7,93
91,19,78,6,77,32,7,94
95,56,17,65,18,0,78,77,2,96
95,56,17,65,18,0,78,3,77,2,97
95,56,50,35,13,15,21,22,77,33,58,25,66,30,45,2,98
99,2,39,4,26,35,48,16,100
99,2,39,41,23,65,18,16,101
99,2,39,4,26,35,65,18,16,102
103,40,39,4,26,24,5,30,25,57,104
103,40,38,44,5,30,25,57,105
103,40,38,44,2,25,57,106
107,45,2,44,5,24,26,35,48,67,28,108
107,45,2,44,5,24,26,35,65,67,28,109
107,45,44,5,24,26,35,65,67,28,110
111,66,25,2,39,41,53,112
111,66,25,2,39,41,23,53,113
111,66,25,2,20,77,22,23,53,114
115,43,41,23,65,116
115,43,23,65,117
115,43,41,55,53,29,67,65,118
119,48,67,61,68,120
119,48,67,29,63,61,68,121
119,48,72,63,61,68,122
123,47,5,2,39,37,124
123,47,5,24,26,4,37,125
123,47,5,2,44,38,40,39,37,126
127,27,61,64,23,22,77,33,58,25,66,30,49,128
127,27,61,63,29,67,65,18,0,78,77,33,58,25,66,30,49,129
127,27,61,67,65,18,0,78,77,33,58,25,66,30,49,130
131,36,44,2,25,58,57,32,132
131,36,44,2,25,58,33,32,133
131,36,44,2,77,32,134
135,10,71,48,1,136
135,10,16,48,1,137
135,10,11,54,48,1,138
139,33,32,77,3,78,21,15,13,35,50,72,140
139,33,77,3,78,21,15,13,35,50,72,141
139,33,32,77,8,78,21,15,13,35,50,72,142
143,24,5,2,44,45,30,66,25,74,144
143,24,36,34,44,45,30,66,25,74,145
143,24,5,44,45,30,66,25,74,146
147,47,5,2,77,3,78,21,15,13,35,42,148
147,47,5,24,26,35,42,149
147,47,30,66,25,58,33,77,3,78,21,15,13,35,42,150
151,73,72,63,152
151,73,65,63,153
151,73,67,29,63,154
155,50,72,18,65,23,156
155,50,56,17,65,23,157
155,50,35,65,23,158
159,44,2,77,3,78,14,160
159,44,2,77,14,161
159,44,45,2,77,3,78,14,162
163,25,58,33,77,14,78,0,73,164
163,25,58,33,77,78,0,73,165
163,25,58,33,77,22,23,65,73,166
167,42,60,72,63,61,27,168
167,42,60,16,48,67,29,63,61,27,169
167,42,60,31,28,67,29,63,61,27,170
171,42,60,72,73,172
171,42,60,16,48,54,50,72,73,173
171,42,60,16,48,67,73,174
175,0,18,65,35,13,15,21,78,6,77,2,5,47,12,176
175,0,78,6,77,2,5,47,12,177
175,0,18,65,35,13,15,21,22,77,2,5,47,12,178
179,32,77,22,23,65,67,48,16,60,42,180
179,32,77,3,78,21,15,13,35,42,181
179,32,77,78,0,18,16,60,42,182
183,77,20,2,184
183,77,2,185
183,77,20,5,2,186
187,61,67,48,16,60,31,188
187,61,63,29,67,48,16,60,31,189
187,61,67,48,71,31,190
191,63,55,53,192
191,63,29,53,193
191,63,69,53,194
195,61,63,29,53,55,41,39,59,196
195,61,67,29,53,55,41,39,59,197
195,61,63,29,53,41,39,59,198
199,10,71,48,54,50,72,18,65,23,22,21,200
199,10,17,65,23,22,21,201
199,10,71,48,35,13,21,202
203,74,25,2,39,41,53,29,204
203,74,25,2,44,5,24,26,35,48,67,29,205
203,74,25,2,39,41,23,53,29,206
207,75,53,41,208
207,75,53,55,41,209
207,75,53,23,41,210
211,44,38,40,39,41,55,212
211,44,2,39,41,55,213
211,44,5,2,39,41,55,214
215,53,41,39,2,25,66,30,49,216
215,53,55,41,39,2,25,66,30,49,217
215,53,55,41,39,4,26,24,5,47,30,49,218
219,35,26,4,39,40,220
219,35,26,4,37,39,40,221
219,35,48,67,29,53,55,41,39,40,222
223,56,17,65,35,26,24,36,34,224
223,56,17,65,18,16,48,35,26,24,36,34,225
223,56,50,35,26,24,36,34,226
227,6,77,32,57,228
227,6,77,2,25,58,57,229
227,6,77,2,25,57,230
231,65,63,232
231,65,18,72,63,233
231,65,73,72,63,234
235,21,78,6,77,2,44,34,236
235,21,22,77,2,44,34,237
235,21,78,3,77,2,44,34,238
succeed
2.76,2.54,2.26,3.76,2.78,3.72,2.24,3.68,2.48,3.22,3.08,2.02,2.2,1.88,3.46,2.18,2.42,3.34,2.48,2.04,2.96,2.38,3.68,2.12,2.06,2.38,2.14,2.38,2.88,3.44,3.38,2.12,3.22,2.12,3.2,2.34,3.7,2.62,3.52,2.68