20
79,70,63,69,80
79,70,53,29,63,69,81
79,70,53,69,82
83,68,65,35,26,24,5,46,84
83,68,61,63,55,41,39,4,26,24,5,46,85
83,68,61,63,29,53,55,41,39,4,26,24,5,46,86
87,11,54,48,35,26,24,36,88
87,11,54,50,35,26,24,36,89
87,11,54,48,67,29,53,55,41,39,4,26,24,36,90
91,63,55,92
91,63,29,53,55,93
91,63,69,53,55,94
95,14,78,21,22,23,65,63,96
95,14,78,21,13,35,65,63,97
95,14,78,6,77,22,23,65,63,98
99,46,5,24,100
99,46,30,45,44,2,5,24,101
99,46,30,66,25,2,5,24,102
103,39,2,25,57,104
103,39,2,44,5,30,25,57,105
103,39,2,5,30,25,57,106
107,39,59,108
107,39,37,59,109
110,59,39,2,25,66,30,49,111
110,59,39,4,26,24,5,49,112
110,59,39,40,38,44,2,25,66,30,49,113
114,43,41,23,65,67,48,54,11,115
114,43,23,65,17,10,11,116
114,43,41,23,65,17,10,11,117
118,77,32,57,119
118,77,33,32,57,120
118,77,33,58,57,121
122,53,29,67,48,1,0,123
122,53,29,67,65,18,0,124
122,53,23,65,18,0,125
126,74,25,58,33,77,3,78,21,13,35,127
126,74,25,58,33,77,3,78,21,15,13,35,128
126,74,25,2,44,5,24,26,35,129
130,3,77,20,131
130,3,77,2,20,132
130,3,77,2,5,20,133
134,6,78,0,18,135
134,6,19,78,0,18,136
134,6,77,22,23,65,18,137
138,35,50,139
138,35,48,72,50,140
138,35,48,1,50,141
142,42,60,16,48,71,10,143
142,42,60,16,10,144
142,42,60,72,18,65,17,10,145
146,65,23,22,77,33,58,25,30,47,147
146,65,35,13,15,21,78,6,77,33,58,25,30,47,148
146,65,23,22,77,33,58,25,66,30,47,149
150,38,44,34,151
150,38,44,36,34,152
150,38,40,39,59,37,4,26,24,36,34,153
154,32,57,58,25,2,44,5,24,26,35,50,155
154,32,33,58,25,2,44,5,24,26,35,50,156
154,32,77,22,21,13,35,50,157
158,30,5,2,39,41,159
158,30,46,5,2,39,41,160
158,30,5,2,77,22,23,41,161
162,22,21,15,163
162,22,21,13,15,164
162,22,23,65,35,13,21,15,165
166,24,36,167
166,24,5,44,36,168
166,24,5,2,44,36,169
170,65,35,13,15,21,78,171
170,65,18,72,50,35,13,15,21,78,172
170,65,18,0,78,173
174,6,77,22,23,175
174,6,78,0,18,65,23,176
174,6,78,21,22,23,177
178,69,63,65,18,0,78,77,6,179
178,69,53,29,67,65,18,0,78,19,6,180
178,69,63,29,67,65,18,0,78,77,6,181
182,22,77,33,58,25,66,30,49,183
182,22,77,33,58,57,25,66,30,49,184
182,22,77,2,5,49,185
186,11,54,48,67,29,63,61,27,187
186,11,54,48,67,61,27,188
186,11,10,17,65,63,61,27,189
190,64,61,63,29,53,55,41,39,40,191
190,64,23,41,39,40,192
190,64,61,67,29,53,55,41,39,40,193
194,48,72,63,195
194,48,67,29,63,196
194,48,71,10,17,65,63,197
succeed
1.44,1.42,2.02,1.76,1.64,2.46,2.24,2.16,1.96,2.8,1.84,2.48,2.9,2.46,2.82,1.26,2.28,2.74,2.12,2.46,2.76,2.9,1.52,1.04,1.54,1.98,2.46,1.84,1.94,1.84