20
79,56,50,72,60,16,48,35,13,21,78,19,3,77,32,33,80
79,56,50,72,60,16,48,67,29,53,41,39,2,77,32,33,81
79,56,50,72,60,16,48,67,61,64,23,41,39,2,77,32,33,82
83,56,17,65,18,0,78,6,77,20,84
83,56,17,65,18,16,60,42,35,26,24,5,20,85
83,56,17,65,63,69,53,55,41,39,2,20,86
83,56,50,1,48,67,61,64,23,22,77,20,87
88,67,65,35,13,15,21,22,77,33,58,25,89
88,67,65,35,26,24,5,30,25,90
88,67,65,35,26,24,5,47,30,25,91
92,53,29,63,65,35,26,24,36,34,93
92,53,41,39,40,38,44,34,94
92,53,41,39,40,38,44,36,34,95
96,76,12,47,5,2,44,45,30,66,25,58,33,77,22,21,13,35,42,97
96,76,12,47,5,24,36,34,44,45,30,66,25,58,33,77,22,21,13,35,42,98
99,1,48,16,60,31,100
101,21,22,23,53,29,67,48,102
101,21,22,23,65,18,16,48,103
104,6,77,2,39,41,53,55,105
104,6,77,32,57,25,2,39,41,53,55,106
107,57,58,25,30,108
107,57,58,33,77,2,5,47,12,46,30,109
110,43,41,23,65,67,48,54,11,111
110,43,41,39,4,26,35,50,52,11,112
113,10,17,65,23,22,77,33,58,25,66,30,45,44,34,114
113,10,71,48,67,29,53,41,39,2,5,44,34,115
113,10,71,48,67,29,53,55,41,39,2,5,44,34,116
113,10,71,48,67,29,53,55,41,43,23,22,77,33,58,25,66,30,45,44,34,117
118,32,77,2,44,5,24,26,35,50,56,17,119
118,32,77,8,78,0,18,65,17,120
121,68,61,63,29,122
123,0,73,67,124
125,76,12,47,5,24,126
127,63,69,53,23,41,43,128
129,49,5,20,77,19,78,0,18,65,17,10,11,54,50,72,73,130
129,49,5,20,77,19,78,0,18,65,73,131
129,49,30,66,25,2,44,5,20,77,19,78,0,18,65,73,132
129,49,30,66,25,2,44,5,24,26,4,39,41,23,65,73,133
134,36,24,26,4,39,2,77,3,78,21,15,13,35,42,60,72,135
134,36,24,26,35,50,72,136
137,71,10,17,65,18,0,78,77,6,138
137,71,10,17,73,0,78,77,6,139
140,78,0,18,65,67,29,53,141
140,78,6,77,2,39,41,53,142
140,78,21,22,23,53,143
succeed
3.04,2.98,2.86,2.16,2.3,2.24,2.8,2.42,3.68,2.62,3.14,1.96,2.16,3.12,1.82,3.26,2.78,2.34,3.04,2.56