20
79,46,30,49,5,24,26,4,80
81,50,1,48,67,29,53,82
81,50,1,48,67,29,63,69,53,83
84,29,67,65,18,0,78,77,33,58,57,25,51,85
86,58,33,32,77,20,87
88,27,61,63,29,67,65,18,0,78,77,33,58,57,25,51,89
88,27,61,63,29,67,65,35,26,4,39,2,77,33,58,57,25,51,90
91,0,1,48,54,92
93,6,78,0,18,16,48,72,50,35,13,94
93,6,78,21,22,23,65,35,13,95
96,67,29,53,55,41,39,2,77,3,78,8,97
96,67,48,35,26,24,5,44,2,77,3,78,8,98
96,67,72,18,0,78,8,99
100,50,35,26,24,5,20,77,9,101
102,72,63,29,53,41,62,103
104,76,12,47,5,20,77,22,21,78,0,18,65,17,10,71,105
106,58,25,2,44,36,107
108,39,2,44,5,20,77,22,21,13,35,42,60,16,18,65,23,41,62,109
108,39,2,44,5,20,77,22,21,13,35,65,23,41,62,110
108,39,41,62,111
112,17,10,71,48,67,113
112,17,65,67,114
115,13,35,50,72,18,65,23,22,77,20,5,44,2,25,58,33,32,7,116
115,13,35,65,23,22,77,20,5,44,2,25,58,33,32,7,117
118,49,30,45,44,5,24,26,35,65,17,10,71,119
118,49,30,66,25,58,33,77,14,78,0,18,65,17,10,71,120
121,39,2,5,24,26,35,48,54,50,72,73,122
121,39,37,4,26,35,48,54,50,72,73,123
121,39,41,23,65,18,16,48,54,50,72,73,124
125,7,32,33,77,78,0,18,65,67,28,126
127,15,21,22,23,41,43,128
127,15,21,78,6,77,2,39,41,43,129
130,8,78,6,77,2,44,5,24,26,4,37,131
130,8,78,21,22,23,41,39,37,132
133,78,6,77,33,58,25,66,30,46,5,134
133,78,19,3,77,33,58,57,25,66,30,46,5,135
133,78,21,15,13,35,26,24,36,44,5,136
137,6,19,78,0,18,16,48,67,61,27,138
137,6,19,78,0,18,72,73,67,61,27,139
140,73,72,60,16,48,1,50,35,13,15,21,78,6,77,2,44,141
140,73,72,60,16,48,67,29,53,55,41,39,2,44,142
140,73,72,60,16,48,67,29,53,55,41,39,4,26,24,36,44,143
144,40,39,41,23,65,18,16,48,72,50,52,11,54,145
144,40,39,41,23,65,67,48,72,50,52,11,54,146
147,0,73,17,65,35,13,15,21,78,6,77,2,45,44,34,148
149,55,41,43,150
151,24,5,2,77,3,78,21,15,13,35,50,72,152
153,62,41,39,59,154
155,49,30,46,156
157,55,53,29,67,73,0,78,77,32,57,58,25,51,158
succeed
3.78,2.62,2.86,4.28,3.02,2.7,4.5,3.8,3.1,2.94,2.86,3.6,4.54,3.04,4.38,2.88,3.8,2.62,3.82,3.16,3.5,3.1,4.08,3.46,4.24,4.56,2.68,3.18,3.46,3.04