20
79,56,17,73,0,78,77,33,80
81,56,17,73,0,78,77,20,82
83,67,65,35,26,24,5,2,25,84
85,53,41,39,40,38,44,34,86
87,76,12,46,5,24,26,35,42,88
89,1,48,71,31,90
91,21,15,13,35,48,92
93,6,77,22,23,41,55,94
95,57,58,25,30,96
97,43,23,65,17,10,11,98
99,10,71,48,35,26,24,36,34,100
101,32,33,77,78,0,73,17,102
103,68,61,63,29,104
105,0,73,67,106
107,76,12,46,5,24,108
109,63,55,41,43,110
111,49,5,2,77,78,0,73,112
113,36,24,26,35,48,72,114
115,71,48,35,13,15,21,78,6,116
117,78,21,22,23,41,53,118
succeed
3.04,2.98,2.86,2.16,2.3,2.24,2.8,2.42,3.68,2.62,3.14,1.96,2.16,3.12,1.82,3.26,2.78,2.34,3.04,2.56