20
79,59,37,4,26,24,36,80
81,26,24,5,2,25,58,57,32,7,82
83,8,77,22,23,84
85,11,10,71,48,35,26,24,5,47,86
87,74,25,2,20,88
89,21,15,13,35,65,68,90
91,72,73,65,23,41,39,40,38,92
93,32,33,77,6,94
95,32,33,77,22,23,41,55,96
97,35,48,72,63,69,53,98
99,7,32,57,58,25,2,5,44,34,100
101,42,35,65,23,41,102
103,76,12,46,5,2,77,22,21,15,13,104
105,25,2,5,24,26,35,48,16,106
107,24,26,35,50,108
109,26,35,65,73,110
111,34,44,5,47,112
113,65,35,13,15,21,22,114
115,4,26,35,48,71,116
117,55,41,39,40,38,44,118
119,3,77,2,5,24,26,120
121,68,65,35,26,24,5,49,122
123,20,77,22,21,124
125,71,48,16,18,126
127,34,44,5,2,77,9,128
129,17,65,63,55,130
131,49,5,2,77,9,132
133,33,77,22,23,41,62,134
135,23,22,77,14,136
137,27,61,64,138
succeed
4.12,3.64,3.8,4.44,4.18,4.04,4.1,3.46,4.5,4,4.44,4.56,3.94,3.42,4.86,3.76,3.74,4.04,4.6,4.82,4.52,4.9,4.92,3.7,4.74,4.96,4.76,3.3,3.18,4.26