20
79,59,39,2,5,24,36,80
79,59,39,2,25,66,30,45,44,36,81
82,26,24,5,44,2,25,58,33,32,7,83
82,26,24,36,34,44,2,25,58,33,32,7,84
82,26,35,13,15,21,22,77,32,7,85
86,8,78,0,18,65,23,87
88,11,10,17,56,50,72,73,0,78,8,77,2,5,47,89
88,11,54,48,67,65,18,0,78,8,77,2,5,47,90
88,11,54,48,67,65,23,22,77,2,5,47,91
92,74,25,30,5,20,93
92,74,25,58,33,77,20,94
95,21,22,23,65,67,29,63,61,68,96
95,21,22,23,65,67,61,68,97
98,72,50,35,13,15,21,78,6,77,2,44,38,99
100,32,33,77,6,101
102,32,77,8,78,0,18,65,63,55,103
102,32,77,22,21,13,35,65,63,55,104
102,32,77,22,21,78,0,18,65,63,55,105
102,32,77,22,21,78,0,18,65,67,29,63,55,106
107,35,26,4,39,41,23,53,108
109,7,32,33,58,25,30,5,44,34,110
111,42,60,16,10,11,54,50,72,18,65,23,41,112
111,42,60,16,48,67,29,53,55,41,113
114,76,12,47,5,2,44,45,30,66,25,58,33,77,22,21,13,115
114,76,12,47,5,24,26,35,13,116
117,25,30,5,20,77,19,78,0,18,16,118
119,24,26,4,39,41,23,65,67,48,72,50,120
119,24,26,35,65,67,48,72,50,121
122,26,35,50,72,73,123
124,34,44,5,47,125
126,65,35,13,15,21,22,127
128,4,37,39,41,23,65,17,10,71,129
130,55,41,39,2,44,131
130,55,41,39,2,45,44,132
133,3,78,21,13,35,26,134
135,68,61,63,29,67,65,18,0,78,21,15,13,35,26,24,5,30,49,136
135,68,61,63,29,67,65,18,0,78,77,33,58,25,66,30,49,137
135,68,61,63,29,67,65,18,0,78,77,33,58,57,25,66,30,49,138
139,20,77,78,21,140
141,71,10,17,65,18,142
143,34,44,2,77,9,144
143,34,44,5,2,77,9,145
146,17,10,71,48,67,29,53,55,147
146,17,65,18,16,48,67,29,53,55,148
149,49,30,66,25,2,77,9,150
151,33,32,57,58,25,2,39,41,62,152
151,33,32,77,2,39,41,62,153
151,33,32,77,22,23,41,62,154
155,23,41,39,4,26,24,5,20,77,3,78,14,156
155,23,41,39,4,26,24,5,44,2,25,57,32,77,3,78,14,157
158,27,61,64,159
succeed
4.12,3.64,3.8,4.44,4.18,4.04,4.1,3.46,4.5,4,4.44,4.56,3.94,3.42,4.86,3.76,3.74,4.04,4.6,4.82,4.52,4.9,4.92,3.7,4.74,4.96,4.76,3.3,3.18,4.26