20
79,46,30,49,5,24,26,4,80
79,46,30,66,25,2,39,4,81
79,46,30,49,5,2,39,4,82
83,50,72,48,67,29,53,84
83,50,1,48,67,29,53,85
83,50,54,11,10,17,65,67,29,53,86
87,29,67,65,18,0,78,3,77,33,58,25,51,88
87,29,67,65,18,0,78,77,33,58,25,51,89
87,29,67,65,18,0,78,21,22,77,33,58,25,51,90
91,58,33,32,77,20,92
91,58,25,2,20,93
91,58,57,25,2,20,94
95,27,61,63,29,67,65,18,0,78,21,22,77,33,58,25,51,96
95,27,61,63,29,67,65,18,0,78,6,77,33,58,25,51,97
95,27,61,63,29,53,55,41,39,2,77,33,58,25,51,98
99,0,1,48,72,50,52,11,54,100
99,0,1,48,54,101
99,0,18,16,48,72,50,52,11,54,102
103,6,78,21,13,104
103,6,19,78,21,13,105
103,6,77,2,44,5,24,26,35,13,106
107,67,65,35,13,15,21,78,8,108
107,67,29,53,55,41,39,4,26,24,5,44,2,77,3,78,8,109
107,67,29,53,55,41,39,40,38,44,2,77,3,78,8,110
111,50,35,26,24,5,44,2,77,9,112
111,50,35,26,24,36,44,2,77,9,113
111,50,35,13,15,21,78,77,9,114
115,72,63,29,53,55,41,62,116
115,72,67,29,53,55,41,62,117
115,72,63,55,41,62,118
119,76,12,47,5,2,44,45,30,66,25,58,33,77,22,21,78,0,18,65,17,10,71,120
119,76,12,47,5,20,77,22,21,78,0,18,65,17,10,71,121
119,76,12,47,5,24,36,34,44,45,30,66,25,58,33,77,22,21,78,0,18,65,17,10,71,122
123,58,25,2,44,36,124
123,58,25,2,44,5,24,36,125
123,58,57,25,2,44,36,126
127,39,41,62,128
127,39,2,77,22,23,41,62,129
127,39,2,5,47,30,66,25,58,33,77,22,23,41,62,130
131,17,65,67,132
131,17,65,18,16,48,67,133
131,17,73,67,134
135,13,21,22,77,20,5,44,2,25,58,33,32,7,136
135,13,35,50,72,18,65,23,22,77,20,5,44,2,25,58,33,32,7,137
135,13,21,22,77,33,32,7,138
139,49,30,66,25,58,33,77,14,78,0,18,65,17,10,71,140
139,49,30,66,25,58,33,77,78,0,18,65,17,10,71,141
139,49,30,66,25,58,33,77,19,78,0,18,65,17,10,71,142
143,39,41,23,65,73,144
143,39,41,23,65,18,16,48,72,73,145
143,39,41,23,65,17,73,146
147,7,32,33,77,78,0,18,16,48,67,28,148
147,7,32,33,77,2,39,41,23,65,18,16,48,67,28,149
147,7,32,33,77,22,23,65,18,16,48,67,28,150
151,15,21,78,6,77,2,39,41,43,152
151,15,21,22,23,41,43,153
151,15,21,22,23,43,154
155,8,78,6,77,2,39,37,156
155,8,78,6,77,2,44,5,24,26,4,39,37,157
155,8,78,6,77,2,44,5,24,26,4,37,158
159,78,21,15,13,35,26,24,5,160
159,78,77,20,5,161
159,78,3,77,20,5,162
163,6,78,0,18,65,67,29,63,61,27,164
163,6,19,78,0,18,16,48,67,29,63,61,27,165
163,6,78,0,18,16,48,67,29,63,61,27,166
167,73,72,50,35,13,15,21,78,6,77,2,44,168
167,73,67,29,53,55,41,39,2,44,169
167,73,65,67,29,53,55,41,39,2,44,170
171,40,39,41,23,65,18,16,48,72,50,52,11,54,172
171,40,39,41,23,65,18,16,48,54,173
171,40,39,41,23,65,67,48,72,50,52,11,54,174
175,0,78,6,77,2,44,34,176
175,0,18,65,35,13,15,21,78,6,77,2,44,34,177
175,0,78,6,77,2,5,44,34,178
179,55,41,43,180
179,55,53,41,43,181
179,55,53,23,41,43,182
183,24,5,2,77,3,78,21,15,13,35,50,72,184
183,24,26,35,50,72,185
183,24,5,20,77,3,78,21,15,13,35,50,72,186
187,62,41,39,59,188
189,49,30,46,190
191,55,53,29,67,65,18,0,78,77,32,33,58,25,51,192
191,55,53,29,67,65,18,0,78,3,77,32,33,58,25,51,193
191,55,53,29,67,65,18,0,78,6,77,32,33,58,25,51,194
succeed
3.78,2.62,2.86,4.28,3.02,2.7,4.5,3.8,3.1,2.94,2.86,3.6,4.54,3.04,4.38,2.88,3.8,2.62,3.82,3.16,3.5,3.1,4.08,3.46,4.24,4.56,2.68,3.18,3.46,3.04