20
79,49,30,66,25,58,33,32,7,80
81,36,44,45,30,47,5,24,26,4,39,41,23,65,67,48,72,50,52,82
81,36,44,45,30,47,5,24,26,35,42,60,72,50,52,83
84,52,50,72,67,85
86,19,6,77,2,39,41,53,70,63,72,87
86,19,78,21,15,13,35,50,72,88
89,53,29,63,61,68,90
91,9,77,19,78,0,1,48,92
91,9,77,19,78,0,18,16,48,93
94,56,17,65,18,0,78,3,95
96,35,50,97
98,58,25,2,77,22,99
100,69,63,29,53,101
102,17,10,11,52,50,35,13,103
104,11,10,17,65,35,26,24,5,47,105
104,11,54,48,35,26,24,5,47,106
107,2,39,41,23,65,17,73,108
107,2,44,5,24,26,35,65,17,73,109
110,30,25,66,111
112,46,5,20,77,22,23,65,17,56,113
112,46,5,20,77,78,0,18,65,17,56,114
115,41,39,2,77,3,78,14,116
117,45,2,118
119,77,32,33,58,25,66,30,45,2,120
121,12,46,30,49,122
121,12,47,30,49,123
124,11,52,50,1,18,0,78,77,20,5,44,2,25,58,125
124,11,54,48,67,65,23,22,21,78,77,20,5,44,2,25,58,126
124,11,54,48,67,65,23,22,21,78,77,32,33,58,127
128,14,78,6,77,33,58,25,51,129
130,8,78,6,77,2,131
132,11,52,50,35,13,15,21,78,19,133
132,11,54,48,67,29,53,55,41,39,4,26,24,5,44,2,77,19,134
135,68,61,63,29,53,70,136
135,68,61,63,70,137
138,35,48,16,60,42,139
140,57,25,2,20,77,14,78,0,18,65,17,141
140,57,58,25,2,20,77,14,78,0,18,65,17,142
140,57,58,25,2,20,77,22,21,78,0,18,65,17,143
144,60,16,48,35,26,4,145
146,67,65,18,0,78,3,77,2,44,38,147
146,67,65,18,0,78,3,77,33,58,25,66,30,49,5,44,38,148
149,76,12,47,5,2,44,45,30,66,25,58,33,77,22,21,13,35,50,150
149,76,12,47,5,20,77,22,21,13,35,50,151
152,71,31,60,72,50,35,13,15,21,78,77,20,5,44,2,25,57,153
152,71,31,60,72,50,35,26,24,36,34,44,2,25,57,154
155,39,2,44,5,24,26,35,50,1,48,72,156
155,39,41,23,65,18,72,157
155,39,41,23,65,67,48,72,158
159,53,23,22,77,9,160
161,48,35,13,162
163,42,60,16,48,67,29,164
165,32,77,166
167,54,50,72,63,69,53,55,41,39,4,26,24,5,30,168
167,54,50,72,73,67,29,53,55,41,39,4,26,24,5,30,169
167,54,50,72,73,67,29,53,55,41,39,40,38,44,5,30,170
171,77,2,5,24,172
173,12,47,30,66,25,57,32,33,77,14,78,21,13,174
175,53,29,67,48,16,10,11,54,50,72,18,65,23,22,21,176
175,53,29,67,48,72,18,65,23,22,21,177
178,24,5,20,77,19,78,0,18,16,48,72,50,52,179
178,24,26,4,37,39,41,53,29,67,48,72,50,52,180
181,71,48,35,26,24,5,47,182
183,72,18,65,23,22,77,32,184
183,72,67,29,53,55,41,39,2,77,32,185
186,15,21,22,23,65,68,61,187
188,48,35,26,4,39,2,44,189
188,48,72,50,56,17,65,67,29,53,41,39,2,44,190
188,48,72,67,29,53,41,39,2,44,191
192,14,78,0,18,16,48,67,61,63,70,193
192,14,78,6,77,2,44,5,24,26,4,37,39,41,53,70,194
195,51,25,58,33,77,3,78,21,15,13,35,196
197,21,22,198
199,73,65,18,0,78,3,77,2,5,47,12,76,200
199,73,65,18,0,78,3,77,33,58,25,66,30,45,44,2,5,47,12,76,201
202,27,61,63,29,67,72,73,203
204,44,2,39,59,205
succeed
3.14,3.34,2.94,3.06,2.16,2.94,3.8,2.64,2.06,2.14,3.32,3.5,2.96,2.2,3.64,2.5,3.02,2.96,3.22,3.6,2.16,3.04,2.5,3.44,2.84,2.34,2.62,3.14,3.56,3.14,2.38,2.16,3.02,2.74,2.72,2.4,2.52,3.6,2.3,2.6,2.66,2.3,3.06,2.92,1.94,3.18,3.56,2.22,3.38,3.7