20
79,4,39,40,38,80
81,3,77,22,23,41,62,82
83,64,23,41,39,4,26,24,5,84
85,38,44,5,2,25,58,57,86
87,60,16,48,35,26,24,5,46,12,76,88
89,7,32,57,58,25,2,90
91,19,77,2,5,46,12,76,92
93,63,72,50,94
95,54,50,1,0,78,77,2,45,96
97,17,65,63,98
99,39,41,23,65,35,100
101,0,1,48,35,13,102
103,26,24,5,30,104
105,53,70,63,72,48,35,13,15,106
107,69,53,41,39,4,26,108
109,12,46,5,24,26,4,39,41,43,110
111,78,0,73,17,56,112
113,7,32,33,77,22,21,15,13,35,48,71,114
115,33,77,78,0,1,116
117,17,73,0,78,77,33,32,57,118
119,22,23,41,62,120
121,75,53,41,23,22,122
123,46,12,76,124
125,59,39,41,23,65,67,126
127,19,77,2,25,128
129,42,60,31,130
131,41,23,65,73,132
133,72,48,35,26,24,5,46,12,134
135,4,26,24,5,30,136
137,8,77,2,25,74,138
succeed
2.8,3.7,2.14,3.1,3.1,2.3,2.72,3.38,2.6,3.22,1.9,3.08,2.04,2.54,3.7,2.98,3.72,2.08,3.12,2.74,3.18,2.68,2.46,2.76,2.78,3.76,3.18,2.32,2.44,3.08