20
79,70,53,69,80
81,68,65,35,26,24,5,46,82
83,11,10,71,48,35,26,24,36,84
85,63,55,86
87,14,78,0,73,72,63,88
89,46,5,24,90
91,39,2,25,58,57,92
93,39,59,94
95,59,37,4,26,24,5,49,96
97,43,23,65,17,10,11,98
99,77,33,32,57,100
101,53,70,63,72,73,0,102
103,74,25,2,5,24,26,35,104
105,3,77,20,106
107,6,78,0,18,108
109,35,50,110
111,42,35,48,16,10,112
113,65,35,26,24,5,47,114
115,38,44,34,116
117,32,33,77,78,0,1,50,118
119,30,5,24,26,4,39,41,120
121,22,21,15,122
123,24,36,124
125,65,73,0,78,126
127,6,77,22,23,128
129,69,53,41,23,22,77,6,130
131,22,77,2,5,49,132
133,11,10,17,65,67,61,27,134
135,64,23,41,39,40,136
137,48,72,63,138
succeed
1.44,1.42,2.02,1.76,1.64,2.46,2.24,2.16,1.96,2.8,1.84,2.48,2.9,2.46,2.82,1.26,2.28,2.74,2.12,2.46,2.76,2.9,1.52,1.04,1.54,1.98,2.46,1.84,1.94,1.84