20
79,57,32,77,78,0,1,48,72,50,52,80
81,16,18,0,78,8,77,9,82
81,16,48,35,13,21,22,77,9,83
81,16,48,72,18,0,78,8,77,9,84
85,45,2,39,41,43,23,64,86
85,45,44,5,20,77,22,23,64,87
88,19,77,2,25,58,33,32,7,89
88,19,78,6,77,2,25,58,33,32,7,90
88,19,78,6,77,32,7,91
92,56,50,72,60,16,48,67,29,53,41,23,22,77,32,33,58,25,2,93
92,56,50,72,73,17,65,18,0,78,3,77,32,33,58,25,2,94
92,56,50,72,73,17,65,18,0,78,3,77,33,58,25,2,95
92,56,50,72,73,17,65,67,29,53,41,23,22,77,33,58,25,2,96
92,56,50,72,73,17,65,67,29,53,41,39,2,97
98,2,39,41,53,70,63,29,67,48,16,99
98,2,39,41,53,70,63,65,73,0,18,16,100
98,2,44,5,24,26,35,42,60,16,101
98,2,44,5,24,26,35,48,16,102
98,2,77,8,78,0,18,16,103
104,40,39,4,26,24,5,30,25,57,105
106,45,2,5,24,26,35,65,67,28,107
106,45,2,44,38,40,39,41,23,53,29,67,28,108
106,45,2,44,38,40,39,41,23,65,67,28,109
106,45,30,46,5,24,26,35,65,67,28,110
111,66,25,2,39,41,55,53,112
111,66,25,2,44,38,40,39,41,55,53,113
114,43,41,23,65,115
116,48,67,29,63,61,68,117
118,47,5,2,39,37,119
120,27,61,63,29,53,23,22,77,33,58,25,66,30,47,5,49,121
120,27,61,63,29,67,65,18,0,78,77,33,58,25,66,30,47,5,49,122
120,27,61,63,29,67,65,18,0,78,77,33,58,25,66,30,49,123
124,36,44,5,20,77,32,125
126,10,71,48,1,127
128,33,32,77,3,78,21,15,13,35,65,73,72,129
128,33,32,77,3,78,21,22,23,65,73,72,130
128,33,77,3,78,21,22,23,65,73,72,131
132,24,36,34,44,45,30,25,74,133
132,24,36,34,44,45,30,66,25,74,134
135,47,5,2,77,3,78,21,15,13,35,48,16,60,42,136
135,47,30,66,25,58,33,77,3,78,21,15,13,35,48,16,60,42,137
135,47,30,66,25,58,33,77,3,78,21,15,13,35,48,54,50,72,60,42,138
135,47,30,66,25,58,33,77,3,78,21,15,13,35,48,67,28,31,60,42,139
140,73,72,63,141
142,50,35,65,23,143
142,50,72,18,65,23,144
145,44,2,77,3,78,14,146
145,44,2,77,78,14,147
148,25,30,49,5,24,26,35,50,1,48,72,18,65,17,73,149
148,25,30,49,5,24,26,35,50,1,48,72,73,150
151,42,60,72,63,61,27,152
151,42,60,72,73,67,65,23,64,61,27,153
154,42,35,65,17,73,155
154,42,60,16,48,54,50,72,73,156
157,0,18,65,35,13,15,21,78,77,2,5,47,12,158
157,0,18,65,35,13,15,21,78,77,33,58,25,66,30,45,44,2,5,47,12,159
160,32,33,58,25,2,45,44,5,20,77,22,21,13,35,48,16,60,42,161
160,32,33,77,22,21,13,35,48,16,60,42,162
163,77,2,164
165,61,67,48,71,31,166
167,63,55,53,168
169,61,63,29,53,41,39,59,170
169,61,63,29,53,55,41,39,59,171
169,61,64,23,22,77,20,5,44,2,39,59,172
173,10,11,54,50,35,13,15,21,174
175,74,25,58,57,32,77,8,78,0,18,16,48,67,29,176
175,74,25,58,57,32,77,8,78,21,22,23,41,55,63,29,177
178,75,53,55,41,179
180,44,38,40,39,41,55,181
180,44,45,30,5,20,77,22,23,53,55,182
183,53,41,39,2,25,66,30,49,184
183,53,41,39,4,26,24,5,47,30,49,185
186,35,26,4,37,39,40,187
188,56,17,65,35,26,24,5,44,34,189
188,56,17,65,35,26,24,36,34,190
188,56,17,65,35,26,24,36,44,34,191
188,56,17,65,63,69,53,55,41,43,23,22,77,2,5,44,34,192
188,56,17,65,63,69,53,55,41,43,23,22,77,2,44,34,193
194,6,77,33,32,57,195
196,65,63,197
198,21,78,6,77,20,5,47,30,45,2,44,34,199
198,21,78,77,20,5,47,30,45,2,44,34,200
succeed
2.76,2.54,2.26,3.76,2.78,3.72,2.24,3.68,2.48,3.22,3.08,2.02,2.2,1.88,3.46,2.18,2.42,3.34,2.48,2.04,2.96,2.38,3.68,2.12,2.06,2.38,2.14,2.38,2.88,3.44,3.38,2.12,3.22,2.12,3.2,2.34,3.7,2.62,3.52,2.68