20
79,62,41,53,80
81,11,54,48,67,65,23,43,82
83,53,55,41,39,37,84
85,41,55,63,65,18,1,48,72,50,86
87,17,65,18,16,48,67,29,53,70,88
87,17,65,63,70,89
87,17,65,67,29,53,70,90
91,42,60,16,48,67,28,92
93,62,41,43,23,53,29,67,48,71,94
93,62,41,43,23,65,17,10,16,48,71,95
96,45,2,39,41,53,29,97
96,45,44,5,20,77,22,23,41,53,29,98
99,31,60,72,67,29,53,75,100
101,25,2,77,14,78,0,18,72,67,73,102
103,77,3,78,21,15,13,35,48,72,50,52,11,54,104
103,77,78,21,15,13,35,48,72,50,52,11,54,105
106,71,10,17,73,107
108,20,2,25,58,33,32,7,109
108,20,77,2,25,58,33,32,7,110
111,39,2,5,47,12,76,112
113,71,48,67,29,53,55,41,39,2,44,114
115,27,61,68,65,17,10,71,48,116
117,41,23,65,35,118
119,7,32,33,58,25,2,44,36,24,120
121,33,32,77,2,25,66,30,49,122
123,26,4,39,2,77,6,124
123,26,24,36,34,44,2,77,6,125
126,32,57,58,25,2,5,47,127
128,23,22,77,33,58,25,66,30,45,44,2,5,24,129
128,23,41,39,4,26,24,130
131,45,30,66,25,58,33,77,22,23,41,55,132
131,45,30,66,25,58,33,77,78,0,18,65,67,29,53,55,133
134,49,30,45,2,135
136,50,56,17,65,67,137
136,50,72,73,67,138
139,70,53,55,41,62,140
141,38,44,2,77,3,78,21,15,13,35,142
143,20,2,39,41,43,144
145,38,44,2,146
147,48,1,0,78,77,32,33,58,148
149,39,41,53,75,150
151,44,5,2,20,77,22,23,65,18,0,152
151,44,5,2,39,41,23,65,18,0,153
151,44,38,40,39,41,23,65,18,0,154
155,69,63,29,67,65,18,0,78,156
157,63,29,67,48,16,60,42,158
159,34,44,5,24,26,35,48,1,160
161,18,16,48,67,29,63,55,53,162
163,6,77,2,39,41,62,164
163,6,77,22,23,53,55,41,62,165
166,74,25,58,33,77,2,39,4,26,35,65,67,48,71,10,167
166,74,25,58,33,77,8,78,0,18,16,10,168
166,74,25,58,33,77,8,78,0,18,65,67,48,71,10,169
170,54,11,52,50,72,63,61,68,171
172,47,5,2,44,45,30,66,25,58,33,77,3,78,21,15,13,35,50,72,173
172,47,5,20,77,3,78,21,15,13,35,50,72,174
175,14,78,21,15,13,35,50,72,176
177,76,12,47,5,2,44,45,30,25,74,178
177,76,12,47,5,2,77,33,32,57,58,25,74,179
177,76,12,47,5,2,77,33,58,25,74,180
181,34,44,5,20,77,22,23,64,61,182
183,72,48,16,184
185,31,60,42,35,13,15,21,22,77,32,33,186
187,43,23,53,70,63,72,73,188
187,43,41,55,63,72,73,189
190,2,44,36,24,26,4,191
192,20,77,3,78,0,18,16,48,193
194,62,41,23,65,17,56,195
196,29,53,55,41,39,4,26,24,5,20,197
198,12,47,5,24,26,35,48,1,0,199
198,12,47,5,24,26,35,65,18,0,200
201,41,53,29,67,48,71,10,202
203,17,56,50,35,26,24,36,204
205,19,78,6,77,33,58,206
207,73,65,63,61,27,208
209,21,22,23,41,55,53,70,210
211,35,65,17,10,71,31,60,212
213,49,30,5,24,26,35,65,63,214
213,49,30,66,25,2,39,4,26,35,65,63,215
213,49,30,66,25,2,39,41,23,65,63,216
217,14,78,0,18,218
219,15,21,78,6,77,2,5,24,36,220
219,15,21,78,6,77,2,39,4,26,24,36,221
219,15,21,78,6,77,2,44,5,24,36,222
succeed
2.16,1.96,2.12,2.48,3.12,2,1.98,2.1,3.14,2.4,2.5,2.48,2.96,3.38,2.32,2.5,2.9,2.12,2.5,2.4,2.92,3.8,3.36,2.7,2.1,2.44,2.18,2.18,2.78,3.52,1.84,3.62,1.96,3.34,2.78,2.6,2.88,3.2,2.7,2.1,3.48,3.64,2.22,2.54,2.64,2.56,2.72,3.54,3,2.42,2.98,3.36,3.16,2.54,2.52,2.1,2,3.6,2.3,2.68