20
79,46,5,24,26,4,80
81,50,72,63,69,53,82
83,29,53,41,39,2,25,51,84
85,58,25,2,20,86
87,27,61,64,23,22,77,2,25,51,88
89,0,1,50,54,90
91,6,78,21,15,13,92
93,67,73,0,78,8,94
95,50,1,0,78,77,9,96
97,72,73,65,23,41,62,98
99,76,12,46,5,24,26,35,48,71,100
101,58,25,2,5,24,36,102
103,39,41,62,104
105,17,65,67,106
107,13,15,21,78,77,33,32,7,108
109,49,5,24,26,35,48,71,110
111,39,41,23,65,73,112
113,7,32,33,77,78,0,73,67,28,114
115,15,21,22,23,43,116
117,8,77,22,23,41,39,37,118
119,78,77,2,5,120
121,6,78,0,73,67,61,27,122
123,73,65,23,41,39,40,38,44,124
125,40,39,41,23,65,17,10,11,54,126
127,0,78,77,2,5,44,34,128
129,55,41,43,130
131,24,26,35,48,72,132
133,62,41,39,59,134
135,49,30,46,136
137,55,41,39,2,25,51,138
succeed
3.78,2.62,2.86,4.28,3.02,2.7,4.5,3.8,3.1,2.94,2.86,3.6,4.54,3.04,4.38,2.88,3.8,2.62,3.82,3.16,3.5,3.1,4.08,3.46,4.24,4.56,2.68,3.18,3.46,3.04