20
79,4,26,24,5,44,38,80
79,4,37,39,40,38,81
82,3,78,0,18,65,67,29,53,55,41,62,83
82,3,78,21,22,23,41,62,84
85,64,61,63,29,67,65,18,0,78,77,20,5,86
87,38,44,2,25,58,57,88
89,60,31,71,10,17,73,72,50,35,13,15,21,22,77,2,25,66,30,46,12,76,90
89,60,31,71,10,17,73,72,50,35,13,15,21,78,6,77,2,25,66,30,46,12,76,91
92,7,32,77,20,2,93
94,19,77,2,44,36,24,5,47,12,76,95
96,63,29,67,48,72,50,97
98,54,11,52,50,72,60,16,48,67,29,53,55,41,39,4,26,24,5,44,45,99
100,17,65,18,16,48,67,29,63,101
102,39,2,77,3,78,21,15,13,35,103
104,0,18,65,35,13,105
106,26,4,39,2,5,30,107
108,53,29,63,65,17,56,50,35,26,24,36,34,44,2,77,3,78,21,15,109
110,69,63,29,53,55,41,39,40,38,44,2,77,3,78,21,15,13,35,26,111
110,69,63,61,67,65,35,26,112
113,12,47,5,2,39,41,43,114
113,12,47,5,2,44,45,30,66,25,58,33,77,22,23,41,43,115
116,78,6,77,20,5,24,26,4,39,41,23,65,17,56,117
118,7,32,33,58,25,2,44,5,20,77,22,21,78,0,18,16,48,71,119
118,7,32,33,58,25,66,30,5,20,77,22,21,78,0,18,16,48,71,120
121,33,32,77,2,44,5,24,26,35,13,15,21,22,23,65,67,48,1,122
121,33,32,77,2,44,5,24,26,35,13,15,21,78,0,18,65,67,48,1,123
121,33,32,77,2,44,5,24,26,35,13,15,21,78,0,73,67,48,1,124
121,33,32,77,2,44,5,24,26,35,48,1,125
121,33,32,77,78,0,73,67,48,1,126
127,17,65,18,0,78,77,33,32,57,128
129,22,23,43,41,62,130
131,75,53,23,22,132
131,75,53,55,41,23,22,133
134,46,5,47,12,76,135
136,59,39,41,23,65,67,137
138,19,78,6,77,32,33,58,25,139
140,42,60,31,141
142,41,53,23,65,17,10,11,54,50,72,73,143
142,41,53,29,67,48,72,73,144
142,41,53,29,67,72,73,145
146,72,63,29,53,55,41,39,2,5,46,12,147
146,72,63,29,53,55,41,39,2,5,47,12,148
149,4,26,24,5,47,30,150
151,8,78,77,33,58,25,74,152
succeed
2.8,3.7,2.14,3.1,3.1,2.3,2.72,3.38,2.6,3.22,1.9,3.08,2.04,2.54,3.7,2.98,3.72,2.08,3.12,2.74,3.18,2.68,2.46,2.76,2.78,3.76,3.18,2.32,2.44,3.08