20
79,57,32,77,78,0,1,48,72,50,52,80
81,16,18,0,78,8,77,9,82
81,16,48,35,13,21,22,77,9,83
81,16,48,72,18,0,78,8,77,9,84
85,45,2,39,41,43,23,64,86
85,45,44,5,20,77,22,23,64,87
88,19,77,2,25,58,33,32,7,89
88,19,78,6,77,2,25,58,33,32,7,90
88,19,78,6,77,32,7,91
92,56,50,72,73,17,65,18,0,78,3,77,32,33,58,25,2,93
92,56,50,72,60,16,48,67,29,53,41,23,22,77,32,33,58,25,2,94
92,56,50,72,73,17,65,67,29,53,41,23,22,77,33,58,25,2,95
96,2,77,8,78,0,18,16,97
96,2,44,5,24,26,35,42,60,16,98
96,2,39,41,53,70,63,65,73,0,18,16,99
100,40,39,4,26,24,5,30,25,57,101
102,45,30,46,5,24,26,35,65,67,28,103
102,45,2,44,38,40,39,41,23,65,67,28,104
102,45,2,5,24,26,35,65,67,28,105
106,66,25,2,39,41,55,53,107
106,66,25,2,44,38,40,39,41,55,53,108
109,43,41,23,65,110
111,48,67,29,63,61,68,112
113,47,5,2,39,37,114
115,27,61,63,29,53,23,22,77,33,58,25,66,30,47,5,49,116
115,27,61,63,29,67,65,18,0,78,77,33,58,25,66,30,47,5,49,117
115,27,61,63,29,67,65,18,0,78,77,33,58,25,66,30,49,118
119,36,44,5,20,77,32,120
121,10,71,48,1,122
123,33,32,77,3,78,21,15,13,35,65,73,72,124
123,33,32,77,3,78,21,22,23,65,73,72,125
123,33,77,3,78,21,22,23,65,73,72,126
127,24,36,34,44,45,30,25,74,128
127,24,36,34,44,45,30,66,25,74,129
130,47,5,2,77,3,78,21,15,13,35,48,16,60,42,131
130,47,30,66,25,58,33,77,3,78,21,15,13,35,48,16,60,42,132
130,47,30,66,25,58,33,77,3,78,21,15,13,35,48,67,28,31,60,42,133
134,73,72,63,135
136,50,35,65,23,137
136,50,72,18,65,23,138
139,44,2,77,3,78,14,140
139,44,2,77,78,14,141
142,25,30,49,5,24,26,35,50,1,48,72,18,65,17,73,143
142,25,30,49,5,24,26,35,50,1,48,72,73,144
145,42,60,72,63,61,27,146
145,42,60,72,73,67,65,23,64,61,27,147
148,42,35,65,17,73,149
148,42,60,16,48,54,50,72,73,150
151,0,18,65,35,13,15,21,78,77,2,5,47,12,152
151,0,18,65,35,13,15,21,78,77,33,58,25,66,30,45,44,2,5,47,12,153
154,32,33,58,25,2,45,44,5,20,77,22,21,13,35,48,16,60,42,155
154,32,33,77,22,21,13,35,48,16,60,42,156
157,77,2,158
159,61,67,48,71,31,160
161,63,55,53,162
163,61,63,29,53,41,39,59,164
163,61,63,29,53,55,41,39,59,165
163,61,64,23,22,77,20,5,44,2,39,59,166
167,10,11,54,50,35,13,15,21,168
169,74,25,58,57,32,77,8,78,0,18,16,48,67,29,170
169,74,25,58,57,32,77,8,78,21,22,23,41,55,63,29,171
172,75,53,55,41,173
174,44,38,40,39,41,55,175
174,44,45,30,5,20,77,22,23,53,55,176
177,53,41,39,2,25,66,30,49,178
177,53,41,39,4,26,24,5,47,30,49,179
180,35,26,4,37,39,40,181
182,56,17,65,35,26,24,36,44,34,183
182,56,17,65,35,26,24,36,34,184
182,56,17,65,63,69,53,55,41,43,23,22,77,2,5,44,34,185
186,6,77,33,32,57,187
188,65,63,189
190,21,78,6,77,20,5,47,30,45,2,44,34,191
190,21,78,77,20,5,47,30,45,2,44,34,192
succeed
2.76,2.54,2.26,3.76,2.78,3.72,2.24,3.68,2.48,3.22,3.08,2.02,2.2,1.88,3.46,2.18,2.42,3.34,2.48,2.04,2.96,2.38,3.68,2.12,2.06,2.38,2.14,2.38,2.88,3.44,3.38,2.12,3.22,2.12,3.2,2.34,3.7,2.62,3.52,2.68