20
72,52,15,60,21,38,73
72,52,15,60,21,49,38,74
72,52,15,60,58,38,75
76,55,36,2,23,48,77
76,55,36,37,35,41,2,23,48,78
76,55,36,37,35,41,5,27,23,48,79
80,67,47,48,9,81
80,67,45,14,8,9,82
80,67,47,1,45,14,8,9,83
84,32,60,62,85
84,32,45,62,86
84,32,47,67,68,62,87
88,50,9,48,23,61,89
88,50,45,1,47,48,23,61,90
88,50,45,32,24,22,5,43,27,61,91
92,18,70,20,21,38,93
92,18,2,36,38,94
92,18,70,20,21,40,38,95
96,46,27,23,48,9,50,97
96,46,27,61,23,48,9,50,98
96,46,27,61,23,54,30,29,70,8,9,50,99
100,8,70,2,41,33,101
100,8,70,2,41,31,33,102
100,8,70,2,41,5,22,33,103
104,9,48,47,67,68,105
104,9,8,66,45,67,68,106
104,9,8,15,68,107
108,46,27,43,10,70,71,0,16,14,109
108,46,27,43,10,70,71,0,1,45,14,110
108,46,27,61,23,54,30,29,70,71,0,16,14,111
112,12,71,6,70,29,30,113
112,12,70,29,30,114
112,12,70,30,115
116,35,41,5,44,27,61,23,69,49,51,58,26,117
116,35,41,5,18,70,20,21,60,62,26,118
116,35,41,5,44,27,23,69,49,51,58,26,119
120,11,19,71,121
120,11,13,19,71,122
120,11,19,20,70,17,71,123
124,61,27,46,125
124,61,23,27,46,126
124,61,23,2,5,27,46,127
128,15,60,16,0,129
128,15,68,60,16,0,130
128,15,68,67,16,0,131
132,56,39,32,47,52,133
132,56,14,16,60,15,52,134
132,56,28,66,8,15,52,135
136,30,70,17,137
136,30,29,70,17,138
136,30,70,3,71,17,139
140,4,24,22,5,2,70,3,71,12,141
140,4,36,2,70,3,71,12,142
140,4,24,22,5,18,70,3,71,12,143
144,48,47,145
144,48,9,50,45,1,47,146
147,41,2,36,38,148
147,41,2,18,70,20,21,38,149
147,41,2,23,69,49,38,150
151,8,15,68,152
151,8,14,45,62,68,153
151,8,15,60,68,154
155,15,60,156
155,15,68,60,157
155,15,68,62,60,158
159,12,71,19,11,32,60,63,57,160
159,12,71,0,16,67,62,25,57,161
159,12,71,6,70,20,21,59,57,162
163,50,9,8,164
163,50,45,66,8,165
163,50,45,14,8,166
167,49,38,36,37,35,41,31,168
167,49,38,36,2,41,31,169
167,49,69,23,2,41,31,170
171,38,58,26,62,45,50,172
171,38,58,67,47,48,9,50,173
171,38,58,57,62,45,50,174
175,44,10,43,27,61,23,48,176
175,44,10,43,27,23,48,177
175,44,27,61,23,48,178
179,41,2,36,38,21,60,15,52,180
179,41,2,18,70,8,15,52,181
179,41,31,33,22,24,32,60,15,52,182
183,6,71,0,16,60,62,184
183,6,17,71,0,16,60,62,185
183,6,17,71,0,16,67,62,186
187,59,57,25,28,188
187,59,57,62,25,28,189
187,59,57,58,26,62,25,28,190
191,11,19,20,70,18,5,41,192
191,11,19,20,70,2,41,193
191,11,13,19,20,70,2,41,194
195,16,60,68,196
195,16,67,68,197
195,16,60,62,68,198
199,3,70,29,30,54,200
199,3,70,30,54,201
199,3,70,29,53,54,202
203,57,62,60,16,0,71,6,204
203,57,62,60,16,0,71,70,6,205
203,57,62,60,16,0,71,7,29,30,70,6,206
207,34,36,38,21,208
207,34,36,2,70,20,21,209
207,34,36,38,49,21,210
211,11,19,71,70,29,30,54,23,61,27,46,5,41,35,212
211,11,19,71,70,18,5,41,35,213
211,11,19,71,70,10,44,5,41,35,214
215,38,58,60,32,216
215,38,21,60,32,217
215,38,49,21,60,32,218
219,49,21,20,19,13,220
219,49,38,40,21,20,19,13,221
219,49,38,21,20,19,13,222
223,61,27,5,18,224
223,61,27,43,5,18,225
223,61,27,46,5,18,226
227,50,45,14,16,60,62,26,228
227,50,45,62,26,229
227,50,45,62,57,58,26,230
231,14,45,67,47,32,11,13,232
231,14,45,32,11,13,233
231,14,45,32,11,19,13,234
235,20,70,30,54,236
235,20,70,29,30,54,237
235,20,70,29,53,54,238
239,52,47,32,11,240
239,52,15,60,32,11,241
239,52,15,68,67,47,32,11,242
243,59,57,58,38,49,69,23,54,30,29,244
243,59,21,38,49,69,23,54,30,29,245
243,59,57,58,65,49,69,23,54,30,29,246
247,22,5,2,70,17,71,248
247,22,5,18,70,17,71,249
247,22,5,2,18,70,17,71,250
251,12,71,6,70,2,5,22,24,4,252
251,12,70,2,5,22,24,4,253
251,12,71,70,2,5,22,24,4,254
255,4,24,32,45,50,256
255,4,24,32,47,48,9,50,257
255,4,24,32,45,67,47,48,9,50,258
259,34,36,4,24,32,39,56,28,260
259,34,36,38,21,60,16,14,56,28,261
259,34,36,2,70,8,66,28,262
263,39,56,28,66,8,70,3,71,17,264
263,39,56,28,66,8,70,17,265
263,39,56,28,66,8,70,3,17,266
267,29,70,8,66,28,268
267,29,7,71,6,70,8,66,28,269
267,29,7,71,3,70,8,66,28,270
271,66,8,15,52,272
271,66,45,32,47,52,273
271,66,45,1,47,52,274
275,6,71,19,20,276
275,6,70,20,277
275,6,71,3,70,20,278
279,44,5,22,24,32,45,1,280
279,44,10,70,8,66,45,1,281
279,44,10,70,8,14,45,1,282
283,47,32,24,22,33,284
283,47,48,23,61,27,42,41,33,285
283,47,67,45,32,24,22,33,286
287,36,2,23,69,49,51,58,57,63,288
287,36,38,58,57,63,289
287,36,2,23,69,49,65,58,57,63,290
291,20,19,13,11,32,47,67,292
291,20,19,11,32,47,67,293
291,20,21,60,68,67,294
295,43,5,22,24,32,45,296
295,43,10,44,5,22,24,32,45,297
295,43,10,70,8,66,45,298
299,21,60,16,14,45,66,300
299,21,60,16,1,45,66,301
299,21,59,57,25,28,66,302
303,65,58,26,62,45,50,304
303,65,58,67,47,48,9,50,305
303,65,58,57,62,45,50,306
307,40,38,36,4,308
307,40,38,36,2,5,22,24,4,309
307,40,38,58,67,47,32,24,4,310
succeed
2.7,3.42,2.56,3.24,3.76,3.02,2,2.08,1.94,3.78,1.9,1.96,3.58,2.88,2.9,3.14,2.4,2.82,3.42,3.6,3.64,3.36,3,3.3,2.58,1.94,2.34,2.38,3.34,3.78,2.02,3.1,2.14,2.2,3.06,2.38,2.92,2.2,3.4,2.9,3.56,3.68,3.2,3.1,2.6,1.9,3.2,2.62,2.82,2.98,3.1,3.24,3.1,2.14,2.06,3.72,3.58,2.98,2.38,2.94