20
79,56,17,65,18,0,78,77,32,33,80
79,56,17,65,18,0,78,6,77,32,33,81
79,56,17,65,35,26,24,5,44,2,77,32,33,82
83,56,17,65,35,26,24,5,20,84
83,56,17,65,23,22,77,20,85
83,56,17,65,18,0,78,21,15,13,35,26,24,5,20,86
87,67,65,23,22,77,33,58,25,88
87,67,65,35,26,24,5,47,30,25,89
87,67,65,18,0,78,3,77,33,58,25,90
91,53,55,41,39,40,38,44,34,92
91,53,41,39,40,38,44,34,93
91,53,29,67,65,35,26,24,36,34,94
95,76,12,47,5,2,44,45,30,66,25,58,33,77,22,23,65,67,48,16,60,42,96
95,76,12,47,5,2,44,45,30,66,25,58,33,77,22,21,78,0,18,65,67,48,16,60,42,97
95,76,12,47,5,2,44,45,30,66,25,58,33,77,22,21,13,35,48,16,60,42,98
99,1,48,16,60,31,100
99,1,48,71,31,101
99,1,48,16,10,71,31,102
103,21,22,23,65,18,16,48,104
103,21,15,13,35,48,105
103,21,13,35,48,106
107,6,77,2,39,41,53,55,108
107,6,77,2,39,41,55,109
107,6,19,78,0,18,65,67,29,53,55,110
111,57,25,30,112
111,57,58,33,77,2,5,47,12,46,30,113
111,57,58,33,77,2,5,30,114
115,43,41,55,53,29,67,48,54,11,116
115,43,41,23,65,67,48,54,11,117
115,43,41,39,4,26,35,48,54,11,118
119,10,71,48,35,26,24,5,44,34,120
119,10,71,48,67,29,53,55,41,39,40,38,44,34,121
119,10,71,48,67,65,35,26,24,5,44,34,122
123,32,77,22,21,78,0,18,65,17,124
123,32,33,58,25,2,44,5,20,77,22,21,78,0,18,65,17,125
123,32,77,22,23,65,17,126
127,68,61,63,29,128
127,68,61,63,55,53,29,129
127,68,61,64,23,53,29,130
131,0,1,48,67,132
131,0,73,67,133
131,0,18,65,67,134
135,76,12,47,5,24,136
135,76,12,47,5,2,44,36,24,137
135,76,12,47,30,5,24,138
139,63,55,41,43,140
139,63,29,67,65,23,41,43,141
139,63,65,23,41,43,142
143,49,30,5,24,26,4,39,41,23,65,17,10,11,54,50,72,73,144
143,49,30,66,25,2,39,41,23,65,73,145
143,49,30,66,25,2,44,5,24,26,4,39,41,23,65,73,146
147,36,44,2,77,3,78,21,15,13,35,50,72,148
147,36,24,26,4,39,2,77,3,78,21,15,13,35,50,72,149
147,36,24,26,35,50,72,150
151,71,10,17,73,72,50,35,13,15,21,78,6,152
151,71,10,17,73,72,50,35,13,15,21,78,77,6,153
151,71,48,67,29,53,55,41,39,2,77,6,154
155,78,0,18,65,67,29,53,156
155,78,21,22,23,53,157
155,78,6,77,2,39,41,53,158
succeed
3.04,2.98,2.86,2.16,2.3,2.24,2.8,2.42,3.68,2.62,3.14,1.96,2.16,3.12,1.82,3.26,2.78,2.34,3.04,2.56