20
79,4,26,24,5,44,38,80
79,4,39,2,44,38,81
79,4,37,39,40,38,82
83,3,77,2,39,41,62,84
83,3,78,0,18,65,67,29,53,55,41,62,85
83,3,19,78,0,18,65,67,29,53,55,41,62,86
87,64,61,63,29,67,65,18,0,78,77,20,5,88
87,64,61,63,29,53,55,41,39,2,5,89
87,64,61,63,29,53,55,41,39,4,26,24,5,90
91,38,44,2,25,58,57,92
91,38,44,5,30,25,58,57,93
91,38,44,2,25,57,94
95,60,16,48,67,29,53,55,41,39,4,26,24,5,47,12,76,96
95,60,31,71,10,17,65,18,16,48,67,29,53,55,41,39,4,26,24,5,47,12,76,97
95,60,31,71,10,17,65,67,29,53,55,41,39,4,26,24,5,47,12,76,98
99,7,32,77,2,100
99,7,32,77,20,2,101
99,7,32,57,58,25,66,30,45,2,102
103,19,78,6,77,2,44,5,47,12,76,104
103,19,77,2,44,5,47,12,76,105
103,19,3,77,2,44,5,47,12,76,106
107,63,29,67,48,72,50,108
107,63,72,50,109
107,63,29,67,48,1,50,110
111,54,11,52,50,72,60,16,48,67,29,53,55,41,39,4,26,24,5,44,45,112
111,54,11,52,50,72,60,16,48,67,29,53,55,41,39,4,26,24,5,44,2,25,66,30,45,113
111,54,11,52,50,72,60,16,48,35,26,24,5,44,2,25,66,30,45,114
115,17,65,63,116
115,17,65,18,16,48,67,29,63,117
115,17,65,67,29,63,118
119,39,2,77,3,78,21,15,13,35,120
119,39,41,23,65,35,121
119,39,4,26,35,122
123,0,18,65,35,13,124
123,0,18,65,23,22,21,13,125
123,0,78,21,13,126
127,26,24,5,30,128
127,26,35,65,18,0,78,77,20,5,30,129
127,26,4,39,2,5,30,130
131,53,29,67,48,72,50,35,13,21,15,132
131,53,29,67,48,72,50,35,26,24,5,44,2,77,3,78,21,15,133
131,53,29,67,48,54,50,35,26,24,5,44,2,77,3,78,21,15,134
135,69,63,29,53,55,41,39,4,26,136
135,69,63,29,67,65,18,0,78,21,15,13,35,26,137
135,69,63,65,35,26,138
139,12,47,5,2,39,41,43,140
139,12,47,5,2,44,45,30,66,25,58,33,77,22,23,41,43,141
139,12,47,5,2,44,45,30,66,25,58,33,77,22,21,78,0,18,65,23,41,43,142
143,78,0,18,65,17,56,144
143,78,21,22,23,65,17,56,145
143,78,0,18,16,48,54,50,72,73,17,56,146
147,7,32,33,77,22,21,78,0,18,65,17,10,71,148
147,7,32,33,58,25,2,44,5,20,77,22,21,78,0,18,65,17,10,71,149
147,7,32,33,77,22,23,65,17,10,71,150
151,33,32,77,19,78,0,1,152
151,33,32,77,78,0,1,153
151,33,32,77,2,44,5,24,26,35,50,1,154
155,17,65,18,0,78,77,33,32,57,156
155,17,65,18,0,78,77,20,5,44,2,25,58,57,157
155,17,65,18,0,78,21,22,77,33,32,57,158
159,22,23,41,62,160
159,22,77,2,39,41,62,161
159,22,21,78,6,77,2,39,41,62,162
163,75,53,23,22,164
163,75,53,29,67,65,23,22,165
163,75,53,55,41,23,22,166
167,46,12,76,168
167,46,30,66,25,2,44,5,47,12,76,169
167,46,5,47,12,76,170
171,59,39,41,23,65,67,172
171,59,39,41,23,65,18,16,48,67,173
171,59,39,40,38,44,45,30,66,25,58,33,32,77,22,21,78,0,18,16,48,67,174
175,19,78,6,77,32,33,58,25,176
175,19,77,32,33,58,25,177
175,19,3,77,32,33,58,25,178
179,42,60,31,180
181,41,23,65,17,10,11,54,50,72,73,182
181,41,23,65,73,183
181,41,53,29,67,73,184
185,72,50,35,13,15,21,78,6,77,2,5,47,12,186
185,72,50,35,13,15,21,78,6,77,33,58,25,66,30,45,44,2,5,47,12,187
185,72,63,29,53,55,41,39,2,5,47,12,188
189,4,26,24,5,30,190
189,4,26,24,5,47,30,191
189,4,37,39,2,5,30,192
193,8,78,6,77,33,58,25,74,194
193,8,77,33,58,25,74,195
193,8,78,3,77,33,58,25,74,196
succeed
2.8,3.7,2.14,3.1,3.1,2.3,2.72,3.38,2.6,3.22,1.9,3.08,2.04,2.54,3.7,2.98,3.72,2.08,3.12,2.74,3.18,2.68,2.46,2.76,2.78,3.76,3.18,2.32,2.44,3.08