20
79,70,63,69,80
81,68,61,63,29,53,55,41,39,4,26,24,5,46,82
81,68,61,63,55,41,39,4,26,24,5,46,83
81,68,61,63,72,48,35,26,24,5,46,84
85,11,10,17,65,35,13,15,21,78,6,77,2,44,36,86
85,11,10,17,65,35,26,24,36,87
85,11,54,48,35,26,24,36,88
89,63,55,90
91,14,78,6,77,22,23,53,55,63,92
91,14,78,21,13,35,48,67,29,53,55,63,93
91,14,78,21,13,35,50,72,63,94
95,46,30,45,44,2,5,24,96
95,46,30,45,44,36,24,97
98,39,2,25,57,99
98,39,2,44,5,30,25,57,100
101,39,59,102
103,59,39,2,25,66,30,49,104
103,59,39,4,26,24,5,47,30,49,105
103,59,39,40,38,44,2,25,66,30,49,106
103,59,39,40,38,44,5,47,30,49,107
108,43,41,23,65,67,48,54,11,109
108,43,41,53,29,67,72,48,54,11,110
111,77,20,2,25,57,112
111,77,32,57,113
114,53,29,67,65,73,0,115
114,53,29,67,73,17,56,50,72,18,1,0,116
117,74,25,2,77,3,78,21,13,35,118
117,74,25,30,5,24,26,35,119
117,74,25,58,33,77,3,78,21,13,35,120
121,3,77,20,122
123,6,78,0,18,124
125,35,48,72,50,126
125,35,50,127
128,42,60,16,48,71,10,129
130,65,18,72,50,35,13,15,21,22,77,33,58,25,30,47,131
130,65,18,72,50,35,13,15,21,78,3,77,33,58,25,30,47,132
130,65,18,72,50,35,13,15,21,78,8,77,33,58,25,30,47,133
130,65,23,22,77,33,58,25,30,47,134
130,65,23,22,77,33,58,57,25,30,47,135
130,65,63,72,50,35,13,15,21,78,8,77,33,58,57,25,30,47,136
130,65,73,0,78,8,77,33,58,57,25,30,47,137
130,65,73,0,78,8,77,33,58,57,25,66,30,47,138
139,38,40,39,2,44,34,140
139,38,44,34,141
142,32,33,77,14,78,0,18,65,35,50,143
142,32,33,77,22,23,65,67,48,72,50,144
142,32,57,58,25,2,44,5,24,26,35,50,145
142,32,57,58,25,66,30,46,5,24,26,35,50,146
147,30,5,2,39,41,148
147,30,46,5,2,39,41,149
150,22,21,15,151
152,24,36,153
154,65,35,13,15,21,78,155
156,6,19,77,2,5,24,26,4,39,41,23,157
156,6,19,77,22,23,158
156,6,19,78,0,18,65,23,159
156,6,77,22,23,160
161,69,63,65,18,0,78,77,6,162
161,69,63,72,48,1,18,0,78,77,6,163
164,22,21,78,3,77,2,5,49,165
164,22,77,2,5,49,166
164,22,77,2,25,66,30,49,167
164,22,77,33,58,57,25,66,30,49,168
169,11,10,17,65,63,61,27,170
171,64,61,67,29,53,41,39,40,172
173,48,67,29,63,174
173,48,67,65,63,175
succeed
1.44,1.42,2.02,1.76,1.64,2.46,2.24,2.16,1.96,2.8,1.84,2.48,2.9,2.46,2.82,1.26,2.28,2.74,2.12,2.46,2.76,2.9,1.52,1.04,1.54,1.98,2.46,1.84,1.94,1.84