20
9,4,1,2,3,10
9,4,3,11
12,1,4,5,6,13
12,1,2,3,7,6,14
12,1,4,3,7,6,15
16,7,6,5,17
16,7,8,6,5,18
16,7,3,2,1,4,5,19
20,0,1,2,3,7,21
20,0,1,4,3,7,22
20,0,1,4,5,6,7,23
24,5,4,1,0,25
24,5,4,3,2,1,0,26
24,5,6,8,7,3,2,1,0,27
28,1,4,5,29
28,1,4,3,7,8,6,5,30
28,1,2,3,7,8,6,5,31
32,0,1,4,5,33
32,0,1,2,3,7,8,6,5,34
32,0,1,4,3,7,8,6,5,35
36,4,3,7,37
36,4,5,6,7,38
36,4,5,6,8,7,39
40,6,5,41
42,5,6,8,43
42,5,6,7,8,44
45,8,6,7,3,46
45,8,6,5,4,3,47
45,8,7,3,48
49,0,1,2,3,7,6,50
49,0,1,4,5,6,51
49,0,1,4,3,7,6,52
53,4,5,6,8,54
53,4,3,7,6,8,55
53,4,3,7,8,56
57,7,3,4,58
57,7,6,5,4,59
57,7,3,2,1,4,60
61,7,3,4,1,62
61,7,3,2,1,63
61,7,3,2,0,1,64
65,6,8,66
65,6,7,8,67
68,5,4,3,69
68,5,4,1,0,2,3,70
68,5,6,8,7,3,71
72,4,1,0,73
72,4,3,2,1,0,74
75,8,6,7,76
75,8,7,77
78,2,3,4,79
78,2,0,1,4,80
78,2,1,4,81
succeed
3.24,2.48,3.44,3.58,3.9,4.08,3.24,2.48,2.26,2.4,2.76,2.58,3.66,4.04,3.24,3.96,3.42,3.64,4.04,4.08