20
9,4,3,10
9,4,1,2,3,11
12,1,4,5,6,13
12,1,2,3,7,6,14
12,1,4,3,7,6,15
16,7,6,5,17
16,7,8,6,5,18
19,0,1,2,3,7,20
19,0,1,4,3,7,21
19,0,1,4,5,6,7,22
23,5,4,1,0,24
23,5,4,3,2,1,0,25
23,5,6,7,3,2,1,0,26
27,1,4,5,28
27,1,4,3,7,8,6,5,29
27,1,2,3,7,8,6,5,30
31,0,1,4,5,32
31,0,1,2,3,7,8,6,5,33
31,0,1,2,3,7,6,5,34
35,4,3,7,36
35,4,5,6,8,7,37
35,4,5,6,7,38
39,6,5,40
41,5,6,8,42
41,5,6,7,8,43
44,8,6,7,3,45
44,8,7,3,46
44,8,6,5,4,3,47
48,0,1,2,3,7,6,49
48,0,1,4,5,6,50
48,0,1,4,3,7,6,51
52,4,5,6,8,53
52,4,3,7,6,8,54
52,4,1,2,3,7,6,8,55
56,7,3,4,57
56,7,8,6,5,4,58
56,7,6,5,4,59
60,7,3,4,1,61
60,7,3,2,1,62
60,7,3,2,0,1,63
64,6,8,65
64,6,7,8,66
67,5,4,3,68
67,5,4,1,0,2,3,69
67,5,6,7,3,70
71,4,1,0,72
71,4,3,2,0,73
74,8,6,7,75
74,8,7,76
77,2,3,4,78
77,2,1,4,79
77,2,0,1,4,80
succeed
3.92,3.22,3.74,4.1,4.52,3.9,3.5,3.8,3.88,2.72,3.94,2.98,3,3.1,4.38,4.24,3.36,3.92,3.58,4.24