20
9,4,1,2,3,10
9,4,3,11
12,1,4,5,6,13
12,1,2,3,7,6,14
12,1,4,3,7,6,15
16,7,6,5,17
18,0,1,2,3,7,19
18,0,1,4,3,7,20
18,0,1,4,5,6,8,7,21
22,5,4,1,0,23
22,5,4,3,2,1,0,24
22,5,6,8,7,3,2,1,0,25
26,1,4,5,27
26,1,4,3,7,8,6,5,28
26,1,2,3,7,8,6,5,29
30,0,1,4,5,31
30,0,1,2,3,7,8,6,5,32
30,0,1,4,3,7,8,6,5,33
34,4,3,7,35
34,4,5,6,7,36
34,4,5,6,8,7,37
38,6,5,39
40,5,6,8,41
40,5,6,7,8,42
43,8,6,7,3,44
43,8,6,5,4,3,45
43,8,6,5,4,1,0,2,3,46
47,0,1,2,3,7,6,48
47,0,1,4,5,6,49
47,0,1,4,3,7,6,50
51,4,5,6,8,52
51,4,3,7,6,8,53
51,4,1,2,3,7,6,8,54
55,7,3,4,56
55,7,6,5,4,57
55,7,3,2,1,4,58
59,7,3,4,1,60
59,7,3,2,1,61
59,7,3,2,0,1,62
63,6,8,64
63,6,7,8,65
66,5,4,3,67
66,5,4,1,0,2,3,68
66,5,6,7,3,69
70,4,1,0,71
70,4,3,2,1,0,72
73,8,6,7,74
75,2,3,4,76
75,2,1,4,77
75,2,0,1,4,78
succeed
3.02,2.2,3.34,3.02,2.26,1.68,2.94,2.64,1.84,2.22,1.52,2.14,2.24,2.54,1.5,1.46,3.02,2.74,2.9,2