20
14,0,1,3,4,6,15
14,0,2,1,3,4,6,16
14,0,2,5,4,6,17
14,0,2,5,10,9,7,6,18
14,0,2,5,10,9,13,8,3,4,6,19
14,0,7,6,20
21,0,1,3,4,22
21,0,2,1,3,4,23
21,0,2,5,4,24
21,0,7,6,4,25
21,0,7,9,11,8,3,4,26
21,0,7,9,13,8,3,4,27
28,10,5,2,1,3,8,11,29
28,10,5,12,11,30
28,10,5,12,13,8,11,31
28,10,9,11,32
28,10,9,13,8,11,33
34,1,0,7,6,4,3,35
34,1,0,7,9,13,8,3,36
34,1,2,5,4,3,37
34,1,3,38
39,2,0,1,40
39,2,1,41
39,2,5,12,11,8,3,1,42
39,2,5,12,13,8,3,1,43
44,13,8,3,4,5,12,45
44,13,8,11,12,46
44,13,9,10,5,12,47
44,13,9,11,12,48
44,13,12,49
50,0,1,3,51
50,0,2,1,3,52
50,0,2,5,4,3,53
50,0,7,6,4,3,54
50,0,7,9,11,8,3,55
50,0,7,9,13,8,3,56
57,10,5,58
57,10,9,7,0,2,5,59
57,10,9,7,6,4,5,60
57,10,9,11,8,3,1,2,5,61
57,10,9,11,12,5,62
57,10,9,13,8,3,1,2,5,63
57,10,9,13,12,5,64
65,6,4,3,1,0,7,66
65,6,4,3,8,11,9,7,67
65,6,4,3,8,13,9,7,68
65,6,4,5,10,9,7,69
65,6,7,70
71,11,8,3,1,0,2,72
71,11,8,3,1,2,73
71,11,8,3,4,6,7,0,2,74
71,11,9,7,0,2,75
71,11,9,10,5,2,76
71,11,12,5,2,77
71,11,12,13,8,3,4,6,7,0,2,78
79,3,1,0,2,80
79,3,1,2,81
79,3,4,5,2,82
79,3,4,6,7,0,2,83
79,3,8,11,12,5,2,84
79,3,8,13,9,7,0,2,85
79,3,8,13,12,5,2,86
87,9,7,0,1,3,4,88
87,9,7,6,4,89
87,9,10,5,4,90
87,9,11,8,3,4,91
87,9,11,12,5,4,92
87,9,13,8,3,4,93
87,9,13,12,5,4,94
95,9,10,96
95,9,11,12,5,10,97
95,9,13,8,3,1,2,5,10,98
95,9,13,8,11,12,5,10,99
95,9,13,12,5,10,100
101,11,8,3,4,5,12,102
101,11,8,13,12,103
101,11,9,10,5,12,104
101,11,9,13,12,105
101,11,12,106
107,1,0,7,6,4,3,8,11,12,13,108
107,1,0,7,6,4,3,8,13,109
107,1,0,7,9,11,12,13,110
107,1,0,7,9,13,111
107,1,2,5,10,9,13,112
107,1,2,5,12,13,113
107,1,3,8,13,114
115,1,0,7,6,116
115,1,2,0,7,6,117
115,1,2,5,4,6,118
115,1,2,5,10,9,7,6,119
115,1,3,4,6,120
121,5,2,0,1,3,122
121,5,2,1,3,123
121,5,4,3,124
121,5,10,9,7,0,1,3,125
121,5,10,9,7,6,4,3,126
121,5,12,11,8,3,127
121,5,12,13,8,3,128
129,9,7,0,130
129,9,10,5,2,0,131
129,9,11,8,3,1,0,132
129,9,11,12,5,2,0,133
129,9,13,8,3,1,0,134
129,9,13,8,3,1,2,0,135
129,9,13,12,5,2,0,136
129,9,13,12,5,4,6,7,0,137
138,11,8,3,1,139
138,11,8,3,4,6,7,0,1,140
138,11,9,7,0,1,141
138,11,9,10,5,2,1,142
138,11,12,5,2,1,143
138,11,12,13,8,3,4,6,7,0,1,144
145,10,5,2,146
145,10,5,4,6,7,0,2,147
145,10,5,12,11,8,3,1,0,2,148
145,10,5,12,11,8,3,1,2,149
145,10,9,7,0,2,150
145,10,9,13,8,3,1,2,151
145,10,9,13,12,11,8,3,1,2,152
153,3,1,0,7,9,154
153,3,1,2,5,10,9,155
153,3,4,5,10,9,156
153,3,4,5,12,11,9,157
153,3,4,5,12,13,9,158
153,3,4,6,7,9,159
153,3,8,11,9,160
153,3,8,13,9,161
162,1,0,7,163
162,1,2,0,7,164
162,1,2,5,4,6,7,165
162,1,2,5,10,9,7,166
162,1,3,8,11,9,7,167
162,1,3,8,13,9,7,168
169,10,5,2,0,170
169,10,5,4,6,7,0,171
169,10,5,12,11,8,3,1,0,172
169,10,9,7,0,173
169,10,9,11,8,3,1,0,174
169,10,9,13,8,3,1,0,175
169,10,9,13,12,11,8,3,1,0,176
177,9,7,0,1,3,178
177,9,7,6,4,3,179
177,9,10,5,2,1,3,180
177,9,10,5,4,3,181
177,9,11,8,3,182
177,9,11,12,5,4,3,183
177,9,13,8,3,184
177,9,13,12,5,4,3,185
186,5,2,0,7,9,11,8,13,187
186,5,2,0,7,9,13,188
186,5,2,1,3,8,13,189
186,5,4,3,8,13,190
186,5,10,9,13,191
186,5,12,11,8,13,192
186,5,12,13,193
194,10,5,2,1,3,4,195
194,10,5,4,196
194,10,5,12,11,8,3,4,197
194,10,5,12,13,8,3,4,198
194,10,9,7,0,1,3,4,199
194,10,9,7,6,4,200
194,10,9,11,8,3,4,201
194,10,9,13,8,3,4,202
203,9,7,6,4,3,8,11,204
203,9,10,5,12,11,205
203,9,11,206
203,9,13,8,11,207
203,9,13,12,11,208
209,7,0,1,3,8,210
209,7,0,2,5,12,11,8,211
209,7,6,4,3,8,212
209,7,6,4,5,12,11,8,213
209,7,9,10,5,12,11,8,214
209,7,9,11,8,215
209,7,9,13,8,216
209,7,9,13,12,11,8,217
218,2,0,1,3,8,11,12,13,219
218,2,0,1,3,8,13,220
218,2,0,7,6,4,3,8,13,221
218,2,0,7,9,11,12,13,222
218,2,0,7,9,13,223
218,2,1,3,8,13,224
218,2,5,10,9,13,225
218,2,5,12,13,226
227,0,1,228
227,0,2,1,229
227,0,7,9,11,8,3,1,230
227,0,7,9,13,8,3,1,231
232,4,3,1,0,7,6,233
232,4,3,8,13,9,7,6,234
232,4,5,2,0,7,6,235
232,4,5,10,9,7,6,236
232,4,6,237
238,13,8,3,239
238,13,9,7,0,1,3,240
238,13,9,7,6,4,3,241
238,13,9,10,5,2,1,3,242
238,13,9,10,5,4,3,243
238,13,12,5,4,3,244
238,13,12,11,8,3,245
238,13,12,11,9,10,5,4,3,246
247,10,5,2,1,3,8,13,9,248
247,10,5,12,11,8,13,9,249
247,10,5,12,11,9,250
247,10,5,12,13,9,251
247,10,9,252
253,9,7,0,2,254
253,9,10,5,2,255
253,9,11,8,3,1,0,2,256
253,9,11,12,5,2,257
253,9,13,8,3,1,0,2,258
253,9,13,8,3,1,2,259
253,9,13,12,5,2,260
261,13,8,3,1,0,262
261,13,8,3,1,2,0,263
261,13,8,3,4,6,7,0,264
261,13,9,7,0,265
261,13,9,10,5,2,0,266
261,13,12,5,2,0,267
261,13,12,11,8,3,4,6,7,0,268
261,13,12,11,9,10,5,2,0,269
270,12,5,4,3,8,271
270,12,5,10,9,11,8,272
270,12,5,10,9,13,8,273
270,12,11,8,274
270,12,13,8,275
276,3,1,0,7,9,11,277
276,3,1,2,5,10,9,11,278
276,3,4,5,10,9,11,279
276,3,4,5,12,11,280
276,3,4,6,7,9,11,281
276,3,8,11,282
276,3,8,13,9,11,283
276,3,8,13,12,11,284
285,6,4,3,8,11,12,13,286
285,6,4,3,8,13,287
285,6,4,5,10,9,11,12,13,288
285,6,4,5,10,9,13,289
285,6,4,5,12,13,290
285,6,7,0,1,3,8,13,291
285,6,7,0,2,5,12,13,292
285,6,7,9,13,293
294,8,3,1,295
294,8,3,4,5,2,1,296
294,8,3,4,6,7,0,1,297
294,8,11,9,7,0,1,298
294,8,11,12,5,2,1,299
294,8,13,9,7,0,1,300
294,8,13,9,10,5,2,1,301
302,11,8,3,1,0,7,303
302,11,8,3,4,6,7,304
302,11,8,13,9,7,305
302,11,9,7,306
302,11,12,5,2,0,7,307
302,11,12,5,4,6,7,308
302,11,12,13,9,7,309
310,11,8,3,4,6,7,9,311
310,11,8,13,9,312
310,11,9,313
310,11,12,5,10,9,314
310,11,12,13,9,315
316,13,8,3,1,2,5,317
316,13,8,3,4,5,318
316,13,8,11,9,7,0,2,5,319
316,13,8,11,12,5,320
316,13,9,7,0,2,5,321
316,13,9,10,5,322
316,13,12,5,323
324,4,3,1,0,2,325
324,4,3,1,2,326
324,4,3,8,11,12,5,2,327
324,4,3,8,13,9,7,0,2,328
324,4,3,8,13,12,5,2,329
324,4,5,2,330
324,4,6,7,0,2,331
332,1,0,7,6,4,3,8,333
332,1,0,7,9,11,8,334
332,1,0,7,9,13,8,335
332,1,2,5,4,3,8,336
332,1,2,5,10,9,13,8,337
332,1,2,5,12,11,8,338
332,1,3,8,339
340,11,8,3,341
340,11,9,7,0,1,3,342
340,11,9,7,6,4,3,343
340,11,9,10,5,2,1,3,344
340,11,9,10,5,4,3,345
340,11,9,13,8,3,346
340,11,12,5,4,3,347
340,11,12,13,8,3,348
349,4,3,1,350
349,4,3,8,13,9,7,0,1,351
349,4,5,2,1,352
349,4,6,7,0,1,353
354,10,5,2,1,3,8,355
354,10,5,4,3,8,356
354,10,5,12,11,8,357
354,10,5,12,13,8,358
354,10,9,7,6,4,3,8,359
354,10,9,11,8,360
354,10,9,13,8,361
362,6,4,3,1,0,2,363
362,6,4,3,1,2,364
362,6,4,3,8,11,12,5,2,365
362,6,4,3,8,13,12,5,2,366
362,6,4,5,2,367
362,6,7,0,2,368
362,6,7,9,10,5,2,369
370,8,3,4,5,12,371
370,8,11,9,10,5,12,372
370,8,11,12,373
370,8,13,9,10,5,12,374
370,8,13,12,375
376,2,0,7,377
376,2,1,0,7,378
376,2,1,3,8,13,9,7,379
376,2,5,4,6,7,380
376,2,5,10,9,7,381
376,2,5,12,11,9,7,382
376,2,5,12,13,9,7,383
succeed
1.94,3.12,1.94,3.08,2.12,3.02,3.16,2.46,3.38,3.14,2.38,1.94,1.94,3.28,2.18,2.84,3.68,3.06,2.8,1.92,2.5,3.26,3.54,1.86,2.06,2.9,2.38,2.16,2.34,3.6,2.54,2.1,1.92,3.3,2.4,2.8,3.16,2.7,3.5,1.98,3.14,2.76,3.06,2.36,3.78,2.76,3.46,3.4,3.7,2.78