20
14,11,9,7,15
16,7,0,1,17
18,9,13,8,3,19
20,3,8,13,21
22,5,4,6,23
24,8,3,4,25
26,7,0,1,3,27
28,2,5,12,29
30,5,4,31
32,1,3,8,11,33
34,12,5,10,35
36,12,5,4,6,37
38,0,7,9,11,39
40,4,5,12,11,41
42,9,13,8,43
44,1,3,8,45
46,5,4,3,47
48,4,6,49
50,2,0,7,51
52,6,4,5,12,53
54,13,9,7,6,55
56,1,2,5,57
58,13,9,10,59
60,3,1,2,61
62,6,7,9,63
64,1,0,7,65
66,6,4,5,67
68,2,0,7,6,69
70,1,0,7,9,71
72,2,5,12,13,73
succeed
1.34,2.66,1.34,1.7,1.46,2.32,2.08,2.32,2.34,1.52,2.96,2.3,2.32,1.96,1.48,2.1,2.34,1.28,2.5,2.8,3,2.98,2.58,2.44,2.08,1.1,2.3,2.24,1.9,1.6