20
14,11,8,13,9,7,15
16,7,0,1,17
18,9,11,8,3,19
20,3,8,13,21
22,5,4,6,23
24,8,3,4,25
24,8,11,12,5,4,26
27,7,6,4,3,28
29,2,0,1,3,4,5,12,30
29,2,5,12,31
32,5,4,33
34,1,2,5,12,13,8,11,35
34,1,3,8,11,36
37,12,5,10,38
39,12,13,8,3,4,6,40
41,0,1,3,8,11,42
43,4,5,12,13,8,11,44
45,9,11,8,46
47,1,3,8,48
49,5,4,3,50
51,4,6,52
53,2,0,7,54
55,6,7,9,13,12,56
57,13,8,3,4,6,58
57,13,9,7,6,59
60,1,0,2,5,61
60,1,3,4,5,62
63,13,12,5,10,64
65,3,1,0,2,66
67,6,7,9,68
69,1,2,0,7,70
71,6,4,5,72
73,2,0,1,3,4,6,74
73,2,0,7,6,75
76,1,0,7,9,77
76,1,3,4,5,12,13,9,78
79,2,5,12,13,80
succeed
1.34,2.66,1.34,1.7,1.46,2.32,2.08,2.32,2.34,1.52,2.96,2.3,2.32,1.96,1.48,2.1,2.34,1.28,2.5,2.8,3,2.98,2.58,2.44,2.08,1.1,2.3,2.24,1.9,1.6