20
14,4,5,2,0,15
16,4,5,10,9,17
18,2,5,12,11,19
20,10,5,12,21
22,5,2,1,23
24,8,3,1,25
26,2,5,10,9,27
28,10,5,4,29
30,9,11,8,31
32,7,6,33
34,9,7,35
36,5,4,6,37
38,12,5,2,39
40,8,3,4,6,41
42,2,5,4,43
44,12,5,4,3,45
46,2,5,4,6,47
48,12,11,49
50,1,3,51
52,1,0,7,53
54,8,3,55
56,6,4,3,1,57
58,13,8,11,59
60,3,4,61
62,9,10,5,63
64,8,11,12,65
66,12,5,2,0,67
68,13,12,5,69
70,12,5,71
72,10,5,73
74,7,6,4,3,75
76,5,12,13,77
78,6,7,79
80,2,0,81
82,13,8,3,1,83
84,3,8,11,9,85
86,3,4,6,87
88,3,8,13,89
90,9,13,91
92,6,4,5,93
succeed
3.5,2.06,2.56,2.44,3.68,3.2,2.12,2.62,3.4,2.64,1.96,2.8,2.9,2.48,2.14,3.02,2.54,3.12,1.98,2.6,3.26,2.12,2.82,2.4,3.02,2.98,3.08,3.68,3.48,3.4,2.42,1.92,3.78,2.22,2.5,2.84,3.66,2.46,2.78,3.14