20
14,11,9,13,12,5,15
16,5,4,3,8,17
16,5,10,9,11,8,18
19,11,12,5,2,20
21,5,2,0,1,3,8,13,22
21,5,2,1,3,8,13,23
21,5,12,13,24
25,12,13,8,3,1,0,2,5,26
25,12,13,8,11,9,10,5,27
25,12,13,9,10,5,28
29,2,0,1,3,30
31,7,0,2,5,32
33,3,1,0,7,34
33,3,4,6,7,35
36,2,0,7,37
36,2,1,0,7,38
39,4,5,2,0,7,40
39,4,6,7,41
42,10,9,7,43
44,1,0,2,5,45
46,6,4,3,1,0,2,5,10,47
46,6,4,5,10,48
49,9,7,0,1,50
51,0,1,3,8,52
53,13,9,54
55,11,8,56
57,7,9,11,58
59,9,11,60
59,9,13,8,11,61
62,2,0,63
64,13,8,3,65
64,13,12,5,4,3,66
67,11,9,7,68
69,8,3,4,70
71,1,3,4,6,72
73,13,9,10,5,4,74
75,12,13,8,76
77,11,8,3,4,78
77,11,9,7,6,4,79
80,12,5,2,1,81
82,5,10,9,83
82,5,12,13,9,84
85,10,5,4,86
succeed
1.28,1.49,1.6,2.0,1.83,1.58,1.93,1.99,1.12,1.22,1.56,1.69,1.68,1.86,1.14,1.78,1.7,1.18,1.7,1.14,1.93,1.22,1.94,1.27,1.78,1.08,1.52,1.26,1.63,1.67