20
14,0,7,6,15
16,0,7,6,4,17
18,10,9,11,19
20,1,3,21
22,2,1,23
24,13,12,25
26,0,1,3,27
28,10,5,29
30,6,7,31
32,11,12,5,2,33
34,3,1,2,35
36,9,7,6,4,37
38,9,10,39
40,11,12,41
42,1,3,8,13,43
44,1,3,4,6,45
46,5,4,3,47
48,9,7,0,49
50,11,8,3,1,51
52,10,5,2,53
54,3,8,11,9,55
56,1,0,7,57
58,10,9,7,0,59
60,9,11,8,3,61
62,5,12,13,63
64,10,5,4,65
66,9,11,67
68,7,9,11,8,69
70,2,5,12,13,71
72,0,1,73
74,4,6,75
76,13,8,3,77
78,10,9,79
80,9,7,0,2,81
82,13,9,7,0,83
84,12,11,8,85
86,3,8,11,87
88,6,7,9,13,89
90,8,3,1,91
92,11,9,7,93
94,11,9,95
96,13,12,5,97
98,4,5,2,99
100,1,3,8,101
102,11,8,3,103
104,4,3,1,105
106,10,9,11,8,107
108,6,7,0,2,109
110,8,11,12,111
112,2,0,7,113
succeed
1.94,3.12,1.94,3.08,2.12,3.02,3.16,2.46,3.38,3.14,2.38,1.94,1.94,3.28,2.18,2.84,3.68,3.06,2.8,1.92,2.5,3.26,3.54,1.86,2.06,2.9,2.38,2.16,2.34,3.6,2.54,2.1,1.92,3.3,2.4,2.8,3.16,2.7,3.5,1.98,3.14,2.76,3.06,2.36,3.78,2.76,3.46,3.4,3.7,2.78