20
14,12,5,2,15
16,12,5,10,17
18,1,0,7,9,19
20,4,5,12,21
22,13,12,5,23
24,6,7,0,1,25
26,0,1,3,4,27
28,1,2,5,10,29
30,8,3,1,2,31
32,12,5,4,33
34,13,9,7,35
36,1,2,37
38,0,7,9,11,39
40,5,2,41
42,11,9,43
44,1,3,45
46,0,1,47
48,7,0,49
50,12,11,9,51
52,1,2,5,53
54,3,4,55
56,13,9,7,6,57
58,6,7,59
60,11,12,5,4,61
62,4,3,1,0,63
64,11,12,13,65
66,10,9,7,0,67
68,5,12,11,69
70,6,7,9,11,71
72,11,9,7,6,73
succeed
1.51,1.25,1.17,1.09,1.67,1.28,1.75,1.48,1.21,1.11,1.12,1.62,1.99,1.68,1.01,1.61,1.54,1.57,1.53,1.22,1.71,1.88,1.66,1.39,1.27,1.97,1.54,1.16,2.0,1.52