20
14,10,9,11,8,15
14,10,9,13,8,16
14,10,5,2,1,3,8,17
18,1,0,7,9,19
18,1,3,8,11,9,20
18,1,2,0,7,9,21
22,0,2,23
22,0,1,2,24
25,11,8,26
25,11,9,13,8,27
25,11,12,13,8,28
29,4,5,30
29,4,3,1,2,5,31
29,4,3,1,0,2,5,32
33,6,4,5,34
33,6,4,3,1,0,2,5,35
33,6,7,9,10,5,36
37,0,1,3,4,6,38
37,0,7,6,39
37,0,2,1,3,4,6,40
41,13,9,7,42
41,13,8,11,9,7,43
41,13,12,11,9,7,44
45,12,5,46
45,12,11,9,10,5,47
45,12,13,9,10,5,48
49,13,12,5,50
49,13,9,10,5,51
49,13,12,11,9,10,5,52
53,3,1,0,2,54
53,3,1,2,55
53,3,4,5,2,56
57,4,3,8,11,9,58
57,4,5,10,9,59
57,4,3,1,0,7,9,60
61,11,9,10,5,62
61,11,12,5,63
61,11,8,13,12,5,64
65,6,4,3,66
65,6,7,0,1,3,67
65,6,7,0,2,1,3,68
69,7,0,2,5,70
69,7,9,10,5,71
69,7,6,4,5,72
73,1,2,5,10,74
73,1,0,2,5,10,75
73,1,3,8,11,9,10,76
77,6,7,78
77,6,4,3,1,0,7,79
80,13,8,11,81
80,13,12,11,82
80,13,9,11,83
84,5,10,9,85
84,5,2,0,7,9,86
84,5,12,11,9,87
88,5,12,13,89
88,5,10,9,13,90
88,5,2,0,1,3,8,13,91
92,8,3,4,93
92,8,11,12,5,4,94
92,8,11,9,7,6,4,95
96,5,2,0,1,3,8,97
96,5,12,11,8,98
96,5,2,1,3,8,99
100,2,5,12,101
100,2,0,1,3,8,11,12,102
100,2,1,3,8,11,12,103
104,7,0,1,105
104,7,0,2,1,106
104,7,6,4,3,1,107
108,13,8,3,109
108,13,12,5,4,3,110
108,13,9,7,0,1,3,111
112,10,5,2,113
112,10,9,7,0,2,114
112,10,9,11,12,5,2,115
116,13,9,7,0,117
116,13,12,5,2,0,118
116,13,8,3,1,0,119
120,6,7,9,13,12,121
120,6,7,9,11,12,122
120,6,4,3,8,11,12,123
124,13,8,3,4,125
124,13,12,5,4,126
124,13,9,7,6,4,127
128,4,3,1,0,7,129
128,4,6,7,130
128,4,5,2,0,7,131
succeed
4.08,2.8,3.06,3.18,2.7,3.9,3.74,2.78,4.26,4.08,2.72,2.96,3.6,2.88,4.3,2.96,3.42,4.2,3.86,4.4,4.36,4.22,3.28,3.38,4.3,4,4.58,3.52,4.26,3.74