20
14,7,0,1,3,15
14,7,0,2,1,3,16
14,7,0,2,5,4,3,17
14,7,0,2,5,12,11,8,3,18
14,7,6,4,3,19
14,7,9,10,5,12,11,8,3,20
14,7,9,11,8,3,21
14,7,9,13,8,3,22
23,12,5,2,0,1,3,24
23,12,5,2,1,3,25
23,12,5,4,3,26
23,12,5,10,9,7,0,1,3,27
23,12,11,8,3,28
23,12,11,9,7,0,1,3,29
23,12,13,8,3,30
23,12,13,9,7,0,1,3,31
23,12,13,9,7,6,4,3,32
33,12,5,10,34
33,12,11,8,3,1,2,5,10,35
33,12,11,8,3,4,5,10,36
33,12,11,9,10,37
33,12,13,9,10,38
39,11,8,3,1,0,2,5,12,40
39,11,8,3,4,5,12,41
39,11,8,13,12,42
39,11,9,10,5,12,43
39,11,9,13,12,44
39,11,12,45
46,5,2,0,1,3,8,47
46,5,2,0,7,9,11,8,48
46,5,2,1,3,8,49
46,5,4,3,8,50
46,5,4,6,7,9,11,8,51
46,5,10,9,11,8,52
46,5,10,9,13,8,53
46,5,12,11,8,54
46,5,12,13,8,55
56,4,3,1,0,7,57
56,4,5,2,0,7,58
56,4,5,10,9,7,59
56,4,6,7,60
61,9,7,6,62
61,9,10,5,2,0,7,6,63
61,9,10,5,4,6,64
61,9,11,8,3,1,0,7,6,65
61,9,13,8,3,1,0,7,6,66
61,9,13,8,3,4,6,67
61,9,13,12,5,4,6,68
69,6,4,3,1,0,70
69,6,4,5,2,0,71
69,6,7,0,72
69,6,7,9,11,8,3,1,0,73
69,6,7,9,13,8,3,1,0,74
75,11,8,3,1,2,76
75,11,8,13,12,5,2,77
75,11,9,7,0,1,2,78
75,11,9,7,0,2,79
75,11,9,7,6,4,5,2,80
75,11,9,13,12,5,2,81
75,11,12,5,2,82
83,1,0,2,5,10,9,84
83,1,0,7,9,85
83,1,2,5,10,9,86
83,1,2,5,12,13,9,87
83,1,3,4,5,12,13,9,88
83,1,3,4,6,7,9,89
83,1,3,8,11,9,90
83,1,3,8,13,9,91
92,10,5,2,0,1,3,8,93
92,10,5,2,1,3,8,94
92,10,5,4,3,8,95
92,10,5,12,11,8,96
92,10,5,12,13,8,97
92,10,9,7,6,4,3,8,98
92,10,9,11,8,99
92,10,9,13,8,100
101,13,8,3,4,5,12,102
101,13,8,11,12,103
101,13,9,7,0,2,5,12,104
101,13,9,7,6,4,5,12,105
101,13,9,10,5,12,106
101,13,9,11,12,107
101,13,12,108
109,6,4,3,8,11,12,110
109,6,4,3,8,13,12,111
109,6,4,5,12,112
109,6,7,0,1,3,8,13,12,113
109,6,7,0,2,5,12,114
109,6,7,9,10,5,12,115
109,6,7,9,11,12,116
109,6,7,9,13,12,117
118,5,2,0,7,119
118,5,2,1,0,7,120
118,5,4,3,1,0,7,121
118,5,4,3,8,13,9,7,122
118,5,4,6,7,123
118,5,10,9,7,124
118,5,12,13,9,7,125
126,13,8,3,1,0,7,6,127
126,13,8,3,4,6,128
126,13,8,11,9,7,6,129
126,13,8,11,12,5,2,0,7,6,130
126,13,8,11,12,5,4,6,131
126,13,9,7,6,132
126,13,9,10,5,4,6,133
126,13,12,5,4,6,134
135,12,5,136
135,12,11,8,3,1,2,5,137
135,12,11,9,7,0,2,5,138
135,12,11,9,7,6,4,5,139
135,12,11,9,10,5,140
135,12,13,8,3,1,2,5,141
135,12,13,8,3,4,5,142
135,12,13,9,10,5,143
144,0,1,3,8,13,145
144,0,2,5,4,3,8,13,146
144,0,2,5,10,9,11,8,13,147
144,0,2,5,12,11,8,13,148
144,0,2,5,12,13,149
144,0,7,9,11,8,13,150
144,0,7,9,13,151
152,3,1,0,2,5,153
152,3,1,0,7,9,10,5,154
152,3,1,2,5,155
152,3,4,5,156
152,3,8,11,9,10,5,157
152,3,8,11,9,13,12,5,158
152,3,8,11,12,5,159
152,3,8,13,12,5,160
161,8,3,1,0,2,162
161,8,3,1,2,163
161,8,3,4,5,2,164
161,8,3,4,6,7,0,2,165
161,8,11,9,7,0,2,166
161,8,11,12,5,2,167
161,8,13,9,7,0,2,168
161,8,13,12,5,2,169
170,11,8,3,1,0,7,9,171
170,11,8,3,4,6,7,9,172
170,11,8,13,9,173
170,11,9,174
170,11,12,5,10,9,175
176,4,3,1,0,177
176,4,5,2,0,178
176,4,6,7,0,179
180,3,1,0,2,5,10,9,13,181
180,3,1,0,7,9,13,182
180,3,1,2,5,10,9,13,183
180,3,1,2,5,12,13,184
180,3,4,5,12,13,185
180,3,4,6,7,9,13,186
180,3,8,11,9,13,187
180,3,8,11,12,13,188
180,3,8,13,189
190,1,0,2,5,10,9,11,12,191
190,1,0,7,9,11,12,192
190,1,0,7,9,13,12,193
190,1,2,5,10,9,13,12,194
190,1,2,5,12,195
190,1,3,4,5,12,196
190,1,3,4,6,7,9,13,12,197
190,1,3,8,11,12,198
190,1,3,8,13,12,199
200,2,0,1,201
200,2,1,202
200,2,5,4,3,1,203
204,3,1,0,2,5,4,6,205
204,3,1,0,7,6,206
204,3,1,2,5,4,6,207
204,3,4,6,208
204,3,8,11,9,7,6,209
204,3,8,11,12,5,4,6,210
211,0,1,3,8,11,212
211,0,2,5,4,6,7,9,11,213
211,0,2,5,12,11,214
211,0,2,5,12,13,8,11,215
211,0,2,5,12,13,9,11,216
211,0,7,9,11,217
218,0,1,3,4,6,219
218,0,1,3,8,11,9,7,6,220
218,0,1,3,8,13,9,7,6,221
218,0,2,5,4,6,222
218,0,7,6,223
224,1,0,2,5,12,11,225
224,1,0,7,9,11,226
224,1,2,5,12,11,227
224,1,2,5,12,13,8,11,228
224,1,2,5,12,13,9,11,229
224,1,3,4,6,7,9,11,230
224,1,3,8,11,231
232,4,3,1,0,2,5,10,233
232,4,3,1,2,5,10,234
232,4,3,8,11,9,10,235
232,4,3,8,13,9,10,236
232,4,5,10,237
232,4,5,12,13,9,10,238
232,4,6,7,0,2,5,12,13,9,10,239
232,4,6,7,9,10,240
241,3,1,0,2,5,10,9,242
241,3,1,0,7,9,243
241,3,1,2,5,10,9,244
241,3,4,5,10,9,245
241,3,4,5,12,13,9,246
241,3,4,6,7,9,247
241,3,8,11,9,248
241,3,8,11,12,13,9,249
241,3,8,13,9,250
succeed
4.22,4.1,4.6,4.26,4.26,3.02,4.42,4.16,3.02,3.24,4.24,3.42,4.48,4.62,3.92,3.18,4.2,4.68,3.7,3.12,4.62,4.46,4.02,4.58,4.94,3.72,4.94,4.26,3.36,3.86