20
14,4,3,1,0,15
16,4,3,8,11,9,17
16,4,5,12,13,9,18
19,2,5,12,11,20
21,10,9,13,12,22
23,5,2,0,1,24
25,8,3,1,26
27,2,5,10,9,28
29,10,5,4,30
31,9,11,8,32
33,7,6,34
35,9,7,36
37,5,2,0,7,6,38
37,5,4,6,39
40,12,5,2,41
42,8,3,4,6,43
44,2,0,7,6,4,45
44,2,5,4,46
47,12,5,4,3,48
47,12,11,8,3,49
47,12,13,8,3,50
51,2,0,7,6,52
51,2,1,3,4,6,53
54,12,11,55
54,12,13,9,11,56
57,1,3,58
59,1,0,7,60
61,8,11,9,7,0,1,3,62
61,8,11,9,7,6,4,3,63
64,6,7,0,2,1,65
66,13,8,11,67
68,3,4,69
70,9,7,0,2,5,71
72,8,13,12,73
74,12,13,8,3,1,0,75
74,12,13,8,11,9,7,0,76
77,13,9,10,5,78
77,13,12,5,79
80,12,5,81
82,10,5,83
84,7,0,1,3,85
86,5,12,13,87
88,6,4,3,1,0,7,89
88,6,7,90
91,2,0,92
91,2,1,0,93
94,13,8,3,1,95
94,13,12,5,2,0,1,96
97,3,8,13,9,98
99,3,4,6,100
101,3,8,13,102
103,9,13,104
105,6,4,5,106
succeed
3.5,2.06,2.56,2.44,3.68,3.2,2.12,2.62,3.4,2.64,1.96,2.8,2.9,2.48,2.14,3.02,2.54,3.12,1.98,2.6,3.26,2.12,2.82,2.4,3.02,2.98,3.08,3.68,3.48,3.4,2.42,1.92,3.78,2.22,2.5,2.84,3.66,2.46,2.78,3.14