20
14,11,8,13,9,7,15
14,11,9,7,16
14,11,12,13,9,7,17
18,7,0,1,19
18,7,0,2,1,20
21,9,13,8,3,22
21,9,11,8,3,23
21,9,10,5,4,3,24
25,3,8,13,26
25,3,4,5,12,13,27
25,3,4,5,10,9,13,28
29,5,4,6,30
29,5,10,9,7,6,31
29,5,12,13,9,7,6,32
33,8,3,4,34
33,8,13,12,5,4,35
33,8,11,12,5,4,36
37,7,6,4,3,38
37,7,9,13,8,3,39
37,7,9,11,8,3,40
41,2,5,12,42
41,2,5,10,9,13,12,43
41,2,0,7,9,13,12,44
45,5,4,46
45,5,10,9,13,8,3,4,47
45,5,10,9,11,8,3,4,48
49,1,3,8,11,50
49,1,0,2,5,12,13,8,11,51
49,1,0,2,5,12,11,52
53,12,5,10,54
53,12,13,9,10,55
53,12,13,8,11,9,10,56
57,12,13,8,3,4,6,58
57,12,13,9,7,6,59
57,12,11,9,7,6,60
61,0,1,3,4,5,12,11,62
61,0,1,3,4,5,12,13,8,11,63
61,0,7,9,11,64
65,4,3,8,11,66
65,4,5,10,9,11,67
65,4,5,10,9,13,8,11,68
69,9,11,8,70
69,9,13,8,71
69,9,13,12,11,8,72
73,1,3,8,74
73,1,0,2,5,12,13,8,75
73,1,2,5,12,13,8,76
77,5,4,3,78
77,5,12,13,8,3,79
77,5,10,9,13,8,3,80
81,4,6,82
81,4,5,10,9,7,6,83
81,4,5,12,13,9,7,6,84
85,2,0,7,86
85,2,5,10,9,7,87
85,2,0,1,3,8,13,9,7,88
89,6,7,9,13,12,90
89,6,4,3,8,13,12,91
89,6,4,5,10,9,13,12,92
93,13,9,7,6,94
93,13,8,3,4,6,95
93,13,12,5,4,6,96
97,1,0,2,5,98
97,1,2,5,99
97,1,3,4,5,100
101,13,9,10,102
101,13,12,5,10,103
101,13,8,11,9,10,104
105,3,1,2,106
105,3,1,0,2,107
105,3,4,5,2,108
109,6,7,9,110
109,6,4,3,8,13,9,111
109,6,4,5,10,9,112
113,1,0,7,114
113,1,2,0,7,115
113,1,3,8,13,9,7,116
117,6,4,5,118
117,6,7,9,10,5,119
117,6,7,9,13,12,5,120
121,2,0,1,3,4,6,122
121,2,0,7,6,123
121,2,1,3,4,6,124
125,1,0,7,9,126
125,1,3,8,13,9,127
125,1,3,8,11,9,128
129,2,5,12,13,130
129,2,1,3,8,13,131
129,2,5,10,9,13,132
succeed
1.34,2.66,1.34,1.7,1.46,2.32,2.08,2.32,2.34,1.52,2.96,2.3,2.32,1.96,1.48,2.1,2.34,1.28,2.5,2.8,3,2.98,2.58,2.44,2.08,1.1,2.3,2.24,1.9,1.6