20
14,8,3,15
16,13,9,7,6,17
18,1,0,7,19
20,10,9,13,8,21
22,0,1,2,5,12,23
22,0,2,5,12,24
25,4,5,12,26
27,12,5,10,28
29,5,2,0,7,30
29,5,10,9,7,31
32,11,8,13,12,5,33
34,10,5,4,35
36,6,7,9,11,37
38,4,3,1,0,2,39
38,4,5,2,40
41,0,7,42
43,6,7,9,44
45,7,9,11,46
47,4,6,48
49,1,3,8,11,12,13,9,50
51,4,5,2,0,7,52
51,4,6,7,53
54,7,0,2,55
56,10,5,2,0,1,3,57
56,10,5,4,3,58
59,7,0,60
61,13,8,11,62
63,10,5,2,0,1,3,8,13,12,64
63,10,5,12,65
63,10,9,13,12,66
67,3,4,6,68
69,2,0,1,70
71,7,6,4,3,8,13,72
71,7,9,13,73
74,9,11,8,75
74,9,13,8,76
77,7,0,1,3,78
77,7,6,4,3,79
80,5,2,0,1,3,8,81
80,5,2,1,3,8,82
80,5,10,9,13,8,83
84,11,8,13,9,85
84,11,9,86
84,11,12,13,9,87
succeed
2.52,2.64,1.98,1.58,2.74,1.94,1.58,1.72,2.82,1.94,1.44,2.94,1.82,2.2,1.52,2.4,1.9,1.94,2.08,2.34,2.16,1.64,3.2,3,1.8,2.98,3.34,1.86,2.78,1.86