20
14,10,5,4,15
16,11,8,3,1,17
18,2,0,19
20,8,11,9,21
22,0,7,9,23
24,10,9,25
26,7,9,13,27
28,1,3,8,29
30,3,1,0,31
32,9,10,5,33
34,3,4,35
36,13,9,7,0,37
38,1,2,5,12,39
40,12,13,41
42,9,7,0,2,43
44,6,7,9,13,45
46,6,7,0,47
48,9,11,8,3,49
50,11,9,7,0,51
52,3,4,6,53
54,13,9,55
56,5,4,6,57
58,4,5,10,59
60,10,9,11,8,61
62,6,7,9,11,63
64,13,8,65
66,0,7,9,11,67
68,8,11,9,10,69
70,12,5,2,1,71
72,5,12,11,73
74,2,0,7,75
76,0,2,5,77
78,11,12,79
80,9,11,81
82,12,11,9,83
84,8,3,85
86,2,1,3,87
88,11,9,89
90,7,9,11,12,91
92,11,12,5,2,93
94,0,1,3,8,95
96,4,6,7,9,97
98,2,5,10,99
100,0,2,5,10,101
102,10,5,2,103
104,8,11,9,7,105
106,0,2,5,12,107
108,5,4,3,109
110,0,7,9,13,111
112,7,6,4,3,113
114,2,5,12,115
116,6,4,5,2,117
118,6,4,5,119
120,12,11,9,7,121
122,2,5,12,13,123
124,2,5,12,11,125
126,11,12,5,127
128,13,12,5,129
130,7,6,131
132,13,12,11,133
succeed
1.94,2.18,2.92,3.06,2.2,3.36,3.4,3.76,2.96,2.42,2.18,3.68,2.32,3.38,3.3,3.12,2.98,1.96,2.94,2.78,2.34,2.84,3.62,2.3,2.8,3.72,2.38,2.98,1.98,2.1,2.8,3.14,2.92,3.78,3.5,3.66,3.74,3.36,3.16,2.3,2.86,3.5,2.7,2.28,3.38,3.34,2.56,1.94,2.66,2.84,3.7,2.68,2.54,3.34,2.4,1.94,2.64,3.14,3.52,2.9