20
14,8,3,1,0,15
16,1,0,2,5,10,17
18,11,8,13,9,19
18,11,9,20
21,5,4,3,1,0,22
23,8,13,9,7,24
25,9,7,26
25,9,13,8,3,1,0,7,27
25,9,13,8,11,12,5,4,6,7,28
29,1,2,0,30
31,12,5,2,0,1,32
31,12,5,4,6,7,0,1,33
34,4,3,8,11,35
36,9,7,6,37
38,1,3,39
40,6,4,5,10,41
42,12,13,8,11,9,43
42,12,13,9,44
45,5,2,0,1,46
47,6,4,3,8,13,12,48
47,6,4,5,12,49
50,13,8,3,4,6,51
52,11,8,13,9,7,0,53
52,11,8,13,12,5,10,9,7,0,54
55,8,3,1,2,56
57,5,2,58
59,12,11,8,60
61,9,13,8,11,62
63,1,3,4,6,64
65,0,1,3,66
67,7,0,2,1,68
69,8,11,12,5,4,70
71,0,7,9,13,72
73,13,9,7,0,1,3,74
73,13,12,5,4,3,75
76,10,5,4,3,77
78,2,5,79
80,11,12,5,2,1,81
succeed
3.3,3.02,3.74,3.06,3.16,3.5,3.14,3.62,3.6,3.34,3.72,3.28,3.42,3.4,3.3,3.64,3.08,3,3.18,3.34,3.58,2.96,3.34,3,3.8,2.92,3.12,2.94,3.3,2.86