20
14,7,0,2,1,3,15
16,12,5,4,3,17
16,12,13,8,3,18
19,12,5,10,20
19,12,11,9,10,21
19,12,13,8,11,9,10,22
23,11,8,13,12,24
23,11,9,13,12,25
23,11,12,26
27,5,10,9,11,8,28
29,4,5,12,13,9,7,30
29,4,6,7,31
32,9,7,6,33
34,6,4,3,1,0,35
34,6,7,0,36
37,11,12,5,2,38
39,1,0,7,9,40
39,1,2,0,7,9,41
39,1,2,5,10,9,42
43,10,9,13,8,44
45,13,12,46
47,6,4,5,12,48
47,6,7,9,13,12,49
50,5,2,0,7,51
50,5,4,6,7,52
50,5,10,9,7,53
54,13,9,7,6,55
54,13,9,10,5,4,6,56
57,12,5,58
59,0,1,3,4,5,12,13,60
59,0,2,5,12,13,61
62,3,1,2,5,63
62,3,4,5,64
65,8,11,12,5,2,66
67,11,8,13,9,68
67,11,9,69
67,11,12,13,9,70
71,4,3,1,0,72
73,3,8,13,74
75,1,2,5,12,76
77,2,0,1,78
79,3,4,6,80
81,0,7,9,11,82
83,0,1,3,4,6,84
83,0,7,6,85
86,1,2,5,12,11,87
86,1,3,8,11,88
89,4,5,10,90
91,3,8,13,9,92
succeed
1.71,1.66,1.86,1.72,1.72,1.22,1.79,1.68,1.22,1.31,1.72,1.38,1.81,1.87,1.59,1.29,1.7,1.89,1.5,1.26,1.87,1.81,1.63,1.85,2.0,1.51,2.0,1.72,1.36,1.56