20
14,12,5,2,15
14,12,13,8,3,1,2,16
14,12,11,9,7,0,2,17
18,12,5,10,19
18,12,11,9,10,20
18,12,13,9,10,21
22,1,0,7,9,23
22,1,2,0,7,9,24
22,1,2,5,10,9,25
26,4,3,8,13,12,27
26,4,5,12,28
26,4,5,10,9,13,12,29
30,13,12,5,31
30,13,9,10,5,32
30,13,8,11,9,10,5,33
34,6,4,3,1,35
34,6,7,0,1,36
34,6,7,0,2,1,37
38,0,7,6,4,39
38,0,2,5,4,40
38,0,1,3,4,41
42,1,2,5,10,43
42,1,0,2,5,10,44
42,1,3,8,11,9,10,45
46,8,3,1,2,47
46,8,11,9,7,0,2,48
46,8,13,9,7,0,2,49
50,12,5,4,51
50,12,13,8,3,4,52
50,12,11,9,10,5,4,53
54,13,9,7,55
54,13,8,11,9,7,56
54,13,12,11,9,7,57
58,1,2,59
58,1,0,2,60
61,0,1,3,8,11,62
61,0,7,9,13,8,11,63
61,0,7,9,11,64
65,5,2,66
65,5,10,9,7,0,2,67
65,5,4,6,7,0,2,68
69,11,9,70
69,11,8,13,9,71
69,11,12,13,9,72
73,1,3,74
75,0,1,76
75,0,2,1,77
78,7,0,79
80,12,13,9,81
80,12,11,9,82
80,12,13,8,11,9,83
84,1,2,5,85
84,1,0,2,5,86
84,1,3,4,5,87
88,3,4,89
88,3,1,0,2,5,4,90
88,3,1,0,7,6,4,91
92,13,8,3,4,6,93
92,13,9,7,6,94
92,13,12,5,4,6,95
96,6,7,97
96,6,4,3,1,0,7,98
96,6,4,5,10,9,7,99
100,11,8,3,4,101
100,11,9,10,5,4,102
100,11,12,5,4,103
104,4,6,7,0,105
104,4,3,1,0,106
104,4,5,2,0,107
108,11,8,13,109
108,11,12,13,110
111,10,5,2,0,112
111,10,5,4,6,7,0,113
111,10,9,7,0,114
115,5,12,11,116
115,5,12,13,8,11,117
115,5,10,9,13,8,11,118
119,6,4,3,8,11,120
119,6,7,9,13,8,11,121
119,6,7,0,1,3,8,11,122
123,11,9,7,6,124
123,11,8,3,4,6,125
123,11,12,13,8,3,4,6,126
succeed
1.51,1.25,1.17,1.09,1.67,1.28,1.75,1.48,1.21,1.11,1.12,1.62,1.99,1.68,1.01,1.61,1.54,1.57,1.53,1.22,1.71,1.88,1.66,1.39,1.27,1.97,1.54,1.16,2.0,1.52