20
14,10,5,2,0,1,3,4,15
14,10,5,4,16
14,10,9,7,6,4,17
14,10,9,13,8,3,4,18
19,10,5,2,0,1,3,8,11,20
19,10,5,4,3,8,11,21
19,10,5,12,11,22
19,10,9,11,23
19,10,9,13,8,11,24
25,6,4,3,1,26
25,6,4,5,2,1,27
25,6,7,0,1,28
25,6,7,9,10,5,2,1,29
25,6,7,9,13,12,5,2,1,30
31,5,2,0,1,3,4,6,32
31,5,2,0,7,6,33
31,5,4,6,34
31,5,10,9,7,6,35
31,5,12,13,9,7,6,36
37,8,3,4,38
37,8,11,9,7,6,4,39
37,8,11,12,5,4,40
37,8,13,9,10,5,4,41
37,8,13,12,5,4,42
43,10,5,2,0,1,3,8,44
43,10,5,4,3,8,45
43,10,5,12,11,8,46
43,10,9,13,8,47
43,10,9,13,12,11,8,48
49,2,0,7,6,4,50
49,2,0,7,9,10,5,4,51
49,2,0,7,9,13,12,5,4,52
49,2,1,3,4,53
49,2,5,4,54
55,7,0,1,2,5,12,11,56
55,7,0,1,3,8,11,57
55,7,0,2,5,12,11,58
55,7,6,4,3,8,11,59
55,7,9,11,60
55,7,9,13,12,11,61
62,4,3,1,2,5,10,63
62,4,3,8,11,9,10,64
62,4,3,8,13,9,10,65
62,4,5,10,66
62,4,6,7,9,10,67
68,6,4,3,69
68,6,4,5,2,1,3,70
68,6,7,0,1,3,71
68,6,7,9,11,8,3,72
68,6,7,9,13,8,3,73
succeed
2.5,2.06,2.72,1.96,2.26,3.04,3.28,2.92,3.28,2.16