20
14,8,3,15
14,8,11,9,7,0,1,3,16
14,8,11,12,5,2,0,1,3,17
14,8,11,12,5,2,1,3,18
14,8,13,9,7,6,4,3,19
14,8,13,12,5,4,3,20
21,13,8,3,1,0,7,6,22
21,13,8,3,4,6,23
21,13,8,11,9,7,6,24
21,13,9,7,6,25
21,13,12,5,2,0,7,6,26
21,13,12,5,4,6,27
21,13,12,5,10,9,7,6,28
21,13,12,11,9,7,6,29
30,1,0,7,31
30,1,2,0,7,32
30,1,2,5,4,6,7,33
30,1,2,5,10,9,7,34
30,1,2,5,12,11,9,7,35
30,1,2,5,12,13,9,7,36
30,1,3,4,6,7,37
38,10,5,2,0,1,3,8,39
38,10,5,2,0,7,6,4,3,8,40
38,10,5,2,1,3,8,41
38,10,5,4,3,8,42
38,10,5,12,11,8,43
38,10,5,12,13,8,44
38,10,9,11,8,45
38,10,9,13,8,46
47,0,1,3,4,5,12,48
47,0,1,3,8,11,12,49
47,0,1,3,8,13,12,50
47,0,2,5,12,51
47,0,7,6,4,5,12,52
47,0,7,9,11,12,53
47,0,7,9,13,12,54
55,4,3,1,0,2,5,12,56
55,4,3,1,0,7,9,11,12,57
55,4,3,1,2,5,12,58
55,4,3,8,11,12,59
55,4,3,8,13,12,60
55,4,5,12,61
55,4,6,7,9,11,12,62
55,4,6,7,9,13,12,63
64,12,5,10,65
64,12,11,8,3,1,0,2,5,10,66
64,12,11,8,3,1,0,7,9,10,67
64,12,11,8,3,1,2,5,10,68
64,12,11,9,10,69
64,12,13,9,10,70
71,5,2,0,1,3,4,6,7,72
71,5,2,0,7,73
71,5,2,1,3,4,6,7,74
71,5,2,1,3,8,13,9,7,75
71,5,4,6,7,76
71,5,10,9,7,77
71,5,12,11,9,7,78
71,5,12,13,9,7,79
80,11,8,3,1,0,2,5,81
80,11,8,3,1,2,5,82
80,11,8,3,4,5,83
80,11,8,13,9,7,0,2,5,84
80,11,8,13,12,5,85
80,11,9,7,0,2,5,86
80,11,9,10,5,87
80,11,12,5,88
89,10,5,2,0,1,3,4,90
89,10,5,2,1,3,4,91
89,10,5,4,92
89,10,9,7,0,1,3,4,93
89,10,9,7,6,4,94
89,10,9,11,8,3,4,95
89,10,9,13,8,3,4,96
97,6,4,3,8,11,98
97,6,4,5,12,11,99
97,6,7,0,1,3,8,11,100
97,6,7,0,2,5,12,11,101
97,6,7,9,10,5,12,11,102
97,6,7,9,11,103
97,6,7,9,13,8,11,104
97,6,7,9,13,12,11,105
106,4,3,1,0,2,107
106,4,3,1,2,108
106,4,5,2,109
106,4,6,7,0,2,110
111,0,1,3,4,6,7,112
111,0,2,5,4,6,7,113
111,0,2,5,10,9,7,114
111,0,2,5,12,11,9,7,115
111,0,2,5,12,13,9,7,116
111,0,7,117
118,6,4,3,8,11,9,119
118,6,4,3,8,13,9,120
118,6,4,5,10,9,121
118,6,4,5,12,11,9,122
118,6,4,5,12,13,9,123
118,6,7,0,1,3,8,13,9,124
118,6,7,0,2,5,12,13,9,125
118,6,7,9,126
127,7,0,1,3,8,11,128
127,7,0,2,5,12,11,129
127,7,6,4,3,8,11,130
127,7,6,4,5,12,11,131
127,7,9,10,5,12,11,132
127,7,9,11,133
127,7,9,13,8,11,134
127,7,9,13,12,11,135
136,4,3,1,0,7,6,137
136,4,3,1,2,0,7,6,138
136,4,5,2,0,7,6,139
136,4,5,10,9,7,6,140
136,4,5,12,11,9,7,6,141
136,4,5,12,13,9,7,6,142
136,4,6,143
144,1,0,7,9,145
144,1,2,0,7,9,146
144,1,2,5,10,9,147
144,1,2,5,12,11,9,148
144,1,3,4,5,12,11,9,149
144,1,3,4,5,12,13,9,150
144,1,3,4,6,7,9,151
144,1,3,8,11,9,152
144,1,3,8,13,9,153
154,4,3,1,0,7,155
154,4,3,1,2,0,7,156
154,4,5,2,0,7,157
154,4,5,10,9,7,158
154,4,5,12,11,9,7,159
154,4,5,12,13,9,7,160
154,4,6,7,161
162,7,0,1,2,163
162,7,0,2,164
162,7,6,4,3,1,2,165
162,7,6,4,5,2,166
162,7,9,10,5,2,167
162,7,9,11,12,5,2,168
162,7,9,13,12,5,2,169
170,10,5,2,0,1,3,171
170,10,5,2,1,3,172
170,10,5,4,3,173
170,10,9,7,0,1,3,174
170,10,9,7,6,4,3,175
170,10,9,11,8,3,176
170,10,9,13,8,3,177
170,10,9,13,12,11,8,3,178
179,7,0,180
179,7,6,4,3,1,0,181
179,7,6,4,5,2,0,182
179,7,9,10,5,2,0,183
179,7,9,11,12,5,2,0,184
179,7,9,13,12,5,2,0,185
186,13,8,3,4,5,12,11,187
186,13,8,11,188
186,13,9,11,189
186,13,12,11,190
191,10,5,2,0,1,3,8,11,12,192
191,10,5,12,193
191,10,9,11,12,194
191,10,9,13,8,11,12,195
191,10,9,13,12,196
197,3,1,0,7,6,198
197,3,1,2,0,7,6,199
197,3,4,6,200
197,3,8,11,9,7,6,201
197,3,8,11,12,5,2,0,7,6,202
197,3,8,11,12,5,4,6,203
197,3,8,11,12,5,10,9,7,6,204
197,3,8,13,9,7,6,205
197,3,8,13,12,5,10,9,7,6,206
207,2,0,1,208
207,2,1,209
207,2,5,4,3,1,210
211,7,0,1,3,8,13,212
211,7,0,2,5,12,13,213
211,7,6,4,3,8,13,214
211,7,6,4,5,12,13,215
211,7,9,10,5,12,13,216
211,7,9,11,8,13,217
211,7,9,11,12,13,218
211,7,9,13,219
220,9,7,0,1,3,8,221
220,9,7,6,4,3,8,222
220,9,10,5,2,1,3,8,223
220,9,10,5,4,3,8,224
220,9,10,5,12,11,8,225
220,9,10,5,12,13,8,226
220,9,11,8,227
220,9,13,8,228
229,7,0,1,3,230
229,7,0,2,1,3,231
229,7,0,2,5,12,11,8,3,232
229,7,6,4,3,233
229,7,6,4,5,12,11,8,3,234
229,7,9,10,5,12,11,8,3,235
229,7,9,10,5,12,13,8,3,236
229,7,9,11,8,3,237
229,7,9,13,8,3,238
239,5,2,0,1,3,8,240
239,5,2,0,7,9,11,8,241
239,5,2,1,3,8,242
239,5,4,3,8,243
239,5,4,6,7,9,11,8,244
239,5,10,9,11,8,245
239,5,10,9,13,8,246
239,5,12,11,8,247
239,5,12,13,8,248
249,11,8,3,1,0,7,9,250
249,11,8,3,4,5,10,9,251
249,11,8,13,9,252
249,11,9,253
249,11,12,5,10,9,254
249,11,12,13,9,255
succeed
1.51,1.58,1.19,0.95,1.64,1.16,0.95,1.03,1.69,1.16,0.86,1.76,1.09,1.32,0.91,1.44,1.14,1.16,1.25,1.4,1.29,0.98,1.92,1.8,1.08,1.78,2.0,1.11,1.66,1.11