20
14,10,5,4,15
14,10,5,12,13,8,3,4,16
14,10,9,7,6,4,17
14,10,9,13,8,3,4,18
19,11,8,3,1,20
19,11,8,3,4,5,2,0,1,21
19,11,8,3,4,5,2,1,22
19,11,8,13,12,5,2,1,23
19,11,9,7,0,1,24
19,11,9,10,5,2,1,25
19,11,12,5,2,1,26
27,2,0,28
27,2,1,0,29
30,8,3,1,0,7,9,31
30,8,3,1,2,5,10,9,32
30,8,3,1,2,5,12,11,9,33
30,8,3,4,6,7,9,34
30,8,11,9,35
30,8,13,9,36
37,0,1,3,8,13,9,38
37,0,2,1,3,8,13,9,39
37,0,2,5,4,6,7,9,40
37,0,2,5,10,9,41
37,0,2,5,12,11,9,42
37,0,2,5,12,13,9,43
37,0,7,9,44
45,10,5,2,1,0,7,9,46
45,10,5,4,6,7,9,47
45,10,5,12,11,9,48
45,10,5,12,13,9,49
45,10,9,50
51,7,0,1,3,8,13,52
51,7,0,2,1,3,8,13,53
51,7,0,2,5,12,13,54
51,7,6,4,3,8,13,55
51,7,6,4,5,12,13,56
51,7,9,11,12,13,57
51,7,9,13,58
59,1,0,2,5,4,3,8,60
59,1,0,7,9,11,8,61
59,1,2,5,4,3,8,62
59,1,2,5,10,9,11,8,63
59,1,2,5,12,11,8,64
59,1,2,5,12,13,8,65
59,1,3,8,66
67,3,1,0,68
67,3,1,2,0,69
67,3,4,5,2,0,70
67,3,8,11,9,7,0,71
72,9,7,0,1,2,5,73
72,9,7,6,4,5,74
72,9,10,5,75
72,9,11,12,5,76
72,9,13,8,3,1,2,5,77
72,9,13,12,5,78
79,3,1,0,7,6,4,80
79,3,1,2,5,4,81
79,3,4,82
79,3,8,11,9,7,6,4,83
79,3,8,13,12,5,4,84
85,13,8,3,1,0,86
85,13,8,3,1,2,0,87
85,13,8,3,4,5,2,0,88
85,13,9,7,0,89
85,13,9,10,5,2,0,90
85,13,12,5,2,0,91
85,13,12,11,9,10,5,2,0,92
93,1,0,2,5,4,3,8,11,12,94
93,1,0,7,9,10,5,4,3,8,11,12,95
93,1,0,7,9,11,12,96
93,1,0,7,9,13,12,97
93,1,2,5,12,98
93,1,3,8,11,12,99
93,1,3,8,13,12,100
101,12,5,4,3,8,13,102
101,12,5,10,9,13,103
101,12,11,8,13,104
101,12,11,9,13,105
101,12,13,106
107,9,7,0,1,2,108
107,9,7,0,2,109
107,9,7,6,4,5,2,110
107,9,10,5,2,111
107,9,11,12,5,2,112
107,9,13,8,3,1,2,113
107,9,13,12,5,2,114
115,6,4,3,8,13,116
115,6,4,5,10,9,11,12,13,117
115,6,4,5,12,13,118
115,6,7,0,1,3,8,13,119
115,6,7,0,2,1,3,8,13,120
115,6,7,0,2,5,12,13,121
115,6,7,9,11,12,13,122
115,6,7,9,13,123
124,6,4,3,1,0,125
124,6,4,5,2,0,126
124,6,4,5,2,1,0,127
124,6,7,0,128
124,6,7,9,10,5,2,1,0,129
124,6,7,9,13,8,3,1,0,130
131,9,7,0,1,3,132
131,9,7,6,4,3,133
131,9,10,5,2,1,3,134
131,9,11,8,3,135
131,9,11,12,5,4,3,136
131,9,13,8,3,137
131,9,13,12,5,4,3,138
139,11,8,3,1,0,140
139,11,8,3,1,2,0,141
139,11,8,3,4,5,2,0,142
139,11,8,13,12,5,2,0,143
139,11,9,7,0,144
139,11,9,10,5,2,0,145
139,11,12,5,2,0,146
147,3,1,0,7,6,148
147,3,1,2,0,7,6,149
147,3,1,2,5,4,6,150
147,3,1,2,5,10,9,7,6,151
147,3,4,6,152
147,3,8,11,9,7,6,153
147,3,8,13,9,7,6,154
155,13,8,3,1,0,7,9,156
155,13,8,3,4,6,7,9,157
155,13,9,158
155,13,12,5,10,9,159
155,13,12,11,9,160
161,5,2,0,7,6,162
161,5,4,6,163
161,5,10,9,7,6,164
161,5,12,13,8,3,4,6,165
161,5,12,13,9,7,6,166
167,4,3,1,2,5,10,168
167,4,3,8,13,9,10,169
167,4,3,8,13,12,5,10,170
167,4,5,10,171
167,4,6,7,9,10,172
173,10,5,2,1,3,8,174
173,10,5,4,3,8,175
173,10,5,12,11,8,176
173,10,5,12,13,8,177
173,10,9,7,6,4,3,8,178
173,10,9,11,8,179
173,10,9,13,8,180
181,6,4,3,8,11,182
181,6,4,5,10,9,11,183
181,6,4,5,12,11,184
181,6,4,5,12,13,8,11,185
181,6,7,0,1,3,8,11,186
181,6,7,0,2,1,3,8,11,187
181,6,7,9,11,188
181,6,7,9,13,8,11,189
190,13,8,191
190,13,9,11,8,192
190,13,12,5,2,1,3,8,193
190,13,12,11,8,194
195,0,1,3,8,11,196
195,0,2,1,3,8,11,197
195,0,2,5,4,3,8,11,198
195,0,2,5,10,9,11,199
195,0,2,5,12,11,200
195,0,2,5,12,13,8,11,201
195,0,7,9,11,202
203,8,3,1,2,5,10,204
203,8,3,4,5,10,205
203,8,3,4,6,7,9,10,206
203,8,11,9,10,207
203,8,11,12,5,10,208
203,8,13,9,10,209
203,8,13,12,5,10,210
211,12,5,2,0,1,212
211,12,5,2,1,213
211,12,11,8,3,1,214
211,12,11,9,7,0,1,215
211,12,13,8,3,1,216
211,12,13,8,3,4,5,2,1,217
211,12,13,8,3,4,5,10,9,7,0,1,218
211,12,13,9,7,0,1,219
220,5,2,1,3,8,11,221
220,5,4,3,8,11,222
220,5,10,9,11,223
220,5,12,11,224
220,5,12,13,8,11,225
226,2,0,7,227
226,2,1,0,7,228
226,2,1,3,8,13,9,7,229
226,2,5,4,6,7,230
226,2,5,10,9,7,231
232,0,1,2,5,233
232,0,1,3,8,13,12,5,234
232,0,2,5,235
232,0,7,9,10,5,236
237,11,8,3,1,2,5,12,238
237,11,8,3,4,5,12,239
237,11,8,13,12,240
237,11,9,10,5,12,241
237,11,9,13,12,242
237,11,12,243
244,9,7,0,1,3,8,11,245
244,9,7,6,4,3,8,11,246
244,9,10,5,2,1,3,8,11,247
244,9,10,5,12,11,248
244,9,11,249
244,9,13,8,11,250
251,12,5,4,6,7,9,252
251,12,5,10,9,253
251,12,11,8,3,1,0,7,9,254
251,12,11,8,3,4,6,7,9,255
251,12,11,8,13,9,256
251,12,11,9,257
251,12,13,9,258
259,8,3,260
259,8,11,9,7,0,1,3,261
259,8,11,9,10,5,4,3,262
259,8,11,12,5,4,3,263
259,8,13,12,5,4,3,264
265,2,0,1,3,266
265,2,0,7,9,11,8,3,267
265,2,1,3,268
265,2,5,4,3,269
270,11,8,3,1,0,7,9,271
270,11,8,3,1,2,5,10,9,272
270,11,8,3,4,6,7,9,273
270,11,8,13,9,274
270,11,9,275
270,11,12,5,10,9,276
277,7,0,1,3,8,11,12,278
277,7,0,2,1,3,8,11,12,279
277,7,0,2,5,12,280
277,7,6,4,3,8,11,12,281
277,7,6,4,3,8,13,12,282
277,7,6,4,5,12,283
277,7,9,10,5,12,284
277,7,9,11,12,285
277,7,9,13,12,286
287,11,8,3,1,2,288
287,11,8,3,4,5,2,289
287,11,8,13,12,5,2,290
287,11,9,7,0,1,2,291
287,11,9,7,0,2,292
287,11,9,10,5,2,293
287,11,12,5,2,294
295,0,1,3,8,296
295,0,2,1,3,8,297
295,0,2,5,4,3,8,298
295,0,2,5,10,9,11,8,299
295,0,2,5,12,11,8,300
295,0,2,5,12,13,8,301
295,0,7,9,11,8,302
303,4,3,8,13,9,304
303,4,5,2,1,0,7,9,305
303,4,5,2,1,3,8,13,9,306
303,4,5,10,9,307
303,4,5,12,11,9,308
303,4,5,12,13,9,309
303,4,6,7,9,310
311,2,0,7,9,10,312
311,2,1,0,7,9,10,313
311,2,1,3,8,13,9,10,314
311,2,1,3,8,13,12,5,4,6,7,9,10,315
311,2,1,3,8,13,12,5,10,316
311,2,5,10,317
318,0,1,3,8,13,9,10,319
318,0,1,3,8,13,12,5,4,6,7,9,10,320
318,0,1,3,8,13,12,5,10,321
318,0,2,5,10,322
318,0,7,9,10,323
324,10,5,2,325
324,10,5,12,13,8,3,1,2,326
324,10,9,7,0,1,2,327
324,10,9,7,0,2,328
324,10,9,7,6,4,5,12,13,8,3,1,2,329
324,10,9,13,8,3,1,2,330
331,8,3,1,0,7,332
331,8,3,1,2,0,7,333
331,8,3,4,6,7,334
331,8,11,9,7,335
331,8,11,12,5,2,0,7,336
331,8,11,12,5,4,6,7,337
331,8,11,12,5,10,9,7,338
331,8,13,9,7,339
331,8,13,12,5,10,9,7,340
341,0,1,3,8,11,12,342
341,0,1,3,8,13,12,343
341,0,2,1,3,8,13,12,344
341,0,2,5,4,3,8,13,12,345
341,0,2,5,12,346
341,0,7,9,10,5,12,347
341,0,7,9,11,12,348
341,0,7,9,13,12,349
350,5,2,1,3,351
350,5,4,3,352
350,5,10,9,7,0,1,3,353
350,5,10,9,11,8,3,354
350,5,12,13,8,3,355
356,0,1,3,8,13,357
356,0,2,1,3,8,13,358
356,0,2,5,4,3,8,13,359
356,0,2,5,10,9,11,12,13,360
356,0,2,5,10,9,13,361
356,0,2,5,12,13,362
356,0,7,9,13,363
364,7,0,1,3,365
364,7,0,2,1,3,366
364,7,0,2,5,4,3,367
364,7,6,4,3,368
364,7,9,10,5,4,3,369
364,7,9,11,8,3,370
364,7,9,13,8,3,371
372,2,0,7,9,10,5,4,3,8,11,12,373
372,2,0,7,9,11,12,374
372,2,1,0,7,9,11,12,375
372,2,1,0,7,9,13,12,376
372,2,1,3,8,11,12,377
372,2,1,3,8,13,12,378
372,2,5,4,3,8,13,12,379
372,2,5,12,380
381,6,4,3,1,2,382
381,6,4,5,2,383
381,6,7,0,1,2,384
381,6,7,0,2,385
381,6,7,9,10,5,2,386
381,6,7,9,13,8,3,1,2,387
388,6,4,3,8,13,12,5,389
388,6,4,5,390
388,6,7,0,2,5,391
388,6,7,9,10,5,392
388,6,7,9,13,12,5,393
394,12,5,2,0,7,395
394,12,5,4,6,7,396
394,12,5,10,9,7,397
394,12,11,8,3,1,0,7,398
394,12,11,8,3,1,2,0,7,399
394,12,11,8,3,4,6,7,400
394,12,11,9,7,401
394,12,13,8,3,4,6,7,402
394,12,13,9,7,403
404,2,0,7,9,11,12,13,405
404,2,0,7,9,13,406
404,2,1,0,7,9,13,407
404,2,1,3,8,13,408
404,2,5,4,3,8,13,409
404,2,5,10,9,13,410
404,2,5,12,13,411
412,2,0,7,9,11,413
412,2,1,0,7,9,11,414
412,2,1,3,8,11,415
412,2,5,4,3,8,11,416
412,2,5,10,9,11,417
412,2,5,12,11,418
412,2,5,12,13,8,11,419
420,11,8,3,1,2,5,421
420,11,8,3,4,5,422
420,11,8,13,12,5,423
420,11,9,10,5,424
420,11,12,5,425
426,13,8,3,1,2,5,427
426,13,8,3,4,5,428
426,13,9,10,5,429
426,13,12,5,430
426,13,12,11,9,10,5,431
432,7,0,1,3,4,6,433
432,7,0,2,5,4,6,434
432,7,6,435
432,7,9,10,5,4,6,436
432,7,9,13,8,3,4,6,437
438,13,8,11,439
438,13,9,11,440
438,13,12,5,2,1,3,8,11,441
438,13,12,11,442
succeed
1.94,2.18,2.92,3.06,2.2,3.36,3.4,3.76,2.96,2.42,2.18,3.68,2.32,3.38,3.3,3.12,2.98,1.96,2.94,2.78,2.34,2.84,3.62,2.3,2.8,3.72,2.38,2.98,1.98,2.1,2.8,3.14,2.92,3.78,3.5,3.66,3.74,3.36,3.16,2.3,2.86,3.5,2.7,2.28,3.38,3.34,2.56,1.94,2.66,2.84,3.7,2.68,2.54,3.34,2.4,1.94,2.64,3.14,3.52,2.9