20
14,11,12,5,15
16,5,4,3,8,17
18,11,12,5,2,19
20,5,12,13,21
22,12,5,23
24,2,1,3,25
26,7,6,4,5,27
28,3,4,6,7,29
30,2,0,7,31
32,4,6,7,33
34,10,9,7,35
36,1,2,5,37
38,6,4,5,10,39
40,9,7,0,1,41
42,0,1,3,8,43
44,13,9,45
46,11,8,47
48,7,9,11,49
50,9,11,51
52,2,0,53
54,13,8,3,55
56,11,9,7,57
58,8,3,4,59
60,1,0,7,6,61
62,13,8,3,4,63
64,12,13,8,65
66,11,8,3,4,67
68,12,5,2,1,69
70,5,10,9,71
72,10,5,4,73
succeed
1.28,1.49,1.6,2.0,1.83,1.58,1.93,1.99,1.12,1.22,1.56,1.69,1.68,1.86,1.14,1.78,1.7,1.18,1.7,1.14,1.93,1.22,1.94,1.27,1.78,1.08,1.52,1.26,1.63,1.67