20
14,12,5,2,15
14,12,11,8,3,1,0,2,16
14,12,11,9,7,0,2,17
14,12,11,9,7,6,4,5,2,18
14,12,13,8,3,1,0,2,19
14,12,13,8,3,1,2,20
14,12,13,8,3,4,5,2,21
14,12,13,9,7,6,4,5,2,22
23,12,5,10,24
23,12,11,8,3,4,5,10,25
23,12,11,9,7,6,4,5,10,26
23,12,11,9,10,27
23,12,13,8,3,4,5,10,28
23,12,13,9,10,29
30,1,0,7,9,31
30,1,2,5,4,6,7,9,32
30,1,2,5,10,9,33
30,1,2,5,12,13,9,34
30,1,3,8,11,9,35
30,1,3,8,13,9,36
37,4,3,1,2,5,10,9,11,12,38
37,4,3,1,2,5,12,39
37,4,3,8,11,12,40
37,4,3,8,13,12,41
37,4,5,12,42
37,4,6,7,9,11,12,43
37,4,6,7,9,13,12,44
45,13,8,3,1,2,5,46
45,13,8,3,4,5,47
45,13,9,7,6,4,5,48
45,13,9,10,5,49
45,13,9,11,8,3,4,5,50
45,13,9,11,12,5,51
45,13,12,5,52
53,6,4,3,1,54
53,6,4,5,2,1,55
53,6,7,0,1,56
53,6,7,9,10,5,2,1,57
53,6,7,9,11,8,3,1,58
59,0,1,3,4,60
59,0,2,5,4,61
59,0,2,5,10,9,7,6,4,62
59,0,2,5,10,9,11,8,3,4,63
59,0,2,5,10,9,13,8,3,4,64
59,0,2,5,12,11,8,3,4,65
59,0,7,6,4,66
67,1,0,7,9,10,68
67,1,2,5,10,69
67,1,3,4,5,10,70
67,1,3,4,6,7,9,10,71
67,1,3,8,13,9,10,72
73,8,3,1,0,2,74
73,8,3,1,2,75
73,8,3,4,5,2,76
73,8,3,4,6,7,0,2,77
73,8,11,9,7,0,2,78
73,8,11,12,5,2,79
73,8,13,9,7,0,2,80
73,8,13,12,5,2,81
82,12,5,2,1,3,4,83
82,12,5,4,84
82,12,11,8,3,4,85
82,12,11,9,7,6,4,86
82,12,11,9,10,5,4,87
82,12,13,8,3,4,88
82,12,13,9,10,5,4,89
90,13,8,3,1,0,7,91
90,13,8,3,1,2,0,7,92
90,13,8,3,4,6,7,93
90,13,9,7,94
90,13,12,5,2,0,7,95
90,13,12,5,4,6,7,96
90,13,12,5,10,9,7,97
90,13,12,5,10,9,11,8,3,4,6,7,98
90,13,12,11,8,3,4,6,7,99
100,1,0,2,101
100,1,2,102
100,1,3,4,5,2,103
100,1,3,8,11,9,7,6,4,5,2,104
100,1,3,8,11,9,13,12,5,2,105
100,1,3,8,13,12,5,2,106
107,0,1,3,8,11,108
107,0,2,1,3,8,11,109
107,0,2,5,4,3,8,11,110
107,0,2,5,12,11,111
107,0,2,5,12,13,9,11,112
107,0,7,6,4,3,8,11,113
107,0,7,9,11,114
115,5,2,116
115,5,4,3,1,0,2,117
115,5,4,3,1,2,118
115,5,4,6,7,0,2,119
115,5,10,9,7,0,2,120
115,5,10,9,11,8,3,1,2,121
115,5,12,11,8,3,1,2,122
115,5,12,13,9,11,8,3,1,2,123
124,11,8,3,4,6,7,9,125
124,11,8,13,9,126
124,11,9,127
124,11,12,5,4,6,7,9,128
124,11,12,5,10,9,129
124,11,12,13,9,130
131,1,0,7,6,4,3,132
131,1,0,7,9,11,8,3,133
131,1,0,7,9,13,8,3,134
131,1,2,5,4,3,135
131,1,2,5,12,11,8,3,136
131,1,2,5,12,13,8,3,137
131,1,3,138
139,0,1,140
139,0,2,1,141
139,0,7,6,4,3,1,142
139,0,7,6,4,5,2,1,143
139,0,7,9,11,8,3,1,144
139,0,7,9,13,8,3,1,145
146,7,0,147
146,7,6,4,3,1,0,148
146,7,6,4,5,2,0,149
146,7,9,10,5,2,0,150
146,7,9,11,8,3,1,0,151
146,7,9,13,8,3,1,0,152
153,12,5,4,6,7,9,154
153,12,5,10,9,155
153,12,11,9,156
153,12,13,8,3,4,6,7,9,157
153,12,13,9,158
159,1,0,7,6,4,5,160
159,1,0,7,9,10,5,161
159,1,2,5,162
159,1,3,4,5,163
159,1,3,8,11,9,10,5,164
159,1,3,8,11,9,13,12,5,165
159,1,3,8,11,12,5,166
159,1,3,8,13,12,5,167
168,3,1,2,5,4,169
168,3,4,170
168,3,8,11,9,7,6,4,171
168,3,8,11,12,5,4,172
168,3,8,13,9,7,6,4,173
168,3,8,13,12,5,4,174
168,3,8,13,12,5,10,9,7,6,4,175
176,13,8,3,4,6,177
176,13,9,7,6,178
176,13,12,5,4,6,179
176,13,12,11,9,7,6,180
181,6,4,3,1,0,7,182
181,6,4,3,8,11,9,7,183
181,6,4,3,8,13,9,7,184
181,6,4,5,2,0,7,185
181,6,4,5,12,11,9,7,186
181,6,4,5,12,13,9,7,187
181,6,7,188
189,11,8,3,4,190
189,11,8,13,9,7,6,4,191
189,11,9,7,6,4,192
189,11,9,10,5,2,1,3,4,193
189,11,9,10,5,4,194
189,11,12,5,4,195
196,4,3,1,0,197
196,4,3,8,11,9,10,5,2,0,198
196,4,3,8,13,9,10,5,2,0,199
196,4,3,8,13,12,5,2,0,200
196,4,5,2,0,201
196,4,6,7,0,202
196,4,6,7,9,10,5,2,0,203
204,11,8,13,205
204,11,9,13,206
204,11,12,13,207
208,10,5,2,0,209
208,10,5,4,3,1,0,210
208,10,9,7,0,211
208,10,9,11,8,3,1,0,212
208,10,9,13,8,3,1,0,213
208,10,9,13,12,5,4,3,1,0,214
208,10,9,13,12,5,4,6,7,0,215
216,5,2,1,3,8,11,217
216,5,4,3,8,11,218
216,5,4,6,7,9,11,219
216,5,10,9,11,220
216,5,12,11,221
216,5,12,13,8,11,222
216,5,12,13,9,11,223
224,6,4,3,8,11,225
224,6,4,5,12,11,226
224,6,7,9,10,5,12,11,227
224,6,7,9,11,228
224,6,7,9,13,8,11,229
230,11,8,3,4,6,231
230,11,8,13,9,7,6,232
230,11,9,7,6,233
230,11,12,5,4,6,234
230,11,12,5,10,9,7,6,235
succeed
2.78,2.3,2.16,2,3.08,2.36,3.22,2.72,2.22,2.04,2.06,2.98,3.66,3.1,1.86,2.96,2.84,2.88,2.82,2.24,3.14,3.46,3.06,2.56,2.34,3.62,2.84,2.14,3.68,2.8