20
14,0,2,1,3,4,6,15
16,0,1,3,4,17
18,10,9,11,19
20,1,3,21
22,2,0,1,23
24,13,12,25
26,0,1,3,27
26,0,2,1,3,28
29,10,5,30
31,6,7,32
33,11,9,13,12,5,2,34
35,3,1,2,36
37,9,10,5,4,38
39,9,10,40
41,11,8,13,12,42
41,11,12,43
44,1,2,5,12,13,45
46,1,0,7,6,47
46,1,3,4,6,48
49,5,4,3,50
51,9,7,0,52
53,11,8,3,1,54
53,11,9,13,12,5,2,0,1,55
53,11,9,13,12,5,2,1,56
57,10,9,7,0,2,58
59,3,8,13,9,60
61,1,0,7,62
63,10,5,2,0,64
63,10,9,7,0,65
66,9,13,8,3,67
68,5,12,13,69
70,10,5,4,71
72,9,11,73
72,9,13,8,11,74
75,7,9,13,8,76
77,2,5,12,13,78
79,0,1,80
81,4,6,82
83,13,8,3,84
85,10,9,86
87,9,7,0,2,88
87,9,10,5,4,6,7,0,2,89
90,13,9,7,0,91
92,12,13,8,93
94,3,8,11,95
96,6,4,3,8,13,97
98,8,3,1,99
100,11,8,13,9,7,101
102,11,9,103
104,13,12,5,105
106,4,5,2,107
108,1,2,5,12,11,8,109
108,1,2,5,12,13,8,110
111,11,8,3,112
113,4,3,1,114
115,10,9,11,8,116
117,6,4,3,1,0,2,118
117,6,7,0,2,119
120,8,11,12,121
122,2,0,7,123
succeed
1.94,3.12,1.94,3.08,2.12,3.02,3.16,2.46,3.38,3.14,2.38,1.94,1.94,3.28,2.18,2.84,3.68,3.06,2.8,1.92,2.5,3.26,3.54,1.86,2.06,2.9,2.38,2.16,2.34,3.6,2.54,2.1,1.92,3.3,2.4,2.8,3.16,2.7,3.5,1.98,3.14,2.76,3.06,2.36,3.78,2.76,3.46,3.4,3.7,2.78