20
14,10,5,4,15
16,11,12,5,2,1,17
18,2,0,19
20,8,11,9,21
22,0,7,9,23
24,10,9,25
26,7,9,13,27
28,1,3,8,29
30,3,1,0,31
32,9,10,5,33
34,3,4,35
36,13,9,7,0,37
36,13,12,5,4,3,1,0,38
39,1,2,5,12,40
41,12,13,42
43,9,7,0,2,44
43,9,10,5,2,45
46,6,4,3,8,13,47
48,6,7,0,49
50,9,11,8,3,51
52,11,9,7,0,53
54,3,4,6,55
56,13,8,11,9,57
58,5,4,6,59
60,4,5,10,61
62,10,9,13,8,63
64,6,4,3,8,11,65
66,13,8,67
68,0,1,3,8,11,69
68,0,7,6,4,5,12,11,70
71,8,13,9,10,72
71,8,13,12,5,10,73
74,12,5,2,1,75
76,5,12,11,77
78,2,0,7,79
80,0,2,5,81
80,0,7,9,10,5,82
83,11,12,84
85,9,11,86
87,12,13,9,88
89,8,3,90
91,2,0,1,3,92
93,11,8,13,9,94
95,7,6,4,5,10,9,13,12,96
95,7,9,13,12,97
98,11,9,7,0,2,99
100,0,1,3,8,101
102,4,5,10,9,103
104,2,5,10,105
106,0,2,5,10,107
108,10,5,2,109
110,8,13,9,7,111
112,0,1,3,4,5,12,113
112,0,7,9,13,12,114
115,5,4,3,116
117,0,1,3,8,13,118
117,0,7,9,13,119
120,7,6,4,3,121
122,2,5,12,123
124,6,4,3,1,2,125
124,6,7,0,2,126
127,6,4,5,128
129,12,13,8,3,1,0,7,130
129,12,13,8,3,4,6,7,131
129,12,13,9,7,132
133,2,5,12,13,134
135,2,0,7,9,13,12,11,136
137,11,8,13,12,5,138
137,11,12,5,139
140,13,12,5,141
142,7,6,143
144,13,8,11,145
succeed
1.94,2.18,2.92,3.06,2.2,3.36,3.4,3.76,2.96,2.42,2.18,3.68,2.32,3.38,3.3,3.12,2.98,1.96,2.94,2.78,2.34,2.84,3.62,2.3,2.8,3.72,2.38,2.98,1.98,2.1,2.8,3.14,2.92,3.78,3.5,3.66,3.74,3.36,3.16,2.3,2.86,3.5,2.7,2.28,3.38,3.34,2.56,1.94,2.66,2.84,3.7,2.68,2.54,3.34,2.4,1.94,2.64,3.14,3.52,2.9