20
14,11,9,10,5,15
14,11,12,5,16
14,11,8,3,1,2,5,17
18,5,4,3,8,19
18,5,12,11,8,20
18,5,12,13,8,21
22,11,12,5,2,23
22,11,9,10,5,2,24
22,11,8,13,12,5,2,25
26,5,12,13,27
26,5,10,9,13,28
26,5,4,3,8,13,29
30,12,5,31
30,12,11,9,10,5,32
30,12,13,9,10,5,33
34,2,1,3,35
34,2,0,1,3,36
34,2,5,4,3,37
38,7,0,2,5,39
38,7,6,4,5,40
38,7,0,1,3,4,5,41
42,3,1,0,7,43
42,3,4,6,7,44
42,3,1,2,0,7,45
46,2,0,7,47
46,2,1,0,7,48
46,2,5,4,6,7,49
50,4,6,7,51
50,4,3,1,0,7,52
50,4,5,2,0,7,53
54,10,5,2,0,7,55
54,10,9,7,56
54,10,5,4,6,7,57
58,1,0,2,5,59
58,1,2,5,60
58,1,3,4,5,61
62,6,4,3,1,0,2,5,10,63
62,6,4,5,10,64
62,6,4,3,1,2,5,10,65
66,9,7,0,1,67
66,9,7,0,2,1,68
66,9,10,5,2,1,69
70,0,1,3,8,71
70,0,2,5,12,13,8,72
70,0,7,9,13,8,73
74,13,9,75
74,13,12,11,9,76
74,13,8,11,9,77
78,11,8,79
78,11,9,13,8,80
78,11,12,13,8,81
82,7,9,11,83
82,7,9,13,12,11,84
82,7,0,1,3,8,11,85
86,9,13,8,11,87
86,9,11,88
86,9,13,12,11,89
90,2,0,91
90,2,1,0,92
90,2,5,4,6,7,0,93
94,13,8,3,95
94,13,12,5,4,3,96
94,13,9,10,5,4,3,97
98,11,9,7,99
98,11,12,13,9,7,100
98,11,8,13,9,7,101
102,8,3,4,103
102,8,3,1,0,2,5,4,104
102,8,11,9,7,6,4,105
106,1,3,4,6,107
106,1,0,7,6,108
106,1,0,2,5,4,6,109
110,13,8,3,4,111
110,13,9,7,6,4,112
110,13,9,10,5,4,113
114,12,13,8,115
114,12,11,8,116
114,12,11,9,13,8,117
118,11,8,3,4,119
118,11,9,7,6,4,120
118,11,9,10,5,4,121
122,12,5,2,1,123
122,12,5,2,0,1,124
122,12,5,4,3,1,125
126,5,12,13,9,127
126,5,10,9,128
126,5,12,11,9,129
130,10,5,4,131
130,10,9,7,6,4,132
130,10,5,2,0,7,6,4,133
succeed
2.68,3.12,3.34,4.18,3.82,3.3,4.04,4.16,2.34,2.54,3.26,3.54,3.52,3.88,2.38,3.72,3.56,2.46,3.56,2.38,4.04,2.56,4.06,2.66,3.72,2.26,3.18,2.64,3.4,3.48