20
14,0,2,1,3,4,6,15
14,0,2,5,4,6,16
14,0,7,6,17
18,0,7,6,4,19
18,0,1,3,4,20
18,0,2,5,4,21
22,10,9,11,23
22,10,9,13,8,11,24
22,10,9,13,12,11,25
26,1,3,27
26,1,2,5,4,3,28
29,2,0,1,30
29,2,1,31
32,13,12,33
32,13,9,11,12,34
32,13,8,11,12,35
36,0,2,1,3,37
36,0,1,3,38
36,0,7,6,4,3,39
40,10,5,41
40,10,9,13,12,5,42
40,10,9,11,12,5,43
44,6,4,3,1,0,7,45
44,6,7,46
44,6,4,5,10,9,7,47
48,11,12,5,2,49
48,11,8,13,12,5,2,50
48,11,9,13,12,5,2,51
52,3,1,2,53
52,3,1,0,2,54
52,3,4,5,2,55
56,9,10,5,4,57
56,9,7,6,4,58
56,9,13,8,3,4,59
60,9,10,61
62,11,12,63
62,11,8,13,12,64
62,11,9,13,12,65
66,1,2,5,12,13,67
66,1,0,2,5,12,13,68
66,1,0,7,9,13,69
70,1,0,7,6,71
70,1,3,4,6,72
70,1,2,0,7,6,73
74,5,4,3,75
74,5,12,13,8,3,76
74,5,2,0,1,3,77
78,9,7,0,79
78,9,13,8,3,1,0,80
81,11,12,5,2,0,1,82
81,11,12,5,2,1,83
81,11,8,3,1,84
85,10,5,2,86
85,10,9,7,0,2,87
85,10,9,7,0,1,2,88
89,3,8,13,9,90
89,3,4,6,7,9,91
89,3,8,11,9,92
93,1,0,7,94
93,1,2,0,7,95
96,10,5,2,0,97
96,10,9,7,0,98
96,10,5,4,6,7,0,99
100,9,13,8,3,101
100,9,11,8,3,102
100,9,7,0,1,3,103
104,5,12,13,105
104,5,10,9,13,106
104,5,4,3,8,13,107
108,10,5,4,109
108,10,9,13,12,5,4,110
108,10,9,7,6,4,111
112,9,13,8,11,113
112,9,11,114
112,9,13,12,11,115
116,7,9,13,8,117
116,7,9,11,8,118
116,7,6,4,3,8,119
120,2,5,12,13,121
120,2,0,7,9,13,122
120,2,5,10,9,13,123
124,0,1,125
124,0,2,1,126
127,4,6,128
129,13,8,3,130
129,13,12,5,4,3,131
129,13,9,11,8,3,132
133,10,9,134
133,10,5,12,13,9,135
136,9,7,0,2,137
136,9,7,0,1,2,138
136,9,10,5,2,139
140,13,9,7,0,141
140,13,12,5,4,6,7,0,142
140,13,12,5,2,0,143
144,12,11,8,145
144,12,13,8,146
144,12,13,9,11,8,147
148,3,8,11,149
148,3,4,5,12,11,150
148,3,4,5,12,13,9,11,151
152,6,4,3,8,13,153
152,6,4,5,12,13,154
152,6,7,9,13,155
156,8,3,1,157
156,8,13,12,5,2,0,1,158
156,8,11,12,5,2,0,1,159
160,11,9,7,161
160,11,8,13,9,7,162
160,11,12,13,9,7,163
164,11,9,165
164,11,8,13,9,166
164,11,12,13,9,167
168,13,12,5,169
168,13,9,10,5,170
168,13,9,11,12,5,171
172,4,5,2,173
172,4,3,1,2,174
172,4,6,7,0,2,175
176,1,3,8,177
176,1,2,5,12,13,8,178
176,1,0,2,5,12,13,8,179
180,11,8,3,181
180,11,12,5,4,3,182
180,11,9,13,8,3,183
184,4,3,1,185
184,4,6,7,0,1,186
184,4,5,2,1,187
188,10,9,13,8,189
188,10,9,11,8,190
188,10,5,12,13,8,191
192,6,4,3,1,2,193
192,6,4,3,1,0,2,194
192,6,7,0,2,195
196,8,13,12,197
196,8,11,12,198
199,2,0,7,200
199,2,5,4,6,7,201
199,2,1,0,7,202
succeed
1.94,3.12,1.94,3.08,2.12,3.02,3.16,2.46,3.38,3.14,2.38,1.94,1.94,3.28,2.18,2.84,3.68,3.06,2.8,1.92,2.5,3.26,3.54,1.86,2.06,2.9,2.38,2.16,2.34,3.6,2.54,2.1,1.92,3.3,2.4,2.8,3.16,2.7,3.5,1.98,3.14,2.76,3.06,2.36,3.78,2.76,3.46,3.4,3.7,2.78