20
14,12,5,2,15
14,12,13,9,7,0,2,16
14,12,11,9,7,0,2,17
14,12,13,8,3,1,2,18
19,12,5,10,20
19,12,13,9,10,21
19,12,11,9,10,22
19,12,13,8,11,9,10,23
24,1,0,7,9,25
24,1,2,5,10,9,26
24,1,2,0,7,9,27
24,1,3,8,11,9,28
29,4,3,8,13,12,30
29,4,5,12,31
29,4,6,7,9,13,12,32
29,4,5,10,9,13,12,33
34,13,12,5,35
34,13,9,10,5,36
34,13,8,11,9,10,5,37
34,13,12,11,9,10,5,38
39,6,4,3,1,40
39,6,7,0,1,41
39,6,7,0,2,1,42
39,6,7,9,13,8,3,1,43
44,0,7,6,4,45
44,0,2,5,4,46
44,0,1,3,4,47
44,0,7,9,10,5,4,48
49,1,2,5,10,50
49,1,0,2,5,10,51
49,1,3,4,5,10,52
49,1,0,7,9,10,53
54,8,3,1,2,55
54,8,13,12,5,2,56
54,8,3,1,0,2,57
54,8,11,9,7,0,2,58
59,12,5,4,60
59,12,13,8,3,4,61
59,12,11,9,10,5,4,62
59,12,13,8,11,9,10,5,4,63
64,13,9,7,65
64,13,8,11,9,7,66
64,13,12,11,9,7,67
64,13,8,3,1,2,0,7,68
69,1,2,70
69,1,0,2,71
72,0,1,3,8,11,73
72,0,7,9,13,8,11,74
72,0,7,9,11,75
72,0,2,5,12,11,76
77,5,2,78
77,5,10,9,7,0,2,79
77,5,4,6,7,0,2,80
77,5,4,3,1,2,81
82,11,9,83
82,11,8,13,9,84
82,11,12,13,9,85
86,1,3,87
88,0,1,89
88,0,2,1,90
91,7,0,92
91,7,9,10,5,2,0,93
94,12,13,9,95
94,12,11,9,96
94,12,13,8,11,9,97
94,12,5,10,9,98
99,1,2,5,100
99,1,0,2,5,101
99,1,3,4,5,102
99,1,0,7,9,10,5,103
104,3,4,105
104,3,1,0,2,5,4,106
104,3,1,2,5,4,107
104,3,1,0,7,6,4,108
109,13,8,3,4,6,110
109,13,9,7,6,111
109,13,8,11,9,7,6,112
109,13,8,3,1,0,7,6,113
114,6,4,3,1,0,7,115
114,6,7,116
114,6,4,5,10,9,7,117
114,6,4,5,2,0,7,118
119,11,8,3,4,120
119,11,9,10,5,4,121
119,11,9,7,6,4,122
119,11,12,5,4,123
124,4,6,7,0,125
124,4,3,1,0,126
124,4,5,2,0,127
124,4,5,10,9,7,0,128
129,11,8,13,130
129,11,12,13,131
132,10,5,2,0,133
132,10,5,4,6,7,0,134
132,10,9,7,0,135
132,10,5,4,3,1,0,136
137,5,12,11,138
137,5,12,13,8,11,139
137,5,10,9,11,140
137,5,10,9,13,8,11,141
142,6,4,3,8,11,143
142,6,7,9,13,8,11,144
142,6,7,0,1,3,8,11,145
142,6,7,9,13,12,11,146
147,11,9,7,6,148
147,11,8,3,4,6,149
147,11,12,13,8,3,4,6,150
147,11,9,10,5,4,6,151
succeed
2.78,2.3,2.16,2,3.08,2.36,3.22,2.72,2.22,2.04,2.06,2.98,3.66,3.1,1.86,2.96,2.84,2.88,2.82,2.24,3.14,3.46,3.06,2.56,2.34,3.62,2.84,2.14,3.68,2.8