20
14,12,5,2,15
14,12,13,8,3,1,2,16
14,12,11,9,7,0,2,17
14,12,13,9,7,0,2,18
14,12,11,8,3,1,2,19
20,12,5,10,21
20,12,11,9,10,22
20,12,13,8,11,9,10,23
20,12,13,9,10,24
20,12,13,8,3,1,2,5,10,25
26,1,0,7,9,27
26,1,2,0,7,9,28
26,1,2,5,10,9,29
26,1,3,8,11,9,30
26,1,2,5,4,6,7,9,31
32,4,3,8,13,12,33
32,4,5,12,34
32,4,6,7,9,13,12,35
32,4,3,8,11,12,36
32,4,5,10,9,13,12,37
38,13,12,5,39
38,13,9,10,5,40
38,13,8,11,9,10,5,41
38,13,8,3,1,0,2,5,42
38,13,8,3,1,2,5,43
44,6,7,0,1,45
44,6,4,3,1,46
44,6,7,0,2,1,47
44,6,7,9,10,5,4,3,1,48
44,6,4,5,2,0,1,49
50,0,7,6,4,51
50,0,2,5,4,52
50,0,1,3,4,53
50,0,7,9,10,5,4,54
50,0,1,2,5,4,55
56,1,2,5,10,57
56,1,0,2,5,10,58
56,1,3,4,5,10,59
56,1,0,7,9,10,60
56,1,3,8,11,9,10,61
62,8,3,1,2,63
62,8,11,9,7,0,2,64
62,8,3,1,0,2,65
62,8,13,12,5,2,66
62,8,13,9,7,0,2,67
68,12,5,4,69
68,12,13,8,3,4,70
68,12,11,9,10,5,4,71
68,12,13,9,10,5,4,72
68,12,13,8,11,9,10,5,4,73
74,13,8,3,1,0,7,75
74,13,9,7,76
74,13,8,11,9,7,77
74,13,12,11,9,7,78
79,1,0,2,80
79,1,2,81
82,0,1,3,8,11,83
82,0,7,9,13,8,11,84
82,0,7,9,11,85
82,0,7,9,13,12,11,86
82,0,1,3,8,13,12,11,87
88,5,2,89
88,5,4,6,7,0,2,90
88,5,10,9,7,0,2,91
88,5,4,3,1,0,2,92
88,5,4,3,1,2,93
94,11,9,95
94,11,8,13,9,96
94,11,12,13,9,97
98,1,3,99
100,0,1,101
100,0,2,1,102
103,7,0,104
105,12,13,9,106
105,12,11,9,107
105,12,13,8,11,9,108
105,12,5,4,6,7,9,109
105,12,5,10,9,110
111,1,2,5,112
111,1,0,2,5,113
111,1,3,4,5,114
111,1,0,7,9,10,5,115
111,1,0,7,6,4,5,116
117,3,4,118
117,3,1,0,2,5,4,119
117,3,1,0,7,6,4,120
117,3,1,2,5,4,121
122,13,8,3,4,6,123
122,13,9,7,6,124
122,13,8,11,9,7,6,125
122,13,8,3,1,0,7,6,126
122,13,9,10,5,4,6,127
128,6,7,129
128,6,4,5,10,9,7,130
128,6,4,3,1,0,7,131
128,6,4,3,1,2,0,7,132
133,11,8,3,4,134
133,11,9,10,5,4,135
133,11,12,5,4,136
133,11,9,7,6,4,137
133,11,12,13,8,3,4,138
139,4,3,1,0,140
139,4,6,7,0,141
139,4,5,2,0,142
139,4,5,10,9,7,0,143
139,4,3,1,2,0,144
145,11,8,13,146
145,11,12,13,147
148,10,5,2,0,149
148,10,5,4,6,7,0,150
148,10,9,7,0,151
148,10,5,4,3,1,0,152
153,5,12,13,8,11,154
153,5,12,11,155
153,5,4,3,8,11,156
153,5,10,9,11,157
153,5,10,9,13,8,11,158
159,6,4,3,8,11,160
159,6,4,3,8,13,12,11,161
159,6,7,0,1,3,8,11,162
159,6,7,9,13,12,11,163
159,6,7,9,13,8,11,164
165,11,9,7,6,166
165,11,8,3,4,6,167
165,11,12,13,8,3,4,6,168
165,11,9,10,5,4,6,169
165,11,12,13,9,7,6,170
succeed
2.78,2.3,2.16,2,3.08,2.36,3.22,2.72,2.22,2.04,2.06,2.98,3.66,3.1,1.86,2.96,2.84,2.88,2.82,2.24,3.14,3.46,3.06,2.56,2.34,3.62,2.84,2.14,3.68,2.8