20
14,11,9,13,12,5,15
16,5,4,3,8,17
16,5,10,9,11,8,18
19,11,12,5,2,20
21,5,2,0,1,3,8,13,22
21,5,2,1,3,8,13,23
21,5,12,13,24
25,12,13,8,3,1,0,2,5,26
25,12,13,8,11,9,10,5,27
25,12,13,9,10,5,28
29,2,0,1,3,30
31,7,0,2,5,32
33,3,1,0,7,34
33,3,4,6,7,35
36,2,0,7,37
36,2,1,0,7,38
39,4,5,2,0,7,40
39,4,6,7,41
42,10,9,7,43
44,1,0,2,5,45
46,6,4,3,1,0,2,5,10,47
46,6,4,5,10,48
49,9,7,0,1,50
51,0,1,3,8,52
53,13,9,54
55,11,8,56
57,7,9,11,58
59,9,11,60
59,9,13,8,11,61
62,2,0,63
64,13,8,3,65
64,13,12,5,4,3,66
67,11,9,7,68
69,8,3,4,70
71,1,3,4,6,72
73,13,9,10,5,4,74
75,12,13,8,76
77,11,8,3,4,78
77,11,9,7,6,4,79
80,12,5,2,1,81
82,5,10,9,83
82,5,12,13,9,84
85,10,5,4,86
succeed
2.68,3.12,3.34,4.18,3.82,3.3,4.04,4.16,2.34,2.54,3.26,3.54,3.52,3.88,2.38,3.72,3.56,2.46,3.56,2.38,4.04,2.56,4.06,2.66,3.72,2.26,3.18,2.64,3.4,3.48