20
14,11,12,5,15
16,5,4,3,8,17
18,11,12,5,2,19
20,5,12,13,21
22,12,5,23
24,2,1,3,25
26,7,6,4,5,27
28,3,4,6,7,29
30,2,0,7,31
32,4,6,7,33
34,10,9,7,35
36,1,2,5,37
38,6,4,5,10,39
40,9,7,0,1,41
42,0,1,3,8,43
44,13,9,45
46,11,8,47
48,7,9,11,49
50,9,11,51
52,2,0,53
54,13,8,3,55
56,11,9,7,57
58,8,3,4,59
60,1,0,7,6,61
62,13,8,3,4,63
64,12,13,8,65
66,11,8,3,4,67
68,12,5,2,1,69
70,5,10,9,71
72,10,5,4,73
succeed
2.68,3.12,3.34,4.18,3.82,3.3,4.04,4.16,2.34,2.54,3.26,3.54,3.52,3.88,2.38,3.72,3.56,2.46,3.56,2.38,4.04,2.56,4.06,2.66,3.72,2.26,3.18,2.64,3.4,3.48