20
14,12,5,2,15
16,12,5,10,17
16,12,11,9,10,18
19,1,0,7,9,20
19,1,2,0,7,9,21
22,4,5,12,23
24,13,9,10,5,25
24,13,12,5,26
27,6,4,3,1,28
29,0,1,3,4,30
29,0,7,6,4,31
29,0,7,9,10,5,4,32
33,1,0,2,5,10,34
33,1,2,5,10,35
36,8,3,1,2,37
38,12,5,4,39
40,13,9,7,41
42,1,2,43
44,0,1,3,8,11,45
44,0,2,5,10,9,11,46
44,0,2,5,12,11,47
48,5,2,49
48,5,10,9,7,0,2,50
51,11,9,52
53,1,3,54
55,0,1,56
57,7,0,58
59,12,11,9,60
61,1,0,2,5,62
63,3,4,64
65,13,8,3,1,0,7,6,66
65,13,8,11,9,7,6,67
65,13,9,7,6,68
69,6,7,70
71,11,12,13,8,3,4,72
73,4,6,7,0,74
75,11,8,13,76
77,10,5,2,0,78
79,5,12,11,80
81,6,4,3,8,11,82
81,6,7,0,1,3,8,11,83
84,11,8,3,4,6,85
84,11,12,5,4,6,86
84,11,12,13,9,7,6,87
succeed
1.51,1.25,1.17,1.09,1.67,1.28,1.75,1.48,1.21,1.11,1.12,1.62,1.99,1.68,1.01,1.61,1.54,1.57,1.53,1.22,1.71,1.88,1.66,1.39,1.27,1.97,1.54,1.16,2.0,1.52