20
14,10,5,4,15
14,10,9,13,8,3,4,16
14,10,9,13,12,5,4,17
18,11,8,3,1,19
18,11,8,13,12,5,2,0,1,20
18,11,12,5,2,1,21
22,2,0,23
22,2,1,0,24
25,8,13,9,26
25,8,11,9,27
25,8,11,12,13,9,28
29,0,7,9,30
29,0,1,3,8,13,9,31
29,0,1,3,8,11,9,32
33,10,9,34
33,10,5,12,13,9,35
33,10,5,12,13,8,11,9,36
37,7,9,13,38
37,7,6,4,3,8,13,39
37,7,9,11,12,13,40
41,1,3,8,42
41,1,0,7,9,11,8,43
41,1,0,7,6,4,3,8,44
45,3,1,0,46
45,3,4,6,7,0,47
45,3,1,2,0,48
49,9,10,5,50
49,9,13,12,5,51
49,9,11,12,5,52
53,3,4,54
53,3,8,11,12,5,4,55
56,13,8,3,1,0,57
56,13,9,7,0,58
56,13,12,5,4,3,1,0,59
60,1,0,2,5,12,61
60,1,2,5,12,62
60,1,0,7,9,13,12,63
64,12,13,65
64,12,11,9,13,66
67,9,7,0,2,68
67,9,10,5,2,69
67,9,7,0,1,2,70
71,6,4,3,8,13,72
71,6,7,9,13,73
71,6,4,5,12,13,74
75,6,4,3,1,0,76
75,6,7,0,77
78,9,13,8,3,79
78,9,11,8,3,80
78,9,10,5,4,3,81
82,11,8,3,1,0,83
82,11,9,7,0,84
82,11,12,5,4,3,1,0,85
86,3,4,6,87
86,3,1,0,7,6,88
89,13,9,90
89,13,8,11,9,91
89,13,12,11,9,92
93,5,4,6,94
93,5,2,0,7,6,95
96,4,5,10,97
98,10,9,13,8,99
98,10,9,11,8,100
98,10,5,12,13,8,101
102,6,4,3,8,11,103
102,6,7,9,11,104
102,6,4,5,12,11,105
106,13,8,107
106,13,12,11,8,108
106,13,9,11,8,109
110,0,7,9,11,111
110,0,1,3,8,11,112
110,0,1,3,4,5,10,9,11,113
114,8,11,9,10,115
114,8,13,9,10,116
114,8,11,12,5,10,117
118,12,5,2,0,1,119
118,12,5,2,1,120
118,12,13,8,3,1,121
122,5,10,9,11,123
122,5,12,13,8,11,124
122,5,12,11,125
126,2,0,7,127
126,2,1,0,7,128
129,0,2,5,130
129,0,1,3,4,5,131
129,0,7,6,4,5,132
133,11,12,134
133,11,8,13,12,135
133,11,9,13,12,136
137,9,11,138
137,9,13,8,11,139
137,9,13,12,11,140
141,12,13,9,142
141,12,11,9,143
141,12,13,8,11,9,144
145,8,3,146
145,8,11,12,5,4,3,147
145,8,13,12,5,4,3,148
149,2,0,1,3,150
149,2,1,3,151
149,2,0,7,6,4,3,152
153,11,9,154
153,11,8,13,9,155
153,11,12,13,9,156
157,7,9,13,12,158
157,7,9,11,12,159
157,7,6,4,3,8,13,12,160
161,11,8,13,12,5,2,162
161,11,12,5,2,163
161,11,9,13,12,5,2,164
165,0,1,3,8,166
165,0,7,9,13,8,167
165,0,7,9,11,8,168
169,4,5,10,9,170
169,4,3,8,13,9,171
169,4,3,8,11,9,172
173,2,5,10,174
173,2,0,7,6,4,5,10,175
173,2,0,7,9,10,176
177,0,2,5,10,178
177,0,7,9,10,179
177,0,7,6,4,5,10,180
181,10,5,2,182
181,10,9,7,0,2,183
184,8,3,4,6,7,185
184,8,11,9,7,186
184,8,13,9,7,187
188,0,1,3,4,5,12,189
188,0,7,6,4,5,12,190
188,0,7,9,13,12,191
192,5,4,3,193
192,5,10,9,13,8,3,194
192,5,12,13,8,3,195
196,0,7,9,13,197
196,0,1,3,4,5,12,13,198
196,0,7,6,4,5,12,13,199
200,7,0,1,3,201
200,7,6,4,3,202
200,7,9,13,8,3,203
204,2,5,12,205
204,2,0,7,9,13,12,206
204,2,5,10,9,13,12,207
208,6,7,0,2,209
208,6,4,3,1,2,210
208,6,4,3,1,0,2,211
212,6,4,5,213
212,6,7,9,10,5,214
212,6,7,9,13,12,5,215
216,12,13,9,7,217
216,12,11,9,7,218
216,12,13,8,3,4,6,7,219
220,2,5,12,13,221
220,2,0,7,9,13,222
220,2,0,1,3,8,13,223
224,2,0,7,9,11,225
224,2,5,12,11,226
224,2,0,1,3,8,11,227
228,11,12,5,229
228,11,8,13,12,5,230
228,11,9,10,5,231
232,13,12,5,233
232,13,9,10,5,234
232,13,8,3,4,5,235
236,7,6,237
236,7,0,1,3,4,6,238
239,13,9,11,240
239,13,8,11,241
239,13,12,11,242
succeed
1.94,2.18,2.92,3.06,2.2,3.36,3.4,3.76,2.96,2.42,2.18,3.68,2.32,3.38,3.3,3.12,2.98,1.96,2.94,2.78,2.34,2.84,3.62,2.3,2.8,3.72,2.38,2.98,1.98,2.1,2.8,3.14,2.92,3.78,3.5,3.66,3.74,3.36,3.16,2.3,2.86,3.5,2.7,2.28,3.38,3.34,2.56,1.94,2.66,2.84,3.7,2.68,2.54,3.34,2.4,1.94,2.64,3.14,3.52,2.9