20
14,10,5,4,3,8,15
14,10,5,12,11,8,16
14,10,5,12,13,8,17
14,10,9,11,8,18
14,10,9,13,8,19
20,1,0,2,5,10,9,21
20,1,0,7,9,22
20,1,2,5,10,9,23
20,1,2,5,12,11,9,24
20,1,2,5,12,13,9,25
20,1,3,4,5,12,13,9,26
20,1,3,8,11,9,27
20,1,3,8,13,9,28
29,0,1,2,30
29,0,1,3,4,5,2,31
29,0,2,32
33,11,8,34
33,11,9,10,5,4,3,8,35
33,11,9,13,8,36
33,11,12,5,4,3,8,37
33,11,12,13,8,38
39,4,3,1,2,5,40
39,4,3,8,13,12,5,41
39,4,5,42
39,4,6,7,9,10,5,43
44,6,4,3,1,2,5,45
44,6,4,3,8,13,12,5,46
44,6,4,5,47
44,6,7,9,10,5,48
49,0,1,3,4,6,50
49,0,1,3,8,11,9,7,6,51
49,0,2,5,4,6,52
49,0,7,6,53
54,13,8,3,4,6,7,55
54,13,8,11,9,7,56
54,13,8,11,12,5,2,0,7,57
54,13,9,7,58
54,13,12,5,2,0,7,59
54,13,12,5,2,1,0,7,60
54,13,12,5,4,6,7,61
62,12,5,63
62,12,11,8,3,1,2,5,64
62,12,11,9,10,5,65
62,12,13,8,3,1,2,5,66
62,12,13,8,3,4,5,67
62,12,13,9,10,5,68
69,13,8,3,1,2,5,70
69,13,8,3,4,5,71
69,13,8,11,9,10,5,72
69,13,8,11,12,5,73
69,13,9,10,5,74
69,13,12,5,75
76,3,1,0,2,77
76,3,1,2,78
76,3,4,5,2,79
76,3,8,11,9,7,0,2,80
76,3,8,11,12,5,2,81
76,3,8,13,9,7,0,2,82
76,3,8,13,12,5,2,83
84,4,3,1,2,5,10,9,85
84,4,3,8,11,9,86
84,4,3,8,13,9,87
84,4,5,10,9,88
84,4,5,12,11,9,89
84,4,5,12,13,9,90
84,4,6,7,9,91
92,11,8,3,1,2,5,93
92,11,9,10,5,94
92,11,12,5,95
92,11,12,13,8,3,1,2,5,96
92,11,12,13,8,3,4,5,97
92,11,12,13,9,10,5,98
99,6,4,3,100
99,6,4,5,12,11,8,3,101
99,6,7,0,1,3,102
99,6,7,9,11,8,3,103
99,6,7,9,13,8,3,104
105,7,0,1,2,5,106
105,7,0,2,5,107
105,7,6,4,3,1,2,5,108
105,7,6,4,5,109
105,7,9,10,5,110
105,7,9,11,8,3,1,2,5,111
105,7,9,11,12,5,112
105,7,9,13,8,3,1,2,5,113
105,7,9,13,12,5,114
115,1,0,2,5,10,116
115,1,0,7,9,10,117
115,1,2,5,10,118
115,1,3,4,5,10,119
115,1,3,8,11,9,10,120
115,1,3,8,13,9,10,121
115,1,3,8,13,12,5,10,122
123,6,4,3,1,0,7,124
123,6,4,3,8,11,9,7,125
123,6,4,3,8,13,9,7,126
123,6,4,5,2,0,7,127
123,6,4,5,10,9,7,128
123,6,7,129
130,13,8,11,131
130,13,9,11,132
130,13,12,11,133
134,5,2,1,3,8,11,9,135
134,5,2,1,3,8,13,9,136
134,5,4,3,8,13,9,137
134,5,10,9,138
134,5,12,11,9,139
134,5,12,13,9,140
141,5,2,1,3,8,13,142
141,5,4,3,8,13,143
141,5,10,9,11,8,13,144
141,5,10,9,13,145
141,5,12,11,8,13,146
141,5,12,13,147
148,8,3,4,149
148,8,11,9,7,6,4,150
148,8,11,12,5,4,151
148,8,13,9,7,6,4,152
148,8,13,12,5,4,153
154,5,2,1,3,8,155
154,5,4,3,8,156
154,5,10,9,11,8,157
154,5,10,9,13,8,158
154,5,12,11,8,159
154,5,12,13,8,160
161,2,0,7,9,11,12,162
161,2,1,0,7,9,11,12,163
161,2,1,0,7,9,13,12,164
161,2,1,3,4,5,10,9,13,12,165
161,2,1,3,8,11,12,166
161,2,1,3,8,13,12,167
161,2,5,10,9,13,12,168
161,2,5,12,169
170,7,0,1,171
170,7,0,2,1,172
170,7,6,4,3,1,173
170,7,6,4,5,2,1,174
170,7,9,10,5,2,1,175
170,7,9,11,8,3,1,176
170,7,9,13,8,3,1,177
170,7,9,13,12,11,8,3,1,178
179,13,8,3,180
179,13,9,7,0,1,3,181
179,13,9,10,5,2,1,3,182
179,13,9,10,5,4,3,183
179,13,12,5,4,3,184
179,13,12,11,8,3,185
186,10,5,2,187
186,10,5,4,3,1,2,188
186,10,5,12,11,8,3,1,2,189
186,10,9,7,0,1,2,190
186,10,9,7,0,2,191
186,10,9,11,8,3,1,2,192
186,10,9,13,8,3,1,2,193
194,13,8,3,1,0,195
194,13,8,11,9,7,0,196
194,13,8,11,12,5,2,0,197
194,13,9,7,0,198
194,13,9,10,5,2,0,199
194,13,12,5,2,0,200
194,13,12,5,2,1,0,201
194,13,12,5,4,3,1,0,202
203,6,4,3,1,2,5,10,9,11,12,204
203,6,4,3,8,11,12,205
203,6,4,3,8,13,12,206
203,6,4,5,10,9,11,12,207
203,6,4,5,12,208
203,6,7,9,11,12,209
203,6,7,9,13,12,210
211,13,8,3,4,212
211,13,8,11,9,7,6,4,213
211,13,8,11,12,5,4,214
211,13,9,7,6,4,215
211,13,9,10,5,4,216
211,13,12,5,4,217
218,4,3,1,0,7,219
218,4,3,8,11,9,7,220
218,4,3,8,13,9,7,221
218,4,5,2,0,7,222
218,4,5,10,9,7,223
218,4,5,12,11,9,7,224
218,4,6,7,225
succeed
1.78,1.22,1.34,1.39,1.18,1.7,1.63,1.21,1.86,1.78,1.19,1.29,1.57,1.26,1.88,1.29,1.49,1.83,1.69,1.92,1.9,1.84,1.43,1.48,1.88,1.75,2.0,1.54,1.86,1.63