20
14,3,1,0,15
14,3,1,2,0,16
14,3,4,5,2,0,17
14,3,4,6,7,0,18
14,3,8,13,9,7,0,19
14,3,8,13,12,5,2,0,20
21,9,7,6,22
21,9,10,5,2,0,7,6,23
21,9,10,5,2,1,3,4,6,24
21,9,10,5,4,6,25
21,9,11,8,3,4,6,26
21,9,11,12,5,4,6,27
21,9,13,8,3,4,6,28
21,9,13,12,5,4,6,29
30,4,3,31
30,4,5,2,1,3,32
30,4,5,12,11,8,3,33
30,4,5,12,13,8,3,34
30,4,6,7,0,1,3,35
30,4,6,7,0,2,1,3,36
37,2,0,7,6,4,5,38
37,2,0,7,9,10,5,39
37,2,0,7,9,13,12,5,40
37,2,1,0,7,9,13,12,5,41
37,2,1,3,4,5,42
37,2,1,3,8,11,12,5,43
37,2,1,3,8,13,12,5,44
37,2,5,45
46,11,8,3,47
46,11,9,7,0,1,3,48
46,11,9,7,0,2,1,3,49
46,11,9,7,6,4,3,50
46,11,9,10,5,2,1,3,51
46,11,12,5,2,1,3,52
46,11,12,13,8,3,53
46,11,12,13,9,10,5,2,1,3,54
46,11,12,13,9,10,5,4,3,55
56,13,8,3,1,0,7,57
56,13,8,3,4,6,7,58
56,13,8,11,9,7,59
56,13,9,7,60
56,13,9,10,5,2,0,7,61
56,13,12,5,2,0,7,62
56,13,12,5,2,1,0,7,63
56,13,12,5,4,6,7,64
56,13,12,11,9,10,5,4,6,7,65
66,6,4,3,1,0,7,67
66,6,4,3,1,2,0,7,68
66,6,4,5,2,0,7,69
66,6,4,5,12,13,9,7,70
66,6,7,71
72,8,3,1,2,73
72,8,3,4,5,2,74
72,8,11,9,7,0,1,2,75
72,8,11,9,7,0,2,76
72,8,11,12,5,2,77
72,8,13,9,7,0,2,78
72,8,13,9,10,5,2,79
72,8,13,12,5,2,80
81,5,2,1,3,82
81,5,4,3,83
81,5,10,9,7,0,1,3,84
81,5,10,9,13,8,3,85
81,5,12,11,8,3,86
81,5,12,13,8,3,87
88,9,7,0,2,5,12,89
88,9,7,6,4,5,12,90
88,9,10,5,12,91
88,9,11,12,92
88,9,13,8,3,4,5,12,93
88,9,13,8,11,12,94
88,9,13,12,95
96,13,8,3,1,2,97
96,13,8,3,4,5,2,98
96,13,8,11,9,7,0,1,2,99
96,13,8,11,9,7,0,2,100
96,13,9,7,0,2,101
96,13,9,10,5,2,102
96,13,12,5,2,103
96,13,12,11,9,10,5,2,104
105,13,8,3,4,6,7,9,106
105,13,8,11,9,107
105,13,9,108
105,13,12,5,2,0,7,9,109
105,13,12,5,4,6,7,9,110
105,13,12,5,10,9,111
105,13,12,11,9,112
113,0,1,2,5,10,114
113,0,1,3,8,11,9,10,115
113,0,1,3,8,13,9,10,116
113,0,2,5,10,117
113,0,7,6,4,5,10,118
113,0,7,9,10,119
120,2,0,7,9,11,8,121
120,2,0,7,9,13,8,122
120,2,1,0,7,9,13,8,123
120,2,1,3,8,124
120,2,5,4,3,8,125
120,2,5,10,9,13,8,126
120,2,5,12,11,8,127
120,2,5,12,13,8,128
129,12,5,2,130
129,12,11,8,3,1,2,131
129,12,11,8,3,4,5,2,132
129,12,11,9,7,0,1,2,133
129,12,11,9,7,0,2,134
129,12,13,9,7,0,2,135
129,12,13,9,10,5,2,136
137,8,3,4,5,138
137,8,11,9,7,0,2,5,139
137,8,11,9,7,6,4,5,140
137,8,11,9,10,5,141
137,8,11,12,5,142
137,8,13,9,10,5,143
137,8,13,12,5,144
145,2,0,7,6,146
145,2,1,0,7,6,147
145,2,1,3,4,6,148
145,2,5,4,6,149
145,2,5,12,11,8,13,9,7,6,150
145,2,5,12,13,9,7,6,151
152,11,8,3,4,5,153
152,11,8,13,9,7,0,2,5,154
152,11,8,13,9,7,6,4,5,155
152,11,8,13,9,10,5,156
152,11,8,13,12,5,157
152,11,9,10,5,158
152,11,12,5,159
160,9,7,0,1,2,5,12,11,161
160,9,7,6,4,3,8,11,162
160,9,7,6,4,5,12,11,163
160,9,10,5,12,11,164
160,9,11,165
160,9,13,8,11,166
160,9,13,12,11,167
168,6,4,3,1,0,2,5,10,169
168,6,4,3,1,2,5,10,170
168,6,4,3,8,11,9,10,171
168,6,4,3,8,11,12,5,10,172
168,6,4,3,8,13,12,5,10,173
168,6,4,5,10,174
168,6,7,0,2,5,10,175
168,6,7,9,10,176
168,6,7,9,13,12,5,10,177
succeed
3.66,2.56,2.5,2.92,3.66,2.22,2.6,3.06,2.44,2.5,3.32,2.1,2.12,1.86,3.74,2.34,2.2,3.58,3.62,2.54