20
14,11,9,7,15
16,7,0,1,17
18,9,13,8,3,19
20,3,8,13,21
22,5,4,6,23
24,8,3,4,25
26,7,0,1,3,27
28,2,5,12,29
30,5,4,31
32,1,3,8,11,33
34,12,5,10,35
36,12,5,4,6,37
38,0,7,9,11,39
40,4,5,12,11,41
42,9,13,8,43
44,1,3,8,45
46,5,4,3,47
48,4,6,49
50,2,0,7,51
52,6,4,5,12,53
54,13,9,7,6,55
56,1,2,5,57
58,13,9,10,59
60,3,1,2,61
62,6,7,9,63
64,1,0,7,65
66,6,4,5,67
68,2,0,7,6,69
70,1,0,7,9,71
72,2,5,12,13,73
succeed
0.89,1.77,0.89,1.13,0.97,1.55,1.39,1.55,1.56,1.01,1.97,1.53,1.55,1.31,0.99,1.4,1.56,0.85,1.67,1.87,2.0,1.99,1.72,1.63,1.39,0.73,1.53,1.49,1.27,1.07