20
14,12,5,2,15
16,12,5,10,17
16,12,11,9,10,18
19,1,0,7,9,20
19,1,2,0,7,9,21
22,4,5,12,23
24,13,9,10,5,25
24,13,12,5,26
27,6,4,3,1,28
29,0,1,3,4,30
29,0,7,6,4,31
29,0,7,9,10,5,4,32
33,1,0,2,5,10,34
33,1,2,5,10,35
36,8,3,1,2,37
38,12,5,4,39
40,13,9,7,41
42,1,2,43
44,0,1,3,8,11,45
44,0,2,5,10,9,11,46
44,0,2,5,12,11,47
48,5,2,49
48,5,10,9,7,0,2,50
51,11,9,52
53,1,3,54
55,0,1,56
57,7,0,58
59,12,11,9,60
61,1,0,2,5,62
63,3,4,64
65,13,8,3,1,0,7,6,66
65,13,8,11,9,7,6,67
65,13,9,7,6,68
69,6,7,70
71,11,12,13,8,3,4,72
73,4,6,7,0,74
75,11,8,13,76
77,10,5,2,0,78
79,5,12,11,80
81,6,4,3,8,11,82
81,6,7,0,1,3,8,11,83
84,11,8,3,4,6,85
84,11,12,5,4,6,86
84,11,12,13,9,7,6,87
succeed
2.78,2.3,2.16,2,3.08,2.36,3.22,2.72,2.22,2.04,2.06,2.98,3.66,3.1,1.86,2.96,2.84,2.88,2.82,2.24,3.14,3.46,3.06,2.56,2.34,3.62,2.84,2.14,3.68,2.8