20
14,8,3,15
16,13,9,7,6,17
18,1,0,7,19
20,10,9,13,8,21
22,0,2,5,12,23
24,4,5,12,25
26,12,5,10,27
28,5,2,0,7,29
30,11,12,5,31
32,10,5,4,33
34,6,7,9,11,35
36,4,5,2,37
38,0,7,39
40,6,7,9,41
42,7,9,11,43
44,4,6,45
46,1,0,7,9,47
48,4,6,7,49
50,7,0,2,51
52,10,5,4,3,53
54,7,0,55
56,13,8,11,57
58,10,5,12,59
60,3,4,6,61
62,2,1,63
64,7,9,13,65
66,9,13,8,67
68,7,0,1,3,69
70,5,4,3,8,71
72,11,9,73
succeed
1.51,1.58,1.19,0.95,1.64,1.16,0.95,1.03,1.69,1.16,0.86,1.76,1.09,1.32,0.91,1.44,1.14,1.16,1.25,1.4,1.29,0.98,1.92,1.8,1.08,1.78,2.0,1.11,1.66,1.11