20
14,8,3,1,0,15
14,8,11,9,7,0,16
14,8,13,12,5,4,3,1,0,17
18,1,0,2,5,10,19
18,1,2,5,10,20
18,1,0,7,6,4,5,10,21
22,11,9,23
22,11,8,13,9,24
22,11,12,13,9,25
26,5,2,0,27
26,5,4,3,1,0,28
26,5,4,6,7,0,29
30,8,13,9,7,31
30,8,11,9,7,32
30,8,3,1,0,7,33
34,9,7,35
34,9,13,8,3,1,0,7,36
34,9,10,5,4,6,7,37
38,1,0,39
38,1,2,0,40
38,1,3,4,6,7,0,41
42,12,5,2,0,1,43
42,12,5,2,1,44
42,12,5,4,3,1,45
46,4,3,8,11,47
46,4,5,12,13,8,11,48
46,4,5,10,9,13,8,11,49
50,9,7,6,51
50,9,13,8,3,4,6,52
50,9,10,5,4,6,53
54,1,3,55
56,6,4,5,10,57
56,6,4,3,1,0,2,5,10,58
56,6,7,0,2,5,10,59
60,12,13,9,61
60,12,13,8,11,9,62
60,12,11,9,63
64,5,2,1,65
64,5,2,0,1,66
64,5,4,3,1,67
68,6,4,3,8,13,12,69
68,6,4,5,12,70
68,6,4,3,8,11,12,71
72,13,8,3,4,6,73
72,13,9,7,6,74
72,13,12,5,4,6,75
76,11,9,7,0,77
76,11,12,5,4,3,1,0,78
76,11,12,5,4,6,7,0,79
80,8,3,1,0,2,81
80,8,3,1,2,82
80,8,13,12,5,2,83
84,5,2,85
84,5,4,3,1,0,2,86
84,5,4,6,7,0,2,87
88,12,13,8,89
88,12,11,8,90
88,12,13,9,11,8,91
92,9,11,93
92,9,13,8,11,94
92,9,13,12,11,95
96,1,3,4,6,97
96,1,0,7,6,98
96,1,2,0,7,6,99
100,0,1,3,101
100,0,2,1,3,102
100,0,7,6,4,3,103
104,7,0,1,105
104,7,0,2,1,106
107,8,3,4,108
107,8,13,12,5,4,109
107,8,11,9,10,5,4,110
111,0,7,9,13,112
111,0,2,5,12,13,113
111,0,7,6,4,5,12,13,114
115,13,8,3,116
115,13,12,5,4,3,117
115,13,12,5,2,0,1,3,118
119,10,5,4,3,120
119,10,5,2,0,1,3,121
119,10,5,2,1,3,122
123,2,5,124
123,2,0,7,9,13,12,5,125
123,2,0,1,3,4,5,126
127,11,8,3,1,128
127,11,12,5,2,0,1,129
127,11,12,5,2,1,130
succeed
3.3,3.02,3.74,3.06,3.16,3.5,3.14,3.62,3.6,3.34,3.72,3.28,3.42,3.4,3.3,3.64,3.08,3,3.18,3.34,3.58,2.96,3.34,3,3.8,2.92,3.12,2.94,3.3,2.86