20
14,10,9,11,8,15
16,1,3,8,11,9,17
18,0,2,19
20,11,8,21
22,4,5,23
24,6,4,5,25
26,0,1,3,4,6,27
28,13,8,11,9,7,29
30,12,5,31
32,13,12,5,33
34,3,1,2,35
36,4,3,1,0,7,9,37
36,4,5,10,9,38
39,11,9,10,5,40
39,11,12,5,41
42,6,4,3,43
44,7,0,2,5,45
44,7,6,4,3,1,2,5,46
44,7,9,10,5,47
48,1,0,2,5,10,49
50,6,7,51
52,13,9,11,53
52,13,12,11,54
55,5,2,0,7,9,56
55,5,12,13,9,57
58,5,12,13,59
60,8,3,4,61
62,5,4,3,8,63
62,5,10,9,11,8,64
65,2,5,12,66
67,7,0,1,68
69,13,8,3,70
71,10,5,2,72
73,13,9,7,0,74
75,6,7,9,13,12,76
77,13,8,11,9,7,6,4,78
77,13,9,10,5,4,79
77,13,8,3,1,0,2,5,4,80
81,4,3,1,0,7,82
81,4,6,7,83
succeed
1.78,1.22,1.34,1.39,1.18,1.7,1.63,1.21,1.86,1.78,1.19,1.29,1.57,1.26,1.88,1.29,1.49,1.83,1.69,1.92,1.9,1.84,1.43,1.48,1.88,1.75,2.0,1.54,1.86,1.63