20
14,10,9,11,8,15
16,1,0,7,9,17
18,0,2,19
20,11,8,21
22,4,5,23
24,6,4,5,25
26,0,7,6,27
28,13,9,7,29
30,12,5,31
32,13,12,5,33
34,3,1,2,35
36,4,6,7,9,37
38,11,12,5,39
40,6,4,3,41
42,7,6,4,5,43
44,1,2,5,10,45
46,6,7,47
48,13,12,11,49
50,5,10,9,51
52,5,12,13,53
54,8,3,4,55
56,5,12,11,8,57
58,2,5,12,59
60,7,0,1,61
62,13,8,3,63
64,10,5,2,65
66,13,9,7,0,67
68,6,4,5,12,69
70,13,12,5,4,71
72,4,6,7,73
succeed
1.78,1.22,1.34,1.39,1.18,1.7,1.63,1.21,1.86,1.78,1.19,1.29,1.57,1.26,1.88,1.29,1.49,1.83,1.69,1.92,1.9,1.84,1.43,1.48,1.88,1.75,2.0,1.54,1.86,1.63