20
14,8,3,15
16,13,9,7,6,17
18,1,0,7,19
20,10,9,13,8,21
22,0,2,5,12,23
24,4,5,12,25
26,12,5,10,27
28,5,2,0,7,29
30,11,12,5,31
32,10,5,4,33
34,6,7,9,11,35
36,4,5,2,37
38,0,7,39
40,6,7,9,41
42,7,9,11,43
44,4,6,45
46,1,0,7,9,47
48,4,6,7,49
50,7,0,2,51
52,10,5,4,3,53
54,7,0,55
56,13,8,11,57
58,10,5,12,59
60,3,4,6,61
62,2,1,63
64,7,9,13,65
66,9,13,8,67
68,7,0,1,3,69
70,5,4,3,8,71
72,11,9,73
succeed
2.52,2.64,1.98,1.58,2.74,1.94,1.58,1.72,2.82,1.94,1.44,2.94,1.82,2.2,1.52,2.4,1.9,1.94,2.08,2.34,2.16,1.64,3.2,3,1.8,2.98,3.34,1.86,2.78,1.86