20
14,4,3,1,0,15
14,4,6,7,0,16
14,4,5,2,0,17
18,4,3,8,13,9,19
18,4,5,10,9,20
18,4,3,8,11,9,21
22,2,5,12,11,23
22,2,5,12,13,8,11,24
22,2,1,3,8,11,25
26,10,9,13,12,27
26,10,9,11,12,28
26,10,9,13,8,11,12,29
30,5,2,1,31
30,5,2,0,1,32
30,5,4,3,1,33
34,8,3,1,35
34,8,13,12,5,2,1,36
34,8,11,9,7,0,1,37
38,2,0,7,9,39
38,2,5,10,9,40
38,2,5,12,13,9,41
42,10,5,4,43
42,10,9,7,6,4,44
42,10,9,7,0,2,5,4,45
46,9,13,8,47
46,9,11,8,48
46,9,13,12,11,8,49
50,7,6,51
50,7,0,1,3,4,6,52
50,7,0,2,5,4,6,53
54,9,7,55
54,9,13,8,3,1,0,7,56
54,9,10,5,2,0,7,57
58,5,4,6,59
58,5,2,0,7,6,60
58,5,2,0,1,3,4,6,61
62,12,5,2,63
62,12,11,9,10,5,2,64
62,12,13,9,7,0,2,65
66,8,3,4,6,67
66,8,11,9,7,6,68
66,8,13,9,7,6,69
70,2,5,4,71
70,2,1,3,4,72
70,2,0,1,3,4,73
74,12,13,8,3,75
74,12,11,8,3,76
74,12,5,4,3,77
78,2,0,7,6,79
78,2,1,3,4,6,80
78,2,5,4,6,81
82,12,11,83
82,12,13,8,11,84
82,12,13,9,11,85
86,1,3,87
88,1,0,7,89
88,1,3,4,6,7,90
91,8,3,92
91,8,11,9,7,0,1,3,93
91,8,13,12,5,4,3,94
95,6,4,3,1,96
95,6,7,0,1,97
95,6,7,0,2,1,98
99,13,8,11,100
99,13,12,11,101
99,13,9,11,102
103,3,4,104
103,3,1,0,2,5,4,105
103,3,1,0,7,6,4,106
107,9,7,0,2,5,108
107,9,10,5,109
107,9,7,6,4,5,110
111,8,11,12,112
111,8,13,12,113
111,8,11,9,13,12,114
115,12,13,9,7,0,116
115,12,11,9,7,0,117
115,12,5,2,0,118
119,13,9,10,5,120
119,13,12,5,121
119,13,9,7,0,2,5,122
123,12,5,124
123,12,11,9,10,5,125
123,12,13,9,10,5,126
127,10,5,128
127,10,9,7,6,4,5,129
127,10,9,13,12,5,130
131,7,0,1,3,132
131,7,6,4,3,133
131,7,0,2,1,3,134
135,5,12,13,136
135,5,10,9,13,137
135,5,4,3,8,13,138
139,6,7,140
139,6,4,3,1,0,7,141
139,6,4,5,2,1,0,7,142
143,2,0,144
143,2,1,0,145
146,13,9,7,0,1,147
146,13,12,5,2,1,148
146,13,12,5,2,0,1,149
150,3,8,13,9,151
150,3,8,11,9,152
150,3,1,0,7,9,153
154,3,4,6,155
154,3,1,0,7,6,156
157,3,8,13,158
157,3,1,0,2,5,12,13,159
157,3,4,5,12,13,160
161,9,13,162
161,9,11,12,13,163
161,9,11,8,13,164
165,6,4,5,166
165,6,4,3,1,0,2,5,167
165,6,7,0,2,5,168
succeed
3.5,2.06,2.56,2.44,3.68,3.2,2.12,2.62,3.4,2.64,1.96,2.8,2.9,2.48,2.14,3.02,2.54,3.12,1.98,2.6,3.26,2.12,2.82,2.4,3.02,2.98,3.08,3.68,3.48,3.4,2.42,1.92,3.78,2.22,2.5,2.84,3.66,2.46,2.78,3.14