1
0.579812
0.164319
0.255869
0.381188
0.191419
0.427393
1
0.542683
0.142276
0.315041
0.254743
0.745257
0.447173
0.552827
1
0.294218
0.166667
0.0544218
0.484694
0.815476
0.184524
0.291667
0.708333
0.798387
0.201613
0.754598
0.225287
0.0201149
1
1
0.417989
0.582011
1
0.0352798
0.160584
0.186131
0.0936739
0.10219
0.0510949
0.226277
0.144769
0.0849057
0.915094
0.0216802
0.289973
0.328591
0.359756
0.849034
0.150966
1
1
1
0.0151515
0.0367965
0.0800866
0.867965
0.984848
0.0151515
0.0372629
0.541328
0.315041
0.104336
1
1
0.447464
0.552536
