1
0.532283
0.174803
0.292913
0.116814
0.883186
0.374468
0.152128
0.473404
0.214388
0.548201
0.0748202
0.145324
0.0172662
0.183871
0.188172
0.216129
0.044086
0.367742
1
0.157609
0.134783
0.176087
0.531522
0.569355
0.430645
1
1
1
0.0654545
0.796364
0.138182
1
1
0.0752294
0.385321
0.53945
0.330579
0.669421
0.465868
0.329341
0.0694611
0.135329
1
0.278431
0.721569
0.122973
0.877027
0.988235
0.0117647
0.382609
0.617391
0.339623
0.660377
0.780583
0.219417
0.210084
0.789916
1
1
1
0.475581
0.290698
0.233721
1
0.828302
0.171698
1
0.288679
0.711321
0.96875
0.03125
1
0.0216216
0.134054
0.802162
0.0356757
0.00648649
1
1
0.340299
0.659701
