10
104,31,42,69,82,79,30,29,94,105
106,85,97,59,90,103,83,68,64,101,107
108,7,79,82,45,60,59,95,109
110,9,56,26,60,48,71,111
112,33,79,82,69,42,31,104
113,87,49,70,90,103,83,68,65,4,114
115,72,59,60,48,41,30,29,116
104,31,68,83,103,90,59,10,117
118,15,59,60,26,56,9,110
119,26,60,59,72,115
120,25,76,83,103,90,44,121
122,69,83,103,90,59,11,123
124,6,80,83,68,64,125
126,54,64,68,83,103,82,21,127
118,15,59,60,26,119
106,85,97,59,90,103,128
129,80,83,76,8,130
131,18,76,83,103,90,70,49,67,132
133,12,79,82,69,42,31,5,134
135,78,59,60,45,82,79,7,108
136,58,59,90,103,83,68,31,5,134
131,18,76,83,103,82,100,137
138,79,82,45,60,44,121
139,17,48,60,26,57,140
140,57,70,90,103,83,76,141
112,33,79,82,45,60,59,78,135
142,50,49,70,90,103,83,143
144,2,1,76,83,103,90,59,15,118
110,9,49,70,90,103,83,68,73,145
146,82,79,55,147
succeed
1.09,1.11,1.02,1.04,1.07,1.09,1.17,1.16,1.11,1.11,1.15,1.07,1.15,1.06,1.11,1.11,1.16,1.01,1.14,1.05,1.01,1.05,1.17,1.11,1.1,1.02,1.04,1.04,1.19,1.05