10
104,0,56,89,49,88,105
106,64,1,76,83,103,82,17,41,48,107
108,77,70,90,40,60,48,17,82,75,29,109
110,61,60,45,96,21,22,79,12,111
112,100,22,86,82,17,98,19,48,60,59,28,113
112,100,82,17,98,19,48,60,59,28,114
115,99,69,82,75,39,116
117,41,48,71,17,82,118
119,66,65,42,69,82,100,21,120
119,66,65,42,69,83,103,90,60,45,100,21,121
122,24,76,1,64,68,65,35,123
124,68,42,74,125
126,22,45,82,17,98,19,48,60,59,11,127
128,54,64,1,76,83,99,69,82,100,45,60,129
128,54,64,1,76,83,103,82,100,45,60,130
128,54,64,68,42,69,82,100,45,60,131
113,28,59,90,70,46,91,132
133,83,102,69,82,93,134
133,83,103,45,60,48,17,82,93,135
120,21,45,60,40,90,70,77,26,56,89,49,47,136
120,21,100,82,17,98,19,48,60,40,90,70,77,26,56,89,49,47,137
132,91,46,70,77,26,56,138
125,74,42,69,83,103,82,75,29,109
139,30,79,92,140
123,35,65,42,69,83,76,23,141
142,44,60,48,19,143
144,53,82,69,83,76,8,145
146,20,76,83,69,42,31,147
148,33,79,22,21,100,82,103,90,70,77,26,56,89,49,88,105
116,39,75,82,45,103,83,76,25,149
141,23,76,20,146
146,20,76,83,103,82,100,21,22,86,45,60,44,90,59,10,150
123,35,65,42,69,82,100,21,22,86,45,60,44,90,59,34,151
123,35,65,68,83,103,82,100,21,22,86,45,60,44,90,59,34,152
153,96,82,69,42,73,154
155,40,60,45,100,82,103,83,102,69,156
157,7,79,22,86,45,103,83,69,42,68,64,101,158
150,10,59,90,40,60,45,100,82,69,102,83,68,65,35,123
150,10,59,90,40,60,45,103,83,68,65,35,159
160,85,97,59,90,40,60,48,17,82,93,134
161,5,31,42,69,83,103,45,60,48,17,162
163,45,100,21,22,79,30,139
164,87,56,88,49,70,90,44,60,45,100,82,69,102,165
166,18,76,83,69,82,100,21,22,79,33,148
167,43,17,82,103,83,76,1,2,168
144,53,82,69,83,76,169
110,61,60,48,19,143
149,25,76,83,69,42,31,5,161
110,61,60,44,90,59,97,170
157,7,79,22,21,100,82,103,90,44,60,26,56,89,49,47,136
171,49,70,172
173,51,75,82,100,45,60,44,90,70,77,108
144,53,82,17,98,19,48,60,44,90,59,27,174
144,53,82,79,30,41,17,98,19,48,60,44,90,59,27,175
107,48,41,17,82,22,79,21,45,103,83,69,102,165
107,48,60,45,103,83,69,102,176
166,18,76,1,64,68,65,66,119
124,68,31,42,69,82,17,98,19,48,60,59,34,151
124,68,83,69,82,17,98,19,48,60,59,34,152
115,99,69,42,68,64,1,2,168
133,83,68,124
succeed
1.11,1.2,1.2,1.07,1.14,1.08,1.06,1.16,1.05,1.02,1.14,1.12,1.13,1.18,1.12,1.05,1.12,1.12,1.04,1.03,1.11,1.06,1.08,1.2,1.12,1.04,1.02,1.01,1.03,1.2,1.04,1.18,1.01,1.13,1.12,1.06,1.01,1.02,1.19,1.08,1.09,1.2,1.11,1.06,1.1,1.01,1.2,1.16,1.17,1.13