10
104,41,17,82,103,83,80,105
106,5,31,68,64,1,107
108,30,79,92,109
110,75,82,69,102,111
112,26,60,113
114,103,82,93,115
116,42,69,83,76,117
118,10,59,90,70,119
120,15,59,97,85,121
122,4,65,68,83,76,117
123,91,46,70,90,103,82,75,51,124
125,88,49,70,90,44,126
127,43,48,60,90,70,46,91,123
128,94,29,30,79,82,69,102,111
129,67,56,26,60,59,32,130
117,76,83,103,90,60,113
131,20,76,83,103,82,93,115
113,60,45,82,79,36,132
133,64,68,83,103,90,60,113
134,31,68,83,76,23,135
114,103,83,68,64,101,136
137,90,60,48,19,138
134,31,68,83,103,90,59,97,139
136,101,64,68,83,99,140
141,49,70,90,103,82,93,115
106,5,31,68,83,103,90,60,61,142
143,66,65,42,69,82,93,115
144,28,59,60,45,22,145
108,30,29,63,146
147,68,83,76,8,148
139,97,59,90,103,83,76,1,2,149
118,10,59,60,45,82,79,36,132
150,7,79,21,151
134,31,42,69,82,79,30,29,94,128
123,91,46,70,90,103,83,152
153,29,30,79,82,103,83,76,23,135
154,59,90,103,83,68,64,133
155,81,59,60,26,56,0,156
157,79,82,45,60,59,11,158
122,4,65,68,83,103,90,44,126
125,88,56,26,60,45,82,79,92,109
159,18,76,83,103,90,60,113
110,75,82,69,42,31,134
160,84,59,90,103,83,76,23,135
161,73,42,69,82,79,7,150
162,13,90,60,26,112
163,24,76,83,103,82,100,164
111,102,83,103,90,70,49,0,156
165,9,49,70,90,103,83,80,105
135,23,76,83,103,82,79,30,29,94,128
146,63,29,30,79,82,103,83,76,23,135
166,95,59,90,70,46,167
155,81,59,34,168
169,57,26,60,45,82,79,12,170
171,72,59,78,172
156,0,49,70,90,103,83,76,25,173
165,9,56,26,60,113
108,30,41,48,60,26,112
174,69,83,103,90,59,34,168
137,90,103,82,53,175
succeed
1.15,1.06,1.11,1.03,1.2,1.03,1.15,1.16,1.17,1.02,1.03,1.05,1.08,1.09,1.16,1.11,1.2,1.07,1.16,1.2,1.01,1.06,1.18,1.15,1.12,1.04,1.02,1.17,1.01,1.1,1.03,1.06,1.01,1.13,1.18,1.19,1.13,1.07,1.19,1.2,1.09,1.01,1.13,1.1,1.15,1.18,1.13,1.06,1.01,1.05,1.18,1.13,1.16,1.02,1.17,1.06,1.03,1.05,1.01,1.05