10
104,58,59,90,70,105
104,58,59,60,90,70,106
104,58,59,60,26,70,107
108,96,45,60,59,58,104
108,96,82,45,60,59,58,109
108,96,21,45,60,59,58,110
111,46,70,90,60,48,98,112
111,46,70,90,60,48,19,98,113
111,46,70,26,60,48,19,98,114
115,86,45,60,59,97,116
115,86,82,45,60,59,97,117
115,86,21,45,60,59,97,118
119,24,76,83,103,90,70,49,47,120
119,24,76,83,103,90,60,26,70,49,47,121
119,24,76,83,103,45,60,90,70,49,47,122
123,14,76,83,103,90,60,26,56,124
123,14,76,83,103,90,70,26,56,125
123,14,76,83,103,90,70,49,88,56,126
127,7,79,82,45,128
127,7,79,82,100,45,129
127,7,79,21,45,130
131,31,68,83,103,90,59,81,132
131,31,68,83,103,90,60,59,81,133
131,31,68,83,103,45,60,59,81,134
135,85,97,59,90,103,83,68,65,136
135,85,97,59,60,90,103,83,68,65,137
135,85,97,59,90,103,83,68,42,65,138
139,89,56,26,60,48,140
139,89,49,70,90,60,48,141
139,89,56,26,70,90,60,48,142
128,45,103,83,68,64,54,143
128,45,103,83,76,1,64,54,144
128,45,82,103,83,68,64,54,145
146,66,65,42,69,147
146,66,65,68,83,69,148
146,66,65,68,42,69,149
150,50,49,70,90,60,48,41,30,29,63,151
150,50,49,70,90,60,45,82,79,30,29,63,152
150,50,49,70,90,103,82,79,30,29,63,153
154,19,48,60,59,16,155
154,19,48,60,90,59,16,156
154,19,98,48,60,59,16,157
158,101,64,1,76,38,159
158,101,64,68,83,76,38,160
158,101,64,68,42,69,83,76,38,161
162,100,82,79,36,163
162,100,21,79,36,164
162,100,21,82,79,36,165
166,64,1,76,23,167
166,64,68,83,76,23,168
166,64,68,42,69,83,76,23,169
104,58,59,60,48,41,170
104,58,59,60,48,17,41,171
104,58,59,60,45,82,17,41,172
173,78,59,60,45,82,79,33,174
173,78,59,60,45,100,82,79,33,175
173,78,59,60,48,17,82,79,33,176
177,53,82,69,42,65,35,178
177,53,82,103,83,68,65,35,179
177,53,82,69,42,68,65,35,180
158,101,64,68,83,103,82,75,39,181
158,101,64,68,83,69,82,75,39,182
158,101,64,68,42,69,82,75,39,183
184,90,59,97,116
184,90,60,59,97,117
184,90,44,60,59,97,118
185,73,68,83,76,37,186
185,73,68,64,1,76,37,187
185,73,42,69,83,76,37,188
189,25,76,83,103,82,17,190
189,25,76,83,69,82,17,191
189,25,76,83,103,45,82,17,192
193,91,46,70,90,103,83,68,65,35,178
193,91,46,70,90,103,83,68,42,65,35,179
193,91,46,70,90,103,83,69,42,65,35,180
150,50,49,70,90,103,83,68,64,101,158
150,50,49,70,90,103,83,76,1,64,101,194
150,50,49,70,90,103,83,69,42,68,64,101,195
196,88,49,70,90,103,83,76,20,197
196,88,56,26,60,90,103,83,76,20,198
196,88,56,26,70,90,103,83,76,20,199
200,52,59,90,103,83,76,24,119
200,52,59,60,90,103,83,76,24,201
200,52,59,60,45,103,83,76,24,202
146,66,65,136
166,64,68,83,103,90,70,49,47,120
166,64,1,76,83,103,90,70,49,47,121
166,64,68,42,69,83,103,90,70,49,47,122
succeed
1.56,1.41,1.58,1.48,1.6,1.53,1.55,1.56,1.45,1.56,1.45,1.58,1.53,1.52,1.58,1.47,1.53,1.46,1.52,1.49,1.45,1.52,1.54,1.51,1.42,1.53,1.51,1.45,1.59,1.57