10
104,0,56,88,105
106,64,68,83,103,90,60,48,107
108,77,26,60,48,41,30,29,109
110,61,60,45,82,79,12,111
112,100,45,60,59,28,113
114,99,69,82,75,39,115
116,41,17,82,117
118,66,65,42,69,82,21,119
120,24,76,83,68,65,35,121
122,68,74,123
124,22,45,60,59,11,125
126,54,64,68,83,103,90,60,127
113,28,59,90,70,46,91,128
129,83,103,82,93,130
119,21,82,103,90,70,49,47,131
128,91,46,70,26,56,132
123,74,42,69,82,79,30,29,109
133,30,79,92,134
121,35,65,68,83,76,23,135
136,44,60,48,19,137
138,53,82,103,83,76,8,139
140,20,76,83,68,31,141
142,33,79,82,45,60,26,56,88,105
115,39,75,82,103,83,76,25,143
135,23,76,20,140
140,20,76,83,103,90,59,10,144
121,35,65,68,83,103,90,59,34,145
146,96,82,69,42,73,147
148,40,90,103,83,69,149
150,7,79,82,103,83,68,64,101,151
144,10,59,90,103,83,68,65,35,121
152,85,97,59,60,45,82,93,130
153,5,31,42,69,82,17,154
155,45,82,79,30,133
156,87,49,70,90,103,83,102,157
158,18,76,83,103,82,79,33,142
159,43,17,82,103,83,76,1,2,160
138,53,82,103,83,76,161
110,61,60,48,19,137
143,25,76,83,68,31,5,153
110,61,60,59,97,162
150,7,79,82,103,90,70,49,47,131
163,49,70,164
165,51,75,82,45,60,26,77,108
138,53,82,45,60,59,27,166
107,48,60,90,103,83,102,157
158,18,76,83,68,65,66,118
122,68,83,103,90,59,34,145
114,99,83,76,1,2,160
129,83,68,122
succeed
1.11,1.2,1.2,1.07,1.14,1.08,1.06,1.16,1.05,1.02,1.14,1.12,1.13,1.18,1.12,1.05,1.12,1.12,1.04,1.03,1.11,1.06,1.08,1.2,1.12,1.04,1.02,1.01,1.03,1.2,1.04,1.18,1.01,1.13,1.12,1.06,1.01,1.02,1.19,1.08,1.09,1.2,1.11,1.06,1.1,1.01,1.2,1.16,1.17,1.13