10
104,42,68,83,76,18,105
106,80,83,69,82,100,21,22,86,45,60,44,90,59,58,107
106,80,83,103,82,100,21,22,86,45,60,44,90,59,58,108
109,0,56,88,49,70,90,40,60,48,17,41,30,79,12,110
111,33,79,22,21,100,45,103,83,68,64,101,112
111,33,79,22,21,100,82,69,83,68,64,101,113
114,4,65,68,42,69,82,93,115
116,17,71,48,60,59,28,117
118,65,68,42,69,83,103,82,100,21,22,86,45,60,44,90,59,81,119
120,27,59,90,40,60,48,17,82,75,21,79,121
122,84,59,34,123
124,29,75,82,86,125
126,76,83,69,82,100,21,22,86,45,60,44,90,59,58,107
127,32,59,90,40,60,48,17,43,128
127,32,59,90,103,45,96,22,75,82,17,43,129
130,53,82,17,98,19,48,60,44,90,70,49,88,56,0,109
131,70,90,103,83,68,64,1,76,20,132
131,70,90,103,83,76,20,133
134,63,29,30,79,12,110
134,63,29,75,82,100,21,22,79,12,135
136,97,59,90,40,60,45,96,22,137
136,97,59,90,40,60,48,19,98,17,41,30,79,22,138
139,26,70,131
121,79,21,100,82,103,83,69,42,68,64,54,140
141,1,64,68,65,42,69,83,103,45,60,48,17,82,79,36,142
143,11,59,90,40,60,45,100,82,69,102,83,76,37,144
114,4,65,42,69,83,76,25,145
146,74,42,69,83,68,64,1,2,147
146,74,68,64,1,2,148
149,49,70,26,60,45,100,82,17,98,150
151,95,59,60,40,90,70,49,88,56,87,152
109,0,56,88,49,70,90,60,45,96,82,153
122,84,59,60,26,70,49,149
154,7,79,121
137,22,75,82,17,98,19,48,60,90,103,83,76,1,64,101,112
106,80,83,103,90,60,26,139
155,24,76,37,144
succeed
1.26,1.31,1.26,1.3,1.29,1.34,1.22,1.3,1.28,1.38,1.27,1.3,1.31,1.33,1.34,1.23,1.28,1.39,1.36,1.3,1.21,1.4,1.38,1.26,1.33,1.29,1.35,1.25,1.36,1.31