10
104,70,90,103,83,69,42,105
106,15,59,90,103,83,76,62,107
108,44,90,59,27,109
110,69,82,111
112,67,56,26,60,59,11,113
114,97,59,60,45,82,75,39,115
116,0,49,70,90,103,83,68,74,117
118,3,74,68,73,119
120,30,79,82,69,42,74,117
121,34,59,90,103,83,76,8,122
123,79,82,103,83,76,37,124
125,66,65,68,83,103,90,70,49,0,116
126,57,26,60,45,86,127
128,22,45,60,26,56,87,129
130,85,97,59,60,48,41,131
132,49,70,90,59,15,106
129,87,56,26,60,59,81,133
134,100,82,103,83,68,64,54,135
110,69,83,103,90,59,95,136
124,37,76,83,103,90,60,48,19,137
138,99,83,103,90,59,11,113
139,16,59,11,113
140,59,60,48,98,141
142,101,64,68,65,66,125
143,24,76,1,64,144
145,61,60,59,97,114
146,60,26,77,147
148,14,76,83,103,82,79,30,29,149
150,36,79,82,45,60,26,77,147
151,94,29,30,41,48,60,59,140
succeed
1.79,1.78,1.68,1.61,1.66,1.62,1.61,1.68,1.64,1.72,1.79,1.7,1.69,1.77,1.67,1.71,1.63,1.76,1.72,1.68,1.78,1.73,1.62,1.66,1.79,1.67,1.63,1.79,1.73,1.64