10
104,55,79,82,103,90,70,49,47,105
104,55,79,82,45,60,90,70,49,47,106
104,55,79,82,45,60,26,70,49,47,107
108,23,76,83,103,82,75,51,109
108,23,76,83,69,82,75,51,110
108,23,76,83,103,82,21,75,51,111
112,89,56,26,60,59,97,85,113
112,89,49,70,90,59,97,85,114
112,89,49,70,90,60,59,97,85,115
116,56,26,60,59,97,85,113
116,56,26,60,90,59,97,85,114
116,56,26,70,90,59,97,85,115
117,64,1,76,8,118
117,64,68,83,76,8,119
117,64,68,42,69,83,76,8,120
121,24,76,83,103,90,59,28,122
121,24,76,83,103,90,60,59,28,123
121,24,76,83,103,45,60,59,28,124
125,90,70,49,89,112
125,90,70,26,56,89,126
125,90,60,26,56,89,127
128,40,90,13,129
128,40,60,90,13,130
128,40,60,59,90,13,131
112,89,49,70,132
112,89,56,26,70,133
112,89,56,0,49,70,134
135,17,82,103,83,76,37,136
135,17,82,69,83,76,37,137
135,17,82,45,103,83,76,37,138
139,75,82,103,90,70,49,50,140
139,75,82,45,60,90,70,49,50,141
139,75,82,45,60,26,56,50,142
143,16,59,90,103,83,68,65,35,144
143,16,59,60,90,103,83,68,65,35,145
143,16,59,90,103,83,68,42,65,35,146
147,53,82,17,135
147,53,82,79,30,41,17,148
147,53,82,45,60,48,17,149
150,5,31,42,69,82,79,36,151
150,5,31,68,83,103,82,79,36,152
150,5,31,68,83,69,82,79,36,153
154,82,45,155
154,82,100,45,156
154,82,86,45,157
158,18,76,83,69,159
158,18,76,83,102,69,160
158,18,76,83,99,69,161
162,39,75,82,45,60,26,56,9,163
162,39,75,82,45,60,90,70,49,9,164
162,39,75,82,103,90,70,49,9,165
159,69,42,65,66,166
159,69,42,68,65,66,167
159,69,83,68,65,66,168
169,52,59,34,170
171,86,82,79,30,29,172
171,86,21,79,30,29,173
171,86,21,82,79,30,29,174
175,95,59,90,103,176
175,95,59,60,90,103,177
175,95,59,60,45,103,178
179,44,60,45,96,180
179,44,90,60,45,96,181
179,44,60,45,82,96,182
140,50,49,70,57,183
140,50,49,70,26,57,184
140,50,56,26,57,185
186,68,83,103,82,17,43,187
186,68,83,103,90,60,48,43,188
186,68,83,69,82,17,43,189
144,35,65,68,83,103,90,59,16,143
144,35,65,68,83,103,90,60,59,16,190
144,35,65,68,83,103,45,60,59,16,191
192,83,103,90,70,49,193
192,83,103,90,60,26,70,49,194
192,83,103,45,60,90,70,49,195
196,54,64,68,83,103,82,79,92,197
196,54,64,68,83,69,82,79,92,198
196,54,64,68,42,69,82,79,92,199
117,64,68,83,103,90,60,26,56,116
117,64,68,83,103,90,70,26,56,200
117,64,68,83,103,90,70,49,0,56,201
135,17,48,60,26,202
135,17,82,45,60,26,203
135,17,43,48,60,26,204
205,27,59,60,61,206
205,27,59,90,60,61,207
205,27,59,90,44,60,61,208
succeed
0.92,0.85,0.99,0.89,0.92,0.88,0.86,0.98,0.94,0.82,0.88,1,0.94,0.96,0.96,0.83,0.98,0.87,0.92,0.84,0.85,0.9,0.85,0.9,0.95,0.92,0.92,0.93,0.92,0.87