10
104,31,42,69,82,75,29,94,105
106,85,97,59,60,45,100,82,103,83,69,42,68,64,101,107
108,7,79,22,21,100,82,17,98,19,48,60,59,95,109
110,9,56,88,49,70,90,40,60,45,96,22,75,82,17,71,111
112,33,79,22,75,82,103,83,68,65,42,31,104
113,87,56,88,49,70,90,40,60,45,103,83,68,65,4,114
113,87,56,88,49,70,90,103,83,68,65,4,115
116,72,59,60,48,17,82,75,29,117
116,72,59,90,40,60,48,17,82,75,29,118
104,31,42,69,83,103,82,100,21,22,86,45,60,59,10,119
120,15,59,90,70,49,88,56,9,110
121,26,60,59,72,116
122,25,76,83,103,90,44,123
124,69,82,45,60,44,90,59,11,125
124,69,82,100,45,60,44,90,59,11,126
127,6,80,83,76,1,64,128
129,54,64,1,76,83,68,65,42,69,82,75,22,21,130
129,54,64,68,65,42,69,82,75,22,21,131
120,15,59,90,70,26,121
106,85,97,59,90,103,132
133,80,83,76,8,134
135,18,76,83,103,90,70,49,88,56,67,136
137,12,79,21,100,82,69,102,83,68,31,5,138
139,78,59,60,48,17,41,30,79,7,108
139,78,59,60,48,17,82,100,21,22,79,7,140
141,58,59,60,48,17,82,69,42,31,5,138
135,18,76,83,69,82,75,22,100,142
135,18,76,83,103,45,100,143
144,79,30,29,75,82,100,21,22,86,45,60,44,123
145,17,48,60,40,90,70,57,146
145,17,82,22,86,45,60,40,90,70,57,147
146,57,70,90,40,60,45,96,82,69,83,76,148
146,57,70,90,103,83,76,149
112,33,79,22,21,100,82,17,98,19,48,60,59,78,139
112,33,79,22,86,82,17,98,19,48,60,59,78,150
151,50,49,89,56,26,77,70,90,40,60,45,100,82,103,83,152
153,2,1,76,83,103,82,17,98,19,48,60,44,90,59,15,120
110,9,56,26,60,48,17,82,69,42,73,154
110,9,56,88,49,70,90,40,60,48,17,82,69,42,73,155
110,9,56,88,49,70,90,103,83,68,42,73,156
157,82,100,21,22,79,55,158
succeed
1.09,1.11,1.02,1.04,1.07,1.09,1.17,1.16,1.11,1.11,1.15,1.07,1.15,1.06,1.11,1.11,1.16,1.01,1.14,1.05,1.01,1.05,1.17,1.11,1.1,1.02,1.04,1.04,1.19,1.05