10
104,31,42,69,82,79,30,29,94,105
104,31,68,83,103,82,79,30,29,94,106
104,31,42,69,82,17,41,30,29,94,107
108,85,97,59,90,103,83,68,64,101,109
108,85,97,59,60,90,103,83,68,64,101,110
108,85,97,59,90,103,83,76,1,64,101,111
112,7,79,82,45,60,59,95,113
112,7,79,82,100,45,60,59,95,114
112,7,79,82,17,48,60,59,95,115
116,9,56,26,60,48,71,117
116,9,49,70,90,60,48,71,118
116,9,49,70,26,60,48,71,119
120,33,79,82,69,42,31,104
120,33,79,82,103,83,68,31,121
120,33,79,82,69,42,68,31,122
123,87,49,70,90,103,83,68,65,4,124
123,87,49,70,90,103,83,68,42,65,4,125
123,87,49,70,90,103,83,69,42,65,4,126
127,72,59,60,48,41,30,29,128
127,72,59,60,45,82,79,30,29,129
127,72,59,60,48,17,41,30,29,130
104,31,68,83,103,90,59,10,131
104,31,68,83,103,90,60,59,10,132
104,31,68,83,103,45,60,59,10,133
134,15,59,60,26,56,9,116
134,15,59,60,90,70,49,9,135
134,15,59,90,70,49,9,136
137,26,60,59,72,127
137,26,60,90,59,72,138
137,26,70,90,59,72,139
140,25,76,83,103,90,44,141
140,25,76,83,103,90,60,44,142
140,25,76,83,103,45,60,44,143
144,69,83,103,90,59,11,145
144,69,83,103,90,60,59,11,146
144,69,82,45,60,59,11,147
148,6,80,83,68,64,149
148,6,80,83,76,1,64,150
148,6,80,83,69,42,68,64,151
152,54,64,68,83,103,82,21,153
152,54,64,68,83,69,82,21,154
152,54,64,68,42,69,82,21,155
134,15,59,60,26,137
134,15,59,60,90,70,26,156
134,15,59,90,70,26,157
108,85,97,59,90,103,158
108,85,97,59,60,90,103,159
108,85,97,59,60,45,103,160
161,80,83,76,8,162
161,80,83,68,64,1,76,8,163
161,80,83,69,42,68,64,1,76,8,164
165,18,76,83,103,90,70,49,67,166
165,18,76,83,103,90,70,26,56,67,167
165,18,76,83,103,90,60,26,56,67,168
169,12,79,82,69,42,31,5,170
169,12,79,82,103,83,68,31,5,171
169,12,79,82,69,42,68,31,5,172
173,78,59,60,45,82,79,7,112
173,78,59,60,45,100,82,79,7,174
173,78,59,60,48,17,82,79,7,175
176,58,59,90,103,83,68,31,5,170
176,58,59,60,90,103,83,68,31,5,171
176,58,59,90,103,83,68,42,31,5,172
165,18,76,83,103,82,100,177
165,18,76,83,103,45,100,178
165,18,76,83,69,82,100,179
180,79,82,45,60,44,141
180,79,82,45,60,90,44,142
180,79,82,103,90,44,143
181,17,48,60,26,57,182
181,17,82,45,60,26,57,183
181,17,43,48,60,26,57,184
182,57,70,90,103,83,76,185
182,57,26,60,90,103,83,76,186
182,57,26,70,90,103,83,76,187
120,33,79,82,45,60,59,78,173
120,33,79,82,100,45,60,59,78,188
120,33,79,82,17,48,60,59,78,189
190,50,49,70,90,103,83,191
190,50,49,70,26,60,90,103,83,192
190,50,56,26,60,90,103,83,193
194,2,1,76,83,103,90,59,15,134
194,2,1,76,83,103,90,60,59,15,195
194,2,1,76,83,103,45,60,59,15,196
116,9,49,70,90,103,83,68,73,197
116,9,49,70,90,103,83,68,42,73,198
116,9,49,70,90,103,83,69,42,73,199
200,82,79,55,201
200,82,21,79,55,202
200,82,22,79,55,203
succeed
1.09,1.11,1.02,1.04,1.07,1.09,1.17,1.16,1.11,1.11,1.15,1.07,1.15,1.06,1.11,1.11,1.16,1.01,1.14,1.05,1.01,1.05,1.17,1.11,1.1,1.02,1.04,1.04,1.19,1.05