10
104,3,74,42,69,82,79,36,105
104,3,74,68,83,103,82,79,36,106
104,3,74,68,83,69,82,79,36,107
108,27,59,60,26,56,67,109
108,27,59,60,90,70,49,67,110
108,27,59,90,70,49,67,111
112,39,75,21,113
112,39,75,22,21,114
112,39,75,82,21,115
116,4,65,68,83,103,117
116,4,65,42,69,83,103,118
116,4,65,42,68,83,103,119
120,10,59,60,48,121
120,10,59,90,60,48,122
120,10,59,60,45,82,17,48,123
124,15,59,90,103,83,69,125
124,15,59,60,90,103,83,69,126
124,15,59,60,45,82,69,127
128,13,90,103,83,99,129
128,13,90,103,83,69,99,130
128,13,90,103,83,102,69,99,131
132,61,60,90,103,83,69,125
132,61,60,45,82,69,126
132,61,60,90,103,83,102,69,127
104,3,74,68,83,102,133
104,3,74,42,69,102,134
104,3,74,68,83,69,102,135
133,102,83,103,117
133,102,69,83,103,118
133,102,69,99,83,103,119
136,68,83,103,82,79,30,29,94,137
136,68,83,69,82,79,30,29,94,138
136,68,42,69,82,79,30,29,94,139
129,99,83,103,90,60,48,19,140
129,99,69,82,17,98,19,141
129,99,69,82,17,48,19,142
143,72,59,60,45,22,144
143,72,59,60,45,82,22,145
143,72,59,60,45,96,22,146
147,7,79,82,69,42,31,5,148
147,7,79,82,103,83,68,31,5,149
147,7,79,82,69,42,68,31,5,150
136,68,64,1,151
136,68,83,76,1,152
136,68,42,69,83,76,1,153
105,36,79,82,103,83,154
105,36,79,82,69,83,155
105,36,79,82,45,103,83,156
157,63,29,30,79,82,69,125
157,63,29,30,41,17,82,69,126
157,63,29,30,79,82,103,83,69,127
158,73,42,69,82,17,41,159
158,73,68,83,103,82,17,41,160
158,73,68,83,69,82,17,41,161
128,13,90,103,83,76,38,162
128,13,90,103,83,68,64,1,76,38,163
128,13,90,60,45,103,83,76,38,164
128,13,90,70,49,50,165
128,13,90,70,26,56,50,166
128,13,90,60,26,56,50,167
succeed
1.17,1.08,1.05,1.11,1.18,1.18,1.18,1.12,1.19,1.18,1.07,1.07,1.2,1.1,1.16,1.2,1.05,1.13,1.01,1.06