10
104,0,56,88,105
104,0,49,88,106
104,0,56,9,49,88,107
108,64,68,83,103,90,60,48,109
108,64,68,83,103,45,60,48,110
108,64,1,76,83,103,90,60,48,111
112,77,26,60,48,41,30,29,113
112,77,26,60,45,82,79,30,29,114
112,77,70,90,103,82,79,30,29,115
116,61,60,45,82,79,12,117
116,61,60,45,100,82,79,12,118
116,61,60,48,17,82,79,12,119
120,100,45,60,59,28,121
120,100,82,45,60,59,28,122
120,100,21,45,60,59,28,123
124,99,69,82,75,39,125
124,99,83,103,82,75,39,126
124,99,69,82,21,75,39,127
128,41,17,82,129
128,41,30,79,82,130
128,41,48,17,82,131
132,66,65,42,69,82,21,133
132,66,65,68,83,103,82,21,134
132,66,65,42,69,82,100,21,135
136,24,76,83,68,65,35,137
136,24,76,83,68,42,65,35,138
136,24,76,83,69,42,65,35,139
140,68,74,141
140,68,42,74,142
140,68,65,42,74,143
144,22,45,60,59,11,145
144,22,82,45,60,59,11,146
144,22,100,45,60,59,11,147
148,54,64,68,83,103,90,60,149
148,54,64,68,83,103,45,60,150
148,54,64,1,76,83,103,90,60,151
121,28,59,90,70,46,91,152
121,28,59,60,90,70,46,91,153
121,28,59,60,26,70,46,91,154
155,83,103,82,93,156
155,83,69,82,93,157
155,83,103,45,82,93,158
133,21,82,103,90,70,49,47,159
133,21,82,45,60,90,70,49,47,160
133,21,45,60,90,70,49,47,161
152,91,46,70,26,56,162
152,91,46,70,49,88,56,163
152,91,46,70,49,9,56,164
141,74,42,69,82,79,30,29,113
141,74,68,83,103,82,79,30,29,114
141,74,68,83,69,82,79,30,29,115
165,30,79,92,166
165,30,41,17,82,79,92,167
165,30,41,17,82,21,79,92,168
137,35,65,68,83,76,23,169
137,35,65,68,64,1,76,23,170
137,35,65,42,69,83,76,23,171
172,44,60,48,19,173
172,44,90,60,48,19,174
172,44,60,48,98,19,175
176,53,82,103,83,76,8,177
176,53,82,69,83,76,8,178
176,53,82,45,103,83,76,8,179
180,20,76,83,68,31,181
180,20,76,83,68,42,31,182
180,20,76,83,69,42,31,183
184,33,79,82,45,60,26,56,88,105
184,33,79,82,45,60,90,70,49,88,106
184,33,79,82,103,90,70,49,88,107
125,39,75,82,103,83,76,25,185
125,39,75,82,69,83,76,25,186
125,39,75,21,82,103,83,76,25,187
169,23,76,20,180
180,20,76,83,103,90,59,10,188
180,20,76,83,103,90,60,59,10,189
180,20,76,83,103,45,60,59,10,190
137,35,65,68,83,103,90,59,34,191
137,35,65,68,83,103,90,60,59,34,192
137,35,65,68,83,103,45,60,59,34,193
194,96,82,69,42,73,195
194,96,82,103,83,68,73,196
194,96,45,103,83,68,73,197
198,40,90,103,83,69,199
198,40,90,103,83,102,69,200
198,40,90,103,83,99,69,201
202,7,79,82,103,83,68,64,101,203
202,7,79,82,69,42,68,64,101,204
202,7,79,82,69,83,68,64,101,205
188,10,59,90,103,83,68,65,35,137
188,10,59,60,90,103,83,68,65,35,138
188,10,59,90,103,83,68,42,65,35,139
206,85,97,59,60,45,82,93,156
206,85,97,59,60,45,100,82,93,157
206,85,97,59,60,48,17,82,93,158
207,5,31,42,69,82,17,208
207,5,31,68,83,103,82,17,209
207,5,31,68,83,69,82,17,210
211,45,82,79,30,165
211,45,82,17,41,30,212
211,45,100,82,79,30,213
214,87,49,70,90,103,83,102,215
214,87,49,70,90,103,83,69,102,216
214,87,56,26,60,90,103,83,102,217
218,18,76,83,103,82,79,33,184
218,18,76,83,69,82,79,33,219
218,18,76,83,103,45,82,79,33,220
221,43,17,82,103,83,76,1,2,222
221,43,48,60,90,103,83,76,1,2,223
221,43,17,82,69,83,76,1,2,224
176,53,82,103,83,76,225
176,53,82,69,83,76,226
176,53,82,45,103,83,76,227
116,61,60,48,19,173
116,61,60,48,98,19,174
116,61,60,48,17,98,19,175
185,25,76,83,68,31,5,207
185,25,76,83,68,42,31,5,228
185,25,76,83,69,42,31,5,229
116,61,60,59,97,230
116,61,60,90,59,97,231
116,61,60,44,90,59,97,232
202,7,79,82,103,90,70,49,47,159
202,7,79,82,45,60,90,70,49,47,160
202,7,79,82,45,60,26,70,49,47,161
233,49,70,234
233,49,88,56,26,70,235
233,49,9,56,26,70,236
237,51,75,82,45,60,26,77,112
237,51,75,82,45,60,90,70,77,238
237,51,75,82,103,90,70,77,239
176,53,82,45,60,59,27,240
176,53,82,100,45,60,59,27,241
176,53,82,17,48,60,59,27,242
109,48,60,90,103,83,102,215
109,48,17,82,69,102,216
109,48,60,90,103,83,69,102,217
218,18,76,83,68,65,66,132
218,18,76,83,68,42,65,66,243
218,18,76,83,69,42,65,66,244
140,68,83,103,90,59,34,191
140,68,83,103,90,60,59,34,192
140,68,83,103,45,60,59,34,193
124,99,83,76,1,2,222
124,99,83,68,64,1,2,223
124,99,69,83,76,1,2,224
155,83,68,140
155,83,69,42,68,245
155,83,69,42,65,68,246
succeed
1.11,1.2,1.2,1.07,1.14,1.08,1.06,1.16,1.05,1.02,1.14,1.12,1.13,1.18,1.12,1.05,1.12,1.12,1.04,1.03,1.11,1.06,1.08,1.2,1.12,1.04,1.02,1.01,1.03,1.2,1.04,1.18,1.01,1.13,1.12,1.06,1.01,1.02,1.19,1.08,1.09,1.2,1.11,1.06,1.1,1.01,1.2,1.16,1.17,1.13