10
104,60,26,56,89,49,88,105
106,96,45,60,90,70,46,107
108,98,17,82,79,109
110,30,29,75,82,103,83,68,64,1,76,37,111
110,30,79,22,21,100,82,103,83,68,64,1,76,37,112
110,30,79,22,21,100,82,103,83,76,37,113
106,96,45,82,69,42,31,114
115,70,26,60,45,96,106
116,101,64,68,83,103,45,82,79,7,117
118,65,68,64,1,76,24,119
120,61,60,40,90,70,49,121
122,6,80,83,69,82,17,98,108
123,75,82,69,42,31,114
124,82,17,98,19,48,60,26,56,89,49,47,125
124,82,17,98,19,48,60,44,90,70,77,26,56,89,49,47,126
127,26,60,45,100,82,69,83,76,24,119
128,38,76,83,69,82,100,21,22,79,109
129,63,29,75,82,69,83,76,20,130
131,85,97,59,90,103,132
114,31,42,69,83,68,64,54,133
134,19,48,60,40,135
136,8,76,83,69,82,22,86,45,60,44,90,59,95,137
131,85,97,59,90,40,60,48,17,82,45,100,138
131,85,97,59,90,40,60,48,17,82,100,139
140,14,76,83,68,141
142,94,29,75,82,17,98,19,48,60,44,90,70,49,88,56,67,143
144,81,59,10,145
146,2,1,76,18,147
148,89,56,88,49,70,90,103,82,69,42,31,5,149
150,23,76,83,103,45,60,48,17,82,100,21,22,79,55,151
150,23,76,83,103,45,96,21,22,79,55,152
153,58,59,90,103,132
107,46,70,90,40,60,45,22,154
107,46,70,90,40,60,45,100,21,22,155
156,77,70,26,60,48,17,71,157
158,87,56,88,49,70,90,44,60,48,17,82,79,12,159
121,49,70,90,40,60,45,100,82,103,83,76,25,160
121,49,70,90,103,83,76,25,161
118,65,68,42,69,83,103,90,59,27,162
163,92,79,22,21,100,82,17,98,19,48,60,44,90,13,164
127,26,60,45,100,82,103,83,76,25,160
117,7,79,22,154
107,46,70,49,9,56,26,60,44,90,103,82,100,21,22,79,55,151
149,5,31,42,69,83,103,45,60,26,127
165,73,42,69,166
115,70,26,60,90,103,83,68,65,4,167
115,70,90,103,83,68,65,4,168
147,18,76,83,103,82,100,21,22,86,45,60,26,127
succeed
1.09,1.11,1.05,1.2,1.18,1.05,1.12,1.08,1.16,1.02,1.15,1.19,1.01,1.2,1.01,1.16,1.12,1.19,1.09,1.16,1.03,1.19,1.03,1.08,1.02,1.15,1.05,1.16,1.1,1.15,1.19,1.07,1.02,1.19,1.06,1.13,1.13,1.06,1.14,1.1