10
104,18,76,83,103,82,79,36,105
104,18,76,83,69,82,79,36,106
104,18,76,83,103,45,82,79,36,107
108,77,70,90,103,82,79,36,105
108,77,70,90,60,45,82,79,36,106
108,77,26,60,45,82,79,36,107
109,3,74,68,83,76,18,104
109,3,74,68,64,1,76,18,110
109,3,74,42,69,83,76,18,111
112,59,60,48,41,30,29,113
112,59,60,45,82,79,30,29,114
112,59,60,48,17,41,30,29,115
116,90,60,45,22,117
116,90,60,45,82,22,118
116,90,103,82,22,119
108,77,70,90,103,82,75,51,120
108,77,70,90,60,45,82,75,51,121
108,77,26,60,45,82,75,51,122
123,52,59,90,103,83,76,38,124
123,52,59,60,90,103,83,76,38,125
123,52,59,60,45,103,83,76,38,126
127,71,48,60,90,103,83,76,62,128
127,71,17,82,103,83,76,62,129
127,71,48,60,45,103,83,76,62,130
131,78,59,60,26,57,132
131,78,59,60,90,70,57,133
131,78,59,90,70,57,134
135,26,60,45,100,136
135,26,60,45,82,100,137
135,26,60,45,82,21,100,138
succeed
1.1,1.2,1.17,1.17,1.03,1.08,1.15,1.18,1.06,1.11