10
104,49,70,90,103,83,76,25,105
106,58,59,97,107
108,68,64,101,109
110,98,48,60,111
112,65,68,83,103,90,40,113
114,53,82,103,83,76,23,115
116,51,75,21,96,117
118,103,90,70,49,87,119
120,30,79,82,96,117
121,63,29,30,41,48,60,26,56,67,122
123,39,75,82,45,60,26,56,0,124
125,102,69,82,93,126
126,93,82,79,30,29,127
114,53,82,45,60,26,56,128
129,20,76,83,103,90,59,97,85,130
131,32,59,90,103,83,99,132
133,59,60,45,82,93,126
113,40,60,45,100,134
135,36,79,82,45,60,26,56,128
136,27,59,90,103,83,68,73,137
106,58,59,90,103,118
138,70,90,59,16,139
140,26,60,48,141
142,41,17,143
144,80,83,103,90,59,95,145
146,10,59,90,103,83,68,73,137
117,96,45,103,83,76,18,147
148,5,31,68,83,103,90,13,149
141,48,60,59,11,150
151,74,68,31,152
succeed
0.75,0.66,0.8,0.65,0.61,0.75,0.63,0.62,0.67,0.8,0.65,0.7,0.8,0.75,0.78,0.73,0.68,0.76,0.75,0.8,0.77,0.61,0.76,0.75,0.63,0.71,0.77,0.69,0.71,0.72