10
104,55,79,82,103,90,70,49,47,105
106,23,76,83,103,82,75,51,107
108,89,56,26,60,59,97,85,109
110,56,26,60,59,97,85,109
111,64,1,76,8,112
113,24,76,83,103,90,59,28,114
115,90,70,49,89,108
116,40,90,13,117
108,89,49,70,118
119,17,82,103,83,76,37,120
121,75,82,103,90,70,49,50,122
123,16,59,90,103,83,68,65,35,124
125,53,82,17,119
126,5,31,42,69,82,79,36,127
128,82,45,129
130,18,76,83,69,131
132,39,75,82,45,60,26,56,9,133
131,69,42,65,66,134
135,52,59,34,136
137,86,82,79,30,29,138
139,95,59,90,103,140
141,44,60,45,96,142
122,50,49,70,57,143
144,68,83,103,82,17,43,145
124,35,65,68,83,103,90,59,16,123
146,83,103,90,70,49,147
148,54,64,68,83,103,82,79,92,149
111,64,68,83,103,90,70,26,56,110
119,17,48,60,26,150
151,27,59,60,61,152
succeed
0.92,0.85,0.99,0.89,0.92,0.88,0.86,0.98,0.94,0.82,0.88,1,0.94,0.96,0.96,0.83,0.98,0.87,0.92,0.84,0.85,0.9,0.85,0.9,0.95,0.92,0.92,0.93,0.92,0.87