10
104,42,69,83,76,18,105
106,80,83,103,90,59,58,107
108,0,56,26,60,45,82,79,12,109
110,33,79,82,103,83,68,64,101,111
112,4,65,42,69,82,93,113
114,17,48,60,59,28,115
116,65,68,83,103,90,59,81,117
118,27,59,60,45,82,79,119
120,84,59,34,121
122,29,30,79,82,86,123
124,76,83,103,90,59,58,107
125,32,59,60,48,43,126
127,53,82,45,60,26,56,0,108
128,70,90,103,83,76,20,129
130,63,29,30,79,12,109
131,97,59,60,45,22,132
133,26,70,128
119,79,82,103,83,68,64,54,134
135,1,76,83,103,82,79,36,136
137,11,59,90,103,83,76,37,138
112,4,65,68,83,76,25,139
140,74,68,64,1,2,141
142,49,70,90,60,48,98,143
144,95,59,60,26,56,87,145
108,0,56,26,60,45,82,146
120,84,59,90,70,49,142
147,7,79,119
132,22,82,103,83,68,64,101,111
106,80,83,103,90,60,26,133
148,24,76,37,138
succeed
1.26,1.31,1.26,1.3,1.29,1.34,1.22,1.3,1.28,1.38,1.27,1.3,1.31,1.33,1.34,1.23,1.28,1.39,1.36,1.3,1.21,1.4,1.38,1.26,1.33,1.29,1.35,1.25,1.36,1.31