10
104,55,79,22,86,45,60,90,70,49,47,105
104,55,79,22,86,45,60,90,70,77,26,56,89,49,47,106
107,23,76,83,69,82,75,51,108
109,89,49,70,90,40,60,59,97,85,110
111,56,26,77,70,90,59,97,85,110
112,64,1,76,8,113
114,24,76,83,103,82,17,41,48,60,44,90,59,28,115
116,90,70,49,88,56,89,109
117,40,60,44,90,13,118
109,89,56,88,49,70,119
120,17,82,69,83,76,37,121
122,75,82,17,98,19,48,60,26,56,89,49,50,123
124,16,59,90,40,60,45,100,82,103,83,69,42,65,35,125
126,53,82,103,90,44,60,48,17,120
127,5,31,42,69,82,100,21,22,79,36,128
129,82,45,130
131,18,76,83,102,69,132
133,39,75,82,17,98,19,48,60,59,90,70,49,88,56,9,134
132,69,42,68,65,66,135
136,52,59,34,137
138,86,22,21,100,82,75,29,139
140,95,59,90,103,141
142,44,60,45,96,143
123,50,49,89,56,26,77,70,57,144
145,68,83,99,69,82,17,43,146
125,35,65,68,42,69,83,103,82,45,60,59,16,124
125,35,65,68,42,69,83,103,82,100,21,22,86,45,60,59,16,147
125,35,65,68,42,69,83,103,90,59,16,148
149,83,69,82,100,21,22,86,45,60,26,57,70,49,150
149,83,103,82,100,21,22,86,45,60,26,57,70,49,151
152,54,64,68,65,42,69,82,100,21,22,79,92,153
112,64,1,76,83,103,90,44,60,26,56,111
112,64,1,76,83,103,90,70,77,26,56,154
120,17,82,22,86,45,60,26,155
156,27,59,60,61,157
succeed
0.92,0.85,0.99,0.89,0.92,0.88,0.86,0.98,0.94,0.82,0.88,1,0.94,0.96,0.96,0.83,0.98,0.87,0.92,0.84,0.85,0.9,0.85,0.9,0.95,0.92,0.92,0.93,0.92,0.87