10
104,49,70,90,103,83,76,25,105
104,49,70,26,60,90,103,83,76,25,106
104,49,70,90,103,83,68,64,1,76,25,107
108,58,59,97,109
110,68,64,101,111
110,68,83,76,1,64,101,112
110,68,42,69,83,76,1,64,101,113
114,98,48,60,115
114,98,19,48,60,116
114,98,17,48,60,117
118,65,68,83,103,90,40,119
118,65,42,69,83,103,90,40,120
118,65,42,68,83,103,90,40,121
122,53,82,103,83,76,23,123
122,53,82,69,83,76,23,124
122,53,82,45,103,83,76,23,125
126,51,75,22,96,127
126,51,75,21,96,128
126,51,75,82,96,129
130,103,90,70,49,87,131
130,103,90,70,26,56,87,132
130,103,90,60,26,56,87,133
134,30,79,82,96,127
134,30,79,82,22,96,128
134,30,79,22,96,129
135,63,29,30,41,48,60,26,56,67,136
135,63,29,30,79,82,45,60,26,56,67,137
135,63,29,30,41,48,60,90,70,49,67,138
139,39,75,82,45,60,26,56,0,140
139,39,75,82,45,60,90,70,49,0,141
139,39,75,82,103,90,70,49,0,142
143,102,69,82,93,144
143,102,83,103,82,93,145
143,102,83,69,82,93,146
144,93,82,79,30,29,147
144,93,82,17,41,30,29,148
144,93,82,75,29,149
122,53,82,45,60,26,56,150
122,53,82,100,45,60,26,56,151
122,53,82,17,48,60,26,56,152
153,20,76,83,103,90,59,97,85,154
153,20,76,83,103,90,60,59,97,85,155
153,20,76,83,103,45,60,59,97,85,156
157,32,59,90,103,83,99,158
157,32,59,60,90,103,83,99,159
157,32,59,90,103,83,69,99,160
161,59,60,45,82,93,144
161,59,60,45,100,82,93,145
161,59,60,48,17,82,93,146
119,40,60,45,100,162
119,40,90,60,45,100,163
119,40,60,45,82,100,164
165,36,79,82,45,60,26,56,150
165,36,79,82,100,45,60,26,56,151
165,36,79,82,17,48,60,26,56,152
166,27,59,90,103,83,68,73,167
166,27,59,60,90,103,83,68,73,168
166,27,59,60,45,103,83,68,73,169
108,58,59,90,103,130
108,58,59,60,90,103,170
108,58,59,60,45,103,171
172,70,90,59,16,173
172,70,90,60,59,16,174
172,70,26,60,59,16,175
176,26,60,48,177
176,26,70,90,60,48,178
176,26,60,45,82,17,48,179
180,41,17,181
180,41,48,17,182
180,41,48,43,17,183
184,80,83,103,90,59,95,185
184,80,83,103,90,60,59,95,186
184,80,83,103,45,60,59,95,187
188,10,59,90,103,83,68,73,167
188,10,59,60,90,103,83,68,73,168
188,10,59,60,45,103,83,68,73,169
127,96,82,103,83,76,18,189
127,96,45,103,83,76,18,190
127,96,82,69,83,76,18,191
192,5,31,68,83,103,90,13,193
192,5,31,42,69,83,103,90,13,194
192,5,31,42,68,83,103,90,13,195
177,48,60,59,11,196
177,48,60,90,59,11,197
177,48,17,82,45,60,59,11,198
199,74,68,31,200
199,74,42,31,201
199,74,68,42,31,202
succeed
0.75,0.66,0.8,0.65,0.61,0.75,0.63,0.62,0.67,0.8,0.65,0.7,0.8,0.75,0.78,0.73,0.68,0.76,0.75,0.8,0.77,0.61,0.76,0.75,0.63,0.71,0.77,0.69,0.71,0.72