10
104,41,17,82,103,83,80,105
104,41,17,82,69,83,80,106
104,41,30,79,82,103,83,80,107
108,5,31,68,64,1,109
108,5,31,68,83,76,1,110
108,5,31,42,68,64,1,111
112,30,79,92,113
112,30,41,17,82,79,92,114
112,30,41,17,82,21,79,92,115
116,75,82,69,102,117
116,75,82,103,83,102,118
116,75,82,69,83,102,119
120,26,60,121
120,26,70,90,60,122
120,26,77,70,90,60,123
124,103,82,93,125
124,103,45,82,93,126
124,103,90,60,45,82,93,127
128,42,69,83,76,129
128,42,68,83,76,130
128,42,69,102,83,76,131
132,10,59,90,70,133
132,10,59,60,90,70,134
132,10,59,60,26,70,135
136,15,59,97,85,137
138,4,65,68,83,76,129
138,4,65,68,64,1,76,130
138,4,65,42,69,83,76,131
139,91,46,70,90,103,82,75,51,140
139,91,46,70,90,60,45,82,75,51,141
139,91,46,70,26,60,45,82,75,51,142
143,88,49,70,90,44,144
143,88,56,26,60,44,145
143,88,56,26,60,90,44,146
147,43,48,60,90,70,46,91,139
147,43,48,60,26,70,46,91,148
147,43,17,48,60,90,70,46,91,149
150,94,29,30,79,82,69,102,117
150,94,29,30,79,82,103,83,102,118
150,94,29,30,79,82,69,83,102,119
151,67,56,26,60,59,32,152
151,67,49,70,90,59,32,153
151,67,49,70,90,60,59,32,154
129,76,83,103,90,60,121
129,76,83,103,45,60,122
129,76,83,103,90,59,60,123
155,20,76,83,103,82,93,125
155,20,76,83,69,82,93,126
155,20,76,83,103,45,82,93,127
121,60,45,82,79,36,156
121,60,45,100,82,79,36,157
121,60,48,17,82,79,36,158
159,64,68,83,103,90,60,121
159,64,68,83,103,45,60,122
159,64,1,76,83,103,90,60,123
160,31,68,83,76,23,161
160,31,68,64,1,76,23,162
160,31,42,69,83,76,23,163
124,103,83,68,64,101,164
124,103,83,76,1,64,101,165
124,103,83,69,42,68,64,101,166
167,90,60,48,19,168
167,90,60,48,98,19,169
167,90,59,60,48,19,170
160,31,68,83,103,90,59,97,171
160,31,68,83,103,90,60,59,97,172
160,31,68,83,103,45,60,59,97,173
164,101,64,68,83,99,174
164,101,64,68,83,69,99,175
164,101,64,68,42,69,99,176
177,49,70,90,103,82,93,125
177,49,70,90,60,45,82,93,126
177,49,70,26,60,45,82,93,127
108,5,31,68,83,103,90,60,61,178
108,5,31,68,83,103,45,60,61,179
108,5,31,42,69,83,103,90,60,61,180
181,66,65,42,69,82,93,125
181,66,65,68,83,103,82,93,126
181,66,65,68,83,69,82,93,127
182,28,59,60,45,22,183
182,28,59,60,45,82,22,184
182,28,59,60,45,96,22,185
112,30,29,63,186
112,30,79,82,75,29,63,187
112,30,79,82,21,75,29,63,188
189,68,83,76,8,190
189,68,64,1,76,8,191
189,68,42,69,83,76,8,192
171,97,59,90,103,83,76,1,2,193
171,97,59,60,90,103,83,76,1,2,194
171,97,59,90,103,83,68,64,1,2,195
132,10,59,60,45,82,79,36,156
132,10,59,60,45,100,82,79,36,157
132,10,59,60,48,17,82,79,36,158
196,7,79,21,197
196,7,79,82,21,198
196,7,79,82,75,21,199
160,31,42,69,82,79,30,29,94,150
160,31,68,83,103,82,79,30,29,94,200
160,31,42,69,82,17,41,30,29,94,201
139,91,46,70,90,103,83,202
139,91,46,70,26,60,90,103,83,203
139,91,46,70,90,60,45,103,83,204
205,29,30,79,82,103,83,76,23,161
205,29,30,79,82,69,83,76,23,162
205,29,30,41,17,82,103,83,76,23,163
206,59,90,103,83,68,64,159
206,59,60,90,103,83,68,64,207
206,59,90,103,83,76,1,64,208
209,81,59,60,26,56,0,210
209,81,59,60,90,70,49,0,211
209,81,59,90,70,49,0,212
213,79,82,45,60,59,11,214
213,79,82,100,45,60,59,11,215
213,79,82,17,48,60,59,11,216
138,4,65,68,83,103,90,44,144
138,4,65,42,69,83,103,90,44,145
138,4,65,42,68,83,103,90,44,146
143,88,56,26,60,45,82,79,92,113
143,88,49,70,90,103,82,79,92,114
143,88,49,70,90,60,45,82,79,92,115
217,18,76,83,103,90,60,121
217,18,76,83,103,45,60,122
217,18,76,83,103,90,59,60,123
116,75,82,69,42,31,160
116,75,82,103,83,68,31,218
116,75,82,69,42,68,31,219
220,84,59,90,103,83,76,23,161
220,84,59,60,90,103,83,76,23,162
220,84,59,60,45,103,83,76,23,163
221,73,42,69,82,79,7,196
221,73,68,83,103,82,79,7,222
221,73,68,83,69,82,79,7,223
224,13,90,60,26,120
224,13,90,70,26,225
224,13,90,70,77,26,226
227,24,76,83,103,82,100,228
227,24,76,83,103,45,100,229
227,24,76,83,69,82,100,230
117,102,83,103,90,70,49,0,210
117,102,69,83,103,90,70,49,0,211
117,102,83,103,90,70,26,56,0,212
231,9,49,70,90,103,83,80,105
231,9,56,26,60,90,103,83,80,106
231,9,56,26,70,90,103,83,80,107
161,23,76,83,103,82,79,30,29,94,150
161,23,76,83,69,82,79,30,29,94,200
161,23,76,83,103,82,17,41,30,29,94,201
186,63,29,30,79,82,103,83,76,23,161
186,63,29,30,79,82,69,83,76,23,162
186,63,29,30,41,17,82,103,83,76,23,163
232,95,59,90,70,46,233
232,95,59,60,90,70,46,234
232,95,59,60,26,70,46,235
209,81,59,34,236
237,57,26,60,45,82,79,12,238
237,57,26,60,45,100,82,79,12,239
237,57,26,60,48,17,82,79,12,240
241,72,59,78,242
210,0,49,70,90,103,83,76,25,243
210,0,56,26,60,90,103,83,76,25,244
210,0,56,26,70,90,103,83,76,25,245
231,9,56,26,60,121
231,9,49,70,90,60,122
231,9,49,70,26,60,123
112,30,41,48,60,26,120
112,30,79,82,45,60,26,225
112,30,41,17,48,60,26,226
246,69,83,103,90,59,34,236
246,69,83,103,90,60,59,34,247
246,69,82,45,60,59,34,248
167,90,103,82,53,249
167,90,60,45,82,53,250
167,90,103,45,82,53,251
succeed
1.15,1.06,1.11,1.03,1.2,1.03,1.15,1.16,1.17,1.02,1.03,1.05,1.08,1.09,1.16,1.11,1.2,1.07,1.16,1.2,1.01,1.06,1.18,1.15,1.12,1.04,1.02,1.17,1.01,1.1,1.03,1.06,1.01,1.13,1.18,1.19,1.13,1.07,1.19,1.2,1.09,1.01,1.13,1.1,1.15,1.18,1.13,1.06,1.01,1.05,1.18,1.13,1.16,1.02,1.17,1.06,1.03,1.05,1.01,1.05