10
104,60,26,56,88,105
104,60,90,70,49,88,106
104,60,26,70,49,88,107
108,96,45,60,90,70,46,109
108,96,45,60,26,70,46,110
108,96,45,103,90,70,46,111
112,98,17,82,79,113
112,98,17,41,30,79,114
112,98,17,82,21,79,115
116,30,79,82,103,83,76,37,117
116,30,79,82,69,83,76,37,118
116,30,41,17,82,103,83,76,37,119
108,96,82,69,42,31,120
108,96,82,103,83,68,31,121
108,96,45,103,83,68,31,122
123,70,90,60,45,96,108
123,70,26,60,45,96,124
123,70,90,60,45,82,96,125
126,101,64,68,83,103,82,79,7,127
126,101,64,68,83,69,82,79,7,128
126,101,64,68,42,69,82,79,7,129
130,65,68,83,76,24,131
130,65,68,64,1,76,24,132
130,65,42,69,83,76,24,133
134,61,60,90,70,49,135
134,61,60,26,70,49,136
134,61,60,26,77,70,49,137
138,6,80,83,103,82,17,98,112
138,6,80,83,69,82,17,98,139
138,6,80,83,103,45,82,17,98,140
141,75,82,69,42,31,120
141,75,82,103,83,68,31,121
141,75,82,69,42,68,31,122
142,82,103,90,70,49,47,143
142,82,45,60,90,70,49,47,144
142,82,45,60,26,70,49,47,145
146,26,60,90,103,83,76,24,131
146,26,70,90,103,83,76,24,132
146,26,60,45,103,83,76,24,133
147,38,76,83,103,82,79,113
147,38,76,83,69,82,79,114
147,38,76,83,103,45,82,79,115
148,63,29,30,79,82,103,83,76,20,149
148,63,29,30,79,82,69,83,76,20,150
148,63,29,30,41,17,82,103,83,76,20,151
152,85,97,59,90,103,153
152,85,97,59,60,90,103,154
152,85,97,59,60,45,103,155
120,31,68,64,54,156
120,31,42,68,64,54,157
120,31,42,65,68,64,54,158
159,19,48,60,40,160
159,19,48,60,90,40,161
159,19,98,48,60,90,40,162
163,8,76,83,103,90,59,95,164
163,8,76,83,103,90,60,59,95,165
163,8,76,83,103,45,60,59,95,166
152,85,97,59,60,45,100,167
152,85,97,59,60,45,82,100,168
152,85,97,59,60,45,82,21,100,169
170,14,76,83,68,171
170,14,76,1,64,68,172
170,14,76,83,69,42,68,173
174,94,29,30,41,48,60,26,56,67,175
174,94,29,30,79,82,45,60,26,56,67,176
174,94,29,30,41,48,60,90,70,49,67,177
178,81,59,10,179
180,2,1,76,18,181
180,2,1,64,68,83,76,18,182
180,2,1,64,68,42,69,83,76,18,183
184,89,49,70,90,103,83,68,31,5,185
184,89,56,26,60,90,103,83,68,31,5,186
184,89,56,26,70,90,103,83,68,31,5,187
188,23,76,83,103,82,79,55,189
188,23,76,83,69,82,79,55,190
188,23,76,83,103,45,82,79,55,191
192,58,59,90,103,153
192,58,59,60,90,103,154
192,58,59,60,45,103,155
109,46,70,90,60,45,22,193
109,46,70,90,60,45,82,22,194
109,46,70,90,103,82,22,195
196,77,26,60,48,71,197
196,77,70,90,60,48,71,198
196,77,70,26,60,48,71,199
200,87,56,26,60,45,82,79,12,201
200,87,49,70,90,103,82,79,12,202
200,87,49,70,90,60,45,82,79,12,203
135,49,70,90,103,83,76,25,204
135,49,70,26,60,90,103,83,76,25,205
135,49,70,90,103,83,68,64,1,76,25,206
130,65,68,83,103,90,59,27,207
130,65,68,83,103,90,60,59,27,208
130,65,68,83,103,45,60,59,27,209
210,92,79,82,103,90,13,211
210,92,79,82,45,60,90,13,212
210,92,79,82,45,103,90,13,213
146,26,60,90,103,83,76,25,204
146,26,70,90,103,83,76,25,205
146,26,60,45,103,83,76,25,206
127,7,79,22,193
127,7,79,82,22,194
127,7,79,82,100,22,195
109,46,70,90,103,82,79,55,189
109,46,70,90,60,45,82,79,55,190
109,46,70,26,60,45,82,79,55,191
185,5,31,68,83,103,90,60,26,146
185,5,31,68,83,103,90,70,26,214
185,5,31,68,83,103,45,60,26,215
216,73,42,69,217
216,73,68,83,69,218
216,73,68,42,69,219
123,70,90,103,83,68,65,4,220
123,70,90,103,83,68,42,65,4,221
123,70,90,103,83,69,42,65,4,222
181,18,76,83,103,90,60,26,146
181,18,76,83,103,90,70,26,214
181,18,76,83,103,45,60,26,215
succeed
1.09,1.11,1.05,1.2,1.18,1.05,1.12,1.08,1.16,1.02,1.15,1.19,1.01,1.2,1.01,1.16,1.12,1.19,1.09,1.16,1.03,1.19,1.03,1.08,1.02,1.15,1.05,1.16,1.1,1.15,1.19,1.07,1.02,1.19,1.06,1.13,1.13,1.06,1.14,1.1