10
104,3,74,42,69,82,100,21,22,79,36,105
104,3,74,42,69,83,103,45,60,48,17,82,100,21,22,79,36,106
107,27,59,60,44,90,70,49,88,56,67,108
109,39,75,21,110
111,4,65,68,83,103,112
113,10,59,90,44,60,48,114
115,15,59,90,40,60,45,86,22,75,82,69,116
117,13,90,40,60,45,100,82,103,83,69,99,118
119,61,60,26,77,70,90,103,82,69,116
119,61,60,26,77,70,90,103,83,69,120
104,3,74,42,69,102,121
121,102,69,83,103,112
122,68,83,69,82,75,29,94,123
118,99,69,82,17,71,48,19,124
125,72,59,90,44,60,45,100,21,22,126
127,7,79,22,21,100,82,69,42,31,5,128
122,68,83,76,1,129
105,36,79,22,21,100,45,60,26,77,70,90,103,83,130
131,63,29,75,82,69,116
132,73,42,69,83,103,45,96,22,75,82,17,41,133
117,13,90,103,83,76,38,134
117,13,90,70,49,50,135
succeed
1.17,1.08,1.05,1.11,1.18,1.18,1.18,1.12,1.19,1.18,1.07,1.07,1.2,1.1,1.16,1.2,1.05,1.13,1.01,1.06