10
104,70,90,103,83,69,42,105
104,70,90,103,83,68,42,106
104,70,90,103,83,68,31,42,107
108,15,59,90,103,83,76,62,109
108,15,59,60,90,103,83,76,62,110
108,15,59,60,45,103,83,76,62,111
112,44,90,59,27,113
112,44,90,60,59,27,114
112,44,60,59,27,115
116,69,82,117
116,69,83,103,82,118
116,69,83,103,45,82,119
120,67,56,26,60,59,11,121
120,67,49,70,90,59,11,122
120,67,49,70,90,60,59,11,123
124,97,59,60,45,82,75,39,125
124,97,59,60,45,82,21,75,39,126
124,97,59,60,45,21,75,39,127
128,0,49,70,90,103,83,68,74,129
128,0,49,70,90,103,83,68,42,74,130
128,0,49,70,90,103,83,69,42,74,131
132,3,74,68,73,133
132,3,74,42,73,134
132,3,74,68,42,73,135
136,30,79,82,69,42,74,129
136,30,79,82,103,83,68,74,130
136,30,79,82,69,42,68,74,131
137,34,59,90,103,83,76,8,138
137,34,59,60,90,103,83,76,8,139
137,34,59,60,45,103,83,76,8,140
141,79,82,103,83,76,37,142
141,79,82,69,83,76,37,143
141,79,82,45,103,83,76,37,144
145,66,65,68,83,103,90,70,49,0,128
145,66,65,42,69,83,103,90,70,49,0,146
145,66,65,42,68,83,103,90,70,49,0,147
148,57,26,60,45,86,149
148,57,26,60,45,82,86,150
148,57,26,60,45,82,21,86,151
152,22,45,60,26,56,87,153
152,22,82,45,60,26,56,87,154
152,22,45,60,90,70,49,87,155
156,85,97,59,60,48,41,157
156,85,97,59,60,48,17,41,158
156,85,97,59,60,45,82,17,41,159
160,49,70,90,59,15,108
160,49,70,90,60,59,15,161
160,49,70,26,60,59,15,162
153,87,56,26,60,59,81,163
153,87,49,70,90,59,81,164
153,87,49,70,90,60,59,81,165
166,100,82,103,83,68,64,54,167
166,100,82,69,42,68,64,54,168
166,100,45,103,83,68,64,54,169
116,69,83,103,90,59,95,170
116,69,83,103,90,60,59,95,171
116,69,82,45,60,59,95,172
142,37,76,83,103,90,60,48,19,173
142,37,76,83,103,45,60,48,19,174
142,37,76,83,103,82,17,98,19,175
176,99,83,103,90,59,11,121
176,99,83,103,90,60,59,11,122
176,99,83,103,45,60,59,11,123
177,16,59,11,121
178,59,60,48,98,179
178,59,60,48,19,98,180
178,59,60,48,17,98,181
182,101,64,68,65,66,145
182,101,64,68,42,65,66,183
182,101,64,68,31,42,65,66,184
185,24,76,1,64,186
185,24,76,83,68,64,187
185,24,76,83,69,42,68,64,188
189,61,60,59,97,124
189,61,60,90,59,97,190
189,61,60,44,90,59,97,191
192,60,26,77,193
192,60,90,70,77,194
192,60,26,70,77,195
196,14,76,83,103,82,79,30,29,197
196,14,76,83,69,82,79,30,29,198
196,14,76,83,103,82,17,41,30,29,199
200,36,79,82,45,60,26,77,193
200,36,79,82,45,60,90,70,77,194
200,36,79,82,103,90,70,77,195
201,94,29,30,41,48,60,59,178
201,94,29,30,79,82,45,60,59,202
201,94,29,30,41,17,48,60,59,203
succeed
1.79,1.78,1.68,1.61,1.66,1.62,1.61,1.68,1.64,1.72,1.79,1.7,1.69,1.77,1.67,1.71,1.63,1.76,1.72,1.68,1.78,1.73,1.62,1.66,1.79,1.67,1.63,1.79,1.73,1.64