10
104,3,74,42,69,82,79,36,105
106,27,59,60,26,56,67,107
108,39,75,21,109
110,4,65,68,83,103,111
112,10,59,60,48,113
114,15,59,90,103,83,69,115
116,13,90,103,83,99,117
118,61,60,90,103,83,69,115
104,3,74,68,83,102,119
119,102,83,103,111
120,68,83,103,82,79,30,29,94,121
117,99,83,103,90,60,48,19,122
123,72,59,60,45,22,124
125,7,79,82,69,42,31,5,126
120,68,64,1,127
105,36,79,82,103,83,128
129,63,29,30,79,82,69,115
130,73,42,69,82,17,41,131
116,13,90,103,83,76,38,132
116,13,90,70,49,50,133
succeed
1.17,1.08,1.05,1.11,1.18,1.18,1.18,1.12,1.19,1.18,1.07,1.07,1.2,1.1,1.16,1.2,1.05,1.13,1.01,1.06