10
104,70,90,44,60,45,100,82,69,42,105
106,15,59,60,45,103,83,76,62,107
108,44,60,59,27,109
110,69,82,111
112,67,56,88,49,70,90,59,11,113
114,97,59,90,40,60,48,17,82,75,39,115
116,0,56,88,49,70,90,44,60,48,17,82,69,42,74,117
118,3,74,42,73,119
120,30,79,22,21,100,82,69,42,74,117
121,34,59,90,40,60,48,43,17,82,103,83,76,8,122
121,34,59,90,103,83,76,8,123
124,79,30,29,75,82,100,45,103,83,76,37,125
126,66,65,42,69,83,103,82,21,22,86,45,60,44,90,70,49,88,56,0,116
126,66,65,42,69,83,103,82,100,21,22,86,45,60,44,90,70,49,88,56,0,127
128,57,70,90,40,60,45,86,129
130,22,21,100,45,82,17,98,19,48,60,40,90,70,49,88,56,87,131
130,22,21,100,82,17,98,19,48,60,40,90,70,49,88,56,87,132
133,85,97,59,90,40,60,48,41,134
135,49,70,26,60,59,15,106
131,87,56,88,49,70,26,60,59,81,136
137,100,22,79,21,45,103,83,68,64,54,138
137,100,82,69,99,83,68,64,54,139
110,69,82,100,21,22,86,45,60,44,90,59,95,140
110,69,83,103,90,59,95,141
125,37,76,83,103,45,96,22,75,82,17,71,48,19,142
143,99,69,82,100,21,22,86,45,60,44,90,59,11,113
143,99,69,83,103,82,100,21,22,86,45,60,44,90,59,11,144
145,16,59,11,113
146,59,60,45,100,82,17,98,147
146,59,60,48,19,98,148
149,101,64,68,65,66,126
150,24,76,1,64,151
152,61,60,59,97,114
152,61,60,90,59,97,153
154,60,26,70,77,155
156,14,76,83,103,82,75,29,157
158,36,79,22,86,45,60,44,90,70,77,155
159,94,29,75,82,17,98,19,48,60,59,146
succeed
1.79,1.78,1.68,1.61,1.66,1.62,1.61,1.68,1.64,1.72,1.79,1.7,1.69,1.77,1.67,1.71,1.63,1.76,1.72,1.68,1.78,1.73,1.62,1.66,1.79,1.67,1.63,1.79,1.73,1.64