10
104,49,70,90,40,60,45,100,82,69,83,76,25,105
104,49,70,90,59,60,45,100,82,69,83,76,25,106
107,58,59,97,108
109,68,64,101,110
111,98,17,71,48,60,112
113,65,68,83,103,90,60,40,114
115,53,82,86,45,103,83,76,23,116
117,51,75,22,21,96,118
119,103,90,70,49,88,56,87,120
121,30,79,22,96,118
122,63,29,75,82,17,98,19,48,60,26,77,70,49,88,56,67,123
124,39,75,82,17,98,19,48,60,40,90,70,49,88,56,0,125
126,102,69,82,93,127
126,102,69,83,103,82,93,128
127,93,82,75,29,129
115,53,82,17,98,19,48,60,26,56,130
115,53,82,17,98,19,48,60,40,90,70,77,26,56,131
115,53,82,103,90,70,77,26,56,132
133,20,76,83,103,45,60,59,97,85,134
133,20,76,83,103,90,40,60,59,97,85,135
136,32,59,90,40,60,45,100,82,103,83,69,99,137
138,59,60,48,17,82,93,127
114,40,60,45,100,139
140,36,79,22,86,45,60,44,90,70,77,26,56,130
141,27,59,90,40,60,45,86,82,69,42,73,142
141,27,59,90,40,60,45,100,82,69,42,73,143
141,27,59,90,103,83,69,42,73,144
107,58,59,90,103,119
145,70,90,59,16,146
147,26,60,48,148
149,41,17,150
151,80,83,69,82,75,22,86,45,60,44,90,59,95,152
151,80,83,103,90,59,95,153
154,10,59,60,48,17,82,69,83,68,31,42,73,142
118,96,22,21,100,82,69,102,83,76,18,155
156,5,31,42,69,83,103,90,13,157
148,48,71,17,82,22,96,45,60,59,11,158
159,74,42,31,160
succeed
0.75,0.66,0.8,0.65,0.61,0.75,0.63,0.62,0.67,0.8,0.65,0.7,0.8,0.75,0.78,0.73,0.68,0.76,0.75,0.8,0.77,0.61,0.76,0.75,0.63,0.71,0.77,0.69,0.71,0.72