10
14,3,1,0,15
16,2,5,12,17
18,5,4,19
15,0,7,6,20
16,2,0,7,21
22,11,8,3,1,23
15,0,1,23
20,6,4,3,1,23
24,9,7,0,15
23,1,0,15
19,4,3,1,23
16,2,1,23
17,12,11,9,7,21
14,3,4,6,20
25,8,11,12,5,18
21,7,9,13,26
25,8,11,12,17
23,1,0,7,9,24
20,6,4,5,18
18,5,4,3,8,25
14,3,4,5,18
26,13,12,5,18
26,13,9,7,6,20
24,9,13,26
19,4,5,2,16
27,10,5,18
21,7,6,4,3,14
24,9,11,12,17
25,8,3,1,2,16
25,8,11,9,7,21
succeed
1.07,1.05,1.12,1.02,1.18,1.2,1.2,1.09,1.1,1.19,1.01,1.03,1.1,1.1,1.07,1.09,1.12,1.15,1.07,1.1,1.19,1.07,1.18,1.1,1.2,1.19,1.02,1.05,1.16,1.04