10
14,12,5,4,6,15
16,7,0,2,17
18,13,9,10,19
20,5,12,13,18
18,13,8,3,21
18,13,12,5,4,22
16,7,0,23
15,6,4,3,21
24,1,3,4,22
21,3,8,25
21,3,1,0,23
21,3,4,22
18,13,9,7,16
14,12,5,4,22
19,10,9,13,18
14,12,5,10,19
16,7,6,4,5,20
26,11,12,5,4,22
24,1,0,23
23,0,2,5,20
19,10,5,4,22
27,9,11,8,3,21
17,2,0,23
15,6,7,16
16,7,6,4,22
21,3,4,5,10,19
25,8,11,9,10,19
19,10,9,7,16
26,11,8,3,1,24
18,13,8,25
succeed
0.9,0.98,0.95,0.87,0.96,0.91,0.81,0.84,0.84,0.82,0.92,0.97,1,0.85,0.89,0.84,0.96,0.89,0.99,0.9,0.86,0.88,0.88,0.91,0.85,0.81,0.84,0.84,1,0.99