10
14,8,13,12,15
14,8,11,12,16
14,8,13,9,11,12,17
18,5,4,3,19
18,5,2,1,3,20
18,5,2,0,1,3,21
18,5,4,6,22
18,5,10,9,7,6,23
18,5,2,0,7,6,24
25,13,12,5,2,26
25,13,8,3,1,2,27
25,13,9,10,5,2,28
29,9,10,5,4,30
29,9,7,6,4,31
29,9,13,12,5,4,32
33,7,6,4,30
33,7,0,2,5,4,31
33,7,0,1,3,4,32
29,9,13,25
29,9,11,12,13,34
29,9,11,8,13,35
22,6,7,9,11,36
22,6,4,5,12,11,37
22,6,4,3,8,11,38
22,6,4,3,1,39
22,6,7,0,1,40
22,6,4,5,2,1,41
39,1,3,19
39,1,2,5,4,3,20
39,1,0,7,6,4,3,21
19,3,1,0,7,33
19,3,4,6,7,42
19,3,1,2,0,7,43
22,6,7,9,13,25
22,6,4,5,12,13,34
22,6,4,3,8,13,35
30,4,3,1,39
30,4,5,2,1,40
30,4,5,2,0,1,41
18,5,10,9,29
18,5,12,13,9,44
18,5,12,11,9,45
46,0,1,3,4,30
46,0,2,5,4,31
46,0,7,6,4,32
25,13,9,29
25,13,12,11,9,44
25,13,8,11,9,45
25,13,8,14
25,13,12,11,8,47
25,13,9,11,8,48
22,6,4,5,12,15
22,6,7,9,13,12,16
22,6,7,9,11,12,17
25,13,9,10,49
25,13,12,5,10,50
25,13,12,11,9,10,51
46,0,7,33
46,0,1,3,4,6,7,42
46,0,2,5,10,9,7,43
22,6,4,3,19
22,6,7,0,1,3,20
22,6,4,5,2,1,3,21
14,8,13,9,10,49
14,8,11,9,10,50
14,8,13,12,5,10,51
36,11,9,7,6,22
36,11,12,5,4,6,23
36,11,8,3,4,6,24
14,8,11,36
14,8,13,12,11,37
14,8,13,9,11,38
46,0,2,5,12,15
46,0,1,2,5,12,16
46,0,7,9,13,12,17
49,10,5,4,30
49,10,9,7,6,4,31
49,10,5,2,1,3,4,32
26,2,0,7,33
26,2,1,0,7,42
26,2,5,4,6,7,43
25,13,8,3,1,39
25,13,12,5,2,1,40
25,13,9,7,0,1,41
29,9,7,0,46
29,9,10,5,2,0,52
29,9,10,5,2,1,0,53
15,12,5,2,26
15,12,5,4,3,1,2,27
15,12,13,8,3,1,2,28
36,11,9,10,49
36,11,12,5,10,50
36,11,12,13,9,10,51
19,3,4,5,10,49
19,3,1,2,5,10,50
19,3,8,13,9,10,51
19,3,8,11,36
19,3,8,13,12,11,37
19,3,4,5,12,11,38
39,1,3,8,13,25
39,1,0,7,9,13,34
39,1,2,5,12,13,35
30,4,6,7,9,29
30,4,5,10,9,44
30,4,5,12,13,9,45
46,0,1,3,19
46,0,2,1,3,20
46,0,2,5,4,3,21
18,5,12,13,8,14
18,5,12,11,8,47
18,5,4,3,8,48
30,4,5,12,15
30,4,3,8,13,12,16
30,4,3,8,11,12,17
29,9,13,12,15
29,9,11,12,16
29,9,10,5,12,17
25,13,8,3,19
25,13,12,5,4,3,20
25,13,12,11,8,3,21
succeed
1.18,1.18,1.01,1.18,1.04,1.07,1.01,1.01,1.03,1.15,1.2,1.16,1.09,1.06,1.05,1.1,1.13,1.13,1.09,1.17,1.03,1.13,1.07,1.08,1.03,1.03,1.14,1.13,1.13,1.1,1.04,1.12,1.14,1.16,1.08,1.12,1.2,1.03,1.2,1.07