10
14,3,1,0,15
14,3,1,2,0,16
14,3,4,6,7,0,17
18,2,5,12,19
18,2,5,10,9,11,12,20
18,2,0,7,9,11,12,21
22,5,4,23
22,5,2,1,3,4,24
22,5,2,0,7,6,4,25
15,0,7,6,26
15,0,1,3,4,6,27
15,0,2,5,4,6,28
18,2,0,7,29
18,2,1,0,7,30
18,2,5,4,6,7,31
32,11,8,3,1,33
32,11,9,7,0,1,34
32,11,12,5,2,1,35
15,0,1,33
15,0,2,1,34
15,0,2,5,4,3,1,35
26,6,7,0,1,33
26,6,4,3,1,34
26,6,7,0,2,1,35
36,9,7,0,15
36,9,10,5,2,0,16
36,9,10,5,2,1,0,17
33,1,0,15
33,1,2,0,16
33,1,3,4,6,7,0,17
23,4,3,1,33
23,4,5,2,1,34
23,4,5,2,0,1,35
18,2,1,33
18,2,0,1,34
18,2,5,4,3,1,35
19,12,11,9,7,29
19,12,13,9,7,30
19,12,5,2,0,7,31
14,3,4,6,26
14,3,1,0,7,6,27
14,3,1,2,5,4,6,28
37,8,3,4,5,22
37,8,11,12,5,38
37,8,13,12,5,39
29,7,9,13,40
29,7,9,11,12,13,41
29,7,9,11,8,13,42
37,8,11,12,19
37,8,13,12,20
37,8,11,9,13,12,21
33,1,0,7,9,36
33,1,3,8,11,9,43
33,1,3,8,13,9,44
26,6,4,5,22
26,6,7,0,2,5,38
26,6,7,9,10,5,39
22,5,12,11,8,37
22,5,12,13,8,45
22,5,4,3,8,46
14,3,4,5,22
14,3,1,2,5,38
14,3,1,0,2,5,39
40,13,12,5,22
40,13,9,10,5,38
40,13,9,11,12,5,39
40,13,9,7,6,26
40,13,12,5,4,6,27
40,13,8,3,4,6,28
36,9,13,40
36,9,11,12,13,41
36,9,11,8,13,42
23,4,5,2,18
23,4,3,1,2,47
23,4,3,1,0,2,48
49,10,5,22
49,10,9,11,12,5,38
49,10,9,13,12,5,39
29,7,0,1,3,14
29,7,6,4,3,50
29,7,0,2,1,3,51
36,9,11,12,19
36,9,13,12,20
36,9,10,5,12,21
37,8,3,1,2,18
37,8,3,1,0,2,47
37,8,3,4,5,2,48
37,8,11,9,7,29
37,8,13,9,7,30
37,8,3,1,0,7,31
succeed
1.07,1.05,1.12,1.02,1.18,1.2,1.2,1.09,1.1,1.19,1.01,1.03,1.1,1.1,1.07,1.09,1.12,1.15,1.07,1.1,1.19,1.07,1.18,1.1,1.2,1.19,1.02,1.05,1.16,1.04