10
14,2,5,12,13,15
14,2,5,10,9,13,16
14,2,0,7,9,13,17
18,0,7,9,13,15
18,0,1,3,8,13,16
18,0,2,5,12,13,17
14,2,0,18
14,2,1,0,19
14,2,5,4,6,7,0,20
21,7,0,1,22
21,7,0,2,1,23
21,7,6,4,3,1,24
25,10,9,7,0,18
25,10,5,2,0,19
25,10,5,2,1,0,20
18,0,7,21
18,0,1,3,4,6,7,26
18,0,2,5,10,9,7,27
28,12,5,2,14
28,12,5,4,3,1,2,29
28,12,13,9,7,0,2,30
31,6,7,9,11,32
31,6,4,5,12,11,33
31,6,4,3,8,11,34
35,3,1,0,7,21
35,3,4,6,7,26
35,3,1,2,0,7,27
32,11,8,3,1,22
32,11,12,5,2,1,23
32,11,9,7,0,1,24
15,13,12,28
15,13,8,11,12,36
15,13,9,11,12,37
21,7,9,10,25
21,7,0,2,5,10,38
21,7,6,4,5,10,39
15,13,9,40
15,13,12,11,9,41
15,13,8,11,9,42
43,8,3,35
43,8,13,12,5,4,3,44
43,8,11,12,5,4,3,45
43,8,13,9,7,21
43,8,11,9,7,26
43,8,3,1,0,7,27
40,9,7,0,18
40,9,10,5,2,0,19
40,9,10,5,2,1,0,20
14,2,1,3,35
14,2,0,1,3,44
14,2,5,4,3,45
25,10,5,2,14
25,10,9,7,0,2,29
25,10,5,4,3,1,2,30
25,10,5,12,28
25,10,9,13,12,36
25,10,9,11,12,37
28,12,11,32
28,12,13,8,11,33
28,12,13,9,11,34
43,8,13,9,40
43,8,11,9,41
43,8,13,12,11,9,42
46,5,2,14
46,5,4,3,1,2,29
46,5,4,3,1,0,2,30
40,9,7,6,31
40,9,10,5,4,6,47
40,9,13,8,3,4,6,48
18,0,7,9,11,32
18,0,1,3,8,11,33
18,0,2,5,12,11,34
15,13,8,3,35
15,13,12,5,4,3,44
15,13,12,11,8,3,45
31,6,7,21
31,6,4,3,1,0,7,26
31,6,4,5,10,9,7,27
35,3,8,13,9,40
35,3,8,11,9,41
35,3,1,0,7,9,42
31,6,7,9,13,15
31,6,4,5,12,13,16
31,6,4,3,8,13,17
32,11,8,3,35
32,11,12,5,4,3,44
32,11,12,13,8,3,45
22,1,0,7,6,31
22,1,3,4,6,47
22,1,2,0,7,6,48
succeed
1.41,1.47,1.41,1.58,1.47,1.59,1.56,1.59,1.41,1.53,1.47,1.57,1.47,1.56,1.58,1.57,1.58,1.49,1.44,1.49,1.49,1.45,1.56,1.42,1.59,1.49,1.48,1.55,1.44,1.56