10
14,1,0,15
16,6,7,9,10,17
18,5,4,19
16,6,4,5,12,20
21,9,7,6,16
20,12,13,8,22
21,9,13,23
23,13,8,3,24
23,13,9,7,0,15
16,6,7,0,1,14
16,6,4,5,18
25,7,0,2,5,18
16,6,7,0,15
26,2,5,12,13,23
18,5,4,3,8,22
15,0,7,6,16
25,7,0,1,3,24
20,12,11,27
21,9,13,8,22
15,0,2,5,10,17
23,13,8,22
27,11,12,20
19,4,6,7,25
22,8,13,12,5,18
16,6,7,0,2,26
24,3,8,13,23
20,12,5,4,6,16
27,11,9,7,6,16
15,0,1,3,24
25,7,9,10,17
17,10,5,12,20
14,1,3,24
15,0,7,25
27,11,8,3,1,14
14,1,3,8,11,27
21,9,11,27
23,13,9,10,17
24,3,1,14
24,3,1,0,7,25
24,3,8,11,27
14,1,0,7,6,16
17,10,5,2,1,14
15,0,1,14
20,12,5,4,19
24,3,4,5,10,17
14,1,0,7,9,21
26,2,0,7,25
20,12,13,9,7,25
22,8,3,4,6,16
26,2,5,10,17
succeed
1.1,1.09,1.08,1.05,1.19,1.01,1.17,1.08,1.12,1.12,1.09,1.15,1.09,1.05,1.01,1.1,1.05,1.13,1.02,1.06,1.18,1.14,1.01,1.19,1.15,1.16,1.06,1.18,1.01,1.18,1.12,1.06,1.04,1.02,1.1,1.02,1.19,1.08,1.12,1.13,1.06,1.15,1.2,1.01,1.17,1.07,1.18,1.13,1.05,1.1