10
14,6,4,15
14,6,7,0,1,3,4,16
14,6,7,0,2,5,4,17
18,8,11,12,19
18,8,13,12,20
18,8,11,9,13,12,21
14,6,7,9,22
14,6,4,5,10,9,23
14,6,4,5,12,11,9,24
25,7,6,14
25,7,0,1,3,4,6,26
25,7,0,2,5,4,6,27
28,5,12,19
28,5,10,9,11,12,20
28,5,10,9,13,12,21
29,13,9,7,0,30
29,13,8,3,1,0,31
29,13,12,5,2,0,32
18,8,13,29
18,8,11,9,13,33
18,8,11,12,13,34
35,3,8,13,29
35,3,8,11,9,13,33
35,3,4,5,12,13,34
19,12,11,9,7,25
19,12,13,9,7,36
19,12,5,2,0,7,37
22,9,11,8,3,35
22,9,13,8,3,38
22,9,7,0,1,3,39
14,6,7,9,11,40
14,6,4,3,8,11,41
14,6,4,5,12,11,42
43,10,9,7,25
43,10,5,2,0,7,36
43,10,5,4,6,7,37
44,2,0,7,25
44,2,1,0,7,36
44,2,5,10,9,7,37
43,10,9,13,29
43,10,5,12,13,33
43,10,9,11,8,13,34
22,9,11,8,18
22,9,13,8,45
22,9,11,12,13,8,46
29,13,8,3,4,15
29,13,12,5,4,16
29,13,9,7,6,4,17
19,12,11,40
19,12,13,9,11,41
19,12,13,8,11,42
30,0,7,9,22
30,0,2,5,10,9,23
30,0,2,5,12,11,9,24
18,8,11,9,7,25
18,8,13,9,7,36
18,8,3,1,0,7,37
19,12,5,2,0,30
19,12,5,2,1,0,31
19,12,11,9,7,0,32
40,11,12,19
40,11,9,13,12,20
40,11,8,13,12,21
15,4,5,10,9,22
15,4,6,7,9,23
15,4,5,12,11,9,24
40,11,8,3,4,15
40,11,12,5,4,16
40,11,9,7,6,4,17
35,3,8,11,40
35,3,8,13,9,11,41
35,3,4,5,12,11,42
18,8,11,12,5,28
18,8,3,4,5,47
18,8,13,12,5,48
25,7,9,10,43
25,7,0,2,5,10,49
25,7,6,4,5,10,50
51,1,3,8,11,40
51,1,0,7,9,11,41
51,1,2,5,12,11,42
15,4,5,2,44
15,4,3,1,2,52
15,4,3,1,0,2,53
43,10,9,11,8,18
43,10,9,13,8,45
43,10,5,4,3,8,46
15,4,5,10,43
15,4,6,7,9,10,49
15,4,5,12,11,9,10,50
succeed
1.74,1.76,1.63,1.79,1.8,1.7,1.67,1.76,1.8,1.67,1.77,1.76,1.64,1.72,1.73,1.64,1.68,1.74,1.72,1.71,1.61,1.79,1.61,1.69,1.71,1.77,1.61,1.79,1.71,1.64