10
14,1,3,8,11,15
14,1,0,7,9,11,16
14,1,2,5,12,11,17
14,1,0,7,18
14,1,2,0,7,19
14,1,3,4,6,7,20
21,2,5,22
21,2,1,3,4,5,23
21,2,0,7,9,10,5,24
15,11,9,7,6,25
15,11,8,3,4,6,26
15,11,12,5,4,6,27
28,9,7,0,29
28,9,10,5,2,0,30
28,9,10,5,2,1,0,31
32,8,13,33
32,8,11,9,13,34
32,8,11,12,13,35
36,12,11,15
36,12,13,9,11,16
36,12,13,8,11,17
37,10,9,28
37,10,5,12,13,9,38
37,10,5,12,11,9,39
15,11,12,36
15,11,9,13,12,40
15,11,8,13,12,41
22,5,4,3,42
22,5,2,1,3,43
22,5,2,0,1,3,44
25,6,4,5,12,36
25,6,7,9,13,12,40
25,6,7,9,11,12,41
32,8,13,12,36
32,8,11,12,40
32,8,13,9,11,12,41
25,6,4,5,2,21
25,6,7,0,2,45
25,6,4,3,1,2,46
28,9,10,5,22
28,9,13,12,5,23
28,9,11,12,5,24
37,10,5,2,1,14
37,10,5,2,0,1,47
37,10,5,4,3,1,48
18,7,9,10,37
18,7,6,4,5,10,49
18,7,0,2,5,10,50
36,12,5,4,6,25
36,12,13,9,7,6,26
36,12,11,9,7,6,27
33,13,12,36
33,13,9,11,12,40
33,13,8,11,12,41
33,13,9,11,15
33,13,8,11,16
33,13,12,11,17
32,8,13,9,7,18
32,8,11,9,7,19
32,8,3,4,6,7,20
28,9,13,8,32
28,9,11,8,51
28,9,13,12,11,8,52
29,0,1,14
29,0,2,1,47
29,0,2,5,4,3,1,48
29,0,2,5,22
29,0,1,2,5,23
29,0,1,3,4,5,24
29,0,2,5,12,36
29,0,1,2,5,12,40
29,0,7,9,13,12,41
42,3,1,2,21
42,3,1,0,2,45
42,3,4,5,2,46
33,13,12,5,2,21
33,13,9,7,0,2,45
33,13,9,10,5,2,46
14,1,2,5,10,37
14,1,0,7,9,10,49
14,1,0,2,5,10,50
22,5,10,37
22,5,12,13,9,10,49
22,5,12,11,9,10,50
53,4,5,12,11,15
53,4,3,8,11,16
53,4,5,10,9,11,17
28,9,10,5,4,53
28,9,7,6,4,54
28,9,13,12,5,4,55
28,9,10,5,2,21
28,9,7,0,2,45
28,9,7,0,1,2,46
18,7,6,4,3,42
18,7,0,1,3,43
18,7,0,2,1,3,44
18,7,6,25
18,7,0,2,5,4,6,26
18,7,0,1,3,4,6,27
15,11,12,5,2,21
15,11,9,7,0,2,45
15,11,9,10,5,2,46
36,12,5,2,0,29
36,12,5,2,1,0,30
36,12,13,9,7,0,31
18,7,9,13,33
18,7,9,11,8,13,34
18,7,9,11,12,13,35
25,6,4,3,42
25,6,7,0,1,3,43
25,6,4,5,2,1,3,44
14,1,0,7,6,25
14,1,3,4,6,26
14,1,2,0,7,6,27
25,6,4,3,8,32
25,6,7,9,13,8,51
25,6,7,9,11,8,52
21,2,5,10,37
21,2,0,7,9,10,49
21,2,5,12,13,9,10,50
42,3,8,32
42,3,4,5,12,13,8,51
42,3,4,5,12,11,8,52
33,13,9,10,37
33,13,12,5,10,49
33,13,12,11,9,10,50
42,3,1,0,29
42,3,1,2,0,30
42,3,4,5,2,0,31
37,10,9,11,15
37,10,5,12,11,16
37,10,9,13,8,11,17
36,12,13,8,32
36,12,11,8,51
36,12,13,9,11,8,52
18,7,9,11,15
18,7,9,13,8,11,16
18,7,9,13,12,11,17
22,5,12,13,33
22,5,10,9,13,34
22,5,12,11,9,13,35
28,9,7,6,25
28,9,10,5,4,6,26
28,9,13,8,3,4,6,27
36,12,13,9,7,18
36,12,11,9,7,19
36,12,5,4,6,7,20
53,4,5,12,36
53,4,3,8,13,12,40
53,4,3,8,11,12,41
36,12,13,9,28
36,12,11,9,38
36,12,5,10,9,39
32,8,13,9,10,37
32,8,11,9,10,49
32,8,13,12,5,10,50
28,9,13,8,3,42
28,9,11,8,3,43
28,9,10,5,4,3,44
21,2,5,12,11,15
21,2,5,10,9,11,16
21,2,1,3,8,11,17
42,3,8,13,33
42,3,8,11,9,13,34
42,3,4,5,12,13,35
29,0,7,9,13,33
29,0,1,3,8,13,34
29,0,2,5,12,13,35
37,10,5,4,53
37,10,9,7,6,4,54
37,10,5,2,1,3,4,55
53,4,6,7,9,28
53,4,5,10,9,38
53,4,5,12,13,9,39
14,1,3,42
14,1,2,5,4,3,43
14,1,0,7,6,4,3,44
15,11,8,32
15,11,9,13,8,51
15,11,12,13,8,52
succeed
1.05,1.09,1.06,1.14,1.05,1.17,1.17,1.04,1.16,1.15,1.07,1.13,1.02,1.02,1.07,1.13,1.08,1.13,1.13,1.12,1.17,1.05,1.2,1.12,1.2,1.16,1.12,1.07,1.1,1.01,1.11,1.1,1.15,1.04,1.15,1.16,1.14,1.18,1.05,1.09,1.08,1.09,1.02,1.04,1.15,1.2,1.11,1.17,1.08,1.18,1.01,1.17,1.02,1.11,1.19,1.12,1.09,1.08,1.01,1.16