10
14,6,4,15
16,8,11,12,17
14,6,7,9,18
19,7,0,1,3,4,6,14
19,7,6,20
21,5,12,17
22,13,12,5,2,0,23
22,13,12,5,2,1,0,24
16,8,13,22
25,3,8,13,22
17,12,13,9,7,19
18,9,7,0,1,3,25
14,6,4,3,8,11,26
14,6,4,5,12,11,27
28,10,5,2,0,7,19
29,2,0,7,19
29,2,5,4,6,7,30
28,10,9,13,22
18,9,11,8,16
18,9,13,8,31
22,13,8,3,4,15
22,13,9,7,6,4,32
22,13,9,10,5,4,33
22,13,12,5,4,34
17,12,11,26
23,0,1,3,8,11,9,18
23,0,1,3,8,13,9,35
23,0,2,5,10,9,36
23,0,7,9,37
16,8,3,4,6,7,19
16,8,11,9,7,30
17,12,5,2,0,23
17,12,5,4,3,1,0,24
26,11,12,17
15,4,3,8,13,9,18
15,4,6,7,9,35
26,11,8,3,4,15
25,3,8,11,26
16,8,3,1,2,5,21
16,8,3,4,5,38
16,8,13,12,5,39
19,7,0,2,5,10,28
40,1,2,5,10,9,11,26
40,1,2,5,12,13,9,11,27
15,4,3,1,0,2,29
28,10,5,2,0,1,3,8,16
28,10,9,13,8,31
15,4,5,10,28
succeed
1.74,1.76,1.63,1.79,1.8,1.7,1.67,1.76,1.8,1.67,1.77,1.76,1.64,1.72,1.73,1.64,1.68,1.74,1.72,1.71,1.61,1.79,1.61,1.69,1.71,1.77,1.61,1.79,1.71,1.64