10
14,10,5,12,15
14,10,9,11,12,16
14,10,9,13,12,17
18,7,9,11,19
18,7,9,13,8,11,20
18,7,9,13,12,11,21
22,0,7,9,23
22,0,2,5,10,9,24
22,0,2,5,12,11,9,25
14,10,9,13,26
14,10,5,12,13,27
14,10,9,11,8,13,28
26,13,9,7,0,22
26,13,8,3,1,0,29
26,13,12,5,2,0,30
19,11,9,7,18
19,11,8,13,9,7,31
19,11,12,13,9,7,32
22,0,2,5,4,33
22,0,7,6,4,34
22,0,1,3,4,35
15,12,5,2,1,36
15,12,5,2,0,1,37
15,12,5,4,3,1,38
23,9,10,5,39
23,9,11,12,5,40
23,9,13,12,5,41
18,7,0,2,42
18,7,0,1,2,43
18,7,6,4,5,2,44
36,1,3,4,33
36,1,2,5,4,34
36,1,0,7,6,4,35
45,8,3,1,0,22
45,8,3,1,2,0,29
45,8,11,9,7,0,30
26,13,8,11,19
26,13,9,11,20
26,13,12,11,21
15,12,5,4,6,46
15,12,11,9,7,6,47
15,12,13,9,7,6,48
33,4,5,12,13,26
33,4,3,8,13,27
33,4,5,10,9,13,28
14,10,5,4,33
14,10,9,7,6,4,34
14,10,5,2,1,3,4,35
46,6,7,0,22
46,6,4,5,2,0,29
46,6,4,3,1,0,30
14,10,9,23
14,10,5,12,11,9,24
14,10,5,12,13,9,25
22,0,7,6,46
22,0,2,5,4,6,47
22,0,1,3,4,6,48
45,8,11,12,15
45,8,13,12,16
45,8,11,9,13,12,17
42,2,0,7,18
42,2,1,0,7,31
42,2,5,4,6,7,32
36,1,0,22
36,1,2,0,29
36,1,3,4,6,7,0,30
33,4,5,2,0,22
33,4,3,1,0,29
33,4,6,7,0,30
22,0,7,9,11,19
22,0,2,5,12,11,20
22,0,1,3,8,11,21
36,1,2,5,39
36,1,3,4,5,40
36,1,0,2,5,41
15,12,11,9,23
15,12,13,9,24
15,12,5,10,9,25
46,6,4,33
46,6,7,0,2,5,4,34
46,6,7,0,1,3,4,35
42,2,1,3,49
42,2,5,4,3,50
42,2,0,1,3,51
26,13,8,3,4,33
26,13,12,5,4,34
26,13,9,7,6,4,35
19,11,8,3,4,33
19,11,12,5,4,34
19,11,9,7,6,4,35
succeed
0.72,0.72,0.61,0.62,0.61,0.7,0.7,0.72,0.64,0.65,0.74,0.63,0.77,0.62,0.75,0.68,0.67,0.78,0.78,0.67,0.64,0.78,0.65,0.69,0.8,0.8,0.74,0.75,0.63,0.74