10
14,8,13,9,15
16,4,3,1,0,2,17
16,4,6,7,0,2,18
19,0,1,3,20
21,12,11,9,15
21,12,13,9,22
16,4,3,1,23
16,4,5,2,0,1,24
21,12,5,4,16
21,12,13,8,3,4,25
21,12,13,8,11,9,7,6,4,26
21,12,5,27
16,4,5,2,0,7,9,15
16,4,5,10,9,22
21,12,11,9,10,28
20,3,4,6,7,0,19
28,10,5,2,0,7,29
28,10,9,7,30
21,12,13,9,7,6,31
28,10,5,27
14,8,3,1,0,2,5,10,28
14,8,11,9,10,32
29,7,9,13,33
21,12,11,34
21,12,13,8,11,35
34,11,8,3,4,16
20,3,8,11,9,13,33
20,3,8,13,36
16,4,6,7,0,1,3,8,13,33
16,4,6,7,9,13,36
21,12,5,2,17
succeed
1.15,1.19,1.09,1.03,1.02,1.11,1.09,1.08,1.04,1.07,1.11,1.17,1.16,1.14,1.13,1.11,1.11,1.08,1.01,1.05