10
14,1,3,8,11,15
14,1,0,7,16
17,2,5,18
15,11,9,7,6,19
20,9,7,0,21
22,8,13,23
24,12,11,15
25,10,9,20
15,11,12,24
18,5,4,3,26
19,6,4,5,12,24
22,8,13,12,24
19,6,4,5,2,17
20,9,10,5,18
25,10,5,2,1,14
16,7,9,10,25
24,12,5,4,6,19
23,13,12,24
23,13,8,11,15
22,8,13,9,7,16
20,9,13,8,22
21,0,1,14
21,0,2,5,18
21,0,2,5,12,24
26,3,1,2,17
23,13,12,5,2,17
14,1,2,5,10,25
18,5,10,25
27,4,3,8,11,15
20,9,10,5,4,27
20,9,10,5,2,17
16,7,0,1,3,26
16,7,6,19
15,11,12,5,2,17
24,12,5,2,0,21
16,7,9,13,23
19,6,4,3,26
14,1,3,4,6,19
19,6,4,3,8,22
17,2,5,10,25
26,3,8,22
23,13,9,10,25
26,3,1,0,21
25,10,9,11,15
24,12,13,8,22
16,7,9,11,15
18,5,12,13,23
20,9,7,6,19
24,12,13,9,7,16
27,4,5,12,24
24,12,13,9,20
22,8,13,9,10,25
20,9,13,8,3,26
17,2,5,12,11,15
26,3,8,13,23
21,0,7,9,13,23
25,10,5,4,27
27,4,5,10,9,20
14,1,3,26
15,11,8,22
succeed
1.05,1.09,1.06,1.14,1.05,1.17,1.17,1.04,1.16,1.15,1.07,1.13,1.02,1.02,1.07,1.13,1.08,1.13,1.13,1.12,1.17,1.05,1.2,1.12,1.2,1.16,1.12,1.07,1.1,1.01,1.11,1.1,1.15,1.04,1.15,1.16,1.14,1.18,1.05,1.09,1.08,1.09,1.02,1.04,1.15,1.2,1.11,1.17,1.08,1.18,1.01,1.17,1.02,1.11,1.19,1.12,1.09,1.08,1.01,1.16