10
14,2,5,12,13,15
16,0,1,3,8,13,15
16,0,2,5,12,13,17
14,2,0,16
18,7,0,1,19
20,10,5,4,3,1,0,16
16,0,7,18
21,12,5,2,14
22,6,4,3,8,11,23
22,6,4,5,12,13,8,11,24
25,3,1,0,7,18
23,11,8,3,1,19
23,11,12,5,2,0,1,26
15,13,12,21
18,7,6,4,5,10,20
15,13,9,27
28,8,3,25
28,8,13,12,5,4,3,29
28,8,3,4,6,7,18
28,8,13,9,7,30
27,9,7,0,16
27,9,13,8,3,1,0,31
14,2,1,3,25
20,10,5,2,14
20,10,9,13,12,21
21,12,11,23
28,8,11,9,27
28,8,13,9,32
33,5,2,14
33,5,4,6,7,0,2,34
27,9,7,6,22
27,9,13,8,3,4,6,35
16,0,1,3,4,5,12,13,8,11,23
16,0,2,5,12,13,8,11,24
15,13,8,3,25
22,6,7,18
25,3,1,0,7,9,27
25,3,8,11,9,32
22,6,7,9,13,15
23,11,12,5,4,3,25
19,1,0,7,6,22
19,1,3,4,6,35
succeed
1.41,1.47,1.41,1.58,1.47,1.59,1.56,1.59,1.41,1.53,1.47,1.57,1.47,1.56,1.58,1.57,1.58,1.49,1.44,1.49,1.49,1.45,1.56,1.42,1.59,1.49,1.48,1.55,1.44,1.56