10
14,1,0,15
14,1,2,0,16
14,1,3,4,6,7,0,17
18,6,7,9,10,19
18,6,4,5,10,20
18,6,7,0,2,5,10,21
22,5,4,23
22,5,2,1,3,4,24
22,5,2,0,7,6,4,25
18,6,4,5,12,26
18,6,7,9,11,12,27
18,6,7,9,13,12,28
29,9,7,6,18
29,9,10,5,4,6,30
29,9,11,8,3,4,6,31
26,12,11,8,32
26,12,13,8,33
26,12,11,9,13,8,34
29,9,13,35
29,9,11,8,13,36
29,9,11,12,13,37
35,13,8,3,38
35,13,9,11,8,3,39
35,13,12,5,4,3,40
35,13,9,7,0,15
35,13,8,3,1,0,16
35,13,12,5,2,0,17
18,6,7,0,1,14
18,6,4,3,1,41
18,6,7,0,2,1,42
18,6,4,5,22
18,6,7,0,2,5,43
18,6,7,9,10,5,44
45,7,6,4,5,22
45,7,0,2,5,43
45,7,9,10,5,44
18,6,7,0,15
18,6,4,5,2,0,16
18,6,4,3,1,0,17
46,2,5,12,13,35
46,2,5,10,9,13,36
46,2,0,7,9,13,37
22,5,4,3,8,32
22,5,12,11,8,33
22,5,12,13,8,34
15,0,7,6,18
15,0,2,5,4,6,30
15,0,1,3,4,6,31
45,7,6,4,3,38
45,7,0,1,3,39
45,7,0,2,1,3,40
26,12,11,47
26,12,13,8,11,48
26,12,13,9,11,49
29,9,11,8,32
29,9,13,8,33
29,9,11,12,13,8,34
15,0,7,9,10,19
15,0,2,5,10,20
15,0,1,2,5,10,21
35,13,8,32
35,13,9,11,8,33
35,13,12,11,8,34
47,11,12,26
47,11,8,13,12,27
47,11,9,13,12,28
23,4,6,7,45
23,4,3,1,0,7,50
23,4,5,10,9,7,51
32,8,11,12,5,22
32,8,13,12,5,43
32,8,3,4,5,44
18,6,7,0,2,46
18,6,4,5,2,52
18,6,7,0,1,2,53
38,3,8,13,35
38,3,8,11,9,13,36
38,3,4,5,12,13,37
26,12,5,4,6,18
26,12,11,9,7,6,30
26,12,13,9,7,6,31
47,11,9,7,6,18
47,11,8,3,4,6,30
47,11,12,5,4,6,31
15,0,1,3,38
15,0,2,1,3,39
15,0,2,5,4,3,40
45,7,9,10,19
45,7,6,4,5,10,20
45,7,0,2,5,10,21
19,10,5,12,26
19,10,9,11,12,27
19,10,9,13,12,28
14,1,3,38
14,1,2,5,4,3,39
14,1,0,7,6,4,3,40
15,0,7,45
15,0,2,5,4,6,7,50
15,0,2,5,10,9,7,51
47,11,8,3,1,14
47,11,9,7,0,1,41
47,11,12,5,2,1,42
14,1,3,8,11,47
14,1,0,7,9,11,48
14,1,2,5,12,11,49
29,9,11,47
29,9,13,8,11,48
29,9,13,12,11,49
35,13,9,10,19
35,13,12,5,10,20
35,13,12,11,9,10,21
38,3,1,14
38,3,4,5,2,1,41
38,3,4,5,2,0,1,42
38,3,1,0,7,45
38,3,4,6,7,50
38,3,1,2,0,7,51
38,3,8,11,47
38,3,8,13,9,11,48
38,3,4,5,12,11,49
14,1,0,7,6,18
14,1,3,4,6,30
14,1,2,0,7,6,31
19,10,5,2,1,14
19,10,5,2,0,1,41
19,10,5,4,3,1,42
15,0,1,14
15,0,2,1,41
15,0,2,5,4,3,1,42
26,12,5,4,23
26,12,11,8,3,4,24
26,12,13,8,3,4,25
38,3,4,5,10,19
38,3,8,11,9,10,20
38,3,8,13,9,10,21
14,1,0,7,9,29
14,1,2,5,10,9,54
14,1,2,0,7,9,55
46,2,0,7,45
46,2,1,0,7,50
46,2,5,4,6,7,51
26,12,11,9,7,45
26,12,13,9,7,50
26,12,5,4,6,7,51
32,8,3,4,6,18
32,8,11,9,7,6,30
32,8,13,9,7,6,31
46,2,5,10,19
46,2,0,7,9,10,20
46,2,5,12,11,9,10,21
succeed
1.1,1.09,1.08,1.05,1.19,1.01,1.17,1.08,1.12,1.12,1.09,1.15,1.09,1.05,1.01,1.1,1.05,1.13,1.02,1.06,1.18,1.14,1.01,1.19,1.15,1.16,1.06,1.18,1.01,1.18,1.12,1.06,1.04,1.02,1.1,1.02,1.19,1.08,1.12,1.13,1.06,1.15,1.2,1.01,1.17,1.07,1.18,1.13,1.05,1.1