10
14,10,5,4,3,8,15
14,10,5,12,13,8,16
17,4,3,8,15
18,12,5,2,19
20,11,8,13,9,7,0,2,19
20,11,8,13,12,5,2,21
15,8,3,1,22
15,8,13,9,10,14
17,4,5,10,14
17,4,3,8,11,12,18
17,4,3,8,13,12,23
24,6,4,3,8,11,9,25
24,6,7,26
27,5,12,18
15,8,13,12,5,2,19
28,3,4,17
24,6,7,0,29
25,9,7,0,1,22
19,2,0,1,3,8,15
19,2,5,12,13,8,16
19,2,0,29
24,6,4,3,1,0,2,19
24,6,4,5,2,21
24,6,7,0,2,30
18,12,11,8,15
18,12,13,8,16
26,7,9,11,8,3,28
28,3,4,6,24
26,7,9,13,31
19,2,5,10,14
28,3,1,22
18,12,13,9,7,0,1,22
31,13,9,10,5,27
31,13,12,5,32
31,13,8,3,1,22
25,9,13,12,18
22,1,0,7,26
25,9,7,26
succeed
1.24,1.23,1.33,1.34,1.32,1.36,1.39,1.35,1.22,1.26,1.31,1.21,1.39,1.25,1.28,1.29,1.31,1.28,1.27,1.25,1.36,1.37,1.35,1.21,1.4,1.26,1.37,1.28,1.28,1.32