10
14,10,5,12,15
16,7,9,11,17
18,0,2,5,10,9,19
18,0,7,9,20
14,10,9,13,21
21,13,8,3,1,0,18
21,13,9,7,0,22
17,11,8,13,9,7,16
18,0,1,3,4,23
18,0,7,6,4,24
15,12,5,2,0,1,25
19,9,13,12,5,26
16,7,0,2,27
25,1,0,2,5,4,23
25,1,2,5,4,24
25,1,3,4,28
29,8,3,1,0,18
21,13,8,11,17
15,12,11,9,7,6,30
15,12,13,8,3,4,6,31
23,4,3,8,13,21
14,10,5,4,23
30,6,4,3,1,0,18
30,6,7,0,22
14,10,9,19
18,0,7,6,30
29,8,11,12,15
27,2,0,7,16
27,2,1,0,7,32
25,1,2,0,18
23,4,6,7,0,18
18,0,1,3,4,5,12,11,17
25,1,2,5,26
15,12,13,9,19
30,6,4,23
27,2,1,3,33
21,13,9,7,6,4,23
21,13,12,5,4,24
17,11,8,3,4,23
17,11,9,7,6,4,24
succeed
0.72,0.72,0.61,0.62,0.61,0.7,0.7,0.72,0.64,0.65,0.74,0.63,0.77,0.62,0.75,0.68,0.67,0.78,0.78,0.67,0.64,0.78,0.65,0.69,0.8,0.8,0.74,0.75,0.63,0.74