10
14,6,4,15
16,8,13,12,17
14,6,7,9,18
19,7,6,14
20,5,12,17
21,13,9,7,0,22
16,8,13,21
23,3,8,13,21
17,12,13,9,7,19
18,9,13,8,3,23
14,6,7,9,11,24
25,10,9,7,19
26,2,0,7,19
25,10,9,13,21
18,9,13,8,16
21,13,8,3,4,15
17,12,11,24
22,0,7,9,18
16,8,13,9,7,19
17,12,5,2,0,22
24,11,12,17
15,4,5,10,9,18
24,11,8,3,4,15
23,3,8,11,24
16,8,13,12,5,20
19,7,9,10,25
27,1,3,8,11,24
15,4,5,2,26
25,10,9,13,8,16
15,4,5,10,25
succeed
1.74,1.76,1.63,1.79,1.8,1.7,1.67,1.76,1.8,1.67,1.77,1.76,1.64,1.72,1.73,1.64,1.68,1.74,1.72,1.71,1.61,1.79,1.61,1.69,1.71,1.77,1.61,1.79,1.71,1.64