10
14,1,0,15
16,6,4,5,10,17
16,6,7,9,10,18
19,5,4,20
16,6,7,9,13,12,21
22,9,7,6,16
21,12,11,8,23
22,9,13,24
24,13,8,3,25
24,13,8,3,1,0,15
24,13,12,5,4,3,1,0,26
16,6,4,3,1,14
16,6,4,5,19
27,7,9,10,5,19
16,6,7,0,15
28,2,0,1,3,8,13,24
28,2,5,12,13,29
19,5,4,3,8,23
19,5,12,11,8,30
19,5,12,13,8,31
15,0,7,6,16
27,7,6,4,3,25
27,7,9,13,8,3,32
21,12,11,33
22,9,11,8,23
22,9,13,8,30
15,0,2,5,10,17
24,13,8,23
33,11,8,13,12,21
33,11,12,34
20,4,5,12,11,9,7,27
20,4,5,12,13,9,7,35
23,8,11,9,10,5,19
23,8,13,12,5,36
16,6,4,3,1,0,2,28
16,6,7,0,2,37
25,3,8,13,24
21,12,5,4,6,16
21,12,13,9,7,6,38
33,11,8,3,4,6,16
33,11,12,5,4,6,38
15,0,1,3,25
27,7,9,10,17
17,10,5,12,21
17,10,9,13,12,34
14,1,3,25
15,0,7,27
33,11,8,3,1,14
33,11,12,5,2,1,39
14,1,3,8,11,33
22,9,11,33
24,13,9,10,17
25,3,1,14
25,3,1,0,7,27
25,3,4,6,7,35
25,3,8,11,9,7,40
25,3,8,11,33
14,1,2,0,7,6,16
14,1,3,4,6,38
17,10,5,2,0,1,14
15,0,1,14
21,12,5,4,20
25,3,4,5,10,17
14,1,0,2,5,12,13,9,22
14,1,0,7,9,41
28,2,0,7,27
21,12,13,9,7,27
23,8,3,4,6,16
28,2,5,10,17
succeed
1.1,1.09,1.08,1.05,1.19,1.01,1.17,1.08,1.12,1.12,1.09,1.15,1.09,1.05,1.01,1.1,1.05,1.13,1.02,1.06,1.18,1.14,1.01,1.19,1.15,1.16,1.06,1.18,1.01,1.18,1.12,1.06,1.04,1.02,1.1,1.02,1.19,1.08,1.12,1.13,1.06,1.15,1.2,1.01,1.17,1.07,1.18,1.13,1.05,1.1