10
14,12,5,4,6,15
14,12,11,9,7,6,16
14,12,13,9,7,6,17
18,7,0,2,19
18,7,0,1,2,20
18,7,6,4,5,2,21
22,13,9,10,23
22,13,12,5,10,24
22,13,12,11,9,10,25
26,5,12,13,22
26,5,10,9,13,27
26,5,12,11,9,13,28
22,13,8,3,29
22,13,9,11,8,3,30
22,13,12,5,4,3,31
22,13,8,3,4,32
22,13,12,5,4,33
22,13,9,7,6,4,34
18,7,0,35
18,7,6,4,3,1,0,36
18,7,6,4,5,2,0,37
15,6,4,3,29
15,6,7,0,1,3,30
15,6,4,5,2,1,3,31
38,1,3,4,32
38,1,2,5,4,33
38,1,0,7,6,4,34
29,3,8,39
29,3,4,5,12,11,8,40
29,3,4,5,12,13,8,41
29,3,1,0,35
29,3,1,2,0,36
29,3,4,5,2,0,37
29,3,4,32
29,3,1,2,5,4,33
29,3,1,0,7,6,4,34
22,13,9,7,18
22,13,8,11,9,7,42
22,13,12,11,9,7,43
14,12,5,4,32
14,12,11,8,3,4,33
14,12,13,8,3,4,34
23,10,9,13,22
23,10,5,12,13,27
23,10,9,11,8,13,28
14,12,5,10,23
14,12,11,9,10,24
14,12,13,9,10,25
18,7,6,4,5,26
18,7,9,10,5,44
18,7,0,2,5,45
46,11,8,3,4,32
46,11,12,5,4,33
46,11,9,7,6,4,34
38,1,0,35
38,1,2,0,36
38,1,3,4,6,7,0,37
35,0,2,5,26
35,0,1,2,5,44
35,0,1,3,4,5,45
23,10,5,4,32
23,10,9,7,6,4,33
23,10,5,2,1,3,4,34
47,9,11,8,3,29
47,9,13,8,3,30
47,9,7,0,1,3,31
19,2,0,35
19,2,1,0,36
19,2,5,4,6,7,0,37
15,6,7,18
15,6,4,5,10,9,7,42
15,6,4,5,2,0,7,43
18,7,6,4,32
18,7,9,10,5,4,33
18,7,0,1,3,4,34
29,3,4,5,10,23
29,3,1,2,5,10,24
29,3,8,11,9,10,25
39,8,11,9,10,23
39,8,13,9,10,24
39,8,11,12,5,10,25
23,10,9,7,18
23,10,5,4,6,7,42
23,10,5,2,0,7,43
46,11,8,3,1,38
46,11,9,7,0,1,48
46,11,12,5,2,1,49
22,13,8,39
22,13,9,11,8,40
22,13,12,11,8,41
succeed
0.9,0.98,0.95,0.87,0.96,0.91,0.81,0.84,0.84,0.82,0.92,0.97,1,0.85,0.89,0.84,0.96,0.89,0.99,0.9,0.86,0.88,0.88,0.91,0.85,0.81,0.84,0.84,1,0.99