10
14,10,9,13,8,15
14,10,9,11,8,16
14,10,5,12,11,8,17
18,4,3,8,15
18,4,5,12,13,8,16
18,4,5,12,11,8,17
19,12,5,2,20
19,12,5,4,3,1,2,21
19,12,13,8,3,1,2,22
23,11,12,5,2,20
23,11,8,3,1,2,21
23,11,9,7,0,2,22
15,8,3,1,24
15,8,3,4,5,2,1,25
15,8,13,12,5,2,1,26
15,8,13,9,10,14
15,8,11,9,10,27
15,8,13,12,5,10,28
18,4,5,10,14
18,4,6,7,9,10,27
18,4,5,12,13,9,10,28
18,4,5,12,19
18,4,3,8,13,12,29
18,4,3,8,11,12,30
31,6,7,9,32
31,6,4,5,10,9,33
31,6,4,5,12,13,9,34
31,6,7,35
31,6,4,5,10,9,7,36
31,6,4,5,2,0,7,37
38,5,12,19
38,5,10,9,13,12,29
38,5,10,9,11,12,30
15,8,3,1,2,20
15,8,3,1,0,2,21
15,8,3,4,5,2,22
39,3,4,18
39,3,1,2,5,4,40
39,3,1,0,7,6,4,41
31,6,7,0,42
31,6,4,3,1,0,43
31,6,4,5,2,0,44
32,9,7,0,1,24
32,9,7,0,2,1,25
32,9,10,5,2,1,26
20,2,1,3,8,15
20,2,0,1,3,8,16
20,2,5,12,13,8,17
20,2,0,42
20,2,1,0,43
20,2,5,10,9,7,0,44
31,6,7,0,2,20
31,6,4,5,2,21
31,6,7,0,1,2,22
19,12,13,8,15
19,12,11,8,16
19,12,13,9,11,8,17
35,7,0,1,3,39
35,7,6,4,3,45
35,7,0,2,1,3,46
39,3,4,6,31
39,3,1,0,7,6,47
39,3,1,2,5,4,6,48
35,7,9,13,49
35,7,9,11,8,13,50
35,7,9,11,12,13,51
20,2,5,10,14
20,2,0,7,9,10,27
20,2,5,12,13,9,10,28
39,3,1,24
39,3,4,5,2,1,25
39,3,4,5,2,0,1,26
19,12,5,2,1,24
19,12,5,2,0,1,25
19,12,5,4,3,1,26
49,13,12,5,38
49,13,9,10,5,52
49,13,9,11,12,5,53
49,13,8,3,1,24
49,13,12,5,2,1,25
49,13,9,7,0,1,26
32,9,13,12,19
32,9,11,12,29
32,9,10,5,12,30
24,1,0,7,35
24,1,2,0,7,36
24,1,3,4,6,7,37
32,9,7,35
32,9,10,5,2,0,7,36
32,9,10,5,4,6,7,37
succeed
1.24,1.23,1.33,1.34,1.32,1.36,1.39,1.35,1.22,1.26,1.31,1.21,1.39,1.25,1.28,1.29,1.31,1.28,1.27,1.25,1.36,1.37,1.35,1.21,1.4,1.26,1.37,1.28,1.28,1.32