10
14,8,11,12,15
16,5,4,3,17
16,5,4,6,18
19,13,12,5,2,20
21,9,7,6,4,22
23,7,6,4,22
21,9,13,19
18,6,7,9,11,24
18,6,4,3,1,25
25,1,3,17
17,3,1,0,7,23
18,6,7,9,13,19
22,4,3,1,25
16,5,10,9,21
26,0,1,3,4,22
19,13,9,21
19,13,8,14
18,6,4,5,12,15
19,13,9,10,27
26,0,7,23
18,6,4,3,17
14,8,11,9,10,27
24,11,9,7,6,18
14,8,11,24
26,0,2,5,12,15
27,10,5,4,22
20,2,0,7,23
19,13,8,3,1,25
21,9,7,0,26
15,12,5,2,20
24,11,9,10,27
17,3,4,5,10,27
17,3,8,11,24
25,1,3,8,13,19
22,4,5,10,9,21
26,0,1,3,17
16,5,4,3,8,14
22,4,5,12,15
21,9,11,12,15
19,13,8,3,17
succeed
1.18,1.18,1.01,1.18,1.04,1.07,1.01,1.01,1.03,1.15,1.2,1.16,1.09,1.06,1.05,1.1,1.13,1.13,1.09,1.17,1.03,1.13,1.07,1.08,1.03,1.03,1.14,1.13,1.13,1.1,1.04,1.12,1.14,1.16,1.08,1.12,1.2,1.03,1.2,1.07