10
14,10,5,12,15
16,7,9,11,17
18,0,7,9,19
14,10,9,13,20
20,13,9,7,0,18
17,11,9,7,16
18,0,2,5,4,21
15,12,5,2,1,22
19,9,10,5,23
16,7,0,2,24
22,1,3,4,21
25,8,3,1,0,18
20,13,8,11,17
15,12,5,4,6,26
21,4,3,8,13,20
14,10,5,4,21
26,6,7,0,18
14,10,9,19
18,0,7,6,26
25,8,11,12,15
24,2,0,7,16
22,1,0,18
21,4,3,1,0,18
18,0,7,9,11,17
22,1,2,5,23
15,12,11,9,19
26,6,4,21
24,2,1,3,27
20,13,8,3,4,21
17,11,8,3,4,21
succeed
0.72,0.72,0.61,0.62,0.61,0.7,0.7,0.72,0.64,0.65,0.74,0.63,0.77,0.62,0.75,0.68,0.67,0.78,0.78,0.67,0.64,0.78,0.65,0.69,0.8,0.8,0.74,0.75,0.63,0.74