10
14,1,2,5,12,11,15
14,1,3,8,11,16
14,1,0,7,17
18,2,1,3,4,5,19
18,2,5,20
15,11,8,3,4,6,21
22,9,7,0,23
24,8,13,25
26,12,11,15
26,12,13,8,11,16
27,10,9,22
15,11,12,26
19,5,4,3,28
21,6,4,3,8,11,12,26
21,6,4,5,10,9,11,12,29
21,6,4,5,12,30
24,8,13,12,26
21,6,4,3,1,2,18
22,9,10,5,19
27,10,5,2,0,1,14
17,7,0,2,5,10,27
17,7,6,4,5,10,31
17,7,9,10,32
26,12,11,8,3,4,6,21
25,13,12,26
25,13,8,11,15
24,8,3,1,0,7,17
24,8,13,9,7,33
22,9,13,8,24
23,0,1,14
23,0,2,1,34
23,0,2,5,19
23,0,1,3,4,5,12,26
28,3,1,0,2,18
25,13,12,5,2,18
14,1,2,5,10,27
19,5,10,27
35,4,5,10,9,11,15
22,9,10,5,4,35
22,9,11,12,5,4,36
22,9,13,12,5,4,37
22,9,7,0,2,18
17,7,0,1,3,28
17,7,6,21
15,11,12,5,2,18
26,12,5,2,0,23
26,12,11,8,3,1,0,38
17,7,9,13,25
21,6,4,3,28
14,1,0,7,6,21
14,1,3,4,6,39
21,6,4,3,8,24
21,6,7,9,13,8,40
18,2,0,7,9,10,27
18,2,5,10,31
28,3,8,24
25,13,9,10,27
28,3,1,0,23
27,10,9,11,15
26,12,13,8,24
17,7,0,1,3,8,11,15
19,5,12,13,25
22,9,10,5,4,6,21
22,9,11,8,3,4,6,39
22,9,13,8,3,4,6,41
26,12,11,9,7,17
35,4,3,8,13,12,26
26,12,11,9,22
26,12,13,9,42
24,8,11,9,10,27
24,8,11,12,5,10,31
22,9,11,8,3,28
18,2,0,7,9,11,15
28,3,4,5,12,13,25
28,3,8,13,43
23,0,7,9,13,25
27,10,9,7,6,4,35
35,4,5,12,13,9,22
14,1,3,28
15,11,8,24
succeed
1.05,1.09,1.06,1.14,1.05,1.17,1.17,1.04,1.16,1.15,1.07,1.13,1.02,1.02,1.07,1.13,1.08,1.13,1.13,1.12,1.17,1.05,1.2,1.12,1.2,1.16,1.12,1.07,1.1,1.01,1.11,1.1,1.15,1.04,1.15,1.16,1.14,1.18,1.05,1.09,1.08,1.09,1.02,1.04,1.15,1.2,1.11,1.17,1.08,1.18,1.01,1.17,1.02,1.11,1.19,1.12,1.09,1.08,1.01,1.16