10
14,6,7,0,2,15
14,6,4,5,2,16
14,6,7,0,1,2,17
14,6,4,3,18
14,6,7,0,1,3,19
14,6,4,5,2,1,3,20
18,3,8,21
18,3,4,5,12,13,8,22
18,3,4,5,12,11,8,23
24,12,5,2,1,25
24,12,5,2,0,1,26
24,12,5,4,3,1,27
24,12,5,28
24,12,13,9,10,5,29
24,12,11,9,10,5,30
31,9,7,0,32
31,9,10,5,2,0,33
31,9,10,5,2,1,0,34
18,3,8,13,12,24
18,3,8,11,12,35
18,3,4,5,12,36
37,10,5,12,24
37,10,9,13,12,35
37,10,9,11,12,36
38,11,8,3,18
38,11,12,5,4,3,19
38,11,12,13,8,3,20
38,11,12,13,39
38,11,9,13,40
38,11,8,13,41
succeed
1.11,1.1,1.19,1.04,1.12,1.05,1.09,1.03,1.02,1.19