10
14,10,9,13,8,15
16,4,3,8,15
16,4,5,10,9,13,8,17
18,12,5,2,19
20,11,8,13,12,5,2,19
20,11,9,7,0,2,21
15,8,3,1,22
15,8,11,9,10,14
16,4,5,10,14
16,4,5,10,9,13,12,18
23,6,4,3,8,13,9,24
23,6,4,5,10,9,25
23,6,4,5,12,13,9,26
23,6,7,9,27
23,6,7,28
29,5,12,18
15,8,3,1,2,19
15,8,11,9,7,0,2,21
30,3,4,16
23,6,4,3,1,0,31
23,6,7,0,32
24,9,7,0,1,22
19,2,0,1,3,8,15
19,2,0,7,9,13,8,17
19,2,0,31
23,6,4,3,1,0,2,19
23,6,4,5,2,21
18,12,11,8,15
28,7,6,4,3,30
30,3,4,6,23
28,7,6,4,3,8,13,33
28,7,9,13,34
19,2,5,10,14
30,3,1,22
18,12,5,2,0,1,22
18,12,13,9,10,5,2,0,1,35
33,13,12,5,29
33,13,8,3,1,22
24,9,13,12,18
22,1,0,7,28
24,9,7,28
succeed
1.24,1.23,1.33,1.34,1.32,1.36,1.39,1.35,1.22,1.26,1.31,1.21,1.39,1.25,1.28,1.29,1.31,1.28,1.27,1.25,1.36,1.37,1.35,1.21,1.4,1.26,1.37,1.28,1.28,1.32