10
14,2,5,12,13,15
16,0,7,9,13,15
14,2,0,16
17,7,0,1,18
19,10,9,7,0,16
16,0,7,17
20,12,5,2,14
21,6,7,9,11,22
23,3,1,0,7,17
22,11,8,3,1,18
15,13,12,20
17,7,9,10,19
15,13,9,24
25,8,3,23
25,8,13,9,7,17
24,9,7,0,16
14,2,1,3,23
19,10,5,2,14
19,10,5,12,20
20,12,11,22
25,8,13,9,24
26,5,2,14
24,9,7,6,21
16,0,7,9,11,22
15,13,8,3,23
21,6,7,17
23,3,8,13,9,24
21,6,7,9,13,15
22,11,8,3,23
18,1,3,4,6,21
succeed
1.41,1.47,1.41,1.58,1.47,1.59,1.56,1.59,1.41,1.53,1.47,1.57,1.47,1.56,1.58,1.57,1.58,1.49,1.44,1.49,1.49,1.45,1.56,1.42,1.59,1.49,1.48,1.55,1.44,1.56