10
14,10,9,13,8,15
16,4,3,8,15
17,12,5,2,18
19,11,12,5,2,18
15,8,3,1,20
15,8,13,9,10,14
16,4,5,10,14
16,4,5,12,17
21,6,7,9,22
21,6,7,23
24,5,12,17
15,8,3,1,2,18
25,3,4,16
21,6,7,0,26
22,9,7,0,1,20
18,2,1,3,8,15
18,2,0,26
21,6,7,0,2,18
17,12,13,8,15
23,7,0,1,3,25
25,3,4,6,21
23,7,9,13,27
18,2,5,10,14
25,3,1,20
17,12,5,2,1,20
27,13,12,5,24
27,13,8,3,1,20
22,9,13,12,17
20,1,0,7,23
22,9,7,23
succeed
1.24,1.23,1.33,1.34,1.32,1.36,1.39,1.35,1.22,1.26,1.31,1.21,1.39,1.25,1.28,1.29,1.31,1.28,1.27,1.25,1.36,1.37,1.35,1.21,1.4,1.26,1.37,1.28,1.28,1.32