10
14,8,11,9,15
14,8,13,9,16
14,8,11,12,13,9,17
18,4,5,2,19
18,4,3,1,2,20
18,4,3,1,0,2,21
22,0,1,3,23
22,0,2,1,3,24
22,0,2,5,4,3,25
26,12,11,9,15
26,12,13,9,16
26,12,5,10,9,17
18,4,3,1,27
18,4,5,2,1,28
18,4,5,2,0,1,29
26,12,5,4,18
26,12,11,8,3,4,30
26,12,13,8,3,4,31
26,12,5,32
26,12,11,9,10,5,33
26,12,13,9,10,5,34
18,4,6,7,9,15
18,4,5,10,9,16
18,4,5,12,11,9,17
26,12,5,10,35
26,12,11,9,10,36
26,12,13,9,10,37
23,3,1,0,22
23,3,1,2,0,38
23,3,4,6,7,0,39
35,10,9,7,40
35,10,5,4,6,7,41
35,10,5,2,0,7,42
26,12,5,4,6,43
26,12,11,9,7,6,44
26,12,13,9,7,6,45
35,10,5,32
35,10,9,11,12,5,33
35,10,9,13,12,5,34
14,8,11,9,10,35
14,8,13,9,10,36
14,8,11,12,5,10,37
40,7,9,13,46
40,7,9,11,12,13,47
40,7,9,11,8,13,48
26,12,11,49
26,12,13,9,11,50
26,12,13,8,11,51
49,11,12,5,4,18
49,11,8,3,4,30
49,11,9,7,6,4,31
23,3,8,13,46
23,3,8,11,9,13,47
23,3,4,5,12,13,48
18,4,3,8,13,46
18,4,5,12,13,47
18,4,5,10,9,13,48
26,12,5,2,19
26,12,5,4,3,1,2,20
26,12,11,9,7,0,2,21
succeed
1.15,1.19,1.09,1.03,1.02,1.11,1.09,1.08,1.04,1.07,1.11,1.17,1.16,1.14,1.13,1.11,1.11,1.08,1.01,1.05