0.0613859
0.140965
0.0834244
0.248912
0.426047
0.0364736
0.182017
0.208946
0.0751492
0.118018
0.167368
0.245709
0.205143
0.248444
0.0710625
0.0128301
0.409496
0.00827521
0.00780707
0.0369417
0.0613859
0.14924
0.0751492
0.0362837
0.249102
0.07718
0.348867
0.426047
0.0613859
0.140965
0.0751492
0.182228
0.00827521
0.103158
0.0435237
0.0977231
0.160575
0.413409
0.265448
0.0193212
0.185964
0.00896449
0.165406
0.292479
0.248444
0.0243033
0.0236563
0.0507827
0.29183
0.0462358
0.364049
0.208535
0.0507827
0.0321228
0.00644447
0.411058
0.197721
0.0933496
0.0479596
0.0507827
0.0192461
0.179883
0.230156
0.0479596
0.0122154
0.109236
0.0209431
0.0385673
0.540923
0.165406
0.185964
0.14863
0.438886
0.0447522
0.00896449
0.00739715
0.0561701
0.00985403
0.248444
0.413409
0.252802
0.0193212
0.12151
0.0163616
0.362128
0.0163616
0.0447522
0.438886
0.301555
0.101107
0.0533777
0.169385
0.0643212
0.0555514
0.08935
0.127087
0.0382665
0.023464
0.39307
0.0403989
0.0583816
0.226388
0.111321
0.146977
0.0432567
0.0192611
0.269484
0.445397
0.185821
0.0367806
0.39831
0.13917
0.120631
0.0597064
0.282182
0.0369417
0.0654587
0.145906
0.112028
0.0112772
0.015381
0.174121
0.343355
0.0955315
0.0432567
0.0192611
0.185821
0.452209
0.078304
0.221148
0.573612
0.370298
0.0462358
0.00985403
0.421352
0.00985403
0.169715
0.028085
0.0088567
0.0325918
0.120071
0.192969
0.0165051
0.145906
0.0112772
0.380296
0.1497
0.0647284
0.137179
0.015381
0.0585898
0.0369417
0.0335894
0.376696
0.193167
0.146977
0.0369417
0.209837
0.402983
0.0832183
0.144226
0.355774
0.0137982
0.232739
0.127983
0.0606295
0.212161
0.0236202
0.0133215
0.329545
0.120631
0.0597064
0.39831
0.0642103
0.357142
0.205143
0.332337
0.0842497
0.305925
0.0275964
0.00780707
0.0369417
0.0533777
0.352023
0.205143
0.257377
0.0275964
0.0652952
0.0369417
0.0404644
0.0209216
0.0433996
0.0700288
0.110961
0.471206
0.0555514
0.184675
0.144057
0.355943
0.340144
0.0643212
0.08935
0.00618491
