0.530944
0.205871
0.0299871
0.0510897
0.0107634
0.164675
0.0900469
0.189507
0.0393453
0.324096
0.0795386
0.201856
0.0662217
0.00938842
0.345873
0.11309
0.0368807
0.0682989
0.0805115
0.0156442
0.33957
0.0525833
0.0171424
0.0146522
0.043068
0.206833
0.165738
0.255184
0.244799
0.0980902
0.0765406
0.171473
0.334925
0.0144183
0.230031
0.0740285
0.0299871
0.0833052
0.0406093
0.0799708
0.171704
0.376837
0.143065
0.0743247
0.447433
0.0285967
0.00699675
0.0239865
0.228278
0.264709
0.0675241
0.235635
0.0115289
0.00740682
0.31231
0.269439
0.0503972
0.0457585
0.0867587
0.0239865
0.103687
0.0376564
0.0591754
0.0992059
0.201272
0.388258
0.0309113
0.0634732
0.405566
0.0676809
0.21739
0.0154898
0.199489
0.183373
0.20799
0.105596
0.0795386
0.0659584
0.316454
0.0283251
0.0127659
0.0491151
0.309389
0.405764
0.232071
0.240179
0.123933
0.0681014
0.0805115
0.0156442
0.471302
0.0119937
0.155848
0.141482
0.03674
0.0452993
0.043411
0.0795386
0.485688
0.105596
0.0749486
0.17931
0.207898
0.0684306
0.318284
0.0158706
0.0250723
0.160939
0.0445374
0.0257673
0.0660242
0.0748559
0.0157923
0.608522
0.302923
0.00742052
0.207704
0.0991031
0.0157914
0.14063
0.0149121
0.012257
0.199259
0.160939
0.0445374
0.0257673
0.0681014
0.073256
0.015315
0.608752
0.111165
0.347567
0.153357
0.223324
0.0682989
0.0805115
0.0156442
0.215539
0.0750763
0.209598
0.0684484
0.0279716
0.0746255
0.230218
0.0985228
0.471302
0.240179
0.123933
0.0684306
0.0805115
0.015315
0.00587
0.246717
0.365187
0.382225
0.0525833
0.447433
0.224784
0.0104905
0.264709
0.346334
0.0561405
0.405576
0.0822101
0.0141642
0.0137584
0.0510877
0.0157923
0.0149365
0.32153
0.579079
0.0993909
0.0900469
0.0772231
0.19123
0.200132
0.068052
0.0348288
0.0120746
0.324096
0.0621847
0.0172082
0.0050508
0.043068
0.109188
0.0502658
0.352764
0.360271
0.345873
0.0561405
0.014625
0.405806
0.0132976
0.052918
0.015315
0.0803798
0.0156442
0.0867587
0.136862
0.0239865
0.103687
0.0172082
0.116727
0.0844139
0.172872
0.257485
0.0621847
0.0155319
0.215129
0.365187
0.191909
0.150058
