0.300994
0.364878
0.122691
0.211149
0.18386
0.0912745
0.0657997
0.122756
0.118032
0.164899
0.0162342
0.237094
0.275838
0.0788714
0.023747
0.322954
0.0321765
0.0777455
0.173057
0.0137255
0.00902595
0.0365607
0.045243
0.303642
0.223055
0.382473
0.0571562
0.430797
0.0909389
0.211056
0.118859
0.0911691
0.346144
0.0867238
0.0617875
0.170559
0.284062
0.00883546
0.0256508
0.0162374
0.275838
0.124047
0.0257441
0.18386
0.0914179
0.118032
0.16497
0.0160908
0.394472
0.0570592
0.23731
0.183814
0.0359746
0.016132
0.0751425
0.0451756
0.112438
0.00556957
0.410649
0.425954
0.0817692
0.168315
0.697653
0.0521321
0.499893
0.0440218
0.18386
0.0867437
0.0780757
0.0912745
0.016132
0.028414
0.0410469
0.487506
0.232934
0.118722
0.0912745
0.299081
0.184019
0.0506876
0.136603
0.0281809
0.275841
0.025588
0.0452234
0.38767
0.0526347
0.00915282
0.17064
0.31865
0.0160299
0.21031
0.300757
0.487857
0.080804
0.202157
0.234812
0.218416
0.218438
0.00883546
0.0255997
0.0109379
0.238288
0.0421432
0.300757
0.396693
0.0221182
0.109922
0.407707
0.232291
0.25008
0.0617747
0.0657989
0.201964
0.0162374
0.654225
0.391128
0.139601
0.0942526
0.0740104
0.300878
0.576673
0.0808793
0.0896798
0.218276
0.00883546
0.0256573
0.300967
0.0287831
0.36791
0.280541
0.021733
0.374628
0.25008
0.109922
0.265043
0.0569642
0.0835753
0.212691
0.503049
0.0618264
0.065721
0.016132
0.122937
0.0658679
0.0257889
0.329088
0.0650685
0.283741
0.107509
0.112419
0.0111398
0.40517
0.47127
0.299081
0.183904
0.0508031
0.136485
0.303906
0.0257035
0.0452005
0.065422
0.0505593
0.0267981
0.0272158
0.0658843
0.0254538
0.211056
0.48241
0.509233
0.045243
0.0201302
0.0504925
0.0452918
0.0272825
0.0658542
0.0254171
0.211056
0.605528
0.0410549
0.0569628
0.0258073
0.0650685
0.152765
0.052814
0.263795
0.0894824
0.0497743
0.395131
0.0580414
0.0159959
0.0618205
0.0658231
0.0510012
0.014853
0.0782837
0.0447219
0.065422
0.0254171
0.211056
0.0268348
0.48241
0.168315
0.0818491
0.0521321
0.697681
0.574919
0.425081
0.279279
0.329688
0.299093
0.0414478
0.0161614
0.00883546
0.0254957
0.263538
0.00883546
0.0809042
0.0371281
0.164988
0.0258478
0.245658
0.1731
0.0289559
0.152968
0.165473
0.00586213
0.503049
0.061867
0.0658094
0.0160162
0.218276
0.00883546
0.0808983
0.202057
0.0255997
0.0113077
0.0919459
0.36108
0.0455199
0.117977
0.142429
0.256925
0.437094
0.118722
0.0912496
0.487506
0.041022
0.0284389
0.232934
