0.311723
0.0704576
0.0490783
0.0361104
0.316759
0.0626593
0.143733
0.00613063
0.0355277
0.0704576
0.195758
0.0258296
0.316083
0.104637
0.127278
0.0477031
0.0767255
0.418373
0.0452409
0.0363534
0.237388
0.262645
0.0110654
0.0520984
0.20297
0.0257002
0.198922
0.509243
0.077819
0.0306394
0.0975296
0.170716
0.0474113
0.0685208
0.130347
0.190218
0.186799
0.202295
0.169698
0.0628103
0.555793
0.444478
0.0104106
0.176947
0.0169404
0.083964
0.117118
0.150143
0.167189
0.359268
0.461239
0.00600121
0.0062169
0.269287
0.0675023
0.00535249
0.34581
0.0474113
0.0772572
0.187379
0.00804438
0.362228
0.179443
0.0894432
0.0606132
0.0822708
0.0167031
0.201168
0.077819
0.0975296
0.0348056
0.190218
0.0947864
0.045925
0.157511
0.296564
0.0173467
0.272617
0.0110654
0.0348595
0.0320312
0.125655
0.506426
0.0767427
0.0578296
0.344495
0.066211
0.0561262
0.0257649
0.245208
0.127623
0.28202
0.0975296
0.00625355
0.0162798
0.287445
0.264746
0.0399184
0.100904
0.117118
0.12536
0.0103674
0.0403509
0.319161
0.0320635
0.254675
0.472319
0.0706552
0.096604
0.0474113
0.104312
0.0273703
0.0868046
0.0945237
0.27464
0.00694616
0.0319988
0.0695979
0.254589
0.011004
0.351224
0.132921
0.0786658
0.167987
0.359288
0.120137
0.0235523
0.101738
0.0131035
0.0773232
0.27464
0.0422437
0.0474113
0.143689
0.187336
0.0772572
0.14997
0.0110654
0.0348595
0.280012
0.486771
0.187293
0.372363
0.359268
0.26758
0.0244623
0.189235
0.00753655
0.062921
0.14366
0.111585
0.0214273
0.0481377
0.391035
0.0191098
0.232099
0.119064
0.00659036
0.262295
0.164177
0.0219591
0.0706552
0.10405
0.370273
0.543525
0.0862018
0.0140949
0.300507
0.0704576
0.372363
0.14057
0.0987697
0.285705
0.0474113
0.187379
0.0510844
0.0772572
0.351163
0.167189
0.00600121
0.0062169
0.359268
0.461239
0.00804438
0.351163
0.179335
0.0122939
0.0772572
0.0474113
0.324496
0.0990079
0.0975296
0.0140584
0.0898287
0.303398
0.0584976
0.0339128
0.300799
0.0244623
0.189235
0.0704576
0.0925024
0.0511573
0.111585
0.157511
0.0987697
0.20432
