0.145018
0.0442472
0.25835
0.0649866
0.0408965
0.446502
0.258226
0.0442472
0.396043
0.187481
0.0345057
0.0768501
0.0418484
0.330606
0.0875231
0.332277
0.207746
0.119087
0.0704593
0.294742
0.513064
0.40848
0.550623
0.0345057
0.00639081
0.0946323
0.193162
0.1498
0.072597
0.489809
0.326619
0.145548
0.294742
0.119087
0.0371534
0.0768501
0.613129
0.134896
0.103948
0.0340383
0.00874262
0.0408806
0.0643643
0.145018
0.0345057
0.0506381
0.0938462
0.675992
0.0726467
0.154581
0.0737439
0.231885
0.126622
0.310317
0.0302046
0.216286
0.255881
0.294742
0.119087
0.0345057
0.0704593
0.00639081
0.0752459
0.187481
0.202377
0.0773915
0.116454
0.261192
0.0798589
0.613129
0.151065
0.0418484
0.0972085
0.0967488
0.0946323
0.312395
0.0766931
0.0609597
0.45532
0.0518039
0.0521446
0.0646505
0.167234
0.199729
0.196313
0.268124
0.373796
0.0318098
0.25835
0.105883
0.230162
0.134896
0.218068
0.39869
0.00874281
0.0151388
0.140562
0.0812541
0.37673
0.199729
0.0428858
0.116454
0.140094
0.0442472
0.0459205
0.0339385
0.268124
0.067353
0.231885
0.126622
0.26942
0.0365955
0.478788
0.0339385
0.0387083
0.0351657
0.335833
0.0452846
0.0322819
0.143639
0.101301
0.0984285
0.116454
0.0798589
0.119087
0.0800391
0.261192
0.518814
0.0318098
0.164504
0.199729
0.0345057
0.0506381
0.406351
0.164504
0.015745
0.246165
0.0772866
0.0452846
0.0446638
0.143639
0.119087
0.101301
0.0984285
0.0800391
0.116454
0.261192
0.0798589
0.0646505
0.0702459
0.116767
0.103948
0.226259
0.0241073
0.394022
0.0418484
0.39869
0.131819
0.0168898
0.0752459
0.187481
0.0427809
0.105245
0.103948
0.0731069
0.552353
0.154137
0.116454
0.18298
0.0318098
0.177055
0.0913967
0.0731069
0.0702966
0.347373
0.0259812
0.0172981
0.0553486
0.103948
0.0646505
0.167234
0.154581
0.199729
0.23721
0.518814
0.44029
0.0345057
0.00639081
0.113208
0.0704593
0.0318098
0.108531
0.675992
0.390728
0.143639
0.0151388
0.101301
0.0364256
0.196313
0.0544515
0.0620029
0.0418484
0.0972085
0.151065
0.0967488
0.613129
0.335833
0.199729
0.0428858
0.15096
0.029761
0.154581
0.0862498
0.18298
0.0442472
0.0866504
0.272781
0.100573
0.196313
0.0172981
0.0991563
0.167739
0.0593198
0.0173733
0.382213
0.373355
0.143639
0.101301
0.0253216
0.26942
0.0151388
0.332829
0.0757545
0.0365955
0.0518039
0.282306
0.0646505
0.0291957
0.164504
0.0379622
0.0318098
0.337768
0.268124
0.0731069
0.103948
0.0357909
0.196313
0.196094
0.126622
0.18298
0.103948
0.0140426
0.393013
0.0318098
0.164504
0.109702
0.103948
0.154137
0.552353
0.0731069
0.116454
0.116767
0.103948
0.0646505
0.0241073
0.0702459
0.226259
0.394022
0.147893
0.154581
0.0345057
0.0704593
0.00639081
0.396043
0.187481
0.103948
0.0357909
0.196094
0.0731069
0.126622
0.196313
0.268124
0.332829
0.143639
0.0151388
0.101301
0.0253216
0.0757545
0.26942
0.0365955
0.34337
0.0704593
0.396043
0.187481
0.0418484
0.0731069
0.328923
0.0160995
0.103948
0.0785718
0.357502
0.0346845
0.154581
0.0345057
0.00639081
0.25835
0.405605
0.105883
0.167739
0.0593198
0.382213
0.0173733
0.373355
0.44029
0.110333
0.0442472
0.164504
0.199729
0.0345057
0.00639081
