0.196008
0.0994718
0.20452
0.267628
0.230712
0.0269373
0.345372
0.0306389
0.182269
0.172937
0.0522305
0.130087
0.0595296
0.385844
0.036637
0.577519
0.370419
0.0575762
0.230712
0.137602
0.20369
0.218643
0.00694289
0.42432
0.350093
0.21253
0.00694289
0.42432
0.350093
0.274449
0.0103586
0.370651
0.344542
0.116159
0.125804
0.128456
0.362827
0.0425422
0.0501722
0.17404
0.414647
0.0609736
0.211966
0.107498
0.0155935
0.189322
0.168471
0.0155935
0.102444
0.134569
0.305225
0.273697
0.102063
0.385844
0.272719
0.0984238
0.128456
0.00638139
0.00611303
0.0501722
0.130087
0.0592612
0.007404
0.182269
0.219054
0.350093
0.133406
0.390733
0.414647
0.0350651
0.00921211
0.0169367
0.510531
0.134569
0.238077
0.109612
0.00721125
0.0501722
0.170998
0.100566
0.189633
0.40767
0.0155868
0.00611303
0.0523184
0.00694289
0.0269373
0.345372
0.385844
0.0514006
0.130087
0.0245417
0.0358178
0.051002
0.0168928
0.0584314
0.170998
0.0575762
0.6451
0.370419
0.288289
0.341292
0.130087
0.0367249
0.0155935
0.40767
0.182269
0.225997
0.168471
0.0155935
0.102444
0.305225
0.134569
0.273697
0.436358
0.102444
0.0843967
0.247649
0.129152
0.168471
0.210772
0.102444
0.247649
0.134569
0.136094
0.206868
0.00509806
0.131746
0.0139338
0.0609736
0.123921
0.0436424
0.413817
0.422481
0.13602
0.148123
0.142076
0.0575762
0.0280812
0.0595296
0.00611303
0.434402
0.237247
0.0501722
0.007404
0.260641
0.00611303
0.45746
0.0147636
0.0277767
0.138504
0.206868
0.10231
0.0523184
0.191276
0.096063
0.134569
0.247649
0.0575762
0.178505
0.0501722
0.0441894
0.0272338
0.0782751
0.130864
0.00713564
0.401591
0.166408
0.188492
0.24118
0.0522722
0.134569
0.297821
0.007404
0.266754
0.0518319
0.0155868
0.0592612
0.169338
0.0575762
0.00611303
0.640292
