0.39259
0.121461
0.127174
0.0822337
0.134121
0.14242
0.406976
0.0439777
0.0691386
0.118642
0.140666
0.0116258
0.0864787
0.122495
0.448633
0.10053
0.0116258
0.264916
0.128983
0.0453135
0.0822337
0.158932
0.0509067
0.0630165
0.149889
0.0116258
0.00857209
0.474824
0.445345
0.118778
0.0336548
0.0821665
0.0584538
0.0996682
0.0691354
0.0334098
0.0593886
0.170087
0.0678521
0.140761
0.266215
0.0372164
0.150031
0.0554314
0.0366264
0.0757799
0.178179
0.0610461
0.115864
0.0958651
0.549046
0.170087
0.0677849
0.110145
0.142738
0.169211
0.115838
0.151252
0.0728777
0.20523
0.359296
0.138734
0.0201979
0.0116258
0.264916
0.0136987
0.0821665
0.0805056
0.445345
0.0107941
0.0496219
0.317868
0.170087
0.0677849
0.0709567
0.0698047
0.227959
0.0754724
0.242088
0.0757799
0.0107941
0.293053
0.378284
0.0136987
0.0713723
0.0805056
0.152292
0.127762
0.103806
0.0662808
0.347063
0.0251757
0.329913
0.216541
0.0654095
0.0867697
0.170087
0.0677849
0.151252
0.188408
0.0536805
0.242088
0.170154
0.0677849
0.110077
0.106464
0.152179
0.151252
0.217741
0.0136987
0.0821665
0.157017
0.180837
0.153167
0.195373
0.358061
0.0410059
0.239225
0.227587
0.0116258
0.122495
0.217741
0.0136987
0.0821665
0.0171312
0.102982
0.293053
0.273228
0.0136987
0.0107941
0.0713723
0.0805056
0.445345
0.282259
0.0960254
0.0110126
0.058126
0.12904
0.0116258
0.0864787
0.252763
0.0439777
0.37096
0.0360166
