10
104,38,76,83,68,65,66,105
106,1,76,83,103,82,75,39,107
108,33,79,82,103,83,76,38,104
109,0,56,26,60,48,41,30,29,94,110
110,94,29,30,41,48,60,26,56,88,111
112,54,64,113
114,71,17,82,79,92,115
116,5,31,68,83,103,90,70,77,117
118,17,48,60,26,77,117
119,4,65,68,83,103,90,59,81,120
121,100,45,60,26,56,67,122
123,102,83,103,90,60,48,19,124
125,46,70,90,103,82,79,12,126
127,9,56,26,60,59,128
129,47,49,70,90,103,83,130
131,36,79,30,29,63,132
112,54,64,68,83,102,123
133,72,59,90,103,83,68,74,134
135,35,65,42,69,82,75,39,107
136,18,76,83,103,82,79,30,29,63,132
succeed
0.74,0.69,0.75,0.63,0.72,0.75,0.72,0.62,0.67,0.75,0.77,0.78,0.69,0.64,0.62,0.7,0.69,0.66,0.8,0.78