10
104,80,83,103,90,70,49,9,105
106,84,59,90,103,83,76,20,107
108,19,48,17,82,93,109
110,85,97,59,16,111
112,40,90,113
114,95,59,72,115
116,81,59,15,117
118,7,79,82,103,83,76,14,119
119,14,76,83,103,82,93,109
120,91,46,70,90,59,95,114
121,3,74,42,69,82,79,7,118
122,97,59,90,103,83,69,42,123
124,21,82,53,125
118,7,79,82,103,83,76,62,126
127,101,64,68,83,80,104
128,60,90,103,83,76,23,129
130,67,56,26,60,45,82,79,7,118
131,94,29,30,79,82,103,83,76,8,132
133,4,65,68,83,80,104
134,99,69,42,65,4,133
105,9,56,26,60,59,84,106
135,32,59,60,45,82,75,136
137,61,60,44,138
139,70,90,103,83,76,1,2,140
141,10,59,60,45,82,79,142
143,88,49,70,90,103,83,68,64,144
132,8,76,83,103,90,70,46,145
146,43,48,60,59,78,147
111,16,59,95,114
148,52,59,90,103,83,76,23,129
succeed
0.37,0.31,0.4,0.21,0.25,0.27,0.21,0.27,0.3,0.24,0.21,0.35,0.21,0.31,0.4,0.39,0.38,0.3,0.26,0.4,0.37,0.4,0.27,0.29,0.22,0.26,0.35,0.25,0.39,0.31