10
104,68,83,103,90,70,49,89,105
104,68,83,103,90,70,26,56,89,106
104,68,83,103,90,60,26,56,89,107
108,18,76,83,103,90,59,15,109
108,18,76,83,103,90,60,59,15,110
108,18,76,83,103,45,60,59,15,111
112,85,97,59,90,103,83,76,62,113
112,85,97,59,60,90,103,83,76,62,114
112,85,97,59,60,45,103,83,76,62,115
116,82,79,30,29,117
116,82,17,41,30,29,118
116,82,75,29,119
120,17,48,60,59,27,121
120,17,82,45,60,59,27,122
120,17,43,48,60,59,27,123
124,59,60,26,56,89,105
124,59,60,90,70,49,89,106
124,59,90,70,49,89,107
125,101,64,68,83,103,90,59,34,126
125,101,64,68,83,103,90,60,59,34,127
125,101,64,68,83,103,45,60,59,34,128
116,82,45,60,44,129
116,82,45,60,90,44,130
116,82,103,90,44,131
132,9,56,26,60,59,10,133
132,9,49,70,90,59,10,134
132,9,49,70,90,60,59,10,135
126,34,59,90,103,83,68,64,136
126,34,59,60,90,103,83,68,64,137
126,34,59,90,103,83,76,1,64,138
139,22,45,60,26,140
139,22,82,45,60,26,141
139,22,96,45,60,26,142
143,47,49,70,90,103,83,68,65,4,144
143,47,49,70,90,103,83,68,42,65,4,145
143,47,49,70,90,103,83,69,42,65,4,146
147,86,21,96,148
147,86,22,96,149
147,86,21,22,96,150
151,41,17,82,69,42,65,66,152
151,41,17,82,103,83,68,65,66,153
151,41,17,82,69,42,68,65,66,154
155,73,42,69,82,53,156
155,73,68,83,103,82,53,157
155,73,68,83,69,82,53,158
159,54,64,68,83,103,82,79,30,160
159,54,64,68,83,69,82,79,30,161
159,54,64,68,42,69,82,79,30,162
163,75,82,45,60,59,15,109
163,75,21,45,60,59,15,110
163,75,21,82,45,60,59,15,111
164,40,90,59,81,165
164,40,90,60,59,81,166
164,40,60,59,81,167
168,77,70,90,103,82,75,39,169
168,77,70,90,60,45,82,75,39,170
168,77,26,60,45,82,75,39,171
172,52,59,60,26,56,67,173
172,52,59,60,90,70,49,67,174
172,52,59,90,70,49,67,175
129,44,90,59,97,85,112
129,44,90,60,59,97,85,176
129,44,60,59,97,85,177
125,101,64,68,83,103,82,79,36,178
125,101,64,68,83,69,82,79,36,179
125,101,64,68,42,69,82,79,36,180
181,55,79,82,103,83,76,18,108
181,55,79,82,69,83,76,18,182
181,55,79,82,45,103,83,76,18,183
184,97,59,90,13,185
184,97,59,60,90,13,186
184,97,59,60,44,90,13,187
188,93,82,69,42,73,155
188,93,82,103,83,68,73,189
188,93,82,69,42,68,73,190
191,98,48,60,59,97,184
191,98,19,48,60,59,97,192
191,98,17,48,60,59,97,193
194,42,31,195
194,42,68,31,196
194,42,65,68,31,197
198,20,76,83,103,90,199
198,20,76,83,103,45,60,90,200
198,20,76,1,64,68,83,103,90,201
202,8,76,83,103,82,79,33,203
202,8,76,83,69,82,79,33,204
202,8,76,83,103,45,82,79,33,205
112,85,97,59,60,45,82,75,51,206
112,85,97,59,60,45,82,21,75,51,207
112,85,97,59,60,45,21,75,51,208
succeed
0.58,0.49,0.6,0.52,0.42,0.45,0.45,0.49,0.41,0.55,0.5,0.49,0.42,0.49,0.54,0.59,0.41,0.51,0.59,0.52,0.58,0.54,0.44,0.47,0.5,0.5,0.42,0.52,0.59,0.46