10
104,95,59,60,45,82,75,51,105
106,92,79,82,45,60,26,56,107
108,91,46,70,90,60,45,100,109
110,99,83,103,90,59,10,111
112,37,76,83,68,65,4,113
105,51,75,82,17,48,114
107,56,26,60,59,84,115
116,65,68,83,103,90,70,49,117
118,1,76,83,99,110
119,67,56,26,60,45,82,93,120
115,84,59,60,61,121
108,91,46,70,90,103,83,76,20,122
118,1,76,83,103,90,70,77,123
124,0,56,26,60,48,41,125
126,59,90,70,46,91,108
127,16,59,60,48,17,128
129,83,69,130
131,7,79,82,103,90,70,46,132
133,9,56,26,60,59,97,85,134
135,43,48,60,90,70,49,50,136
137,40,90,138
108,91,46,70,90,103,82,79,139
113,4,65,68,83,103,90,59,97,85,134
109,100,45,60,59,78,140
141,30,79,82,69,42,65,66,142
143,8,76,83,68,73,144
145,34,59,60,45,82,79,36,146
110,99,83,68,147
134,85,97,59,60,45,86,148
112,37,76,83,103,82,17,98,149
150,57,26,60,45,82,75,51,105
112,37,76,83,68,65,35,151
152,14,76,83,103,90,59,126
153,3,74,68,83,103,90,59,27,154
147,68,83,103,82,100,109
104,95,59,97,85,134
133,9,49,70,90,103,83,68,74,3,153
112,37,76,83,103,90,59,28,155
156,31,68,83,103,90,70,49,0,124
157,82,103,83,76,38,158
159,39,75,82,45,60,59,95,104
130,69,42,65,116
119,67,49,70,90,103,83,129
114,48,60,90,70,49,50,136
144,73,42,69,82,79,30,29,63,160
132,46,70,90,103,82,79,12,161
162,64,68,83,103,90,138
163,52,59,90,103,83,68,31,5,164
165,74,42,69,82,79,30,29,166
148,86,21,167
succeed
0.63,0.67,0.77,0.71,0.71,0.66,0.75,0.76,0.61,0.66,0.72,0.62,0.8,0.69,0.68,0.8,0.71,0.64,0.78,0.65,0.69,0.76,0.61,0.63,0.67,0.73,0.71,0.63,0.62,0.61,0.71,0.78,0.71,0.79,0.68,0.67,0.66,0.71,0.64,0.66,0.75,0.63,0.65,0.7,0.61,0.64,0.79,0.66,0.66,0.78