10
104,44,60,90,70,77,26,56,89,49,50,105
106,88,49,89,56,26,77,70,90,40,60,48,43,107
108,33,79,22,21,100,82,17,41,48,109
108,33,79,22,82,17,41,48,110
111,17,82,69,83,76,14,112
113,91,46,70,57,114
115,98,17,82,69,83,68,116
117,93,82,17,41,118
119,69,83,103,82,100,21,22,86,45,60,59,72,120
119,69,83,103,90,59,72,121
122,21,100,82,45,103,83,76,14,112
123,59,60,44,90,13,124
113,91,46,70,77,26,60,59,97,125
126,65,68,42,69,83,76,18,127
128,37,76,83,103,82,100,45,60,129
128,37,76,83,103,90,59,11,130
131,101,64,68,83,103,82,75,22,86,45,60,44,90,59,34,132
131,101,64,68,83,103,90,59,34,133
125,97,59,90,40,60,45,100,82,69,99,134
132,34,59,60,45,100,82,69,42,68,65,66,135
136,74,42,69,82,100,21,22,86,45,60,44,90,59,16,137
112,14,76,83,103,90,70,77,26,56,89,49,88,106
138,67,56,88,49,70,90,40,60,44,104
124,13,90,103,83,68,65,66,135
129,60,45,100,21,22,79,92,139
140,31,42,69,82,100,21,22,86,45,60,44,90,59,34,132
140,31,42,69,83,103,82,100,21,22,86,45,60,44,90,59,34,133
141,10,59,84,142
143,42,69,83,76,1,64,144
145,82,17,98,19,48,60,44,90,59,84,142
146,85,97,59,90,40,60,45,100,82,69,42,65,4,147
123,59,60,44,90,70,49,88,56,9,148
149,70,26,60,48,17,82,69,42,74,136
148,9,56,88,49,70,90,40,60,45,100,82,69,42,73,68,65,35,150
succeed
0.91,0.91,0.93,0.82,0.83,0.92,0.96,0.98,0.86,0.93,0.82,0.91,0.84,0.99,0.99,0.82,0.88,0.93,0.89,0.9,0.89,0.88,0.87,0.85,0.9,0.91,0.84,0.96,0.9,0.83