10
104,92,79,82,103,83,68,105
104,92,79,82,69,42,68,106
104,92,79,82,69,83,68,107
108,98,48,60,90,70,49,47,109
108,98,19,48,60,90,70,49,47,110
108,98,48,60,26,70,49,47,111
112,73,68,83,103,90,40,113
112,73,42,69,83,103,90,40,114
112,73,42,68,83,103,90,40,115
116,36,79,82,69,42,65,4,117
116,36,79,82,103,83,68,65,4,118
116,36,79,82,69,42,68,65,4,119
120,87,49,47,109
120,87,56,0,49,47,110
120,87,56,67,49,47,111
121,30,79,82,103,83,76,18,122
121,30,79,82,69,83,76,18,123
121,30,41,17,82,103,83,76,18,124
125,54,64,68,83,103,90,59,34,126
125,54,64,68,83,103,90,60,59,34,127
125,54,64,68,83,103,45,60,59,34,128
129,35,65,130
131,51,75,82,103,90,13,132
131,51,75,82,45,60,90,13,133
131,51,75,21,45,60,90,13,134
112,73,68,74,135
112,73,42,74,136
112,73,68,42,74,137
138,48,60,90,103,83,68,31,139
138,48,17,82,69,42,31,140
138,48,60,90,103,83,68,42,31,141
142,63,29,30,41,48,60,59,32,143
142,63,29,30,79,82,45,60,59,32,144
142,63,29,30,41,17,48,60,59,32,145
146,60,59,52,147
146,60,90,59,52,148
146,60,44,90,59,52,149
150,61,60,90,103,83,76,14,151
150,61,60,45,103,83,76,14,152
150,61,60,45,82,103,83,76,14,153
154,37,76,83,103,90,60,48,71,155
154,37,76,83,103,82,17,71,156
154,37,76,83,69,82,17,71,157
158,53,82,75,159
158,53,82,21,75,160
158,53,82,22,75,161
162,29,30,79,82,69,42,74,135
162,29,30,79,82,103,83,68,74,136
162,29,30,79,82,69,42,68,74,137
142,63,29,30,41,48,138
142,63,29,30,41,17,48,163
142,63,29,30,79,82,17,48,164
129,35,65,68,83,103,90,59,58,165
129,35,65,68,83,103,90,60,59,58,166
129,35,65,68,83,103,45,60,59,58,167
129,35,65,42,69,82,21,168
129,35,65,68,83,103,82,21,169
129,35,65,42,69,82,100,21,170
120,87,56,26,60,48,41,30,121
120,87,56,26,60,45,82,79,30,171
120,87,56,26,60,48,17,41,30,172
162,29,30,79,82,103,90,70,173
162,29,30,79,82,45,60,90,70,174
162,29,30,41,48,60,90,70,175
176,79,82,96,177
176,79,82,21,96,178
176,79,21,96,179
180,89,56,26,60,45,82,79,36,116
180,89,56,26,60,45,100,82,79,36,181
180,89,56,26,60,48,17,82,79,36,182
120,87,49,70,90,44,183
120,87,56,26,60,44,184
120,87,56,26,60,90,44,185
139,31,68,83,103,90,70,49,89,180
139,31,68,83,103,90,70,26,56,89,186
139,31,68,83,103,90,60,26,56,89,187
188,85,97,189
113,40,90,103,82,75,159
113,40,90,60,45,82,75,160
113,40,60,45,82,75,161
190,5,31,42,69,82,79,33,191
190,5,31,68,83,103,82,79,33,192
190,5,31,68,83,69,82,79,33,193
194,49,47,109
succeed
1.15,1.08,1.1,1.15,1.2,1.14,1.04,1.14,1.09,1.05,1.08,1.09,1.18,1.07,1.13,1.02,1.05,1.07,1.18,1.18,1.16,1.19,1.12,1.02,1.14,1.01,1.2,1.03,1.09,1.18