10
104,44,90,70,49,50,105
106,88,56,26,60,48,43,107
108,33,79,82,17,48,109
110,17,82,103,83,76,14,111
112,91,46,70,57,113
114,98,17,82,103,83,68,115
116,93,82,17,41,117
118,69,83,103,90,59,72,119
120,21,82,103,83,76,14,111
121,59,90,13,122
112,91,46,70,90,59,97,123
124,65,68,83,76,18,125
126,37,76,83,103,90,60,127
126,37,76,83,103,90,59,11,128
129,101,64,68,83,103,90,59,34,130
123,97,59,90,103,83,99,131
130,34,59,90,103,83,68,65,66,132
133,74,68,83,103,90,59,16,134
111,14,76,83,103,90,70,49,88,106
135,67,49,70,90,44,104
122,13,90,103,83,68,65,66,132
127,60,45,82,79,92,136
137,31,68,83,103,90,59,34,130
138,10,59,84,139
140,42,68,64,141
142,82,45,60,59,84,139
143,85,97,59,90,103,83,68,65,4,144
121,59,60,26,56,9,145
146,70,90,103,83,68,74,133
145,9,49,70,90,103,83,68,65,35,147
succeed
0.91,0.91,0.93,0.82,0.83,0.92,0.96,0.98,0.86,0.93,0.82,0.91,0.84,0.99,0.99,0.82,0.88,0.93,0.89,0.9,0.89,0.88,0.87,0.85,0.9,0.91,0.84,0.96,0.9,0.83