10
104,36,79,22,21,100,82,17,71,105
104,36,79,82,17,71,106
107,22,100,108
107,22,82,17,98,19,48,60,26,56,89,49,88,109
107,22,82,17,98,19,48,60,40,90,70,49,88,110
111,83,99,69,82,79,92,112
113,68,83,69,82,100,21,22,79,7,114
115,69,82,100,21,22,86,45,60,44,90,70,77,26,56,89,49,88,109
116,56,26,60,45,100,82,69,102,117
117,102,69,83,76,118
119,41,48,71,17,82,103,83,68,65,120
121,2,1,64,68,74,3,122
116,56,26,77,70,90,103,83,69,42,123
124,99,69,83,103,90,60,48,71,17,43,125
126,75,29,127
128,1,64,68,65,42,69,82,45,60,44,90,59,58,129
128,1,64,68,65,42,69,83,103,90,59,58,130
131,37,76,83,69,42,74,3,122
131,37,76,83,102,69,42,74,3,132
133,12,79,22,21,100,82,69,102,83,68,64,1,76,25,134
135,101,64,68,83,103,90,59,16,136
117,102,69,83,103,82,100,21,22,86,45,60,44,90,59,28,137
138,86,82,17,71,48,19,139
118,76,83,103,90,60,45,96,22,75,82,17,71,105
139,19,48,60,44,90,70,49,88,56,89,140
139,19,48,71,17,82,22,96,45,60,44,90,70,49,88,56,89,141
142,0,56,88,49,70,90,40,60,48,17,82,53,143
144,44,60,45,100,82,69,42,74,3,122
145,79,22,45,103,83,76,62,146
145,79,30,29,75,82,69,83,76,62,147
148,33,79,22,21,45,103,90,70,49,88,56,89,140
149,57,70,90,40,60,45,96,82,17,98,150
126,75,82,100,108
151,50,49,89,56,26,77,70,90,40,60,45,100,21,82,69,115
152,4,65,42,69,83,103,45,100,21,22,79,12,133
153,91,46,70,77,26,56,116
succeed
0.72,0.67,0.72,0.78,0.65,0.74,0.61,0.74,0.75,0.61,0.8,0.63,0.78,0.72,0.66,0.65,0.7,0.72,0.64,0.64,0.62,0.72,0.73,0.63,0.67,0.77,0.7,0.67,0.61,0.7