10
104,92,79,22,21,100,82,69,83,68,105
106,98,17,82,22,96,45,103,90,70,77,26,56,89,49,47,107
108,73,42,68,83,103,82,100,21,22,86,45,60,40,109
110,36,79,22,21,100,82,103,83,69,42,68,65,4,111
112,87,56,89,49,47,107
113,30,79,82,69,83,76,18,114
115,54,64,68,65,42,69,83,103,90,59,34,116
115,54,64,68,83,103,90,59,34,117
118,35,65,119
120,51,75,82,17,98,19,48,60,44,90,13,121
108,73,42,74,122
123,48,60,45,82,69,42,31,124
125,63,29,75,82,17,98,19,48,60,44,90,59,32,126
127,60,90,59,52,128
129,61,60,45,100,82,103,83,76,14,130
131,37,76,83,69,82,17,71,132
133,53,82,75,134
135,29,75,82,69,42,74,122
125,63,29,75,82,17,41,48,123
118,35,65,68,83,103,90,59,58,136
118,35,65,42,69,82,100,21,137
118,35,65,42,69,83,103,90,60,45,100,21,138
112,87,56,88,49,70,90,40,60,48,17,41,30,113
135,29,75,82,17,98,19,48,60,26,70,139
140,79,21,96,141
142,89,56,88,49,70,90,60,48,17,41,30,79,36,110
112,87,56,88,49,70,90,40,60,44,143
124,31,42,69,82,100,21,22,86,45,60,90,70,49,88,56,89,142
144,85,97,145
109,40,60,45,100,82,21,75,134
109,40,60,45,100,82,75,146
147,5,31,42,69,83,103,45,60,48,17,82,79,33,148
147,5,31,42,69,83,103,45,86,21,22,79,33,149
150,49,47,107
succeed
1.15,1.08,1.1,1.15,1.2,1.14,1.04,1.14,1.09,1.05,1.08,1.09,1.18,1.07,1.13,1.02,1.05,1.07,1.18,1.18,1.16,1.19,1.12,1.02,1.14,1.01,1.2,1.03,1.09,1.18