10
104,19,48,17,82,79,36,105
106,33,79,82,69,42,65,35,107
108,10,59,90,103,83,80,6,109
110,89,56,26,60,59,58,111
112,18,76,83,103,90,70,113
114,16,59,60,48,19,104
115,100,82,75,116
117,61,60,118
119,28,59,60,45,120
121,5,31,42,69,82,79,92,122
123,85,97,59,60,45,82,79,92,122
124,8,76,83,68,73,125
126,62,76,8,124
127,25,76,83,103,90,70,49,9,128
129,72,59,60,118
130,88,49,70,90,103,83,68,64,54,131
132,90,103,82,93,133
134,51,75,82,45,120
135,74,68,83,76,20,136
137,48,60,59,10,108
138,57,26,60,59,139
111,58,59,60,48,41,30,29,140
121,5,31,68,83,103,90,70,57,138
106,33,79,82,17,71,141
142,65,68,83,103,90,59,97,85,123
127,25,76,83,103,90,70,46,143
111,58,59,60,45,82,79,12,144
145,102,83,68,64,146
147,4,65,68,83,76,14,148
149,7,79,82,103,83,76,18,112
115,100,82,79,36,105
150,22,45,60,26,151
125,73,42,69,82,75,116
152,66,65,68,83,76,18,112
116,75,82,103,83,76,14,148
126,62,76,83,103,90,13,153
112,18,76,83,103,82,75,51,134
131,54,64,68,83,103,90,59,84,154
134,51,75,82,103,83,76,38,155
156,83,103,90,59,16,114
157,97,59,90,103,83,76,20,136
132,90,103,82,79,36,105
158,23,76,83,103,90,60,48,71,141
120,45,103,83,80,6,109
140,29,75,116
118,60,48,137
159,95,59,60,26,151
118,60,45,82,79,160
133,93,82,17,48,137
144,12,79,82,75,116
159,95,59,90,103,83,80,161
132,90,70,49,9,128
162,0,49,70,46,91,163
164,99,69,42,31,165
166,96,82,79,55,167
106,33,79,82,103,90,70,46,143
108,10,59,60,26,56,9,128
168,67,56,26,60,45,82,79,160
139,59,90,103,83,68,64,146
168,67,56,26,60,45,82,75,116
succeed
0.7,0.74,0.71,0.8,0.74,0.66,0.66,0.66,0.62,0.71,0.8,0.65,0.61,0.66,0.61,0.8,0.68,0.8,0.69,0.67,0.79,0.73,0.66,0.71,0.7,0.76,0.79,0.78,0.65,0.65,0.79,0.77,0.63,0.72,0.65,0.78,0.64,0.73,0.77,0.7,0.65,0.62,0.77,0.8,0.72,0.62,0.61,0.65,0.8,0.76,0.63,0.7,0.78,0.72,0.66,0.78,0.74,0.69,0.74,0.8