10
104,38,76,83,68,65,66,105
104,38,76,83,68,42,65,66,106
104,38,76,83,69,42,65,66,107
108,1,76,83,103,82,75,39,109
108,1,76,83,69,82,75,39,110
108,1,76,83,103,82,21,75,39,111
112,33,79,82,103,83,76,38,104
112,33,79,82,69,83,76,38,113
112,33,79,82,45,103,83,76,38,114
115,0,56,26,60,48,41,30,29,94,116
115,0,56,26,60,45,82,79,30,29,94,117
115,0,56,26,60,48,17,41,30,29,94,118
116,94,29,30,41,48,60,26,56,88,119
116,94,29,30,79,82,45,60,26,56,88,120
116,94,29,30,41,48,60,90,70,49,88,121
122,54,64,123
124,71,17,82,79,92,125
124,71,48,17,82,79,92,126
124,71,17,41,30,79,92,127
128,5,31,68,83,103,90,70,77,129
128,5,31,42,69,83,103,90,70,77,130
128,5,31,42,68,83,103,90,70,77,131
132,17,48,60,26,77,129
132,17,48,60,90,70,77,130
132,17,48,60,26,70,77,131
133,4,65,68,83,103,90,59,81,134
133,4,65,68,83,103,90,60,59,81,135
133,4,65,68,83,103,45,60,59,81,136
137,100,45,60,26,56,67,138
137,100,45,60,90,70,49,67,139
137,100,82,45,60,26,56,67,140
141,102,83,103,90,60,48,19,142
141,102,69,82,17,98,19,143
141,102,69,82,17,48,19,144
145,46,70,90,103,82,79,12,146
145,46,70,90,60,45,82,79,12,147
145,46,70,26,60,45,82,79,12,148
149,9,56,26,60,59,150
149,9,49,70,90,59,151
149,9,49,70,90,60,59,152
153,47,49,70,90,103,83,154
153,47,49,70,26,60,90,103,83,155
153,47,49,70,90,60,45,103,83,156
157,36,79,30,29,63,158
157,36,79,82,17,41,30,29,63,159
157,36,79,82,75,29,63,160
122,54,64,68,83,102,141
122,54,64,68,83,69,102,161
122,54,64,68,42,69,102,162
163,72,59,90,103,83,68,74,164
163,72,59,60,90,103,83,68,74,165
163,72,59,60,45,103,83,68,74,166
167,35,65,42,69,82,75,39,109
167,35,65,68,83,103,82,75,39,110
167,35,65,42,69,82,21,75,39,111
168,18,76,83,103,82,79,30,29,63,158
168,18,76,83,69,82,79,30,29,63,159
168,18,76,83,103,82,17,41,30,29,63,160
succeed
0.74,0.69,0.75,0.63,0.72,0.75,0.72,0.62,0.67,0.75,0.77,0.78,0.69,0.64,0.62,0.7,0.69,0.66,0.8,0.78