10
104,79,21,22,96,82,69,83,76,20,105
106,34,59,60,48,17,82,75,107
106,34,59,90,103,45,22,75,108
109,40,60,26,56,67,49,70,57,110
111,4,65,68,83,103,82,100,21,22,86,45,60,44,90,59,81,112
111,4,65,68,83,103,90,59,81,113
114,6,80,83,103,45,60,48,17,82,75,29,94,115
114,6,80,83,103,45,100,22,75,29,94,116
117,29,75,82,69,42,68,64,1,2,118
117,29,75,82,69,83,68,64,1,2,119
117,29,75,82,100,21,45,103,83,68,64,1,2,120
121,103,90,70,77,26,56,122
123,86,82,100,45,60,26,77,70,57,110
123,86,82,100,45,60,44,90,70,57,124
125,5,31,42,69,82,75,22,86,45,60,44,90,70,46,91,126
125,5,31,42,69,82,100,21,22,86,45,60,44,90,70,46,91,127
114,6,80,83,69,42,31,5,125
succeed
0.67,0.77,0.67,0.75,0.77,0.71,0.66,0.71,0.76,0.71