10
104,75,82,103,83,105
104,75,82,69,83,106
104,75,21,82,103,83,107
108,45,82,17,43,109
108,45,60,48,43,110
108,45,82,17,48,43,111
112,1,64,54,113
112,1,76,83,68,64,54,114
112,1,76,83,69,42,68,64,54,115
116,80,83,103,82,79,30,29,117
116,80,83,69,82,79,30,29,118
116,80,83,103,82,17,41,30,29,119
120,84,59,90,103,83,68,74,3,121
120,84,59,60,90,103,83,68,74,3,122
120,84,59,60,45,103,83,68,74,3,123
108,45,82,79,12,124
108,45,100,82,79,12,125
108,45,82,21,79,12,126
127,74,42,69,82,75,39,128
127,74,68,83,103,82,75,39,129
127,74,68,83,69,82,75,39,130
131,25,76,83,68,74,3,121
131,25,76,1,64,68,74,3,122
131,25,76,83,68,42,74,3,123
132,24,76,83,103,90,59,10,133
132,24,76,83,103,90,60,59,10,134
132,24,76,83,103,45,60,59,10,135
136,92,79,82,45,60,59,137
136,92,79,82,100,45,60,59,138
136,92,79,82,17,48,60,59,139
140,48,60,90,103,83,76,37,141
140,48,60,45,103,83,76,37,142
140,48,17,82,103,83,76,37,143
144,15,59,60,45,82,79,12,124
144,15,59,60,45,100,82,79,12,125
144,15,59,60,48,17,82,79,12,126
141,37,76,83,103,90,59,15,144
141,37,76,83,103,90,60,59,15,145
141,37,76,83,103,45,60,59,15,146
147,89,56,26,60,48,41,30,148
147,89,56,26,60,45,82,79,30,149
147,89,56,26,60,48,17,41,30,150
151,50,49,70,90,60,48,41,30,29,117
151,50,49,70,90,60,45,82,79,30,29,118
151,50,49,70,90,103,82,79,30,29,119
152,56,26,60,45,96,153
152,56,26,60,45,82,96,154
152,56,26,60,45,82,21,96,155
156,42,69,83,103,90,59,32,157
156,42,69,83,103,90,60,59,32,158
156,42,68,83,103,90,60,59,32,159
160,46,70,90,103,83,76,37,141
160,46,70,26,60,90,103,83,76,37,142
160,46,70,90,103,83,68,64,1,76,37,143
137,59,60,45,96,153
137,59,60,45,82,96,154
137,59,60,45,82,21,96,155
127,74,68,83,103,90,59,78,161
127,74,68,83,103,90,60,59,78,162
127,74,68,83,103,45,60,59,78,163
164,102,83,76,18,165
164,102,69,83,76,18,166
164,102,69,99,83,76,18,167
168,61,60,45,82,93,169
168,61,60,45,100,82,93,170
168,61,60,48,17,82,93,171
172,41,17,82,69,102,164
172,41,17,82,103,83,102,173
172,41,17,82,69,83,102,174
157,32,59,60,48,43,109
157,32,59,60,48,17,43,110
157,32,59,60,45,82,17,43,111
148,30,41,48,60,59,27,175
148,30,79,82,45,60,59,27,176
148,30,41,17,48,60,59,27,177
152,56,26,60,59,81,178
152,56,26,60,90,59,81,179
152,56,26,70,90,59,81,180
152,56,26,60,59,16,181
152,56,26,60,90,59,16,182
152,56,26,70,90,59,16,183
124,12,79,82,45,60,26,56,0,184
124,12,79,82,45,60,90,70,49,0,185
124,12,79,82,103,90,70,49,0,186
147,89,49,70,187
147,89,56,26,70,188
147,89,56,88,49,70,189
190,91,46,70,49,47,191
190,91,46,70,26,56,88,49,47,192
190,91,46,70,26,56,87,49,47,193
succeed
1.21,1.27,1.29,1.35,1.39,1.38,1.26,1.37,1.32,1.4,1.4,1.38,1.33,1.33,1.35,1.27,1.3,1.3,1.34,1.21,1.3,1.38,1.31,1.22,1.4,1.39,1.38,1.23,1.34,1.21