10
104,19,98,17,82,79,36,105
104,19,48,17,82,79,36,106
104,19,48,41,30,79,36,107
108,33,79,82,69,42,65,35,109
108,33,79,82,103,83,68,65,35,110
108,33,79,82,69,42,68,65,35,111
112,10,59,90,103,83,80,6,113
112,10,59,60,90,103,83,80,6,114
112,10,59,60,45,103,83,80,6,115
116,89,56,26,60,59,58,117
116,89,49,70,90,59,58,118
116,89,49,70,90,60,59,58,119
120,18,76,83,103,90,70,121
120,18,76,83,103,90,60,26,70,122
120,18,76,83,103,45,60,90,70,123
124,16,59,60,48,19,104
124,16,59,60,48,98,19,125
124,16,59,90,60,48,19,126
127,100,82,75,128
127,100,21,75,129
127,100,22,75,130
131,61,60,132
133,28,59,60,45,134
133,28,59,90,60,45,135
133,28,59,60,90,103,45,136
137,5,31,42,69,82,79,92,138
137,5,31,68,83,103,82,79,92,139
137,5,31,68,83,69,82,79,92,140
141,85,97,59,60,45,82,79,92,138
141,85,97,59,60,45,100,82,79,92,139
141,85,97,59,60,48,17,82,79,92,140
142,8,76,83,68,73,143
142,8,76,1,64,68,73,144
142,8,76,83,68,42,73,145
146,62,76,8,142
147,25,76,83,103,90,70,49,9,148
147,25,76,83,103,90,70,26,56,9,149
147,25,76,83,103,90,60,26,56,9,150
151,72,59,60,132
151,72,59,90,60,152
151,72,59,90,44,60,153
154,88,49,70,90,103,83,68,64,54,155
154,88,49,70,90,103,83,76,1,64,54,156
154,88,56,26,60,90,103,83,68,64,54,157
158,90,103,82,93,159
158,90,60,45,82,93,160
158,90,103,45,82,93,161
162,51,75,82,45,134
162,51,75,21,45,135
162,51,75,21,82,45,136
163,74,68,83,76,20,164
163,74,68,64,1,76,20,165
163,74,42,69,83,76,20,166
167,48,60,59,10,112
167,48,60,90,59,10,168
167,48,17,82,45,60,59,10,169
170,57,26,60,59,171
170,57,26,60,90,59,172
170,57,26,70,90,59,173
117,58,59,60,48,41,30,29,174
117,58,59,60,45,82,79,30,29,175
117,58,59,60,48,17,41,30,29,176
137,5,31,68,83,103,90,70,57,170
137,5,31,68,83,103,90,70,26,57,177
137,5,31,68,83,103,90,60,26,57,178
108,33,79,82,17,71,179
108,33,79,82,17,48,71,180
108,33,79,30,41,48,71,181
182,65,68,83,103,90,59,97,85,141
182,65,68,83,103,90,60,59,97,85,183
182,65,68,83,103,45,60,59,97,85,184
147,25,76,83,103,90,70,46,185
147,25,76,83,103,90,60,26,70,46,186
147,25,76,83,103,45,60,90,70,46,187
117,58,59,60,45,82,79,12,188
117,58,59,60,45,100,82,79,12,189
117,58,59,60,48,17,82,79,12,190
191,102,83,68,64,192
191,102,83,76,1,64,193
191,102,69,42,68,64,194
195,4,65,68,83,76,14,196
195,4,65,68,64,1,76,14,197
195,4,65,42,69,83,76,14,198
199,7,79,82,103,83,76,18,120
199,7,79,82,69,83,76,18,200
199,7,79,82,45,103,83,76,18,201
127,100,82,79,36,105
127,100,21,79,36,106
127,100,21,82,79,36,107
202,22,45,60,26,203
202,22,82,45,60,26,204
202,22,100,45,60,26,205
143,73,42,69,82,75,128
143,73,68,83,103,82,75,129
143,73,68,83,69,82,75,130
206,66,65,68,83,76,18,120
206,66,65,68,64,1,76,18,200
206,66,65,42,69,83,76,18,201
128,75,82,103,83,76,14,196
128,75,82,69,83,76,14,197
128,75,21,82,103,83,76,14,198
146,62,76,83,103,90,13,207
146,62,76,83,103,45,60,90,13,208
146,62,76,1,64,68,83,103,90,13,209
120,18,76,83,103,82,75,51,162
120,18,76,83,69,82,75,51,210
120,18,76,83,103,82,21,75,51,211
155,54,64,68,83,103,90,59,84,212
155,54,64,68,83,103,90,60,59,84,213
155,54,64,68,83,103,45,60,59,84,214
162,51,75,82,103,83,76,38,215
162,51,75,82,69,83,76,38,216
162,51,75,21,82,103,83,76,38,217
218,83,103,90,59,16,124
218,83,103,90,60,59,16,219
218,83,103,45,60,59,16,220
221,97,59,90,103,83,76,20,164
221,97,59,60,90,103,83,76,20,165
221,97,59,60,45,103,83,76,20,166
158,90,103,82,79,36,105
158,90,60,45,82,79,36,106
158,90,103,45,82,79,36,107
222,23,76,83,103,90,60,48,71,179
222,23,76,83,103,82,17,71,180
222,23,76,83,69,82,17,71,181
134,45,103,83,80,6,113
134,45,60,90,103,83,80,6,114
134,45,82,103,83,80,6,115
174,29,75,128
174,29,30,79,82,75,129
174,29,30,79,82,21,75,130
132,60,48,167
132,60,45,82,17,48,223
132,60,45,82,17,43,48,224
225,95,59,60,26,203
225,95,59,60,90,70,26,204
225,95,59,90,70,26,205
132,60,45,82,79,226
132,60,45,100,82,79,227
132,60,48,17,82,79,228
159,93,82,17,48,167
159,93,82,17,43,48,223
159,93,82,45,60,48,224
188,12,79,82,75,128
188,12,79,82,21,75,129
188,12,79,21,75,130
225,95,59,90,103,83,80,229
225,95,59,60,90,103,83,80,230
225,95,59,60,45,103,83,80,231
158,90,70,49,9,148
158,90,70,26,56,9,149
158,90,60,26,56,9,150
232,0,49,70,46,91,233
232,0,56,26,70,46,91,234
232,0,56,88,49,70,46,91,235
236,99,69,42,31,237
236,99,83,68,31,238
236,99,69,42,68,31,239
240,96,82,79,55,241
240,96,21,79,55,242
240,96,21,82,79,55,243
108,33,79,82,103,90,70,46,185
108,33,79,82,45,60,90,70,46,186
108,33,79,82,45,60,26,70,46,187
112,10,59,60,26,56,9,148
112,10,59,60,90,70,49,9,149
112,10,59,90,70,49,9,150
244,67,56,26,60,45,82,79,226
244,67,49,70,90,103,82,79,227
244,67,49,70,90,60,45,82,79,228
171,59,90,103,83,68,64,192
171,59,60,90,103,83,68,64,193
171,59,90,103,83,76,1,64,194
244,67,56,26,60,45,82,75,128
244,67,49,70,90,103,82,75,129
244,67,49,70,90,60,45,82,75,130
succeed
0.7,0.74,0.71,0.8,0.74,0.66,0.66,0.66,0.62,0.71,0.8,0.65,0.61,0.66,0.61,0.8,0.68,0.8,0.69,0.67,0.79,0.73,0.66,0.71,0.7,0.76,0.79,0.78,0.65,0.65,0.79,0.77,0.63,0.72,0.65,0.78,0.64,0.73,0.77,0.7,0.65,0.62,0.77,0.8,0.72,0.62,0.61,0.65,0.8,0.76,0.63,0.7,0.78,0.72,0.66,0.78,0.74,0.69,0.74,0.8