10
104,80,83,103,90,70,49,9,105
104,80,83,103,90,70,26,56,9,106
104,80,83,103,90,60,26,56,9,107
108,84,59,90,103,83,76,20,109
108,84,59,60,90,103,83,76,20,110
108,84,59,60,45,103,83,76,20,111
112,19,48,17,82,93,113
112,19,98,17,82,93,114
112,19,48,60,45,82,93,115
116,85,97,59,16,117
118,40,90,119
118,40,60,90,120
118,40,60,44,90,121
122,95,59,72,123
124,81,59,15,125
126,7,79,82,103,83,76,14,127
126,7,79,82,69,83,76,14,128
126,7,79,82,45,103,83,76,14,129
127,14,76,83,103,82,93,113
127,14,76,83,69,82,93,114
127,14,76,83,103,45,82,93,115
130,91,46,70,90,59,95,122
130,91,46,70,90,60,59,95,131
130,91,46,70,26,60,59,95,132
133,3,74,42,69,82,79,7,126
133,3,74,68,83,103,82,79,7,134
133,3,74,68,83,69,82,79,7,135
136,97,59,90,103,83,69,42,137
136,97,59,90,103,83,68,42,138
136,97,59,60,90,103,83,68,42,139
140,21,82,53,141
140,21,100,82,53,142
140,21,75,82,53,143
126,7,79,82,103,83,76,62,144
126,7,79,82,69,83,76,62,145
126,7,79,82,45,103,83,76,62,146
147,101,64,68,83,80,104
147,101,64,1,76,83,80,148
147,101,64,68,42,69,83,80,149
150,60,90,103,83,76,23,151
150,60,45,103,83,76,23,152
150,60,45,82,103,83,76,23,153
154,67,56,26,60,45,82,79,7,126
154,67,49,70,90,103,82,79,7,134
154,67,49,70,90,60,45,82,79,7,135
155,94,29,30,79,82,103,83,76,8,156
155,94,29,30,79,82,69,83,76,8,157
155,94,29,30,41,17,82,103,83,76,8,158
159,4,65,68,83,80,104
159,4,65,42,69,83,80,148
159,4,65,42,68,83,80,149
160,99,69,42,65,4,159
160,99,83,68,65,4,161
160,99,69,42,68,65,4,162
105,9,56,26,60,59,84,108
105,9,49,70,90,59,84,163
105,9,49,70,90,60,59,84,164
165,32,59,60,45,82,75,166
165,32,59,60,45,82,21,75,167
165,32,59,60,45,21,75,168
169,61,60,44,170
169,61,60,90,44,171
169,61,60,59,90,44,172
173,70,90,103,83,76,1,2,174
173,70,90,103,83,68,64,1,2,175
173,70,26,60,90,103,83,76,1,2,176
177,10,59,60,45,82,79,178
177,10,59,60,45,100,82,79,179
177,10,59,60,48,17,82,79,180
181,88,49,70,90,103,83,68,64,182
181,88,49,70,90,103,83,76,1,64,183
181,88,56,26,60,90,103,83,68,64,184
156,8,76,83,103,90,70,46,185
156,8,76,83,103,90,60,26,70,46,186
156,8,76,83,103,45,60,90,70,46,187
188,43,48,60,59,78,189
188,43,17,48,60,59,78,190
188,43,48,60,90,59,78,191
117,16,59,95,122
192,52,59,90,103,83,76,23,151
192,52,59,60,90,103,83,76,23,152
192,52,59,60,45,103,83,76,23,153
succeed
0.37,0.31,0.4,0.21,0.25,0.27,0.21,0.27,0.3,0.24,0.21,0.35,0.21,0.31,0.4,0.39,0.38,0.3,0.26,0.4,0.37,0.4,0.27,0.29,0.22,0.26,0.35,0.25,0.39,0.31