10
104,51,75,39,105
106,84,59,60,45,100,82,103,83,69,42,74,68,65,4,107
108,93,82,75,29,30,79,109
110,14,76,83,69,82,100,21,22,86,45,60,59,84,106
111,74,42,68,112
113,3,74,42,69,82,22,79,36,114
115,52,59,60,44,90,70,49,88,56,89,116
117,29,75,82,17,98,19,48,60,59,28,118
119,91,46,70,90,103,83,69,42,68,65,120
121,27,59,60,48,17,82,53,122
123,62,76,83,69,82,100,21,22,86,45,60,61,124
125,95,59,90,70,26,126
117,29,75,82,17,98,19,48,60,44,90,59,72,127
128,45,96,82,103,83,76,25,129
121,27,59,60,45,100,82,130
121,27,59,90,60,45,100,82,131
132,24,76,83,69,82,21,100,133
134,55,79,22,86,45,60,44,90,70,46,91,119
134,55,79,22,86,45,103,90,70,46,91,135
136,103,82,69,42,73,137
136,103,83,69,42,73,138
105,39,75,82,17,98,19,48,60,59,58,139
140,98,17,82,22,96,141
142,44,60,90,59,58,139
143,90,60,40,144
145,7,79,22,21,100,82,103,83,69,42,68,64,101,146
147,2,1,64,68,31,148
149,48,41,17,82,22,96,45,60,44,90,70,150
151,43,17,41,30,79,33,152
151,43,17,82,100,21,22,79,33,153
136,103,45,82,100,21,22,79,92,154
155,64,1,76,83,103,82,100,21,22,86,45,60,59,34,156
120,65,68,42,69,102,83,76,38,157
146,101,64,1,2,147
158,83,103,82,22,86,45,60,44,90,59,78,159
160,16,59,90,103,83,68,64,1,76,14,110
161,30,79,22,86,21,162
163,85,97,59,90,143
112,68,83,69,82,17,98,19,48,60,90,59,10,164
165,13,90,59,28,118
112,68,42,69,82,100,21,22,79,92,154
112,68,83,69,82,100,21,22,79,92,166
116,89,56,88,49,70,90,103,83,80,6,167
168,49,70,26,60,59,78,159
169,8,76,1,64,68,65,42,69,82,79,22,86,45,60,44,90,70,77,170
succeed
0.76,0.65,0.78,0.72,0.76,0.68,0.66,0.62,0.65,0.62,0.73,0.71,0.65,0.62,0.79,0.72,0.68,0.71,0.64,0.64,0.71,0.79,0.61,0.73,0.65,0.64,0.66,0.73,0.69,0.62,0.61,0.68,0.64,0.71,0.64,0.67,0.77,0.69,0.73,0.63