10
104,44,90,70,49,50,105
104,44,60,90,70,49,50,106
104,44,90,70,26,56,50,107
108,88,56,26,60,48,43,109
108,88,49,70,90,60,48,43,110
108,88,49,70,26,60,48,43,111
112,33,79,82,17,48,113
112,33,79,30,41,48,114
112,33,79,82,17,43,48,115
116,17,82,103,83,76,14,117
116,17,82,69,83,76,14,118
116,17,82,45,103,83,76,14,119
120,91,46,70,57,121
120,91,46,70,26,57,122
120,91,46,70,77,26,57,123
124,98,17,82,103,83,68,125
124,98,17,82,69,42,68,126
124,98,17,82,69,83,68,127
128,93,82,17,41,129
128,93,82,79,30,41,130
128,93,82,17,48,41,131
132,69,83,103,90,59,72,133
132,69,83,103,90,60,59,72,134
132,69,82,45,60,59,72,135
136,21,82,103,83,76,14,117
136,21,82,69,83,76,14,118
136,21,45,103,83,76,14,119
137,59,90,13,138
137,59,60,90,13,139
137,59,60,44,90,13,140
120,91,46,70,90,59,97,141
120,91,46,70,90,60,59,97,142
120,91,46,70,26,60,59,97,143
144,65,68,83,76,18,145
144,65,68,64,1,76,18,146
144,65,42,69,83,76,18,147
148,37,76,83,103,90,60,149
148,37,76,83,103,45,60,150
148,37,76,83,103,90,44,60,151
148,37,76,83,103,90,59,11,152
148,37,76,83,103,90,60,59,11,153
148,37,76,83,103,45,60,59,11,154
155,101,64,68,83,103,90,59,34,156
155,101,64,68,83,103,90,60,59,34,157
155,101,64,68,83,103,45,60,59,34,158
141,97,59,90,103,83,99,159
141,97,59,60,90,103,83,99,160
141,97,59,90,103,83,69,99,161
156,34,59,90,103,83,68,65,66,162
156,34,59,60,90,103,83,68,65,66,163
156,34,59,90,103,83,68,42,65,66,164
165,74,68,83,103,90,59,16,166
165,74,68,83,103,90,60,59,16,167
165,74,68,83,103,45,60,59,16,168
117,14,76,83,103,90,70,49,88,108
117,14,76,83,103,90,70,26,56,88,169
117,14,76,83,103,90,60,26,56,88,170
171,67,49,70,90,44,104
171,67,56,26,60,44,172
171,67,56,26,60,90,44,173
138,13,90,103,83,68,65,66,162
138,13,90,103,83,68,42,65,66,163
138,13,90,103,83,69,42,65,66,164
149,60,45,82,79,92,174
149,60,45,100,82,79,92,175
149,60,48,17,82,79,92,176
177,31,68,83,103,90,59,34,156
177,31,68,83,103,90,60,59,34,157
177,31,68,83,103,45,60,59,34,158
178,10,59,84,179
180,42,68,64,181
180,42,31,68,64,182
180,42,65,68,64,183
184,82,45,60,59,84,179
184,82,100,45,60,59,84,185
184,82,17,48,60,59,84,186
187,85,97,59,90,103,83,68,65,4,188
187,85,97,59,60,90,103,83,68,65,4,189
187,85,97,59,90,103,83,68,42,65,4,190
137,59,60,26,56,9,191
137,59,60,90,70,49,9,192
137,59,90,70,49,9,193
194,70,90,103,83,68,74,165
194,70,90,103,83,68,42,74,195
194,70,90,103,83,69,42,74,196
191,9,49,70,90,103,83,68,65,35,197
191,9,49,70,90,103,83,68,42,65,35,198
191,9,49,70,90,103,83,69,42,65,35,199
succeed
0.91,0.91,0.93,0.82,0.83,0.92,0.96,0.98,0.86,0.93,0.82,0.91,0.84,0.99,0.99,0.82,0.88,0.93,0.89,0.9,0.89,0.88,0.87,0.85,0.9,0.91,0.84,0.96,0.9,0.83