10
104,75,82,103,83,105
106,45,82,17,43,107
108,1,64,54,109
110,80,83,103,82,79,30,29,111
112,84,59,90,103,83,68,74,3,113
106,45,82,79,12,114
115,74,42,69,82,75,39,116
117,25,76,83,68,74,3,113
118,24,76,83,103,90,59,10,119
120,92,79,82,45,60,59,121
122,48,60,90,103,83,76,37,123
124,15,59,60,45,82,79,12,114
123,37,76,83,103,90,59,15,124
125,89,56,26,60,48,41,30,126
127,50,49,70,90,60,48,41,30,29,111
128,56,26,60,45,96,129
130,42,69,83,103,90,59,32,131
132,46,70,90,103,83,76,37,123
121,59,60,45,96,129
115,74,68,83,103,90,59,78,133
134,102,83,76,18,135
136,61,60,45,82,93,137
138,41,17,82,69,102,134
131,32,59,60,48,43,107
126,30,41,48,60,59,27,139
128,56,26,60,59,81,140
128,56,26,60,59,16,141
114,12,79,82,45,60,26,56,0,142
125,89,49,70,143
144,91,46,70,49,47,145
succeed
1.21,1.27,1.29,1.35,1.39,1.38,1.26,1.37,1.32,1.4,1.4,1.38,1.33,1.33,1.35,1.27,1.3,1.3,1.34,1.21,1.3,1.38,1.31,1.22,1.4,1.39,1.38,1.23,1.34,1.21