10
14,2,5,12,15
16,13,12,5,4,17
18,5,12,13,16
18,5,2,1,19
20,9,13,16
21,10,5,4,6,22
23,0,7,6,22
17,4,5,2,14
16,13,12,11,24
21,10,9,13,16
21,10,9,11,24
21,10,5,4,3,25
22,6,4,5,12,15
23,0,7,26
15,12,13,8,27
16,13,8,3,1,19
19,1,2,5,12,15
27,8,3,1,0,23
20,9,13,12,15
24,11,9,20
22,6,7,0,2,14
26,7,6,4,17
14,2,5,4,6,22
15,12,11,24
23,0,1,3,8,27
22,6,4,3,25
20,9,10,5,4,17
18,5,4,3,25
26,7,9,13,8,27
16,13,8,27
succeed
1.22,1.28,1.28,1.3,1.3,1.22,1.4,1.37,1.33,1.27,1.23,1.36,1.25,1.22,1.33,1.28,1.27,1.35,1.39,1.39,1.32,1.28,1.36,1.24,1.38,1.26,1.33,1.29,1.37,1.23