10
14,12,5,2,15
14,12,5,4,3,1,2,16
14,12,11,8,3,1,2,17
18,9,11,19
18,9,13,8,11,20
18,9,13,12,11,21
14,12,11,9,7,22
14,12,13,9,7,23
14,12,5,4,6,7,24
25,3,4,26
25,3,1,2,5,4,27
25,3,1,0,7,6,4,28
18,9,11,8,29
18,9,13,8,30
18,9,11,12,13,8,31
29,8,3,1,0,32
29,8,3,1,2,0,33
29,8,11,9,7,0,34
14,12,5,2,1,35
14,12,5,2,0,1,36
14,12,5,4,3,1,37
14,12,5,4,3,25
14,12,11,8,3,38
14,12,13,8,3,39
26,4,5,2,0,32
26,4,6,7,0,33
26,4,3,1,0,34
35,1,3,8,11,19
35,1,2,5,12,11,20
35,1,0,7,9,11,21
22,7,6,4,5,40
22,7,9,10,5,41
22,7,0,2,5,42
32,0,2,5,10,43
32,0,7,9,10,44
32,0,1,2,5,10,45
22,7,6,4,3,25
22,7,0,1,3,38
22,7,0,2,1,3,39
25,3,1,2,15
25,3,1,0,2,16
25,3,4,5,2,17
25,3,4,6,7,22
25,3,1,0,7,23
25,3,1,2,0,7,24
46,13,9,7,6,47
46,13,8,3,4,6,48
46,13,12,5,4,6,49
18,9,13,46
18,9,11,8,13,50
18,9,11,12,13,51
32,0,1,35
32,0,2,1,36
32,0,2,5,4,3,1,37
40,5,4,6,47
40,5,10,9,7,6,48
40,5,2,0,7,6,49
14,12,13,46
14,12,11,8,13,50
14,12,11,9,13,51
18,9,7,6,47
18,9,10,5,4,6,48
18,9,11,8,3,4,6,49
22,7,6,4,26
22,7,9,10,5,4,27
22,7,0,1,3,4,28
32,0,7,9,13,46
32,0,2,5,12,13,50
32,0,1,3,8,13,51
26,4,5,10,9,18
26,4,6,7,9,52
26,4,5,12,11,9,53
19,11,8,13,46
19,11,12,13,50
19,11,9,13,51
43,10,5,12,14
43,10,9,11,12,54
43,10,9,13,12,55
22,7,0,32
22,7,6,4,5,2,0,33
22,7,6,4,3,1,0,34
35,1,2,5,40
35,1,0,2,5,41
35,1,3,4,5,42
29,8,11,12,5,40
29,8,13,12,5,41
29,8,3,4,5,42
22,7,9,11,19
22,7,9,13,8,11,20
22,7,9,13,12,11,21
succeed
0.23,0.32,0.27,0.28,0.33,0.31,0.39,0.23,0.28,0.32,0.29,0.34,0.31,0.25,0.21,0.26,0.38,0.28,0.24,0.39,0.4,0.27,0.22,0.21,0.28,0.39,0.21,0.23,0.39,0.33