10
14,4,3,1,15
14,4,5,2,1,16
14,4,5,2,0,1,17
18,11,9,7,6,19
18,11,8,3,4,6,20
18,11,12,5,4,6,21
22,3,8,13,12,23
22,3,8,11,12,24
22,3,4,5,12,25
14,4,3,8,11,18
14,4,5,12,11,26
14,4,5,10,9,11,27
14,4,6,7,28
14,4,3,1,0,7,29
14,4,5,10,9,7,30
31,5,12,23
31,5,10,9,13,12,24
31,5,10,9,11,12,25
14,4,3,8,13,32
14,4,5,12,13,33
14,4,5,10,9,13,34
31,5,2,0,35
31,5,2,1,0,36
31,5,10,9,7,0,37
38,10,9,13,32
38,10,5,12,13,33
38,10,9,11,8,13,34
39,8,13,9,40
39,8,11,9,41
39,8,13,12,11,9,42
succeed
0.72,0.71,0.67,0.73,0.64,0.68,0.66,0.63,0.75,0.64