10
14,7,0,2,1,15
14,7,9,10,5,2,1,16
17,0,2,5,10,9,18
17,0,7,9,19
20,5,4,6,21
20,5,10,9,7,6,22
20,5,2,1,15
23,2,0,1,3,24
23,2,5,4,3,25
23,2,5,20
26,13,12,5,2,1,15
27,4,5,10,28
20,5,12,11,29
20,5,12,13,8,11,30
31,12,13,8,11,29
14,7,9,13,8,11,29
24,3,4,6,21
21,6,4,3,8,13,9,18
20,5,10,9,18
20,5,12,13,9,19
15,1,2,23
31,12,11,9,7,6,21
31,12,13,8,3,4,6,22
17,0,1,3,8,32
32,8,3,1,0,17
32,8,13,12,5,4,3,1,0,33
32,8,13,12,5,4,6,7,0,34
20,5,12,11,8,32
15,1,3,24
15,1,0,2,5,20
15,1,3,8,11,12,5,35
23,2,0,7,14
18,9,7,14
23,2,0,7,6,21
23,2,1,3,4,6,22
14,7,0,2,23
28,10,9,13,26
31,12,5,4,27
15,1,0,7,6,21
27,4,3,8,13,12,31
27,4,5,10,9,13,12,36
21,6,4,3,8,32
succeed
0.84,0.82,0.9,0.82,0.94,0.91,0.81,0.94,0.82,0.83,0.96,0.99,0.94,0.83,0.93,0.83,0.91,0.96,0.81,0.99,1,0.93,0.91,0.88,0.82,0.87,0.85,0.92,0.93,0.9