10
14,0,2,5,4,15
16,9,7,6,4,15
17,3,1,0,7,18
18,7,9,10,19
14,0,7,6,20
21,12,11,9,7,18
21,12,5,4,6,20
17,3,4,5,10,19
15,4,3,8,22
14,0,7,9,13,23
15,4,3,17
19,10,9,11,8,22
16,9,7,6,20
18,7,6,4,15
15,4,6,7,18
20,6,4,3,17
18,7,0,1,24
22,8,11,12,5,25
24,1,0,7,18
20,6,4,5,25
19,10,5,12,21
18,7,9,16
26,2,0,14
25,5,2,26
22,8,13,23
22,8,11,9,10,19
21,12,11,8,3,17
27,11,12,5,4,15
23,13,9,7,0,14
14,0,1,3,17
23,13,12,5,4,15
20,6,7,0,14
23,13,9,16
23,13,8,3,1,24
23,13,8,3,17
24,1,0,7,9,16
18,7,0,1,3,17
14,0,7,9,11,27
26,2,5,4,15
23,13,12,21
succeed
0.71,0.64,0.79,0.71,0.76,0.75,0.71,0.74,0.73,0.73,0.75,0.65,0.68,0.78,0.61,0.7,0.7,0.65,0.73,0.66,0.76,0.67,0.8,0.65,0.76,0.73,0.67,0.72,0.8,0.72,0.69,0.67,0.63,0.67,0.79,0.71,0.76,0.74,0.68,0.77