10
14,1,2,15
14,1,0,2,16
14,1,3,4,5,2,17
18,11,9,7,6,19
18,11,8,3,4,6,20
18,11,12,5,4,6,21
14,1,0,7,9,22
14,1,2,5,10,9,23
14,1,2,0,7,9,24
22,9,10,25
22,9,11,12,5,10,26
22,9,13,12,5,10,27
28,4,5,2,15
28,4,3,1,2,16
28,4,3,1,0,2,17
29,8,13,30
29,8,11,12,13,31
29,8,11,9,13,32
33,0,2,15
33,0,1,2,16
33,0,1,3,4,5,2,17
14,1,3,34
14,1,2,5,4,3,35
14,1,0,7,6,4,3,36
37,5,12,11,18
37,5,10,9,11,38
37,5,12,13,8,11,39
22,9,11,8,29
22,9,13,8,40
22,9,11,12,13,8,41
25,10,9,13,30
25,10,5,12,13,31
25,10,9,11,8,13,32
33,0,1,3,34
33,0,2,1,3,35
33,0,2,5,4,3,36
15,2,5,12,42
15,2,5,10,9,11,12,43
15,2,1,3,8,11,12,44
22,9,11,12,42
22,9,13,12,43
22,9,10,5,12,44
37,5,4,3,8,29
37,5,12,11,8,40
37,5,12,13,8,41
33,0,1,3,4,28
33,0,2,5,4,45
33,0,7,6,4,46
47,7,9,11,12,42
47,7,9,13,12,43
47,7,0,2,5,12,44
14,1,0,33
14,1,2,0,48
14,1,3,4,6,7,0,49
18,11,12,42
18,11,8,13,12,43
18,11,9,13,12,44
47,7,0,2,15
47,7,0,1,2,16
47,7,6,4,5,2,17
19,6,7,9,22
19,6,4,5,10,9,23
19,6,4,5,12,11,9,24
18,11,8,3,1,14
18,11,12,5,2,1,50
18,11,9,7,0,1,51
15,2,5,37
15,2,1,3,4,5,52
15,2,0,7,9,10,5,53
28,4,5,12,42
28,4,3,8,11,12,43
28,4,3,8,13,12,44
42,12,11,18
42,12,13,8,11,38
42,12,13,9,11,39
33,0,2,5,37
33,0,1,2,5,52
33,0,1,3,4,5,53
30,13,8,3,34
30,13,12,5,4,3,35
30,13,12,11,8,3,36
30,13,8,3,1,14
30,13,12,5,2,1,50
30,13,9,7,0,1,51
37,5,4,28
37,5,2,1,3,4,45
37,5,2,0,7,6,4,46
33,0,2,5,12,42
33,0,1,2,5,12,43
33,0,7,9,11,12,44
succeed
1.17,1.12,1.19,1.07,1.06,1.03,1.15,1.08,1.05,1.2,1.07,1.01,1.12,1.13,1.11,1.13,1.12,1.15,1.13,1.09,1.16,1.19,1.04,1.04,1.09,1.11,1.03,1.08,1.02,1.1