10
14,0,7,9,15
16,5,4,6,17
15,9,13,8,18
19,1,3,8,13,20
19,1,2,5,10,21
15,9,13,8,3,22
20,13,12,5,16
23,4,6,17
17,6,7,9,10,21
14,0,7,6,17
22,3,8,13,20
24,11,9,10,21
21,10,5,4,23
21,10,5,2,0,14
18,8,3,1,2,25
23,4,3,22
25,2,0,7,9,15
14,0,2,5,16
26,12,5,4,23
19,1,3,22
19,1,2,5,16
18,8,13,12,26
25,2,1,3,22
22,3,1,0,14
18,8,11,24
25,2,5,12,13,20
24,11,12,5,2,25
25,2,1,3,8,18
25,2,0,7,6,17
14,0,1,3,8,18
15,9,7,6,17
27,7,9,13,8,18
27,7,9,11,24
22,3,8,18
25,2,0,7,27
19,1,0,7,9,15
23,4,5,2,25
20,13,12,26
20,13,9,10,21
19,1,3,8,11,24
26,12,11,24
18,8,13,9,10,21
22,3,4,23
15,9,7,0,14
14,0,7,9,11,24
14,0,2,5,10,21
21,10,9,7,27
24,11,8,13,20
26,12,13,9,15
17,6,7,0,14
21,10,5,4,6,17
23,4,3,8,18
19,1,3,8,18
22,3,4,5,16
14,0,2,5,4,23
26,12,5,4,3,22
25,2,1,19
20,13,9,15
17,6,4,5,12,26
15,9,13,20
succeed
0.73,0.61,0.69,0.77,0.63,0.8,0.76,0.61,0.79,0.71,0.78,0.68,0.76,0.69,0.68,0.66,0.66,0.74,0.73,0.74,0.63,0.78,0.76,0.65,0.66,0.62,0.66,0.79,0.73,0.61,0.79,0.77,0.8,0.77,0.76,0.7,0.66,0.76,0.77,0.79,0.76,0.61,0.74,0.76,0.78,0.63,0.62,0.76,0.68,0.65,0.71,0.68,0.63,0.66,0.73,0.7,0.74,0.68,0.72,0.62