10
14,0,2,1,3,4,15
16,9,10,5,4,15
17,3,1,0,7,18
18,7,9,10,19
14,0,2,1,3,4,6,20
14,0,2,5,4,6,21
14,0,7,6,22
23,12,13,9,7,18
23,12,11,9,7,6,20
17,3,1,2,5,10,19
17,3,4,5,10,24
17,3,8,11,9,10,25
15,4,3,8,26
15,4,5,10,9,13,8,27
14,0,1,3,8,11,9,13,28
14,0,1,3,8,13,29
15,4,3,17
19,10,9,13,8,26
16,9,7,6,20
16,9,10,5,4,6,21
18,7,6,4,15
15,4,6,7,18
20,6,4,3,17
18,7,0,1,30
26,8,11,12,5,31
26,8,13,12,5,32
30,1,0,7,18
20,6,4,5,31
19,10,5,12,23
18,7,9,16
33,2,0,14
31,5,2,33
26,8,13,28
26,8,11,9,10,19
26,8,11,12,5,10,24
23,12,13,8,3,17
34,11,8,3,4,15
34,11,12,5,4,35
28,13,9,7,0,14
28,13,12,5,2,0,36
14,0,1,3,17
14,0,2,1,3,37
28,13,9,10,5,4,15
20,6,7,0,14
28,13,9,16
28,13,12,5,2,1,30
28,13,8,3,17
30,1,0,7,9,16
30,1,2,5,10,9,38
18,7,0,1,3,17
18,7,6,4,3,37
14,0,2,1,3,8,11,34
14,0,2,5,12,11,39
33,2,5,4,15
28,13,12,23
succeed
0.71,0.64,0.79,0.71,0.76,0.75,0.71,0.74,0.73,0.73,0.75,0.65,0.68,0.78,0.61,0.7,0.7,0.65,0.73,0.66,0.76,0.67,0.8,0.65,0.76,0.73,0.67,0.72,0.8,0.72,0.69,0.67,0.63,0.67,0.79,0.71,0.76,0.74,0.68,0.77