10
14,7,0,1,15
16,0,7,9,17
18,5,4,6,19
18,5,2,1,15
20,2,1,3,21
20,2,5,18
22,13,8,3,1,15
23,4,5,10,24
18,5,12,11,25
26,12,11,25
14,7,9,11,25
21,3,4,6,19
19,6,7,9,17
18,5,10,9,17
15,1,2,20
26,12,5,4,6,19
16,0,1,3,8,27
27,8,3,1,0,16
18,5,12,13,8,27
15,1,3,21
15,1,2,5,18
20,2,0,7,14
17,9,7,14
20,2,0,7,6,19
14,7,0,2,20
24,10,9,13,22
26,12,5,4,23
15,1,0,7,6,19
23,4,5,12,26
19,6,4,3,8,27
succeed
0.84,0.82,0.9,0.82,0.94,0.91,0.81,0.94,0.82,0.83,0.96,0.99,0.94,0.83,0.93,0.83,0.91,0.96,0.81,0.99,1,0.93,0.91,0.88,0.82,0.87,0.85,0.92,0.93,0.9