10
14,0,7,9,15
14,0,2,5,10,9,16
14,0,2,5,12,13,9,17
18,5,4,6,19
18,5,2,0,7,6,20
18,5,10,9,7,6,21
15,9,13,8,22
15,9,11,8,23
15,9,13,12,11,8,24
25,1,3,8,13,26
25,1,0,7,9,13,27
25,1,2,5,12,13,28
25,1,2,5,10,29
25,1,0,7,9,10,30
25,1,0,2,5,10,31
15,9,13,8,3,32
15,9,11,8,3,33
15,9,7,0,1,3,34
26,13,12,5,18
26,13,9,10,5,35
26,13,9,11,12,5,36
37,4,6,19
37,4,3,1,0,7,6,20
37,4,5,10,9,7,6,21
19,6,7,9,10,29
19,6,4,5,10,30
19,6,7,0,2,5,10,31
14,0,7,6,19
14,0,1,3,4,6,20
14,0,2,5,4,6,21
32,3,8,13,26
32,3,8,11,9,13,27
32,3,4,5,12,13,28
38,11,9,10,29
38,11,12,5,10,30
38,11,12,13,9,10,31
29,10,5,4,37
29,10,9,7,6,4,39
29,10,5,2,1,3,4,40
29,10,9,7,0,14
29,10,5,2,0,41
29,10,5,2,1,0,42
22,8,3,1,2,43
22,8,3,1,0,2,44
22,8,3,4,5,2,45
37,4,3,32
37,4,5,2,1,3,33
37,4,5,2,0,1,3,34
43,2,0,7,9,15
43,2,5,10,9,16
43,2,5,12,13,9,17
14,0,2,5,18
14,0,1,2,5,35
14,0,1,3,4,5,36
46,12,5,4,37
46,12,13,8,3,4,39
46,12,11,8,3,4,40
25,1,3,32
25,1,2,5,4,3,33
25,1,0,7,6,4,3,34
25,1,2,5,18
25,1,0,2,5,35
25,1,3,4,5,36
22,8,13,12,46
22,8,11,12,47
22,8,13,9,11,12,48
43,2,1,3,32
43,2,0,1,3,33
43,2,5,4,3,34
32,3,1,0,14
32,3,1,2,0,41
32,3,4,6,7,0,42
22,8,11,38
22,8,13,9,11,49
22,8,13,12,11,50
43,2,5,12,13,26
43,2,5,10,9,13,27
43,2,1,3,8,13,28
38,11,12,5,2,43
38,11,9,7,0,2,44
38,11,9,10,5,2,45
43,2,1,3,8,22
43,2,0,1,3,8,23
43,2,5,12,13,8,24
43,2,0,7,6,19
43,2,5,4,6,20
43,2,1,0,7,6,21
14,0,1,3,8,22
14,0,7,9,13,8,23
14,0,7,9,11,8,24
15,9,7,6,19
15,9,10,5,4,6,20
15,9,13,8,3,4,6,21
51,7,9,13,8,22
51,7,9,11,8,23
51,7,0,1,3,8,24
51,7,9,11,38
51,7,9,13,8,11,49
51,7,9,13,12,11,50
32,3,8,22
32,3,4,5,12,13,8,23
32,3,4,5,12,11,8,24
43,2,0,7,51
43,2,1,0,7,52
43,2,5,10,9,7,53
25,1,0,7,9,15
25,1,3,8,13,9,16
25,1,3,8,11,9,17
37,4,5,2,43
37,4,3,1,2,44
37,4,3,1,0,2,45
26,13,12,46
26,13,9,11,12,47
26,13,8,11,12,48
26,13,9,10,29
26,13,12,5,10,30
26,13,12,11,9,10,31
25,1,3,8,11,38
25,1,0,7,9,11,49
25,1,2,5,12,11,50
46,12,11,38
46,12,13,9,11,49
46,12,13,8,11,50
22,8,13,9,10,29
22,8,11,9,10,30
22,8,13,12,5,10,31
32,3,4,37
32,3,1,2,5,4,39
32,3,1,0,7,6,4,40
15,9,7,0,14
15,9,10,5,2,0,41
15,9,10,5,2,1,0,42
14,0,7,9,11,38
14,0,1,3,8,11,49
14,0,2,5,12,11,50
14,0,7,9,10,29
14,0,2,5,10,30
14,0,1,2,5,10,31
29,10,9,7,51
29,10,5,2,0,7,52
29,10,5,4,6,7,53
38,11,9,13,26
38,11,8,13,27
38,11,12,13,28
46,12,13,9,15
46,12,11,9,16
46,12,5,10,9,17
19,6,7,0,14
19,6,4,3,1,0,41
19,6,4,5,2,0,42
29,10,9,7,6,19
29,10,5,4,6,20
29,10,5,2,0,7,6,21
37,4,3,8,22
37,4,5,12,13,8,23
37,4,5,12,11,8,24
25,1,3,8,22
25,1,0,7,9,13,8,23
25,1,0,7,9,11,8,24
32,3,4,5,18
32,3,1,2,5,35
32,3,1,0,2,5,36
14,0,1,3,4,37
14,0,7,6,4,39
14,0,2,5,4,40
46,12,13,8,3,32
46,12,11,8,3,33
46,12,5,4,3,34
43,2,1,25
43,2,0,1,54
43,2,5,4,3,1,55
26,13,9,15
26,13,8,11,9,16
26,13,12,11,9,17
19,6,4,5,12,46
19,6,7,9,13,12,47
19,6,7,9,11,12,48
15,9,13,26
15,9,11,8,13,27
15,9,11,12,13,28
succeed
0.73,0.61,0.69,0.77,0.63,0.8,0.76,0.61,0.79,0.71,0.78,0.68,0.76,0.69,0.68,0.66,0.66,0.74,0.73,0.74,0.63,0.78,0.76,0.65,0.66,0.62,0.66,0.79,0.73,0.61,0.79,0.77,0.8,0.77,0.76,0.7,0.66,0.76,0.77,0.79,0.76,0.61,0.74,0.76,0.78,0.63,0.62,0.76,0.68,0.65,0.71,0.68,0.63,0.66,0.73,0.7,0.74,0.68,0.72,0.62