10
14,1,2,15
16,11,9,7,6,17
14,1,0,7,9,18
18,9,10,19
20,4,5,2,15
21,8,13,22
23,0,2,15
14,1,3,24
25,5,12,11,16
18,9,13,8,21
19,10,9,13,22
23,0,1,3,24
15,2,5,12,26
18,9,13,12,26
25,5,4,3,8,21
23,0,7,6,4,20
27,7,9,13,12,26
14,1,0,23
16,11,12,26
27,7,0,2,15
17,6,7,9,18
16,11,8,3,1,14
15,2,5,25
20,4,5,12,26
26,12,11,16
23,0,2,5,25
22,13,8,3,24
22,13,8,3,1,14
25,5,4,20
23,0,2,5,12,26
succeed
1.17,1.12,1.19,1.07,1.06,1.03,1.15,1.08,1.05,1.2,1.07,1.01,1.12,1.13,1.11,1.13,1.12,1.15,1.13,1.09,1.16,1.19,1.04,1.04,1.09,1.11,1.03,1.08,1.02,1.1