10
14,2,5,12,15
16,13,8,3,4,17
16,13,9,10,5,4,18
19,5,12,13,16
19,5,2,0,1,20
19,5,2,1,21
22,9,13,16
23,10,5,4,6,24
25,0,7,6,24
17,4,3,1,0,2,14
16,13,8,11,26
23,10,5,12,13,16
23,10,9,13,27
23,10,9,11,26
23,10,5,2,1,3,28
23,10,9,11,8,3,29
24,6,4,3,8,11,12,15
24,6,7,9,11,12,30
25,0,7,31
15,12,11,8,32
15,12,13,8,33
16,13,8,3,1,20
16,13,8,11,12,5,2,1,21
16,13,12,5,2,1,34
20,1,2,0,7,9,13,12,15
20,1,2,5,12,30
32,8,3,1,0,25
22,9,13,12,15
26,11,8,13,9,22
26,11,9,35
24,6,7,0,2,14
31,7,6,4,17
31,7,9,10,5,4,18
14,2,0,1,3,4,6,24
14,2,0,7,9,10,5,4,6,36
14,2,5,4,6,37
15,12,11,26
25,0,1,3,8,32
24,6,4,3,28
22,9,10,5,4,17
19,5,4,3,28
19,5,12,13,8,3,29
31,7,9,11,8,32
31,7,9,13,8,33
16,13,8,32
succeed
1.22,1.28,1.28,1.3,1.3,1.22,1.4,1.37,1.33,1.27,1.23,1.36,1.25,1.22,1.33,1.28,1.27,1.35,1.39,1.39,1.32,1.28,1.36,1.24,1.38,1.26,1.33,1.29,1.37,1.23