10
14,2,5,12,15
14,2,5,10,9,13,12,16
14,2,1,3,8,13,12,17
18,13,8,3,4,19
18,13,12,5,4,20
18,13,9,7,6,4,21
22,5,12,13,18
22,5,10,9,13,23
22,5,12,11,8,13,24
22,5,2,1,25
22,5,2,0,1,26
22,5,4,3,1,27
28,9,13,18
28,9,11,8,13,23
28,9,11,12,13,24
29,10,5,4,6,30
29,10,9,7,6,31
29,10,5,2,0,7,6,32
33,0,7,6,30
33,0,1,3,4,6,31
33,0,2,5,4,6,32
19,4,5,2,14
19,4,3,1,2,34
19,4,3,1,0,2,35
18,13,8,11,36
18,13,12,11,37
18,13,9,11,38
29,10,9,13,18
29,10,5,12,13,23
29,10,9,11,8,13,24
29,10,9,11,36
29,10,5,12,11,37
29,10,9,13,8,11,38
29,10,5,4,3,39
29,10,5,2,1,3,40
29,10,9,13,8,3,41
30,6,4,5,12,15
30,6,7,9,13,12,16
30,6,7,9,11,12,17
33,0,7,42
33,0,1,3,4,6,7,43
33,0,2,5,10,9,7,44
15,12,13,8,45
15,12,11,8,46
15,12,13,9,11,8,47
18,13,8,3,1,25
18,13,12,5,2,1,26
18,13,9,7,0,1,27
25,1,2,5,12,15
25,1,0,2,5,12,16
25,1,3,8,13,12,17
45,8,3,1,0,33
45,8,3,1,2,0,48
45,8,13,9,7,0,49
28,9,13,12,15
28,9,11,12,16
28,9,10,5,12,17
36,11,9,28
36,11,8,13,9,50
36,11,12,13,9,51
30,6,7,0,2,14
30,6,4,5,2,34
30,6,7,0,1,2,35
42,7,6,4,19
42,7,0,2,5,4,20
42,7,0,1,3,4,21
14,2,5,4,6,30
14,2,0,7,6,31
14,2,1,3,4,6,32
15,12,11,36
15,12,13,8,11,37
15,12,13,9,11,38
33,0,1,3,8,45
33,0,7,9,13,8,46
33,0,7,9,11,8,47
30,6,4,3,39
30,6,7,0,1,3,40
30,6,4,5,2,1,3,41
28,9,7,6,4,19
28,9,10,5,4,20
28,9,13,8,3,4,21
22,5,4,3,39
22,5,2,1,3,40
22,5,2,0,1,3,41
42,7,9,13,8,45
42,7,9,11,8,46
42,7,6,4,3,8,47
18,13,8,45
18,13,12,11,8,46
18,13,9,11,8,47
succeed
1.22,1.28,1.28,1.3,1.3,1.22,1.4,1.37,1.33,1.27,1.23,1.36,1.25,1.22,1.33,1.28,1.27,1.35,1.39,1.39,1.32,1.28,1.36,1.24,1.38,1.26,1.33,1.29,1.37,1.23