10
14,1,0,2,15
14,1,2,16
17,11,8,3,4,6,18
14,1,2,5,10,9,19
14,1,3,8,11,9,20
19,9,11,12,5,10,21
22,4,5,2,15
23,8,13,24
25,0,2,15
14,1,3,26
27,5,10,9,11,17
19,9,11,8,23
19,9,13,8,28
21,10,5,12,13,24
21,10,9,13,29
25,0,1,3,26
25,0,2,1,3,30
15,2,5,12,31
19,9,13,12,31
27,5,12,11,8,23
25,0,1,3,4,22
25,0,7,6,4,32
33,7,9,13,12,31
14,1,0,25
17,11,12,31
33,7,0,2,15
18,6,4,3,8,13,9,19
18,6,7,9,20
17,11,8,3,1,14
17,11,9,7,0,1,34
15,2,5,27
22,4,3,8,13,12,31
31,12,11,17
25,0,2,5,27
25,0,7,6,4,5,35
24,13,8,3,26
24,13,8,3,1,14
24,13,9,10,5,4,3,1,34
24,13,12,5,4,3,1,36
27,5,4,22
25,0,7,9,10,5,12,31
25,0,7,9,13,12,37
succeed
1.17,1.12,1.19,1.07,1.06,1.03,1.15,1.08,1.05,1.2,1.07,1.01,1.12,1.13,1.11,1.13,1.12,1.15,1.13,1.09,1.16,1.19,1.04,1.04,1.09,1.11,1.03,1.08,1.02,1.1