10
14,13,9,7,6,15
16,2,5,12,17
18,4,5,12,17
19,8,13,9,10,20
21,5,4,18
17,12,5,10,20
22,1,3,4,18
15,6,4,18
23,3,8,11,24
22,1,2,16
18,4,3,8,11,24
24,11,12,13,14
25,9,7,0,1,22
26,7,0,2,16
16,2,5,12,13,14
15,6,7,9,11,24
16,2,1,22
17,12,5,4,3,23
23,3,4,18
24,11,9,25
15,6,7,26
20,10,9,25
21,5,2,1,22
14,13,12,17
22,1,3,8,19
15,6,7,0,1,22
26,7,9,25
20,10,5,2,1,22
18,4,3,23
20,10,5,4,18
succeed
0.78,0.61,0.68,0.7,0.62,0.78,0.62,0.7,0.66,0.66,0.8,0.76,0.7,0.78,0.61,0.69,0.72,0.76,0.71,0.7,0.63,0.75,0.61,0.7,0.76,0.68,0.63,0.76,0.75,0.67