100
14,3,4,5,12,15
14,3,8,13,12,16
14,3,8,11,12,17
18,4,3,14
18,4,5,2,1,3,19
18,4,5,2,0,1,3,20
21,0,7,9,10,22
21,0,2,5,10,23
21,0,1,2,5,10,24
25,11,8,26
25,11,9,13,8,27
25,11,12,13,8,28
29,1,3,8,13,30
29,1,0,7,9,13,31
29,1,2,5,12,13,32
30,13,12,5,2,33
30,13,9,7,0,2,34
30,13,9,10,5,2,35
36,5,10,9,37
36,5,12,13,9,38
36,5,12,11,9,39
37,9,7,40
37,9,10,5,2,0,7,41
37,9,10,5,4,6,7,42
36,5,4,3,14
36,5,2,1,3,19
36,5,2,0,1,3,20
29,1,0,7,6,43
29,1,3,4,6,44
29,1,2,0,7,6,45
43,6,4,5,2,33
43,6,7,0,2,34
43,6,4,3,1,2,35
14,3,4,5,10,22
14,3,1,2,5,10,23
14,3,8,13,9,10,24
18,4,3,8,11,25
18,4,5,12,11,46
18,4,5,10,9,11,47
14,3,8,13,9,37
14,3,8,11,9,38
14,3,1,0,7,9,39
15,12,5,2,33
15,12,5,4,3,1,2,34
15,12,13,9,7,0,2,35
40,7,0,1,3,14
40,7,6,4,3,19
40,7,0,2,1,3,20
30,13,9,7,6,43
30,13,12,5,4,6,44
30,13,8,3,4,6,45
14,3,4,5,36
14,3,1,2,5,48
14,3,1,0,2,5,49
40,7,0,21
40,7,9,10,5,2,0,50
40,7,6,4,3,1,0,51
37,9,10,22
37,9,13,12,5,10,23
37,9,11,12,5,10,24
succeed
23,25,28,28,27,29,24,25,29,21,25,24,26,30,23,22,30,26,29,26