10
14,13,9,7,6,15
16,2,5,12,17
18,4,5,12,17
19,8,13,9,10,20
21,5,2,0,7,6,4,18
21,5,4,22
17,12,5,10,20
17,12,11,9,10,23
24,1,3,4,18
15,6,4,18
25,3,8,11,26
24,1,0,2,16
18,4,5,10,9,11,26
18,4,5,12,13,8,11,27
26,11,8,13,14
26,11,12,13,28
29,9,7,0,1,24
30,7,0,2,16
16,2,0,7,9,13,14
16,2,5,12,13,28
15,6,4,3,8,11,26
15,6,4,5,10,9,13,8,11,27
15,6,4,5,12,11,31
15,6,7,9,13,8,11,32
16,2,1,24
17,12,13,8,3,25
25,3,1,0,7,6,4,18
25,3,4,22
26,11,8,13,9,29
15,6,7,30
20,10,9,29
21,5,2,1,24
14,13,12,17
24,1,3,8,19
15,6,4,3,1,24
15,6,7,0,2,1,33
30,7,9,29
20,10,5,2,0,1,24
18,4,3,25
20,10,5,4,18
20,10,9,7,6,4,22
succeed
0.78,0.61,0.68,0.7,0.62,0.78,0.62,0.7,0.66,0.66,0.8,0.76,0.7,0.78,0.61,0.69,0.72,0.76,0.71,0.7,0.63,0.75,0.61,0.7,0.76,0.68,0.63,0.76,0.75,0.67