10
14,7,9,11,8,15
14,7,9,13,8,16
14,7,0,1,3,8,17
18,4,6,7,9,19
18,4,5,10,9,20
18,4,5,12,11,9,21
22,5,4,18
22,5,2,1,3,4,23
22,5,2,0,7,6,4,24
25,11,9,7,14
25,11,12,13,9,7,26
25,11,8,13,9,7,27
18,4,5,22
18,4,3,1,2,5,28
18,4,3,1,0,2,5,29
18,4,6,7,14
18,4,3,1,0,7,26
18,4,5,10,9,7,27
30,12,5,22
30,12,11,9,10,5,28
30,12,13,9,10,5,29
25,11,9,10,31
25,11,12,5,10,32
25,11,12,13,9,10,33
30,12,5,2,1,34
30,12,5,2,0,1,35
30,12,5,4,3,1,36
31,10,9,7,14
31,10,5,2,0,7,26
31,10,5,4,6,7,27
37,2,5,12,30
37,2,5,10,9,11,12,38
37,2,0,7,9,11,12,39
19,9,13,40
19,9,11,12,13,41
19,9,11,8,13,42
37,2,5,12,11,25
37,2,5,10,9,11,43
37,2,0,7,9,11,44
15,8,11,9,10,31
15,8,13,9,10,32
15,8,11,12,5,10,33
40,13,12,5,22
40,13,9,10,5,28
40,13,9,11,12,5,29
30,12,5,10,31
30,12,11,9,10,32
30,12,13,9,10,33
34,1,3,45
34,1,2,5,4,3,46
34,1,0,7,6,4,3,47
30,12,5,4,18
30,12,11,8,3,4,23
30,12,13,8,3,4,24
15,8,11,12,5,22
15,8,13,12,5,28
15,8,3,4,5,29
45,3,1,0,7,14
45,3,4,6,7,26
45,3,1,2,0,7,27
succeed
0.76,0.76,0.66,0.79,0.75,0.74,0.62,0.79,0.65,0.74,0.77,0.72,0.74,0.8,0.64,0.75,0.69,0.73,0.71,0.72