10
14,13,9,7,6,15
14,13,12,5,4,6,16
14,13,8,3,4,6,17
18,2,5,12,19
18,2,5,10,9,11,12,20
18,2,1,3,8,11,12,21
22,4,5,12,19
22,4,3,8,11,12,20
22,4,3,8,13,12,21
23,8,11,9,10,24
23,8,13,9,10,25
23,8,11,12,5,10,26
27,5,4,22
27,5,2,1,3,4,28
27,5,2,0,7,6,4,29
19,12,5,10,24
19,12,11,9,10,25
19,12,13,9,10,26
30,1,3,4,22
30,1,2,5,4,28
30,1,0,7,6,4,29
15,6,4,22
15,6,7,0,1,3,4,28
15,6,7,0,2,5,4,29
31,3,8,11,32
31,3,8,13,12,11,33
31,3,4,5,12,11,34
30,1,2,18
30,1,0,2,35
30,1,3,4,5,2,36
22,4,3,8,11,32
22,4,5,12,11,33
22,4,5,10,9,11,34
32,11,12,13,14
32,11,8,13,37
32,11,9,13,38
39,9,7,0,1,30
39,9,7,0,2,1,40
39,9,10,5,2,1,41
42,7,0,2,18
42,7,0,1,2,35
42,7,6,4,5,2,36
18,2,5,12,13,14
18,2,5,10,9,13,37
18,2,1,3,8,13,38
15,6,7,9,11,32
15,6,4,5,12,11,33
15,6,4,3,8,11,34
18,2,1,30
18,2,0,1,40
18,2,5,4,3,1,41
19,12,5,4,3,31
19,12,11,8,3,43
19,12,13,8,3,44
31,3,4,22
31,3,1,2,5,4,28
31,3,1,0,7,6,4,29
32,11,9,39
32,11,12,13,9,45
32,11,8,13,9,46
15,6,7,42
15,6,4,3,1,0,7,47
15,6,4,5,10,9,7,48
24,10,9,39
24,10,5,12,11,9,45
24,10,5,12,13,9,46
27,5,2,1,30
27,5,2,0,1,40
27,5,4,3,1,41
14,13,12,19
14,13,8,11,12,20
14,13,9,11,12,21
30,1,3,8,23
30,1,0,7,9,11,8,49
30,1,0,7,9,13,8,50
15,6,7,0,1,30
15,6,4,3,1,40
15,6,7,0,2,1,41
42,7,9,39
42,7,6,4,5,10,9,45
42,7,0,2,5,10,9,46
24,10,5,2,1,30
24,10,5,2,0,1,40
24,10,5,4,3,1,41
22,4,3,31
22,4,5,2,1,3,43
22,4,5,2,0,1,3,44
24,10,5,4,22
24,10,9,7,6,4,28
24,10,5,2,1,3,4,29
succeed
0.78,0.61,0.68,0.7,0.62,0.78,0.62,0.7,0.66,0.66,0.8,0.76,0.7,0.78,0.61,0.69,0.72,0.76,0.71,0.7,0.63,0.75,0.61,0.7,0.76,0.68,0.63,0.76,0.75,0.67