10
14,7,0,1,15
14,7,0,2,1,16
14,7,6,4,3,1,17
18,0,7,9,19
18,0,2,5,10,9,20
18,0,2,5,12,11,9,21
22,5,4,6,23
22,5,10,9,7,6,24
22,5,2,0,7,6,25
22,5,2,1,15
22,5,2,0,1,16
22,5,4,3,1,17
26,2,1,3,27
26,2,5,4,3,28
26,2,0,1,3,29
26,2,5,22
26,2,1,3,4,5,30
26,2,0,7,9,10,5,31
32,13,8,3,1,15
32,13,9,7,0,1,16
32,13,12,5,2,1,17
33,4,5,10,34
33,4,6,7,9,10,35
33,4,5,12,11,9,10,36
22,5,12,11,37
22,5,10,9,11,38
22,5,12,13,8,11,39
40,12,11,37
40,12,13,8,11,38
40,12,13,9,11,39
14,7,9,11,37
14,7,9,13,8,11,38
14,7,9,13,12,11,39
27,3,4,6,23
27,3,1,0,7,6,24
27,3,1,2,5,4,6,25
23,6,7,9,19
23,6,4,5,10,9,20
23,6,4,5,12,11,9,21
22,5,10,9,19
22,5,12,11,9,20
22,5,12,13,9,21
15,1,2,26
15,1,0,2,41
15,1,3,4,5,2,42
40,12,5,4,6,23
40,12,11,9,7,6,24
40,12,13,9,7,6,25
18,0,1,3,8,43
18,0,2,1,3,8,44
18,0,7,9,11,8,45
43,8,3,1,0,18
43,8,3,1,2,0,46
43,8,11,9,7,0,47
22,5,4,3,8,43
22,5,12,11,8,44
22,5,12,13,8,45
15,1,3,27
15,1,2,5,4,3,28
15,1,0,7,6,4,3,29
15,1,2,5,22
15,1,3,4,5,30
15,1,0,2,5,31
26,2,0,7,14
26,2,1,0,7,48
26,2,5,4,6,7,49
19,9,7,14
19,9,10,5,2,0,7,48
19,9,10,5,4,6,7,49
26,2,5,4,6,23
26,2,0,7,6,24
26,2,1,3,4,6,25
14,7,0,2,26
14,7,0,1,2,41
14,7,6,4,5,2,42
34,10,9,13,32
34,10,5,12,13,50
34,10,9,11,8,13,51
40,12,5,4,33
40,12,11,8,3,4,52
40,12,13,8,3,4,53
15,1,3,4,6,23
15,1,0,7,6,24
15,1,2,5,4,6,25
33,4,5,12,40
33,4,3,8,11,12,54
33,4,3,8,13,12,55
23,6,4,3,8,43
23,6,7,9,11,8,44
23,6,7,9,13,8,45
succeed
0.84,0.82,0.9,0.82,0.94,0.91,0.81,0.94,0.82,0.83,0.96,0.99,0.94,0.83,0.93,0.83,0.91,0.96,0.81,0.99,1,0.93,0.91,0.88,0.82,0.87,0.85,0.92,0.93,0.9