10
14,12,5,2,15
16,9,11,17
14,12,11,9,7,18
19,3,4,20
16,9,11,8,21
21,8,3,1,0,22
14,12,5,2,1,23
14,12,11,8,3,19
20,4,3,1,0,22
23,1,3,8,11,17
18,7,0,2,5,24
22,0,7,9,10,25
18,7,0,1,3,19
19,3,1,2,15
19,3,1,0,7,18
26,13,9,7,6,27
16,9,13,26
22,0,1,23
24,5,4,6,27
14,12,13,26
16,9,7,6,27
18,7,6,4,20
22,0,7,9,13,26
20,4,5,10,9,16
17,11,12,13,26
25,10,5,12,14
18,7,0,22
23,1,2,5,24
21,8,3,4,5,24
18,7,9,11,17
succeed
0.23,0.32,0.27,0.28,0.33,0.31,0.39,0.23,0.28,0.32,0.29,0.34,0.31,0.25,0.21,0.26,0.38,0.28,0.24,0.39,0.4,0.27,0.22,0.21,0.28,0.39,0.21,0.23,0.39,0.33