10
14,6,4,5,10,15
16,3,8,11,17
18,1,0,7,6,14
19,13,9,20
18,1,3,4,21
15,10,5,4,3,16
22,7,6,4,21
15,10,5,12,23
15,10,9,13,12,24
25,8,13,19
23,12,5,26
19,13,12,5,2,0,1,18
27,0,2,5,10,15
15,10,5,2,0,1,18
19,13,12,5,4,21
20,9,13,8,3,1,0,27
28,2,0,27
28,2,5,10,15
22,7,0,1,3,8,13,9,20
22,7,0,2,1,3,8,13,9,29
27,0,1,3,4,5,26
18,1,3,16
28,2,5,12,23
23,12,13,8,25
20,9,7,0,2,28
14,6,4,3,8,13,19
19,13,9,7,22
19,13,12,23
15,10,5,2,0,27
27,0,7,6,14
27,0,1,3,4,5,12,13,19
27,0,7,9,13,30
21,4,3,1,2,28
21,4,6,7,22
16,3,1,0,7,22
16,3,4,6,7,31
17,11,9,10,15
22,7,9,13,12,23
22,7,9,13,19
17,11,8,3,16
18,1,0,7,9,20
18,1,0,2,5,12,13,19
18,1,2,5,12,13,30
18,1,3,8,13,32
22,7,0,2,5,10,15
22,7,9,10,33
17,11,12,5,2,28
19,13,8,3,4,6,14
14,6,7,9,20
26,5,10,9,13,8,25
26,5,12,13,8,34
26,5,12,23
22,7,0,2,28
14,6,4,5,26
16,3,4,5,10,15
18,1,3,8,25
26,5,4,6,14
18,1,0,7,9,10,15
18,1,3,8,11,9,10,33
18,1,3,8,11,12,13,9,10,35
succeed
0.8,0.7,0.79,0.72,0.62,0.76,0.78,0.74,0.74,0.7,0.69,0.8,0.73,0.67,0.64,0.68,0.63,0.79,0.67,0.62,0.72,0.65,0.61,0.77,0.68,0.62,0.66,0.73,0.63,0.68,0.73,0.67,0.7,0.61,0.7,0.63,0.68,0.66,0.74,0.62,0.73,0.77,0.78,0.7,0.65,0.62,0.68,0.63,0.68,0.63