10
14,12,5,2,15
16,9,11,17
14,12,13,9,7,18
19,3,4,20
16,9,11,8,21
21,8,3,1,0,22
21,8,3,1,2,0,23
14,12,5,2,0,1,24
14,12,5,2,1,25
14,12,11,8,3,1,26
14,12,13,8,3,19
20,4,3,1,0,22
20,4,6,7,0,23
24,1,3,8,13,12,11,17
18,7,0,2,5,27
22,0,2,5,10,28
18,7,6,4,3,19
19,3,1,2,15
19,3,1,0,7,18
19,3,4,5,10,9,7,29
30,13,8,3,4,6,31
30,13,9,7,6,32
16,9,13,30
22,0,1,24
27,5,4,6,31
14,12,13,30
16,9,7,6,31
16,9,11,8,3,4,6,32
18,7,0,1,3,4,20
18,7,6,4,33
22,0,7,9,13,30
20,4,5,10,9,16
17,11,8,13,30
28,10,5,12,14
18,7,0,22
24,1,0,7,9,10,5,27
24,1,2,5,34
21,8,11,12,5,27
21,8,13,9,10,5,34
21,8,13,12,5,35
18,7,0,1,3,8,11,17
18,7,9,11,36
18,7,9,13,8,11,37
succeed
0.23,0.32,0.27,0.28,0.33,0.31,0.39,0.23,0.28,0.32,0.29,0.34,0.31,0.25,0.21,0.26,0.38,0.28,0.24,0.39,0.4,0.27,0.22,0.21,0.28,0.39,0.21,0.23,0.39,0.33