10
14,6,7,9,10,15
14,6,4,5,10,16
14,6,7,0,2,5,10,17
18,3,8,11,19
18,3,8,13,12,11,20
18,3,4,5,12,11,21
22,1,3,4,6,14
22,1,0,7,6,23
22,1,2,5,4,6,24
25,13,9,26
25,13,8,11,9,27
25,13,12,11,9,28
22,1,3,4,29
22,1,2,5,4,30
22,1,0,7,6,4,31
15,10,5,4,3,18
15,10,5,2,1,3,32
15,10,9,13,8,3,33
34,7,6,4,29
34,7,0,1,3,4,30
34,7,0,2,5,4,31
15,10,5,12,35
15,10,9,13,12,36
15,10,9,11,12,37
38,8,13,25
38,8,11,12,13,39
38,8,11,9,13,40
35,12,5,41
35,12,13,9,10,5,42
35,12,11,9,10,5,43
25,13,8,3,1,22
25,13,12,5,2,1,44
25,13,9,7,0,1,45
46,0,2,5,10,15
46,0,7,9,10,16
46,0,1,2,5,10,17
15,10,5,2,1,22
15,10,5,2,0,1,44
15,10,5,4,3,1,45
25,13,8,3,4,29
25,13,12,5,4,30
25,13,9,7,6,4,31
26,9,7,0,46
26,9,10,5,2,0,47
26,9,10,5,2,1,0,48
49,2,0,46
49,2,1,0,47
49,2,5,4,6,7,0,48
49,2,5,10,15
49,2,0,7,9,10,16
49,2,5,12,13,9,10,17
34,7,9,26
34,7,0,2,5,10,9,27
34,7,6,4,5,10,9,28
46,0,2,5,41
46,0,1,2,5,42
46,0,1,3,4,5,43
22,1,3,18
22,1,2,5,4,3,32
22,1,0,7,6,4,3,33
49,2,5,12,35
49,2,5,10,9,13,12,36
49,2,0,7,9,13,12,37
35,12,13,8,38
35,12,11,8,50
35,12,13,9,11,8,51
26,9,7,0,2,49
26,9,10,5,2,52
26,9,7,0,1,2,53
14,6,7,9,13,25
14,6,4,3,8,13,39
14,6,4,5,12,13,40
25,13,9,7,34
25,13,8,11,9,7,54
25,13,12,11,9,7,55
25,13,12,35
25,13,8,11,12,36
25,13,9,11,12,37
15,10,5,2,0,46
15,10,9,7,0,47
15,10,5,2,1,0,48
46,0,7,6,14
46,0,2,5,4,6,23
46,0,1,3,4,6,24
46,0,7,9,13,25
46,0,2,5,12,13,39
46,0,1,3,8,13,40
29,4,5,2,49
29,4,3,1,2,52
29,4,3,1,0,2,53
29,4,6,7,34
29,4,3,1,0,7,54
29,4,5,10,9,7,55
18,3,4,6,7,34
18,3,1,0,7,54
18,3,1,2,0,7,55
19,11,9,10,15
19,11,12,5,10,16
19,11,12,13,9,10,17
34,7,9,13,12,35
34,7,9,11,12,36
34,7,0,2,5,12,37
34,7,9,13,25
34,7,9,11,8,13,39
34,7,9,11,12,13,40
19,11,8,3,18
19,11,12,5,4,3,32
19,11,12,13,8,3,33
22,1,0,7,9,26
22,1,2,5,10,9,27
22,1,2,0,7,9,28
22,1,3,8,13,25
22,1,2,5,12,13,39
22,1,0,7,9,13,40
34,7,9,10,15
34,7,0,2,5,10,16
34,7,6,4,5,10,17
19,11,12,5,2,49
19,11,8,3,1,2,52
19,11,9,7,0,2,53
25,13,9,7,6,14
25,13,8,3,4,6,23
25,13,12,5,4,6,24
14,6,7,9,26
14,6,4,5,10,9,27
14,6,4,5,12,13,9,28
41,5,4,3,8,38
41,5,12,13,8,50
41,5,12,11,8,51
41,5,12,35
41,5,10,9,13,12,36
41,5,10,9,11,12,37
34,7,0,2,49
34,7,0,1,2,52
34,7,6,4,5,2,53
14,6,4,5,41
14,6,7,0,2,5,42
14,6,7,9,10,5,43
18,3,4,5,10,15
18,3,8,13,9,10,16
18,3,8,11,9,10,17
22,1,3,8,38
22,1,2,5,12,13,8,50
22,1,2,5,12,11,8,51
41,5,4,6,14
41,5,2,0,7,6,23
41,5,10,9,7,6,24
22,1,2,5,10,15
22,1,3,4,5,10,16
22,1,0,7,9,10,17
succeed
0.8,0.7,0.79,0.72,0.62,0.76,0.78,0.74,0.74,0.7,0.69,0.8,0.73,0.67,0.64,0.68,0.63,0.79,0.67,0.62,0.72,0.65,0.61,0.77,0.68,0.62,0.66,0.73,0.63,0.68,0.73,0.67,0.7,0.61,0.7,0.63,0.68,0.66,0.74,0.62,0.73,0.77,0.78,0.7,0.65,0.62,0.68,0.63,0.68,0.63