10
14,6,7,9,10,15
16,3,8,11,17
18,1,3,4,6,14
19,13,9,20
18,1,3,4,21
15,10,5,4,3,16
22,7,6,4,21
15,10,5,12,23
24,8,13,19
23,12,5,25
19,13,8,3,1,18
26,0,2,5,10,15
15,10,5,2,1,18
19,13,12,5,4,21
20,9,7,0,26
27,2,0,26
27,2,5,10,15
22,7,9,20
26,0,2,5,25
18,1,3,16
27,2,5,12,23
23,12,13,8,24
20,9,10,5,2,27
14,6,7,9,13,19
19,13,9,7,22
19,13,12,23
15,10,9,7,0,26
26,0,7,6,14
26,0,7,9,13,19
21,4,5,2,27
21,4,6,7,22
16,3,1,0,7,22
17,11,9,10,15
22,7,9,13,12,23
22,7,9,13,19
17,11,8,3,16
18,1,0,7,9,20
18,1,3,8,13,19
22,7,9,10,15
17,11,12,5,2,27
19,13,9,7,6,14
14,6,7,9,20
25,5,12,13,8,24
25,5,12,23
22,7,0,2,27
14,6,4,5,25
16,3,4,5,10,15
18,1,3,8,24
25,5,4,6,14
18,1,2,5,10,15
succeed
0.8,0.7,0.79,0.72,0.62,0.76,0.78,0.74,0.74,0.7,0.69,0.8,0.73,0.67,0.64,0.68,0.63,0.79,0.67,0.62,0.72,0.65,0.61,0.77,0.68,0.62,0.66,0.73,0.63,0.68,0.73,0.67,0.7,0.61,0.7,0.63,0.68,0.66,0.74,0.62,0.73,0.77,0.78,0.7,0.65,0.62,0.68,0.63,0.68,0.63