10
14,7,9,13,8,15
16,4,3,8,13,9,17
16,4,5,10,9,18
16,4,6,7,9,19
20,5,4,16
21,11,8,3,1,0,7,14
21,11,8,3,4,6,7,22
21,11,9,7,23
16,4,3,1,0,2,5,20
16,4,5,24
16,4,3,1,0,7,14
16,4,6,7,22
25,12,5,20
21,11,8,3,1,0,2,5,10,26
21,11,9,10,27
25,12,5,2,0,1,28
25,12,11,8,3,1,29
25,12,13,9,7,0,1,30
26,10,5,2,0,7,14
31,2,0,1,3,8,11,12,25
31,2,5,12,32
17,9,13,33
31,2,0,7,9,11,21
15,8,11,9,10,26
33,13,8,3,4,5,20
33,13,12,5,24
25,12,5,10,26
25,12,13,8,11,9,10,27
25,12,13,9,10,34
28,1,3,35
25,12,13,8,3,4,16
15,8,11,9,10,5,20
15,8,13,12,5,24
35,3,4,6,7,14
succeed
0.76,0.76,0.66,0.79,0.75,0.74,0.62,0.79,0.65,0.74,0.77,0.72,0.74,0.8,0.64,0.75,0.69,0.73,0.71,0.72