--------------------------------------
Time: 5.50004
Split Ratios: 1 0.5 0.5 1 0.5 0.5 1 1 1 1 1 1 1 0.5 0.5 1 0.5 0.5 0.5 0.5 0.5 0.5 1 1 1 1 1 0.5 0.5 1 1 1 1 1 1 1 1 
Delays: 0.0115549 0.0286186 0.0287753 0.0231082 0.0158845 0.0131802 0.0345934 0.0230976 0.00757462 0.00937971 0.0280834 0.0196778 0.0243927 0.0174502 0.0141646 0.0220875 0.00568158 0.0235111 0.0312865 0.027203 0.0158858 0.0148044 0.019209 0.0206814 0.021035 0.0134505 0.00569416 0.0191773 0.0136676 0.00755255 
Throughputs: 1.2288 1.47456 1.26157 1.19603 1.5401 1.34349 1.57286 1.45818 1.24518 1.2288 1.31072 1.1305 1.40902 1.26157 1.21242 0.933888 1.16326 1.19603 1.31072 1.1305 1.27795 1.39264 1.50733 1.03219 1.39264 1.50733 1.42541 1.27795 1.34349 1.57286 
Utility: 4.66669 3.94206 3.78059 3.94658 4.57426 4.62431 3.81699 4.14521 5.10223 4.87524 3.84315 4.05092 4.05637 4.28076 4.44962 3.74435 5.32176 3.92929 3.73515 3.72708 4.38759 4.54403 4.36272 3.91021 4.19277 4.71908 5.52277 4.19929 4.588 5.33877 

--------------------------------------
Time: 6.0002
Split Ratios: 1 0.023 0.977 1 0.962 0.038 1 1 1 1 1 1 1 0.015 0.985 1 0.85 0.15 0.022 0.978 0.984 0.016 1 1 1 1 1 0.1 0.9 1 1 1 1 1 1 1 1 
Delays: 0.0115615 0.0284631 0.0286046 0.0233309 0.0155611 0.0130957 0.0344929 0.0231512 0.00748105 0.009447 0.028567 0.0232448 0.0246567 0.0189213 0.019116 0.017851 0.00561859 0.0236087 0.0308678 0.0270691 0.0155066 0.0127407 0.0194115 0.0206733 0.0210917 0.0134655 0.00564477 0.0198226 0.0135826 0.00747471 
Throughputs: 1.50733 1.24518 1.19603 1.3271 1.35987 1.26157 1.2288 1.37626 1.27795 1.5401 1.3271 1.47456 1.40902 1.35987 1.39264 1.1305 1.17965 1.40902 1.37626 1.45818 1.17965 1.47456 1.5401 1.40902 1.31072 1.14688 1.37626 1.49094 1.62202 1.31072 
Utility: 4.87041 3.77843 3.7332 4.04097 4.47037 4.56783 3.57304 4.08508 5.14064 5.0939 3.8385 4.15003 4.0456 4.27486 4.28843 4.14835 5.34689 4.08904 3.79741 3.98655 4.33171 4.75131 4.37374 4.22181 4.12945 4.44467 5.49639 4.32034 4.78263 5.16681 

--------------------------------------
Time: 6.50042
Split Ratios: 1 0.023 0.977 1 0.962 0.038 1 1 1 1 1 1 1 0.015 0.985 1 0.85 0.15 0.022 0.978 0.984 0.016 1 1 1 1 1 0.1 0.9 1 1 1 1 1 1 1 1 
Delays: 0.0113224 0.0290467 0.0287222 0.0236573 0.0154158 0.0130556 0.0348147 0.0232646 0.00756837 0.00956336 0.028563 0.023454 0.0246858 0.0192429 0.0190728 0.0179327 0.00560335 0.0236585 0.0310346 0.02756 0.0157163 0.0125612 0.0191886 0.0206195 0.0211712 0.0137779 0.00572556 0.0199097 0.0135895 0.00750217 
Throughputs: 1.29434 1.29434 1.14688 1.31072 1.17965 1.29434 1.35987 1.27795 1.42541 1.50733 1.17965 1.29434 1.31072 1.37626 1.34349 0.999424 1.16326 1.68755 1.57286 1.37626 1.29434 1.6384 1.49094 1.6384 1.3271 1.49094 1.60563 1.11411 1.40902 1.47456 
Utility: 4.73897 3.79685 3.68713 4.01466 4.33758 4.59653 3.66511 4.00608 5.23824 5.06015 3.72086 4.01071 3.9721 4.26998 4.25476 4.02056 5.33562 4.26731 3.92555 3.91076 4.41106 4.87086 4.35285 4.37524 4.13811 4.6841 5.63633 4.02461 4.64135 5.28092 

--------------------------------------
Time: 7.00056
Split Ratios: 1 0.023 0.977 1 0.962 0.038 1 1 1 1 1 1 1 0.015 0.985 1 0.85 0.15 0.022 0.978 0.984 0.016 1 1 1 1 1 0.1 0.9 1 1 1 1 1 1 1 1 
Delays: 0.0113856 0.0288364 0.0284083 0.0232851 0.0154795 0.0130889 0.0344949 0.0230127 0.00754798 0.00945067 0.028341 0.0232464 0.0244839 0.0188627 0.0188664 0.0178365 0.00559289 0.0234912 0.0309487 0.0272443 0.015465 0.0120326 0.0194469 0.0207908 0.0212181 0.0135085 0.00577041 0.0194985 0.0134645 0.0075575 
Throughputs: 1.19603 1.2288 1.35987 1.2288 1.40902 1.5401 1.24518 1.37626 1.44179 1.45818 1.24518 1.19603 1.57286 1.26157 1.24518 1.44179 1.11411 1.58925 1.40902 1.14688 1.09773 1.52371 1.37626 1.34349 1.39264 1.3271 1.52371 1.04858 1.50733 1.24518 
Utility: 4.65442 3.75215 3.86847 3.96598 4.51114 4.76784 3.58623 4.09107 5.25236 5.03886 3.78273 3.94062 4.16264 4.20292 4.18965 4.39239 5.29432 4.21439 3.81832 3.73995 4.26242 4.84128 4.25943 4.16851 4.1841 4.58743 5.57616 3.98485 4.71803 5.1045 

--------------------------------------
Time: 7.50088
Split Ratios: 1 0.023 0.977 1 0.962 0.038 1 1 1 1 1 1 1 0.015 0.985 1 0.85 0.15 0.022 0.978 0.984 0.016 1 1 1 1 1 0.1 0.9 1 1 1 1 1 1 1 1 
Delays: 0.0114792 0.0285317 0.0285164 0.0231261 0.0152916 0.013057 0.034169 0.0229174 0.00746102 0.00972095 0.0283757 0.0231632 0.0244573 0.0185719 0.019107 0.0180469 0.00565646 0.0238421 0.030948 0.0278889 0.0155717 0.0121752 0.019698 0.0206014 0.0210748 0.0134098 0.00565353 0.0195537 0.0135257 0.00747228 
Throughputs: 1.29434 1.31072 1.09773 1.39264 1.11411 1.39264 1.11411 1.49094 1.06496 1.2288 1.2288 1.75309 1.37626 1.31072 1.75309 1.21242 1.14688 1.44179 1.29434 1.17965 1.40902 1.65478 1.60563 1.21242 1.19603 1.5401 1.50733 1.37626 1.31072 1.2288 
Utility: 4.72522 3.82732 3.65052 4.09799 4.28851 4.66963 3.48449 4.17527 4.961 4.83951 3.76826 4.32657 4.0302 4.25668 4.51908 4.2074 5.312 4.10219 3.73344 3.74474 4.5052 4.91203 4.40076 4.07501 4.03869 4.74361 5.58581 4.25396 4.57374 5.10259 

--------------------------------------
Time: 8.00088
Split Ratios: 1 0.023 0.977 1 0.962 0.038 1 1 1 1 1 1 1 0.015 0.985 1 0.85 0.15 0.022 0.978 0.984 0.016 1 1 1 1 1 0.1 0.9 1 1 1 1 1 1 1 1 
Delays: 0.0115776 0.0288027 0.0284372 0.0238416 0.0154006 0.0129806 0.0347062 0.0228959 0.00754067 0.00955144 0.0285177 0.0233798 0.0245214 0.0186893 0.019298 0.0180573 0.00574909 0.0238842 0.0306049 0.027137 0.0154427 0.0125928 0.0192984 0.0206777 0.0212951 0.0133916 0.00568074 0.0198403 0.0135703 0.00753152 
Throughputs: 1.16326 1.37626 1.14688 1.21242 1.37626 1.37626 1.11411 1.34349 1.11411 1.31072 1.27795 1.35987 1.42541 1.55648 1.65478 1.31072 1.52371 1.47456 1.1305 1.29434 1.6384 1.44179 1.21242 1.17965 1.35987 1.42541 1.58925 1.35987 1.58925 1.39264 
Utility: 4.60992 3.86665 3.6971 3.92894 4.49271 4.66367 3.46889 4.07207 4.9955 4.92164 3.80249 4.06327 4.06267 4.42223 4.45143 4.28478 5.57986 4.1229 3.60925 3.86485 4.66434 4.74051 4.14035 4.04392 4.15667 4.66758 5.63393 4.22743 4.76313 5.21986 

--------------------------------------
Time: 8.50123
Split Ratios: 1 0.023 0.977 1 0.962 0.038 1 1 1 1 1 1 1 0.015 0.985 1 0.85 0.15 0.022 0.978 0.984 0.016 1 1 1 1 1 0.1 0.9 1 1 1 1 1 1 1 1 
Delays: 0.0114 0.0284713 0.0285563 0.0234684 0.0153218 0.0130937 0.0341438 0.0230627 0.00752216 0.00953007 0.0284365 0.0232857 0.0247467 0.0187156 0.0190547 0.0180721 0.00563893 0.0234941 0.030648 0.0272096 0.0154006 0.0126031 0.019395 0.0207135 0.0214017 0.0134192 0.00568718 0.0202459 0.0136447 0.00748953 
Throughputs: 1.3271 1.24518 1.39264 1.47456 1.24518 1.14688 0.999424 1.26157 1.27795 1.42541 1.24518 1.5401 1.58925 1.72032 1.21242 1.1305 1.16326 1.27795 1.26157 1.37626 1.04858 1.65478 1.49094 1.39264 1.52371 1.45818 1.37626 1.27795 1.62202 1.19603 
Utility: 4.75714 3.77814 3.88708 4.14046 4.39776 4.47267 3.3766 4.00189 5.13516 5.00776 3.77937 4.19176 4.16232 4.52091 4.15306 4.13604 5.32929 3.99627 3.71754 3.92355 4.22078 4.87748 4.34215 4.20817 4.26543 4.68825 5.48891 4.14506 4.77807 5.07326 

--------------------------------------
Time: 9.00126
Split Ratios: 1 0.023 0.977 1 0.962 0.038 1 1 1 1 1 1 1 0.015 0.985 1 0.85 0.15 0.022 0.978 0.984 0.016 1 1 1 1 1 0.1 0.9 1 1 1 1 1 1 1 1 
Delays: 0.0113048 0.0285057 0.0286253 0.0232358 0.0154063 0.013039 0.0344836 0.0229978 0.00753977 0.00949714 0.0284397 0.0233192 0.024747 0.0186494 0.0189025 0.0180716 0.0056084 0.0234744 0.0308628 0.0274637 0.0154835 0.0122172 0.0195969 0.020633 0.0217598 0.0135483 0.00565788 0.0197472 0.0133701 0.00757262 
Throughputs: 1.01581 1.49094 1.31072 1.47456 1.39264 1.29434 1.31072 1.24518 1.47456 1.34349 1.24518 1.55648 1.55648 1.19603 1.39264 1.1305 1.39264 1.19603 1.2288 1.35987 1.37626 1.47456 1.55648 1.39264 1.31072 1.31072 1.40902 1.17965 1.47456 1.11411 
Utility: 4.49821 3.95706 3.82404 4.15042 4.50418 4.59781 3.63785 3.99164 5.27592 4.95203 3.77925 4.2009 4.14148 4.16095 4.29966 4.13607 5.51469 3.93086 3.68424 3.90228 4.48735 4.79327 4.37481 4.21206 4.09827 4.57207 5.5176 4.08996 4.70309 4.99127 

--------------------------------------
Time: 9.50164
Split Ratios: 1 0.023 0.977 1 0.962 0.038 1 1 1 1 1 1 1 0.015 0.985 1 0.85 0.15 0.022 0.978 0.984 0.016 1 1 1 1 1 0.1 0.9 1 1 1 1 1 1 1 1 
Delays: 0.0114564 0.0285562 0.0289915 0.0235437 0.0152166 0.0129832 0.0345327 0.0233092 0.00750341 0.00950672 0.0285519 0.0233922 0.0245669 0.0189363 0.0188623 0.0181561 0.00573705 0.0238977 0.030725 0.0275804 0.015379 0.0126461 0.0195566 0.0207176 0.0218101 0.0135836 0.00578514 0.0197809 0.0135363 0.00753152 
Throughputs: 1.37626 0.950272 1.49094 1.37626 1.24518 1.39264 1.37626 1.14688 1.19603 1.49094 1.24518 1.52371 1.35987 1.24518 1.67117 1.37626 1.60563 1.55648 1.35987 1.58925 1.21242 1.49094 1.39264 1.55648 1.29434 1.45818 1.45818 1.35987 1.5401 1.26157 
Utility: 4.78857 3.50488 3.94016 4.06826 4.40465 4.6753 3.68522 3.89595 5.07141 5.05517 3.77532 4.1765 4.01374 4.18596 4.48411 4.32811 5.63433 4.1764 3.79007 4.05391 4.36736 4.76982 4.26564 4.3192 4.08338 4.67608 5.52965 4.23043 4.73423 5.12101 

--------------------------------------
Time: 10.0018
Split Ratios: 1 0.023 0.977 1 0.962 0.038 1 1 1 1 1 1 1 0.015 0.985 1 0.85 0.15 0.022 0.978 0.984 0.016 1 1 1 1 1 0.1 0.9 1 1 1 1 1 1 1 1 
Delays: 0.0114042 0.0285278 0.0288618 0.0233569 0.0153176 0.0130464 0.0343936 0.0233682 0.00754759 0.00945879 0.028493 0.0234747 0.0244543 0.018932 0.0190038 0.0182008 0.00564621 0.0241709 0.0306823 0.0274476 0.0155258 0.0125088 0.0194698 0.0206199 0.0214458 0.0134138 0.00572967 0.0196755 0.0135451 0.00752722 
Throughputs: 1.40902 1.08134 1.47456 1.35987 1.19603 1.49094 1.11411 1.3271 1.47456 1.39264 1.5401 1.31072 1.49094 1.27795 1.81862 1.55648 1.26157 1.55648 1.35987 1.50733 1.09773 1.37626 1.3271 1.26157 1.27795 1.40902 1.24518 1.39264 1.75309 1.21242 
Utility: 4.81667 3.63508 3.9336 4.06425 4.35776 4.73866 3.47794 4.03938 5.27489 4.99201 3.98994 4.02241 4.11036 4.21216 4.5612 4.44872 5.40913 4.16503 3.79146 4.00582 4.25849 4.70069 4.22189 4.11385 4.08748 4.65437 5.38138 4.25958 4.86311 5.08184 

--------------------------------------
Time: 10.5019
Split Ratios: 1 0.023 0.977 1 0.962 0.038 1 1 1 1 1 1 1 0.015 0.985 1 0.85 0.15 0.022 0.978 0.984 0.016 1 1 1 1 1 0.1 0.9 1 1 1 1 1 1 1 1 
Delays: 0.0115865 0.0284879 0.0284716 0.023542 0.0155931 0.01322 0.0349264 0.0230526 0.0075229 0.00971742 0.0283842 0.0234278 0.0247135 0.0193016 0.018847 0.0180957 0.00565074 0.0238609 0.0310289 0.0271614 0.0154858 0.0124785 0.0193995 0.0206692 0.0217304 0.0135558 0.0056868 0.0201509 0.0136898 0.00759821 
Throughputs: 1.24518 1.57286 1.40902 1.47456 1.29434 1.58925 1.2288 1.14688 1.19603 1.6384 1.24518 1.49094 1.52371 1.42541 1.42541 1.31072 1.42541 1.34349 1.37626 1.3271 1.21242 1.31072 1.58925 1.34349 1.45818 1.31072 1.45818 1.17965 1.27795 1.49094 
Utility: 4.6772 4.01117 3.90175 4.13733 4.41893 4.78929 3.56055 3.90702 5.06881 5.12756 3.78121 4.15324 4.12155 4.30203 4.32586 4.28266 5.53043 4.03078 3.7922 3.88896 4.36045 4.65433 4.40577 4.17438 4.20623 4.57152 5.54679 4.06972 4.53637 5.27925 

--------------------------------------
Time: 11.0019
Split Ratios: 1 0.023 0.977 1 0.962 0.038 1 1 1 1 1 1 1 0.015 0.985 1 0.85 0.15 0.022 0.978 0.984 0.016 1 1 1 1 1 0.1 0.9 1 1 1 1 1 1 1 1 
Delays: 0.0112537 0.02848 0.0287456 0.0231299 0.0155835 0.0130461 0.0344369 0.0239518 0.00745973 0.0097039 0.0282939 0.0236024 0.0245164 0.0190361 0.0190183 0.0187817 0.00565053 0.023571 0.030809 0.0276147 0.0155544 0.0126337 0.0195614 0.0204692 0.0213756 0.0132755 0.00572711 0.0195518 0.01366 0.00745068 
Throughputs: 1.16326 1.11411 1.19603 1.42541 1.47456 1.37626 1.09773 1.5401 1.1305 1.3271 1.24518 1.72032 1.16326 1.31072 1.50733 1.49094 1.35987 1.52371 1.40902 1.29434 0.999424 1.6384 1.24518 1.08134 1.60563 1.16326 1.65478 1.16326 1.47456 1.27795 
Utility: 4.63829 3.66661 3.72828 4.12109 4.54991 4.65863 3.46187 4.16356 5.02089 4.91823 3.78439 4.28892 3.85964 4.23199 4.37269 4.37428 5.4834 4.16889 3.82285 3.84741 4.16284 4.86511 4.15348 3.96704 4.31902 4.47307 5.66621 4.08592 4.68164 5.14471 

--------------------------------------
Time: 11.5022
Split Ratios: 1 0.023 0.977 1 0.962 0.038 1 1 1 1 1 1 1 0.015 0.985 1 0.85 0.15 0.022 0.978 0.984 0.016 1 1 1 1 1 0.1 0.9 1 1 1 1 1 1 1 1 
Delays: 0.0113159 0.0289029 0.0286954 0.0230067 0.0156435 0.0130135 0.0343772 0.0231335 0.0075589 0.00948918 0.0285447 0.0233489 0.0245144 0.0182642 0.0188591 0.018242 0.00568928 0.0233731 0.030895 0.0273111 0.0154828 0.0120143 0.0194548 0.0206645 0.0212099 0.013544 0.00566534 0.0192842 0.0136155 0.00751339 
Throughputs: 1.04858 1.39264 1.14688 1.29434 1.44179 1.3271 1.27795 1.44179 1.14688 1.27795 1.3271 1.27795 1.42541 1.55648 1.5401 1.58925 1.3271 1.19603 1.37626 1.42541 1.27795 1.42541 1.42541 1.26157 1.42541 1.60563 1.3271 1.04858 1.2288 1.27795 
Utility: 4.52898 3.87501 3.68806 4.02997 4.52359 4.62477 3.61562 4.13236 5.02207 4.90286 3.83928 4.00247 4.06295 4.44524 4.4026 4.46729 5.45217 3.93518 3.79653 3.95492 4.41329 4.77611 4.29412 4.1117 4.20775 4.77533 5.45639 3.9959 4.50258 5.13633 

--------------------------------------
Time: 12.0024
Split Ratios: 1 0.023 0.977 1 0.962 0.038 1 1 1 1 1 1 1 0.015 0.985 1 0.85 0.15 0.022 0.978 0.984 0.016 1 1 1 1 1 0.1 0.9 1 1 1 1 1 1 1 1 
Delays: 0.011407 0.02864 0.0281661 0.022777 0.0152132 0.0130124 0.03435 0.0227604 0.00752706 0.00957148 0.0284916 0.0233868 0.0246628 0.018518 0.0191177 0.0176056 0.00566852 0.0232387 0.030716 0.027199 0.015471 0.0116846 0.0195091 0.0206283 0.0210073 0.0133937 0.0056846 0.0194097 0.0134246 0.00749324 
Throughputs: 1.26157 1.21242 1.03219 1.27795 1.26157 1.34349 1.26157 1.16326 1.29434 1.62202 1.21242 1.42541 1.55648 1.21242 1.29434 1.1305 1.37626 1.16326 1.27795 1.42541 1.50733 1.26157 1.3271 1.21242 1.70394 1.29434 1.37626 1.24518 1.47456 1.45818 
Utility: 4.70589 3.74557 3.60132 4.02726 4.41795 4.63712 3.60351 3.93396 5.14725 5.13264 3.75076 4.11004 4.14488 4.18162 4.21514 4.1622 5.49219 3.91317 3.72823 3.95903 4.57913 4.68184 4.21987 4.07371 4.39583 4.57097 5.48936 4.16127 4.69903 5.27094 

--------------------------------------
Time: 12.5032
Split Ratios: 1 0.023 0.977 1 0.962 0.038 1 1 1 1 1 1 1 0.015 0.985 1 0.85 0.15 0.022 0.978 0.984 0.016 1 1 1 1 1 0.1 0.9 1 1 1 1 1 1 1 1 
Delays: 0.0113622 0.0295974 0.0285034 0.0233211 0.015498 0.0131108 0.0347661 0.0230253 0.0075908 0.00948906 0.0284519 0.0234833 0.0245729 0.0187691 0.0190425 0.0177504 0.00560342 0.0237348 0.0315829 0.0270329 0.0154188 0.012354 0.0194599 0.0207895 0.0214329 0.013588 0.00567107 0.0194813 0.0140815 0.00754299 
Throughputs: 1.3271 1.52371 1.40902 1.31072 1.24518 1.29434 1.35987 1.3271 1.40902 1.2288 1.2288 1.14688 1.39264 1.37626 1.47456 1.35987 1.42541 1.39264 1.67117 1.47456 1.27795 1.5401 1.58925 1.49094 1.50733 1.52371 1.3271 1.14688 1.34349 1.40902 
Utility: 4.76047 3.94122 3.90063 4.02897 4.38633 4.59232 3.6665 4.05416 5.22372 4.86365 3.76558 3.88851 4.03731 4.29491 4.34944 4.33874 5.53884 4.07202 3.96866 3.99906 4.41743 4.82562 4.40266 4.27272 4.25316 4.71972 5.45538 4.07534 4.55816 5.23003 

--------------------------------------
Time: 13.0034
Split Ratios: 1 0.023 0.977 1 0.962 0.038 1 1 1 1 1 1 1 0.015 0.985 1 0.85 0.15 0.022 0.978 0.984 0.016 1 1 1 1 1 0.1 0.9 1 1 1 1 1 1 1 1 
Delays: 0.0116448 0.0286195 0.0286328 0.0236877 0.0153731 0.0129751 0.0344941 0.0228363 0.00751238 0.00946811 0.0283325 0.0232823 0.0245729 0.0189717 0.0190503 0.0179575 0.00568102 0.0241365 0.0306001 0.027184 0.0155702 0.0128268 0.019413 0.020543 0.0212937 0.0134429 0.00563964 0.0197836 0.0135356 0.00750526 
Throughputs: 1.35987 1.34349 1.39264 1.45818 1.39264 1.1305 1.24518 1.40902 1.3271 1.39264 1.31072 1.27795 1.42541 1.47456 1.45818 1.27795 1.40902 1.19603 1.37626 1.29434 1.21242 1.24518 1.37626 1.34349 1.37626 1.45818 1.39264 1.39264 1.5401 1.52371 
Utility: 4.76029 3.84894 3.8844 4.11999 4.50633 4.46738 3.58625 4.1223 5.1742 4.99103 3.83432 4.00532 4.06057 4.35317 4.33786 4.265 5.51352 3.90304 3.80612 3.86313 4.35501 4.57551 4.26118 4.1805 4.16871 4.68649 5.50914 4.2541 4.73428 5.3133 

--------------------------------------
Time: 13.5035
Split Ratios: 1 0.023 0.977 1 0.962 0.038 1 1 1 1 1 1 1 0.015 0.985 1 0.85 0.15 0.022 0.978 0.984 0.016 1 1 1 1 1 0.1 0.9 1 1 1 1 1 1 1 1 
Delays: 0.0113395 0.0288441 0.0288291 0.0236831 0.0155689 0.0130062 0.0348014 0.0230704 0.00750246 0.00950055 0.02856 0.0233133 0.0245409 0.0193653 0.0190474 0.0176994 0.00571555 0.0238872 0.0317215 0.0273045 0.0156902 0.0132521 0.0196151 0.0206644 0.0215009 0.0134824 0.00575207 0.019991 0.014255 0.00758043 
Throughputs: 1.50733 1.42541 1.37626 1.39264 1.31072 1.14688 1.26157 1.37626 1.21242 1.57286 1.37626 1.35987 1.47456 1.70394 1.31072 1.2288 1.29434 1.47456 1.62202 1.27795 1.27795 1.49094 1.70394 1.26157 1.40902 1.24518 1.47456 1.27795 1.49094 1.50733 
Utility: 4.8898 3.90031 3.86574 4.07419 4.43306 4.47937 3.59045 4.08857 5.08514 5.1093 3.87511 4.06612 4.09577 4.47721 4.2314 4.24026 5.42256 4.12277 3.93443 3.84596 4.39997 4.72301 4.4644 4.1117 4.18256 4.52565 5.54655 4.15773 4.65006 5.29252 

--------------------------------------
Time: 14.0036
Split Ratios: 1 0.023 0.977 1 0.962 0.038 1 1 1 1 1 1 1 0.015 0.985 1 0.85 0.15 0.022 0.978 0.984 0.016 1 1 1 1 1 0.1 0.9 1 1 1 1 1 1 1 1 
Delays: 0.0114688 0.0284098 0.0289247 0.0238285 0.0154595 0.0130846 0.0342682 0.023207 0.00748812 0.00943727 0.0281438 0.0231136 0.0244243 0.0195775 0.0190098 0.0177878 0.00559439 0.0238515 0.0309188 0.0275082 0.0156772 0.0130917 0.0191003 0.0205911 0.0214894 0.0132987 0.0057609 0.0196398 0.0136088 0.0075483 
Throughputs: 1.35987 1.40902 1.42541 1.24518 1.29434 1.37626 1.21242 1.5401 1.24518 1.2288 1.14688 0.98304 1.29434 1.31072 1.3271 1.3271 1.16326 1.68755 1.42541 1.24518 1.09773 1.34349 1.40902 1.11411 1.19603 1.14688 1.35987 1.34349 1.47456 1.65478 
Utility: 4.77551 3.90392 3.89752 3.95616 4.42753 4.65568 3.56615 4.19514 5.11372 4.86913 3.70747 3.75023 3.97017 4.20395 4.2458 4.31224 5.33722 4.25919 3.83085 3.81256 4.24879 4.63105 4.30095 3.99096 4.01921 4.45713 5.46405 4.22547 4.6854 5.3901 

--------------------------------------
Time: 14.5036
Split Ratios: 1 0.023 0.977 1 0.962 0.038 1 1 1 1 1 1 1 0.015 0.985 1 0.85 0.15 0.022 0.978 0.984 0.016 1 1 1 1 1 0.1 0.9 1 1 1 1 1 1 1 1 
Delays: 0.0113496 0.028595 0.0285569 0.0230707 0.0152715 0.0130595 0.034629 0.0228171 0.00746766 0.00949904 0.0283783 0.0233806 0.0246676 0.0184909 0.018744 0.017649 0.00572376 0.0233242 0.0310034 0.0269947 0.0156909 0.0119262 0.019105 0.0207084 0.0211873 0.0136268 0.00568964 0.0195079 0.0135325 0.00749498 
Throughputs: 1.39264 1.16326 1.19603 1.39264 1.26157 1.49094 1.57286 1.3271 1.24518 1.50733 1.34349 1.60563 1.50733 1.44179 1.42541 1.2288 1.37626 1.24518 1.26157 1.1305 1.17965 1.67117 1.19603 1.37626 1.40902 1.52371 1.29434 1.50733 1.3271 1.27795 
Utility: 4.80978 3.70575 3.73487 4.10039 4.41412 4.73765 3.81596 4.06325 5.11646 5.0669 3.8574 4.22937 4.1126 4.35636 4.33134 4.24311 5.4825 3.97755 3.70601 3.73477 4.31989 4.94254 4.13681 4.19658 4.19725 4.71687 5.42711 4.34727 4.58566 5.13878 

--------------------------------------
Time: 15.0039
Split Ratios: 1 0.023 0.977 1 0.962 0.038 1 1 1 1 1 1 1 0.015 0.985 1 0.85 0.15 0.022 0.978 0.984 0.016 1 1 1 1 1 0.1 0.9 1 1 1 1 1 1 1 1 
Delays: 0.0114169 0.0289542 0.0285994 0.02352 0.0151747 0.0130147 0.0347002 0.0230114 0.00750729 0.0095251 0.0286449 0.0230491 0.0245986 0.0186112 0.0191888 0.0182222 0.00571937 0.0236409 0.0307956 0.0272822 0.0153913 0.0128463 0.019258 0.0205698 0.0212099 0.0133857 0.00566162 0.0194955 0.0134369 0.00744632 
Throughputs: 1.19603 1.50733 1.34349 1.39264 1.2288 1.35987 1.57286 1.40902 1.39264 1.5401 1.5401 1.40902 1.49094 1.44179 1.35987 1.29434 1.21242 1.45818 1.50733 1.34349 1.21242 1.27795 1.3271 1.24518 1.35987 1.44179 1.24518 1.29434 1.16326 1.08134 
Utility: 4.65167 3.95238 3.84964 4.0811 4.39416 4.64907 3.81391 4.11466 5.22308 5.08567 3.98462 4.11303 4.10447 4.34988 4.26082 4.26311 5.35651 4.12196 3.89072 3.89679 4.36657 4.59996 4.23283 4.10321 4.16068 4.67945 5.39333 4.19557 4.46098 4.97824 

--------------------------------------
Time: 15.5039
Split Ratios: 1 0.023 0.977 1 0.962 0.038 1 1 1 1 1 1 1 0.015 0.985 1 0.85 0.15 0.022 0.978 0.984 0.016 1 1 1 1 1 0.1 0.9 1 1 1 1 1 1 1 1 
Delays: 0.0114822 0.0286214 0.0285927 0.0241296 0.0153477 0.0130309 0.0342411 0.0231336 0.00759795 0.00971942 0.0284498 0.0235228 0.0246349 0.0194319 0.0188681 0.0178059 0.00569768 0.0241128 0.0305645 0.0273922 0.0153803 0.0127178 0.0193206 0.0206332 0.0211996 0.0136171 0.00573344 0.0200748 0.0135396 0.00753477 
Throughputs: 1.34349 1.31072 1.26157 1.52371 1.26157 1.37626 1.1305 1.58925 1.3271 1.45818 1.39264 1.60563 1.1305 1.35987 1.24518 1.57286 1.39264 1.44179 1.40902 1.31072 1.42541 1.34349 1.16326 1.37626 1.57286 1.6384 1.40902 1.47456 1.52371 1.40902 
Utility: 4.76223 3.82418 3.78696 4.14547 4.40915 4.6598 3.49698 4.22973 5.16288 5.01082 3.89082 4.2233 3.82625 4.24823 4.18956 4.48112 5.4989 4.0909 3.83081 3.86807 4.52912 4.66002 4.09781 4.20022 4.30667 4.79015 5.50434 4.29665 4.72329 5.23112 

--------------------------------------
Time: 16.0041
Split Ratios: 1 0.023 0.977 1 0.962 0.038 1 1 1 1 1 1 1 0.015 0.985 1 0.85 0.15 0.022 0.978 0.984 0.016 1 1 1 1 1 0.1 0.9 1 1 1 1 1 1 1 1 
Delays: 0.0113971 0.0285484 0.0285294 0.023404 0.0154364 0.0130798 0.0348002 0.0227119 0.00760546 0.00950155 0.0284382 0.0231274 0.0246915 0.0186389 0.0189743 0.0176204 0.00568324 0.0238111 0.0310604 0.0272314 0.0156842 0.0128058 0.0194098 0.0206351 0.021299 0.0133669 0.00566652 0.01955 0.0135046 0.00755442 
Throughputs: 1.2288 1.21242 1.45818 1.42541 1.45818 1.3271 1.39264 1.17965 1.37626 1.6384 1.17965 1.19603 1.67117 1.42541 1.39264 1.31072 1.29434 1.62202 1.37626 1.35987 1.16326 1.31072 1.39264 1.09773 1.29434 1.24518 1.45818 1.42541 1.42541 1.52371 
Utility: 4.68043 3.74877 3.93401 4.1093 4.54821 4.61969 3.68933 3.95008 5.19826 5.15002 3.72524 3.94575 4.21482 4.33696 4.29587 4.30928 5.42823 4.22127 3.79119 3.91078 4.30633 4.62843 4.27318 3.97401 4.1071 4.53426 5.55037 4.28924 4.65918 5.30677 

--------------------------------------
Time: 16.5043
Split Ratios: 1 0.023 0.977 1 0.962 0.038 1 1 1 1 1 1 1 0.015 0.985 1 0.85 0.15 0.022 0.978 0.984 0.016 1 1 1 1 1 0.1 0.9 1 1 1 1 1 1 1 1 
Delays: 0.0114652 0.0286327 0.0285263 0.0233328 0.0153559 0.0130474 0.0344608 0.0227765 0.00751422 0.00939374 0.0288027 0.0231947 0.0244191 0.0189336 0.018845 0.0175738 0.00565894 0.0242242 0.0306975 0.0273287 0.0155608 0.0128636 0.0194471 0.0206116 0.021339 0.0132674 0.00567187 0.0197488 0.0134317 0.00751731 
Throughputs: 1.70394 1.24518 1.26157 1.31072 1.17965 1.49094 1.24518 1.17965 1.11411 1.52371 1.17965 1.35987 1.2288 1.50733 1.50733 1.06496 1.34349 1.60563 1.60563 1.5401 1.35987 1.44179 1.29434 1.16326 1.44179 1.42541 1.2288 0.98304 1.26157 1.08134 
Utility: 5.00138 3.77249 3.78929 4.02847 4.34147 4.73857 3.58722 3.94724 4.99902 5.08886 3.7125 4.07122 3.91843 4.37716 4.38185 4.10428 5.46979 4.19392 3.95709 4.03166 4.47039 4.71924 4.19806 4.03313 4.21311 4.6769 5.37827 3.90755 4.54249 4.96875 

--------------------------------------
Time: 17.0045
Split Ratios: 1 0.023 0.977 1 0.962 0.038 1 1 1 1 1 1 1 0.015 0.985 1 0.85 0.15 0.022 0.978 0.984 0.016 1 1 1 1 1 0.1 0.9 1 1 1 1 1 1 1 1 
Delays: 0.0115432 0.0286423 0.0288136 0.02307 0.0152211 0.0130984 0.0344619 0.0231039 0.0075782 0.00952938 0.0283956 0.0230848 0.0245448 0.0185309 0.0189891 0.0179999 0.00568017 0.0233783 0.0308265 0.027082 0.0152796 0.0121722 0.0196232 0.020677 0.0216112 0.0136263 0.0056691 0.0193896 0.0137777 0.00753658 
Throughputs: 1.26157 1.31072 1.83501 1.11411 1.24518 1.44179 1.29434 1.24518 1.58925 1.5401 1.26157 1.21242 1.14688 1.29434 1.37626 1.50733 1.31072 1.55648 1.21242 1.2288 1.17965 1.37626 1.47456 1.52371 1.19603 1.37626 1.42541 1.29434 1.45818 1.24518 
Utility: 4.69401 3.82345 4.15396 3.87728 4.40436 4.70115 3.6259 3.98704 5.34574 5.08522 3.79388 3.9612 3.8443 4.24631 4.28326 4.42773 5.44135 4.19837 3.67199 3.81492 4.34645 4.72797 4.3194 4.29988 4.01355 4.61512 5.52718 4.20102 4.66189 5.10727 

--------------------------------------
Time: 17.5046
Split Ratios: 1 0.023 0.977 1 0.962 0.038 1 1 1 1 1 1 1 0.015 0.985 1 0.85 0.15 0.022 0.978 0.984 0.016 1 1 1 1 1 0.1 0.9 1 1 1 1 1 1 1 1 
Delays: 0.0114512 0.028998 0.0283701 0.0237985 0.0153254 0.0130156 0.0348503 0.0225769 0.00758351 0.00942034 0.0286424 0.0231224 0.0246882 0.0193552 0.0189294 0.0180231 0.00569809 0.0235041 0.031049 0.0270587 0.0155121 0.0122789 0.0195253 0.0209014 0.0210397 0.0137246 0.00562359 0.0197742 0.013693 0.00759442 
Throughputs: 1.34349 1.2288 1.09773 1.62202 1.29434 1.39264 1.34349 1.39264 1.42541 1.26157 1.5401 1.26157 1.37626 1.52371 1.45818 1.27795 1.62202 1.40902 1.57286 1.11411 1.39264 1.44179 1.50733 1.21242 1.39264 1.40902 1.3271 1.2288 1.21242 1.44179 
Utility: 4.76493 3.74657 3.65566 4.2218 4.43624 4.67281 3.65196 4.12203 5.23624 4.89724 3.98471 3.99931 4.0208 4.36594 4.34422 4.26136 5.65129 4.09348 3.92509 3.71781 4.49733 4.76576 4.34638 4.06055 4.19255 4.63147 5.46378 4.12942 4.48348 5.24623 

--------------------------------------
Time: 18.0051
Split Ratios: 1 0.023 0.977 1 0.962 0.038 1 1 1 1 1 1 1 0.015 0.985 1 0.85 0.15 0.022 0.978 0.984 0.016 1 1 1 1 1 0.1 0.9 1 1 1 1 1 1 1 1 
Delays: 0.0114316 0.0288917 0.0287307 0.0234199 0.0153795 0.0130885 0.0344792 0.0231034 0.00748406 0.00951905 0.0284288 0.0236296 0.0245394 0.018402 0.0192837 0.0180389 0.00567307 0.023689 0.0309067 0.0272331 0.0154395 0.0125057 0.0197358 0.0206101 0.0213457 0.0134948 0.0056802 0.0199695 0.0136304 0.00753972 
Throughputs: 1.29434 1.5401 1.45818 1.37626 1.24518 1.39264 1.09773 1.21242 1.14688 1.3271 1.37626 1.27795 1.5401 1.14688 1.47456 1.42541 1.3271 1.19603 1.6384 1.19603 1.27795 1.62202 1.49094 1.21242 1.40902 1.35987 1.50733 1.44179 1.45818 1.42541 
Utility: 4.72937 3.97605 3.92698 4.07354 4.394 4.66722 3.46064 3.96039 5.03203 4.93746 3.87972 3.99051 4.13932 4.13234 4.33686 4.36969 5.45502 3.92176 3.9705 3.78233 4.41608 4.86524 4.32473 4.07459 4.1898 4.61284 5.58111 4.27944 4.67264 5.24203 

--------------------------------------
Time: 18.5058
Split Ratios: 1 0.023 0.977 1 0.962 0.038 1 1 1 1 1 1 1 0.015 0.985 1 0.85 0.15 0.022 0.978 0.984 0.016 1 1 1 1 1 0.1 0.9 1 1 1 1 1 1 1 1 
Delays: 0.0114884 0.0284741 0.0285234 0.0230419 0.0154833 0.0130462 0.0345787 0.0232598 0.00748922 0.00954962 0.0285006 0.0233723 0.0245035 0.019025 0.0190109 0.0182538 0.00569802 0.0232897 0.031013 0.027531 0.0156047 0.0125798 0.0194425 0.0207299 0.0211382 0.0135756 0.00567841 0.0194362 0.0135537 0.00754916 
Throughputs: 1.26157 1.31072 1.21242 1.29434 1.24518 1.44179 1.40902 1.42541 1.24518 1.40902 1.2288 1.44179 1.37626 1.47456 1.44179 1.24518 1.44179 1.27795 1.19603 1.52371 1.16326 1.44179 1.49094 1.44179 1.19603 1.37626 1.26157 1.16326 1.34349 1.49094 
Utility: 4.69877 3.82934 3.74965 4.02844 4.38728 4.70515 3.70741 4.11549 5.11357 4.99415 3.76387 4.12209 4.02831 4.35036 4.32863 4.22267 5.53352 4.005 3.65236 4.01359 4.31141 4.74155 4.3397 4.24206 4.03568 4.61884 5.40344 4.09185 4.59636 5.28573 

--------------------------------------
Time: 19.0061
Split Ratios: 1 0.023 0.977 1 0.962 0.038 1 1 1 1 1 1 1 0.015 0.985 1 0.85 0.15 0.022 0.978 0.984 0.016 1 1 1 1 1 0.1 0.9 1 1 1 1 1 1 1 1 
Delays: 0.0113319 0.0288971 0.0285542 0.0232208 0.0154077 0.0130129 0.0344566 0.0228915 0.00750549 0.00972937 0.0285623 0.0236158 0.0246841 0.0188127 0.0191799 0.0177678 0.00565647 0.0232014 0.0308272 0.0271096 0.0152954 0.0121486 0.0192469 0.0206177 0.0210874 0.0135265 0.00564039 0.0194764 0.0136455 0.00754649 
Throughputs: 1.19603 1.67117 1.11411 1.37626 1.08134 1.29434 1.31072 1.2288 1.31072 1.50733 1.21242 1.47456 1.08134 1.26157 1.52371 1.3271 0.98304 1.39264 1.52371 1.17965 1.08134 1.3271 1.37626 1.3271 1.42541 1.29434 1.47456 1.14688 1.27795 1.42541 
Utility: 4.65914 4.05754 3.66401 4.08207 4.25109 4.59981 3.63863 3.98303 5.1627 5.04295 3.74828 4.1342 3.7798 4.20558 4.37504 4.31336 5.15785 4.09474 3.90051 3.77308 4.25841 4.69354 4.26977 4.16461 4.21354 4.5611 5.56616 4.07559 4.5396 5.24113 

--------------------------------------
Time: 19.5063
Split Ratios: 1 0.023 0.977 1 0.962 0.038 1 1 1 1 1 1 1 0.015 0.985 1 0.85 0.15 0.022 0.978 0.984 0.016 1 1 1 1 1 0.1 0.9 1 1 1 1 1 1 1 1 
Delays: 0.0115519 0.0287903 0.0287354 0.0237342 0.0154126 0.0130814 0.0345743 0.0229456 0.00757912 0.00954456 0.0286316 0.0232766 0.0247056 0.0188504 0.018805 0.0177527 0.00571861 0.0233147 0.0309077 0.0274762 0.0154447 0.0120336 0.0193854 0.020546 0.021141 0.0134656 0.0056337 0.0194953 0.0133757 0.00748322 
Throughputs: 1.39264 1.37626 1.37626 1.26157 1.3271 1.16326 1.26157 1.37626 1.37626 1.29434 1.52371 1.42541 1.62202 1.39264 1.39264 1.17965 1.27795 1.6384 1.29434 1.37626 1.11411 1.19603 1.37626 1.27795 1.5401 1.42541 1.37626 1.57286 1.16326 1.42541 
Utility: 4.79211 3.86709 3.86899 3.9732 4.45557 4.48779 3.597 4.094 5.20173 4.90978 3.97439 4.11476 4.1844 4.30242 4.30483 4.19643 5.40929 4.25239 3.73475 3.9138 4.27854 4.59906 4.2626 4.13035 4.28839 4.66207 5.49836 4.39048 4.46554 5.24955 

--------------------------------------
Time: 20.0064
Split Ratios: 1 0.023 0.977 1 0.962 0.038 1 1 1 1 1 1 1 0.015 0.985 1 0.85 0.15 0.022 0.978 0.984 0.016 1 1 1 1 1 0.1 0.9 1 1 1 1 1 1 1 1 
Delays: 0.0114484 0.028689 0.0289486 0.0231665 0.0155031 0.0130409 0.0345001 0.0228828 0.00760892 0.00945177 0.0285262 0.0231236 0.0245507 0.0187051 0.0191465 0.0175759 0.00574662 0.0234044 0.0310076 0.0271832 0.0156215 0.0128012 0.019383 0.0205917 0.0213958 0.013658 0.00567459 0.0198371 0.0134594 0.00748656 
Throughputs: 1.45818 1.31072 1.27795 1.40902 1.29434 1.31072 1.37626 1.47456 1.47456 1.40902 1.31072 1.2288 1.09773 1.65478 1.19603 1.19603 1.49094 1.26157 1.52371 1.06496 1.19603 1.5401 1.52371 1.42541 1.57286 1.39264 1.44179 1.08134 1.5401 1.39264 
Utility: 4.8471 3.82182 3.78749 4.10795 4.42471 4.61024 3.68616 4.16573 5.26679 5.00445 3.82751 3.97294 3.80026 4.48263 4.13464 4.22024 5.55855 3.98719 3.89467 3.66809 4.33811 4.79006 4.36451 4.23733 4.29746 4.62463 5.53764 3.99841 4.73992 5.22585 

--------------------------------------
Time: 20.5064
Split Ratios: 1 0.023 0.977 1 0.962 0.038 1 1 1 1 1 1 1 0.015 0.985 1 0.85 0.15 0.022 0.978 0.984 0.016 1 1 1 1 1 0.1 0.9 1 1 1 1 1 1 1 1 
Delays: 0.0113891 0.0290506 0.0284544 0.0232864 0.0156917 0.013072 0.0346146 0.0228218 0.00750508 0.009459 0.0285259 0.0234044 0.0245418 0.0188711 0.0188614 0.017682 0.00571045 0.0233677 0.0311868 0.0270715 0.0156831 0.012557 0.0192319 0.0206161 0.0212278 0.0132954 0.00566877 0.0196104 0.0138691 0.00755408 
Throughputs: 1.14688 1.14688 1.21242 1.62202 1.44179 1.39264 1.04858 1.49094 1.24518 1.40902 1.58925 1.09773 1.11411 1.21242 1.45818 1.27795 1.57286 1.27795 1.52371 1.37626 1.57286 1.3271 1.35987 1.29434 1.68755 1.16326 1.2288 1.31072 1.37626 1.31072 
Utility: 4.61214 3.67576 3.75207 4.24356 4.52051 4.66848 3.41091 4.17945 5.11146 5.00369 4.02021 3.84807 3.81543 4.16274 4.34782 4.28047 5.61835 4.00166 3.88891 3.92864 4.60807 4.66048 4.25857 4.13968 4.37572 4.47157 5.37882 4.20227 4.59746 5.15624 

--------------------------------------
Time: 21.0067
Split Ratios: 1 0.023 0.977 1 0.962 0.038 1 1 1 1 1 1 1 0.015 0.985 1 0.85 0.15 0.022 0.978 0.984 0.016 1 1 1 1 1 0.1 0.9 1 1 1 1 1 1 1 1 
Delays: 0.0114859 0.0290335 0.0284543 0.0235679 0.0155368 0.0130348 0.0350369 0.0229951 0.00753142 0.0095595 0.0284292 0.0232739 0.0248345 0.0192144 0.0189878 0.0174996 0.00567774 0.0236056 0.0309927 0.0267826 0.0154572 0.012351 0.0192307 0.0207021 0.0210908 0.0137052 0.00559004 0.019785 0.0139551 0.00749212 
Throughputs: 1.2288 1.35987 1.19603 1.68755 1.27795 1.70394 1.45818 1.24518 1.09773 1.40902 1.19603 1.29434 1.37626 1.27795 1.60563 1.37626 1.40902 1.45818 1.57286 1.09773 1.37626 1.26157 1.29434 1.50733 1.21242 1.49094 1.24518 1.24518 1.67117 1.17965 
Utility: 4.67267 3.84669 3.73847 4.27115 4.4098 4.87307 3.72854 3.99176 4.98191 4.99312 3.73935 4.01842 4.01489 4.19735 4.43748 4.36494 5.5141 4.12346 3.9269 3.71325 4.48905 4.62638 4.20925 4.28786 4.05153 4.68939 5.40605 4.14212 4.78544 5.05912 

--------------------------------------
Time: 21.5076
Split Ratios: 1 0.023 0.977 1 0.962 0.038 1 1 1 1 1 1 1 0.015 0.985 1 0.85 0.15 0.022 0.978 0.984 0.016 1 1 1 1 1 0.1 0.9 1 1 1 1 1 1 1 1 
Delays: 0.0114419 0.0288158 0.0286045 0.0236664 0.0152304 0.0130734 0.0344401 0.0230406 0.00748394 0.00958016 0.0284185 0.0233616 0.0243617 0.0185583 0.0190905 0.0179012 0.00572587 0.0238158 0.0305088 0.0271427 0.0154004 0.0127052 0.0193219 0.0207961 0.0212655 0.0136161 0.00561951 0.019954 0.0138512 0.00752501 
Throughputs: 1.50733 1.40902 1.29434 1.27795 1.11411 1.57286 1.06496 1.14688 1.21242 1.80224 1.17965 1.39264 1.16326 1.44179 1.34349 1.34349 1.35987 1.50733 1.19603 1.60563 1.24518 1.11411 1.50733 1.40902 1.42541 1.5401 1.37626 1.21242 1.45818 1.39264 
Utility: 4.88081 3.88973 3.81219 3.98896 4.29252 4.79007 3.43147 3.90754 5.08761 5.23709 3.72593 4.08786 3.86597 4.35272 4.25383 4.31816 5.47015 4.14775 3.66875 4.08016 4.39264 4.4738 4.35685 4.21589 4.20513 4.72834 5.50088 4.10694 4.65657 5.22072 

--------------------------------------
Time: 22.0077
Split Ratios: 1 0.023 0.977 1 0.962 0.038 1 1 1 1 1 1 1 0.015 0.985 1 0.85 0.15 0.022 0.978 0.984 0.016 1 1 1 1 1 0.1 0.9 1 1 1 1 1 1 1 1 
Delays: 0.0114122 0.0289259 0.0284558 0.0232533 0.0155735 0.0130321 0.034478 0.0228809 0.00754 0.00949368 0.028506 0.023392 0.0245973 0.018972 0.0189932 0.0177744 0.00562768 0.0233886 0.030862 0.0271478 0.0155535 0.012155 0.0193077 0.0205812 0.0212304 0.0134102 0.00575984 0.0192784 0.0135048 0.0075433 
Throughputs: 1.3271 1.35987 1.40902 1.17965 1.42541 1.40902 1.55648 1.21242 1.37626 1.21242 1.47456 1.35987 1.21242 1.11411 1.39264 1.14688 1.08134 1.27795 1.19603 1.17965 1.26157 1.55648 1.40902 1.42541 1.35987 1.08134 1.50733 1.26157 1.5401 1.47456 
Utility: 4.75607 3.85041 3.9023 3.92653 4.51664 4.68323 3.80986 3.97007 5.2069 4.84974 3.946 4.06275 3.89773 4.07285 4.29488 4.16704 5.25826 4.00077 3.65724 3.77167 4.39583 4.85244 4.29015 4.23784 4.15971 4.38995 5.56718 4.18112 4.73655 5.27546 

--------------------------------------
Time: 22.5078
Split Ratios: 1 0.023 0.977 1 0.962 0.038 1 1 1 1 1 1 1 0.015 0.985 1 0.85 0.15 0.022 0.978 0.984 0.016 1 1 1 1 1 0.1 0.9 1 1 1 1 1 1 1 1 
Delays: 0.0112894 0.0286151 0.0285047 0.0238004 0.0155875 0.0130198 0.0349276 0.0232482 0.00755339 0.00947005 0.0287096 0.0231608 0.0246067 0.0197422 0.0189499 0.0179807 0.00565158 0.0241714 0.0309407 0.0271688 0.0156123 0.0129488 0.0194025 0.0207467 0.021267 0.013897 0.00565289 0.020528 0.0135261 0.00752349 
Throughputs: 1.27795 1.29434 1.21242 1.34349 1.52371 1.47456 1.35987 1.40902 1.44179 1.3271 1.34349 1.42541 1.24518 1.72032 1.40902 1.45818 1.21242 1.35987 1.49094 1.27795 1.34349 1.29434 1.35987 1.2288 1.39264 1.65478 1.27795 1.45818 1.34349 1.52371 
Utility: 4.72915 3.81182 3.7503 4.03332 4.58244 4.72964 3.66187 4.10443 5.25165 4.94262 3.84579 4.11975 3.92402 4.46751 4.30885 4.39564 5.36844 4.02997 3.87509 3.85094 4.45497 4.60475 4.24974 4.08141 4.1818 4.77975 5.42085 4.26315 4.59841 5.31087 

--------------------------------------
Time: 23.0079
Split Ratios: 1 0.023 0.977 1 0.962 0.038 1 1 1 1 1 1 1 0.015 0.985 1 0.85 0.15 0.022 0.978 0.984 0.016 1 1 1 1 1 0.1 0.9 1 1 1 1 1 1 1 1 
Delays: 0.0114408 0.0289679 0.0287062 0.0230561 0.0154482 0.0130249 0.0351371 0.0229971 0.00751272 0.00944017 0.0286684 0.0231697 0.0245959 0.0189016 0.019314 0.0183888 0.00563986 0.0234563 0.0314385 0.0273326 0.0154451 0.0125777 0.0194613 0.0206921 0.0213301 0.0135822 0.00564423 0.0194209 0.0137528 0.00754475 
Throughputs: 1.24518 1.40902 1.50733 1.29434 1.06496 1.31072 1.58925 1.45818 1.52371 1.2288 1.47456 1.50733 1.37626 1.31072 1.09773 1.17965 1.21242 1.24518 1.60563 1.39264 1.1305 1.57286 1.45818 1.34349 1.49094 1.3271 1.49094 1.3271 1.35987 1.08134 
Utility: 4.68986 3.88447 3.96098 4.02782 4.2332 4.61147 3.81176 4.14957 5.31231 4.86882 3.94032 4.17525 4.02454 4.23909 4.04017 4.16123 5.37051 3.9719 3.93324 3.93088 4.29312 4.82873 4.31652 4.17327 4.24705 4.582 5.57653 4.22441 4.5939 4.96511 

--------------------------------------
Time: 23.5083
Split Ratios: 1 0.023 0.977 1 0.962 0.038 1 1 1 1 1 1 1 0.015 0.985 1 0.85 0.15 0.022 0.978 0.984 0.016 1 1 1 1 1 0.1 0.9 1 1 1 1 1 1 1 1 
Delays: 0.0112869 0.0284742 0.0286043 0.0233153 0.0151544 0.0131022 0.0343621 0.0231474 0.00748301 0.00954114 0.0283463 0.0232715 0.0246213 0.0186763 0.0190609 0.0180728 0.00564523 0.0235978 0.0306722 0.0271728 0.0154054 0.0123405 0.0193392 0.0206179 0.0212371 0.0134532 0.00565318 0.0195135 0.0134674 0.00752949 
Throughputs: 1.26157 1.26157 1.34349 1.24518 1.42541 1.39264 1.2288 1.50733 1.14688 1.68755 1.21242 1.60563 1.40902 1.60563 1.62202 1.27795 1.29434 1.27795 1.42541 1.26157 1.19603 1.42541 1.17965 1.45818 1.49094 1.17965 1.47456 1.27795 1.3271 1.45818 
Utility: 4.71647 3.79111 3.84947 3.97793 4.54392 4.66618 3.57684 4.17621 5.03217 5.17542 3.75587 4.23405 4.04704 4.45402 4.44379 4.25861 5.43494 3.99186 3.83886 3.83789 4.35205 4.74932 4.11084 4.25878 4.25141 4.47376 5.5639 4.18191 4.59048 5.26611 

--------------------------------------
Time: 24.0083
Split Ratios: 1 0.023 0.977 1 0.962 0.038 1 1 1 1 1 1 1 0.015 0.985 1 0.85 0.15 0.022 0.978 0.984 0.016 1 1 1 1 1 0.1 0.9 1 1 1 1 1 1 1 1 
Delays: 0.0113504 0.0284414 0.0286397 0.0233928 0.0153997 0.0130963 0.0343345 0.0231054 0.00760218 0.00948588 0.028082 0.0230234 0.0246189 0.0189458 0.0186532 0.017946 0.00570771 0.0237986 0.0306616 0.0274714 0.0155347 0.0122652 0.0194464 0.02063 0.0211337 0.0135369 0.00579936 0.0196519 0.0134706 0.0075914 
Throughputs: 1.26157 1.01581 1.16326 1.60563 1.3271 1.29434 1.34349 1.57286 1.3271 1.70394 1.03219 1.3271 1.60563 1.3271 1.24518 1.06496 1.58925 1.35987 1.19603 1.42541 1.52371 1.26157 1.37626 1.40902 1.44179 1.16326 1.44179 1.34349 1.68755 1.08134 
Utility: 4.71085 3.57559 3.70419 4.22885 4.45641 4.59342 3.66687 4.22059 5.16232 5.19089 3.60431 4.05424 4.17776 4.24917 4.20102 4.08333 5.6292 4.04552 3.66375 3.94907 4.58583 4.63334 4.25946 4.22391 4.22277 4.45356 5.5159 4.22485 4.83052 4.95894 

--------------------------------------
Time: 24.5086
Split Ratios: 1 0.023 0.977 1 0.962 0.038 1 1 1 1 1 1 1 0.015 0.985 1 0.85 0.15 0.022 0.978 0.984 0.016 1 1 1 1 1 0.1 0.9 1 1 1 1 1 1 1 1 
Delays: 0.0113327 0.0287602 0.0289418 0.0235964 0.0153764 0.0130282 0.0344984 0.0230758 0.00748168 0.00952145 0.0285801 0.0233948 0.0247225 0.0189967 0.0190102 0.0178496 0.00565214 0.0239697 0.0308323 0.0273203 0.0154928 0.0123956 0.0195216 0.0206591 0.0214319 0.0134569 0.00570701 0.020118 0.0137528 0.00751725 
Throughputs: 1.26157 1.39264 1.37626 1.39264 1.47456 1.26157 1.11411 1.42541 0.98304 1.37626 1.11411 1.27795 1.55648 1.42541 1.39264 1.39264 1.47456 1.49094 1.34349 1.34349 1.31072 1.47456 1.62202 1.27795 1.37626 1.40902 1.45818 1.37626 1.45818 1.26157 
Utility: 4.71242 3.87996 3.86184 4.07786 4.56328 4.573 3.4749 4.12343 4.87819 4.97358 3.6631 4.0005 4.14247 4.31795 4.29398 4.35698 5.56408 4.13037 3.77446 3.89539 4.43796 4.77878 4.4199 4.12486 4.16224 4.65116 5.54325 4.22551 4.6637 5.12291 

--------------------------------------
Time: 25.0087
Split Ratios: 1 0.023 0.977 1 0.962 0.038 1 1 1 1 1 1 1 0.015 0.985 1 0.85 0.15 0.022 0.978 0.984 0.016 1 1 1 1 1 0.1 0.9 1 1 1 1 1 1 1 1 
Delays: 0.0114833 0.028596 0.028738 0.0233497 0.0153372 0.0130508 0.0347282 0.0231138 0.00752957 0.00959074 0.0286454 0.0231878 0.024469 0.0191504 0.0192509 0.0178797 0.00569023 0.0234707 0.0307954 0.0274644 0.0157495 0.0122796 0.0192519 0.0206196 0.0211824 0.0135111 0.00561733 0.0195659 0.0135057 0.00763836 
Throughputs: 1.37626 1.72032 1.34349 1.44179 1.26157 1.1305 1.17965 1.31072 1.37626 1.60563 1.35987 1.29434 1.27795 1.21242 1.55648 1.19603 1.5401 1.34349 1.37626 1.50733 1.31072 1.50733 1.52371 1.27795 1.47456 1.24518 1.04858 1.24518 1.14688 1.57286 
Utility: 4.78622 4.097 3.8448 4.12306 4.40983 4.46156 3.52542 4.0379 5.20828 5.12047 3.86015 4.02213 3.95561 4.14805 4.39262 4.2031 5.60085 4.04727 3.79976 4.0052 4.42152 4.81016 4.3713 4.12677 4.24294 4.52353 5.22933 4.15325 4.44169 5.32747 

--------------------------------------
Time: 25.5089
Split Ratios: 1 0.023 0.977 1 0.962 0.038 1 1 1 1 1 1 1 0.015 0.985 1 0.85 0.15 0.022 0.978 0.984 0.016 1 1 1 1 1 0.1 0.9 1 1 1 1 1 1 1 1 
Delays: 0.0114882 0.0284546 0.0285729 0.0233318 0.0155314 0.0131219 0.0345133 0.0232085 0.00754301 0.00943597 0.0282245 0.023148 0.0245167 0.0181688 0.0189064 0.018039 0.00572886 0.0234711 0.0309534 0.0270841 0.0155713 0.0124902 0.0191124 0.0206838 0.0209861 0.0134344 0.00570051 0.0197613 0.0133678 0.00755403 
Throughputs: 1.45818 1.27795 1.5401 1.11411 1.27795 1.35987 1.17965 1.42541 1.27795 1.2288 1.29434 1.42541 1.44179 1.39264 1.31072 1.24518 1.42541 1.34349 1.24518 1.1305 1.26157 1.6384 1.49094 1.11411 1.06496 1.47456 1.55648 1.44179 1.5401 1.27795 
Utility: 4.84362 3.8047 3.98714 3.866 4.41015 4.64086 3.53163 4.11769 5.13239 4.86926 3.82556 4.1203 4.07429 4.33925 4.23883 4.2345 5.5167 4.04725 3.69456 3.73147 4.39468 4.87653 4.35683 3.98646 3.92683 4.69829 5.60963 4.28992 4.74675 5.13093 

--------------------------------------
Time: 26.0092
Split Ratios: 1 0.023 0.977 1 0.962 0.038 1 1 1 1 1 1 1 0.015 0.985 1 0.85 0.15 0.022 0.978 0.984 0.016 1 1 1 1 1 0.1 0.9 1 1 1 1 1 1 1 1 
Delays: 0.0113903 0.0287311 0.0289359 0.0230917 0.0153681 0.0129863 0.0347875 0.0230387 0.00756001 0.00945336 0.0284069 0.0236073 0.0245831 0.0186808 0.0188754 0.0183472 0.00566956 0.0234422 0.0311773 0.0271809 0.0155103 0.0124662 0.019425 0.0206774 0.0214859 0.0135441 0.00573676 0.0194871 0.0137952 0.007539 
Throughputs: 1.21242 1.34349 1.50733 1.45818 1.35987 1.42541 1.29434 1.40902 1.50733 1.42541 1.37626 1.39264 1.5401 1.50733 1.2288 1.2288 1.19603 1.52371 1.5401 1.47456 1.08134 1.40902 1.27795 1.29434 1.47456 1.3271 1.47456 1.21242 1.50733 1.34349 
Utility: 4.66761 3.84504 3.95301 4.14547 4.48285 4.69832 3.61649 4.11348 5.29522 5.01584 3.88049 4.0774 4.13754 4.3906 4.17594 4.20431 5.35165 4.17436 3.89991 3.9936 4.24446 4.72763 4.18645 4.13671 4.22872 4.58481 5.54922 4.13062 4.69377 5.18293 

--------------------------------------
Time: 26.5092
Split Ratios: 1 0.023 0.977 1 0.962 0.038 1 1 1 1 1 1 1 0.015 0.985 1 0.85 0.15 0.022 0.978 0.984 0.016 1 1 1 1 1 0.1 0.9 1 1 1 1 1 1 1 1 
Delays: 0.0115588 0.0285411 0.0283682 0.0235128 0.0151955 0.0130757 0.0341374 0.0231412 0.00748167 0.0095255 0.0283491 0.0230708 0.0245111 0.0186378 0.0189845 0.0178494 0.00558617 0.0236929 0.0306128 0.0272554 0.0154542 0.0123798 0.019325 0.0205587 0.0210359 0.0133818 0.00567176 0.0201205 0.0135045 0.00759071 
Throughputs: 1.27795 1.2288 1.49094 1.27795 1.11411 1.44179 1.01581 1.31072 1.35987 1.27795 1.49094 1.3271 1.11411 1.2288 1.26157 1.01581 1.24518 1.42541 1.55648 1.5401 1.06496 1.29434 1.5401 1.14688 1.19603 1.04858 1.26157 1.16326 1.5401 1.37626 
Utility: 4.70556 3.76245 3.9619 3.99547 4.29481 4.70288 3.39305 4.03672 5.20269 4.89904 3.96257 4.05219 3.81669 4.1886 4.19649 4.04147 5.40674 4.09704 3.92876 4.03435 4.23281 4.64968 4.3782 4.02152 4.04054 4.36129 5.40461 4.05724 4.73657 5.2002 

--------------------------------------
Time: 27.0092
Split Ratios: 1 0.023 0.977 1 0.962 0.038 1 1 1 1 1 1 1 0.015 0.985 1 0.85 0.15 0.022 0.978 0.984 0.016 1 1 1 1 1 0.1 0.9 1 1 1 1 1 1 1 1 
Delays: 0.0114607 0.0288445 0.0286384 0.0234681 0.0154009 0.0130136 0.0343828 0.0231629 0.00754489 0.00951734 0.0286021 0.0235162 0.0243885 0.0187107 0.0189312 0.0185987 0.00564089 0.0244835 0.0308512 0.0278694 0.0156459 0.0124899 0.0198387 0.0207383 0.0212446 0.0135571 0.00565168 0.0199238 0.0136854 0.00759856 
Throughputs: 1.50733 1.37626 1.24518 1.57286 1.08134 1.21242 1.11411 1.39264 1.26157 1.45818 1.37626 1.34349 1.5401 1.40902 1.21242 1.08134 1.40902 1.50733 1.55648 1.50733 1.24518 1.62202 1.49094 1.27795 1.52371 1.52371 1.50733 1.60563 1.58925 1.44179 
Utility: 4.87917 3.8652 3.77229 4.20501 4.25153 4.53438 3.47826 4.09641 5.11924 5.03183 3.87364 4.04533 4.14549 4.32156 4.15956 4.06287 5.52061 4.1201 3.92101 3.99056 4.37683 4.8665 4.31953 4.12103 4.2728 4.72199 5.58614 4.38936 4.75469 5.24568 

--------------------------------------
Time: 27.5095
Split Ratios: 1 0.023 0.977 1 0.962 0.038 1 1 1 1 1 1 1 0.015 0.985 1 0.85 0.15 0.022 0.978 0.984 0.016 1 1 1 1 1 0.1 0.9 1 1 1 1 1 1 1 1 
Delays: 0.0115916 0.0288305 0.0287858 0.0237932 0.0155145 0.0129997 0.0348723 0.022816 0.00754405 0.00955765 0.0285503 0.0230719 0.0245762 0.0192988 0.0190991 0.0178024 0.00563664 0.0239115 0.0313055 0.0275377 0.0160742 0.0129622 0.0195618 0.020568 0.0212663 0.013519 0.00561814 0.0200329 0.0136472 0.00749259 
Throughputs: 1.52371 1.34349 1.17965 1.45818 1.35987 1.5401 1.47456 1.27795 1.3271 1.58925 1.2288 1.29434 1.52371 1.50733 1.37626 1.24518 1.39264 1.7367 1.39264 1.40902 1.21242 1.72032 1.52371 1.2288 1.14688 1.47456 1.2288 1.17965 1.14688 1.29434 
Utility: 4.87862 3.84159 3.71309 4.11554 4.47337 4.77468 3.74442 4.02555 5.16999 5.11367 3.76212 4.02714 4.12713 4.35805 4.27748 4.2477 5.50967 4.28538 3.79516 3.9351 4.32316 4.88823 4.35532 4.09005 3.98768 4.69202 5.38779 4.0756 4.43127 5.15184 

--------------------------------------
Time: 28.0095
Split Ratios: 1 0.023 0.977 1 0.962 0.038 1 1 1 1 1 1 1 0.015 0.985 1 0.85 0.15 0.022 0.978 0.984 0.016 1 1 1 1 1 0.1 0.9 1 1 1 1 1 1 1 1 
Delays: 0.0114447 0.0284777 0.0283889 0.0230097 0.0153648 0.0130344 0.034296 0.0229647 0.00747165 0.00949535 0.0281838 0.0229401 0.0246332 0.0186405 0.0187423 0.017833 0.00566236 0.0234719 0.0308161 0.0270661 0.0156085 0.011999 0.0196471 0.0206571 0.0212343 0.0133848 0.00582515 0.0194934 0.0135022 0.00751558 
Throughputs: 1.45818 1.17965 1.06496 1.50733 1.19603 1.40902 1.39264 1.44179 1.06496 1.29434 1.47456 1.24518 1.52371 1.3271 1.2288 1.08134 1.47456 1.34349 1.37626 1.24518 1.40902 1.55648 1.37626 1.60563 1.39264 1.37626 1.47456 1.21242 1.29434 1.37626 
Utility: 4.84742 3.72385 3.62469 4.18218 4.35468 4.68306 3.70393 4.13968 4.95958 4.91495 3.95737 3.99415 4.12481 4.26542 4.18301 4.10491 5.56227 4.04722 3.79909 3.82876 4.50283 4.86536 4.24919 4.35321 4.18334 4.633 5.53393 4.1303 4.5629 5.21014 

--------------------------------------
Time: 28.5096
Split Ratios: 1 0.023 0.977 1 0.962 0.038 1 1 1 1 1 1 1 0.015 0.985 1 0.85 0.15 0.022 0.978 0.984 0.016 1 1 1 1 1 0.1 0.9 1 1 1 1 1 1 1 1 
Delays: 0.0114305 0.0284404 0.0284434 0.0233734 0.0156078 0.0130344 0.0344243 0.0229385 0.00751365 0.00966509 0.0284108 0.0233726 0.0244973 0.0187935 0.0194286 0.0179384 0.00577403 0.0236728 0.031134 0.0276372 0.015776 0.0123796 0.019369 0.020707 0.0211566 0.0135284 0.00567628 0.0195606 0.013408 0.00756762 
Throughputs: 1.37626 1.09773 1.19603 1.27795 1.35987 1.57286 1.34349 1.37626 1.45818 1.70394 1.14688 1.37626 1.31072 1.26157 1.57286 1.39264 1.40902 1.49094 1.65478 1.34349 1.42541 1.52371 1.42541 1.29434 1.17965 1.39264 1.47456 1.2288 1.47456 1.60563 
Utility: 4.79083 3.65319 3.73885 4.00141 4.46738 4.79306 3.66426 4.09431 5.26822 5.17218 3.69803 4.07556 3.97977 4.2066 4.39391 4.35201 5.49728 4.14284 3.97313 3.88386 4.50373 4.81285 4.29854 4.13528 4.02102 4.63417 5.55982 4.14028 4.70026 5.35739 

--------------------------------------
Time: 29.01
Split Ratios: 1 0.023 0.977 1 0.962 0.038 1 1 1 1 1 1 1 0.015 0.985 1 0.85 0.15 0.022 0.978 0.984 0.016 1 1 1 1 1 0.1 0.9 1 1 1 1 1 1 1 1 
Delays: 0.0114502 0.0289278 0.0288036 0.0234367 0.0156544 0.0131342 0.0346418 0.0232375 0.00750391 0.00949024 0.0286084 0.0233534 0.0245527 0.0190708 0.0190133 0.0182407 0.00564626 0.0237865 0.0309724 0.0274028 0.0154027 0.0127444 0.0193598 0.0205656 0.0211186 0.0136071 0.00562141 0.019581 0.0136065 0.00752288 
Throughputs: 1.11411 1.26157 1.11411 1.34349 1.31072 1.40902 1.60563 1.49094 1.37626 1.42541 1.17965 1.49094 1.72032 1.16326 1.34349 1.27795 1.21242 1.58925 1.60563 1.49094 1.37626 1.50733 1.47456 1.19603 1.58925 1.2288 1.31072 1.29434 1.40902 1.42541 
Utility: 4.57781 3.77531 3.65531 4.04872 4.42758 4.67543 3.83621 4.1614 5.2117 5.01195 3.71927 4.15642 4.24944 4.11083 4.25788 4.24936 5.36938 4.2019 3.94818 3.99652 4.49258 4.773 4.33291 4.06314 4.32086 4.5032 5.45175 4.1912 4.64011 5.24426 

--------------------------------------
Time: 29.5101
Split Ratios: 1 0.023 0.977 1 0.962 0.038 1 1 1 1 1 1 1 0.015 0.985 1 0.85 0.15 0.022 0.978 0.984 0.016 1 1 1 1 1 0.1 0.9 1 1 1 1 1 1 1 1 
Delays: 0.0115232 0.0288549 0.0285903 0.0233573 0.0155468 0.0131336 0.0345939 0.0232039 0.00746966 0.00946371 0.0284001 0.0232613 0.0247809 0.0190288 0.0188547 0.0178811 0.00566153 0.0238749 0.031137 0.027308 0.0157223 0.0123445 0.0193709 0.0207529 0.0212042 0.0135938 0.00572089 0.0197197 0.01395 0.00754177 
Throughputs: 1.52371 1.55648 1.40902 1.49094 1.35987 1.47456 1.31072 1.21242 1.27795 1.45818 1.1305 1.26157 1.31072 1.21242 1.55648 1.39264 1.31072 1.45818 1.80224 1.14688 1.29434 1.72032 1.19603 1.47456 1.52371 1.2288 1.42541 1.31072 1.52371 1.29434 
Utility: 4.88454 3.9879 3.89759 4.15625 4.47129 4.72094 3.63465 3.95605 5.14216 5.03748 3.68402 3.99332 3.96826 4.15441 4.41342 4.35521 5.44464 4.11211 4.05839 3.73762 4.41067 4.93705 4.12299 4.26343 4.27471 4.50418 5.51809 4.19672 4.69343 5.1453 

--------------------------------------
Time: 30.0101
Split Ratios: 1 0.023 0.977 1 0.962 0.038 1 1 1 1 1 1 1 0.015 0.985 1 0.85 0.15 0.022 0.978 0.984 0.016 1 1 1 1 1 0.1 0.9 1 1 1 1 1 1 1 1 
Delays: 0.0113388 0.0287755 0.028685 0.0236508 0.0153695 0.013036 0.0345598 0.0231279 0.00748921 0.00954152 0.0287078 0.0236067 0.0248041 0.0189695 0.018943 0.0184289 0.00576091 0.0236251 0.0307445 0.0273302 0.015466 0.0121363 0.0194771 0.0209926 0.0216404 0.0136631 0.00562236 0.0196059 0.0134496 0.00752441 
Throughputs: 0.98304 1.49094 1.35987 1.5401 1.29434 1.3271 1.31072 1.37626 1.17965 1.67117 1.21242 1.47456 1.57286 1.14688 1.44179 1.26157 1.52371 1.5401 1.2288 1.39264 1.17965 1.44179 1.67117 1.49094 1.62202 1.40902 1.42541 1.44179 1.11411 1.40902 
Utility: 4.46242 3.94764 3.85877 4.1762 4.43337 4.62304 3.63564 4.08608 5.05951 5.16563 3.7432 4.13459 4.14964 4.10197 4.33221 4.22619 5.57781 4.17729 3.68808 3.93096 4.33433 4.77744 4.45204 4.263 4.31686 4.63595 5.53546 4.29781 4.41686 5.2325 

--------------------------------------
Time: 30.5102
Split Ratios: 1 0.023 0.977 1 0.962 0.038 1 1 1 1 1 1 1 0.015 0.985 1 0.85 0.15 0.022 0.978 0.984 0.016 1 1 1 1 1 0.1 0.9 1 1 1 1 1 1 1 1 
Delays: 0.0113853 0.0286961 0.0286691 0.0230115 0.0153021 0.0130642 0.034341 0.0230107 0.00756206 0.00953052 0.0283493 0.0231115 0.0245142 0.0187728 0.0190595 0.0175027 0.00566708 0.0231398 0.0306111 0.02697 0.0155193 0.0123609 0.0192422 0.0205717 0.0211933 0.0134936 0.00566198 0.0193052 0.0135678 0.0075296 
Throughputs: 1.44179 1.62202 1.26157 1.14688 1.04858 1.49094 1.04858 1.19603 1.29434 1.31072 1.31072 1.5401 1.47456 1.24518 1.3271 1.37626 1.16326 1.3271 1.06496 1.17965 1.3271 1.58925 1.49094 1.37626 1.16326 1.29434 1.45818 1.11411 1.2288 1.26157 
Utility: 4.84132 4.03466 3.78429 3.9088 4.2272 4.73729 3.41885 3.95081 5.14261 4.92383 3.83373 4.19927 4.09686 4.19463 4.24319 4.36477 5.32431 4.0492 3.54933 3.77825 4.44867 4.85648 4.35006 4.20321 4.0053 4.56354 5.55117 4.05544 4.5061 5.12127 

--------------------------------------
Time: 31.0103
Split Ratios: 1 0.023 0.977 1 0.962 0.038 1 1 1 1 1 1 1 0.015 0.985 1 0.85 0.15 0.022 0.978 0.984 0.016 1 1 1 1 1 0.1 0.9 1 1 1 1 1 1 1 1 
Delays: 0.0113546 0.0285258 0.0286788 0.0231898 0.0154961 0.0130817 0.0343635 0.0228017 0.00756324 0.00949459 0.0283391 0.0229787 0.0245193 0.0188462 0.0188614 0.0180895 0.00572632 0.0235127 0.0306493 0.027276 0.0155512 0.012425 0.0194423 0.0206422 0.0211138 0.0135386 0.00566468 0.0194558 0.0135089 0.00753413 
Throughputs: 1.31072 1.34349 1.40902 1.3271 1.27795 1.45818 1.24518 1.31072 1.19603 1.31072 1.35987 1.37626 1.2288 1.14688 1.29434 1.45818 1.60563 1.31072 1.34349 1.27795 1.17965 1.5401 1.60563 1.39264 1.26157 1.55648 1.29434 1.24518 1.47456 1.39264 
Utility: 4.74871 3.85222 3.89449 4.04704 4.41243 4.71373 3.59004 4.0515 5.06346 4.92761 3.8709 4.09255 3.91433 4.10849 4.22864 4.38961 5.6362 4.02079 3.78041 3.84701 4.32884 4.81989 4.41382 4.21162 4.09018 4.74464 5.4315 4.1589 4.69276 5.21951 

--------------------------------------
Time: 31.5103
Split Ratios: 1 0.023 0.977 1 0.962 0.038 1 1 1 1 1 1 1 0.015 0.985 1 0.85 0.15 0.022 0.978 0.984 0.016 1 1 1 1 1 0.1 0.9 1 1 1 1 1 1 1 1 
Delays: 0.0114161 0.0285149 0.0286896 0.0232564 0.0153648 0.0130498 0.0345291 0.0231209 0.0074738 0.00952007 0.0282977 0.0233529 0.0246395 0.0187515 0.0193041 0.0177717 0.00558978 0.0238415 0.0307291 0.0270567 0.0155348 0.012985 0.0194484 0.0205455 0.021381 0.0134011 0.00575873 0.0195595 0.0134354 0.00751285 
Throughputs: 1.45818 1.14688 1.52371 1.42541 1.34349 1.39264 1.26157 1.40902 1.57286 1.29434 1.3271 1.40902 1.40902 1.47456 1.60563 1.34349 1.14688 1.35987 1.08134 1.29434 1.31072 1.80224 1.16326 1.5401 1.52371 1.06496 1.85139 1.19603 1.21242 1.37626 
Utility: 4.84992 3.69438 3.97237 4.11563 4.47094 4.67019 3.59831 4.10992 5.34925 4.91235 3.84797 4.09993 4.0463 4.36484 4.42096 4.32542 5.32386 4.04372 3.56075 3.86782 4.43525 4.93299 4.09122 4.31696 4.2664 4.37536 5.77298 4.1133 4.50248 5.21051 

--------------------------------------
Time: 32.0104
Split Ratios: 1 0.023 0.977 1 0.962 0.038 1 1 1 1 1 1 1 0.015 0.985 1 0.85 0.15 0.022 0.978 0.984 0.016 1 1 1 1 1 0.1 0.9 1 1 1 1 1 1 1 1 
Delays: 0.0115084 0.0285985 0.0285567 0.0233678 0.0153087 0.0130969 0.0344297 0.0230359 0.00755369 0.00966722 0.028265 0.0237107 0.0246557 0.0189535 0.0189207 0.0180411 0.00561598 0.0239446 0.0306606 0.0275371 0.0157229 0.0125517 0.0194495 0.0207454 0.0212684 0.0135217 0.00578846 0.0202595 0.0135242 0.00752023 
Throughputs: 1.26157 1.3271 1.31072 1.31072 1.62202 1.3271 1.34349 1.47456 1.42541 1.35987 0.950272 1.44179 1.11411 1.37626 1.45818 1.29434 1.19603 1.76947 1.16326 1.35987 1.03219 1.35987 1.34349 1.26157 1.6384 1.45818 1.37626 1.34349 1.35987 1.34349 
Utility: 4.69703 3.8374 3.82644 4.02697 4.66301 4.61838 3.6641 4.15906 5.24018 4.9464 3.51512 4.10772 3.8108 4.28513 4.34468 4.2731 5.36115 4.30269 3.63601 3.89961 4.18432 4.68529 4.23521 4.10779 4.34425 4.68064 5.47126 4.1944 4.61066 5.18543 

--------------------------------------
Time: 32.5111
Split Ratios: 1 0.023 0.977 1 0.962 0.038 1 1 1 1 1 1 1 0.015 0.985 1 0.85 0.15 0.022 0.978 0.984 0.016 1 1 1 1 1 0.1 0.9 1 1 1 1 1 1 1 1 
Delays: 0.0116594 0.0285791 0.0285545 0.0237975 0.0159281 0.0130181 0.0347509 0.0230447 0.00745578 0.00962884 0.0285221 0.0238616 0.0245344 0.0195771 0.0186413 0.0175818 0.00565991 0.0240303 0.0312039 0.0275794 0.0157759 0.0131816 0.0193738 0.0205796 0.0213095 0.0134315 0.00562332 0.0201665 0.0133815 0.00756663 
Throughputs: 1.47456 1.35987 1.2288 1.3271 1.55648 1.2288 1.34349 1.6384 1.2288 1.55648 1.26157 1.47456 1.3271 1.29434 1.26157 1.16326 1.21242 1.55648 1.55648 1.39264 1.35987 1.68755 1.49094 1.19603 1.35987 1.24518 1.17965 1.34349 1.34349 1.52371 
Utility: 4.84 3.86247 3.76198 4.02117 4.5821 4.54745 3.65482 4.26404 5.1048 5.08542 3.78943 4.12385 3.99068 4.19139 4.21473 4.19212 5.36696 4.17087 3.90964 3.92189 4.45666 4.85221 4.34325 4.06247 4.15599 4.52944 5.34605 4.199 4.60915 5.30516 

--------------------------------------
Time: 33.0114
Split Ratios: 1 0.023 0.977 1 0.962 0.038 1 1 1 1 1 1 1 0.015 0.985 1 0.85 0.15 0.022 0.978 0.984 0.016 1 1 1 1 1 0.1 0.9 1 1 1 1 1 1 1 1 
Delays: 0.0114666 0.0288172 0.0286282 0.0236426 0.0154307 0.0130256 0.0343844 0.0228411 0.00750233 0.00948597 0.0282683 0.0234035 0.0246448 0.0193429 0.0189185 0.0177234 0.00572465 0.0237413 0.0306137 0.0272407 0.0153668 0.0125857 0.0190873 0.0207606 0.0211012 0.0133556 0.00558559 0.0201826 0.0137085 0.00761561 
Throughputs: 1.39264 1.34349 1.35987 1.34349 1.47456 1.27795 1.11411 1.09773 1.17965 1.6384 1.19603 1.45818 1.34349 1.47456 1.27795 1.19603 1.34349 1.57286 1.35987 1.27795 1.14688 1.45818 1.35987 1.31072 1.42541 1.45818 1.29434 1.57286 1.65478 1.24518 
Utility: 4.79952 3.84205 3.86076 4.03997 4.55975 4.5861 3.47821 3.87244 5.05776 5.15166 3.74503 4.13205 3.99846 4.33379 4.21287 4.21188 5.45824 4.19344 3.7937 3.8483 4.31259 4.75238 4.26612 4.14528 4.21288 4.69301 5.44556 4.35583 4.79341 5.09684 

--------------------------------------
Time: 33.5117
Split Ratios: 1 0.023 0.977 1 0.962 0.038 1 1 1 1 1 1 1 0.015 0.985 1 0.85 0.15 0.022 0.978 0.984 0.016 1 1 1 1 1 0.1 0.9 1 1 1 1 1 1 1 1 
Delays: 0.0113507 0.0285273 0.0288905 0.0231581 0.0154942 0.01303 0.0344849 0.0231409 0.00765303 0.00975956 0.0283305 0.0230739 0.0245947 0.0184792 0.019137 0.0178052 0.0057542 0.0232423 0.0309501 0.0273707 0.0155348 0.012455 0.0193702 0.0206891 0.0214385 0.0134625 0.00570153 0.019311 0.0135876 0.00759228 
Throughputs: 1.16326 1.34349 1.52371 1.39264 1.50733 1.17965 1.14688 1.5401 1.31072 1.55648 1.24518 1.42541 1.35987 1.39264 1.47456 1.29434 1.5401 1.39264 1.16326 1.49094 1.40902 1.26157 1.52371 1.40902 1.40902 1.31072 1.42541 1.04858 1.60563 1.50733 
Utility: 4.6297 3.85216 3.96539 4.09661 4.57763 4.50572 3.50428 4.198 5.14323 5.07194 3.7831 4.12351 4.01261 4.32231 4.34449 4.28626 5.58967 4.09298 3.62661 3.99769 4.50757 4.61799 4.36517 4.22105 4.18547 4.57842 5.52148 3.99451 4.77211 5.29096 

--------------------------------------
Time: 34.0118
Split Ratios: 1 0.023 0.977 1 0.962 0.038 1 1 1 1 1 1 1 0.015 0.985 1 0.85 0.15 0.022 0.978 0.984 0.016 1 1 1 1 1 0.1 0.9 1 1 1 1 1 1 1 1 
Delays: 0.0113922 0.0287292 0.028637 0.0229876 0.0154771 0.0130324 0.0351172 0.0231443 0.00755638 0.00949152 0.0284063 0.0233955 0.0244527 0.0187175 0.0189195 0.0177602 0.0056691 0.0235243 0.0313827 0.0272088 0.0155706 0.0123498 0.0192426 0.0205903 0.0210469 0.0134676 0.00567147 0.0193533 0.0138827 0.00756848 
Throughputs: 1.16326 1.31072 1.17965 1.09773 1.40902 1.50733 1.21242 1.47456 1.14688 1.70394 1.3271 1.35987 1.3271 1.47456 1.16326 1.16326 1.31072 1.24518 1.78586 1.45818 1.34349 1.45818 1.42541 1.29434 1.2288 1.37626 1.40902 1.26157 1.40902 1.34349 
Utility: 4.62606 3.82042 3.71827 3.86604 4.51129 4.75065 3.54168 4.15436 5.02241 5.1903 3.84414 4.0626 3.99401 4.36666 4.11879 4.18202 5.4433 3.969 4.0414 3.9814 4.45764 4.7713 4.30509 4.14093 4.06704 4.62684 5.5152 4.17725 4.62001 5.17903 

--------------------------------------
Time: 34.5123
Split Ratios: 1 0.023 0.977 1 0.962 0.038 1 1 1 1 1 1 1 0.015 0.985 1 0.85 0.15 0.022 0.978 0.984 0.016 1 1 1 1 1 0.1 0.9 1 1 1 1 1 1 1 1 
Delays: 0.0114167 0.0286373 0.0287175 0.0229644 0.0153156 0.0131011 0.0343824 0.0229485 0.00744764 0.00947088 0.0284859 0.0233515 0.0246776 0.0190052 0.0193022 0.0178604 0.00572523 0.0233178 0.0305468 0.0269859 0.0153966 0.0120164 0.0195763 0.0206451 0.0213799 0.0133654 0.00574544 0.0195394 0.0135178 0.0075197 
Throughputs: 1.29434 1.3271 1.27795 1.3271 1.50733 1.55648 1.16326 1.35987 1.09773 1.47456 1.17965 1.27795 1.40902 1.44179 1.72032 1.11411 1.11411 1.3271 1.44179 1.44179 1.09773 1.45818 1.65478 1.34349 1.6384 1.08134 1.65478 1.17965 1.03219 1.19603 
Utility: 4.73068 3.83604 3.79551 4.05681 4.58922 4.77749 3.52144 4.08189 4.9931 5.04789 3.72356 4.00235 4.04476 4.32893 4.49005 4.13323 5.27093 4.04154 3.85438 3.97833 4.26685 4.79867 4.43711 4.17555 4.33903 4.39329 5.66302 4.10054 4.33543 5.06924 

--------------------------------------
Time: 35.0127
Split Ratios: 1 0.023 0.977 1 0.962 0.038 1 1 1 1 1 1 1 0.015 0.985 1 0.85 0.15 0.022 0.978 0.984 0.016 1 1 1 1 1 0.1 0.9 1 1 1 1 1 1 1 1 
Delays: 0.0115298 0.028757 0.0284309 0.0236332 0.0154584 0.0130695 0.0346639 0.0228311 0.00752132 0.00955769 0.0285631 0.0235118 0.0244389 0.0190444 0.0188866 0.0179971 0.0056834 0.023707 0.0308145 0.0273925 0.0155443 0.0130835 0.0195333 0.0206672 0.0211526 0.0136117 0.00572811 0.0197404 0.0135199 0.00747075 
Throughputs: 1.39264 1.6384 1.19603 1.75309 1.44179 1.49094 1.35987 1.34349 1.52371 1.39264 1.3271 1.42541 1.14688 1.47456 1.2288 1.11411 1.40902 1.50733 1.31072 1.3271 1.34349 1.34349 1.65478 1.27795 1.37626 1.29434 1.5401 1.24518 1.3271 1.3271 
Utility: 4.79402 4.0426 3.73929 4.30648 4.53549 4.73688 3.66945 4.0749 5.31116 4.98161 3.83864 4.10471 3.84863 4.34934 4.17534 4.1256 5.5131 4.15232 3.75035 3.88049 4.45933 4.63167 4.43931 4.12446 4.17536 4.55482 5.59421 4.14437 4.58659 5.17976 

--------------------------------------
Time: 35.5129
Split Ratios: 1 0.023 0.977 1 0.962 0.038 1 1 1 1 1 1 1 0.015 0.985 1 0.85 0.15 0.022 0.978 0.984 0.016 1 1 1 1 1 0.1 0.9 1 1 1 1 1 1 1 1 
Delays: 0.0114534 0.028666 0.0286736 0.0231644 0.0151739 0.013052 0.034211 0.0230133 0.00747926 0.00952105 0.028219 0.0232662 0.0244519 0.0188018 0.0188816 0.0181123 0.00566961 0.0231535 0.0307675 0.0273846 0.015375 0.01214 0.0192904 0.0206448 0.0212373 0.0133979 0.00568715 0.0193373 0.0136354 0.00752096 
Throughputs: 1.24518 1.17965 1.16326 1.26157 1.31072 1.5401 1.17965 1.2288 1.42541 1.57286 1.47456 1.29434 1.24518 1.5401 1.24518 1.16326 1.29434 1.1305 1.29434 1.39264 1.19603 1.3271 1.37626 1.19603 1.5401 1.17965 1.26157 1.27795 1.67117 1.39264 
Utility: 4.68875 3.71726 3.70301 3.99749 4.45875 4.77066 3.54042 3.97772 5.25008 5.10715 3.95612 4.01875 3.93033 4.40565 4.18885 4.16239 5.43063 3.88826 3.73929 3.92898 4.35402 4.69424 4.26752 4.0593 4.28384 4.47787 5.4019 4.19098 4.80861 5.22126 

--------------------------------------
Time: 36.0131
Split Ratios: 1 0.023 0.977 1 0.962 0.038 1 1 1 1 1 1 1 0.015 0.985 1 0.85 0.15 0.022 0.978 0.984 0.016 1 1 1 1 1 0.1 0.9 1 1 1 1 1 1 1 1 
Delays: 0.0114417 0.0286192 0.0286488 0.0232643 0.0153393 0.0130216 0.0344621 0.0230886 0.00753203 0.00950579 0.0285805 0.0230141 0.0244374 0.0191514 0.0185971 0.017679 0.00568217 0.0236928 0.0307634 0.0268948 0.0155627 0.0121902 0.0198218 0.0205233 0.0214997 0.0132516 0.00566826 0.0195437 0.0137127 0.00752699 
Throughputs: 1.26157 1.44179 1.5401 1.44179 1.50733 1.40902 1.3271 1.06496 1.39264 1.3271 1.26157 1.27795 1.24518 1.2288 1.1305 1.34349 1.1305 1.5401 1.50733 1.50733 1.08134 1.52371 1.47456 1.29434 1.39264 1.06496 1.60563 1.19603 1.29434 1.24518 
Utility: 4.70285 3.91957 3.98449 4.12672 4.58767 4.68404 3.65089 3.83135 5.21979 4.93885 3.78739 4.01691 3.93092 4.16142 4.10741 4.33065 5.29308 4.17443 3.89177 4.02616 4.24109 4.82827 4.30933 4.14419 4.17092 4.38657 5.64639 4.11411 4.54743 5.10854 

