--------------------------------------
Time: 5.50081
Split Ratios: 1 0.5 0.5 1 0.5 0.5 0.5 0.5 0.333333 0.333333 0.333333 1 0.5 0.5 0.5 0.5 1 
Delays: 0.0184778 0.0148502 0.0166655 0.0216749 0.0226469 0.0200763 0.013006 0.0207057 0.0307538 0.0148113 
Throughputs: 0.57344 0.802816 0.49152 0.638976 0.868352 0.638976 0.688128 0.589824 0.671744 0.770048 
Utility: 3.43508 3.99012 3.38416 3.38371 3.64657 3.46033 3.96857 3.34941 3.08386 3.95106 

--------------------------------------
Time: 6.00101
Split Ratios: 1 0.429 0.571 1 1 0 0.929 0.071 0 0.524 0.476 1 0.14 0.86 1 0 1 
Delays: 0.0185125 0.0148857 0.0166827 0.0316676 0.024111 0.0213851 0.0130887 0.0191751 0.0298833 0.0148182 
Throughputs: 0.688128 0.90112 0.704512 0.884736 0.868352 0.802816 0.704512 0.671744 0.884736 0.65536 
Utility: 3.61553 4.10324 3.74313 3.33 3.58393 3.62543 3.98576 3.55626 3.38799 3.78933 

--------------------------------------
Time: 6.5031
Split Ratios: 1 0.234 0.766 1 1 0 0.999 0.001 0 0 1 1 0.268 0.732 0.792 0.208 1 
Delays: 0.0184896 0.0149035 0.0166675 0.0317032 0.0242124 0.0237198 0.0130061 0.0195426 0.0300011 0.0148596 
Throughputs: 0.622592 0.90112 0.704512 0.802816 0.688128 0.8192 0.540672 0.802816 0.671744 0.622592 
Utility: 3.51669 4.10204 3.74404 3.23171 3.34711 3.54202 3.72739 3.71553 3.10864 3.73525 

--------------------------------------
Time: 7.00336
Split Ratios: 1 0.386 0.614 1 0.69 0.31 1 0 0.413 0.587 0 1 0.461 0.539 0.832 0.168 1 
Delays: 0.0184783 0.0148475 0.0167441 0.0273452 0.0242126 0.0189843 0.0130994 0.0204205 0.0299248 0.0147875 
Throughputs: 0.884736 0.917504 0.786432 0.688128 0.753664 0.442368 0.802816 0.868352 0.540672 0.835584 
Utility: 3.86869 4.12383 3.84946 3.22543 3.43807 3.14853 4.11556 3.75006 2.89412 4.03435 

--------------------------------------
Time: 7.50553
Split Ratios: 1 0.665 0.335 1 0.28 0.72 0.999 0.001 0 0.177 0.823 1 0.996 0.004 0.722 0.278 1 
Delays: 0.0185139 0.0148752 0.0166832 0.0211621 0.0241997 0.0229872 0.0131437 0.0224772 0.030225 0.0148071 
Throughputs: 0.671744 1.01581 0.802816 0.704512 0.638976 0.786432 0.73728 0.638976 0.671744 0.802816 
Utility: 3.59135 4.22374 3.87372 3.50529 3.27353 3.53257 4.02702 3.34736 3.10121 3.99302 

--------------------------------------
Time: 8.0072
Split Ratios: 1 1 0 1 0.631 0.369 0.7 0.3 0.071 0.311 0.618 1 0.726 0.274 0.612 0.388 1 
Delays: 0.0184659 0.0148598 0.016654 0.0241288 0.0225539 0.0220592 0.0131028 0.0213039 0.0305792 0.0148024 
Throughputs: 0.720896 0.704512 0.786432 0.835584 0.622592 0.638976 0.671744 0.802816 0.786432 0.688128 
Utility: 3.66457 3.85884 3.85486 3.54472 3.31799 3.36614 3.93705 3.62924 3.24719 3.83919 

--------------------------------------
Time: 8.50791
Split Ratios: 1 0.999 0.001 1 0.557 0.443 0.959 0.041 0.431 0.423 0.146 1 0.393 0.607 1 0 1 
Delays: 0.0185081 0.0148295 0.0167239 0.0236919 0.0241353 0.0193386 0.0131237 0.0203147 0.0297385 0.0148873 
Throughputs: 0.65536 0.802816 0.753664 0.73728 0.917504 0.933888 0.704512 0.786432 0.90112 0.589824 
Utility: 3.56698 3.99151 3.80811 3.43783 3.63798 3.87725 3.98308 3.65616 3.4112 3.67931 

--------------------------------------
Time: 9.00962
Split Ratios: 1 0.684 0.316 1 0.897 0.103 0.411 0.589 0.474 0.075 0.45 1 0.59 0.41 0.217 0.783 1 
Delays: 0.0185363 0.0149306 0.0166143 0.0305417 0.0221245 0.0208303 0.0130382 0.0205731 0.0311473 0.0148935 
Throughputs: 0.73728 0.606208 0.589824 0.884736 0.688128 0.753664 0.786432 0.8192 0.720896 0.868352 
Utility: 3.68324 3.70381 3.56956 3.3662 3.43729 3.58854 4.09962 3.68434 3.14177 4.06567 

--------------------------------------
Time: 9.51086
Split Ratios: 1 0.475 0.525 1 0.735 0.265 0.533 0.467 0 0 1 1 0.522 0.478 0.62 0.38 1 
Delays: 0.0185147 0.014799 0.0166779 0.0273267 0.0228785 0.0240452 0.0131095 0.0207779 0.0304394 0.0147727 
Throughputs: 0.73728 0.999424 0.704512 0.8192 0.8192 0.524288 0.622592 0.73728 0.999424 0.589824 
Utility: 3.6844 4.21262 3.74342 3.40046 3.57813 3.08211 3.86055 3.56908 3.49144 3.68705 

--------------------------------------
Time: 10.0121
Split Ratios: 1 0.461 0.539 1 0.622 0.378 0.368 0.632 0.071 0.009 0.92 1 1 0 0.582 0.418 1 
Delays: 0.0184429 0.0148802 0.0167022 0.0264093 0.0219082 0.0235539 0.0130726 0.0223512 0.0303935 0.0147831 
Throughputs: 0.671744 0.835584 0.720896 0.65536 0.753664 0.557056 0.688128 0.73728 0.98304 0.671744 
Utility: 3.5952 4.0281 3.76495 3.21147 3.53809 3.16337 3.96345 3.49609 3.47642 3.81639 

--------------------------------------
Time: 10.5134
Split Ratios: 1 0.443 0.557 1 1 0 0.695 0.305 0.294 0.243 0.462 1 0.731 0.269 0.714 0.286 1 
Delays: 0.0185665 0.0148022 0.0167128 0.0315662 0.0231799 0.0207995 0.0131235 0.0208179 0.0303154 0.01481 
Throughputs: 0.720896 0.73728 0.90112 0.98304 0.638976 0.606208 0.917504 0.57344 0.90112 0.65536 
Utility: 3.65914 3.90819 3.98746 3.43856 3.31658 3.3723 4.24725 3.31584 3.39198 3.78988 

--------------------------------------
Time: 11.0148
Split Ratios: 1 0.593 0.407 1 0.553 0.447 1 0 0.382 0.618 0 1 0.283 0.717 0.222 0.778 1 
Delays: 0.0185266 0.0147717 0.0166597 0.0241493 0.0242116 0.0186312 0.0130773 0.0195001 0.0313366 0.0147989 
Throughputs: 0.65536 0.688128 0.671744 0.802816 0.802816 0.704512 0.589824 0.884736 0.917504 0.704512 
Utility: 3.56598 3.84126 3.69688 3.50387 3.50129 3.63267 3.80895 3.81487 3.37687 3.86295 

--------------------------------------
Time: 11.5152
Split Ratios: 1 0.124 0.876 1 0.361 0.639 0.702 0.298 0.806 0 0.194 1 0.752 0.248 0.569 0.431 1 
Delays: 0.0185755 0.0148289 0.0167031 0.0239457 0.0230728 0.0200647 0.0130787 0.0210108 0.0305391 0.0148925 
Throughputs: 0.65536 0.802816 0.589824 0.884736 0.884736 0.8192 0.65536 0.770048 0.851968 0.671744 
Utility: 3.56334 3.99155 3.56423 3.6095 3.64664 3.70937 3.9142 3.60142 3.32854 3.80902 

--------------------------------------
Time: 12.0152
Split Ratios: 1 1 0 1 0.38 0.62 1 0 0.375 0.472 0.154 1 0.761 0.239 0.495 0.505 1 
Delays: 0.0185192 0.0148442 0.0166735 0.0195647 0.0243485 0.019314 0.0130363 0.0218075 0.0306139 0.0147988 
Throughputs: 0.557056 0.868352 0.638976 0.868352 0.90112 0.933888 0.57344 0.671744 0.999424 0.671744 
Utility: 3.40386 4.06899 3.64605 3.79287 3.61117 3.87853 3.78392 3.42762 3.48572 3.81533 

--------------------------------------
Time: 12.5152
Split Ratios: 1 0.691 0.309 1 0.999 0.001 0.681 0.319 0.468 0 0.532 1 0.37 0.63 0.377 0.623 1 
Delays: 0.0186863 0.0148761 0.0167444 0.0317224 0.023095 0.0227376 0.0131372 0.0200977 0.0310679 0.0149052 
Throughputs: 0.933888 0.770048 0.638976 0.786432 0.720896 0.606208 0.688128 0.720896 0.851968 0.770048 
Utility: 3.91156 3.94669 3.6418 3.21048 3.44088 3.2832 3.95852 3.57989 3.31137 3.94474 

--------------------------------------
Time: 13.0166
Split Ratios: 1 1 0 1 1 0 0.999 0.001 0.333 0.333 0.333 1 0.367 0.633 0.85 0.15 1 
Delays: 0.0185535 0.014831 0.0167901 0.0317498 0.0241005 0.0201161 0.0130716 0.0205456 0.0300899 0.0148166 
Throughputs: 0.90112 0.65536 0.65536 0.770048 0.688128 0.622592 0.720896 0.884736 0.671744 0.770048 
Utility: 3.88298 3.78847 3.6644 3.18857 3.35174 3.43237 4.01005 3.76264 3.10569 3.95071 

--------------------------------------
Time: 13.5167
Split Ratios: 1 1 0 1 0.622 0.378 0.62 0.38 0.587 0.303 0.11 1 1 0 0.5 0.5 1 
Delays: 0.0184824 0.0148125 0.0167831 0.0267252 0.0228741 0.0189849 0.013137 0.0224288 0.0305145 0.0149396 
Throughputs: 0.638976 0.786432 0.606208 0.851968 0.786432 0.606208 0.720896 0.835584 0.90112 0.933888 
Utility: 3.54305 3.97204 3.58685 3.46194 3.5375 3.46358 4.00506 3.61779 3.38544 4.13534 

--------------------------------------
Time: 14.0182
Split Ratios: 1 1 0 1 1 0 0.661 0.339 0.254 0.746 0 1 0.429 0.571 1 0 1 
Delays: 0.018568 0.0147941 0.0166449 0.0314467 0.0228847 0.0185029 0.0130478 0.0207371 0.0297272 0.0147909 
Throughputs: 0.606208 0.73728 0.589824 0.589824 0.65536 0.868352 0.73728 0.704512 0.753664 0.786432 
Utility: 3.48579 3.90874 3.56772 2.93153 3.35472 3.84867 4.03435 3.52558 3.23288 3.9735 

--------------------------------------
Time: 14.5183
Split Ratios: 1 0.793 0.207 1 0.476 0.524 0.875 0.125 0 0.622 0.378 1 0.999 0.001 0.445 0.555 1 
Delays: 0.0185385 0.0148089 0.0167498 0.0246701 0.0233582 0.0211449 0.0130771 0.022554 0.0307047 0.0148246 
Throughputs: 0.622592 0.704512 0.704512 0.802816 0.851968 0.671744 0.786432 0.73728 0.720896 0.835584 
Utility: 3.51404 3.86227 3.73912 3.48253 3.5966 3.45848 4.09665 3.48706 3.15608 4.03184 

--------------------------------------
Time: 15.0184
Split Ratios: 1 0.648 0.352 1 0.559 0.441 0.471 0.529 0 1 0 1 0.701 0.299 1 0 1 
Delays: 0.018507 0.0148719 0.0166655 0.0261717 0.0226156 0.0187815 0.0130565 0.0212417 0.0297417 0.014828 
Throughputs: 0.638976 0.688128 0.671744 0.770048 0.671744 0.65536 0.835584 0.65536 0.720896 0.704512 
Utility: 3.54172 3.8345 3.69653 3.38177 3.39124 3.55231 4.15885 3.42922 3.18794 3.86099 

--------------------------------------
Time: 15.5185
Split Ratios: 1 0.802 0.198 1 1 0 1 0 0.236 0.288 0.475 1 0.727 0.273 0.8 0.2 1 
Delays: 0.0185487 0.0148561 0.0166467 0.0315428 0.0242121 0.0211658 0.0129884 0.0213445 0.0299322 0.0148468 
Throughputs: 0.589824 0.90112 0.73728 0.786432 0.606208 0.688128 0.802816 0.606208 0.57344 0.8192 
Utility: 3.45942 4.10523 3.79076 3.21616 3.22037 3.48159 4.12407 3.34643 2.95272 4.01054 

--------------------------------------
Time: 16.02
Split Ratios: 1 0.64 0.36 1 0.902 0.098 1 0 0 0.403 0.596 1 1 0 0.635 0.365 1 
Delays: 0.0184906 0.0148604 0.0167492 0.0300269 0.0243441 0.0220626 0.013014 0.0224099 0.0305626 0.0148192 
Throughputs: 0.671744 0.835584 0.770048 0.753664 0.704512 0.720896 0.49152 0.8192 0.688128 1.09773 
Utility: 3.59262 4.02943 3.8281 3.22285 3.36522 3.48661 3.63148 3.59883 3.1142 4.30508 

--------------------------------------
Time: 16.5212
Split Ratios: 1 0.462 0.538 1 0.288 0.712 1 0 0.47 0.087 0.443 1 1 0 0.23 0.77 1 
Delays: 0.0184939 0.0148744 0.016657 0.0219304 0.024345 0.0203609 0.0130127 0.022414 0.0312744 0.0149379 
Throughputs: 0.802816 0.770048 0.688128 0.753664 1.09773 0.802816 0.704512 0.950272 0.851968 0.638976 
Utility: 3.77069 3.94681 3.72114 3.53707 3.80867 3.67451 3.99158 3.74706 3.30475 3.75596 

--------------------------------------
Time: 17.0229
Split Ratios: 1 1 0 1 0.908 0.092 1 0 0.541 0 0.459 1 0.86 0.14 1 0 1 
Delays: 0.018448 0.0148208 0.0166811 0.0297392 0.0241663 0.0214358 0.0130426 0.0222667 0.0297229 0.0148476 
Throughputs: 0.671744 0.622592 0.507904 0.638976 0.589824 0.65536 0.835584 0.57344 0.73728 0.917504 
Utility: 3.59492 3.73786 3.41602 3.0674 3.19487 3.42012 4.15991 3.24856 3.21105 4.12382 

--------------------------------------
Time: 17.5231
Split Ratios: 1 0.512 0.488 1 0.672 0.328 0.83 0.17 0.537 0.294 0.169 1 0.602 0.398 1 0 1 
Delays: 0.0184775 0.0147884 0.0167016 0.0266809 0.0237597 0.0196127 0.013032 0.021084 0.0296229 0.0148767 
Throughputs: 0.770048 0.65536 0.884736 0.638976 0.835584 0.622592 0.589824 0.835584 0.622592 0.720896 
Utility: 3.7299 3.79134 3.96979 3.17592 3.56014 3.45771 3.81241 3.67961 3.04534 3.8807 

--------------------------------------
Time: 18.0246
Split Ratios: 1 0.329 0.671 1 0.452 0.548 0.169 0.831 0 0.757 0.243 1 1 0 0.401 0.599 1 
Delays: 0.0185558 0.0148009 0.0167024 0.0230132 0.0210998 0.0199827 0.0131439 0.0223803 0.0306286 0.014816 
Throughputs: 0.835584 0.57344 0.786432 0.73728 0.950272 0.622592 0.8192 0.786432 0.786432 0.835584 
Utility: 3.80735 3.65696 3.85195 3.4669 3.80749 3.43903 4.13237 3.55933 3.24557 4.03242 

--------------------------------------
Time: 18.5258
Split Ratios: 1 1 0 1 0.185 0.815 0.357 0.643 0 0.55 0.45 1 0.997 0.003 0.66 0.34 1 
Delays: 0.0184838 0.0148777 0.0166857 0.0208948 0.0220335 0.0213709 0.0131527 0.0223249 0.0304639 0.0148064 
Throughputs: 0.606208 0.851968 0.606208 0.704512 0.753664 0.704512 0.802816 0.786432 0.90112 0.638976 
Utility: 3.49033 4.04768 3.59267 3.518 3.53238 3.49547 4.1115 3.5618 3.3871 3.76481 

--------------------------------------
Time: 19.0318
Split Ratios: 1 0.037 0.963 1 1 0 0.495 0.505 0.65 0.126 0.224 1 1 0 0.999 0.001 1 
Delays: 0.0186199 0.014904 0.0166997 0.0312866 0.0221428 0.0199568 0.0130145 0.0223805 0.0297074 0.0148151 
Throughputs: 0.720896 0.933888 0.966656 0.786432 0.835584 0.589824 0.704512 0.720896 0.802816 0.802816 
Utility: 3.65627 4.13773 4.05845 3.22432 3.63062 3.38625 3.99144 3.47231 3.29673 3.99248 

--------------------------------------
Time: 19.5341
Split Ratios: 1 1 0 1 0.51 0.49 0.593 0.407 0.169 0.067 0.764 1 0.735 0.265 0.81 0.19 1 
Delays: 0.0185401 0.0147918 0.0166918 0.0233081 0.0225433 0.0221198 0.0132183 0.0213399 0.0303317 0.0148499 
Throughputs: 0.688128 0.8192 0.786432 0.704512 0.8192 0.786432 0.753664 0.753664 0.90112 0.720896 
Utility: 3.61404 4.01425 3.85259 3.40871 3.59289 3.57103 4.04334 3.56437 3.39144 3.8825 

--------------------------------------
Time: 20.0345
Split Ratios: 1 0.327 0.673 1 1 0 0.803 0.197 0 0.25 0.75 1 0.551 0.449 0.881 0.119 1 
Delays: 0.0184579 0.0148105 0.0167053 0.0312193 0.0233356 0.0224444 0.0131228 0.0211638 0.0299613 0.0148206 
Throughputs: 0.57344 0.802816 0.770048 0.671744 0.704512 0.753664 0.73728 0.851968 0.720896 0.622592 
Utility: 3.43616 3.99279 3.83073 3.06884 3.40753 3.51391 4.02862 3.69526 3.18059 3.73787 

--------------------------------------
Time: 20.5352
Split Ratios: 1 0.1 0.9 1 0.746 0.254 0.512 0.488 0.529 0.471 0 1 0.407 0.593 0.509 0.491 1 
Delays: 0.018539 0.0148577 0.0166299 0.0294783 0.022517 0.0189194 0.0130582 0.0200371 0.0308603 0.0148778 
Throughputs: 0.622592 0.770048 0.688128 0.786432 0.917504 0.8192 0.770048 0.557056 0.720896 0.704512 
Utility: 3.51401 3.94794 3.72277 3.28385 3.70738 3.76814 4.07703 3.32508 3.15102 3.85764 

--------------------------------------
Time: 21.0355
Split Ratios: 1 0.193 0.807 1 0.383 0.617 0.127 0.873 0 0.902 0.098 1 0.063 0.937 1 0 1 
Delays: 0.0185562 0.0148722 0.0166604 0.0219709 0.0210939 0.0189353 0.0131865 0.0189647 0.029716 0.0148116 
Throughputs: 0.98304 0.786432 0.671744 0.98304 0.524288 0.802816 0.589824 0.786432 0.786432 0.671744 
Utility: 3.96985 3.96801 3.69684 3.80093 3.21306 3.7471 3.80063 3.72493 3.27582 3.81447 

--------------------------------------
Time: 21.5361
Split Ratios: 1 1 0 1 0.303 0.697 0.316 0.684 0 0.484 0.516 1 1 0 0.277 0.723 1 
Delays: 0.0185517 0.0148031 0.0166998 0.0212257 0.0215815 0.0215725 0.0131609 0.0221088 0.0310742 0.0148261 
Throughputs: 0.557056 0.770048 0.720896 0.753664 0.802816 0.671744 0.671744 0.65536 0.786432 0.720896 
Utility: 3.4021 3.95161 3.7651 3.56973 3.61629 3.43846 3.93263 3.38921 3.23113 3.88411 

--------------------------------------
Time: 22.0408
Split Ratios: 1 0.346 0.654 1 0.912 0.088 0.218 0.782 0.126 0 0.874 1 0.999 0.001 1 0 1 
Delays: 0.0184956 0.0148229 0.0166659 0.0298542 0.0216074 0.0233225 0.0130959 0.0224107 0.0297631 0.0148604 
Throughputs: 0.688128 0.802816 0.65536 0.753664 0.786432 0.720896 0.688128 0.753664 0.884736 0.671744 
Utility: 3.61644 3.99195 3.67182 3.22862 3.59447 3.43107 3.96168 3.51541 3.39202 3.81118 

--------------------------------------
Time: 22.5422
Split Ratios: 1 1 0 1 0.852 0.148 0.86 0.14 0 1 0 1 0.536 0.464 0.55 0.45 1 
Delays: 0.0185764 0.0148004 0.0166721 0.0294653 0.0232696 0.0187994 0.0130617 0.0201306 0.0304524 0.0148197 
Throughputs: 0.606208 0.950272 0.73728 0.950272 0.73728 0.753664 0.90112 0.835584 0.851968 0.688128 
Utility: 3.48533 4.1621 3.78923 3.47354 3.45582 3.69112 4.23395 3.72589 3.33138 3.83802 

--------------------------------------
Time: 23.0432
Split Ratios: 1 0.716 0.284 1 0.999 0.001 1 0 0 0.309 0.691 1 0.439 0.561 0.801 0.199 1 
Delays: 0.0185209 0.0147772 0.0166793 0.0313558 0.0244581 0.0224727 0.0130571 0.0205571 0.0302705 0.0148695 
Throughputs: 0.720896 0.688128 0.49152 0.606208 0.770048 0.753664 0.704512 0.933888 1.09773 0.622592 
Utility: 3.66159 3.84089 3.38333 2.96182 3.44949 3.51265 3.98818 3.81615 3.59082 3.73458 

--------------------------------------
Time: 23.5433
Split Ratios: 1 0.622 0.378 1 0.486 0.514 0.469 0.531 0 0.999 0 1 1 0 1 0 1 
Delays: 0.0184793 0.0148029 0.0166805 0.0246321 0.0224931 0.0188843 0.0131997 0.022278 0.0297799 0.0148908 
Throughputs: 0.688128 0.704512 0.57344 0.98304 0.786432 0.73728 0.688128 0.638976 0.8192 0.8192 
Utility: 3.61732 3.86269 3.53741 3.6866 3.5543 3.66464 3.95378 3.35627 3.31449 4.00758 

--------------------------------------
Time: 24.0433
Split Ratios: 1 0.66 0.34 1 0.475 0.525 1 0 0.691 0.279 0.03 1 0.161 0.839 0.612 0.388 1 
Delays: 0.018545 0.0148749 0.0167182 0.0231111 0.0241047 0.0186781 0.0130235 0.0193777 0.0304471 0.014827 
Throughputs: 0.606208 0.704512 0.57344 0.868352 0.622592 0.65536 0.671744 0.835584 0.65536 0.688128 
Utility: 3.48702 3.85783 3.53515 3.62628 3.25148 3.55783 3.94313 3.76401 3.06919 3.83753 

--------------------------------------
Time: 24.5434
Split Ratios: 1 0.641 0.359 1 0.489 0.511 0.664 0.336 0 0.155 0.845 1 0.72 0.28 0.729 0.271 1 
Delays: 0.0186082 0.0148218 0.0166663 0.023768 0.0226752 0.0230592 0.0130654 0.0215132 0.0303861 0.0148124 
Throughputs: 0.770048 0.704512 0.671744 0.835584 0.802816 0.720896 0.720896 0.802816 0.73728 0.8192 
Utility: 3.72285 3.86141 3.69649 3.55979 3.56685 3.44243 4.01053 3.61946 3.18898 4.01286 

--------------------------------------
Time: 25.0442
Split Ratios: 1 0.238 0.762 1 0.47 0.53 0.954 0.046 0.452 0.145 0.403 1 0.749 0.251 0.54 0.46 1 
Delays: 0.0185201 0.0148257 0.0167166 0.023186 0.0239039 0.0212392 0.0130381 0.0213852 0.0302904 0.0148681 
Throughputs: 0.720896 0.786432 0.622592 0.638976 0.720896 0.753664 0.507904 0.851968 0.802816 0.720896 
Utility: 3.66164 3.97115 3.61749 3.31632 3.40645 3.5691 3.66241 3.68485 3.27729 3.88128 

--------------------------------------
Time: 25.545
Split Ratios: 1 0.374 0.626 1 0.668 0.332 0.571 0.429 0 0.15 0.85 1 1 0 0.173 0.827 1 
Delays: 0.0185294 0.0148204 0.0167107 0.0261786 0.0228849 0.0226957 0.0131248 0.0225808 0.0313651 0.0148502 
Throughputs: 0.720896 0.917504 0.753664 0.753664 0.98304 0.65536 0.671744 0.73728 0.933888 0.786432 
Utility: 3.66113 4.12565 3.8089 3.36 3.76017 3.36301 3.93537 3.48587 3.39366 3.9695 

--------------------------------------
Time: 26.047
Split Ratios: 1 0.256 0.744 1 1 0 1 0 0.24 0.369 0.391 1 0.999 0.001 0.455 0.545 1 
Delays: 0.0185341 0.0148275 0.0167924 0.0319013 0.0242578 0.0213971 0.0130528 0.0225196 0.0307621 0.0147606 
Throughputs: 0.589824 0.73728 0.835584 0.98304 0.753664 0.851968 0.638976 0.704512 0.65536 0.671744 
Utility: 3.46021 3.90648 3.90721 3.428 3.43621 3.6843 3.89086 3.44312 3.0589 3.81792 

--------------------------------------
Time: 26.5476
Split Ratios: 1 1 0 1 0.206 0.794 1 0 0 0.745 0.255 1 0.539 0.461 0.544 0.456 1 
Delays: 0.0185013 0.0148492 0.0166396 0.0218511 0.0242183 0.0196116 0.0131372 0.0210719 0.0306642 0.0148023 
Throughputs: 0.704512 0.802816 0.638976 0.851968 0.786432 0.589824 0.557056 0.671744 0.65536 0.720896 
Utility: 3.63966 3.99018 3.64808 3.6633 3.4804 3.4037 3.74722 3.46194 3.06209 3.88571 

--------------------------------------
Time: 27.0485
Split Ratios: 1 0.595 0.405 1 0.299 0.701 0.261 0.739 0.613 0.119 0.267 1 1 0 0.661 0.339 1 
Delays: 0.0185422 0.0148071 0.0166355 0.0194555 0.0214371 0.0196673 0.0131706 0.0222519 0.0300533 0.0148061 
Throughputs: 0.524288 0.704512 0.57344 0.720896 0.802816 0.704512 0.753664 0.966656 0.802816 0.770048 
Utility: 3.34199 3.8624 3.54011 3.61236 3.623 3.57855 4.04696 3.77141 3.28515 3.95141 

--------------------------------------
Time: 27.5486
Split Ratios: 1 0.223 0.777 1 0.824 0.176 1 0 0.331 0.339 0.33 1 1 0 0.782 0.218 1 
Delays: 0.018464 0.0148408 0.0166514 0.0293343 0.0240629 0.0211446 0.0130938 0.022523 0.0303565 0.0148495 
Throughputs: 0.73728 0.835584 0.753664 0.851968 0.835584 0.606208 0.720896 0.770048 0.884736 1.01581 
Utility: 3.68715 4.03075 3.81245 3.36879 3.54746 3.35584 4.00836 3.53192 3.37228 4.22548 

--------------------------------------
Time: 28.0497
Split Ratios: 1 0.738 0.262 1 1 0 0.364 0.636 0.171 0.434 0.395 1 0.31 0.69 0.444 0.556 1 
Delays: 0.0185513 0.0148526 0.0166447 0.0316796 0.0218267 0.0207838 0.012967 0.0199813 0.0307353 0.0148182 
Throughputs: 0.671744 0.950272 0.65536 0.802816 0.884736 0.770048 0.606208 0.671744 0.868352 0.73728 
Utility: 3.58934 4.15857 3.67309 3.23245 3.70215 3.61228 3.84482 3.51508 3.34118 3.90711 

--------------------------------------
Time: 28.5505
Split Ratios: 1 0.44 0.56 1 0.718 0.282 0.289 0.711 0.279 0.25 0.471 1 1 0 0.477 0.523 1 
Delays: 0.0184859 0.0147966 0.0166617 0.0268656 0.0214079 0.0212201 0.0130387 0.022285 0.0307219 0.0148814 
Throughputs: 0.57344 0.65536 0.851968 0.802816 0.720896 0.835584 0.688128 0.786432 0.589824 0.851968 
Utility: 3.43464 3.79079 3.93444 3.39728 3.51674 3.67318 3.96605 3.56359 2.95485 4.04744 

--------------------------------------
Time: 29.0508
Split Ratios: 1 1 0 1 0.656 0.344 0.904 0.096 0.45 0.469 0.081 1 0.105 0.895 0.999 0.001 1 
Delays: 0.0184612 0.0149606 0.0167159 0.0259704 0.0239636 0.0190874 0.0130587 0.0192003 0.0299432 0.0148094 
Throughputs: 0.606208 0.802816 0.73728 0.786432 0.851968 0.802816 0.720896 0.57344 1.03219 0.688128 
Utility: 3.49155 3.9827 3.78661 3.41055 3.57101 3.7391 4.01104 3.39673 3.54014 3.83871 

--------------------------------------
Time: 29.5525
Split Ratios: 1 0.953 0.047 1 0.773 0.227 1 0 0.208 0.508 0.284 1 0.731 0.269 0.485 0.515 1 
Delays: 0.0185132 0.0149067 0.0166775 0.0308419 0.0242274 0.0203191 0.0130461 0.0209481 0.030734 0.0148061 
Throughputs: 0.786432 0.57344 0.753664 0.786432 0.90112 0.770048 0.802816 0.73728 0.8192 0.753664 
