--------------------------------------
Time: 5.50002
Split Ratios: 1 1 1 1 1 1 1 1 1 1 1 1 1 1 1 1 1 1 1 1 1 1 1 1 1 1 1 1 1 1 
Delays: 0.0117793 0.0137267 0.0172341 0.0184969 0.0130877 0.0111424 0.0157386 0.0138106 0.00749167 0.0115818 0.0136243 0.0114054 0.0151563 0.0143992 0.0112684 0.0116615 0.00557713 0.016685 0.0157311 0.0166595 0.0136866 0.0115499 0.013206 0.0134756 0.013469 0.0114349 0.00571113 0.0163011 0.0139917 0.00755666 
Throughputs: 1.39264 1.35987 1.09773 1.52371 1.27795 1.2288 1.47456 1.06496 1.35987 1.17965 0.933888 1.21242 1.45818 1.34349 1.21242 1.31072 1.40902 1.60563 1.50733 1.49094 1.2288 1.26157 1.39264 1.40902 1.26157 1.06496 1.44179 1.29434 1.2288 1.49094 
Utility: 4.77262 4.5958 4.15411 4.4113 4.58134 4.70303 4.54 4.34526 5.20135 4.62354 4.2275 4.66628 4.56653 4.53585 4.67837 4.72204 5.53198 4.56676 4.56245 4.49419 4.49737 4.69343 4.65828 4.64977 4.53972 4.53402 5.53123 4.37452 4.47533 5.28474 

--------------------------------------
Time: 6.00018
Split Ratios: 1 1 1 1 1 1 1 1 1 1 1 1 1 1 1 1 1 1 1 1 1 1 1 1 1 1 1 1 1 1 
Delays: 0.0115399 0.0139766 0.0171672 0.0177211 0.0133145 0.0111871 0.0160198 0.0137541 0.00754374 0.0114202 0.0140675 0.011445 0.0149839 0.0141541 0.0113764 0.0117134 0.00563644 0.0158196 0.0157473 0.0159652 0.0135247 0.0113946 0.0133558 0.0135448 0.0134022 0.0112615 0.00571663 0.0156246 0.0141876 0.00750656 
Throughputs: 1.44179 1.31072 1.35987 1.19603 1.60563 1.80224 1.21242 1.24518 1.5401 1.67117 1.70394 1.04858 1.31072 1.3271 1.34349 1.19603 1.31072 1.3271 1.26157 1.26157 1.26157 1.35987 1.39264 0.98304 1.44179 1.3271 1.72032 1.14688 1.47456 1.44179 
Utility: 4.82783 4.54094 4.37215 4.21201 4.79242 5.08203 4.32655 4.5057 5.31888 4.9859 4.79683 4.51764 4.47136 4.54075 4.77149 4.62603 5.44908 4.4295 4.38344 4.3697 4.53559 4.78201 4.647 4.28464 4.67823 4.76936 5.70689 4.29595 4.64375 5.25787 

--------------------------------------
Time: 6.50062
Split Ratios: 1 1 1 1 1 1 1 1 1 1 1 1 1 1 1 1 1 1 1 1 1 1 1 1 1 1 1 1 1 1 
Delays: 0.0115982 0.0135791 0.0174449 0.0177093 0.0130852 0.0111517 0.015564 0.0142403 0.0074981 0.0114509 0.013658 0.0117612 0.0150747 0.0142477 0.0112293 0.0118586 0.0055682 0.0157063 0.0154067 0.0160098 0.0135243 0.0114428 0.0132877 0.0135836 0.0134359 0.0112999 0.00570956 0.0156506 0.0139438 0.00749249 
Throughputs: 1.49094 1.39264 1.16326 1.29434 1.34349 1.5401 1.17965 1.2288 1.24518 1.45818 1.1305 1.52371 1.57286 1.24518 1.16326 1.21242 1.42541 1.40902 1.35987 1.31072 1.19603 1.6384 1.45818 1.49094 1.45818 1.19603 1.39264 1.2288 1.60563 1.42541 
Utility: 4.85631 4.63042 4.19994 4.29167 4.63154 4.92801 4.32801 4.45772 5.11239 4.84688 4.41608 4.8641 4.64764 4.47045 4.64046 4.62732 5.54514 4.49659 4.48034 4.40513 4.48228 4.96411 4.6981 4.6983 4.68701 4.66197 5.49681 4.36329 4.74624 5.24831 

--------------------------------------
Time: 7.00106
Split Ratios: 1 1 1 1 1 1 1 1 1 1 1 1 1 1 1 1 1 1 1 1 1 1 1 1 1 1 1 1 1 1 
Delays: 0.0113804 0.0140836 0.0171515 0.0177876 0.0130229 0.0111374 0.0160544 0.0138032 0.00752285 0.0115684 0.0140072 0.0117295 0.015005 0.0138045 0.0113759 0.0118952 0.00560845 0.0158858 0.0161117 0.0157258 0.0133693 0.0116061 0.0131355 0.0135493 0.013257 0.0112236 0.00562842 0.0156851 0.0143122 0.0075617 
Throughputs: 1.1305 1.29434 1.08134 1.40902 1.3271 1.35987 1.2288 1.16326 1.11411 1.7367 1.26157 1.34349 1.24518 1.39264 1.5401 1.3271 1.40902 1.52371 1.45818 1.37626 1.21242 1.45818 1.29434 1.17965 1.31072 1.35987 1.19603 1.2288 1.50733 1.57286 
Utility: 4.59852 4.52074 4.14387 4.37215 4.62405 4.80483 4.33781 4.43409 4.99787 5.01147 4.50054 4.74092 4.41866 4.61396 4.9081 4.71462 5.52638 4.56348 4.50539 4.47182 4.50741 4.83341 4.59043 4.46663 4.59381 4.79713 5.35894 4.36108 4.65698 5.33756 

--------------------------------------
Time: 7.50114
Split Ratios: 1 1 1 1 1 1 1 1 1 1 1 1 1 1 1 1 1 1 1 1 1 1 1 1 1 1 1 1 1 1 
Delays: 0.0117104 0.0138909 0.0174191 0.0182855 0.0131903 0.0111168 0.0156786 0.0137589 0.00751717 0.0115301 0.0137191 0.0116949 0.0151137 0.0146246 0.0112819 0.011849 0.00560723 0.0168403 0.0158748 0.0163097 0.013623 0.0114271 0.0131978 0.0136317 0.013339 0.011217 0.00565502 0.0160882 0.0143131 0.00757047 
Throughputs: 1.34349 1.40902 1.55648 1.16326 1.39264 1.14688 1.24518 1.14688 1.19603 1.44179 1.16326 1.67117 1.50733 1.35987 1.50733 1.31072 1.26157 1.58925 1.40902 1.27795 1.19603 1.5401 1.26157 1.31072 1.47456 1.1305 1.09773 1.21242 1.47456 1.57286 
Utility: 4.74255 4.61942 4.49262 4.15288 4.65948 4.63635 4.37474 4.42312 5.06957 4.82868 4.4402 4.96213 4.60249 4.53244 4.89489 4.70609 5.41605 4.54724 4.48592 4.36126 4.475 4.90361 4.56006 4.56593 4.70543 4.61298 5.26845 4.32229 4.63494 5.3364 

--------------------------------------
Time: 8.00131
Split Ratios: 1 1 1 1 1 1 1 1 1 1 1 1 1 1 1 1 1 1 1 1 1 1 1 1 1 1 1 1 1 1 
Delays: 0.0115782 0.0139313 0.0172645 0.0182198 0.0132389 0.0111013 0.0158344 0.0138774 0.00751316 0.0113754 0.0138415 0.011695 0.0149785 0.0140553 0.0113963 0.0116603 0.00561082 0.0160383 0.0160738 0.0156165 0.013645 0.0115219 0.0132295 0.0135456 0.0132971 0.0112402 0.00562424 0.0155097 0.0144072 0.00759635 
Throughputs: 1.31072 1.35987 1.34349 1.1305 1.27795 1.57286 1.55648 1.27795 1.42541 1.45818 1.17965 1.31072 1.34349 1.47456 1.37626 1.2288 1.24518 1.35987 1.40902 1.34349 1.39264 1.57286 1.39264 1.29434 1.34349 1.21242 1.3271 1.24518 1.5401 1.34349 
Utility: 4.7292 4.58101 4.35437 4.1279 4.56986 4.95359 4.588 4.52275 5.24556 4.85349 4.4453 4.71917 4.49641 4.65312 4.79383 4.6576 5.40234 4.44017 4.47346 4.4547 4.62558 4.91641 4.65651 4.55969 4.61548 4.68087 5.46367 4.38557 4.67187 5.17536 

--------------------------------------
Time: 8.50146
Split Ratios: 1 1 1 1 1 1 1 1 1 1 1 1 1 1 1 1 1 1 1 1 1 1 1 1 1 1 1 1 1 1 
Delays: 0.0116293 0.0134929 0.0171744 0.0180531 0.0131503 0.0111394 0.0152676 0.0138476 0.00753863 0.0113384 0.0134907 0.0116747 0.0149991 0.0139689 0.0112073 0.011826 0.00560714 0.0157157 0.0155036 0.0159882 0.0135969 0.011384 0.0132384 0.013613 0.013404 0.0112263 0.00571744 0.0154905 0.0138632 0.00751919 
Throughputs: 1.26157 1.24518 1.3271 1.29434 1.45818 1.47456 1.1305 1.29434 1.37626 1.39264 1.17965 1.29434 1.3271 1.55648 1.26157 1.16326 1.09773 1.24518 1.29434 1.44179 1.3271 1.35987 1.44179 1.45818 1.34349 1.1305 1.45818 1.37626 1.70394 1.68755 
Utility: 4.68658 4.52487 4.34733 4.27244 4.7085 4.88563 4.30468 4.53764 5.20708 4.81076 4.47097 4.70833 4.48277 4.71335 4.72354 4.58868 5.27696 4.37238 4.42468 4.50179 4.58091 4.78294 4.69052 4.67392 4.60747 4.61215 5.54142 4.48689 4.81146 5.41358 

--------------------------------------
Time: 9.00155
Split Ratios: 1 1 1 1 1 1 1 1 1 1 1 1 1 1 1 1 1 1 1 1 1 1 1 1 1 1 1 1 1 1 
Delays: 0.0115117 0.0136028 0.0173457 0.0180968 0.0131669 0.0111532 0.0154932 0.0137071 0.00756985 0.0112646 0.0136053 0.0117396 0.0150743 0.0143687 0.0112385 0.0117835 0.00560491 0.0163282 0.0156476 0.0163081 0.0134751 0.0115833 0.0132908 0.0136284 0.0134366 0.0111931 0.00565572 0.0158596 0.0141158 0.00752088 
Throughputs: 1.16326 1.17965 1.2288 1.16326 1.27795 1.26157 1.01581 1.27795 1.49094 1.21242 1.39264 1.44179 1.31072 1.39264 1.21242 1.49094 1.47456 1.68755 1.40902 1.27795 1.40902 1.39264 1.39264 1.42541 1.62202 1.31072 1.37626 1.44179 1.27795 1.21242 
Utility: 4.61562 4.4627 4.26045 4.16325 4.57531 4.72839 4.18304 4.5351 5.28299 4.67871 4.6285 4.81068 4.46534 4.5739 4.68102 4.84046 5.57247 4.63814 4.50034 4.36135 4.64981 4.7894 4.65188 4.65006 4.79344 4.76303 5.49445 4.50986 4.50572 5.08269 

--------------------------------------
Time: 9.50164
Split Ratios: 1 1 1 1 1 1 1 1 1 1 1 1 1 1 1 1 1 1 1 1 1 1 1 1 1 1 1 1 1 1 
Delays: 0.0117331 0.0136032 0.0174918 0.017681 0.0130682 0.0111257 0.0154248 0.0146867 0.00747319 0.0113728 0.0137982 0.0118194 0.0150302 0.0141501 0.011334 0.012552 0.00566291 0.0162616 0.015726 0.0160079 0.0135247 0.0115538 0.0131704 0.014256 0.0137469 0.0112652 0.00577328 0.0156967 0.0140599 0.00750227 
Throughputs: 1.19603 1.29434 1.29434 1.29434 1.39264 1.50733 1.27795 1.45818 1.27795 1.49094 1.24518 1.19603 1.24518 1.50733 1.26157 1.85139 1.58925 1.29434 1.57286 1.37626 1.35987 1.86778 1.40902 1.31072 1.31072 1.29434 1.5401 1.3271 1.39264 1.14688 
Utility: 4.62435 4.55545 4.30402 4.29326 4.66877 4.90884 4.41704 4.598 5.14169 4.87594 4.5025 4.61702 4.41698 4.66837 4.7123 4.99381 5.63708 4.37695 4.60534 4.45404 4.61063 5.08549 4.67268 4.52115 4.55752 4.74403 5.58636 4.43731 4.59563 5.02959 

--------------------------------------
Time: 10.0017
Split Ratios: 1 1 1 1 1 1 1 1 1 1 1 1 1 1 1 1 1 1 1 1 1 1 1 1 1 1 1 1 1 1 
Delays: 0.0114834 0.0139759 0.0172879 0.0176646 0.0131221 0.0111141 0.0156066 0.0140614 0.00752245 0.0113567 0.0139723 0.0116173 0.0150412 0.0139505 0.0113061 0.0118677 0.00559268 0.0157779 0.0158617 0.0157156 0.013416 0.0114584 0.0131869 0.0136657 0.0134295 0.0112811 0.00566317 0.0156418 0.0144054 0.00743628 
Throughputs: 1.11411 1.39264 1.5401 1.2288 1.49094 1.3271 1.19603 1.24518 1.39264 1.24518 1.39264 1.42541 1.47456 1.44179 1.67117 1.6384 1.19603 1.57286 1.45818 1.29434 1.24518 1.49094 1.29434 1.49094 1.3271 1.60563 1.27795 1.29434 1.50733 0.966656 
Utility: 4.57491 4.60162 4.48959 4.24223 4.73287 4.78254 4.33907 4.48361 5.22106 4.69723 4.60188 4.80971 4.58532 4.63813 4.99593 4.92766 5.36531 4.60204 4.52104 4.4111 4.53059 4.86844 4.58653 4.69228 4.5933 4.95814 5.41903 4.4158 4.65049 4.86747 

--------------------------------------
Time: 10.5018
Split Ratios: 1 1 1 1 1 1 1 1 1 1 1 1 1 1 1 1 1 1 1 1 1 1 1 1 1 1 1 1 1 1 
Delays: 0.0119224 0.0140719 0.0173112 0.0177342 0.01319 0.0111226 0.0156845 0.0136608 0.00754798 0.011372 0.0143262 0.011503 0.0149767 0.0140928 0.011307 0.0118295 0.00560538 0.0159679 0.0160275 0.0161679 0.0136644 0.0113339 0.0132572 0.0134156 0.0133386 0.0113545 0.0056609 0.0158163 0.0143981 0.00759753 
Throughputs: 1.42541 1.40902 1.24518 1.14688 1.65478 1.34349 1.35987 1.04858 1.62202 1.44179 1.3271 1.37626 1.40902 1.21242 1.08134 1.50733 1.40902 1.3271 1.60563 1.75309 1.26157 1.40902 1.3271 1.26157 1.49094 1.2288 1.37626 1.21242 1.40902 1.6384 
Utility: 4.78379 4.60647 4.27569 4.1693 4.83197 4.79404 4.46247 4.34066 5.37015 4.84249 4.52866 4.78451 4.54415 4.4547 4.56054 4.84749 5.52693 4.42017 4.60697 4.68611 4.52531 4.82285 4.60621 4.54369 4.7165 4.68418 5.49354 4.33933 4.58356 5.37365 

--------------------------------------
Time: 11.002
Split Ratios: 1 1 1 1 1 1 1 1 1 1 1 1 1 1 1 1 1 1 1 1 1 1 1 1 1 1 1 1 1 1 
Delays: 0.0117899 0.0136333 0.0172503 0.018189 0.0131217 0.0110782 0.0156579 0.0137648 0.0074941 0.0114044 0.0138256 0.011787 0.0149862 0.0144592 0.0112058 0.0118088 0.0056289 0.0164134 0.015804 0.0164976 0.0134206 0.0115402 0.0132211 0.0136397 0.0133602 0.0112785 0.00569668 0.0161415 0.0142523 0.00750349 
Throughputs: 1.17965 1.34349 1.37626 1.3271 1.35987 1.11411 1.17965 1.55648 1.34349 1.5401 1.2288 1.26157 1.42541 1.35987 1.16326 1.09773 1.16326 1.70394 1.3271 1.52371 1.44179 1.37626 1.3271 1.24518 1.39264 1.29434 1.5401 1.26157 1.45818 1.24518 
Utility: 4.60573 4.59051 4.37929 4.28994 4.64088 4.61083 4.322 4.72807 5.18891 4.9056 4.48727 4.67311 4.55508 4.54381 4.64256 4.53215 5.33107 4.6426 4.43049 4.52569 4.67685 4.78128 4.60894 4.51405 4.64667 4.74285 5.59972 4.35872 4.62802 5.11167 

--------------------------------------
Time: 11.5023
Split Ratios: 1 1 1 1 1 1 1 1 1 1 1 1 1 1 1 1 1 1 1 1 1 1 1 1 1 1 1 1 1 1 
Delays: 0.0115974 0.0137625 0.0173441 0.017959 0.0130817 0.0111151 0.0157861 0.0138147 0.00757451 0.0115183 0.0138117 0.0115891 0.0150572 0.0141831 0.0112546 0.0118538 0.00561027 0.016231 0.0157295 0.0161423 0.0134042 0.0114881 0.0131139 0.0135026 0.0132828 0.0113475 0.00580024 0.0158404 0.0139881 0.00745903 
Throughputs: 1.3271 1.37626 1.31072 1.40902 1.14688 1.31072 1.11411 1.37626 1.60563 1.57286 1.2288 1.17965 1.17965 1.19603 1.35987 1.40902 1.47456 1.52371 1.49094 1.04858 1.29434 1.39264 1.09773 1.47456 1.35987 1.39264 1.45818 1.27795 1.40902 1.39264 
Utility: 4.73997 4.60518 4.32508 4.36256 4.47359 4.77003 4.25669 4.60139 5.35648 4.91672 4.48827 4.62291 4.36111 4.43471 4.79437 4.77801 5.57152 4.54198 4.55163 4.17375 4.57019 4.79765 4.42733 4.69323 4.62867 4.80996 5.52704 4.39045 4.61244 5.22953 

--------------------------------------
Time: 12.0024
Split Ratios: 1 1 1 1 1 1 1 1 1 1 1 1 1 1 1 1 1 1 1 1 1 1 1 1 1 1 1 1 1 1 
Delays: 0.0113368 0.0137306 0.0171752 0.0177847 0.0130742 0.011114 0.0157061 0.0137371 0.00760778 0.011505 0.0137032 0.0118098 0.0150526 0.0140171 0.0112618 0.0116604 0.00559757 0.0162643 0.0157685 0.016321 0.0134176 0.011513 0.0131325 0.0134276 0.0132886 0.011339 0.00564729 0.0161905 0.014089 0.00750139 
Throughputs: 1.34349 1.55648 1.19603 1.34349 1.24518 1.47456 1.04858 1.34349 1.29434 1.24518 1.3271 1.55648 1.35987 1.37626 1.19603 1.01581 1.52371 1.31072 1.49094 1.11411 1.14688 1.67117 1.47456 1.26157 1.21242 1.2288 1.1305 1.26157 1.26157 1.44179 
Utility: 4.77497 4.73055 4.2433 4.32469 4.5564 4.88791 4.20114 4.58292 5.13658 4.68426 4.57313 4.88125 4.50359 4.58684 4.66535 4.46725 5.60657 4.38936 4.54915 4.22336 4.44824 4.97781 4.72103 4.5428 4.51347 4.68555 5.29924 4.35569 4.49471 5.25855 

--------------------------------------
Time: 12.5026
Split Ratios: 1 1 1 1 1 1 1 1 1 1 1 1 1 1 1 1 1 1 1 1 1 1 1 1 1 1 1 1 1 1 
Delays: 0.0115024 0.0142956 0.0174107 0.0186618 0.0131947 0.0111105 0.0162027 0.0138773 0.00754836 0.0114872 0.01418 0.0115483 0.0149501 0.0147573 0.011359 0.0117153 0.00556704 0.0167258 0.0162938 0.0166647 0.0133815 0.0116208 0.0132355 0.0136807 0.0135496 0.0113478 0.00562823 0.0171515 0.0144411 0.00754597 
Throughputs: 1.14688 1.55648 1.57286 1.21242 1.45818 1.47456 1.3271 1.35987 1.6384 1.40902 1.44179 1.39264 1.2288 1.27795 1.50733 1.06496 1.3271 1.57286 1.44179 1.34349 1.19603 1.37626 1.35987 1.47456 1.65478 1.35987 1.26157 1.40902 1.55648 1.49094 
Utility: 4.60225 4.69023 4.50357 4.17389 4.70513 4.88823 4.40558 4.58489 5.38014 4.80942 4.62181 4.79242 4.40908 4.46127 4.88808 4.5098 5.47389 4.5437 4.48286 4.38973 4.49289 4.77433 4.63224 4.68013 4.80507 4.78612 5.41232 4.40857 4.6801 5.28615 

--------------------------------------
Time: 13.0026
Split Ratios: 1 1 1 1 1 1 1 1 1 1 1 1 1 1 1 1 1 1 1 1 1 1 1 1 1 1 1 1 1 1 
Delays: 0.0115833 0.0141292 0.0172561 0.0177 0.013115 0.0111096 0.0157847 0.013538 0.00751822 0.0113694 0.0139926 0.011571 0.0149835 0.0146196 0.0112559 0.0117334 0.00562307 0.0162347 0.0161714 0.0159966 0.0134452 0.0112911 0.0131598 0.0134512 0.0133527 0.0112072 0.00564503 0.0158767 0.01424 0.00750751 
Throughputs: 1.42541 1.37626 1.31072 1.35987 0.999424 1.26157 1.37626 1.19603 1.39264 1.52371 1.57286 1.39264 1.44179 1.57286 1.50733 1.2288 1.24518 1.44179 1.40902 1.34349 1.1305 1.06496 1.34349 1.1305 1.26157 1.31072 1.34349 1.26157 1.78586 1.50733 
Utility: 4.81265 4.57888 4.33016 4.34158 4.33343 4.7323 4.46808 4.48127 5.22163 4.89798 4.72212 4.79046 4.56669 4.67829 4.8972 4.65135 5.40016 4.48649 4.46741 4.43065 4.43179 4.54668 4.62586 4.43134 4.54839 4.76178 5.47225 4.37526 4.8316 5.30219 

--------------------------------------
Time: 13.5028
Split Ratios: 1 1 1 1 1 1 1 1 1 1 1 1 1 1 1 1 1 1 1 1 1 1 1 1 1 1 1 1 1 1 
Delays: 0.0116523 0.0138871 0.0174737 0.0177437 0.0132575 0.0111397 0.0158294 0.0143201 0.00750953 0.0113896 0.0137521 0.0118306 0.0151164 0.0142768 0.0113253 0.0118242 0.00561394 0.0160682 0.0158417 0.01613 0.0134677 0.0115814 0.0132088 0.0140333 0.0134001 0.0112606 0.00564326 0.0158892 0.0141245 0.00762509 
Throughputs: 1.47456 1.47456 1.35987 1.11411 1.26157 1.35987 1.2288 1.26157 1.35987 1.57286 1.52371 1.49094 1.21242 1.50733 1.37626 1.45818 1.04858 1.57286 1.47456 1.40902 1.49094 1.7367 1.58925 1.40902 1.19603 1.27795 1.47456 1.42541 1.65478 1.34349 
Utility: 4.84061 4.66516 4.35445 4.13978 4.55555 4.80463 4.35192 4.47845 5.19897 4.92796 4.70772 4.83647 4.38459 4.65946 4.80008 4.81479 5.22993 4.58381 4.53347 4.46997 4.70687 5.01035 4.79014 4.60922 4.49151 4.7317 5.56565 4.49657 4.76352 5.17158 

--------------------------------------
Time: 14.003
Split Ratios: 1 1 1 1 1 1 1 1 1 1 1 1 1 1 1 1 1 1 1 1 1 1 1 1 1 1 1 1 1 1 
Delays: 0.0114821 0.0137874 0.017157 0.0180713 0.013056 0.0111082 0.0155858 0.0138078 0.00748886 0.0115086 0.0135354 0.0117165 0.0150829 0.0143066 0.0113019 0.0115334 0.00555652 0.0161108 0.015685 0.0160618 0.0133027 0.011373 0.0132342 0.0136457 0.0132548 0.0112905 0.00565295 0.0162931 0.0139547 0.00748728 
Throughputs: 1.35987 1.21242 1.27795 1.3271 1.06496 1.62202 0.999424 1.08134 1.42541 1.62202 1.35987 1.34349 1.60563 1.3271 1.34349 1.3271 1.24518 1.29434 1.50733 1.2288 1.17965 1.31072 1.40902 1.26157 1.27795 1.09773 1.31072 1.49094 1.26157 1.09773 
Utility: 4.77435 4.47662 4.31061 4.29643 4.40145 4.98374 4.16082 4.36073 5.2488 4.94833 4.60984 4.74202 4.66771 4.53003 4.77806 4.74551 5.41207 4.38626 4.56539 4.33735 4.485 4.74709 4.66785 4.52668 4.56866 4.57704 5.44615 4.51642 4.50429 4.98779 

--------------------------------------
Time: 14.5032
Split Ratios: 1 1 1 1 1 1 1 1 1 1 1 1 1 1 1 1 1 1 1 1 1 1 1 1 1 1 1 1 1 1 
Delays: 0.0116592 0.0137573 0.0172113 0.017426 0.0131882 0.0111178 0.0158008 0.0138001 0.00757857 0.0115685 0.013737 0.0114995 0.0150169 0.0139096 0.0113341 0.0118389 0.00561374 0.0159255 0.0157808 0.0156873 0.0134481 0.0114114 0.01325 0.0134049 0.0133867 0.0113054 0.00563692 0.0156502 0.0141905 0.00761185 
Throughputs: 1.50733 1.55648 1.3271 1.26157 1.31072 1.44179 1.27795 1.37626 1.52371 1.34349 1.27795 1.44179 1.35987 1.35987 1.67117 0.950272 1.47456 1.24518 1.2288 1.34349 1.37626 1.44179 1.5401 1.19603 1.39264 1.45818 1.17965 1.06496 1.3271 1.35987 
Utility: 4.862 4.72861 4.34519 4.28215 4.59901 4.8651 4.39296 4.60245 5.30358 4.75474 4.53292 4.83134 4.50597 4.58257 4.99347 4.38536 5.5709 4.35912 4.355 4.45017 4.62828 4.83903 4.7556 4.49114 4.6447 4.85966 5.34363 4.22021 4.53818 5.18544 

--------------------------------------
Time: 15.0032
Split Ratios: 1 1 1 1 1 1 1 1 1 1 1 1 1 1 1 1 1 1 1 1 1 1 1 1 1 1 1 1 1 1 
Delays: 0.0115406 0.0141742 0.017396 0.0175319 0.0130365 0.0111264 0.0158679 0.0136941 0.00752507 0.0113741 0.0138921 0.0118559 0.0149742 0.0139864 0.0112592 0.0118541 0.00556952 0.0159332 0.0161584 0.0160424 0.0135006 0.0113931 0.0132352 0.0136496 0.0131969 0.0112471 0.00570526 0.015725 0.0142636 0.00747254 
Throughputs: 1.19603 1.24518 1.2288 1.24518 1.49094 1.44179 1.27795 1.44179 1.44179 1.39264 1.34349 1.65478 1.3271 1.42541 1.44179 1.37626 1.34349 1.35987 1.47456 1.19603 1.3271 1.26157 1.16326 1.40902 1.29434 1.35987 1.75309 1.50733 1.49094 0.98304 
Utility: 4.64089 4.47562 4.25755 4.26302 4.73941 4.86432 4.38872 4.65667 5.2554 4.80762 4.5717 4.9386 4.48442 4.62413 4.85246 4.75445 5.48572 4.44674 4.51367 4.31153 4.58802 4.7071 4.47611 4.63694 4.58577 4.79503 5.72775 4.56284 4.64945 4.87942 

--------------------------------------
Time: 15.5032
Split Ratios: 1 1 1 1 1 1 1 1 1 1 1 1 1 1 1 1 1 1 1 1 1 1 1 1 1 1 1 1 1 1 
Delays: 0.0115217 0.0136533 0.0172977 0.0187408 0.0131637 0.0111522 0.0157085 0.013713 0.00758304 0.0114107 0.0136642 0.0115845 0.015003 0.0147827 0.0113016 0.0117529 0.00561276 0.0163823 0.0157034 0.0167147 0.0136299 0.0115906 0.01319 0.0135798 0.0134428 0.0113509 0.00565916 0.0165563 0.0139589 0.00750741 
Throughputs: 1.03219 1.49094 1.5401 1.44179 1.42541 1.45818 1.3271 1.40902 1.57286 1.29434 1.1305 1.11411 1.06496 1.65478 1.40902 1.26157 1.49094 1.62202 1.34349 1.67117 1.1305 1.49094 1.37626 1.37626 1.19603 1.35987 1.3271 1.40902 1.47456 1.80224 
Utility: 4.49521 4.69318 4.48903 4.34294 4.68475 4.8733 4.43655 4.63231 5.33474 4.7312 4.41563 4.56614 4.26244 4.71797 4.82571 4.67601 5.58212 4.59522 4.44915 4.60499 4.41814 4.85697 4.64766 4.61854 4.48832 4.78584 5.45748 4.44388 4.66 5.48089 

--------------------------------------
Time: 16.0033
Split Ratios: 1 1 1 1 1 1 1 1 1 1 1 1 1 1 1 1 1 1 1 1 1 1 1 1 1 1 1 1 1 1 
Delays: 0.0114908 0.0138628 0.0172039 0.0181024 0.0131867 0.0111576 0.0159142 0.0139482 0.00746035 0.0114296 0.0141948 0.0115015 0.0150839 0.0141143 0.0113292 0.0116415 0.0055947 0.0161932 0.0161413 0.0159956 0.0133885 0.0114928 0.0133296 0.0137081 0.0132802 0.0112946 0.00573759 0.0160617 0.0145757 0.00754418 
Throughputs: 1.26157 1.26157 1.37626 1.35987 1.47456 1.58925 1.37626 1.26157 1.26157 1.42541 1.17965 1.31072 1.3271 1.11411 1.45818 1.39264 1.16326 1.65478 1.52371 1.47456 1.03219 1.42541 1.40902 1.45818 1.21242 1.16326 1.6384 1.44179 1.57286 1.24518 
Utility: 4.69857 4.5109 4.38199 4.3191 4.71691 4.95889 4.45991 4.50476 5.13051 4.82601 4.4201 4.73585 4.47713 4.36862 4.85756 4.78438 5.33717 4.62684 4.54752 4.5238 4.34505 4.82049 4.66067 4.66696 4.5141 4.63466 5.65444 4.4972 4.6813 5.10626 

--------------------------------------
Time: 16.504
Split Ratios: 1 1 1 1 1 1 1 1 1 1 1 1 1 1 1 1 1 1 1 1 1 1 1 1 1 1 1 1 1 1 
Delays: 0.0114706 0.0135638 0.0172371 0.0177426 0.0131339 0.0111258 0.015629 0.0141812 0.00754782 0.0114228 0.0135469 0.0117459 0.0150224 0.0140347 0.0113194 0.0119436 0.00557042 0.0158387 0.0156175 0.0159546 0.0134288 0.0114196 0.0132877 0.0137413 0.0133894 0.0114438 0.00568006 0.0155233 0.0138501 0.00745493 
Throughputs: 1.42541 1.42541 1.3271 1.2288 1.11411 1.31072 1.49094 1.52371 1.42541 1.42541 1.17965 1.35987 1.11411 1.58925 1.35987 1.27795 1.1305 1.3271 1.52371 1.29434 1.16326 1.26157 1.60563 1.31072 1.34349 1.27795 1.37626 1.17965 1.37626 1.19603 
Utility: 4.82243 4.65481 4.34369 4.23782 4.44062 4.76906 4.55804 4.67699 5.24095 4.8266 4.46681 4.75164 4.30627 4.72948 4.78863 4.67282 5.31294 4.4283 4.58052 4.39601 4.46158 4.70478 4.79443 4.55793 4.60856 4.71556 5.49016 4.33063 4.59883 5.07789 

--------------------------------------
Time: 17.0041
Split Ratios: 1 1 1 1 1 1 1 1 1 1 1 1 1 1 1 1 1 1 1 1 1 1 1 1 1 1 1 1 1 1 
Delays: 0.0115895 0.013655 0.0171908 0.0179082 0.0132418 0.0111294 0.01528 0.013971 0.00753916 0.0114606 0.013614 0.0118971 0.0149541 0.014088 0.0113361 0.0120407 0.00558683 0.0161286 0.0155222 0.0159137 0.0134065 0.011455 0.0132126 0.0135576 0.0132052 0.0112941 0.00568356 0.0159717 0.0138488 0.00755733 
Throughputs: 1.34349 1.2288 1.3271 1.42541 1.29434 1.19603 1.16326 1.34349 1.47456 1.39264 1.09773 1.49094 1.3271 1.29434 1.50733 1.39264 1.37626 1.6384 1.17965 1.37626 1.3271 1.34349 1.29434 1.29434 1.21242 1.35987 1.17965 1.2288 1.60563 1.62202 
Utility: 4.75292 4.49969 4.34638 4.37695 4.58237 4.67717 4.33244 4.56604 5.276 4.80004 4.3899 4.83087 4.48577 4.52043 4.8901 4.75066 5.50671 4.62088 4.3307 4.45994 4.59502 4.7646 4.58458 4.5588 4.51976 4.79087 5.33539 4.34298 4.75307 5.36891 

--------------------------------------
Time: 17.5044
Split Ratios: 1 1 1 1 1 1 1 1 1 1 1 1 1 1 1 1 1 1 1 1 1 1 1 1 1 1 1 1 1 1 
Delays: 0.0115602 0.0136743 0.0174457 0.0179426 0.0131802 0.0110993 0.0156053 0.01439 0.00759274 0.0115758 0.0138504 0.0120214 0.0150556 0.0142593 0.0113372 0.0122795 0.00563758 0.0162259 0.015893 0.0159155 0.0135637 0.0116292 0.0132553 0.0142806 0.0133188 0.0112657 0.00567678 0.0160512 0.0140659 0.0075244 
Throughputs: 1.47456 1.3271 1.52371 1.35987 1.11411 1.34349 1.29434 1.55648 1.40902 1.70394 1.39264 1.50733 1.42541 1.44179 1.26157 1.19603 1.19603 1.47456 1.2288 1.27795 1.2288 1.50733 1.50733 1.49094 1.42541 1.45818 1.42541 1.21242 1.3271 1.34349 
Utility: 4.84855 4.57524 4.46981 4.32797 4.43709 4.79614 4.41814 4.68365 5.22346 4.99178 4.61064 4.83141 4.55046 4.61624 4.71202 4.57883 5.35731 4.5095 4.34791 4.38572 4.5064 4.86457 4.73369 4.64826 4.67304 4.86318 5.52583 4.32458 4.547 5.18487 

--------------------------------------
Time: 18.0044
Split Ratios: 1 1 1 1 1 1 1 1 1 1 1 1 1 1 1 1 1 1 1 1 1 1 1 1 1 1 1 1 1 1 
Delays: 0.011642 0.0140134 0.0172692 0.0181461 0.0131633 0.0111343 0.0157409 0.0138064 0.00753002 0.0115349 0.0139007 0.0115147 0.0150302 0.0142816 0.0112536 0.0117613 0.00561772 0.016043 0.0157838 0.0159591 0.0135326 0.0114915 0.0132381 0.0135875 0.0134169 0.0113297 0.00573008 0.015761 0.0143673 0.00752337 
Throughputs: 1.47456 1.2288 1.2288 1.29434 1.06496 1.29434 1.31072 1.49094 1.44179 1.85139 1.47456 1.27795 1.29434 1.45818 1.42541 1.1305 1.42541 1.70394 1.3271 1.35987 1.19603 1.70394 1.49094 1.2288 1.39264 1.09773 1.45818 1.16326 1.2288 1.21242 
Utility: 4.84149 4.47378 4.26487 4.2673 4.39326 4.75572 4.42207 4.68203 5.25474 5.07831 4.66417 4.70939 4.45569 4.62597 4.84153 4.5656 5.53629 4.66542 4.43177 4.44511 4.48166 4.99909 4.72407 4.50464 4.64244 4.57357 5.53921 4.30145 4.44884 5.08236 

--------------------------------------
Time: 18.5046
Split Ratios: 1 1 1 1 1 1 1 1 1 1 1 1 1 1 1 1 1 1 1 1 1 1 1 1 1 1 1 1 1 1 
Delays: 0.0115036 0.0139111 0.01739 0.0184257 0.0131103 0.0111314 0.0158355 0.0139365 0.00751047 0.0115198 0.0140151 0.0115721 0.0149744 0.0150841 0.011307 0.0119969 0.00556219 0.0168768 0.0157039 0.0165745 0.0136033 0.0113567 0.0132407 0.0134927 0.01336 0.0113762 0.00566691 0.0166317 0.0142599 0.00748143 
Throughputs: 1.40902 1.27795 1.29434 1.19603 1.11411 1.3271 1.19603 1.21242 1.24518 1.49094 1.68755 1.31072 1.29434 1.57286 1.37626 1.40902 1.26157 1.58925 1.40902 1.42541 1.14688 1.3271 1.40902 1.14688 1.3271 1.26157 1.26157 1.47456 1.55648 1.24518 
Utility: 4.808 4.52033 4.30986 4.17302 4.44241 4.78099 4.32451 4.46586 5.11074 4.86309 4.7909 4.72973 4.45941 4.64701 4.8017 4.76601 5.42412 4.54508 4.49674 4.45435 4.43449 4.76095 4.66736 4.44266 4.59849 4.70859 5.40547 4.48481 4.69273 5.11461 

--------------------------------------
Time: 19.0046
Split Ratios: 1 1 1 1 1 1 1 1 1 1 1 1 1 1 1 1 1 1 1 1 1 1 1 1 1 1 1 1 1 1 
Delays: 0.0114946 0.0141815 0.0170312 0.0176679 0.01316 0.0111453 0.0159976 0.0136721 0.00758088 0.0115625 0.0141584 0.0115266 0.0149633 0.0138776 0.0113276 0.0116366 0.00558309 0.0156591 0.0161091 0.0159134 0.0134783 0.0114926 0.013188 0.013537 0.0132508 0.0113085 0.00574176 0.0154771 0.0144204 0.00744033 
Throughputs: 1.47456 1.35987 1.1305 1.42541 1.26157 1.14688 1.17965 1.1305 1.44179 1.40902 1.19603 1.27795 1.52371 1.26157 1.39264 1.24518 1.45818 1.57286 1.65478 0.90112 1.19603 1.42541 1.24518 1.26157 1.14688 1.26157 1.35987 1.2288 1.35987 1.17965 
Utility: 4.85424 4.5632 4.19536 4.39046 4.56293 4.63378 4.30053 4.41506 5.24801 4.80289 4.43646 4.70836 4.62331 4.50983 4.81172 4.67288 5.5652 4.6096 4.63204 4.03648 4.48568 4.82051 4.54773 4.53468 4.46074 4.71455 5.46738 4.37443 4.5465 5.06606 

--------------------------------------
Time: 19.5047
Split Ratios: 1 1 1 1 1 1 1 1 1 1 1 1 1 1 1 1 1 1 1 1 1 1 1 1 1 1 1 1 1 1 
Delays: 0.0116537 0.0135546 0.0173388 0.0181944 0.0131497 0.011122 0.0155523 0.0137659 0.00753607 0.0114345 0.0138523 0.0115839 0.0152003 0.0145046 0.0112292 0.0122555 0.00559907 0.0163268 0.0157522 0.0163006 0.0136032 0.0115161 0.0133341 0.0136824 0.0135118 0.0114655 0.00563443 0.0162624 0.0141151 0.00749841 
Throughputs: 1.57286 1.29434 1.68755 1.31072 1.11411 1.45818 1.27795 1.39264 1.24518 1.16326 1.40902 1.34349 1.34349 1.70394 1.29434 1.14688 1.16326 1.45818 1.35987 1.67117 1.01581 1.57286 1.57286 1.37626 1.3271 1.39264 1.2288 1.2288 1.52371 1.27795 
Utility: 4.90503 4.55903 4.57809 4.27722 4.43941 4.87602 4.4088 4.61676 5.10734 4.62235 4.6222 4.75341 4.48171 4.76623 4.74723 4.53883 5.33638 4.49214 4.45817 4.63008 4.31313 4.91691 4.77033 4.61101 4.58719 4.79961 5.3849 4.32494 4.68166 5.13832 

--------------------------------------
Time: 20.0051
Split Ratios: 1 1 1 1 1 1 1 1 1 1 1 1 1 1 1 1 1 1 1 1 1 1 1 1 1 1 1 1 1 1 
Delays: 0.0115042 0.0137092 0.0172911 0.0178579 0.0131135 0.0110796 0.0155761 0.0138474 0.00751294 0.0113459 0.0136363 0.011698 0.0149853 0.0139668 0.0113213 0.0117903 0.00560575 0.0158241 0.0157592 0.0160308 0.0134804 0.0114621 0.0132293 0.0137208 0.0135434 0.0113462 0.0056797 0.0157704 0.0142191 0.0075542 
Throughputs: 1.27795 1.24518 1.47456 1.37626 1.1305 1.26157 1.14688 1.49094 1.3271 1.55648 1.27795 1.52371 1.27795 1.19603 1.5401 1.29434 1.26157 1.49094 1.39264 1.21242 1.09773 1.39264 1.49094 1.29434 1.58925 1.49094 1.42541 1.21242 1.55648 1.45818 
Utility: 4.7103 4.50897 4.44592 4.34467 4.45677 4.73501 4.29906 4.67907 5.17413 4.92133 4.54028 4.86949 4.44594 4.45009 4.91292 4.69848 5.41632 4.54563 4.48154 4.32586 4.39976 4.79991 4.72473 4.54684 4.76512 4.87828 5.52532 4.34224 4.6956 5.26284 

--------------------------------------
Time: 20.5053
Split Ratios: 1 1 1 1 1 1 1 1 1 1 1 1 1 1 1 1 1 1 1 1 1 1 1 1 1 1 1 1 1 1 
Delays: 0.0115268 0.0135969 0.0173321 0.0179267 0.0131728 0.0111231 0.0154578 0.0139324 0.00748714 0.0113932 0.0135789 0.0116432 0.0149951 0.0138378 0.0112922 0.0118011 0.00558272 0.0160268 0.0156446 0.0161194 0.0134116 0.0114231 0.0131363 0.0134989 0.0134634 0.0113289 0.00572474 0.0158438 0.0140474 0.00747259 
Throughputs: 1.21242 1.57286 1.42541 1.39264 1.45818 1.37626 1.11411 1.26157 1.40902 1.08134 1.1305 1.2288 1.31072 1.24518 1.3271 1.31072 1.42541 1.19603 1.50733 1.5401 1.39264 1.45818 1.31072 1.19603 1.50733 1.34349 1.40902 1.35987 1.50733 1.39264 
Utility: 4.65569 4.75081 4.40966 4.35266 4.70679 4.81809 4.2777 4.50589 5.23747 4.55294 4.42189 4.65907 4.47061 4.49964 4.76664 4.71014 5.54254 4.3125 4.56797 4.55958 4.64283 4.8493 4.60295 4.48415 4.71812 4.77566 5.50586 4.45237 4.67566 5.22772 

--------------------------------------
Time: 21.0059
Split Ratios: 1 1 1 1 1 1 1 1 1 1 1 1 1 1 1 1 1 1 1 1 1 1 1 1 1 1 1 1 1 1 
Delays: 0.0115071 0.0135504 0.017525 0.017976 0.0132615 0.0111126 0.0154586 0.0140801 0.00758899 0.0113658 0.0135285 0.011716 0.0150095 0.0141595 0.0112676 0.0119222 0.00557796 0.01631 0.0157106 0.016017 0.0136428 0.0115459 0.0132143 0.0135413 0.0135465 0.0113731 0.00578597 0.0160452 0.0137167 0.00769339 
Throughputs: 1.09773 1.16326 1.57286 1.50733 1.44179 1.40902 1.31072 1.44179 1.26157 1.19603 1.29434 1.17965 1.40902 1.5401 1.31072 1.5401 1.37626 1.7367 1.65478 1.14688 1.19603 1.50733 1.44179 1.31072 1.16326 1.3271 1.40902 1.34349 1.42541 1.17965 
Utility: 4.55803 4.45257 4.49703 4.42906 4.68878 4.84257 4.44016 4.62888 5.11341 4.65615 4.56095 4.61202 4.54197 4.68921 4.7564 4.8612 5.5083 4.66796 4.65709 4.27115 4.47355 4.87177 4.69234 4.57259 4.45285 4.75951 5.49522 4.42762 4.6436 5.03261 

--------------------------------------
Time: 21.506
Split Ratios: 1 1 1 1 1 1 1 1 1 1 1 1 1 1 1 1 1 1 1 1 1 1 1 1 1 1 1 1 1 1 
Delays: 0.0115512 0.0139053 0.0171345 0.0178409 0.0131141 0.0111304 0.0156964 0.0141721 0.00748024 0.0115404 0.0137817 0.01182 0.0150059 0.0140164 0.011337 0.0119678 0.00558453 0.0157647 0.0160104 0.0161727 0.013529 0.0114031 0.0133699 0.0139465 0.0135822 0.0112989 0.0056875 0.0156231 0.0143422 0.00751655 
Throughputs: 1.47456 1.1305 1.14688 1.35987 1.24518 1.39264 1.37626 1.35987 1.47456 1.42541 1.1305 1.34349 1.55648 1.29434 1.21242 1.45818 1.27795 1.42541 1.2288 1.40902 1.1305 1.57286 1.57286 1.50733 1.29434 1.2288 1.37626 1.03219 1.49094 1.47456 
Utility: 4.84932 4.39814 4.2037 4.33365 4.55335 4.82927 4.47369 4.56387 5.28385 4.81636 4.40707 4.73323 4.64174 4.52552 4.6723 4.80272 5.43301 4.50444 4.34055 4.46733 4.42558 4.92677 4.76765 4.68287 4.55699 4.68909 5.48885 4.19069 4.64396 5.27901 

--------------------------------------
Time: 22.0061
Split Ratios: 1 1 1 1 1 1 1 1 1 1 1 1 1 1 1 1 1 1 1 1 1 1 1 1 1 1 1 1 1 1 
Delays: 0.0114399 0.0136669 0.0172829 0.0178426 0.0131168 0.0111231 0.0155625 0.013741 0.00756473 0.0114148 0.013655 0.0115547 0.0149775 0.0137366 0.0113051 0.0118248 0.0055881 0.0158683 0.0156558 0.0157106 0.0133207 0.0114138 0.0132462 0.0134779 0.0132716 0.0114143 0.0056707 0.0156312 0.0139894 0.00747076 
Throughputs: 1.34349 1.16326 1.37626 1.60563 1.16326 1.42541 1.45818 1.21242 1.70394 1.49094 1.04858 1.29434 1.50733 1.3271 1.44179 1.39264 1.2288 1.47456 1.67117 1.08134 1.09773 1.19603 1.27795 1.1305 1.21242 1.3271 1.49094 1.37626 1.1305 1.35987 
Utility: 4.76592 4.44401 4.3774 4.49969 4.48509 4.85319 4.54008 4.47999 5.4172 4.87225 4.34109 4.71866 4.61154 4.57069 4.84838 4.76876 5.39315 4.53179 4.67044 4.23162 4.41168 4.65194 4.56931 4.42936 4.51474 4.75589 5.57185 4.47785 4.39211 5.20415 

--------------------------------------
Time: 22.5061
Split Ratios: 1 1 1 1 1 1 1 1 1 1 1 1 1 1 1 1 1 1 1 1 1 1 1 1 1 1 1 1 1 1 
Delays: 0.0115077 0.0137525 0.0172774 0.0178056 0.0130462 0.0111257 0.0157306 0.013958 0.00756795 0.0115774 0.0138807 0.0116502 0.0149831 0.0143475 0.0113682 0.011907 0.00557405 0.0161041 0.0158287 0.0160838 0.0134947 0.0114386 0.0131529 0.0135116 0.013474 0.0113537 0.00569927 0.0159573 0.0140599 0.0074601 
Throughputs: 1.44179 1.2288 1.2288 1.3271 1.16326 1.35987 1.26157 1.60563 1.3271 1.45818 1.40902 1.1305 1.55648 1.47456 1.31072 1.31072 1.37626 1.42541 1.55648 1.31072 1.49094 1.27795 1.65478 1.35987 1.49094 1.47456 1.40902 1.39264 1.19603 1.44179 
Utility: 4.83062 4.49257 4.26439 4.31124 4.49049 4.80589 4.3845 4.74522 5.16683 4.83588 4.62015 4.57508 4.64326 4.63254 4.74751 4.70121 5.509 4.48314 4.58836 4.40052 4.70487 4.71602 4.83479 4.6116 4.7064 4.86657 5.51031 4.46904 4.44344 5.26407 

--------------------------------------
Time: 23.0065
Split Ratios: 1 1 1 1 1 1 1 1 1 1 1 1 1 1 1 1 1 1 1 1 1 1 1 1 1 1 1 1 1 1 
Delays: 0.0116157 0.0136243 0.017253 0.0183899 0.0131334 0.0111069 0.0158788 0.0137735 0.00751968 0.0115707 0.0135707 0.0115583 0.0149611 0.0144935 0.0113147 0.0116988 0.00558772 0.0163362 0.0156456 0.0164588 0.0136144 0.0114562 0.0131451 0.0135774 0.0133775 0.0113693 0.00571526 0.0161322 0.013915 0.00752938 
Throughputs: 1.35987 1.49094 1.17965 1.31072 1.57286 1.3271 1.29434 1.42541 1.31072 1.31072 1.14688 1.34349 1.35987 1.5401 1.31072 1.24518 1.37626 1.40902 1.26157 1.35987 0.966656 1.45818 1.1305 1.26157 1.37626 1.42541 1.55648 1.58925 1.50733 1.34349 
Utility: 4.76279 4.69531 4.22499 4.26653 4.7855 4.78319 4.40077 4.63947 5.16081 4.72986 4.43688 4.75562 4.5097 4.6659 4.75223 4.66755 5.50655 4.45727 4.38992 4.41429 4.26271 4.84641 4.45436 4.53171 4.63355 4.8313 5.60704 4.5902 4.68513 5.18421 

--------------------------------------
Time: 23.5071
Split Ratios: 1 1 1 1 1 1 1 1 1 1 1 1 1 1 1 1 1 1 1 1 1 1 1 1 1 1 1 1 1 1 
Delays: 0.0114967 0.0139938 0.0171746 0.0175974 0.0130727 0.0110938 0.0157642 0.0138124 0.00751285 0.0115248 0.0135568 0.0116288 0.0150332 0.0139672 0.0113135 0.011765 0.00560466 0.0158485 0.0156815 0.0159987 0.0135495 0.0113806 0.0132598 0.0137256 0.0133946 0.01132 0.00568776 0.0156981 0.0143194 0.0075285 
Throughputs: 1.44179 1.24518 1.37626 1.3271 1.3271 1.21242 1.29434 1.55648 1.40902 1.67117 1.16326 1.42541 1.16326 1.42541 1.29434 1.2288 1.58925 1.31072 1.3271 1.55648 1.24518 1.47456 1.42541 1.39264 1.31072 1.29434 1.24518 1.39264 1.39264 1.47456 
Utility: 4.83158 4.48843 4.38369 4.323 4.62023 4.69399 4.40801 4.72461 5.23404 4.97677 4.45209 4.80873 4.34873 4.6255 4.73976 4.64867 5.64742 4.41526 4.43827 4.57767 4.52069 4.8642 4.67748 4.61969 4.58348 4.73918 5.38872 4.48542 4.57734 5.27742 

--------------------------------------
Time: 24.0071
Split Ratios: 1 1 1 1 1 1 1 1 1 1 1 1 1 1 1 1 1 1 1 1 1 1 1 1 1 1 1 1 1 1 
Delays: 0.0116628 0.0135532 0.0171792 0.0191334 0.0130641 0.0111482 0.0151796 0.0138802 0.0075362 0.0113932 0.0133474 0.0117032 0.0150371 0.0147922 0.0113254 0.0119521 0.00558649 0.016628 0.0155341 0.0166288 0.0134395 0.0117287 0.0131777 0.013691 0.0132217 0.0113794 0.00564625 0.0166989 0.0138275 0.00756334 
Throughputs: 1.37626 1.35987 1.21242 1.27795 1.31072 1.52371 0.884736 1.49094 1.6384 1.49094 1.09773 1.35987 1.34349 1.62202 1.58925 1.29434 1.26157 1.40902 1.14688 1.55648 1.1305 1.60563 1.14688 1.2288 1.37626 1.1305 1.45818 1.42541 1.35987 1.35987 
Utility: 4.77072 4.60852 4.25667 4.20158 4.60846 4.91762 4.06534 4.6767 5.38176 4.87415 4.40967 4.75528 4.49251 4.69733 4.94397 4.68485 5.41976 4.43956 4.30176 4.53904 4.43222 4.91923 4.46628 4.49706 4.64526 4.59861 5.55395 4.44687 4.58849 5.19183 

--------------------------------------
Time: 24.5073
Split Ratios: 1 1 1 1 1 1 1 1 1 1 1 1 1 1 1 1 1 1 1 1 1 1 1 1 1 1 1 1 1 1 
Delays: 0.0115109 0.0138883 0.0174054 0.0176922 0.0131953 0.0111086 0.0159724 0.0137965 0.00763149 0.0114318 0.0139991 0.0113902 0.0151097 0.0143805 0.0113255 0.0118302 0.00560438 0.0161052 0.0158118 0.0160046 0.0138167 0.0113858 0.0132074 0.0135995 0.0133233 0.011543 0.00562923 0.0159213 0.0142662 0.00755331 
Throughputs: 1.21242 1.37626 1.39264 1.35987 1.50733 1.47456 1.34349 1.26157 1.50733 1.29434 1.24518 1.3271 1.24518 1.34349 1.5401 1.24518 1.29434 1.35987 1.39264 1.40902 1.80224 1.14688 1.39264 1.29434 1.09773 1.67117 1.50733 1.21242 1.60563 1.17965 
Utility: 4.65708 4.59607 4.38218 4.34202 4.73823 4.88839 4.43216 4.5157 5.28581 4.72935 4.48805 4.758 4.4117 4.53715 4.91254 4.65638 5.4422 4.436 4.4782 4.47778 4.87091 4.61243 4.65818 4.55572 4.41149 4.9752 5.59012 4.33271 4.72338 5.05099 

--------------------------------------
Time: 25.0075
Split Ratios: 1 1 1 1 1 1 1 1 1 1 1 1 1 1 1 1 1 1 1 1 1 1 1 1 1 1 1 1 1 1 
Delays: 0.0115779 0.0141337 0.0172357 0.0180292 0.0130717 0.0111124 0.0161426 0.013948 0.00752215 0.0114116 0.0141302 0.0115524 0.0149827 0.0139225 0.0113785 0.0117974 0.00556969 0.0158936 0.0164006 0.0161468 0.013446 0.0116153 0.0133027 0.0134911 0.0132689 0.0113198 0.00568541 0.0157227 0.0148267 0.0074651 
Throughputs: 1.2288 1.70394 1.52371 1.39264 1.27795 1.27795 1.39264 1.26157 1.55648 1.27795 1.1305 1.37626 1.44179 1.40902 1.45818 1.19603 1.17965 1.40902 1.67117 1.27795 0.999424 1.78586 1.45818 1.26157 1.37626 1.29434 1.49094 1.09773 1.37626 1.14688 
Utility: 4.66469 4.79214 4.48192 4.34697 4.58256 4.74495 4.45749 4.50477 5.33233 4.71839 4.38209 4.78023 4.56675 4.61714 4.85321 4.61888 5.35563 4.48474 4.62396 4.37129 4.3085 5.03533 4.69697 4.53808 4.6417 4.7392 5.56926 4.24589 4.53069 5.03456 

--------------------------------------
Time: 25.5078
Split Ratios: 1 1 1 1 1 1 1 1 1 1 1 1 1 1 1 1 1 1 1 1 1 1 1 1 1 1 1 1 1 1 
Delays: 0.0114902 0.0135601 0.0172761 0.0174375 0.0130349 0.0111511 0.0156111 0.0139083 0.00751514 0.0114641 0.0136198 0.0114925 0.0149891 0.0137714 0.0112079 0.0117178 0.0055816 0.015966 0.0155587 0.0160195 0.0133553 0.0113403 0.0132162 0.0133686 0.0133777 0.0112629 0.00571751 0.0157912 0.0142143 0.00764455 
Throughputs: 1.2288 1.26157 1.34349 1.19603 1.39264 1.50733 1.35987 1.35987 1.34349 1.44179 1.31072 1.44179 1.35987 1.27795 1.27795 1.24518 1.24518 1.50733 1.40902 1.35987 1.24518 1.21242 1.44179 1.14688 1.1305 1.49094 1.55648 1.31072 1.3271 1.50733 
Utility: 4.6723 4.53298 4.3537 4.22814 4.67133 4.90656 4.46716 4.58266 5.1861 4.83442 4.56681 4.83195 4.50782 4.53042 4.73639 4.66593 5.40756 4.54763 4.50603 4.44134 4.53512 4.672 4.6922 4.45189 4.43682 4.88565 5.60665 4.41888 4.5365 5.2841 

--------------------------------------
Time: 26.0078
Split Ratios: 1 1 1 1 1 1 1 1 1 1 1 1 1 1 1 1 1 1 1 1 1 1 1 1 1 1 1 1 1 1 
Delays: 0.0117541 0.0136864 0.0174219 0.0179152 0.0131412 0.0111059 0.0156554 0.0143658 0.00761934 0.0115305 0.0135847 0.0118722 0.0150737 0.014213 0.0113473 0.0124375 0.00556113 0.0161335 0.0158836 0.0161083 0.013763 0.0114281 0.0133435 0.0136788 0.013799 0.0114172 0.00565892 0.0158441 0.0140439 0.00751761 
Throughputs: 1.50733 1.06496 1.21242 1.37626 1.21242 1.35987 1.27795 1.62202 1.57286 1.37626 1.34349 1.40902 1.35987 1.39264 1.49094 1.34349 1.17965 1.57286 1.3271 1.34349 1.35987 1.34349 1.27795 1.29434 1.76947 1.3271 1.14688 1.50733 1.34349 1.47456 
Utility: 4.8539 4.35429 4.24264 4.34148 4.52462 4.80767 4.4022 4.72658 5.32996 4.78213 4.59408 4.77645 4.50219 4.5848 4.87818 4.68231 5.35717 4.57976 4.42547 4.42369 4.59316 4.76695 4.56199 4.54991 4.85384 4.75564 5.31157 4.5553 4.56083 5.27887 

--------------------------------------
Time: 26.5078
Split Ratios: 1 1 1 1 1 1 1 1 1 1 1 1 1 1 1 1 1 1 1 1 1 1 1 1 1 1 1 1 1 1 
Delays: 0.0114921 0.0138527 0.0170611 0.0180433 0.0130662 0.0111689 0.0154917 0.0135669 0.00747229 0.0113198 0.013774 0.0114603 0.0150657 0.014189 0.0112192 0.0116379 0.00558488 0.0158202 0.0156585 0.0162876 0.0134077 0.011337 0.0132075 0.0135278 0.0133343 0.0113466 0.00564177 0.0158898 0.0140291 0.00746491 
Throughputs: 1.14688 1.39264 1.11411 1.09773 1.27795 1.26157 1.04858 1.1305 1.45818 1.29434 1.42541 1.29434 1.49094 1.37626 1.16326 1.08134 1.34349 1.31072 1.44179 1.3271 1.1305 1.55648 1.31072 1.37626 1.39264 1.40902 1.3271 1.19603 1.29434 1.3271 
Utility: 4.60314 4.61048 4.17901 4.10822 4.58299 4.72697 4.21489 4.42278 5.27374 4.7392 4.63943 4.72687 4.59474 4.57465 4.64136 4.53169 5.48296 4.41704 4.52263 4.40035 4.43458 4.92211 4.59754 4.62237 4.64862 4.82174 5.46056 4.32109 4.52462 5.18054 

--------------------------------------
Time: 27.008
Split Ratios: 1 1 1 1 1 1 1 1 1 1 1 1 1 1 1 1 1 1 1 1 1 1 1 1 1 1 1 1 1 1 
Delays: 0.0116438 0.0137365 0.017331 0.0181316 0.0131224 0.0110894 0.0154501 0.0141237 0.00761846 0.0116073 0.0135813 0.011696 0.0150529 0.0140989 0.0114023 0.0119871 0.00560287 0.0162508 0.0156365 0.0157204 0.0135966 0.0116757 0.0133032 0.0137047 0.0134704 0.0113543 0.0057205 0.0160898 0.0141676 0.00753412 
Throughputs: 1.42541 1.34349 1.39264 1.2288 1.5401 1.40902 1.26157 1.42541 1.60563 1.58925 1.37626 1.3271 1.50733 1.35987 1.57286 1.52371 1.31072 1.52371 1.35987 1.21242 1.17965 1.58925 1.40902 1.39264 1.35987 1.14688 1.40902 1.3271 1.31072 1.49094 
Utility: 4.80744 4.58297 4.38646 4.21614 4.76528 4.84467 4.4025 4.61436 5.3507 4.91939 4.61843 4.73151 4.60652 4.56905 4.92684 4.84508 5.45505 4.54076 4.46554 4.34541 4.46315 4.9135 4.66265 4.62122 4.61465 4.61521 5.5066 4.41257 4.52737 5.28772 

--------------------------------------
Time: 27.5084
Split Ratios: 1 1 1 1 1 1 1 1 1 1 1 1 1 1 1 1 1 1 1 1 1 1 1 1 1 1 1 1 1 1 
Delays: 0.0117391 0.0136181 0.0174262 0.0177014 0.0131461 0.0111701 0.0155064 0.0140207 0.0075249 0.0114053 0.0135936 0.0115782 0.0150751 0.0142927 0.0112379 0.0117586 0.00559552 0.0158601 0.0156145 0.0160975 0.0136833 0.011525 0.0131912 0.0134987 0.0135332 0.0113774 0.00569664 0.0160453 0.0141408 0.00747733 
Throughputs: 1.34349 1.58925 1.58925 1.24518 1.34349 1.39264 1.14688 1.19603 1.35987 1.35987 1.29434 1.19603 1.40902 1.50733 1.29434 1.1305 1.47456 1.21242 1.26157 1.3271 1.81862 1.75309 1.67117 1.44179 1.49094 1.35987 1.42541 1.35987 1.21242 1.08134 
Utility: 4.7401 4.75962 4.51304 4.2534 4.6269 4.82572 4.30354 4.44623 5.19693 4.78107 4.55615 4.63764 4.53761 4.65834 4.74646 4.56583 5.57415 4.33656 4.39191 4.41209 4.88966 5.02461 4.84173 4.67105 4.70202 4.78352 5.52234 4.43973 4.45131 4.97408 

--------------------------------------
Time: 28.0091
Split Ratios: 1 1 1 1 1 1 1 1 1 1 1 1 1 1 1 1 1 1 1 1 1 1 1 1 1 1 1 1 1 1 
Delays: 0.0115582 0.0135153 0.0171475 0.0184921 0.0131118 0.0110922 0.0153689 0.0140325 0.00749215 0.0114985 0.0134745 0.0117358 0.0150004 0.0139847 0.0112807 0.0119028 0.00562213 0.0160315 0.015508 0.0160481 0.0135085 0.0114214 0.0131628 0.013885 0.0134017 0.0112328 0.00572003 0.0162758 0.0138051 0.00756308 
Throughputs: 1.26157 1.34349 1.39264 1.6384 1.19603 1.19603 1.31072 1.58925 1.14688 1.34349 1.11411 1.47456 1.5401 1.17965 1.2288 1.42541 1.5401 1.6384 0.966656 1.24518 1.26157 1.44179 1.52371 1.31072 1.40902 1.29434 1.49094 1.21242 1.37626 1.35987 
Utility: 4.69271 4.5992 4.3971 4.48413 4.51325 4.68052 4.44599 4.72964 5.03094 4.76081 4.41501 4.83347 4.63153 4.43501 4.6907 4.78544 5.61289 4.62692 4.13249 4.35145 4.53679 4.83816 4.75151 4.54753 4.65527 4.74691 5.56319 4.31069 4.60208 5.19187 

--------------------------------------
Time: 28.5094
Split Ratios: 1 1 1 1 1 1 1 1 1 1 1 1 1 1 1 1 1 1 1 1 1 1 1 1 1 1 1 1 1 1 
Delays: 0.011519 0.0137057 0.0174643 0.018051 0.0131079 0.0110865 0.015521 0.0138427 0.00748251 0.0114026 0.0136942 0.0115673 0.0152435 0.0140621 0.0113656 0.0118407 0.00557652 0.0163065 0.015786 0.0161935 0.0135616 0.0116778 0.01324 0.0136537 0.0133336 0.0112672 0.0057145 0.016069 0.0141299 0.00750117 
Throughputs: 1.24518 1.34349 1.3271 1.49094 1.42541 1.44179 1.47456 1.21242 1.27795 1.47456 1.34349 1.31072 1.39264 1.29434 1.67117 1.27795 1.35987 1.50733 1.80224 1.55648 1.44179 1.49094 1.39264 1.2288 1.3271 1.14688 1.35987 1.44179 1.44179 1.26157 
Utility: 4.68304 4.58521 4.33059 4.41397 4.689 4.86792 4.55392 4.47261 5.14045 4.86228 4.58606 4.73015 4.5148 4.52227 4.99069 4.68147 5.49658 4.52653 4.73766 4.56557 4.6664 4.84948 4.65572 4.49978 4.60047 4.62291 5.47214 4.49675 4.62535 5.12505 

--------------------------------------
Time: 29.0095
Split Ratios: 1 1 1 1 1 1 1 1 1 1 1 1 1 1 1 1 1 1 1 1 1 1 1 1 1 1 1 1 1 1 
Delays: 0.0114089 0.0141139 0.0172486 0.0176974 0.0130925 0.0111168 0.0159656 0.0138278 0.00752523 0.0115042 0.0140567 0.0115171 0.0151087 0.0138131 0.011319 0.0118156 0.00557598 0.0158095 0.0162467 0.0156357 0.0134753 0.0113773 0.0131551 0.0134566 0.0133898 0.0113734 0.00573367 0.0155458 0.0144446 0.00753725 
Throughputs: 1.21242 1.42541 1.31072 1.3271 1.16326 1.5401 1.42541 1.21242 1.39264 1.47456 1.52371 1.35987 1.58925 1.3271 1.58925 1.08134 1.31072 1.5401 1.27795 1.3271 1.16326 1.44179 1.3271 1.3271 1.45818 1.29434 1.7367 1.26157 1.44179 1.3271 
Utility: 4.66598 4.61505 4.3306 4.31734 4.48695 4.93114 4.49178 4.47369 5.2207 4.8534 4.6858 4.77131 4.65574 4.56513 4.94453 4.51654 5.45986 4.57899 4.36513 4.4412 4.45813 4.84202 4.61395 4.59129 4.69044 4.73447 5.71339 4.39632 4.60332 5.1709 

--------------------------------------
Time: 29.5095
Split Ratios: 1 1 1 1 1 1 1 1 1 1 1 1 1 1 1 1 1 1 1 1 1 1 1 1 1 1 1 1 1 1 
Delays: 0.0115785 0.014522 0.0173144 0.0181538 0.0131249 0.011096 0.0160802 0.0140128 0.00766373 0.0116432 0.0138734 0.0116576 0.0150376 0.0144765 0.0113156 0.0122408 0.00565708 0.0162491 0.0161531 0.0161405 0.0135799 0.0114188 0.0132838 0.0135123 0.0135246 0.0114044 0.00562524 0.0160335 0.0144517 0.00749877 
Throughputs: 1.27795 1.50733 1.24518 1.3271 1.29434 1.37626 1.24518 1.27795 1.31072 1.47456 1.42541 1.08134 1.40902 1.5401 1.60563 1.50733 1.17965 1.60563 1.40902 1.3271 1.45818 1.45818 1.55648 1.29434 1.72032 1.42541 1.34349 1.2288 1.55648 1.34349 
Utility: 4.70386 4.64243 4.2755 4.29187 4.59124 4.82054 4.34945 4.51304 5.14183 4.84139 4.63224 4.53 4.5401 4.66707 4.95509 4.81332 5.34006 4.59324 4.46854 4.40942 4.67635 4.84968 4.76364 4.56215 4.84576 4.82822 5.47576 4.33912 4.67937 5.18829 

--------------------------------------
Time: 30.0099
Split Ratios: 1 1 1 1 1 1 1 1 1 1 1 1 1 1 1 1 1 1 1 1 1 1 1 1 1 1 1 1 1 1 
Delays: 0.0116083 0.0135739 0.0174566 0.0176691 0.013172 0.0111698 0.0155281 0.013975 0.00756259 0.0114851 0.0136593 0.0115855 0.0150076 0.0142802 0.0112723 0.0118143 0.00556667 0.0162994 0.0156804 0.0160703 0.0136853 0.011317 0.0132663 0.013567 0.0134828 0.0113698 0.00564901 0.0162957 0.0139177 0.00758813 
Throughputs: 1.17965 1.2288 1.34349 1.26157 1.21242 1.70394 1.2288 1.11411 1.57286 1.50733 1.21242 1.50733 1.27795 1.35987 1.3271 1.24518 1.11411 1.31072 1.50733 1.72032 1.37626 1.31072 1.67117 1.52371 1.7367 1.24518 1.44179 1.39264 1.52371 1.44179 
Utility: 4.62125 4.50564 4.34331 4.2683 4.52228 5.02748 4.37114 4.37854 5.33744 4.87704 4.48595 4.86834 4.44446 4.55627 4.76841 4.65773 5.29902 4.3872 4.56568 4.67329 4.6108 4.75203 4.83605 4.72126 4.85833 4.69608 5.54216 4.44805 4.69574 5.24706 

--------------------------------------
Time: 30.51
Split Ratios: 1 1 1 1 1 1 1 1 1 1 1 1 1 1 1 1 1 1 1 1 1 1 1 1 1 1 1 1 1 1 
Delays: 0.0113985 0.0135674 0.0172229 0.0176941 0.0130702 0.0111123 0.0152825 0.0136789 0.00749037 0.0114167 0.0135477 0.0117212 0.0151137 0.0136932 0.0113209 0.0117482 0.00558347 0.0157049 0.0154682 0.0158837 0.0133994 0.0115197 0.0131848 0.0133993 0.0133134 0.0112284 0.00584177 0.0155475 0.0137795 0.0075196 
Throughputs: 1.34349 1.21242 1.24518 1.37626 1.19603 1.2288 1.11411 1.42541 1.44179 1.40902 1.06496 1.42541 1.29434 1.29434 1.50733 1.3271 1.42541 1.31072 1.29434 1.3271 1.11411 1.80224 1.26157 1.09773 1.2288 1.35987 1.24518 1.04858 1.26157 1.35987 
Utility: 4.76954 4.4927 4.2808 4.35389 4.51643 4.70574 4.2891 4.64636 5.26002 4.81558 4.36447 4.80082 4.45015 4.54885 4.89144 4.72706 5.5424 4.42436 4.42697 4.42546 4.42061 5.05273 4.56105 4.4058 4.52502 4.7967 5.36201 4.21129 4.51693 5.19763 

--------------------------------------
Time: 31.0101
Split Ratios: 1 1 1 1 1 1 1 1 1 1 1 1 1 1 1 1 1 1 1 1 1 1 1 1 1 1 1 1 1 1 
Delays: 0.0116147 0.013757 0.0172741 0.0183106 0.0131935 0.0111009 0.0154948 0.0137424 0.00753543 0.0115048 0.0136301 0.0115658 0.0150393 0.0140277 0.0113419 0.0118013 0.00559172 0.0162469 0.0159459 0.0163511 0.0137611 0.0114413 0.0131321 0.0134207 0.0132502 0.01128 0.00573591 0.0158385 0.0140285 0.00754534 
Throughputs: 1.42541 1.1305 1.26157 1.52371 1.3271 1.52371 1.50733 1.24518 1.26157 1.3271 1.37626 1.24518 1.29434 1.19603 1.52371 1.01581 1.35987 1.65478 1.42541 1.21242 1.19603 1.57286 1.47456 1.16326 1.42541 1.42541 1.70394 1.27795 1.31072 1.35987 
Utility: 4.80994 4.40887 4.2909 4.42143 4.61103 4.92188 4.57759 4.50655 5.1205 4.74799 4.61484 4.67899 4.45508 4.44573 4.9004 4.45523 5.49386 4.62353 4.49301 4.30607 4.46492 4.92342 4.72106 4.46219 4.6782 4.83918 5.69395 4.39057 4.53724 5.19422 

--------------------------------------
Time: 31.5102
Split Ratios: 1 1 1 1 1 1 1 1 1 1 1 1 1 1 1 1 1 1 1 1 1 1 1 1 1 1 1 1 1 1 
Delays: 0.0114245 0.0143946 0.0173031 0.0177061 0.0131011 0.0111737 0.0167396 0.013823 0.00749846 0.0115086 0.0142639 0.0114887 0.0149603 0.0141463 0.0113521 0.0117483 0.00559282 0.015719 0.0166762 0.0161402 0.0134927 0.0113077 0.0132514 0.0134374 0.013464 0.0112975 0.00573537 0.0157902 0.0150289 0.00751445 
Throughputs: 1.26157 1.35987 1.55648 1.1305 1.26157 1.42541 1.34349 1.39264 1.52371 1.47456 1.60563 1.2288 1.17965 1.3271 1.34349 1.19603 1.45818 1.49094 1.52371 1.50733 1.34349 1.16326 1.39264 1.08134 1.49094 1.31072 1.42541 1.27795 1.34349 1.68755 
Utility: 4.70435 4.54829 4.4993 4.1565 4.56742 4.84865 4.38525 4.61262 5.31421 4.85302 4.72354 4.67243 4.36757 4.5413 4.77362 4.62306 5.56346 4.55229 4.51492 4.53678 4.60088 4.63351 4.65485 4.38792 4.70715 4.75375 5.51556 4.39363 4.49305 5.41421 

--------------------------------------
Time: 32.0108
Split Ratios: 1 1 1 1 1 1 1 1 1 1 1 1 1 1 1 1 1 1 1 1 1 1 1 1 1 1 1 1 1 1 
Delays: 0.0115007 0.0142316 0.0170957 0.0174946 0.0131697 0.0111584 0.0155647 0.0138491 0.00745742 0.0115401 0.0140988 0.0118529 0.015005 0.0140759 0.0113484 0.012009 0.005602 0.0157487 0.0162163 0.0159776 0.0136685 0.0116174 0.01327 0.0137317 0.0134894 0.0113185 0.00566787 0.0158307 0.0143596 0.00749106 
Throughputs: 1.27795 1.27795 1.21242 1.35987 1.19603 1.35987 1.17965 1.27795 1.47456 1.5401 1.35987 1.57286 1.26157 1.31072 1.50733 1.5401 1.39264 1.44179 1.58925 1.34349 1.37626 1.52371 1.19603 1.31072 1.26157 1.16326 1.50733 1.35987 1.39264 1.17965 
Utility: 4.71061 4.49755 4.26154 4.35325 4.50885 4.80296 4.32796 4.5248 5.28691 4.89377 4.56906 4.88808 4.43172 4.53386 4.88901 4.85395 5.51583 4.51688 4.585 4.43184 4.61203 4.8764 4.50126 4.55863 4.53821 4.63254 5.58328 4.4532 4.57454 5.05926 

--------------------------------------
Time: 32.5108
Split Ratios: 1 1 1 1 1 1 1 1 1 1 1 1 1 1 1 1 1 1 1 1 1 1 1 1 1 1 1 1 1 1 
Delays: 0.0118542 0.0138018 0.0176712 0.0181247 0.0132197 0.0111219 0.015626 0.0138974 0.00755724 0.0114708 0.0136908 0.0115625 0.0152223 0.0142333 0.0112923 0.0118403 0.00554282 0.0159357 0.0156873 0.0161483 0.013764 0.0114555 0.0131433 0.0136966 0.0133935 0.0112699 0.00569977 0.015689 0.0141651 0.00755312 
Throughputs: 1.34349 1.44179 1.45818 1.24518 1.37626 1.44179 1.2288 1.3271 1.26157 1.37626 1.29434 1.37626 1.45818 1.14688 1.35987 1.19603 1.31072 1.45818 1.34349 1.2288 1.47456 1.40902 1.31072 1.6384 1.31072 1.27795 1.3271 1.47456 1.31072 1.55648 
Utility: 4.73034 4.64884 4.41301 4.22976 4.64542 4.86472 4.36486 4.55906 5.1176 4.78732 4.54903 4.77936 4.56218 4.38922 4.79102 4.61526 5.46583 4.51638 4.45017 4.33198 4.67406 4.81219 4.60242 4.78433 4.58356 4.73088 5.45033 4.54315 4.52755 5.32822 

--------------------------------------
Time: 33.0111
Split Ratios: 1 1 1 1 1 1 1 1 1 1 1 1 1 1 1 1 1 1 1 1 1 1 1 1 1 1 1 1 1 1 
Delays: 0.0115687 0.0136419 0.0173047 0.0177768 0.013275 0.0111432 0.0154209 0.0139561 0.00749126 0.0114161 0.0139047 0.0117208 0.0149251 0.01414 0.0113541 0.0118724 0.00561889 0.0162291 0.0158792 0.0160665 0.0134819 0.0113586 0.0132337 0.0136046 0.0133471 0.0112676 0.00564594 0.0162119 0.0142156 0.0075434 
Throughputs: 1.5401 1.26157 1.55648 1.19603 1.29434 1.5401 1.2288 1.44179 1.27795 1.40902 1.06496 1.26157 1.26157 1.5401 1.19603 1.31072 1.47456 1.39264 1.47456 1.34349 1.24518 1.2288 1.68755 1.50733 1.45818 1.06496 1.3271 1.55648 1.31072 1.44179 
Utility: 4.8913 4.52697 4.49921 4.20887 4.57987 4.92877 4.37807 4.63773 5.13928 4.81563 4.33847 4.67875 4.43707 4.6906 4.65718 4.70412 5.56998 4.45215 4.53111 4.42629 4.52569 4.68382 4.84827 4.70768 4.69364 4.54876 5.45982 4.56444 4.52399 5.25297 

--------------------------------------
Time: 33.5114
Split Ratios: 1 1 1 1 1 1 1 1 1 1 1 1 1 1 1 1 1 1 1 1 1 1 1 1 1 1 1 1 1 1 
Delays: 0.0115616 0.0136647 0.017474 0.0180795 0.0130445 0.0110995 0.015432 0.0139679 0.00751153 0.011506 0.0135905 0.0113668 0.0149958 0.0148479 0.0112677 0.0118644 0.00558545 0.0169176 0.0155446 0.0166232 0.013594 0.0114037 0.0132842 0.0135607 0.013521 0.0112649 0.00566168 0.0163633 0.0140823 0.00747483 
Throughputs: 1.3271 1.42541 1.47456 1.34349 1.50733 1.17965 1.27795 1.21242 1.37626 1.19603 1.35987 1.40902 1.29434 1.80224 1.14688 1.1305 1.03219 1.27795 1.26157 1.3271 1.24518 1.60563 1.65478 1.26157 1.45818 1.52371 1.55648 1.76947 1.47456 1.2288 
Utility: 4.74306 4.6474 4.4354 4.30825 4.74973 4.66607 4.41657 4.46361 5.21068 4.6439 4.60577 4.81995 4.45798 4.79893 4.62286 4.55687 5.21927 4.32466 4.3964 4.37996 4.51741 4.94734 4.82485 4.53294 4.6807 4.90721 5.61646 4.68339 4.6512 5.10225 

--------------------------------------
Time: 34.0115
Split Ratios: 1 1 1 1 1 1 1 1 1 1 1 1 1 1 1 1 1 1 1 1 1 1 1 1 1 1 1 1 1 1 
Delays: 0.0117638 0.013558 0.0172416 0.0181411 0.0131857 0.0111184 0.015458 0.0141309 0.00760699 0.0113475 0.0136697 0.0117308 0.0149853 0.0141995 0.0112503 0.0118012 0.00559423 0.0160169 0.0156622 0.0164871 0.0135676 0.0115174 0.0132673 0.0138435 0.0131909 0.0113404 0.00566538 0.0159826 0.0140086 0.00752253 
Throughputs: 1.29434 1.45818 1.34349 1.35987 1.50733 1.17965 1.08134 1.17965 1.39264 1.39264 1.42541 1.3271 1.39264 1.3271 1.60563 1.24518 1.2288 1.37626 1.31072 1.58925 1.3271 1.26157 1.42541 1.65478 1.16326 1.39264 1.39264 1.31072 1.27795 1.3271 
Utility: 4.70073 4.67796 4.3557 4.31697 4.73896 4.66437 4.24784 4.42461 5.20989 4.80996 4.64703 4.72854 4.53189 4.53755 4.96088 4.65884 5.39206 4.45348 4.42708 4.56844 4.58307 4.69625 4.67691 4.78361 4.47946 4.81058 5.50458 4.40683 4.51334 5.17285 

--------------------------------------
Time: 34.5117
Split Ratios: 1 1 1 1 1 1 1 1 1 1 1 1 1 1 1 1 1 1 1 1 1 1 1 1 1 1 1 1 1 1 
Delays: 0.0115237 0.0139658 0.0172502 0.0176482 0.0130793 0.011138 0.01576 0.0136932 0.00748909 0.0112646 0.0137772 0.0116295 0.0150263 0.0141909 0.0113179 0.0115657 0.00557775 0.0160866 0.01614 0.0163578 0.013344 0.0115282 0.0132046 0.0135077 0.0132836 0.0112279 0.00579352 0.0160058 0.0142662 0.0075164 
Throughputs: 1.1305 1.78586 1.1305 1.2288 1.35987 1.34349 1.26157 1.35987 1.21242 1.35987 1.19603 1.27795 1.19603 1.47456 1.40902 1.31072 1.29434 1.49094 1.3271 1.45818 1.21242 1.40902 1.29434 1.47456 1.34349 0.966656 1.47456 1.50733 1.50733 1.40902 
Utility: 4.58601 4.85104 4.18259 4.24316 4.64412 4.79266 4.38263 4.59825 5.08692 4.79348 4.46375 4.69947 4.37696 4.64352 4.82427 4.73029 5.44697 4.52918 4.40945 4.49024 4.5093 4.80585 4.58519 4.69286 4.61649 4.45544 5.53938 4.54514 4.6602 5.23356 

--------------------------------------
Time: 35.0117
Split Ratios: 1 1 1 1 1 1 1 1 1 1 1 1 1 1 1 1 1 1 1 1 1 1 1 1 1 1 1 1 1 1 
Delays: 0.011652 0.0138219 0.0172887 0.017915 0.0131403 0.0111234 0.0158185 0.0141115 0.00746121 0.0113326 0.0137763 0.0118171 0.0150358 0.0147843 0.0111802 0.0119316 0.00560231 0.0164876 0.0158051 0.0161419 0.0137475 0.0115445 0.013138 0.0140467 0.0134963 0.0111994 0.00567389 0.0161621 0.0137796 0.00751514 
Throughputs: 1.42541 1.37626 1.45818 1.26157 1.42541 1.60563 1.29434 1.55648 1.09773 1.39264 1.24518 1.40902 1.3271 1.31072 1.35987 1.2288 1.31072 1.45818 1.34349 1.65478 1.44179 1.60563 1.47456 1.52371 1.35987 1.21242 1.34349 1.2288 1.21242 1.42541 
Utility: 4.80674 4.60087 4.43489 4.25447 4.68653 4.97222 4.40458 4.70319 4.99128 4.81128 4.50409 4.78111 4.48032 4.48476 4.801 4.6346 5.45515 4.48234 4.44269 4.63 4.65278 4.93506 4.72061 4.68651 4.61273 4.68451 5.46715 4.33112 4.47718 5.24529 

--------------------------------------
Time: 35.5119
Split Ratios: 1 1 1 1 1 1 1 1 1 1 1 1 1 1 1 1 1 1 1 1 1 1 1 1 1 1 1 1 1 1 
Delays: 0.0117077 0.01401 0.0173087 0.017655 0.0132529 0.011117 0.0158014 0.0137173 0.00747486 0.0113102 0.0139126 0.0117071 0.0149605 0.0140221 0.011326 0.0118223 0.00561297 0.0160882 0.0159357 0.0162015 0.0138489 0.0114218 0.0131947 0.0135604 0.0135186 0.0113095 0.00567938 0.015725 0.0144948 0.00753033 
Throughputs: 1.42541 1.52371 1.2288 1.16326 1.47456 1.29434 1.34349 1.39264 1.34349 1.26157 1.26157 1.34349 1.08134 1.37626 1.40902 1.27795 1.40902 1.34349 1.42541 1.40902 1.40902 1.50733 1.31072 1.1305 1.2288 1.19603 1.3271 1.24518 1.42541 1.14688 
Utility: 4.80197 4.68913 4.26259 4.18796 4.7119 4.75728 4.44293 4.6203 5.19148 4.7144 4.50731 4.74283 4.28055 4.58649 4.82355 4.68302 5.52557 4.42494 4.49365 4.46555 4.62244 4.88257 4.59852 4.42326 4.50973 4.66112 5.45391 4.37179 4.58843 5.02586 

--------------------------------------
Time: 36.012
Split Ratios: 1 1 1 1 1 1 1 1 1 1 1 1 1 1 1 1 1 1 1 1 1 1 1 1 1 1 1 1 1 1 
Delays: 0.0115858 0.0136959 0.0172337 0.0179298 0.0131173 0.0111438 0.0155242 0.013603 0.00753291 0.0113604 0.0136491 0.0114455 0.0149786 0.0142623 0.0113209 0.011543 0.00558447 0.0161263 0.0157068 0.0160002 0.0135202 0.0114905 0.0133591 0.0134491 0.0133283 0.0112954 0.00565217 0.015782 0.0140239 0.00746539 
Throughputs: 1.26157 1.58925 1.27795 1.34349 1.14688 1.42541 1.34349 1.3271 1.29434 1.27795 1.08134 1.24518 1.31072 1.39264 1.49094 1.11411 1.26157 1.16326 1.37626 1.27795 1.27795 1.50733 1.34349 1.3271 1.52371 1.27795 1.45818 1.37626 1.39264 1.35987 
Utility: 4.69033 4.75392 4.30614 4.31656 4.47087 4.85133 4.46063 4.58047 5.14647 4.72288 4.37229 4.68944 4.47171 4.58134 4.88052 4.56973 5.42012 4.27853 4.47303 4.38041 4.54883 4.87658 4.61082 4.59185 4.73902 4.72862 5.5529 4.46825 4.59819 5.20487 

