--------------------------------------
Time: 5.503
Split Ratios: 1 1 1 1 1 1 1 1 1 1 
Delays: 0.0150033 0.0153677 0.0131808 0.0130778 0.00928019 0.0154255 0.0152696 0.017085 0.0111853 0.00935417 
Throughputs: 1.29434 1.35987 1.11411 1.39264 1.21242 1.1305 0.999424 1.01581 1.03219 0.966656 
Utility: 4.45748 4.48288 4.43705 4.66804 4.87249 4.29439 4.18132 4.08524 4.52484 4.63802 

--------------------------------------
Time: 6.0034
Split Ratios: 1 1 1 1 1 1 1 1 1 1 
Delays: 0.0148948 0.0153007 0.0131632 0.0129984 0.00930946 0.0152467 0.0153378 0.0173128 0.0111551 0.00929472 
Throughputs: 1.1305 1.09773 1.29434 1.14688 1.29434 0.835584 1.21242 1.37626 0.90112 0.999424 
Utility: 4.3294 4.2731 4.58833 4.47998 4.93472 4.00377 4.37005 4.37568 4.39174 4.67773 

--------------------------------------
Time: 6.50353
Split Ratios: 1 1 1 1 1 1 1 1 1 1 
Delays: 0.0149206 0.0156281 0.0131409 0.0130705 0.00930175 0.0153253 0.0153064 0.0170033 0.0111761 0.00929125 
Throughputs: 1.17965 0.966656 1.26157 1.3271 0.950272 1.09773 1.21242 1.35987 1.24518 1.01581 
Utility: 4.37023 4.12477 4.56438 4.6204 4.62655 4.2715 4.3721 4.38174 4.71327 4.69437 

--------------------------------------
Time: 7.00371
Split Ratios: 1 1 1 1 1 1 1 1 1 1 
Delays: 0.0148922 0.0152224 0.0130724 0.0131957 0.00937569 0.0153021 0.0153625 0.0171517 0.0111985 0.00931432 
Throughputs: 0.90112 1.08134 1.19603 1.17965 0.966656 1.2288 1.19603 1.19603 1.26157 1.24518 
Utility: 4.1028 4.26319 4.51626 4.49308 4.63572 4.3858 4.35483 4.24467 4.72433 4.89549 

--------------------------------------
Time: 7.50556
Split Ratios: 1 1 1 1 1 1 1 1 1 1 
Delays: 0.0150287 0.0151712 0.0132122 0.0130443 0.00933092 0.0153651 0.0151616 0.0170586 0.01125 0.0093297 
Throughputs: 1.09773 1.26157 1.17965 1.29434 1.31072 1.19603 1.1305 1.27795 1.14688 1.09773 
Utility: 4.29104 4.42071 4.49183 4.5974 4.945 4.35467 4.31164 4.31636 4.62443 4.76779 

--------------------------------------
Time: 8.0065
Split Ratios: 1 1 1 1 1 1 1 1 1 1 
Delays: 0.0148776 0.015402 0.0130891 0.0130455 0.00934888 0.0152257 0.0151697 0.0169059 0.0111489 0.00934994 
Throughputs: 1.39264 1.24518 1.14688 1.34349 0.835584 1.17965 1.44179 1.06496 1.01581 1.21242 
Utility: 4.5391 4.39254 4.47302 4.63458 4.49287 4.34999 4.55434 4.14303 4.5121 4.865 

--------------------------------------
Time: 8.50684
Split Ratios: 1 1 1 1 1 1 1 1 1 1 
Delays: 0.0149013 0.0154574 0.0131509 0.013041 0.00930421 0.0152055 0.015261 0.0173431 0.0111673 0.00931163 
Throughputs: 1.04858 1.31072 1.04858 1.31072 0.802816 1.31072 1.26157 1.3271 1.27795 1.03219 
Utility: 4.25374 4.44024 4.3787 4.61024 4.45766 4.45667 4.41481 4.33756 4.74003 4.70818 

--------------------------------------
Time: 9.00765
Split Ratios: 1 1 1 1 1 1 1 1 1 1 
Delays: 0.0149701 0.0153699 0.013088 0.0130043 0.00929843 0.015342 0.0152252 0.0171142 0.01117 0.00935635 
Throughputs: 1.11411 1.42541 0.933888 1.24518 1.04858 0.999424 1.29434 1.2288 0.933888 1.31072 
Utility: 4.30976 4.5298 4.26766 4.56176 4.72534 4.17658 4.4428 4.27389 4.42612 4.94228 

--------------------------------------
Time: 9.50945
Split Ratios: 1 1 1 1 1 1 1 1 1 1 
Delays: 0.0149782 0.0153398 0.0130877 0.0130176 0.00934879 0.0156306 0.0154036 0.0173278 0.0111711 0.00940774 
Throughputs: 1.42541 1.37626 1.2288 1.19603 1.11411 1.2288 1.17965 1.3271 0.8192 1.21242 
Utility: 4.55562 4.49667 4.54212 4.52047 4.78057 4.36456 4.33837 4.33844 4.295 4.85884 

--------------------------------------
Time: 10.0096
Split Ratios: 1 1 1 1 1 1 1 1 1 1 
Delays: 0.0149671 0.0156714 0.0131354 0.0129878 0.00930869 0.0154112 0.01536 0.0172093 0.0111445 0.009412 
Throughputs: 1.06496 1.19603 1.2288 1.1305 1.24518 1.19603 1.40902 1.37626 1.1305 0.851968 
Utility: 4.26484 4.33493 4.53848 4.4664 4.89609 4.35167 4.51889 4.38167 4.61947 4.50556 

--------------------------------------
Time: 10.5097
Split Ratios: 1 1 1 1 1 1 1 1 1 1 
Delays: 0.0149271 0.0152576 0.0131284 0.0130034 0.00931493 0.0153149 0.0152231 0.0169898 0.0111941 0.00940156 
Throughputs: 1.09773 1.31072 1.14688 1.09773 1.3271 1.1305 1.08134 1.24518 1.16326 1.03219 
Utility: 4.29782 4.45325 4.47002 4.43579 4.95914 4.30159 4.26314 4.29442 4.6436 4.69856 

--------------------------------------
Time: 11.011
Split Ratios: 1 1 1 1 1 1 1 1 1 1 
Delays: 0.0149608 0.015282 0.0130807 0.0129815 0.00927528 0.0152257 0.0152743 0.0169722 0.0111691 0.00927448 
Throughputs: 1.19603 1.55648 1.09773 1.11411 1.04858 0.999424 1.1305 1.09773 1.01581 1.01581 
Utility: 4.38133 4.6235 4.42986 4.45229 4.72784 4.1842 4.30424 4.16942 4.51029 4.69617 

--------------------------------------
Time: 11.5111
Split Ratios: 1 1 1 1 1 1 1 1 1 1 
Delays: 0.0148668 0.0151078 0.0130711 0.0129868 0.00927468 0.015142 0.0152105 0.0168887 0.0111434 0.00936283 
Throughputs: 0.933888 1.39264 1.24518 1.04858 0.999424 0.90112 1.11411 0.966656 1.24518 1.24518 
Utility: 4.14022 4.52374 4.55663 4.39126 4.67989 4.08617 4.29383 4.0472 4.71619 4.89029 

--------------------------------------
Time: 12.0118
Split Ratios: 1 1 1 1 1 1 1 1 1 1 
Delays: 0.0149034 0.0151511 0.0130961 0.0130092 0.00935722 0.0152336 0.0151974 0.0169709 0.0111361 0.00929948 
Throughputs: 1.27795 1.17965 1.24518 0.917504 0.999424 1.14688 1.1305 1.1305 1.37626 1.19603 
Utility: 4.45142 4.3549 4.55472 4.256 4.67103 4.32129 4.30929 4.19891 4.81693 4.85681 

--------------------------------------
Time: 12.5126
Split Ratios: 1 1 1 1 1 1 1 1 1 1 
Delays: 0.0148614 0.0151176 0.0130474 0.0130142 0.00934295 0.0150683 0.0149797 0.017044 0.01116 0.00930823 
Throughputs: 1.11411 1.09773 1.11411 1.47456 1.14688 0.90112 1.17965 1.39264 1.24518 1.11411 
Utility: 4.31705 4.28514 4.44723 4.73007 4.81018 4.09105 4.36628 4.40316 4.7147 4.78491 

--------------------------------------
Time: 13.0128
Split Ratios: 1 1 1 1 1 1 1 1 1 1 
Delays: 0.0148905 0.0153037 0.0130911 0.0130563 0.00932347 0.0153251 0.015213 0.0170522 0.0111417 0.00935461 
Throughputs: 0.917504 1.47456 1.1305 1.24518 0.917504 0.999424 1.21242 1.16326 1.1305 0.917504 
Utility: 4.12093 4.56802 4.45848 4.55777 4.58912 4.17769 4.37822 4.22271 4.61971 4.58579 

--------------------------------------
Time: 13.513
Split Ratios: 1 1 1 1 1 1 1 1 1 1 
Delays: 0.0149355 0.0150647 0.0131226 0.0129888 0.00936644 0.0151675 0.0152048 0.0170763 0.0112331 0.00939607 
Throughputs: 1.03219 1.34349 1.21242 1.29434 1.04858 1.09773 1.14688 1.17965 1.31072 1.2288 
Utility: 4.2357 4.49067 4.52604 4.60167 4.71806 4.28184 4.32319 4.23528 4.75947 4.8735 

--------------------------------------
Time: 14.0148
Split Ratios: 1 1 1 1 1 1 1 1 1 1 
Delays: 0.0149095 0.0152888 0.0131211 0.0130318 0.00936102 0.0158573 0.0153398 0.0175516 0.0111698 0.00937868 
Throughputs: 1.16326 1.26157 1.37626 1.16326 1.09773 1.09773 1.26157 1.52371 0.933888 1.2288 
Utility: 4.35699 4.41299 4.6529 4.49159 4.76444 4.23737 4.40966 4.46376 4.42614 4.87535 

--------------------------------------
Time: 14.5149
Split Ratios: 1 1 1 1 1 1 1 1 1 1 
Delays: 0.0149627 0.0152507 0.0130985 0.0130379 0.00929511 0.0151678 0.0151215 0.0167844 0.0111838 0.00930544 
Throughputs: 1.04858 1.3271 1.06496 0.999424 1.1305 1.06496 1.17965 1.37626 1.29434 1.27795 
Utility: 4.24963 4.46613 4.39819 4.33932 4.80092 4.25151 4.35685 4.40667 4.75129 4.92241 

--------------------------------------
Time: 15.0154
Split Ratios: 1 1 1 1 1 1 1 1 1 1 
Delays: 0.0149007 0.0153488 0.0130879 0.01304 0.00934292 0.0154253 0.0151562 0.0170816 0.0111529 0.00936641 
Throughputs: 1.11411 1.31072 1.2288 1.06496 1.06496 1.04858 1.04858 1.34349 0.90112 1.21242 
Utility: 4.3144 4.44729 4.54211 4.40267 4.73607 4.21918 4.23678 4.36502 4.39194 4.86324 

--------------------------------------
Time: 15.5166
Split Ratios: 1 1 1 1 1 1 1 1 1 1 
Delays: 0.0149971 0.0155813 0.013174 0.0129829 0.0093073 0.0155091 0.0151876 0.0171377 0.0111494 0.00932845 
Throughputs: 1.1305 1.2288 1.39264 1.09773 0.966656 1.2288 1.31072 1.19603 0.868352 1.27795 
Utility: 4.32256 4.36772 4.66071 4.43736 4.64304 4.37236 4.45786 4.24548 4.35521 4.91995 

--------------------------------------
Time: 16.0171
Split Ratios: 1 1 1 1 1 1 1 1 1 1 
Delays: 0.0148905 0.0152523 0.0131776 0.0130346 0.00934748 0.0152458 0.0153254 0.0170597 0.0112072 0.00931211 
Throughputs: 1.01581 1.24518 1.37626 1.16326 0.884736 1.37626 1.34349 1.01581 0.950272 0.950272 
Utility: 4.22271 4.40231 4.64861 4.49137 4.55018 4.50282 4.47352 4.08672 4.44019 4.62543 

--------------------------------------
Time: 16.5175
Split Ratios: 1 1 1 1 1 1 1 1 1 1 
Delays: 0.0149486 0.0154162 0.0130891 0.013017 0.00940221 0.0150414 0.0152253 0.017137 0.0111767 0.00940701 
Throughputs: 1.08134 1.34349 1.31072 1.26157 0.966656 1.11411 1.3271 1.24518 1.11411 1.49094 
Utility: 4.28134 4.46761 4.60655 4.57385 4.6329 4.305 4.46779 4.2858 4.60198 5.06571 

--------------------------------------
Time: 17.0177
Split Ratios: 1 1 1 1 1 1 1 1 1 1 
Delays: 0.0148444 0.0151186 0.0132244 0.0130062 0.00930514 0.0151997 0.0150899 0.0169288 0.0111619 0.0093648 
Throughputs: 1.19603 1.1305 1.2288 1.1305 0.999424 0.966656 1.09773 1.11411 1.1305 1.06496 
Utility: 4.38914 4.31449 4.53173 4.46498 4.67661 4.15257 4.28697 4.1868 4.61791 4.73373 

--------------------------------------
Time: 17.5183
Split Ratios: 1 1 1 1 1 1 1 1 1 1 
Delays: 0.014903 0.0151194 0.0131056 0.0129687 0.00932972 0.0151663 0.015148 0.0169943 0.0111954 0.00935089 
Throughputs: 1.3271 1.2288 1.21242 1.11411 1.2288 0.868352 1.29434 1.21242 0.999424 1.16326 
Utility: 4.48919 4.39782 4.52733 4.45327 4.88059 4.04752 4.44789 4.26749 4.49168 4.82351 

--------------------------------------
Time: 18.0191
Split Ratios: 1 1 1 1 1 1 1 1 1 1 
Delays: 0.01494 0.0153561 0.0130826 0.0131706 0.00936634 0.0152524 0.0153068 0.0169878 0.0112357 0.0093949 
Throughputs: 1.1305 1.11411 0.966656 1.40902 1.01581 1.1305 1.24518 1.09773 1.24518 1.45818 
Utility: 4.32637 4.2843 4.30256 4.67267 4.68632 4.30567 4.39874 4.1685 4.70794 5.04477 

--------------------------------------
Time: 18.5197
Split Ratios: 1 1 1 1 1 1 1 1 1 1 
Delays: 0.014899 0.0154607 0.0131042 0.0130521 0.00935571 0.015253 0.0152137 0.0170405 0.0112069 0.00933099 
Throughputs: 1.01581 1.44179 1.21242 1.14688 1.2288 1.24518 1.27795 1.11411 1.04858 0.950272 
Utility: 4.22215 4.53534 4.52744 4.47585 4.87781 4.40226 4.43082 4.18022 4.53866 4.62341 

--------------------------------------
Time: 19.0203
Split Ratios: 1 1 1 1 1 1 1 1 1 1 
Delays: 0.0149518 0.0150883 0.0130316 0.0130133 0.00942972 0.0151866 0.0150461 0.0169097 0.0111482 0.00933477 
Throughputs: 1.34349 1.16326 1.03219 1.11411 0.90112 1.08134 1.06496 1.34349 1.01581 1.14688 
Utility: 4.49819 4.34507 4.37206 4.44984 4.55977 4.26554 4.25957 4.37514 4.51216 4.81105 

--------------------------------------
Time: 19.5205
Split Ratios: 1 1 1 1 1 1 1 1 1 1 
Delays: 0.0149597 0.0152266 0.0131108 0.0130673 0.00937019 0.0154663 0.0151557 0.0171358 0.0111193 0.00934315 
Throughputs: 1.14688 1.44179 1.17965 1.50733 1.17965 1.08134 1.39264 1.06496 1.04858 1.24518 
Utility: 4.33944 4.5506 4.49954 4.74798 4.83544 4.24729 4.52058 4.12952 4.54651 4.8924 

--------------------------------------
Time: 20.0205
Split Ratios: 1 1 1 1 1 1 1 1 1 1 
Delays: 0.0149371 0.0154831 0.0130372 0.0130449 0.00935311 0.0155245 0.0155183 0.017228 0.0111704 0.00932829 
Throughputs: 1.1305 1.47456 1.1305 1.16326 1.01581 1.16326 1.26157 1.2288 0.917504 1.06496 
Utility: 4.32656 4.55636 4.46261 4.49059 4.68773 4.31657 4.39809 4.26726 4.40839 4.73764 

--------------------------------------
Time: 20.5218
Split Ratios: 1 1 1 1 1 1 1 1 1 1 
Delays: 0.0150977 0.0153734 0.0131096 0.0130688 0.00937594 0.0154331 0.0152694 0.0170962 0.0112099 0.0093902 
Throughputs: 1.21242 1.27795 1.09773 1.42541 1.21242 1.44179 1.19603 1.21242 1.08134 1.16326 
Utility: 4.38583 4.42038 4.42766 4.69199 4.86222 4.53713 4.36091 4.26152 4.56916 4.81932 

--------------------------------------
Time: 21.0219
Split Ratios: 1 1 1 1 1 1 1 1 1 1 
Delays: 0.0149402 0.0152891 0.0129995 0.0130567 0.00935651 0.0151208 0.0151239 0.0168445 0.0112021 0.00930569 
Throughputs: 1.08134 1.2288 1.14688 1.19603 1.11411 1.04858 1.2288 1.03219 1.08134 1.17965 
Utility: 4.2819 4.38665 4.47989 4.51746 4.77974 4.23912 4.39752 4.11542 4.56986 4.84235 

--------------------------------------
Time: 21.5219
Split Ratios: 1 1 1 1 1 1 1 1 1 1 
Delays: 0.0149274 0.0152758 0.0130523 0.0130123 0.00932664 0.0152668 0.0152485 0.0172667 0.0112164 0.00932811 
Throughputs: 1.19603 1.55648 1.17965 1.3271 1.11411 1.11411 1.21242 1.21242 0.999424 0.966656 
Utility: 4.38356 4.62391 4.50401 4.62486 4.78294 4.29013 4.37589 4.25159 4.4898 4.64081 

--------------------------------------
Time: 22.0221
Split Ratios: 1 1 1 1 1 1 1 1 1 1 
Delays: 0.0149678 0.0152534 0.0130579 0.0130099 0.00930606 0.0152921 0.0152753 0.0171777 0.0112616 0.00930962 
Throughputs: 1.17965 1.24518 1.34349 1.27795 1.21242 1.08134 1.21242 1.19603 1.16326 0.999424 
Utility: 4.36707 4.40224 4.63363 4.5873 4.8697 4.25862 4.37413 4.24315 4.63759 4.67613 

--------------------------------------
Time: 22.5231
Split Ratios: 1 1 1 1 1 1 1 1 1 1 
Delays: 0.0149869 0.0151886 0.0130609 0.0131005 0.00931837 0.0151684 0.0151875 0.0170374 0.0112223 0.00932507 
Throughputs: 1.01581 1.47456 1.34349 1.45818 0.933888 1.03219 1.06496 1.17965 1.35987 1.1305 
Utility: 4.21626 4.57557 4.6334 4.71229 4.60737 4.22023 4.25022 4.23756 4.79724 4.79771 

--------------------------------------
Time: 23.0257
Split Ratios: 1 1 1 1 1 1 1 1 1 1 
Delays: 0.0150498 0.0153075 0.0131465 0.012957 0.00933845 0.0152281 0.015196 0.017144 0.0111759 0.00932581 
Throughputs: 1.08134 1.24518 1.14688 1.01581 1.01581 1.19603 1.19603 1.31072 1.09773 1.21242 
Utility: 4.27459 4.3987 4.46865 4.3618 4.6893 4.36362 4.36573 4.33668 4.58724 4.86758 

--------------------------------------
Time: 23.5266
Split Ratios: 1 1 1 1 1 1 1 1 1 1 
Delays: 0.0149189 0.0151936 0.0131688 0.0130242 0.00936553 0.0153748 0.015171 0.0171348 0.0112144 0.00934205 
Throughputs: 1.3271 1.35987 1.21242 1.21242 1.2288 1.09773 1.21242 1.03219 1.49094 1.21242 
Utility: 4.48812 4.49427 4.52252 4.53356 4.87676 4.26827 4.38098 4.09833 4.88997 4.86584 

--------------------------------------
Time: 24.0273
Split Ratios: 1 1 1 1 1 1 1 1 1 1 
Delays: 0.014957 0.0154044 0.0131605 0.0130207 0.00931752 0.0154092 0.0152342 0.0170502 0.0111773 0.00932503 
Throughputs: 0.999424 1.27795 1.1305 1.40902 0.98304 1.11411 1.42541 1.35987 1.04858 1.06496 
Utility: 4.202 4.41836 4.45319 4.68411 4.65875 4.28085 4.53867 4.37898 4.54131 4.73799 

--------------------------------------
Time: 24.5275
Split Ratios: 1 1 1 1 1 1 1 1 1 1 
Delays: 0.0148292 0.0151793 0.0131387 0.0130127 0.00936729 0.015206 0.0151461 0.0170587 0.011201 0.00933157 
Throughputs: 1.1305 1.19603 1.27795 1.16326 1.16326 1.29434 1.17965 1.01581 1.11411 1.11411 
Utility: 4.33382 4.36684 4.57745 4.49306 4.82176 4.44407 4.35523 4.08678 4.59981 4.78241 

--------------------------------------
Time: 25.0287
Split Ratios: 1 1 1 1 1 1 1 1 1 1 
Delays: 0.0149754 0.0151216 0.0132283 0.0132256 0.00927661 0.0153976 0.0153833 0.0169782 0.0111503 0.00934522 
Throughputs: 1.11411 1.17965 1.17965 1.26157 1.1305 1.31072 1.2288 1.01581 1.1305 0.999424 
Utility: 4.30941 4.35685 4.49061 4.55796 4.80292 4.44412 4.38051 4.09151 4.61895 4.67231 

--------------------------------------
Time: 25.5291
Split Ratios: 1 1 1 1 1 1 1 1 1 1 
Delays: 0.0148794 0.0152452 0.0131635 0.0130316 0.00930367 0.0151043 0.0152898 0.017173 0.0111561 0.00936009 
Throughputs: 0.917504 1.35987 1.29434 1.35987 1.21242 1.09773 1.2288 1.1305 0.98304 1.16326 
Utility: 4.12168 4.49088 4.5883 4.64777 4.86996 4.28602 4.38661 4.18707 4.47866 4.82253 

--------------------------------------
Time: 26.0294
Split Ratios: 1 1 1 1 1 1 1 1 1 1 
Delays: 0.0149765 0.0151849 0.0132377 0.013049 0.00934465 0.0151736 0.0153997 0.0173691 0.0111743 0.009266 
Throughputs: 1.11411 1.17965 1.49094 1.14688 1.01581 0.933888 1.08134 1.21242 0.999424 0.917504 
Utility: 4.30933 4.35267 4.72409 4.47609 4.68864 4.1198 4.25161 4.24568 4.49356 4.59531 

--------------------------------------
Time: 26.5301
Split Ratios: 1 1 1 1 1 1 1 1 1 1 
Delays: 0.0149537 0.0153281 0.0131854 0.0129901 0.00932433 0.0153112 0.015203 0.017131 0.0111702 0.00934373 
Throughputs: 1.17965 1.26157 1.39264 1.03219 1.06496 1.14688 1.27795 1.31072 1.06496 1.24518 
Utility: 4.36802 4.41042 4.65985 4.37526 4.73807 4.31622 4.43152 4.33744 4.55744 4.89233 

--------------------------------------
Time: 27.0311
Split Ratios: 1 1 1 1 1 1 1 1 1 1 
Delays: 0.0150699 0.0152184 0.0131893 0.0131434 0.00937351 0.015215 0.0152497 0.0168571 0.0113175 0.00928795 
Throughputs: 1.27795 1.21242 1.2288 1.26157 1.16326 1.06496 1.29434 1.01581 1.17965 0.884736 
Utility: 4.44031 4.37787 4.53438 4.56419 4.8211 4.24841 4.4412 4.09867 4.64663 4.55657 

--------------------------------------
Time: 27.5315
Split Ratios: 1 1 1 1 1 1 1 1 1 1 
Delays: 0.0148967 0.0152382 0.0131843 0.0130245 0.00941294 0.015239 0.0151313 0.0169358 0.0112783 0.00931919 
Throughputs: 1.16326 1.24518 1.16326 1.11411 1.01581 1.17965 1.2288 1.01581 1.08134 1.11411 
Utility: 4.35785 4.40323 4.47996 4.44898 4.68135 4.34911 4.39703 4.09401 4.56308 4.78374 

--------------------------------------
Time: 28.0315
Split Ratios: 1 1 1 1 1 1 1 1 1 1 
Delays: 0.0148694 0.0152742 0.013043 0.0129987 0.00935632 0.0152182 0.0151647 0.0169931 0.0111617 0.00926414 
Throughputs: 1.11411 1.1305 1.1305 1.27795 0.966656 0.90112 1.29434 1.04858 0.933888 1.26157 
Utility: 4.31651 4.30425 4.46216 4.58816 4.63779 4.08115 4.44678 4.12238 4.42687 4.91396 

--------------------------------------
Time: 28.5325
Split Ratios: 1 1 1 1 1 1 1 1 1 1 
Delays: 0.0149845 0.0152218 0.0132013 0.0129911 0.0093986 0.015307 0.0153677 0.0171394 0.0111453 0.00930849 
Throughputs: 1.08134 1.31072 1.1305 1.2288 1.01581 1.04858 1.14688 1.24518 0.90112 1.16326 
Utility: 4.27894 4.4556 4.4501 4.54953 4.68288 4.22688 4.31253 4.28566 4.39262 4.82806 

--------------------------------------
Time: 29.0329
Split Ratios: 1 1 1 1 1 1 1 1 1 1 
Delays: 0.0149683 0.01527 0.0131861 0.0130209 0.00928811 0.015107 0.0151688 0.0170687 0.0111721 0.00932375 
Throughputs: 0.868352 1.09773 1.3271 1.3271 0.950272 1.26157 0.966656 1.04858 1.19603 1.1305 
Utility: 4.06066 4.27511 4.61159 4.62419 4.62801 4.42496 4.1546 4.11794 4.67334 4.79785 

--------------------------------------
Time: 29.5336
Split Ratios: 1 1 1 1 1 1 1 1 1 1 
Delays: 0.0149793 0.015161 0.0130976 0.0129919 0.00949681 0.0150929 0.0151163 0.0170352 0.0111961 0.00954445 
Throughputs: 0.950272 1.29434 1.17965 1.35987 1.24518 1.14688 1.1305 1.29434 1.27795 1.26157 
Utility: 4.15008 4.44702 4.50054 4.65082 4.87608 4.33058 4.31464 4.33047 4.73745 4.88415 

--------------------------------------
Time: 30.0336
Split Ratios: 1 1 1 1 1 1 1 1 1 1 
Delays: 0.0150156 0.0153587 0.0131819 0.013038 0.00934375 0.0153026 0.0152144 0.0170052 0.0111634 0.00925871 
Throughputs: 1.19603 1.21242 1.37626 1.06496 0.90112 1.39264 1.26157 1.3271 0.770048 1.01581 
Utility: 4.37767 4.36869 4.64828 4.40282 4.56893 4.51093 4.41787 4.35724 4.23381 4.69788 

--------------------------------------
Time: 30.5338
Split Ratios: 1 1 1 1 1 1 1 1 1 1 
Delays: 0.0149917 0.0151438 0.0131782 0.0130211 0.00941813 0.0152963 0.015316 0.0171037 0.0111807 0.00938445 
Throughputs: 1.31072 1.37626 1.24518 1.19603 0.999424 1.17965 1.37626 1.24518 0.966656 1.3271 
Utility: 4.47084 4.50953 4.54847 4.52019 4.66454 4.34536 4.49822 4.28775 4.45965 4.9517 

--------------------------------------
Time: 31.0338
Split Ratios: 1 1 1 1 1 1 1 1 1 1 
Delays: 0.0149089 0.0151145 0.0131649 0.0129857 0.00934407 0.0152625 0.0151554 0.0170799 0.0111958 0.00935533 
Throughputs: 1.24518 1.16326 1.49094 1.06496 1.09773 1.01581 1.2288 1.09773 1.29434 1.09773 
Utility: 4.42508 4.34333 4.72961 4.40685 4.76626 4.19804 4.39544 4.1631 4.75022 4.76505 

--------------------------------------
Time: 31.5341
Split Ratios: 1 1 1 1 1 1 1 1 1 1 
Delays: 0.0151052 0.0153448 0.0131489 0.0129958 0.00936428 0.0152134 0.0152393 0.0170608 0.0111158 0.00929436 
Throughputs: 1.2288 1.37626 1.40902 1.14688 0.868352 1.09773 1.04858 1.11411 1.17965 1.42541 
Utility: 4.39875 4.49635 4.67432 4.48017 4.52969 4.27882 4.23131 4.17903 4.6646 5.03281 

--------------------------------------
Time: 32.0351
Split Ratios: 1 1 1 1 1 1 1 1 1 1 
Delays: 0.014942 0.0152632 0.0131096 0.013057 0.00943534 0.0153692 0.015391 0.0173291 0.0112222 0.00930039 
Throughputs: 1.1305 1.1305 1.3271 1.06496 1.1305 1.19603 1.17965 1.39264 0.884736 1.09773 
Utility: 4.32624 4.30497 4.61741 4.40137 4.78595 4.3544 4.33919 4.38657 4.36739 4.77094 

--------------------------------------
Time: 32.536
Split Ratios: 1 1 1 1 1 1 1 1 1 1 
Delays: 0.0149203 0.0151006 0.0130625 0.0129701 0.00928573 0.0153084 0.0151154 0.017047 0.0111366 0.00933245 
Throughputs: 1.29434 1.24518 1.01581 1.09773 1.29434 1.11411 1.34349 1.16326 1.04858 1.11411 
Utility: 4.46303 4.41231 4.3537 4.43835 4.93727 4.28741 4.48731 4.22301 4.54496 4.78232 

--------------------------------------
Time: 33.0366
Split Ratios: 1 1 1 1 1 1 1 1 1 1 
Delays: 0.0149186 0.0153531 0.0132873 0.0130289 0.00929938 0.0154519 0.0153059 0.0170653 0.0111744 0.00931195 
Throughputs: 1.09773 1.26157 1.19603 1.27795 1.27795 1.19603 1.27795 1.19603 1.24518 1.03219 
Utility: 4.29839 4.40879 4.49996 4.58584 4.92307 4.34903 4.42478 4.24972 4.71341 4.70814 

--------------------------------------
Time: 33.5369
Split Ratios: 1 1 1 1 1 1 1 1 1 1 
Delays: 0.0149476 0.0153684 0.0131761 0.0129832 0.0094097 0.0154339 0.0152063 0.0170607 0.0111938 0.00933221 
Throughputs: 1.17965 1.14688 1.14688 1.11411 1.08134 1.2288 1.1305 1.21242 1.04858 1.31072 
Utility: 4.36842 4.31249 4.46639 4.45215 4.74422 4.37723 4.3087 4.26359 4.53983 4.94486 

--------------------------------------
Time: 34.0382
Split Ratios: 1 1 1 1 1 1 1 1 1 1 
Delays: 0.015026 0.0151968 0.0132494 0.0131057 0.00937692 0.0153695 0.015285 0.0170551 0.0111811 0.00931963 
Throughputs: 1.24518 1.14688 1.16326 1.19603 0.98304 1.2288 1.19603 1.39264 1.35987 1.5401 
Utility: 4.41726 4.32372 4.47503 4.51371 4.6524 4.38141 4.35989 4.40251 4.80092 5.10748 

--------------------------------------
Time: 34.5385
Split Ratios: 1 1 1 1 1 1 1 1 1 1 
Delays: 0.0150496 0.0155594 0.0131161 0.0130735 0.00937495 0.015711 0.015229 0.0172377 0.0112713 0.00950332 
Throughputs: 1.21242 1.27795 1.11411 1.27795 1.11411 1.16326 1.24518 1.27795 1.27795 1.1305 
Utility: 4.38902 4.40835 4.44197 4.58243 4.77777 4.30463 4.40384 4.30591 4.73076 4.77877 

--------------------------------------
Time: 35.0387
Split Ratios: 1 1 1 1 1 1 1 1 1 1 
Delays: 0.0149584 0.0150798 0.0130685 0.0130097 0.00937427 0.0151412 0.0150808 0.0170444 0.0112092 0.00932593 
Throughputs: 1.21242 1.1305 1.34349 1.11411 0.98304 1.03219 0.999424 1.14688 1.08134 1.35987 
Utility: 4.3951 4.31706 4.63282 4.45012 4.65268 4.22202 4.19376 4.20898 4.56922 4.98235 

--------------------------------------
Time: 35.5388
Split Ratios: 1 1 1 1 1 1 1 1 1 1 
Delays: 0.0149366 0.0152151 0.013098 0.0130606 0.00935867 0.0153108 0.0150557 0.0169385 0.0111176 0.00931632 
Throughputs: 1.21242 1.1305 0.966656 1.11411 1.03219 1.08134 0.966656 1.09773 0.90112 1.19603 
Utility: 4.39656 4.30812 4.30138 4.44621 4.70314 4.2574 4.16209 4.17141 4.39511 4.855 

--------------------------------------
Time: 36.0404
Split Ratios: 1 1 1 1 1 1 1 1 1 1 
Delays: 0.0149065 0.0150409 0.0130703 0.0130505 0.00935974 0.0151107 0.0151213 0.016862 0.0111708 0.0093774 
Throughputs: 1.08134 1.21242 1.24518 1.31072 1.06496 0.98304 1.21242 1.31072 1.19603 1.40902 
Utility: 4.28416 4.38959 4.5567 4.6095 4.73428 4.17525 4.38427 4.35327 4.67346 5.01235 

