--------------------------------------
Time: 5.50019
Split Ratios: 1 1 1 0.333333 0.333333 0.333333 1 1 1 1 1 1 1 0.5 0.5 1 1 1 1 1 1 1 0.5 0.5 1 1 1 1 1 0.5 0.5 1 0.5 0.5 1 1 0.5 0.5 1 1 1 1 1 1 1 0.5 0.5 1 
Delays: 0.0132155 0.0136237 0.00986757 0.0237763 0.0136926 0.0120553 0.0190155 0.0133679 0.0134757 0.01568 0.0118676 0.0271445 0.0203356 0.0139582 0.0180674 0.0116198 0.0155985 0.00958755 0.0272948 0.021903 0.00978838 0.0329036 0.00745475 0.00934622 0.0254496 0.0258465 0.00973924 0.0180168 0.0156181 0.0277654 0.0213847 0.0191437 0.0289107 0.0199896 0.00762488 0.0308114 0.0200649 0.00782562 0.0181263 0.0198915 
Throughputs: 1.1305 1.14688 1.08134 1.27795 1.35987 1.09773 1.1305 1.1305 1.2288 1.04858 1.21242 1.2288 0.950272 1.17965 1.17965 1.19603 1.21242 1.29434 0.851968 0.917504 0.999424 1.17965 0.950272 1.19603 0.868352 1.31072 1.27795 1.19603 1.06496 1.06496 1.16326 0.966656 1.08134 1.29434 1.11411 1.17965 1.16326 1.06496 1.2288 1.16326 
Utility: 4.44902 4.43299 4.69671 3.98432 4.59829 4.51149 4.08516 4.43756 4.5129 4.20281 4.62656 3.81262 3.84438 4.4369 4.17886 4.63406 4.3532 4.90529 3.44085 3.73503 4.62598 3.57939 4.8479 4.85179 3.5299 3.92616 4.87685 4.19546 4.22226 3.6469 3.99631 3.92187 3.62175 4.17054 4.9844 3.64509 4.06001 4.91329 4.21643 4.06869 

--------------------------------------
Time: 6.00089
Split Ratios: 1 1 1 0.008 0.017 0.975 1 1 1 1 1 1 1 0.042 0.958 1 1 1 1 1 1 1 0.138 0.862 1 1 1 1 1 0.991 0.009 1 0.147 0.853 1 1 0.975 0.025 1 1 1 1 1 1 1 0.079 0.921 1 
Delays: 0.0132944 0.0137276 0.00985013 0.0214459 0.0136391 0.0130028 0.0189539 0.0132367 0.0133981 0.0154514 0.011584 0.0301166 0.0205507 0.0142215 0.0178237 0.0116389 0.0154035 0.00974198 0.0275398 0.0217994 0.0100985 0.0326876 0.00744962 0.00926893 0.026004 0.0296014 0.00965969 0.0197645 0.0160777 0.028027 0.026234 0.0191838 0.0291705 0.0197904 0.00756473 0.0312661 0.0197989 0.00758164 0.0169116 0.0200294 
Throughputs: 1.26157 0.917504 1.11411 1.1305 1.2288 1.08134 1.24518 1.06496 1.40902 1.04858 1.50733 1.2288 0.98304 1.08134 1.21242 1.08134 1.24518 1.35987 1.19603 1.17965 0.868352 1.21242 0.98304 0.917504 0.933888 1.16326 1.09773 1.1305 1.24518 1.27795 1.26157 1.1305 0.966656 1.35987 1.3271 1.29434 1.34349 0.966656 1.19603 0.999424 
Utility: 4.55277 4.20225 4.72833 3.96488 4.50085 4.42079 4.18503 4.3877 4.65554 4.21749 4.86847 3.70872 3.86776 4.33121 4.21984 4.5316 4.39244 4.9387 3.77113 3.99109 4.45421 3.61337 4.88249 4.59499 3.58111 3.67116 4.73304 4.04652 4.3496 3.81985 3.87306 4.07634 3.50068 4.22995 5.16726 3.72322 4.2174 4.84811 4.25877 3.90998 

--------------------------------------
Time: 6.50095
Split Ratios: 1 1 1 0.008 0.017 0.975 1 1 1 1 1 1 1 0.042 0.958 1 1 1 1 1 1 1 0.138 0.862 1 1 1 1 1 0.991 0.009 1 0.147 0.853 1 1 0.975 0.025 1 1 1 1 1 1 1 0.079 0.921 1 
Delays: 0.0130931 0.0138951 0.00980954 0.021716 0.0135867 0.0125893 0.0190537 0.0133109 0.0136709 0.0155407 0.01161 0.0305612 0.0202982 0.0141271 0.0180043 0.0115402 0.0154661 0.00957157 0.0275973 0.0218622 0.00982952 0.0326788 0.00740191 0.00929886 0.0254974 0.0295386 0.00954923 0.019654 0.0155859 0.0276283 0.0261362 0.0191316 0.0286044 0.0200047 0.00754972 0.0310624 0.019981 0.00772899 0.0162335 0.0199442 
Throughputs: 0.90112 1.40902 0.917504 1.19603 1.40902 1.08134 1.09773 1.24518 1.11411 1.19603 1.29434 1.29434 1.16326 1.31072 1.08134 1.06496 1.08134 1.16326 1.01581 1.04858 1.14688 1.16326 0.90112 1.19603 0.835584 1.09773 0.999424 1.1305 1.27795 1.3271 1.2288 1.1305 1.04858 1.35987 0.950272 1.03219 1.27795 1.1305 1.39264 1.26157 
Utility: 4.23155 4.61911 4.5383 4.00872 4.64156 4.45311 4.05374 4.53845 4.40055 4.3433 4.71389 3.74602 4.04845 4.53023 4.09535 4.52486 4.24731 4.80019 3.60572 3.87043 4.75941 3.57226 4.8019 4.85687 3.48955 3.6153 4.65072 4.05213 4.40665 3.87191 3.85047 4.07907 3.60163 4.21918 4.83524 3.50344 4.15823 4.98543 4.45188 4.14717 

--------------------------------------
Time: 7.00108
Split Ratios: 1 1 1 0.008 0.017 0.975 1 1 1 1 1 1 1 0.042 0.958 1 1 1 1 1 1 1 0.138 0.862 1 1 1 1 1 0.991 0.009 1 0.147 0.853 1 1 0.975 0.025 1 1 1 1 1 1 1 0.079 0.921 1 
Delays: 0.0131734 0.0139661 0.0097272 0.0215399 0.0135622 0.0121868 0.0188551 0.0131302 0.0133434 0.0158388 0.0116537 0.0301806 0.020108 0.0143112 0.017697 0.0115541 0.0156104 0.00965955 0.0281716 0.021695 0.0100844 0.0324401 0.00740541 0.00932937 0.0253526 0.0301466 0.00962171 0.0190345 0.0153392 0.0276018 0.0258216 0.0193667 0.028644 0.0198614 0.00755424 0.0308839 0.0203535 0.0076865 0.0163164 0.0213164 
Throughputs: 1.08134 1.3271 1.09773 1.19603 1.1305 1.01581 0.917504 1.04858 0.966656 0.999424 1.24518 1.06496 0.835584 1.27795 1.24518 1.17965 1.11411 1.2288 1.17965 1.08134 1.04858 0.966656 1.21242 1.09773 1.01581 1.57286 0.933888 1.35987 1.19603 1.11411 0.966656 0.98304 1.11411 0.966656 1.40902 1.08134 1.40902 1.06496 1.11411 1.08134 
Utility: 4.40776 4.55412 4.72607 4.01686 4.42313 4.42308 3.88487 4.38028 4.28282 4.14472 4.67141 3.56349 3.72701 4.49197 4.25364 4.62593 4.26788 4.84585 3.73466 3.90888 4.6442 3.39445 5.09816 4.76783 3.69056 3.95458 4.57533 4.26889 4.35635 3.69793 3.62263 3.9271 3.66087 3.88506 5.22854 3.55572 4.2374 4.93123 4.22364 3.92648 

--------------------------------------
Time: 7.50112
Split Ratios: 1 1 1 0.008 0.017 0.975 1 1 1 1 1 1 1 0.042 0.958 1 1 1 1 1 1 1 0.138 0.862 1 1 1 1 1 0.991 0.009 1 0.147 0.853 1 1 0.975 0.025 1 1 1 1 1 1 1 0.079 0.921 1 
Delays: 0.0133405 0.0138264 0.00988817 0.0213385 0.013549 0.0127978 0.0191673 0.0131817 0.0137268 0.0156331 0.0116731 0.0301938 0.0201203 0.014061 0.0176958 0.0115201 0.0154925 0.0095653 0.0277905 0.0217506 0.00994849 0.032455 0.00745635 0.00947928 0.0257952 0.0295267 0.00953432 0.0195682 0.0154454 0.0286354 0.0264679 0.0193424 0.0287361 0.0196724 0.00750815 0.0309554 0.0198126 0.00778752 0.0165652 0.0205684 
Throughputs: 1.03219 1.08134 1.01581 1.31072 1.2288 0.999424 1.31072 1.35987 1.47456 0.933888 1.27795 1.42541 1.03219 1.3271 0.868352 1.09773 1.11411 1.3271 1.11411 1.29434 0.950272 1.50733 0.868352 1.09773 1.06496 1.29434 1.04858 1.29434 1.08134 0.98304 1.34349 1.14688 0.999424 1.1305 1.17965 0.98304 1.21242 1.1305 1.37626 1.17965 
Utility: 4.34864 4.35938 4.6321 4.11782 4.50748 4.3579 4.22513 4.63632 4.67677 4.08996 4.69573 3.85458 3.93771 4.54735 3.89327 4.5569 4.27546 4.93261 3.69112 4.08611 4.55933 3.83824 4.75753 4.75189 3.72051 3.78046 4.70029 4.19185 4.24865 3.53601 3.92709 4.0825 3.54902 4.05119 5.05698 3.4581 4.11405 4.97789 4.41982 4.04921 

--------------------------------------
Time: 8.00116
Split Ratios: 1 1 1 0.008 0.017 0.975 1 1 1 1 1 1 1 0.042 0.958 1 1 1 1 1 1 1 0.138 0.862 1 1 1 1 1 0.991 0.009 1 0.147 0.853 1 1 0.975 0.025 1 1 1 1 1 1 1 0.079 0.921 1 
Delays: 0.0132388 0.0139711 0.00985995 0.0214269 0.0136613 0.0123679 0.0190413 0.0132584 0.0134128 0.0153041 0.0118049 0.0296382 0.0204245 0.013992 0.017895 0.0117475 0.0156202 0.00952812 0.0271883 0.0218137 0.00994438 0.0324835 0.00739077 0.00934626 0.0256695 0.029519 0.00977764 0.0196037 0.0153406 0.0275834 0.0261882 0.0195309 0.0286611 0.0201927 0.00752992 0.0308961 0.0197659 0.00772378 0.0165044 0.0201876 
Throughputs: 1.31072 1.34349 1.03219 1.2288 1.16326 1.1305 1.24518 1.21242 1.31072 0.999424 1.21242 1.06496 1.29434 1.2288 0.966656 1.09773 1.14688 0.999424 1.09773 1.1305 1.08134 1.21242 0.90112 0.98304 1.21242 1.21242 1.37626 1.17965 0.933888 1.06496 1.29434 1.29434 1.26157 1.16326 1.16326 1.09773 0.933888 1.09773 1.19603 0.999424 
Utility: 4.59518 4.56604 4.65096 4.04915 4.44442 4.5153 4.18043 4.51574 4.58212 4.17906 4.63185 3.58163 4.14902 4.4753 3.98932 4.53736 4.29623 4.65293 3.69821 3.94787 4.68895 3.61964 4.80341 4.65567 3.85507 3.71533 4.94702 4.09725 4.10885 3.65348 3.90045 4.19376 3.78457 4.05367 5.0401 3.57037 3.8554 4.95669 4.28313 3.90211 

--------------------------------------
Time: 8.50122
Split Ratios: 1 1 1 0.008 0.017 0.975 1 1 1 1 1 1 1 0.042 0.958 1 1 1 1 1 1 1 0.138 0.862 1 1 1 1 1 0.991 0.009 1 0.147 0.853 1 1 0.975 0.025 1 1 1 1 1 1 1 0.079 0.921 1 
Delays: 0.013309 0.0134541 0.0100096 0.0219896 0.0135143 0.0123947 0.0189292 0.0130921 0.0132005 0.0156312 0.0116783 0.0298324 0.0202449 0.0141026 0.0176898 0.0115038 0.0156293 0.00957595 0.0274962 0.0222816 0.0100853 0.0323786 0.00741402 0.00929877 0.0258122 0.0298365 0.00965919 0.0191989 0.0159823 0.0284095 0.026208 0.0191471 0.0290064 0.0203119 0.00762282 0.0313007 0.0198372 0.00762072 0.016736 0.0199434 
Throughputs: 1.37626 0.868352 1.04858 1.45818 1.04858 1.2288 1.26157 0.917504 1.17965 0.950272 0.98304 1.27795 1.1305 1.04858 1.04858 1.09773 1.31072 1.14688 1.24518 1.2288 1.11411 1.11411 1.08134 0.90112 1.06496 1.06496 1.01581 1.2288 1.44179 1.17965 1.17965 0.966656 1.03219 1.1305 0.966656 1.09773 1.2288 1.19603 1.42541 1.19603 
Utility: 4.63868 4.16731 4.65165 4.19437 4.35144 4.59652 4.1994 4.24965 4.49272 4.10748 4.43292 3.75742 4.02251 4.30883 4.0822 4.55832 4.42919 4.78555 3.81299 4.01003 4.70473 3.53832 4.98259 4.57376 3.71985 3.57496 4.65553 4.15894 4.50216 3.72625 3.80691 3.92169 3.57192 4.0192 4.8427 3.55736 4.12623 5.05589 4.44465 4.09387 

--------------------------------------
Time: 9.00145
Split Ratios: 1 1 1 0.008 0.017 0.975 1 1 1 1 1 1 1 0.042 0.958 1 1 1 1 1 1 1 0.138 0.862 1 1 1 1 1 0.991 0.009 1 0.147 0.853 1 1 0.975 0.025 1 1 1 1 1 1 1 0.079 0.921 1 
Delays: 0.0132003 0.0136857 0.0102251 0.0213517 0.0136778 0.0122799 0.0191269 0.0132529 0.013389 0.0156927 0.0117703 0.0300435 0.0206922 0.0143426 0.017667 0.011592 0.01562 0.0094832 0.0278436 0.0221051 0.0100501 0.0331371 0.00741749 0.00933494 0.0254983 0.0309584 0.0096476 0.0194697 0.0157781 0.0284157 0.0259659 0.0196825 0.02883 0.0198128 0.00755998 0.0317753 0.0200904 0.0077545 0.0168226 0.0207943 
Throughputs: 1.06496 1.17965 1.16326 1.37626 1.19603 1.08134 1.24518 1.19603 1.27795 1.1305 1.14688 0.917504 0.933888 1.42541 1.06496 1.17965 1.04858 1.06496 1.31072 1.24518 0.966656 1.09773 1.04858 0.98304 1.2288 1.21242 1.04858 1.03219 1.19603 1.09773 1.14688 1.21242 1.14688 1.50733 1.06496 1.5401 1.08134 1.01581 1.40902 1.31072 
Utility: 4.39046 4.45662 4.73414 4.16599 4.47099 4.478 4.17594 4.50255 4.55858 4.27722 4.57922 3.41901 3.8096 4.59898 4.09899 4.62265 4.20664 4.72117 3.85173 4.03123 4.56626 3.50034 4.95135 4.65689 3.87518 3.66773 4.68848 3.97058 4.32814 3.65406 3.78802 4.12064 3.68338 4.33176 4.94782 3.88091 3.98572 4.87517 4.42793 4.14365 

--------------------------------------
Time: 9.50167
Split Ratios: 1 1 1 0.008 0.017 0.975 1 1 1 1 1 1 1 0.042 0.958 1 1 1 1 1 1 1 0.138 0.862 1 1 1 1 1 0.991 0.009 1 0.147 0.853 1 1 0.975 0.025 1 1 1 1 1 1 1 0.079 0.921 1 
Delays: 0.0131925 0.0136811 0.00970735 0.0217438 0.0133256 0.0121999 0.018979 0.0133028 0.0133342 0.015688 0.0116743 0.0299079 0.020668 0.0138229 0.017434 0.0117066 0.0157339 0.00957994 0.0273847 0.0221696 0.0101076 0.0326193 0.00741549 0.00935426 0.025252 0.0293272 0.00970118 0.0190043 0.0154695 0.0272235 0.0256938 0.019443 0.0288224 0.0202926 0.00759833 0.0309153 0.0197989 0.00777307 0.0168461 0.0202504 
Throughputs: 1.40902 1.01581 0.8192 1.24518 1.04858 0.884736 0.933888 1.26157 1.14688 0.851968 1.16326 1.14688 1.04858 1.31072 1.03219 1.21242 1.17965 1.24518 1.16326 1.19603 1.27795 1.37626 1.26157 1.04858 0.835584 1.09773 1.34349 1.52371 1.21242 1.08134 1.35987 1.1305 1.09773 1.35987 1.37626 1.26157 1.27795 1.11411 1.19603 1.08134 
Utility: 4.67101 4.30742 4.43545 4.04771 4.3655 4.28386 3.89602 4.55214 4.45447 3.99466 4.6016 3.64668 3.9266 4.552 4.08102 4.64022 4.31715 4.86737 3.749 3.98804 4.83972 3.74222 5.13654 4.71936 3.49922 3.62248 4.93078 4.38424 4.3615 3.68188 3.9689 4.06293 3.63984 4.20489 5.19919 3.70886 4.16739 4.96515 4.26265 3.97779 

--------------------------------------
Time: 10.0018
Split Ratios: 1 1 1 0.008 0.017 0.975 1 1 1 1 1 1 1 0.042 0.958 1 1 1 1 1 1 1 0.138 0.862 1 1 1 1 1 0.991 0.009 1 0.147 0.853 1 1 0.975 0.025 1 1 1 1 1 1 1 0.079 0.921 1 
Delays: 0.0132305 0.0138826 0.00985 0.0213952 0.0135619 0.012512 0.0191167 0.0132443 0.013359 0.0152895 0.011679 0.0299749 0.0208043 0.0143692 0.0178938 0.011453 0.0153616 0.00963367 0.0276194 0.0224453 0.0101181 0.0324036 0.00741775 0.00944447 0.0260411 0.0304708 0.00963834 0.0195231 0.0161415 0.0278617 0.0258012 0.0193486 0.0287961 0.0201902 0.00756758 0.0316185 0.0201711 0.00776852 0.0166629 0.0204953 
Throughputs: 1.11411 1.01581 1.14688 1.34349 1.52371 1.29434 1.26157 1.29434 1.04858 1.06496 1.24518 0.90112 0.933888 1.24518 1.19603 1.17965 1.14688 1.29434 1.27795 1.24518 1.2288 1.27795 1.14688 0.884736 1.27795 1.34349 1.1305 1.1305 1.26157 1.1305 1.11411 1.2288 1.04858 1.1305 0.999424 1.31072 1.27795 1.14688 1.14688 1.14688 
Utility: 4.43329 4.2928 4.75733 4.13986 4.72164 4.63906 4.18955 4.58218 4.363 4.24353 4.66925 3.40328 3.8042 4.46195 4.20231 4.63472 4.31293 4.90049 3.8345 4.01596 4.79947 3.67474 5.04092 4.53986 3.89334 3.78625 4.76466 4.05881 4.35872 3.70316 3.76539 4.15118 3.59495 4.02521 4.88331 3.72459 4.14876 4.99472 4.23161 4.0246 

--------------------------------------
Time: 10.5019
Split Ratios: 1 1 1 0.008 0.017 0.975 1 1 1 1 1 1 1 0.042 0.958 1 1 1 1 1 1 1 0.138 0.862 1 1 1 1 1 0.991 0.009 1 0.147 0.853 1 1 0.975 0.025 1 1 1 1 1 1 1 0.079 0.921 1 
Delays: 0.0132606 0.0138231 0.00986814 0.0216779 0.0133083 0.0124752 0.019015 0.0132771 0.0134122 0.0156694 0.011422 0.0303176 0.0206447 0.0141636 0.0176133 0.0114545 0.0157647 0.00957808 0.0274845 0.0218465 0.00975065 0.032541 0.00743594 0.00941017 0.0253187 0.030033 0.00945162 0.0194843 0.0155017 0.0272737 0.0262781 0.019563 0.0290368 0.0198607 0.00757584 0.0313195 0.0202983 0.00774996 0.0164736 0.020399 
Throughputs: 1.26157 1.03219 1.06496 1.27795 0.917504 1.17965 1.31072 1.26157 1.19603 1.2288 1.14688 1.24518 0.98304 1.06496 0.966656 0.851968 1.09773 1.11411 1.03219 1.34349 1.03219 1.31072 1.09773 1.29434 1.03219 1.21242 1.06496 1.31072 1.08134 1.01581 1.17965 1.08134 0.90112 1.42541 1.08134 1.08134 0.999424 1.26157 1.2288 1.04858 
Utility: 4.55531 4.3131 4.68138 4.07672 4.23327 4.54923 4.2331 4.55407 4.4906 4.36208 4.60926 3.71531 3.86319 4.32001 4.00519 4.30917 4.24322 4.75634 3.62582 4.11898 4.66211 3.69583 4.99467 4.92396 3.7079 3.69807 4.72451 4.20872 4.24501 3.61752 3.80423 4.01232 3.43507 4.27347 4.961 3.54172 3.89664 5.09242 4.31203 3.9397 

--------------------------------------
Time: 11.0022
Split Ratios: 1 1 1 0.008 0.017 0.975 1 1 1 1 1 1 1 0.042 0.958 1 1 1 1 1 1 1 0.138 0.862 1 1 1 1 1 0.991 0.009 1 0.147 0.853 1 1 0.975 0.025 1 1 1 1 1 1 1 0.079 0.921 1 
Delays: 0.0133332 0.0139857 0.00981985 0.0213916 0.0134008 0.0121197 0.0190009 0.0131388 0.0134056 0.0155358 0.0115781 0.0302241 0.0203219 0.0142342 0.0176665 0.0113796 0.0153484 0.00960954 0.0279806 0.0219452 0.0101496 0.0327315 0.00740748 0.00934625 0.0248219 0.0302171 0.00960078 0.0191008 0.015282 0.0274933 0.0258609 0.0192422 0.0289292 0.0197706 0.00757593 0.030817 0.0204034 0.00770882 0.0162285 0.0206471 
Throughputs: 1.04858 1.29434 1.06496 1.2288 1.16326 1.08134 0.802816 0.98304 1.24518 1.01581 0.999424 1.11411 0.802816 1.34349 1.24518 0.999424 1.04858 1.19603 1.24518 1.06496 1.09773 1.24518 0.933888 1.17965 0.8192 1.16326 1.06496 1.03219 1.24518 1.31072 1.24518 0.868352 0.98304 1.06496 1.11411 1.24518 1.21242 1.03219 1.11411 1.37626 
Utility: 4.36493 4.52772 4.68629 4.0508 4.46367 4.49113 3.74364 4.31508 4.53136 4.1803 4.45806 3.60717 3.67643 4.54737 4.25537 4.47536 4.22418 4.82401 3.79553 3.88215 4.68356 3.6387 4.83687 4.838 3.4966 3.65058 4.70885 3.98971 4.40036 3.86439 3.87431 3.80949 3.5258 3.98649 4.99084 3.69897 4.08467 4.89707 4.22904 4.19955 

--------------------------------------
Time: 11.5024
Split Ratios: 1 1 1 0.008 0.017 0.975 1 1 1 1 1 1 1 0.042 0.958 1 1 1 1 1 1 1 0.138 0.862 1 1 1 1 1 0.991 0.009 1 0.147 0.853 1 1 0.975 0.025 1 1 1 1 1 1 1 0.079 0.921 1 
Delays: 0.0132529 0.0136671 0.00987369 0.0216041 0.0136722 0.0123193 0.0189947 0.0132632 0.0135445 0.0156273 0.0117714 0.0300117 0.0202869 0.0140612 0.0179825 0.0115433 0.0153898 0.00969817 0.0276327 0.0219094 0.0100715 0.0329832 0.00741247 0.0094381 0.0253359 0.0296166 0.0097132 0.0197195 0.0155522 0.0271891 0.0259085 0.0189852 0.0290286 0.020172 0.00758146 0.0313445 0.0196928 0.00762929 0.0164405 0.0200838 
Throughputs: 1.04858 1.11411 1.37626 1.29434 1.35987 0.917504 1.17965 1.3271 1.42541 0.950272 1.34349 1.39264 0.90112 1.45818 1.06496 1.31072 0.999424 1.35987 1.27795 1.26157 1.08134 1.44179 1.04858 1.21242 1.16326 1.1305 0.933888 1.1305 1.29434 0.950272 1.29434 0.966656 1.34349 1.1305 0.884736 0.933888 1.24518 0.98304 1.26157 0.950272 
Utility: 4.37097 4.40082 4.93725 4.09287 4.59978 4.31049 4.12881 4.60576 4.65623 4.10773 4.73735 3.83737 3.79366 4.64152 4.08129 4.73222 4.17348 4.94321 3.83402 4.0532 4.67625 3.77765 4.95202 4.85562 3.82676 3.64208 4.56587 4.0488 4.42155 3.55393 3.91118 3.93018 3.83474 4.02612 4.75958 3.39432 4.14679 4.85866 4.34036 3.85684 

--------------------------------------
Time: 12.0025
Split Ratios: 1 1 1 0.008 0.017 0.975 1 1 1 1 1 1 1 0.042 0.958 1 1 1 1 1 1 1 0.138 0.862 1 1 1 1 1 0.991 0.009 1 0.147 0.853 1 1 0.975 0.025 1 1 1 1 1 1 1 0.079 0.921 1 
Delays: 0.0132957 0.0139173 0.00998748 0.0216033 0.0136792 0.0129922 0.0189967 0.0131646 0.0135639 0.0155861 0.0116576 0.0303422 0.0205331 0.013963 0.0178463 0.0113582 0.0155447 0.00958153 0.0273961 0.0222937 0.00997719 0.0328877 0.00738413 0.00932288 0.0266333 0.0301756 0.00947694 0.0203992 0.0152741 0.0283615 0.0266267 0.0193209 0.028974 0.0198467 0.00776706 0.0308584 0.0198522 0.00763191 0.016976 0.0202003 
Throughputs: 1.3271 1.1305 1.40902 1.1305 1.29434 1.16326 1.27795 1.21242 1.1305 0.835584 1.2288 1.45818 0.98304 1.21242 1.01581 0.950272 1.08134 0.966656 0.90112 1.31072 1.09773 1.26157 0.966656 1.19603 1.16326 1.44179 0.884736 1.29434 0.8192 1.35987 1.39264 0.90112 1.14688 1.45818 1.21242 1.19603 1.16326 0.868352 1.2288 1.19603 
Utility: 4.60331 4.39728 4.94932 3.95757 4.54987 4.49463 4.20875 4.52284 4.423 3.98175 4.65783 3.8724 3.86861 4.46396 4.04164 4.42681 4.24224 4.61401 3.49324 4.07403 4.7007 3.64701 4.87451 4.85429 3.77682 3.86661 4.53643 4.15026 3.98217 3.87011 3.95704 3.84245 3.6784 4.2969 5.05048 3.65735 4.07067 4.73426 4.28199 4.08107 

--------------------------------------
Time: 12.5028
Split Ratios: 1 1 1 0.008 0.017 0.975 1 1 1 1 1 1 1 0.042 0.958 1 1 1 1 1 1 1 0.138 0.862 1 1 1 1 1 0.991 0.009 1 0.147 0.853 1 1 0.975 0.025 1 1 1 1 1 1 1 0.079 0.921 1 
Delays: 0.0132672 0.0137701 0.00974365 0.0215069 0.0135739 0.0133483 0.0190193 0.0131692 0.0134266 0.0155885 0.0117818 0.0301666 0.0204928 0.01412 0.0176046 0.01167 0.0155604 0.00972917 0.0276829 0.0222656 0.00990629 0.0327368 0.00743967 0.00933812 0.0265159 0.0299023 0.00990226 0.0199097 0.0157541 0.0285719 0.026969 0.0194246 0.0287457 0.0201207 0.0076177 0.0311008 0.0204428 0.00806492 0.0173667 0.0204085 
Throughputs: 1.2288 1.2288 1.01581 1.44179 1.2288 1.35987 1.09773 1.24518 0.98304 1.03219 0.966656 1.19603 1.11411 0.999424 1.09773 1.24518 1.16326 1.47456 1.39264 1.42541 1.16326 1.09773 1.04858 1.37626 1.26157 1.37626 0.917504 1.21242 1.21242 1.14688 1.3271 1.16326 1.24518 1.06496 0.98304 1.2288 1.44179 1.09773 1.37626 0.933888 
Utility: 4.5285 4.49129 4.64682 4.20527 4.50564 4.62376 4.05554 4.54916 4.29341 4.1929 4.40728 3.68003 3.99574 4.25959 4.13284 4.67002 4.31425 5.02099 3.91814 4.15917 4.76582 3.5125 4.94836 4.99302 3.86237 3.82919 4.52889 4.10916 4.34327 3.69238 3.89606 4.09244 3.76855 3.96894 4.86018 3.67656 4.25601 4.91347 4.37257 3.8234 

--------------------------------------
Time: 13.0029
Split Ratios: 1 1 1 0.008 0.017 0.975 1 1 1 1 1 1 1 0.042 0.958 1 1 1 1 1 1 1 0.138 0.862 1 1 1 1 1 0.991 0.009 1 0.147 0.853 1 1 0.975 0.025 1 1 1 1 1 1 1 0.079 0.921 1 
Delays: 0.0131425 0.0139854 0.00975474 0.0209783 0.0134824 0.012784 0.0190241 0.0131956 0.0133482 0.0154953 0.0114895 0.0300859 0.0199741 0.0141262 0.0175824 0.0115446 0.0156962 0.00959178 0.0273438 0.0217803 0.00972209 0.0324269 0.00745047 0.00935765 0.0255794 0.0295806 0.00946399 0.0200759 0.0153633 0.0280082 0.0256549 0.0196172 0.0291196 0.0197131 0.00763003 0.0309687 0.0202216 0.00792393 0.0167259 0.02044 
Throughputs: 0.98304 1.1305 1.21242 1.17965 1.17965 1.34349 1.24518 0.90112 1.17965 0.98304 0.98304 1.11411 0.917504 1.09773 0.950272 1.24518 1.21242 1.01581 1.04858 1.2288 1.09773 1.19603 1.27795 1.19603 0.933888 1.27795 0.950272 1.26157 1.11411 1.16326 1.19603 1.2288 1.01581 1.17965 1.14688 0.966656 1.27795 1.29434 1.11411 0.966656 
Utility: 4.3148 4.3924 4.82262 4.02949 4.47158 4.65483 4.18133 4.22376 4.48159 4.15011 4.44921 3.61176 3.82722 4.35297 3.98985 4.68082 4.34695 4.66253 3.6467 4.03279 4.7266 3.60778 5.14474 4.85057 3.59757 3.76589 4.60925 4.14059 4.28383 3.72649 3.84203 4.13739 3.55203 4.09169 5.01271 3.44087 4.14626 5.09587 4.19886 3.85635 

--------------------------------------
Time: 13.5031
Split Ratios: 1 1 1 0.008 0.017 0.975 1 1 1 1 1 1 1 0.042 0.958 1 1 1 1 1 1 1 0.138 0.862 1 1 1 1 1 0.991 0.009 1 0.147 0.853 1 1 0.975 0.025 1 1 1 1 1 1 1 0.079 0.921 1 
Delays: 0.0131865 0.0140678 0.00969455 0.0214701 0.0134386 0.0127084 0.0189636 0.0132545 0.0136237 0.0155196 0.0117526 0.0302192 0.0204174 0.0140323 0.0177411 0.0115439 0.015582 0.00950164 0.0277277 0.0221207 0.0101134 0.0327147 0.00744619 0.00934116 0.0258386 0.0299213 0.0096299 0.0198859 0.0154496 0.0281218 0.0264722 0.0192992 0.0286015 0.0204549 0.00763931 0.031222 0.0204917 0.0077615 0.016891 0.0209239 
Throughputs: 0.999424 1.39264 1.1305 1.29434 1.35987 1.2288 0.835584 1.01581 1.1305 1.16326 0.8192 1.34349 1.03219 1.29434 0.999424 1.26157 1.31072 1.16326 1.21242 1.19603 1.06496 1.04858 1.01581 0.999424 0.999424 1.27795 1.03219 1.60563 1.06496 1.04858 1.44179 1.17965 0.933888 0.98304 1.08134 1.11411 1.1305 1.26157 1.14688 1.35987 
Utility: 4.32799 4.59507 4.75885 4.09909 4.61701 4.57153 3.78561 4.3391 4.4186 4.31688 4.24425 3.79455 3.92305 4.52439 4.03129 4.69395 4.43222 4.80752 3.77794 3.99025 4.65683 3.46736 4.91574 4.67275 3.65531 3.75444 4.67457 4.39126 4.23311 3.61864 3.99755 4.11291 3.4859 3.87243 4.95265 3.57469 4.01039 5.09094 4.21802 4.17425 

--------------------------------------
Time: 14.0035
Split Ratios: 1 1 1 0.008 0.017 0.975 1 1 1 1 1 1 1 0.042 0.958 1 1 1 1 1 1 1 0.138 0.862 1 1 1 1 1 0.991 0.009 1 0.147 0.853 1 1 0.975 0.025 1 1 1 1 1 1 1 0.079 0.921 1 
Delays: 0.013251 0.013726 0.00988203 0.0216056 0.013449 0.0129749 0.0190263 0.0131141 0.0133532 0.0156347 0.011544 0.0298519 0.0204488 0.0145618 0.0175452 0.0114233 0.0152514 0.00962603 0.0277354 0.0218956 0.00989142 0.0323801 0.0074113 0.00934734 0.0257092 0.0300042 0.00972626 0.0203885 0.0156269 0.0279884 0.0260682 0.0189926 0.0289387 0.0202168 0.00759957 0.0309655 0.0201204 0.00760548 0.0171956 0.0200509 
Throughputs: 1.1305 1.11411 1.14688 1.19603 0.999424 1.24518 1.16326 1.21242 1.14688 1.08134 1.31072 0.950272 0.98304 1.31072 0.98304 1.09773 1.11411 1.44179 1.29434 1.37626 1.08134 1.17965 1.26157 1.14688 1.14688 1.09773 1.11411 1.35987 1.16326 1.14688 1.16326 0.933888 1.09773 1.3271 1.29434 1.21242 1.03219 0.999424 1.44179 0.950272 
Utility: 4.44634 4.39652 4.75408 4.01381 4.30828 4.56402 4.11316 4.52668 4.45305 4.23646 4.73217 3.4605 3.87273 4.49993 4.02587 4.56535 4.29114 5.00917 3.84304 4.14084 4.69429 3.59543 5.1371 4.80971 3.79795 3.59966 4.74098 4.20017 4.30999 3.71301 3.79827 3.89531 3.63582 4.18424 5.13766 3.6675 3.9377 4.87831 4.42899 3.85847 

--------------------------------------
Time: 14.5035
Split Ratios: 1 1 1 0.008 0.017 0.975 1 1 1 1 1 1 1 0.042 0.958 1 1 1 1 1 1 1 0.138 0.862 1 1 1 1 1 0.991 0.009 1 0.147 0.853 1 1 0.975 0.025 1 1 1 1 1 1 1 0.079 0.921 1 
Delays: 0.0132588 0.0135722 0.0096948 0.0215372 0.013655 0.0130909 0.0190202 0.0131945 0.0133213 0.0154271 0.0117009 0.0302817 0.0205465 0.0140206 0.017871 0.0116686 0.0155342 0.00958015 0.0271509 0.0225305 0.00979342 0.032476 0.00739915 0.00933244 0.0261568 0.0299631 0.00983825 0.0200617 0.0159539 0.028584 0.0265083 0.019065 0.0286603 0.0201193 0.00764147 0.0317259 0.020019 0.00772298 0.0169878 0.0202722 
Throughputs: 1.31072 1.1305 0.950272 1.31072 1.55648 1.17965 1.04858 1.03219 1.09773 1.08134 1.26157 1.06496 0.8192 1.3271 1.06496 1.42541 1.17965 1.16326 1.06496 1.50733 0.950272 1.14688 0.966656 1.17965 1.17965 1.21242 1.21242 1.45818 1.49094 1.27795 1.47456 1.14688 1.11411 1.29434 1.14688 1.11411 1.09773 1.17965 1.3271 1.01581 
Utility: 4.59367 4.42239 4.58516 4.10855 4.73608 4.50106 4.00969 4.35964 4.41163 4.24983 4.68045 3.56015 3.68564 4.55022 4.08751 4.80531 4.32993 4.79929 3.66928 4.20322 4.57504 3.5643 4.87248 4.83947 3.80886 3.7004 4.81409 4.28613 4.53746 3.80017 4.01866 4.09695 3.6603 4.16407 5.01121 3.55868 4.00432 5.02877 4.35826 3.91419 

--------------------------------------
Time: 15.0036
Split Ratios: 1 1 1 0.008 0.017 0.975 1 1 1 1 1 1 1 0.042 0.958 1 1 1 1 1 1 1 0.138 0.862 1 1 1 1 1 0.991 0.009 1 0.147 0.853 1 1 0.975 0.025 1 1 1 1 1 1 1 0.079 0.921 1 
Delays: 0.0133316 0.0134458 0.00973636 0.0214478 0.0134184 0.0122234 0.0190911 0.0131965 0.01331 0.0153933 0.0117653 0.0296971 0.0203271 0.0142682 0.0178579 0.0114112 0.0154462 0.00961101 0.027309 0.0216118 0.00991677 0.03242 0.00739573 0.00934466 0.0256083 0.0293064 0.00960087 0.0191896 0.0153906 0.0273626 0.025621 0.0193381 0.0289767 0.019851 0.00764169 0.0310881 0.0196994 0.00769321 0.0162301 0.0199637 
Throughputs: 0.966656 0.950272 0.999424 1.16326 1.19603 1.26157 1.01581 1.08134 1.16326 0.966656 1.3271 1.21242 1.04858 1.29434 1.14688 1.27795 1.09773 1.37626 1.09773 0.999424 1.06496 1.50733 0.966656 0.999424 0.933888 1.01581 1.11411 1.08134 1.06496 1.1305 1.17965 1.08134 1.08134 1.19603 1.09773 1.1305 1.06496 0.98304 1.21242 1.19603 
Utility: 4.28371 4.25808 4.63131 3.99336 4.49014 4.63676 3.97422 4.40601 4.47047 4.13991 4.7256 3.70932 3.94323 4.50772 4.16235 4.71842 4.26364 4.96421 3.69378 3.83394 4.67647 3.83932 4.87294 4.67237 3.59644 3.54563 4.75396 4.03159 4.23693 3.72123 3.82956 4.02388 3.61947 4.09851 4.96738 3.59359 3.9901 4.85031 4.3135 4.09285 

--------------------------------------
Time: 15.5037
Split Ratios: 1 1 1 0.008 0.017 0.975 1 1 1 1 1 1 1 0.042 0.958 1 1 1 1 1 1 1 0.138 0.862 1 1 1 1 1 0.991 0.009 1 0.147 0.853 1 1 0.975 0.025 1 1 1 1 1 1 1 0.079 0.921 1 
Delays: 0.0133265 0.0136437 0.0101615 0.0211878 0.0134423 0.0123205 0.0191521 0.0131202 0.0133728 0.015703 0.0118274 0.0301225 0.0199625 0.0147447 0.0174915 0.0116514 0.0154873 0.00950655 0.0273401 0.0217663 0.0101313 0.0327436 0.00743713 0.00936593 0.0255646 0.0295487 0.00963353 0.0192447 0.015709 0.0272686 0.0253549 0.0191626 0.028604 0.0199558 0.00754985 0.0310453 0.0197276 0.00769935 0.0162343 0.0199029 
Throughputs: 1.04858 1.04858 1.37626 1.06496 1.31072 1.16326 1.27795 1.14688 1.27795 1.03219 1.06496 1.40902 0.966656 1.40902 1.01581 1.19603 1.19603 1.31072 1.16326 1.09773 0.917504 1.09773 1.08134 1.14688 0.999424 0.999424 1.04858 1.21242 1.24518 1.09773 1.04858 1.14688 0.90112 1.65478 1.2288 1.04858 1.27795 1.06496 1.31072 0.966656 
Utility: 4.36543 4.34191 4.90852 3.91727 4.57992 4.54772 4.2006 4.47065 4.55979 4.18559 4.50028 3.84538 3.87999 4.55977 4.06172 4.63134 4.34674 4.92635 3.75063 3.92063 4.50603 3.51229 4.97948 4.80772 3.66597 3.52114 4.68994 4.14314 4.37281 3.69526 3.72222 4.09184 3.45009 4.4179 5.09227 3.51974 4.171 4.92956 4.3912 3.88298 

--------------------------------------
Time: 16.0037
Split Ratios: 1 1 1 0.008 0.017 0.975 1 1 1 1 1 1 1 0.042 0.958 1 1 1 1 1 1 1 0.138 0.862 1 1 1 1 1 0.991 0.009 1 0.147 0.853 1 1 0.975 0.025 1 1 1 1 1 1 1 0.079 0.921 1 
Delays: 0.0132598 0.0139111 0.0100235 0.0217081 0.0135918 0.0124574 0.0191404 0.0133215 0.0133652 0.0157236 0.0116305 0.0302572 0.0206364 0.0145774 0.0178539 0.0117026 0.0155593 0.00972047 0.0276881 0.0221161 0.00996749 0.0325577 0.00742154 0.00937791 0.0258431 0.029861 0.00965047 0.0196617 0.015431 0.0277013 0.0260287 0.0192482 0.0290374 0.020273 0.00762496 0.0311505 0.020654 0.00768452 0.0167186 0.0202995 
Throughputs: 1.01581 1.11411 1.2288 1.39264 1.29434 1.31072 1.37626 1.35987 1.26157 0.917504 1.29434 1.37626 0.868352 1.2288 1.21242 1.37626 0.98304 1.09773 1.08134 1.50733 1.1305 1.09773 1.04858 0.999424 1.08134 1.08134 0.950272 0.999424 1.08134 1.11411 1.29434 1.29434 0.868352 1.50733 1.08134 1.16326 1.31072 1.1305 0.917504 1.01581 
Utility: 4.3387 4.38313 4.80886 4.16127 4.55629 4.65602 4.27532 4.62577 4.54746 4.06649 4.71212 3.81739 3.73954 4.43432 4.21815 4.76731 4.14599 4.72676 3.66496 4.22179 4.73108 3.51798 4.9508 4.66882 3.73392 3.58941 4.58974 3.9285 4.24958 3.69433 3.90655 4.20833 3.39801 4.3088 4.95453 3.62015 4.15042 4.9912 4.00514 3.91284 

--------------------------------------
Time: 16.504
Split Ratios: 1 1 1 0.008 0.017 0.975 1 1 1 1 1 1 1 0.042 0.958 1 1 1 1 1 1 1 0.138 0.862 1 1 1 1 1 0.991 0.009 1 0.147 0.853 1 1 0.975 0.025 1 1 1 1 1 1 1 0.079 0.921 1 
Delays: 0.0133233 0.0139968 0.00992647 0.0214392 0.013491 0.0122135 0.0190457 0.0132017 0.0134121 0.0157542 0.0117034 0.0301344 0.0206393 0.0139359 0.0177417 0.0115915 0.0156959 0.00956164 0.0276519 0.0220341 0.00995497 0.0327108 0.00742855 0.00933771 0.0256836 0.0300618 0.00974792 0.0192858 0.0155928 0.0274786 0.0261736 0.0194903 0.0291382 0.0203073 0.00757508 0.031259 0.019992 0.00762961 0.0168434 0.0207621 
Throughputs: 1.2288 1.01581 1.11411 1.06496 1.08134 1.21242 1.16326 0.868352 0.884736 1.17965 1.19603 1.14688 1.16326 1.09773 1.06496 1.29434 1.40902 1.17965 1.11411 1.2288 1.04858 1.45818 1.06496 1.06496 1.14688 1.21242 1.1305 1.21242 1.08134 1.19603 1.06496 1.08134 1.34349 1.26157 1.01581 1.11411 1.06496 1.1305 1.24518 1.19603 
Utility: 4.52428 4.28461 4.72061 3.90547 4.38394 4.59783 4.11214 4.18625 4.18913 4.31587 4.62689 3.63913 4.03179 4.36653 4.09478 4.71548 4.49725 4.81521 3.69612 4.0212 4.65712 3.79724 4.96536 4.73663 3.79895 3.69712 4.75336 4.141 4.23915 3.77336 3.70594 4.01604 3.83097 4.12913 4.89858 3.5735 3.97536 4.99837 4.30308 4.05363 

--------------------------------------
Time: 17.0046
Split Ratios: 1 1 1 0.008 0.017 0.975 1 1 1 1 1 1 1 0.042 0.958 1 1 1 1 1 1 1 0.138 0.862 1 1 1 1 1 0.991 0.009 1 0.147 0.853 1 1 0.975 0.025 1 1 1 1 1 1 1 0.079 0.921 1 
Delays: 0.0133224 0.0138155 0.00975295 0.0215806 0.0134808 0.0124035 0.0190958 0.0133147 0.0136583 0.015715 0.0117423 0.0308516 0.0206894 0.0139254 0.0179532 0.0116389 0.0154174 0.00964328 0.0271613 0.0220746 0.00995744 0.0330923 0.00742531 0.00934599 0.0258857 0.0296559 0.0096238 0.0198127 0.0160187 0.0276 0.0254737 0.0193777 0.0289778 0.020055 0.00752732 0.0314876 0.0197449 0.00770765 0.0164163 0.0202181 
Throughputs: 1.06496 1.1305 0.950272 1.03219 0.950272 1.09773 1.2288 1.11411 1.34349 1.3271 1.45818 1.24518 1.29434 1.45818 1.06496 1.26157 1.3271 1.2288 1.01581 1.17965 0.835584 1.31072 1.03219 0.950272 1.27795 1.16326 1.04858 1.16326 0.917504 1.1305 1.11411 1.1305 0.950272 1.34349 0.90112 1.2288 1.16326 1.21242 1.14688 1.26157 
Utility: 4.38125 4.40462 4.57918 3.86764 4.25548 4.48302 4.16433 4.42695 4.58868 4.43614 4.82174 3.69785 4.13613 4.65123 4.08292 4.68576 4.45526 4.84753 3.62165 3.97855 4.42981 3.67903 4.93454 4.6218 3.89932 3.66932 4.69095 4.07266 4.0479 3.7126 3.77817 4.06629 3.49022 4.20455 4.7851 3.6642 4.07609 5.05816 4.24653 4.13353 

--------------------------------------
Time: 17.505
Split Ratios: 1 1 1 0.008 0.017 0.975 1 1 1 1 1 1 1 0.042 0.958 1 1 1 1 1 1 1 0.138 0.862 1 1 1 1 1 0.991 0.009 1 0.147 0.853 1 1 0.975 0.025 1 1 1 1 1 1 1 0.079 0.921 1 
Delays: 0.0132833 0.0136335 0.0104203 0.0212595 0.0133568 0.0128084 0.0192259 0.0132119 0.013465 0.0156407 0.0115911 0.0298863 0.0198921 0.0145476 0.0173315 0.0116622 0.0157308 0.00943897 0.0275948 0.0223838 0.0100955 0.0320405 0.0074167 0.00928499 0.0253398 0.0303195 0.00961305 0.0196379 0.0154997 0.0282153 0.0259103 0.0193769 0.0285426 0.0195886 0.00755628 0.0321894 0.0199694 0.0075666 0.0166171 0.020369 
Throughputs: 1.09773 1.1305 1.26157 1.06496 1.17965 1.01581 1.21242 1.01581 1.21242 0.786432 1.01581 1.09773 1.04858 1.40902 0.950272 1.2288 1.1305 1.19603 1.14688 1.39264 1.03219 1.24518 0.933888 1.19603 1.04858 1.5401 1.11411 1.04858 1.03219 1.17965 1.21242 1.08134 0.802816 1.11411 1.08134 1.1305 1.19603 1.14688 1.11411 1.24518 
Utility: 4.41449 4.41788 4.79635 3.91389 4.48095 4.37334 4.14411 4.34233 4.50028 3.91763 4.4732 3.6036 3.96487 4.57322 4.00422 4.65744 4.27479 4.84192 3.72717 4.13062 4.62735 3.66004 4.83562 4.85837 3.72281 3.92781 4.75269 3.97773 4.19862 3.73311 3.84573 4.02188 3.33673 4.04086 4.96358 3.55877 4.09256 5.02106 4.20538 4.11303 

--------------------------------------
Time: 18.0055
Split Ratios: 1 1 1 0.008 0.017 0.975 1 1 1 1 1 1 1 0.042 0.958 1 1 1 1 1 1 1 0.138 0.862 1 1 1 1 1 0.991 0.009 1 0.147 0.853 1 1 0.975 0.025 1 1 1 1 1 1 1 0.079 0.921 1 
Delays: 0.0132097 0.0136864 0.00967585 0.0214526 0.013454 0.0120047 0.0189791 0.0130407 0.0133743 0.0155423 0.0116593 0.0302859 0.0205801 0.0140558 0.0179279 0.0114494 0.0157791 0.009577 0.0275902 0.022337 0.0104004 0.032458 0.00740817 0.00932966 0.025597 0.0297234 0.00961152 0.0193397 0.0157003 0.0273365 0.0256418 0.0190982 0.0289371 0.0199929 0.00754511 0.0309207 0.0202883 0.00768776 0.0163769 0.0208073 
Throughputs: 1.04858 1.1305 0.917504 1.17965 1.24518 0.868352 0.933888 0.966656 1.17965 1.03219 1.19603 1.29434 1.16326 1.11411 1.01581 1.16326 1.17965 1.3271 1.29434 1.1305 1.06496 1.2288 0.90112 1.11411 0.950272 1.19603 1.06496 1.17965 1.31072 1.27795 0.999424 1.03219 1.04858 1.39264 1.04858 1.09773 1.42541 1.21242 1.21242 1.14688 
Utility: 4.37424 4.41401 4.55202 4.00713 4.52776 4.2813 3.89602 4.30577 4.47963 4.19587 4.63066 3.75507 4.03466 4.37278 4.03708 4.62105 4.31429 4.93139 3.84829 3.92417 4.62885 3.63385 4.80106 4.78261 3.61427 3.69483 4.70773 4.11081 4.42465 3.84479 3.66296 3.98985 3.59006 4.24358 4.93429 3.56957 4.25217 5.06074 4.3045 4.0095 

--------------------------------------
Time: 18.5056
Split Ratios: 1 1 1 0.008 0.017 0.975 1 1 1 1 1 1 1 0.042 0.958 1 1 1 1 1 1 1 0.138 0.862 1 1 1 1 1 0.991 0.009 1 0.147 0.853 1 1 0.975 0.025 1 1 1 1 1 1 1 0.079 0.921 1 
Delays: 0.0132503 0.0140951 0.0097103 0.0212254 0.013536 0.0124951 0.0191 0.0131899 0.0133571 0.0159438 0.0116098 0.0304113 0.0201793 0.0140728 0.0175686 0.0115777 0.015436 0.00949238 0.0275973 0.0219149 0.0100123 0.0325226 0.00738779 0.00930924 0.0254198 0.0300071 0.00950316 0.0191893 0.0158385 0.0277535 0.0261117 0.019166 0.0292463 0.0201887 0.00758433 0.031449 0.0200056 0.00756436 0.0168805 0.020491 
Throughputs: 1.03219 1.17965 1.08134 1.01581 1.26157 1.2288 1.11411 1.24518 1.19603 1.16326 1.16326 1.31072 0.917504 1.39264 1.06496 1.3271 1.04858 1.19603 0.933888 1.17965 0.933888 1.14688 1.21242 1.08134 1.01581 1.29434 0.90112 1.40902 1.31072 1.24518 1.24518 1.26157 1.11411 1.17965 1.19603 1.04858 1.19603 1.03219 1.45818 1.01581 
Utility: 4.35542 4.42715 4.71277 3.86824 4.53476 4.58846 4.06612 4.54759 4.49472 4.28992 4.60713 3.76352 3.817 4.59471 4.10458 4.74167 4.21849 4.83627 3.52164 3.9858 4.53555 3.56287 5.10054 4.75495 3.68791 3.76432 4.55201 4.2963 4.41589 3.80368 3.86465 4.18697 3.64006 4.06785 5.06068 3.50682 4.09075 4.91599 4.45878 3.90345 

--------------------------------------
Time: 19.0056
Split Ratios: 1 1 1 0.008 0.017 0.975 1 1 1 1 1 1 1 0.042 0.958 1 1 1 1 1 1 1 0.138 0.862 1 1 1 1 1 0.991 0.009 1 0.147 0.853 1 1 0.975 0.025 1 1 1 1 1 1 1 0.079 0.921 1 
Delays: 0.0131703 0.0140381 0.0100057 0.0211822 0.0138434 0.0128799 0.0189832 0.0131822 0.0133699 0.0156135 0.0120584 0.0300736 0.0203712 0.0141987 0.0177072 0.011678 0.0153091 0.00961892 0.0277496 0.0226228 0.0101308 0.0325346 0.00744863 0.00932666 0.0259523 0.0302924 0.00962813 0.0199577 0.0154652 0.0282812 0.0258495 0.0189291 0.0288754 0.0199172 0.0076592 0.0313995 0.0200596 0.00753644 0.0167403 0.0201802 
Throughputs: 1.09773 1.11411 1.08134 1.35987 1.21242 1.17965 1.26157 1.17965 1.24518 0.98304 1.21242 1.21242 1.1305 1.34349 1.06496 1.29434 0.770048 1.16326 1.50733 1.39264 0.933888 1.09773 1.06496 0.98304 1.16326 1.17965 1.01581 1.5401 0.868352 1.06496 1.16326 1.04858 0.950272 1.3271 0.999424 1.34349 1.14688 0.835584 1.14688 1.2288 
Utility: 4.42303 4.37404 4.68281 4.16199 4.47256 4.5173 4.19656 4.4941 4.53403 4.14251 4.61061 3.69672 4.01629 4.54987 4.09672 4.70805 3.918 4.79525 3.99487 4.12 4.52378 3.51869 4.96266 4.65777 3.80273 3.66208 4.65875 4.34598 4.02801 3.62849 3.8067 4.01449 3.49376 4.19917 4.87127 3.75623 4.04609 4.70838 4.22698 4.10909 

--------------------------------------
Time: 19.506
Split Ratios: 1 1 1 0.008 0.017 0.975 1 1 1 1 1 1 1 0.042 0.958 1 1 1 1 1 1 1 0.138 0.862 1 1 1 1 1 0.991 0.009 1 0.147 0.853 1 1 0.975 0.025 1 1 1 1 1 1 1 0.079 0.921 1 
Delays: 0.0131689 0.0137884 0.00977587 0.0216269 0.0137916 0.0125037 0.0190571 0.0132074 0.0135792 0.0154816 0.0117018 0.0304805 0.0204117 0.0138159 0.0178843 0.0116451 0.0153864 0.00988597 0.0273735 0.0215271 0.00983294 0.0329899 0.00747199 0.00934114 0.02569 0.0295763 0.00970022 0.0190122 0.0155397 0.0275222 0.0254527 0.0192452 0.0291775 0.0199337 0.00754971 0.0310275 0.0198162 0.0076156 0.0163927 0.0199275 
Throughputs: 1.1305 1.01581 0.999424 1.40902 0.966656 1.03219 1.19603 1.21242 1.24518 0.933888 1.35987 1.42541 1.01581 1.11411 1.2288 1.17965 1.16326 1.31072 1.29434 0.999424 0.884736 1.17965 1.21242 0.98304 1.1305 1.06496 1.47456 1.34349 1.01581 0.917504 1.19603 1.39264 1.16326 1.42541 1.14688 1.01581 1.14688 1.14688 1.31072 0.98304 
Utility: 4.45255 4.29961 4.62726 4.17671 4.24978 4.41342 4.13932 4.51959 4.5185 4.0997 4.7554 3.84513 3.90733 4.38999 4.22987 4.61809 4.3255 4.88722 3.85618 3.83786 4.49955 3.57677 5.08921 4.65622 3.78431 3.58372 5.02397 4.25794 4.18004 3.50667 3.84994 4.28169 3.68559 4.2698 5.02329 3.48857 4.0583 5.0146 4.38149 3.89855 

--------------------------------------
Time: 20.0063
Split Ratios: 1 1 1 0.008 0.017 0.975 1 1 1 1 1 1 1 0.042 0.958 1 1 1 1 1 1 1 0.138 0.862 1 1 1 1 1 0.991 0.009 1 0.147 0.853 1 1 0.975 0.025 1 1 1 1 1 1 1 0.079 0.921 1 
Delays: 0.0131596 0.0135199 0.00962591 0.0211589 0.0135002 0.0124666 0.018939 0.0131822 0.0133828 0.0153641 0.0114885 0.0301405 0.0201463 0.0143582 0.0173125 0.0115495 0.0157843 0.00953498 0.0272281 0.0219003 0.0101146 0.032303 0.00746183 0.00936349 0.0260177 0.029782 0.00971907 0.019414 0.0153033 0.0275443 0.0255752 0.0192752 0.0285411 0.0196461 0.00754866 0.0309442 0.0199191 0.00780197 0.0165101 0.0200053 
Throughputs: 1.06496 1.11411 0.999424 1.16326 1.16326 1.21242 1.17965 1.11411 1.08134 0.835584 0.999424 1.21242 0.999424 1.44179 1.04858 1.31072 1.1305 1.29434 0.999424 1.21242 0.950272 0.884736 1.3271 0.950272 1.16326 1.11411 1.06496 1.2288 0.917504 1.35987 1.24518 1.27795 0.98304 1.21242 0.917504 1.09773 1.08134 1.17965 1.17965 1.3271 
Utility: 4.39354 4.41165 4.64272 4.00692 4.45628 4.57732 4.13175 4.43695 4.39199 3.9961 4.46583 3.6945 3.90416 4.60932 4.10376 4.73169 4.27139 4.91079 3.60293 4.01387 4.54277 3.31013 5.18095 4.61993 3.80021 3.62191 4.6966 4.1478 4.09359 3.89935 3.88542 4.19419 3.53931 4.12249 4.80029 3.56881 3.99428 5.0186 4.269 4.19476 

--------------------------------------
Time: 20.5067
Split Ratios: 1 1 1 0.008 0.017 0.975 1 1 1 1 1 1 1 0.042 0.958 1 1 1 1 1 1 1 0.138 0.862 1 1 1 1 1 0.991 0.009 1 0.147 0.853 1 1 0.975 0.025 1 1 1 1 1 1 1 0.079 0.921 1 
Delays: 0.0133606 0.013725 0.00984187 0.0215097 0.0135488 0.0120623 0.0191169 0.0132779 0.0135781 0.015466 0.0117456 0.0305066 0.0201722 0.0143766 0.0176069 0.0114343 0.0154759 0.00975039 0.0278943 0.0222243 0.0104543 0.0326887 0.00742193 0.00930873 0.0254809 0.030553 0.00980472 0.0192837 0.0156966 0.0276429 0.0251866 0.0191629 0.02896 0.0198348 0.00764773 0.0313833 0.0202067 0.00758821 0.0163131 0.0206771 
Throughputs: 1.37626 1.1305 1.2288 1.16326 1.11411 0.999424 1.16326 1.09773 1.26157 1.17965 1.11411 1.26157 1.06496 1.42541 1.24518 1.44179 0.999424 1.21242 1.08134 1.16326 0.999424 1.24518 1.08134 1.08134 1.01581 1.34349 1.11411 1.17965 1.14688 1.39264 1.17965 1.08134 1.19603 1.09773 1.17965 1.17965 1.2288 1.06496 1.01581 1.34349 
Utility: 4.63481 4.41119 4.82715 3.99048 4.40952 4.41709 4.10841 4.4149 4.53165 4.33433 4.55233 3.72217 3.96639 4.59661 4.25875 4.83703 4.1679 4.82306 3.65754 3.9578 4.56017 3.64001 4.98152 4.75501 3.68551 3.78356 4.73295 4.11371 4.29136 3.91959 3.84666 4.03298 3.72085 4.01356 5.03856 3.6267 4.10778 4.9441 4.13147 4.174 

--------------------------------------
Time: 21.0075
Split Ratios: 1 1 1 0.008 0.017 0.975 1 1 1 1 1 1 1 0.042 0.958 1 1 1 1 1 1 1 0.138 0.862 1 1 1 1 1 0.991 0.009 1 0.147 0.853 1 1 0.975 0.025 1 1 1 1 1 1 1 0.079 0.921 1 
Delays: 0.0133288 0.0136419 0.00977308 0.0209741 0.0135166 0.0123144 0.0189112 0.0132129 0.0134646 0.015399 0.0121172 0.0304154 0.0211542 0.0138437 0.0179685 0.0115203 0.0155226 0.00974955 0.027896 0.022306 0.00991778 0.0324917 0.00738239 0.00933072 0.0255039 0.0298743 0.00966885 0.019471 0.0157586 0.0278895 0.0253945 0.0193207 0.0290898 0.019852 0.00747614 0.0310921 0.0202134 0.00772035 0.0165446 0.0201369 
Throughputs: 1.08134 0.966656 1.06496 1.14688 1.11411 0.98304 1.06496 1.11411 1.39264 1.08134 1.34349 1.3271 1.17965 1.2288 0.98304 1.2288 0.917504 1.35987 1.21242 1.21242 1.21242 1.11411 0.917504 1.31072 0.98304 0.98304 1.09773 1.29434 1.27795 1.1305 1.16326 1.1305 1.21242 1.19603 0.933888 1.2288 1.35987 1.17965 1.11411 1.11411 
Utility: 4.39603 4.26069 4.69106 4.00151 4.41189 4.37988 4.03094 4.43462 4.63889 4.25166 4.7084 3.77581 4.02113 4.48596 4.00203 4.66969 4.07936 4.93792 3.77189 3.99551 4.80604 3.53483 4.82256 4.94502 3.65182 3.49365 4.73209 4.19683 4.39563 3.70216 3.82445 4.06923 3.72998 4.09846 4.82764 3.67684 4.2088 5.02911 4.20976 4.01326 

--------------------------------------
Time: 21.5075
Split Ratios: 1 1 1 0.008 0.017 0.975 1 1 1 1 1 1 1 0.042 0.958 1 1 1 1 1 1 1 0.138 0.862 1 1 1 1 1 0.991 0.009 1 0.147 0.853 1 1 0.975 0.025 1 1 1 1 1 1 1 0.079 0.921 1 
Delays: 0.0132689 0.0139334 0.00978982 0.0218399 0.013526 0.012557 0.0189808 0.0131863 0.0135558 0.0153795 0.0117792 0.0297057 0.020505 0.0141199 0.0175058 0.0115669 0.0155025 0.00957322 0.0270151 0.0221675 0.00983603 0.0325781 0.00746909 0.00933452 0.0261255 0.0297308 0.0096848 0.0196038 0.015481 0.0280759 0.026025 0.019281 0.0289427 0.020107 0.007671 0.031186 0.0200109 0.00767153 0.0168734 0.0202298 
Throughputs: 1.21242 1.21242 0.884736 1.16326 1.3271 1.08134 1.11411 1.06496 1.57286 0.999424 1.09773 1.09773 1.03219 1.3271 1.04858 1.2288 1.16326 1.24518 1.16326 1.04858 1.04858 1.2288 1.06496 1.04858 1.19603 1.1305 1.21242 1.2288 1.09773 1.44179 1.1305 1.11411 1.04858 1.42541 1.06496 1.08134 1.1305 0.884736 1.3271 1.24518 
Utility: 4.51495 4.46608 4.50395 3.97525 4.58614 4.45568 4.07238 4.39152 4.75384 4.17415 4.53466 3.60966 3.91877 4.54317 4.09266 4.66564 4.31798 4.86807 3.76259 3.85656 4.66914 3.63015 4.95992 4.72147 3.82385 3.63823 4.82981 4.13807 4.26139 3.93873 3.77135 4.05669 3.58987 4.26115 4.93325 3.54599 4.03414 4.74777 4.36501 4.11988 

--------------------------------------
Time: 22.0077
Split Ratios: 1 1 1 0.008 0.017 0.975 1 1 1 1 1 1 1 0.042 0.958 1 1 1 1 1 1 1 0.138 0.862 1 1 1 1 1 0.991 0.009 1 0.147 0.853 1 1 0.975 0.025 1 1 1 1 1 1 1 0.079 0.921 1 
Delays: 0.0131911 0.0140068 0.00977025 0.0214355 0.0135486 0.0121303 0.0190625 0.0133045 0.0133309 0.0156794 0.0115347 0.0302362 0.0200527 0.0142041 0.01731 0.011468 0.0154614 0.00966911 0.0278861 0.0220081 0.0100247 0.032512 0.00743749 0.00936451 0.0257195 0.0304542 0.00969933 0.0193993 0.0157211 0.0277576 0.025646 0.0192536 0.0293365 0.0197581 0.00765584 0.0312313 0.0202109 0.00760561 0.0165344 0.0203624 
Throughputs: 0.950272 1.04858 0.868352 1.06496 1.11411 1.11411 1.31072 1.11411 0.950272 0.98304 1.27795 1.35987 1.01581 1.40902 0.917504 1.34349 1.31072 1.09773 1.3271 1.2288 1.2288 1.35987 1.08134 0.98304 1.04858 1.35987 1.26157 1.08134 1.34349 1.17965 1.3271 0.90112 0.98304 1.04858 1.11411 1.17965 1.19603 1.1305 1.40902 1.06496 
Utility: 4.27721 4.31564 4.48726 3.90564 4.40953 4.5201 4.23061 4.42771 4.26666 4.1383 4.70765 3.80611 3.92508 4.59712 3.97037 4.76346 4.43998 4.73206 3.86263 4.02238 4.80874 3.73354 4.97943 4.65372 3.70794 3.79892 4.86805 4.02072 4.44802 3.74946 3.94637 3.84594 3.51182 3.97163 4.98034 3.63155 4.08054 5.00153 4.44521 3.957 

--------------------------------------
Time: 22.5077
Split Ratios: 1 1 1 0.008 0.017 0.975 1 1 1 1 1 1 1 0.042 0.958 1 1 1 1 1 1 1 0.138 0.862 1 1 1 1 1 0.991 0.009 1 0.147 0.853 1 1 0.975 0.025 1 1 1 1 1 1 1 0.079 0.921 1 
Delays: 0.0133455 0.0138329 0.00998166 0.0216061 0.0137125 0.0129166 0.0189652 0.01318 0.0134566 0.0156051 0.011655 0.0298211 0.0210862 0.014242 0.0181164 0.0114393 0.0154691 0.00968656 0.0274556 0.0221446 0.00978462 0.0324758 0.00745045 0.00926834 0.0257616 0.029843 0.00958185 0.0194451 0.0154319 0.0280613 0.0266932 0.0191785 0.0288959 0.0206992 0.00751595 0.0312395 0.0197959 0.00772614 0.0166607 0.0202303 
Throughputs: 1.1305 1.31072 1.11411 1.42541 1.21242 1.03219 1.03219 0.966656 1.24518 0.90112 1.35987 1.29434 0.950272 1.24518 1.06496 0.98304 1.04858 1.39264 1.21242 1.08134 0.835584 1.35987 1.37626 0.999424 0.98304 1.39264 0.917504 1.40902 1.08134 1.2288 1.5401 1.1305 0.999424 1.31072 0.999424 0.966656 1.2288 0.966656 1.16326 1.16326 
Utility: 4.43924 4.55128 4.71506 4.18924 4.48206 4.38093 3.99684 4.29514 4.52757 4.05604 4.75941 3.77054 3.80813 4.47084 4.07388 4.4536 4.21634 4.96822 3.7878 3.88836 4.44732 3.73465 5.21885 4.68057 3.64177 3.84301 4.56179 4.28306 4.24952 3.7794 4.05519 4.07662 3.54348 4.14824 4.89015 3.43216 4.12832 4.82923 4.24593 4.0518 

--------------------------------------
Time: 23.0078
Split Ratios: 1 1 1 0.008 0.017 0.975 1 1 1 1 1 1 1 0.042 0.958 1 1 1 1 1 1 1 0.138 0.862 1 1 1 1 1 0.991 0.009 1 0.147 0.853 1 1 0.975 0.025 1 1 1 1 1 1 1 0.079 0.921 1 
Delays: 0.0131464 0.0140123 0.0100084 0.0213834 0.0136558 0.012829 0.0188389 0.0131709 0.013582 0.0153859 0.0118004 0.0299377 0.0205417 0.0140913 0.017888 0.0114842 0.0155038 0.00964412 0.0270455 0.0225725 0.00997773 0.0328664 0.00741348 0.00936958 0.0255797 0.0297401 0.00966691 0.0195217 0.0157829 0.0279471 0.0262762 0.0192135 0.0289311 0.0202888 0.00757495 0.0313569 0.0195476 0.00777618 0.0168273 0.019745 
Throughputs: 1.26157 1.04858 1.37626 1.49094 1.16326 1.17965 1.11411 1.3271 1.45818 1.09773 1.2288 1.1305 1.2288 1.09773 1.01581 1.14688 1.11411 1.19603 1.19603 1.31072 1.06496 1.21242 1.21242 0.950272 1.03219 1.2288 1.19603 1.11411 1.19603 0.966656 1.3271 1.11411 1.03219 1.39264 1.24518 1.14688 0.933888 1.2288 1.04858 1.09773 
Utility: 4.56396 4.31526 4.9237 4.24455 4.44482 4.52126 4.07989 4.61275 4.6762 4.26754 4.64566 3.63129 4.09134 4.35544 4.03931 4.60383 4.27472 4.82042 3.78924 4.0616 4.67034 3.60792 5.09707 4.61928 3.69764 3.7213 4.81806 4.04429 4.32784 3.54353 3.92209 4.0602 3.57452 4.22889 5.10219 3.59937 3.8665 5.06273 4.13218 4.0181 

--------------------------------------
Time: 23.5079
Split Ratios: 1 1 1 0.008 0.017 0.975 1 1 1 1 1 1 1 0.042 0.958 1 1 1 1 1 1 1 0.138 0.862 1 1 1 1 1 0.991 0.009 1 0.147 0.853 1 1 0.975 0.025 1 1 1 1 1 1 1 0.079 0.921 1 
Delays: 0.0131911 0.0139839 0.00984386 0.0211464 0.0135539 0.0122732 0.0189348 0.0132599 0.0136085 0.0153497 0.0117436 0.0299146 0.0209241 0.0139014 0.0178245 0.0114804 0.0156426 0.00960568 0.0275283 0.0219686 0.00992663 0.0330431 0.00738251 0.00926846 0.0255961 0.0300842 0.00965437 0.0192201 0.0159513 0.0276913 0.0256089 0.0192714 0.0288024 0.020058 0.00760431 0.0312626 0.0200715 0.0077002 0.0166809 0.0200392 
Throughputs: 1.03219 1.17965 1.11411 1.3271 1.14688 0.999424 1.26157 1.08134 1.2288 0.98304 1.2288 1.21242 1.03219 1.2288 0.999424 1.21242 1.27795 1.31072 1.04858 1.16326 1.08134 1.34349 0.917504 0.917504 1.14688 1.19603 1.11411 1.04858 1.17965 1.39264 1.2288 1.04858 1.08134 1.24518 1.1305 1.19603 1.3271 1.08134 1.27795 0.966656 
Utility: 4.3599 4.43506 4.72897 4.13928 4.43813 4.39976 4.19911 4.40121 4.5031 4.15955 4.65049 3.70202 3.89854 4.48181 4.02661 4.65973 4.40302 4.91598 3.63997 3.96937 4.69074 3.70521 4.82254 4.59504 3.80236 3.68276 4.7484 3.99923 4.30343 3.91784 3.87085 3.99657 3.6255 4.12841 5.0017 3.64434 4.19145 4.94471 4.33875 3.87615 

--------------------------------------
Time: 24.0079
Split Ratios: 1 1 1 0.008 0.017 0.975 1 1 1 1 1 1 1 0.042 0.958 1 1 1 1 1 1 1 0.138 0.862 1 1 1 1 1 0.991 0.009 1 0.147 0.853 1 1 0.975 0.025 1 1 1 1 1 1 1 0.079 0.921 1 
Delays: 0.0132103 0.0136374 0.00964125 0.0209435 0.0134813 0.0121153 0.018976 0.0131612 0.0133623 0.0153654 0.0116895 0.0300417 0.0198983 0.0139181 0.0176445 0.0114951 0.0154118 0.00956644 0.027497 0.0216588 0.00986877 0.032418 0.0073929 0.00933518 0.0255974 0.0301309 0.00969886 0.0196614 0.0153518 0.0272815 0.0256993 0.0191628 0.0288314 0.0196244 0.00750094 0.0309584 0.0196362 0.007662 0.0165946 0.0196503 
Throughputs: 1.06496 0.884736 0.884736 1.17965 1.17965 1.06496 1.31072 1.11411 1.03219 1.01581 1.08134 1.11411 0.933888 1.27795 0.950272 1.29434 1.34349 1.24518 1.16326 0.966656 1.04858 1.17965 0.90112 1.08134 0.966656 1.1305 1.09773 1.34349 1.17965 1.17965 1.01581 1.21242 0.90112 0.966656 1.11411 0.917504 1.08134 1.01581 1.29434 1.21242 
Utility: 4.38969 4.17247 4.51924 4.03114 4.47167 4.47622 4.23516 4.43854 4.34701 4.19132 4.52727 3.61322 3.84872 4.51983 3.98632 4.72384 4.46789 4.86878 3.74491 3.79843 4.66581 3.59426 4.80312 4.75217 3.63135 3.62486 4.72899 4.22437 4.34174 3.76676 3.67697 4.1474 3.44217 3.89707 5.00079 3.38901 4.00858 4.88717 4.35668 4.12228 

--------------------------------------
Time: 24.508
Split Ratios: 1 1 1 0.008 0.017 0.975 1 1 1 1 1 1 1 0.042 0.958 1 1 1 1 1 1 1 0.138 0.862 1 1 1 1 1 0.991 0.009 1 0.147 0.853 1 1 0.975 0.025 1 1 1 1 1 1 1 0.079 0.921 1 
Delays: 0.0132481 0.013992 0.0101612 0.0212784 0.0134921 0.0123005 0.0190962 0.0132761 0.013579 0.0156066 0.0116655 0.0301288 0.0202776 0.0143699 0.0177564 0.0118564 0.0156347 0.00955127 0.0277211 0.0223927 0.010082 0.0325898 0.0074167 0.00942178 0.0257674 0.0306317 0.00990234 0.0192971 0.0155219 0.027962 0.0259164 0.0194973 0.0288648 0.0200915 0.00769393 0.0313356 0.0204031 0.00785751 0.016391 0.0202928 
Throughputs: 0.966656 1.09773 1.24518 1.31072 1.16326 0.966656 1.2288 1.17965 1.31072 1.09773 1.19603 1.26157 1.03219 1.19603 1.1305 1.27795 1.16326 1.35987 1.08134 1.27795 1.04858 1.37626 0.98304 1.24518 1.16326 1.3271 1.40902 1.24518 1.11411 1.14688 1.26157 1.3271 1.16326 1.24518 0.933888 1.14688 1.24518 1.1305 1.55648 1.40902 
Utility: 4.28999 4.36251 4.80847 4.12064 4.45688 4.3642 4.1643 4.487 4.5698 4.25331 4.63013 3.73463 3.92992 4.42163 4.15367 4.68015 4.30949 4.95847 3.66377 4.04428 4.64443 3.74312 4.88692 4.88401 3.80987 3.76872 4.95788 4.16708 4.27356 3.71395 3.88523 4.22048 3.69636 4.12674 4.79892 3.60005 4.11135 4.96894 4.55345 4.24039 

--------------------------------------
Time: 25.008
Split Ratios: 1 1 1 0.008 0.017 0.975 1 1 1 1 1 1 1 0.042 0.958 1 1 1 1 1 1 1 0.138 0.862 1 1 1 1 1 0.991 0.009 1 0.147 0.853 1 1 0.975 0.025 1 1 1 1 1 1 1 0.079 0.921 1 
Delays: 0.0132843 0.0140139 0.00985062 0.0215533 0.0136464 0.0119487 0.019057 0.0131933 0.0138176 0.0157607 0.0116311 0.0303077 0.0201554 0.0142573 0.0179402 0.0114448 0.0154719 0.00968116 0.0278977 0.0218471 0.00984141 0.0327587 0.00743929 0.00931065 0.0253136 0.0297736 0.00958061 0.0189934 0.0155468 0.0273287 0.0256146 0.019441 0.0291233 0.0201782 0.00751744 0.0308178 0.0199534 0.00763927 0.0162974 0.0207821 
Throughputs: 1.11411 1.35987 1.1305 1.24518 1.50733 0.802816 1.17965 0.868352 1.27795 0.950272 1.2288 1.27795 0.917504 1.35987 0.999424 1.45818 1.09773 1.5401 1.08134 1.31072 0.917504 1.19603 1.29434 1.17965 0.950272 1.19603 0.966656 1.16326 1.09773 1.09773 1.17965 1.01581 1.11411 1.03219 1.27795 0.999424 1.29434 1.11411 0.90112 1.08134 
Utility: 4.42923 4.5751 4.74288 4.05651 4.70462 4.2075 4.12554 4.18689 4.52707 4.09923 4.66011 3.74161 3.81818 4.55788 4.02014 4.84741 4.26197 5.06942 3.65742 4.09426 4.53506 3.59759 5.15898 4.84181 3.62541 3.69314 4.6141 4.11489 4.25714 3.69306 3.82981 3.95606 3.64427 3.93484 5.13579 3.47909 4.17236 4.98251 4.01263 3.95187 

--------------------------------------
Time: 25.5081
Split Ratios: 1 1 1 0.008 0.017 0.975 1 1 1 1 1 1 1 0.042 0.958 1 1 1 1 1 1 1 0.138 0.862 1 1 1 1 1 0.991 0.009 1 0.147 0.853 1 1 0.975 0.025 1 1 1 1 1 1 1 0.079 0.921 1 
Delays: 0.013336 0.0138445 0.00987885 0.0214011 0.0138512 0.0126326 0.0188699 0.0133397 0.0135419 0.0158514 0.01186 0.0296693 0.0212811 0.0140967 0.0185262 0.0115035 0.0154756 0.00962509 0.0273991 0.0220839 0.0101248 0.0326792 0.0074255 0.00940373 0.0253856 0.0296674 0.0096079 0.0199476 0.0154692 0.0275955 0.0258191 0.0193981 0.0289772 0.0208186 0.00766543 0.0311811 0.0202937 0.0076163 0.016786 0.020798 
Throughputs: 1.2288 1.04858 1.2288 1.34349 1.2288 1.24518 1.21242 1.2288 1.14688 1.21242 1.37626 1.1305 1.16326 0.917504 1.06496 1.19603 1.09773 1.37626 1.27795 1.34349 1.09773 1.2288 1.09773 1.31072 0.999424 1.09773 1.09773 1.11411 1.04858 1.06496 1.09773 1.06496 1.14688 1.39264 1.03219 1.39264 1.42541 1.17965 1.01581 1.2288 
Utility: 4.52333 4.3273 4.8234 4.13958 4.48542 4.59075 4.1628 4.52305 4.43901 4.33711 4.75395 3.6403 4.00117 4.17572 4.05151 4.64411 4.26173 4.96275 3.8425 4.10818 4.68601 3.62706 4.99608 4.93722 3.673 3.61095 4.73841 4.0227 4.21634 3.65304 3.74988 4.00552 3.67829 4.20311 4.90272 3.79914 4.2519 5.04268 4.1029 4.07894 

--------------------------------------
Time: 26.0081
Split Ratios: 1 1 1 0.008 0.017 0.975 1 1 1 1 1 1 1 0.042 0.958 1 1 1 1 1 1 1 0.138 0.862 1 1 1 1 1 0.991 0.009 1 0.147 0.853 1 1 0.975 0.025 1 1 1 1 1 1 1 0.079 0.921 1 
Delays: 0.0133067 0.0140855 0.00977384 0.0220918 0.0135993 0.0129339 0.0190431 0.0132166 0.0136018 0.0155227 0.0116876 0.0303163 0.0211666 0.0138715 0.0181898 0.0115941 0.0153344 0.0095826 0.0270953 0.0217525 0.00990926 0.0325331 0.00741867 0.00935381 0.0258383 0.0296795 0.00949543 0.0200118 0.015525 0.0279109 0.0277529 0.0190628 0.0292802 0.0207709 0.00783742 0.0310242 0.0200777 0.0075364 0.0163661 0.019838 
Throughputs: 1.08134 1.03219 1.1305 1.45818 1.27795 1.24518 1.17965 1.01581 1.08134 0.851968 1.47456 1.1305 1.1305 1.35987 1.14688 1.34349 1.2288 1.24518 0.999424 1.24518 1.19603 1.11411 1.1305 1.3271 1.06496 0.884736 1.08134 1.11411 1.2288 1.2288 1.31072 1.1305 1.19603 1.37626 1.34349 1.06496 1.06496 0.950272 1.37626 1.06496 
Utility: 4.39769 4.2943 4.7507 4.18973 4.54299 4.56719 4.12627 4.34196 4.37576 4.00525 4.83758 3.61873 3.97799 4.58531 4.14394 4.75253 4.38369 4.86709 3.60782 4.04731 4.7933 3.53355 5.02641 4.95497 3.71883 3.39483 4.73515 4.01949 4.37134 3.78478 3.85499 4.08267 3.70985 4.19357 5.14412 3.53592 3.97108 4.837 4.43191 3.98309 

--------------------------------------
Time: 26.5086
Split Ratios: 1 1 1 0.008 0.017 0.975 1 1 1 1 1 1 1 0.042 0.958 1 1 1 1 1 1 1 0.138 0.862 1 1 1 1 1 0.991 0.009 1 0.147 0.853 1 1 0.975 0.025 1 1 1 1 1 1 1 0.079 0.921 1 
Delays: 0.013241 0.0140446 0.00980008 0.0217567 0.0133208 0.012168 0.0189995 0.0131125 0.013402 0.0154521 0.0115129 0.0299206 0.0201078 0.0139904 0.0174483 0.011484 0.0156826 0.00962999 0.0275971 0.0218116 0.00986639 0.0324959 0.00738069 0.00940562 0.0254647 0.029996 0.00954104 0.0198749 0.0155834 0.02759 0.0261456 0.0194466 0.0290185 0.0202136 0.00754921 0.0313244 0.0199426 0.0077614 0.0162123 0.020103 
Throughputs: 0.786432 1.14688 1.1305 1.06496 1.19603 1.24518 1.37626 0.966656 1.3271 0.933888 1.26157 1.37626 0.999424 1.09773 1.21242 1.17965 1.19603 1.29434 0.933888 1.24518 1.34349 1.26157 1.09773 1.08134 0.950272 1.01581 0.950272 1.1305 1.19603 1.26157 1.21242 1.26157 1.04858 1.04858 1.19603 1.26157 1.26157 1.35987 1.19603 1.19603 
Utility: 4.08419 4.40256 4.74802 3.89077 4.49744 4.62823 4.28271 4.30028 4.59535 4.10161 4.69664 3.82857 3.90607 4.36263 4.24113 4.63202 4.33421 4.90087 3.52165 4.04459 4.91389 3.659 5.00213 4.74465 3.61945 3.52238 4.60115 4.04095 4.34056 3.82266 3.83669 4.17244 3.58725 3.94883 5.06532 3.69571 4.14725 5.16598 4.30099 4.0859 

--------------------------------------
Time: 27.0091
Split Ratios: 1 1 1 0.008 0.017 0.975 1 1 1 1 1 1 1 0.042 0.958 1 1 1 1 1 1 1 0.138 0.862 1 1 1 1 1 0.991 0.009 1 0.147 0.853 1 1 0.975 0.025 1 1 1 1 1 1 1 0.079 0.921 1 
Delays: 0.0131964 0.0136663 0.0102027 0.0215616 0.0136893 0.0129889 0.0190505 0.0131971 0.0134813 0.0157386 0.0118485 0.0302532 0.0203686 0.0142089 0.0176697 0.0115051 0.0156397 0.00961604 0.0277017 0.0217938 0.0100856 0.0326124 0.0074202 0.0093416 0.0261032 0.0301305 0.00971386 0.0198255 0.0154815 0.0284272 0.0259527 0.0192955 0.0290662 0.0199654 0.00756796 0.031178 0.0200499 0.00800253 0.0173306 0.0202394 
Throughputs: 1.26157 1.09773 1.31072 1.14688 1.14688 1.3271 1.24518 1.19603 1.47456 1.06496 1.42541 1.39264 1.3271 1.21242 0.933888 1.16326 1.08134 1.19603 1.03219 1.1305 1.3271 1.3271 1.04858 1.16326 1.06496 1.17965 0.933888 1.24518 0.950272 1.39264 1.14688 1.17965 1.06496 0.950272 1.2288 1.26157 1.34349 1.27795 1.34349 1.17965 
Utility: 4.56017 4.38606 4.85568 3.97389 4.42818 4.62666 4.17995 4.50677 4.69481 4.21458 4.79001 3.82935 4.17676 4.4465 3.9675 4.61619 4.23615 4.82333 3.61795 3.94879 4.87964 3.70606 4.95098 4.82451 3.70864 3.66743 4.5658 4.14007 4.1171 3.89161 3.78853 4.1131 3.60112 3.86275 5.08987 3.7004 4.2048 5.07326 4.35055 4.06534 

--------------------------------------
Time: 27.5092
Split Ratios: 1 1 1 0.008 0.017 0.975 1 1 1 1 1 1 1 0.042 0.958 1 1 1 1 1 1 1 0.138 0.862 1 1 1 1 1 0.991 0.009 1 0.147 0.853 1 1 0.975 0.025 1 1 1 1 1 1 1 0.079 0.921 1 
Delays: 0.0133878 0.0136213 0.00990463 0.0213361 0.0133965 0.0120215 0.0189764 0.0132419 0.0135563 0.0156307 0.0115582 0.0302621 0.0199851 0.0140707 0.0175447 0.011446 0.0153546 0.00950703 0.0270894 0.0220898 0.00980292 0.0324592 0.00738844 0.0093779 0.0250936 0.0294454 0.00966886 0.0192437 0.0156205 0.0274187 0.0254557 0.019085 0.0289124 0.019867 0.00764333 0.0309477 0.0199611 0.00763398 0.016156 0.0206466 
Throughputs: 1.01581 1.03219 1.08134 1.24518 0.884736 1.08134 0.999424 1.17965 1.11411 1.14688 1.26157 1.06496 1.08134 1.37626 0.933888 1.21242 1.2288 1.08134 1.08134 1.11411 0.851968 1.47456 0.917504 0.98304 0.868352 1.26157 0.90112 1.17965 1.11411 1.37626 1.09773 0.950272 0.884736 1.35987 1.04858 1.14688 1.16326 1.11411 1.14688 1.17965 
Utility: 4.3291 4.32781 4.69296 4.06664 4.19029 4.49927 3.96399 4.48959 4.40896 4.29557 4.69272 3.5608 3.99097 4.58303 3.9746 4.66273 4.38238 4.73393 3.68682 3.9207 4.46487 3.81613 4.82174 4.65229 3.54398 3.75757 4.53473 4.11579 4.26723 3.9159 3.76406 3.90785 3.42102 4.22608 4.92136 3.6125 4.0652 4.9832 4.26251 4.04542 

--------------------------------------
Time: 28.0094
Split Ratios: 1 1 1 0.008 0.017 0.975 1 1 1 1 1 1 1 0.042 0.958 1 1 1 1 1 1 1 0.138 0.862 1 1 1 1 1 0.991 0.009 1 0.147 0.853 1 1 0.975 0.025 1 1 1 1 1 1 1 0.079 0.921 1 
Delays: 0.013182 0.0139014 0.00984973 0.0214405 0.0136067 0.0123917 0.0192311 0.0132094 0.0133209 0.0152756 0.0116363 0.029879 0.0203887 0.0140335 0.017672 0.0114962 0.0154524 0.00962789 0.0273388 0.0219228 0.00995454 0.0322461 0.00738288 0.00932914 0.0256789 0.0297881 0.00962712 0.019584 0.0159592 0.0280646 0.026456 0.019226 0.0290213 0.0205259 0.00762915 0.0314968 0.0196579 0.00762416 0.0165504 0.0205793 
Throughputs: 0.999424 1.04858 0.933888 1.42541 0.999424 1.2288 1.09773 1.17965 1.01581 0.851968 1.31072 1.16326 1.08134 1.44179 1.21242 1.19603 1.08134 1.21242 1.21242 1.19603 0.999424 0.950272 0.884736 1.17965 1.06496 1.34349 1.17965 1.42541 1.1305 1.04858 1.27795 1.06496 1.14688 1.27795 1.2288 1.44179 0.933888 1.04858 1.21242 1.09773 
Utility: 4.32833 4.3232 4.55191 4.19693 4.29662 4.59676 4.04447 4.49204 4.33411 4.02129 4.7242 3.66183 3.97098 4.6322 4.22839 4.64474 4.24819 4.83571 3.79206 3.99924 4.60915 3.38335 4.78613 4.83983 3.72502 3.80891 4.80839 4.2875 4.26038 3.62068 3.87753 4.01443 3.67677 4.13133 5.08182 3.82376 3.86088 4.92387 4.29396 3.97671 

--------------------------------------
Time: 28.5094
Split Ratios: 1 1 1 0.008 0.017 0.975 1 1 1 1 1 1 1 0.042 0.958 1 1 1 1 1 1 1 0.138 0.862 1 1 1 1 1 0.991 0.009 1 0.147 0.853 1 1 0.975 0.025 1 1 1 1 1 1 1 0.079 0.921 1 
Delays: 0.0131442 0.0140141 0.00985985 0.0216987 0.0135721 0.0125787 0.0190822 0.0132057 0.0137476 0.0155828 0.0117088 0.0306335 0.0204667 0.0140149 0.0176655 0.0115615 0.0155744 0.00989828 0.0274131 0.0217144 0.00979259 0.0329998 0.00743492 0.00939507 0.0258896 0.0296631 0.00970415 0.0196707 0.0160773 0.0282159 0.0257262 0.0192418 0.029165 0.0200563 0.00766633 0.0313726 0.0198559 0.00763828 0.017081 0.0200766 
Throughputs: 1.3271 1.19603 1.03219 1.24518 1.26157 1.06496 1.5401 1.08134 1.5401 1.31072 1.27795 1.14688 1.09773 1.11411 0.835584 1.24518 1.11411 1.03219 1.03219 1.26157 1.01581 1.37626 1.34349 1.17965 0.933888 1.19603 0.90112 1.03219 1.19603 1.26157 1.26157 1.04858 1.09773 1.40902 1.19603 1.11411 1.09773 1.14688 1.35987 1.11411 
Utility: 4.61477 4.4467 4.65097 4.04979 4.5321 4.43869 4.39084 4.40531 4.71873 4.43217 4.69267 3.62271 3.9822 4.37569 3.85651 4.67936 4.27018 4.64708 3.62842 4.06214 4.64181 3.73062 5.19684 4.83279 3.58551 3.69686 4.53108 3.96031 4.30936 3.80022 3.8926 3.9981 3.62803 4.25211 5.04993 3.56988 4.0125 5.01163 4.37718 4.01626 

--------------------------------------
Time: 29.0094
Split Ratios: 1 1 1 0.008 0.017 0.975 1 1 1 1 1 1 1 0.042 0.958 1 1 1 1 1 1 1 0.138 0.862 1 1 1 1 1 0.991 0.009 1 0.147 0.853 1 1 0.975 0.025 1 1 1 1 1 1 1 0.079 0.921 1 
Delays: 0.0131966 0.0137412 0.00980292 0.0214887 0.0136964 0.0120513 0.0189644 0.0131978 0.0134484 0.0156057 0.0117957 0.0304875 0.0212264 0.0141811 0.0180615 0.0116831 0.0154278 0.00956516 0.0278949 0.0221204 0.010184 0.0326291 0.00743383 0.00929342 0.0255838 0.0305865 0.00963706 0.01933 0.0156293 0.0276612 0.0264146 0.0191753 0.0288839 0.0199901 0.0076441 0.0314986 0.0201715 0.00769396 0.0165622 0.0206027 
Throughputs: 1.04858 1.09773 1.03219 1.58925 1.17965 0.90112 1.1305 1.11411 1.08134 1.14688 1.26157 1.24518 1.06496 1.21242 1.04858 1.47456 1.1305 1.04858 1.21242 1.31072 1.39264 1.1305 1.11411 1.14688 0.999424 1.29434 1.14688 1.11411 1.26157 1.24518 1.17965 1.27795 1.08134 0.966656 0.917504 1.11411 1.27795 0.98304 1.08134 1.2288 
Utility: 4.37523 4.3806 4.65676 4.30349 4.45584 4.31446 4.08785 4.43576 4.3871 4.29717 4.67238 3.70972 3.91545 4.44846 4.0614 4.83797 4.29424 4.69706 3.77193 4.08183 4.91814 3.54521 5.00977 4.81549 3.66522 3.7452 4.77918 4.05415 4.39096 3.80701 3.79905 4.19939 3.62268 3.87861 4.78772 3.56587 4.14874 4.85021 4.17884 4.08837 

--------------------------------------
Time: 29.5095
Split Ratios: 1 1 1 0.008 0.017 0.975 1 1 1 1 1 1 1 0.042 0.958 1 1 1 1 1 1 1 0.138 0.862 1 1 1 1 1 0.991 0.009 1 0.147 0.853 1 1 0.975 0.025 1 1 1 1 1 1 1 0.079 0.921 1 
Delays: 0.0133014 0.0138804 0.0098569 0.0212682 0.013405 0.0131432 0.0188868 0.0131563 0.0136439 0.0155055 0.0114584 0.0300772 0.0204264 0.0139634 0.0174565 0.0114943 0.0154923 0.00959479 0.0276343 0.022032 0.0100132 0.0326426 0.00744014 0.00936553 0.0260785 0.0298998 0.00948909 0.0201796 0.0154058 0.0281386 0.0266097 0.0191144 0.0288734 0.0199507 0.00756835 0.0310501 0.0198209 0.00777534 0.0171045 0.0201578 
Throughputs: 1.17965 1.09773 1.09773 1.26157 1.26157 1.09773 1.17965 1.34349 1.24518 0.884736 1.11411 1.17965 0.786432 1.26157 1.03219 1.24518 1.24518 1.47456 1.17965 1.1305 1.04858 1.34349 1.11411 1.04858 1.06496 1.17965 0.917504 1.24518 1.29434 1.17965 1.04858 0.999424 1.14688 0.884736 0.966656 1.37626 1.08134 1.09773 1.39264 1.24518 
Utility: 4.4851 4.37052 4.71283 4.0829 4.54449 4.42509 4.13451 4.62613 4.51375 4.04409 4.57709 3.6692 3.65068 4.50367 4.07973 4.68519 4.3867 5.03489 3.75392 3.93792 4.65129 3.71741 5.00892 4.71815 3.70958 3.67512 4.57151 4.12237 4.43101 3.73583 3.67391 3.95674 3.68188 3.79202 4.84987 3.79152 3.99922 4.95004 4.39961 4.12345 

--------------------------------------
Time: 30.0098
Split Ratios: 1 1 1 0.008 0.017 0.975 1 1 1 1 1 1 1 0.042 0.958 1 1 1 1 1 1 1 0.138 0.862 1 1 1 1 1 0.991 0.009 1 0.147 0.853 1 1 0.975 0.025 1 1 1 1 1 1 1 0.079 0.921 1 
Delays: 0.0132169 0.0137989 0.00999537 0.0213241 0.0134018 0.0121556 0.0191427 0.0132806 0.0134652 0.0156193 0.0117337 0.0301757 0.0204409 0.0143624 0.0178338 0.0114825 0.0152872 0.00969204 0.0276981 0.0226178 0.0105129 0.0326559 0.00740755 0.0093226 0.0255166 0.0305982 0.0097245 0.0190116 0.0156451 0.0279099 0.0254956 0.0192609 0.0290735 0.0199691 0.00764592 0.0316081 0.019975 0.00761277 0.0161726 0.0203893 
Throughputs: 1.14688 0.966656 1.16326 1.29434 1.35987 1.11411 1.31072 1.01581 1.49094 1.35987 1.2288 1.21242 0.90112 1.31072 0.917504 1.2288 0.999424 1.45818 1.11411 1.34349 1.01581 1.2288 1.2288 0.933888 0.98304 1.1305 1.06496 1.11411 1.1305 1.17965 1.09773 1.35987 0.999424 1.29434 1.34349 1.17965 1.04858 0.999424 1.03219 1.35987 
Utility: 4.46331 4.24925 4.75686 4.10591 4.61976 4.51802 4.22641 4.33714 4.70705 4.46664 4.65133 3.69333 3.7861 4.51372 3.94056 4.67297 4.18017 5.01364 3.69445 4.08429 4.57084 3.62777 5.11129 4.60691 3.65132 3.60947 4.69604 4.07076 4.28025 3.74399 3.76249 4.25707 3.53735 4.17157 5.16885 3.61956 3.96071 4.87735 4.15612 4.20013 

--------------------------------------
Time: 30.5098
Split Ratios: 1 1 1 0.008 0.017 0.975 1 1 1 1 1 1 1 0.042 0.958 1 1 1 1 1 1 1 0.138 0.862 1 1 1 1 1 0.991 0.009 1 0.147 0.853 1 1 0.975 0.025 1 1 1 1 1 1 1 0.079 0.921 1 
Delays: 0.0132201 0.013838 0.00986672 0.0212564 0.0137668 0.0125647 0.0190675 0.0132362 0.0134145 0.0157692 0.0117162 0.0294937 0.0204032 0.0140838 0.0177842 0.0115424 0.0157525 0.00959081 0.027592 0.0220079 0.00995295 0.0324636 0.00744297 0.0094101 0.0259843 0.0301482 0.00950465 0.0193699 0.0157385 0.0280153 0.0263137 0.0191712 0.0290316 0.020039 0.00756414 0.0313768 0.0203623 0.0079831 0.0165372 0.0208291 
Throughputs: 1.14688 1.24518 0.966656 1.31072 1.1305 1.09773 1.31072 1.27795 1.19603 1.04858 1.09773 1.29434 1.16326 1.06496 1.03219 1.06496 0.966656 1.2288 1.21242 1.16326 1.31072 1.16326 1.08134 1.08134 1.04858 1.14688 0.98304 0.950272 1.03219 1.34349 1.39264 1.21242 1.34349 1.17965 1.08134 1.06496 1.19603 1.1305 1.26157 1.1305 
Utility: 4.46306 4.49962 4.58468 4.12167 4.40815 4.47011 4.23034 4.57006 4.49043 4.19713 4.54003 3.78158 4.0433 4.32567 4.06113 4.52467 4.11684 4.85299 3.78285 3.96758 4.88046 3.57887 4.97869 4.74418 3.6977 3.63868 4.63887 3.89303 4.18333 3.87027 3.96887 4.14696 3.83464 4.07529 4.96254 3.52462 4.07308 4.95309 4.3345 3.99406 

--------------------------------------
Time: 31.0099
Split Ratios: 1 1 1 0.008 0.017 0.975 1 1 1 1 1 1 1 0.042 0.958 1 1 1 1 1 1 1 0.138 0.862 1 1 1 1 1 0.991 0.009 1 0.147 0.853 1 1 0.975 0.025 1 1 1 1 1 1 1 0.079 0.921 1 
Delays: 0.0133549 0.0139507 0.00977587 0.0209164 0.0134781 0.0121107 0.019028 0.0133072 0.0133124 0.015643 0.011435 0.0303859 0.0201866 0.0140341 0.0176373 0.0117146 0.015566 0.00947242 0.0280411 0.0218881 0.0100735 0.032349 0.00739338 0.009358 0.025296 0.0303296 0.00968447 0.0193368 0.0157959 0.0275191 0.0257905 0.0192303 0.0287098 0.0195867 0.00755757 0.0308115 0.0200094 0.00761785 0.0159896 0.0202508 
Throughputs: 0.966656 1.2288 1.08134 1.11411 1.31072 1.14688 1.31072 1.24518 1.24518 0.966656 1.11411 1.27795 0.950272 1.44179 0.884736 1.19603 1.1305 1.04858 1.26157 1.17965 1.11411 1.01581 0.98304 1.21242 0.950272 1.34349 0.966656 1.06496 1.21242 1.06496 1.16326 0.999424 1.1305 1.14688 1.31072 0.868352 1.24518 1.08134 0.98304 1.08134 
Utility: 4.28196 4.47826 4.70604 3.97528 4.57726 4.55071 4.23242 4.53874 4.53834 4.12382 4.57914 3.73903 3.85173 4.63215 3.91527 4.62593 4.28532 4.7068 3.80644 3.98703 4.7059 3.44686 4.89006 4.86414 3.6261 3.7909 4.60332 4.00868 4.34062 3.65581 3.80898 3.95069 3.67317 4.06995 5.15578 3.33871 4.13084 4.95547 4.11871 3.97776 

--------------------------------------
Time: 31.5101
Split Ratios: 1 1 1 0.008 0.017 0.975 1 1 1 1 1 1 1 0.042 0.958 1 1 1 1 1 1 1 0.138 0.862 1 1 1 1 1 0.991 0.009 1 0.147 0.853 1 1 0.975 0.025 1 1 1 1 1 1 1 0.079 0.921 1 
Delays: 0.0132645 0.0137091 0.00990007 0.0221101 0.0136317 0.0125759 0.0188589 0.0132812 0.0134657 0.015599 0.0117557 0.0302848 0.0205386 0.0141978 0.0182849 0.0116273 0.0153734 0.00955322 0.0278386 0.0219455 0.010046 0.0325091 0.00745697 0.00934006 0.0263193 0.0298982 0.00974431 0.0198008 0.0153873 0.0283184 0.0267027 0.0191905 0.0292459 0.0204438 0.00756793 0.0309568 0.0200578 0.00773221 0.0171995 0.0199852 
Throughputs: 1.14688 1.16326 1.35987 1.39264 1.11411 1.17965 1.09773 1.21242 1.16326 1.16326 1.14688 1.39264 0.98304 1.08134 1.17965 1.31072 1.16326 0.933888 1.14688 1.08134 1.17965 1.1305 1.16326 1.17965 1.11411 1.44179 1.08134 1.24518 1.03219 1.1305 1.40902 1.08134 1.11411 1.27795 0.966656 1.14688 1.31072 1.03219 1.24518 1.27795 
Utility: 4.45971 4.44092 4.9226 4.14292 4.40342 4.54119 4.06401 4.51402 4.45884 4.31178 4.58046 3.82831 3.86834 4.33287 4.1669 4.72498 4.32635 4.58248 3.71838 3.8974 4.7658 3.54889 5.04984 4.83866 3.74551 3.87584 4.70928 4.14132 4.2059 3.6869 3.96589 4.03155 3.64007 4.13534 4.84992 3.61221 4.17971 4.89405 4.28216 4.15802 

--------------------------------------
Time: 32.0103
Split Ratios: 1 1 1 0.008 0.017 0.975 1 1 1 1 1 1 1 0.042 0.958 1 1 1 1 1 1 1 0.138 0.862 1 1 1 1 1 0.991 0.009 1 0.147 0.853 1 1 0.975 0.025 1 1 1 1 1 1 1 0.079 0.921 1 
Delays: 0.013364 0.0137487 0.0101092 0.0215413 0.0135072 0.0121109 0.0191143 0.0131883 0.0134622 0.0156026 0.0117229 0.0298219 0.0206202 0.0139292 0.0178954 0.0114581 0.0154471 0.00956522 0.0273028 0.0225597 0.0100005 0.0325395 0.00741038 0.00938219 0.0251133 0.0305491 0.00962852 0.0187719 0.0159666 0.0279319 0.0257705 0.0192879 0.0289858 0.0200386 0.00765931 0.0316748 0.0202897 0.007767 0.0163985 0.0203932 
Throughputs: 1.1305 1.09773 0.98304 1.35987 1.29434 0.999424 1.37626 1.04858 0.98304 1.09773 1.19603 1.3271 0.917504 1.19603 1.03219 1.06496 1.29434 0.98304 0.884736 1.11411 0.966656 1.21242 0.786432 1.08134 0.90112 1.44179 1.09773 0.98304 1.31072 1.26157 1.17965 1.04858 1.35987 1.40902 1.03219 1.17965 1.03219 1.19603 1.08134 1.14688 
Utility: 4.43785 4.38005 4.57721 4.14518 4.56253 4.41308 4.27668 4.37586 4.29076 4.25356 4.62522 3.79551 3.79539 4.45278 4.05489 4.532 4.42833 4.63252 3.4783 3.89965 4.57121 3.61792 4.66462 4.74715 3.58024 3.85431 4.73627 3.95829 4.40783 3.81034 3.82374 3.99571 3.84834 4.25299 4.90352 3.61745 3.92933 5.03688 4.18877 4.0296 

--------------------------------------
Time: 32.5104
Split Ratios: 1 1 1 0.008 0.017 0.975 1 1 1 1 1 1 1 0.042 0.958 1 1 1 1 1 1 1 0.138 0.862 1 1 1 1 1 0.991 0.009 1 0.147 0.853 1 1 0.975 0.025 1 1 1 1 1 1 1 0.079 0.921 1 
Delays: 0.0132808 0.0136451 0.00986043 0.0214815 0.0136482 0.0123705 0.0189054 0.0134039 0.0135262 0.0154774 0.0116807 0.0305331 0.0201723 0.0139098 0.017481 0.0114789 0.0153833 0.00973821 0.0273749 0.0217811 0.00974994 0.0327321 0.00742006 0.00936625 0.0253353 0.0296189 0.00967479 0.0192214 0.0152404 0.0273124 0.0256846 0.019274 0.0288713 0.0195598 0.00764773 0.030929 0.0196481 0.00761723 0.0165388 0.019987 
Throughputs: 1.17965 1.19603 0.950272 1.50733 1.17965 0.73728 0.98304 1.14688 1.1305 1.27795 1.11411 1.67117 0.835584 1.1305 0.933888 1.09773 1.2288 1.08134 0.835584 1.26157 1.21242 1.31072 1.04858 1.2288 1.09773 1.21242 1.26157 1.16326 0.98304 1.01581 1.11411 1.37626 1.16326 1.19603 1.16326 1.03219 1.06496 0.90112 0.8192 1.17965 
Utility: 4.48666 4.47338 4.56822 4.2509 4.45936 4.08766 3.9512 4.44925 4.42578 4.41364 4.55787 4.00247 3.72382 4.39782 3.97824 4.56049 4.38051 4.7099 3.41851 4.05907 4.82311 3.68998 4.951 4.87668 3.7688 3.71196 4.87059 4.10296 4.1667 3.6161 3.76992 4.26837 3.69614 4.11329 5.02458 3.50774 3.99271 4.77323 3.90262 4.07789 

--------------------------------------
Time: 33.0105
Split Ratios: 1 1 1 0.008 0.017 0.975 1 1 1 1 1 1 1 0.042 0.958 1 1 1 1 1 1 1 0.138 0.862 1 1 1 1 1 0.991 0.009 1 0.147 0.853 1 1 0.975 0.025 1 1 1 1 1 1 1 0.079 0.921 1 
Delays: 0.0131854 0.0139606 0.00978332 0.0214116 0.013596 0.0122868 0.0188684 0.013094 0.0134516 0.0155842 0.0115542 0.0302847 0.0207208 0.0143205 0.0174828 0.0115851 0.0155952 0.00951685 0.0276231 0.0218 0.00992937 0.0325351 0.00743167 0.00931957 0.0255287 0.0299133 0.00957332 0.0198199 0.0155624 0.0273805 0.0258803 0.0191672 0.0286913 0.0199257 0.00755159 0.0308948 0.0203055 0.00772339 0.0164131 0.0205262 
Throughputs: 1.35987 1.26157 0.90112 1.14688 0.966656 1.14688 0.868352 1.01581 1.1305 0.950272 1.26157 1.11411 1.08134 1.2288 1.39264 0.868352 1.06496 1.3271 1.14688 1.35987 1.01581 1.19603 1.04858 0.933888 0.933888 1.1305 0.950272 1.08134 1.21242 1.24518 1.01581 0.851968 0.999424 1.55648 0.917504 1.04858 1.17965 1.09773 1.06496 1.04858 
Utility: 4.63603 4.50387 4.52296 3.98087 4.26407 4.53627 3.82911 4.35129 4.43132 4.11049 4.69306 3.60517 3.95482 4.4521 4.37774 4.31688 4.22373 4.93769 3.72615 4.13324 4.62794 3.60444 4.94944 4.60724 3.59955 3.63211 4.59777 3.99927 4.35551 3.81721 3.66996 3.79435 3.55059 4.35817 4.7999 3.5246 4.06208 4.95674 4.17261 3.93348 

--------------------------------------
Time: 33.5108
Split Ratios: 1 1 1 0.008 0.017 0.975 1 1 1 1 1 1 1 0.042 0.958 1 1 1 1 1 1 1 0.138 0.862 1 1 1 1 1 0.991 0.009 1 0.147 0.853 1 1 0.975 0.025 1 1 1 1 1 1 1 0.079 0.921 1 
Delays: 0.0131588 0.0138696 0.0100112 0.0210939 0.0135167 0.0125702 0.0192468 0.0133158 0.0134326 0.015386 0.0118039 0.0300469 0.0206461 0.0140049 0.0175007 0.011556 0.0155263 0.00959907 0.0274605 0.0220879 0.0100109 0.0323642 0.00740194 0.00946562 0.0261865 0.0300358 0.0098287 0.0199769 0.0155577 0.028131 0.0261869 0.0193826 0.0287816 0.0200381 0.00755386 0.0310893 0.020009 0.00780191 0.0169235 0.0198867 
Throughputs: 1.24518 1.3271 1.31072 1.19603 1.45818 1.24518 1.47456 1.11411 1.2288 0.933888 0.933888 1.04858 1.03219 1.31072 0.720896 1.34349 1.1305 1.26157 1.27795 1.39264 1.14688 1.27795 1.14688 1.29434 1.17965 1.26157 1.27795 1.24518 1.11411 0.999424 1.14688 1.35987 1.1305 1.24518 1.2288 1.08134 1.1305 1.19603 1.17965 0.999424 
Utility: 4.54995 4.56105 4.87463 4.03778 4.68101 4.59571 4.33877 4.42686 4.51611 4.1059 4.37093 3.55243 3.91191 4.53893 3.71825 4.75582 4.28788 4.87844 3.84027 4.14392 4.74113 3.67596 5.04306 4.91809 3.80773 3.73772 4.86771 4.13246 4.27126 3.57031 3.77954 4.25077 3.67068 4.1294 5.09173 3.54909 4.03423 5.0324 4.24427 3.91713 

--------------------------------------
Time: 34.0108
Split Ratios: 1 1 1 0.008 0.017 0.975 1 1 1 1 1 1 1 0.042 0.958 1 1 1 1 1 1 1 0.138 0.862 1 1 1 1 1 0.991 0.009 1 0.147 0.853 1 1 0.975 0.025 1 1 1 1 1 1 1 0.079 0.921 1 
Delays: 0.0132873 0.013761 0.0100684 0.0212237 0.0136142 0.0119512 0.0190039 0.0132382 0.0136012 0.015592 0.011842 0.0300691 0.0204633 0.014242 0.0178849 0.0116094 0.0153196 0.00959268 0.0271811 0.0222043 0.00984216 0.0328574 0.0074128 0.00932348 0.0252291 0.0301884 0.00972746 0.0193474 0.0157623 0.0276207 0.0259805 0.0192035 0.0287974 0.01973 0.00754677 0.0313864 0.0202775 0.00754648 0.0164989 0.0201065 
Throughputs: 1.11411 1.3271 1.27795 1.11411 1.45818 1.03219 1.08134 1.27795 1.27795 0.966656 1.03219 1.31072 1.11411 1.60563 1.2288 1.31072 1.09773 1.08134 0.933888 1.37626 1.01581 1.21242 1.24518 1.19603 1.17965 1.19603 1.17965 1.09773 1.39264 1.26157 1.3271 0.98304 1.06496 1.1305 0.98304 1.21242 1.09773 0.851968 1.17965 1.24518 
Utility: 4.429 4.56892 4.84361 3.9607 4.67383 4.45861 4.04131 4.5699 4.54286 4.12708 4.46778 3.77483 3.99718 4.72508 4.22984 4.72652 4.27187 4.72496 3.53684 4.12684 4.63676 3.60819 5.12383 4.85423 3.84497 3.67931 4.79802 4.03844 4.48133 3.82154 3.93341 3.93556 3.61041 4.04827 4.86953 3.654 3.99149 4.72647 4.26968 4.12599 

--------------------------------------
Time: 34.5111
Split Ratios: 1 1 1 0.008 0.017 0.975 1 1 1 1 1 1 1 0.042 0.958 1 1 1 1 1 1 1 0.138 0.862 1 1 1 1 1 0.991 0.009 1 0.147 0.853 1 1 0.975 0.025 1 1 1 1 1 1 1 0.079 0.921 1 
Delays: 0.0133269 0.0136713 0.0100994 0.0212085 0.0134545 0.0121948 0.0190264 0.0132067 0.0133451 0.0155854 0.0116294 0.0300329 0.0206922 0.014411 0.0176801 0.0116015 0.0157216 0.00952406 0.0278001 0.0222303 0.0101135 0.0325798 0.00743449 0.00933922 0.0255639 0.030353 0.00972465 0.0194254 0.0156067 0.0276461 0.025512 0.019286 0.0287362 0.0198961 0.0075795 0.0311049 0.0203038 0.00779263 0.0160215 0.0204973 
Throughputs: 1.11411 1.06496 1.01581 1.19603 1.27795 1.3271 1.11411 1.1305 1.17965 0.917504 1.04858 1.24518 1.29434 1.50733 0.999424 1.21242 1.16326 0.999424 1.08134 1.19603 1.11411 1.39264 0.90112 1.03219 1.04858 1.19603 1.17965 1.17965 1.16326 1.16326 1.08134 1.11411 1.24518 0.933888 0.950272 1.19603 1.19603 1.35987 1.03219 1.39264 
Utility: 4.42603 4.3554 4.61097 4.03236 4.5537 4.68974 4.06999 4.44968 4.48182 4.07532 4.50165 3.72474 4.136 4.6501 4.03474 4.64924 4.30395 4.65336 3.66092 3.98531 4.70194 3.75526 4.79751 4.70522 3.71401 3.67387 4.79831 4.10639 4.31128 3.7395 3.74681 4.05643 3.76888 3.84883 4.8313 3.6494 4.07596 5.16197 4.16551 4.21866 

--------------------------------------
Time: 35.0111
Split Ratios: 1 1 1 0.008 0.017 0.975 1 1 1 1 1 1 1 0.042 0.958 1 1 1 1 1 1 1 0.138 0.862 1 1 1 1 1 0.991 0.009 1 0.147 0.853 1 1 0.975 0.025 1 1 1 1 1 1 1 0.079 0.921 1 
Delays: 0.0132656 0.0139422 0.0100261 0.0216275 0.0138617 0.0128118 0.0190066 0.0131838 0.0137182 0.015772 0.0117867 0.0304039 0.0206313 0.0141964 0.0181601 0.0115354 0.0154157 0.00961703 0.0279056 0.0220658 0.010085 0.0326451 0.00741752 0.00934787 0.0263105 0.029932 0.00969313 0.0199239 0.0156518 0.0283665 0.0267308 0.019072 0.0289069 0.0198225 0.00757717 0.0309919 0.0198827 0.00767057 0.017306 0.0201803 
Throughputs: 1.09773 1.1305 1.11411 0.966656 1.42541 1.11411 1.17965 1.11411 1.09773 1.09773 1.21242 1.37626 1.11411 1.45818 1.01581 1.44179 1.14688 1.21242 1.03219 0.999424 1.34349 1.27795 0.720896 1.09773 1.2288 1.19603 0.999424 1.11411 1.14688 1.27795 1.55648 0.917504 1.08134 1.24518 1.09773 1.26157 1.35987 1.1305 1.27795 1.08134 
Utility: 4.41582 4.39549 4.71062 3.79988 4.63308 4.46545 4.12818 4.43682 4.38227 4.24276 4.63339 3.81255 3.989 4.63195 4.02421 4.82822 4.30941 4.83683 3.61061 3.81315 4.89198 3.66732 4.57665 4.76585 3.84383 3.68784 4.63576 4.02389 4.29422 3.8078 4.06437 3.87343 3.62188 4.14022 4.97586 3.70638 4.2253 4.99302 4.30196 3.98126 

--------------------------------------
Time: 35.5113
Split Ratios: 1 1 1 0.008 0.017 0.975 1 1 1 1 1 1 1 0.042 0.958 1 1 1 1 1 1 1 0.138 0.862 1 1 1 1 1 0.991 0.009 1 0.147 0.853 1 1 0.975 0.025 1 1 1 1 1 1 1 0.079 0.921 1 
Delays: 0.0131958 0.0140094 0.0097075 0.0211811 0.0135254 0.0124393 0.0190618 0.0132197 0.0134397 0.0153314 0.0119591 0.0299422 0.0205427 0.013853 0.0175422 0.0115652 0.0154332 0.00952846 0.02707 0.0223172 0.0100691 0.0323046 0.00741804 0.00936899 0.0253592 0.0298382 0.0096669 0.0196687 0.0156777 0.0278605 0.0257696 0.0191688 0.0288413 0.0200294 0.00767892 0.0317952 0.02019 0.00770359 0.0162209 0.0201057 
Throughputs: 1.1305 1.04858 1.2288 1.19603 1.31072 1.19603 1.01581 1.06496 1.29434 1.16326 1.16326 1.14688 0.917504 1.2288 1.04858 1.09773 1.24518 1.26157 1.21242 1.44179 0.999424 1.06496 1.14688 0.98304 1.01581 1.29434 1.16326 1.29434 1.21242 1.21242 1.16326 1.08134 0.933888 1.3271 1.14688 1.09773 1.24518 0.884736 1.19603 1.11411 
Utility: 4.45051 4.31546 4.84089 4.03366 4.57376 4.5659 3.97575 4.38899 4.56754 4.32908 4.57749 3.64553 3.79915 4.48529 4.09058 4.553 4.39051 4.88583 3.80195 4.16829 4.59771 3.49548 5.04089 4.65324 3.6903 3.76996 4.79028 4.18673 4.34813 3.77316 3.80979 4.03267 3.47755 4.19355 5.00632 3.54168 4.12185 4.7436 4.30046 4.01481 

--------------------------------------
Time: 36.0116
Split Ratios: 1 1 1 0.008 0.017 0.975 1 1 1 1 1 1 1 0.042 0.958 1 1 1 1 1 1 1 0.138 0.862 1 1 1 1 1 0.991 0.009 1 0.147 0.853 1 1 0.975 0.025 1 1 1 1 1 1 1 0.079 0.921 1 
Delays: 0.0132619 0.0138642 0.00988504 0.0213728 0.0136015 0.0125562 0.0190122 0.0132686 0.0134405 0.0156248 0.0118184 0.0300937 0.0201361 0.014333 0.0175864 0.0116267 0.0154067 0.00954497 0.0276536 0.0219165 0.00999411 0.0323853 0.00745835 0.00940574 0.0266354 0.0300042 0.009824 0.0194033 0.0154811 0.028024 0.0258043 0.0192085 0.0289255 0.0198982 0.00758519 0.0311624 0.0203376 0.00771834 0.0167164 0.0204607 
Throughputs: 1.27795 1.21242 0.999424 1.04858 1.27795 1.08134 1.35987 1.2288 1.21242 1.04858 1.17965 1.27795 1.06496 1.58925 0.8192 1.21242 1.09773 1.01581 1.08134 1.16326 1.01581 1.11411 1.08134 1.29434 1.06496 1.17965 1.11411 1.42541 1.17965 1.09773 1.34349 1.40902 1.17965 1.11411 1.26157 1.34349 1.11411 1.03219 1.26157 1.21242 
Utility: 4.56812 4.47106 4.61616 3.89307 4.54284 4.45575 4.27007 4.5284 4.5021 4.20633 4.60332 3.7487 3.96818 4.70845 3.8412 4.64706 4.2662 4.66742 3.66621 3.97175 4.62144 3.53811 4.97663 4.92443 3.68845 3.67163 4.73098 4.29677 4.33335 3.66794 3.95248 4.2953 3.70825 4.02518 5.11391 3.76381 4.00334 4.89584 4.32372 4.08186 

