--------------------------------------
Time: 5.50006
Split Ratios: 0.5 0.5 1 1 1 1 1 1 1 1 1 1 0.5 0.5 1 0.333333 0.333333 0.333333 0.5 0.5 1 1 1 1 0.333333 0.333333 0.333333 1 1 1 1 0.5 0.5 1 1 1 1 1 
Delays: 0.0243114 0.007596 0.00741392 0.0111743 0.0152984 0.0169352 0.0112256 0.015191 0.0112052 0.0315175 0.0297623 0.011399 0.00930649 0.0208286 0.0195964 0.0243924 0.0130652 0.0094629 0.0169608 0.0205801 0.0094919 0.00928746 0.00741463 0.00555699 0.0195152 0.0224412 0.0205359 0.0167845 0.0204511 0.00743735 
Throughputs: 0.704512 0.73728 0.8192 0.606208 0.704512 0.73728 0.622592 0.720896 0.786432 0.917504 0.704512 0.65536 0.90112 0.966656 0.917504 0.786432 0.704512 0.884736 0.802816 0.688128 0.73728 0.622592 0.524288 0.8192 0.458752 0.49152 0.73728 0.65536 0.704512 0.917504 
Utility: 3.36656 4.57535 4.70497 3.99361 3.82976 3.77357 4.0157 3.85979 4.25113 3.37111 3.16426 4.05166 4.57293 3.83752 3.84631 3.47324 3.98755 4.53791 3.85722 3.50965 4.35253 4.20523 4.25859 4.99327 3.15731 3.0866 3.58079 3.66473 3.53947 4.81514 

--------------------------------------
Time: 6.0001
Split Ratios: 0.662 0.338 1 1 1 1 1 1 1 1 1 1 0.433 0.567 1 0.298 0.298 0.404 0.675 0.325 1 1 1 1 0.013 0.371 0.617 1 1 1 1 0.889 0.111 1 1 1 1 1 
Delays: 0.0243829 0.00749501 0.0074317 0.0112493 0.0149197 0.0169027 0.0111957 0.0148975 0.0112379 0.0316515 0.0300406 0.0111646 0.00925483 0.0215992 0.0192758 0.0246175 0.013091 0.00944572 0.0169819 0.0191943 0.00939147 0.00935293 0.00741389 0.00554483 0.023555 0.0226534 0.0205499 0.0168108 0.020376 0.0074127 
Throughputs: 0.671744 0.57344 0.851968 0.540672 0.589824 0.884736 0.65536 0.557056 0.720896 0.835584 0.688128 0.688128 0.802816 0.884736 0.851968 0.835584 0.999424 0.868352 0.720896 0.884736 0.704512 0.507904 0.589824 0.851968 0.622592 0.671744 0.622592 0.557056 0.73728 0.90112 
Utility: 3.316 4.33742 4.74179 3.8725 3.67714 3.95782 4.06966 3.62147 4.1612 3.27334 3.13143 4.12123 4.46298 3.71263 3.7887 3.52467 4.33526 4.52104 3.74835 3.83067 4.3177 3.9946 4.37647 5.03468 3.27456 3.38957 3.41104 3.50065 3.58861 4.80044 

--------------------------------------
Time: 6.50051
Split Ratios: 0.662 0.338 1 1 1 1 1 1 1 1 1 1 0.433 0.567 1 0.298 0.298 0.404 0.675 0.325 1 1 1 1 0.013 0.371 0.617 1 1 1 1 0.889 0.111 1 1 1 1 1 
Delays: 0.0244538 0.00755633 0.00740003 0.0112068 0.0150619 0.0168991 0.0111646 0.0150791 0.0112449 0.0317372 0.0298723 0.0116399 0.00931872 0.0202588 0.0195473 0.0244595 0.0129813 0.00954616 0.0169526 0.0186277 0.0095135 0.00935562 0.00745466 0.00555411 0.0230596 0.0224221 0.0207536 0.0169115 0.0204368 0.00741185 
Throughputs: 0.851968 0.507904 0.90112 0.507904 0.720896 0.851968 0.671744 0.73728 0.638976 1.04858 0.720896 0.704512 0.868352 0.917504 0.753664 0.507904 0.638976 0.90112 0.8192 0.770048 0.851968 0.65536 0.851968 0.835584 0.802816 0.606208 0.851968 0.786432 0.786432 0.671744 
Utility: 3.55076 4.20791 4.80215 3.81377 3.86833 3.92029 4.09713 3.88966 4.03995 3.4977 3.18356 4.10307 4.53457 3.81307 3.65211 3.03327 3.89636 4.5475 3.87791 3.7218 4.49484 4.24921 4.73871 5.01359 3.55005 3.29718 3.71483 3.83951 3.65017 4.5068 

--------------------------------------
Time: 7.00055
Split Ratios: 0.662 0.338 1 1 1 1 1 1 1 1 1 1 0.433 0.567 1 0.298 0.298 0.404 0.675 0.325 1 1 1 1 0.013 0.371 0.617 1 1 1 1 0.889 0.111 1 1 1 1 1 
Delays: 0.0243667 0.00741588 0.0074231 0.0111589 0.0150829 0.0167796 0.0112031 0.0149938 0.0111659 0.0315463 0.0298854 0.0114455 0.00938794 0.0195444 0.0194217 0.0244627 0.0130521 0.00947729 0.0167781 0.0194839 0.00940768 0.00933707 0.00743909 0.00555204 0.025779 0.0225258 0.0206079 0.0167171 0.0204542 0.00738 
Throughputs: 0.786432 0.802816 0.851968 0.73728 0.720896 0.65536 0.57344 0.720896 0.851968 0.933888 0.770048 0.753664 0.720896 0.770048 0.638976 0.540672 0.73728 0.770048 0.90112 1.01581 0.73728 0.57344 0.868352 0.802816 0.524288 0.720896 0.638976 0.73728 0.507904 0.688128 
Utility: 3.47429 4.6845 4.74295 4.19073 3.86693 3.66502 3.93546 3.87286 4.33468 3.3879 3.24908 4.18735 4.34107 3.67376 3.49348 3.09566 4.03402 4.39755 3.98357 3.95385 4.36144 4.11766 4.75985 4.97396 3.01248 3.46583 3.43419 3.78654 3.2121 4.5352 

--------------------------------------
Time: 7.50082
Split Ratios: 0.662 0.338 1 1 1 1 1 1 1 1 1 1 0.433 0.567 1 0.298 0.298 0.404 0.675 0.325 1 1 1 1 0.013 0.371 0.617 1 1 1 1 0.889 0.111 1 1 1 1 1 
Delays: 0.0247002 0.00745375 0.00742239 0.0112321 0.0149526 0.0169423 0.0112159 0.0149013 0.0112663 0.0315314 0.0297157 0.0112917 0.00932123 0.0207698 0.0193987 0.0245851 0.0130583 0.00942933 0.0167812 0.0196096 0.00955247 0.00930624 0.00742069 0.00556278 0.0243989 0.0226294 0.0206612 0.0167624 0.0204844 0.00739781 
Throughputs: 0.753664 0.753664 0.835584 0.671744 0.557056 0.802816 0.622592 0.671744 0.753664 0.786432 0.65536 0.8192 1.01581 0.73728 0.770048 0.73728 0.688128 0.835584 0.720896 0.933888 0.835584 0.507904 0.884736 0.835584 0.622592 0.8192 1.1305 0.524288 0.770048 0.606208 
Utility: 3.41813 4.61623 4.72363 4.0911 3.61778 3.85831 4.01656 3.80843 4.20313 3.21652 3.09351 4.28426 4.69115 3.56947 3.68125 3.40083 3.96455 4.48431 3.76024 3.86334 4.47133 3.99961 4.78102 5.01203 3.23935 3.58908 4.00216 3.4429 3.62679 4.40604 

--------------------------------------
Time: 8.00106
Split Ratios: 0.662 0.338 1 1 1 1 1 1 1 1 1 1 0.433 0.567 1 0.298 0.298 0.404 0.675 0.325 1 1 1 1 0.013 0.371 0.617 1 1 1 1 0.889 0.111 1 1 1 1 1 
Delays: 0.0243844 0.00749337 0.00741027 0.0112203 0.0148891 0.0169473 0.0111483 0.0149634 0.0111866 0.0315843 0.0297457 0.0117279 0.00935705 0.0197531 0.0193118 0.0244807 0.0130846 0.00946284 0.0169991 0.019713 0.00968174 0.00937958 0.0074257 0.00556992 0.0248787 0.0226213 0.0205431 0.0168511 0.0206473 0.00739234 
Throughputs: 0.65536 0.638976 0.884736 0.770048 0.458752 0.802816 0.458752 0.704512 0.688128 0.73728 0.557056 0.753664 0.868352 0.638976 0.98304 0.770048 0.638976 0.688128 0.704512 0.802816 0.917504 0.73728 0.770048 0.688128 0.851968 0.704512 0.851968 0.638976 0.851968 0.770048 
Utility: 3.29124 4.44585 4.78242 4.22873 3.42788 3.85802 3.71722 3.8519 4.11925 3.15031 2.92998 4.16298 4.53047 3.47656 3.92993 3.44857 3.88843 4.2866 3.72435 3.70685 4.55142 4.36443 4.64151 4.81659 3.53354 3.43862 3.72502 3.63545 3.71997 4.64601 

--------------------------------------
Time: 8.50144
Split Ratios: 0.662 0.338 1 1 1 1 1 1 1 1 1 1 0.433 0.567 1 0.298 0.298 0.404 0.675 0.325 1 1 1 1 0.013 0.371 0.617 1 1 1 1 0.889 0.111 1 1 1 1 1 
Delays: 0.0243637 0.00738692 0.00740916 0.0111188 0.014982 0.0167821 0.0112039 0.0151664 0.0111939 0.0315731 0.0298563 0.0110023 0.00925548 0.0212821 0.0196266 0.0244976 0.013041 0.00942367 0.0168415 0.0193651 0.0094253 0.0093632 0.00744791 0.00553975 0.0245331 0.0225178 0.0206515 0.0168223 0.0204274 0.00739704 
Throughputs: 0.835584 0.475136 0.753664 0.524288 0.475136 0.638976 0.540672 0.73728 0.671744 0.917504 0.606208 0.638976 0.802816 0.73728 0.786432 0.753664 0.835584 0.704512 0.835584 0.868352 0.868352 0.622592 0.884736 0.802816 0.57344 0.884736 0.884736 0.622592 0.606208 0.638976 
Utility: 3.53504 4.16389 4.62223 3.85341 3.45675 3.63955 3.87655 3.88389 4.09451 3.36935 3.01083 4.06176 4.46291 3.5451 3.69062 3.42637 4.16003 4.31428 3.90428 3.80312 4.5232 4.1971 4.77736 4.97618 3.15163 3.67098 3.7575 3.61119 3.39034 4.45879 

--------------------------------------
Time: 9.00146
Split Ratios: 0.662 0.338 1 1 1 1 1 1 1 1 1 1 0.433 0.567 1 0.298 0.298 0.404 0.675 0.325 1 1 1 1 0.013 0.371 0.617 1 1 1 1 0.889 0.111 1 1 1 1 1 
Delays: 0.0242891 0.00748267 0.0073829 0.0112276 0.0149929 0.0168518 0.0111962 0.0148718 0.0112376 0.0315618 0.0296643 0.011619 0.00925785 0.0204948 0.0193979 0.0244179 0.0130382 0.00935638 0.0168936 0.0184751 0.00944713 0.00924506 0.00743593 0.00555353 0.0243005 0.0226109 0.0207491 0.016885 0.0204577 0.00738683 
Throughputs: 0.73728 0.884736 0.851968 0.622592 0.475136 0.589824 0.770048 0.57344 0.704512 0.8192 0.557056 0.671744 0.8192 0.90112 0.65536 0.57344 0.786432 0.90112 0.704512 0.753664 1.09773 0.606208 0.802816 0.8192 0.606208 0.966656 0.65536 0.835584 0.557056 0.770048 
Utility: 3.41294 4.7727 4.74838 4.01552 3.45602 3.55537 4.23088 3.65218 4.13824 3.25638 2.93272 4.05723 4.48286 3.78347 3.52002 3.15634 4.09962 4.56758 3.73057 3.70852 4.75529 4.18313 4.6818 4.99389 3.21673 3.75541 3.45268 3.9017 3.30431 4.64675 

--------------------------------------
Time: 9.50193
Split Ratios: 0.662 0.338 1 1 1 1 1 1 1 1 1 1 0.433 0.567 1 0.298 0.298 0.404 0.675 0.325 1 1 1 1 0.013 0.371 0.617 1 1 1 1 0.889 0.111 1 1 1 1 1 
Delays: 0.0245255 0.00753146 0.00739362 0.0112301 0.0151316 0.0169372 0.0112774 0.015032 0.0111621 0.0315027 0.0296973 0.0107977 0.00931674 0.0197359 0.0193433 0.0244473 0.0129986 0.00943011 0.0170052 0.0195919 0.00946599 0.00925812 0.00744049 0.00554871 0.0248093 0.022562 0.0205945 0.0169114 0.0205571 0.00742167 
Throughputs: 0.720896 0.671744 0.688128 0.753664 0.753664 0.90112 0.557056 0.671744 0.720896 0.868352 0.704512 0.720896 0.966656 0.802816 0.999424 0.671744 0.540672 0.786432 0.966656 0.786432 0.90112 0.65536 0.770048 0.671744 0.622592 0.65536 0.638976 0.671744 0.753664 0.753664 
Utility: 3.38078 4.49079 4.53336 4.20635 3.90816 3.97413 3.89986 3.79969 4.16797 3.31652 3.16645 4.20116 4.64203 3.70569 3.94483 3.31336 3.72797 4.4236 4.04033 3.69239 4.55593 4.25968 4.63952 4.79631 3.22267 3.36892 3.43484 3.68189 3.60174 4.62054 

--------------------------------------
Time: 10.0023
Split Ratios: 0.662 0.338 1 1 1 1 1 1 1 1 1 1 0.433 0.567 1 0.298 0.298 0.404 0.675 0.325 1 1 1 1 0.013 0.371 0.617 1 1 1 1 0.889 0.111 1 1 1 1 1 
Delays: 0.0243906 0.00747145 0.00738106 0.0111782 0.0150099 0.0167531 0.0111637 0.0150556 0.0112349 0.0315509 0.0297787 0.011629 0.00923708 0.0192641 0.0192214 0.0244234 0.0131232 0.00940818 0.0169642 0.0194645 0.00949572 0.0092832 0.007452 0.0055802 0.0237122 0.0223865 0.0205721 0.0170101 0.0204135 0.0073732 
Throughputs: 0.57344 0.638976 0.720896 0.835584 0.540672 0.671744 0.65536 0.753664 0.688128 0.835584 0.557056 0.802816 0.704512 0.786432 0.8192 0.770048 0.933888 0.90112 0.917504 0.851968 0.622592 0.524288 0.884736 0.917504 0.671744 0.671744 0.999424 0.638976 0.671744 0.835584 
Utility: 3.15746 4.44878 4.58158 4.31416 3.5841 3.69129 4.07251 3.9132 4.11495 3.27653 2.92887 4.23462 4.33428 3.70926 3.75231 3.45091 4.26498 4.56206 3.99055 3.77896 4.18305 4.03383 4.77681 5.10243 3.34389 3.40142 3.88324 3.62606 3.49368 4.73028 

--------------------------------------
Time: 10.5023
Split Ratios: 0.662 0.338 1 1 1 1 1 1 1 1 1 1 0.433 0.567 1 0.298 0.298 0.404 0.675 0.325 1 1 1 1 0.013 0.371 0.617 1 1 1 1 0.889 0.111 1 1 1 1 1 
Delays: 0.0243047 0.00743126 0.0074361 0.0111784 0.0148971 0.0170131 0.0112544 0.0149343 0.011223 0.0314083 0.0297263 0.0111499 0.00931021 0.0206193 0.0195194 0.024403 0.0131814 0.00936786 0.0169067 0.01951 0.00933429 0.00929551 0.00747522 0.00557207 0.0245137 0.0226631 0.0208467 0.0168318 0.0204369 0.00742257 
Throughputs: 0.65536 0.671744 0.90112 0.622592 0.507904 0.720896 0.622592 0.622592 0.704512 0.835584 0.606208 0.671744 1.01581 0.557056 0.868352 0.802816 0.950272 0.720896 0.753664 0.917504 0.753664 0.835584 0.966656 0.688128 0.540672 0.671744 0.671744 0.557056 0.851968 0.851968 
Utility: 3.29452 4.50418 4.79729 4.01991 3.52913 3.74651 4.01313 3.73023 4.13954 3.28106 3.01519 4.09844 4.69233 3.29644 3.79519 3.49342 4.27794 4.34321 3.79724 3.85073 4.39125 4.4986 4.86225 4.81621 3.09358 3.38914 3.47268 3.4994 3.73021 4.74302 

--------------------------------------
Time: 11.0027
Split Ratios: 0.662 0.338 1 1 1 1 1 1 1 1 1 1 0.433 0.567 1 0.298 0.298 0.404 0.675 0.325 1 1 1 1 0.013 0.371 0.617 1 1 1 1 0.889 0.111 1 1 1 1 1 
Delays: 0.024567 0.0074648 0.00738423 0.0112705 0.0151303 0.0169448 0.0112639 0.0150007 0.0112282 0.0317324 0.0296308 0.0109805 0.00924871 0.0206885 0.0192664 0.0244296 0.0131645 0.00943161 0.0169369 0.0185151 0.00949072 0.00932415 0.00741316 0.00554789 0.0243117 0.0225562 0.020611 0.0169624 0.0204191 0.00742772 
Throughputs: 0.802816 0.65536 0.884736 0.65536 0.57344 0.90112 0.770048 0.638976 0.720896 0.851968 0.671744 0.802816 0.8192 0.688128 0.802816 0.851968 0.770048 0.933888 0.753664 0.622592 0.770048 0.704512 0.688128 0.770048 0.540672 0.671744 0.950272 0.802816 0.802816 0.770048 
Utility: 3.48672 4.47499 4.78594 4.063 3.63495 3.97368 4.22485 3.75177 4.16207 3.29021 3.12106 4.29201 4.48384 3.5044 3.72976 3.55175 4.06893 4.59529 3.79545 3.5153 4.39614 4.3249 4.53072 4.93304 3.10185 3.39387 3.83092 3.85713 3.67165 4.64123 

--------------------------------------
Time: 11.5028
Split Ratios: 0.662 0.338 1 1 1 1 1 1 1 1 1 1 0.433 0.567 1 0.298 0.298 0.404 0.675 0.325 1 1 1 1 0.013 0.371 0.617 1 1 1 1 0.889 0.111 1 1 1 1 1 
Delays: 0.0243454 0.00747165 0.00741274 0.0111828 0.0151599 0.0168786 0.0111353 0.0151686 0.0111853 0.0314998 0.029726 0.011295 0.0092676 0.0203897 0.0196018 0.0245984 0.0129845 0.00940605 0.0169695 0.0189685 0.0093619 0.00933132 0.00740805 0.0055924 0.023116 0.0226365 0.0205641 0.0169086 0.0205213 0.00740286 
Throughputs: 0.8192 0.57344 0.8192 0.57344 0.720896 0.868352 0.753664 0.557056 0.720896 0.770048 0.671744 0.524288 0.720896 0.786432 0.950272 0.57344 0.835584 0.753664 0.671744 0.8192 0.8192 0.638976 0.786432 0.884736 0.507904 0.786432 0.688128 0.622592 0.606208 0.802816 
Utility: 3.51599 4.34054 4.70513 3.93728 3.86184 3.94055 4.21482 3.60344 4.1659 3.19647 3.11785 3.83768 4.35397 3.65248 3.88113 3.14897 4.16438 4.38359 3.67846 3.76555 4.47168 4.22649 4.66494 5.06388 3.08977 3.54794 3.51043 3.60607 3.38576 4.68626 

--------------------------------------
Time: 12.003
Split Ratios: 0.662 0.338 1 1 1 1 1 1 1 1 1 1 0.433 0.567 1 0.298 0.298 0.404 0.675 0.325 1 1 1 1 0.013 0.371 0.617 1 1 1 1 0.889 0.111 1 1 1 1 1 
Delays: 0.024481 0.00741226 0.00743715 0.0111519 0.0151956 0.0168953 0.0112927 0.0150482 0.0111243 0.0315506 0.0299926 0.0113855 0.00930625 0.0208357 0.0195331 0.0244975 0.0130066 0.00939481 0.0169218 0.0189137 0.00938578 0.00937541 0.00752564 0.00557604 0.0245222 0.0224403 0.020546 0.0168665 0.0204254 0.00738648 
Throughputs: 0.606208 0.688128 1.04858 0.65536 0.507904 0.720896 0.589824 0.720896 0.622592 1.01581 0.786432 0.688128 0.90112 0.835584 0.786432 0.720896 0.540672 0.671744 0.720896 0.786432 0.966656 0.622592 0.851968 0.835584 0.671744 0.835584 0.786432 0.770048 0.73728 0.65536 
Utility: 3.20933 4.53084 4.9487 4.07358 3.50929 3.75346 3.95566 3.86923 4.02476 3.47185 3.26655 4.10164 4.57295 3.69146 3.6954 3.38192 3.72735 4.26972 3.75189 3.72762 4.63465 4.1958 4.72923 5.00965 3.3103 3.61727 3.64484 3.82112 3.58619 4.48553 

--------------------------------------
Time: 12.5031
Split Ratios: 0.662 0.338 1 1 1 1 1 1 1 1 1 1 0.433 0.567 1 0.298 0.298 0.404 0.675 0.325 1 1 1 1 0.013 0.371 0.617 1 1 1 1 0.889 0.111 1 1 1 1 1 
Delays: 0.0244243 0.00745034 0.007423 0.0112045 0.0150223 0.0168124 0.0111291 0.0149729 0.0112075 0.0315397 0.0297301 0.0113768 0.00930198 0.0198647 0.0191195 0.0245034 0.0130003 0.00935137 0.0168477 0.0193021 0.00941149 0.00931959 0.00743703 0.00553824 0.0238495 0.0224146 0.0209064 0.0168414 0.0204343 0.00737305 
Throughputs: 0.933888 0.65536 0.8192 0.589824 0.8192 0.704512 0.606208 0.8192 0.638976 0.720896 0.688128 0.73728 1.1305 0.704512 0.835584 0.753664 0.884736 0.589824 0.671744 0.753664 0.802816 0.770048 0.704512 0.65536 0.622592 0.770048 0.868352 0.73728 0.671744 0.720896 
Utility: 3.64378 4.47693 4.70375 3.96351 3.99879 3.73539 3.99766 4.00209 4.04328 3.12925 3.14181 4.17139 4.80018 3.56856 3.77742 3.42613 4.22032 4.1443 3.68566 3.66473 4.44619 4.41433 4.55103 4.77351 3.26213 3.53674 3.72654 3.77912 3.49266 4.58266 

--------------------------------------
Time: 13.0031
Split Ratios: 0.662 0.338 1 1 1 1 1 1 1 1 1 1 0.433 0.567 1 0.298 0.298 0.404 0.675 0.325 1 1 1 1 0.013 0.371 0.617 1 1 1 1 0.889 0.111 1 1 1 1 1 
Delays: 0.0246073 0.00744358 0.00743186 0.011337 0.0150379 0.0169446 0.0111877 0.0150317 0.0112247 0.0315396 0.0297439 0.0111112 0.00926093 0.0207298 0.0193647 0.0245031 0.013108 0.00947359 0.0169117 0.019859 0.00939459 0.00930126 0.00739365 0.00554866 0.0247993 0.022521 0.0205851 0.0168027 0.0204204 0.00739481 
Throughputs: 1.09773 0.65536 0.933888 0.8192 0.65536 0.966656 0.49152 0.638976 0.638976 0.851968 0.770048 0.589824 0.90112 0.770048 0.73728 0.851968 0.671744 0.73728 0.786432 0.786432 0.720896 0.704512 0.688128 0.688128 0.540672 0.704512 0.868352 0.851968 0.671744 0.671744 
Utility: 3.79796 4.47783 4.83358 4.28026 3.77461 4.0439 3.78269 3.74971 4.04175 3.2963 3.25383 3.97187 4.57783 3.61488 3.63951 3.54875 3.93665 4.35446 3.8395 3.67885 4.34036 4.32736 4.53335 4.82042 3.082 3.44306 3.74203 3.92601 3.49334 4.5091 

--------------------------------------
Time: 13.5033
Split Ratios: 0.662 0.338 1 1 1 1 1 1 1 1 1 1 0.433 0.567 1 0.298 0.298 0.404 0.675 0.325 1 1 1 1 0.013 0.371 0.617 1 1 1 1 0.889 0.111 1 1 1 1 1 
Delays: 0.0246277 0.00753432 0.00740084 0.0111687 0.0150211 0.0169957 0.0112226 0.0150284 0.0113339 0.0314677 0.0296656 0.0115995 0.00930233 0.0199517 0.019636 0.0243899 0.0130889 0.00947589 0.0169878 0.0187414 0.00941261 0.00931169 0.00740238 0.00556878 0.0243154 0.0225666 0.0206846 0.0168121 0.0204906 0.00739466 
Throughputs: 0.802816 0.57344 0.802816 0.73728 0.704512 0.835584 0.753664 0.802816 0.802816 0.720896 0.589824 0.638976 0.753664 0.73728 0.884736 0.8192 0.770048 1.01581 0.802816 0.638976 0.868352 0.524288 0.90112 0.884736 0.589824 0.475136 0.950272 0.671744 0.8192 0.720896 
Utility: 3.48425 4.33218 4.68653 4.18985 3.84805 3.89517 4.20702 3.97818 4.26033 3.13153 2.98983 4.00891 4.39468 3.60965 3.80792 3.51416 4.07469 4.67469 3.85563 3.52913 4.52455 4.03077 4.80184 5.06811 3.18872 3.04713 3.82736 3.68778 3.68836 4.57974 

--------------------------------------
Time: 14.0037
Split Ratios: 0.662 0.338 1 1 1 1 1 1 1 1 1 1 0.433 0.567 1 0.298 0.298 0.404 0.675 0.325 1 1 1 1 0.013 0.371 0.617 1 1 1 1 0.889 0.111 1 1 1 1 1 
Delays: 0.0243597 0.00747832 0.00737483 0.0111914 0.0150172 0.0169092 0.0112768 0.0149531 0.0113942 0.031654 0.029649 0.0114078 0.00924279 0.0196133 0.0193421 0.0245445 0.0131012 0.00941206 0.0168503 0.019209 0.00939381 0.0093131 0.00747496 0.00559807 0.0259243 0.0224274 0.0205492 0.0168466 0.0205635 0.00741238 
Throughputs: 0.73728 0.65536 0.65536 0.73728 0.65536 0.704512 0.73728 0.507904 0.802816 0.851968 0.606208 0.65536 0.917504 0.90112 0.90112 0.704512 0.73728 0.851968 0.933888 0.90112 0.851968 0.49152 0.802816 0.73728 0.73728 0.802816 0.950272 0.606208 0.90112 0.786432 
Utility: 3.41004 4.47318 4.48711 4.18782 3.77599 3.72965 4.18022 3.52538 4.25502 3.29269 3.0178 4.05089 4.59781 3.82743 3.84135 3.35702 4.03026 4.50556 4.01499 3.84826 4.5075 3.96608 4.67657 4.88055 3.34779 3.57784 3.83392 3.58307 3.78012 4.66435 

--------------------------------------
Time: 14.5039
Split Ratios: 0.662 0.338 1 1 1 1 1 1 1 1 1 1 0.433 0.567 1 0.298 0.298 0.404 0.675 0.325 1 1 1 1 0.013 0.371 0.617 1 1 1 1 0.889 0.111 1 1 1 1 1 
Delays: 0.0244474 0.00753452 0.00739556 0.0112109 0.0151016 0.0169684 0.0112633 0.014969 0.011285 0.0314876 0.0299497 0.0115594 0.00929883 0.0202145 0.0194908 0.0245595 0.0130109 0.00937895 0.0168255 0.0192154 0.00940116 0.00927889 0.00745788 0.00554563 0.0246228 0.0226773 0.0206457 0.0170026 0.0205624 0.00739853 
Throughputs: 0.720896 0.704512 0.73728 0.606208 0.835584 0.753664 0.638976 0.606208 0.73728 0.802816 0.73728 0.73728 0.90112 0.704512 0.835584 0.950272 0.65536 0.868352 0.786432 0.671744 0.868352 0.704512 0.65536 0.638976 0.638976 0.884736 0.671744 0.606208 0.73728 0.835584 
Utility: 3.38397 4.53801 4.60209 3.99033 4.01333 3.7936 4.03832 3.70124 4.1795 3.23853 3.20345 4.15547 4.57375 3.5511 3.75819 3.65565 3.9194 4.52813 3.84461 3.55417 4.52576 4.32976 4.47591 4.74686 3.2562 3.66393 3.48237 3.57386 3.57951 4.72685 

--------------------------------------
Time: 15.0041
Split Ratios: 0.662 0.338 1 1 1 1 1 1 1 1 1 1 0.433 0.567 1 0.298 0.298 0.404 0.675 0.325 1 1 1 1 0.013 0.371 0.617 1 1 1 1 0.889 0.111 1 1 1 1 1 
Delays: 0.0243753 0.00752149 0.00738657 0.0111671 0.0150056 0.0169884 0.0114539 0.0149542 0.011172 0.0315408 0.0298571 0.0116123 0.00931984 0.0207346 0.0194019 0.0246034 0.0130064 0.00946807 0.0171649 0.0192032 0.00939487 0.00936646 0.00745868 0.00556196 0.0255783 0.0226613 0.0206954 0.0168379 0.0204909 0.00739614 
Throughputs: 0.65536 1.04858 0.835584 0.589824 0.638976 0.786432 0.606208 0.688128 0.671744 0.8192 0.671744 0.8192 0.98304 0.868352 0.917504 0.90112 0.638976 0.98304 0.57344 0.835584 0.622592 0.475136 0.851968 0.802816 0.622592 0.786432 0.753664 0.65536 0.835584 0.90112 
Utility: 3.29161 4.93742 4.72847 3.96686 3.75144 3.83497 3.96889 3.82898 4.09646 3.25705 3.11345 4.25626 4.6585 3.73479 3.85628 3.60075 3.89442 4.64272 3.50879 3.77306 4.19373 3.92647 4.73817 4.97217 3.19215 3.54685 3.59504 3.66155 3.70815 4.80268 

--------------------------------------
Time: 15.5045
Split Ratios: 0.662 0.338 1 1 1 1 1 1 1 1 1 1 0.433 0.567 1 0.298 0.298 0.404 0.675 0.325 1 1 1 1 0.013 0.371 0.617 1 1 1 1 0.889 0.111 1 1 1 1 1 
Delays: 0.0245044 0.00753803 0.00744124 0.0111424 0.0148838 0.0170145 0.0112257 0.0148876 0.0112486 0.0315909 0.0297001 0.0116034 0.00927806 0.0210622 0.0196389 0.02449 0.0130801 0.00935488 0.0169149 0.0188985 0.00947481 0.00927008 0.00748451 0.00556647 0.0255053 0.0226037 0.0206998 0.0168074 0.0204162 0.00739767 
Throughputs: 0.688128 0.73728 0.835584 0.671744 0.524288 0.638976 0.65536 0.425984 0.802816 0.851968 0.802816 0.73728 0.966656 0.57344 0.8192 0.671744 0.720896 0.786432 0.851968 0.98304 0.933888 0.606208 0.98304 0.966656 0.606208 0.868352 0.442368 0.73728 0.704512 0.835584 
Utility: 3.33512 4.58301 4.72109 4.09912 3.56177 3.6258 4.06698 3.35387 4.26789 3.29468 3.29697 4.15167 4.64619 3.30417 3.73082 3.31161 4.0094 4.43161 3.91936 3.95157 4.59072 4.18043 4.87781 5.15708 3.16834 3.64848 3.06202 3.78115 3.54118 4.72697 

--------------------------------------
Time: 16.0046
Split Ratios: 0.662 0.338 1 1 1 1 1 1 1 1 1 1 0.433 0.567 1 0.298 0.298 0.404 0.675 0.325 1 1 1 1 0.013 0.371 0.617 1 1 1 1 0.889 0.111 1 1 1 1 1 
Delays: 0.0244028 0.00750866 0.00740027 0.0111789 0.014892 0.0168761 0.0111814 0.0150137 0.0111491 0.0314417 0.0297582 0.0110775 0.0092809 0.0193264 0.0196931 0.0244517 0.0130938 0.00948374 0.0169348 0.0182845 0.00941241 0.00929973 0.00740064 0.00557089 0.0247668 0.0224217 0.020632 0.0169053 0.0205475 0.00740784 
Throughputs: 0.90112 0.671744 0.851968 0.622592 0.622592 0.589824 0.671744 0.589824 0.606208 0.770048 0.65536 0.638976 0.720896 0.688128 0.835584 0.704512 0.671744 0.475136 0.950272 0.884736 0.90112 0.49152 0.622592 0.786432 0.688128 0.638976 0.720896 0.704512 0.73728 0.835584 
Utility: 3.60894 4.49382 4.74603 4.01987 3.73306 3.55393 4.09563 3.67086 3.99586 3.19832 3.09208 4.05495 4.35254 3.5725 3.74786 3.36081 3.93774 3.91402 4.02738 3.87924 4.56161 3.96752 4.43233 4.94995 3.32447 3.34984 3.55365 3.72988 3.58023 4.72559 

--------------------------------------
Time: 16.5046
Split Ratios: 0.662 0.338 1 1 1 1 1 1 1 1 1 1 0.433 0.567 1 0.298 0.298 0.404 0.675 0.325 1 1 1 1 0.013 0.371 0.617 1 1 1 1 0.889 0.111 1 1 1 1 1 
Delays: 0.0249257 0.0074558 0.0074074 0.0111546 0.0150749 0.0168669 0.0112191 0.0149947 0.0111739 0.0315498 0.0296984 0.0120098 0.00924214 0.0210876 0.0194641 0.0246531 0.013091 0.00950793 0.0168614 0.0194259 0.00967026 0.00931349 0.0074414 0.00554407 0.0236128 0.0228232 0.0205836 0.0168743 0.0204257 0.00741052 
Throughputs: 0.720896 0.638976 0.73728 0.688128 0.376832 0.638976 0.540672 0.557056 0.671744 0.868352 0.802816 0.770048 0.770048 0.917504 0.868352 0.950272 0.8192 0.884736 0.688128 0.868352 0.884736 0.868352 0.770048 0.933888 0.442368 0.868352 0.851968 0.802816 0.753664 0.720896 
Utility: 3.3646 4.45087 4.60049 4.12212 3.21877 3.63451 3.8752 3.61497 4.0963 3.31503 3.29703 4.16073 4.42268 3.77297 3.79802 3.65185 4.1364 4.53316 3.70895 3.79999 4.51623 4.53513 4.63939 5.12663 2.93035 3.63882 3.72305 3.86233 3.60815 4.57759 

--------------------------------------
Time: 17.0051
Split Ratios: 0.662 0.338 1 1 1 1 1 1 1 1 1 1 0.433 0.567 1 0.298 0.298 0.404 0.675 0.325 1 1 1 1 0.013 0.371 0.617 1 1 1 1 0.889 0.111 1 1 1 1 1 
Delays: 0.0244417 0.00748621 0.00740104 0.0112132 0.0149021 0.0169489 0.0112193 0.0149112 0.0112176 0.0315695 0.0297454 0.0114692 0.00924023 0.0204356 0.0194582 0.0244719 0.0130916 0.00934005 0.0168683 0.0194811 0.00942733 0.0092641 0.00740705 0.00556479 0.0244663 0.0225233 0.0208862 0.016802 0.0204296 0.00738908 
Throughputs: 0.720896 0.606208 0.802816 0.802816 0.540672 0.851968 0.524288 0.49152 0.622592 0.753664 0.802816 0.524288 0.65536 0.770048 0.8192 0.917504 0.704512 0.720896 0.720896 0.65536 0.688128 0.720896 0.835584 0.671744 0.442368 0.688128 0.868352 0.65536 0.8192 0.606208 
Utility: 3.3842 4.39416 4.68651 4.27103 3.59131 3.91734 3.84441 3.49539 4.01641 3.17276 3.29545 3.82237 4.26162 3.62917 3.74006 3.62413 3.98553 4.34618 3.75506 3.51574 4.29036 4.35435 4.7257 4.79342 2.89484 3.41942 3.72751 3.66369 3.69134 4.40722 

--------------------------------------
Time: 17.5055
Split Ratios: 0.662 0.338 1 1 1 1 1 1 1 1 1 1 0.433 0.567 1 0.298 0.298 0.404 0.675 0.325 1 1 1 1 0.013 0.371 0.617 1 1 1 1 0.889 0.111 1 1 1 1 1 
Delays: 0.0243501 0.0074509 0.00739088 0.0112801 0.0150092 0.0168587 0.0111742 0.014951 0.0111922 0.0316611 0.0297974 0.0110426 0.00923271 0.0196181 0.0193452 0.0245009 0.0130566 0.00944639 0.0167167 0.0190031 0.00937017 0.0093123 0.007406 0.00557124 0.0249864 0.0225765 0.0205264 0.0169065 0.0204691 0.00738467 
Throughputs: 0.753664 0.49152 0.720896 0.57344 0.786432 0.720896 0.475136 0.638976 0.589824 0.90112 0.704512 0.720896 0.720896 0.851968 0.933888 0.606208 0.622592 0.868352 0.638976 0.704512 0.868352 0.720896 0.753664 0.73728 0.704512 0.8192 0.8192 0.753664 0.704512 0.835584 
Utility: 3.43241 4.18917 4.58025 3.92861 3.95884 3.75563 3.75 3.75509 3.9646 3.34855 3.16308 4.17874 4.35774 3.7711 3.87691 3.20851 3.8646 4.52096 3.64346 3.6129 4.52907 4.34916 4.62266 4.88535 3.33918 3.59142 3.68662 3.79725 3.53859 4.72873 

--------------------------------------
Time: 18.006
Split Ratios: 0.662 0.338 1 1 1 1 1 1 1 1 1 1 0.433 0.567 1 0.298 0.298 0.404 0.675 0.325 1 1 1 1 0.013 0.371 0.617 1 1 1 1 0.889 0.111 1 1 1 1 1 
Delays: 0.0243798 0.00743757 0.00740897 0.0111852 0.01504 0.0170039 0.0111892 0.0150208 0.0111494 0.0315865 0.0297063 0.0117333 0.00927567 0.0204459 0.0194162 0.0245801 0.0131117 0.00957795 0.0169284 0.0196423 0.00943945 0.00940023 0.00745153 0.00561552 0.023777 0.0226345 0.020686 0.0168793 0.0205039 0.00739874 
Throughputs: 0.851968 0.720896 0.851968 0.57344 0.540672 0.802816 0.589824 0.606208 0.638976 0.704512 0.73728 0.835584 0.786432 0.753664 0.720896 0.8192 0.73728 0.802816 0.966656 0.966656 0.933888 0.622592 0.720896 0.638976 0.753664 0.753664 0.868352 0.8192 0.65536 0.688128 
Utility: 3.55379 4.57395 4.74486 3.93706 3.5821 3.85469 3.96488 3.69779 4.04848 3.10478 3.21161 4.2657 4.44011 3.60716 3.61439 3.50639 4.02946 4.42866 4.04485 3.89616 4.59446 4.19316 4.57208 4.73433 3.45623 3.50547 3.73714 3.88224 3.46457 4.53267 

--------------------------------------
Time: 18.5072
Split Ratios: 0.662 0.338 1 1 1 1 1 1 1 1 1 1 0.433 0.567 1 0.298 0.298 0.404 0.675 0.325 1 1 1 1 0.013 0.371 0.617 1 1 1 1 0.889 0.111 1 1 1 1 1 
Delays: 0.0244436 0.0074395 0.00742549 0.0111415 0.0150731 0.0169703 0.0112143 0.0151802 0.0111246 0.0319093 0.0297302 0.0116101 0.00932778 0.0207139 0.0193596 0.0244977 0.0129949 0.00952602 0.016977 0.0189192 0.0094279 0.00935295 0.00748619 0.00554611 0.0250397 0.0225551 0.0206328 0.0169908 0.0204235 0.00745147 
Throughputs: 0.688128 0.786432 0.851968 0.589824 0.65536 0.753664 0.73728 0.589824 0.622592 0.770048 0.638976 0.65536 1.09773 0.884736 0.720896 0.720896 0.704512 0.868352 0.786432 0.966656 0.835584 0.73728 0.933888 0.688128 0.720896 0.770048 0.802816 0.917504 0.638976 0.704512 
Utility: 3.33761 4.6607 4.74263 3.96915 3.77227 3.79348 4.18577 3.65984 4.02473 3.18355 3.0677 4.03331 4.768 3.75448 3.61731 3.38192 3.99295 4.51257 3.83565 3.93366 4.48446 4.36728 4.8263 4.82088 3.36003 3.53049 3.66124 3.98899 3.44318 4.54909 

--------------------------------------
Time: 19.0082
Split Ratios: 0.662 0.338 1 1 1 1 1 1 1 1 1 1 0.433 0.567 1 0.298 0.298 0.404 0.675 0.325 1 1 1 1 0.013 0.371 0.617 1 1 1 1 0.889 0.111 1 1 1 1 1 
Delays: 0.0245236 0.00743695 0.00743083 0.0112207 0.0152391 0.0170138 0.0112229 0.0149143 0.011198 0.0315752 0.029785 0.0111484 0.0092757 0.020562 0.0195179 0.0247607 0.0131083 0.00971932 0.0168398 0.0186775 0.00941001 0.00930528 0.00744007 0.00557671 0.024944 0.0224017 0.020673 0.0167844 0.0204379 0.00737619 
Throughputs: 0.73728 0.589824 0.851968 0.753664 0.770048 0.835584 0.622592 0.589824 0.786432 0.884736 0.57344 0.753664 0.802816 0.884736 0.786432 0.770048 0.851968 0.770048 0.802816 0.835584 0.770048 0.606208 0.802816 0.770048 0.524288 0.835584 0.720896 0.606208 0.720896 0.65536 
Utility: 3.40333 4.37336 4.74191 4.20718 3.92259 3.89411 4.01593 3.67751 4.25177 3.33292 2.95765 4.21365 4.46073 3.76184 3.69618 3.4372 4.1743 4.37234 3.86438 3.80081 4.40468 4.17664 4.68125 4.92785 3.04541 3.61899 3.55167 3.58677 3.5631 4.48693 

--------------------------------------
Time: 19.5085
Split Ratios: 0.662 0.338 1 1 1 1 1 1 1 1 1 1 0.433 0.567 1 0.298 0.298 0.404 0.675 0.325 1 1 1 1 0.013 0.371 0.617 1 1 1 1 0.889 0.111 1 1 1 1 1 
Delays: 0.0244593 0.00746448 0.00740925 0.0111236 0.0148381 0.0168657 0.0111379 0.0149546 0.0111472 0.0315788 0.0295774 0.0112697 0.0092936 0.0204647 0.0197063 0.0244566 0.0130342 0.00936417 0.016793 0.0194318 0.0094076 0.00925449 0.00743148 0.0055296 0.0254648 0.0225147 0.0206302 0.0167976 0.0203929 0.00741244 
Throughputs: 0.720896 0.917504 0.884736 0.688128 0.688128 0.73728 0.688128 0.770048 0.720896 0.835584 0.524288 0.933888 1.09773 0.704512 0.671744 0.851968 0.720896 0.589824 0.753664 0.73728 0.688128 0.688128 0.835584 0.704512 0.638976 0.835584 0.606208 0.688128 0.704512 0.884736 
Utility: 3.38349 4.8115 4.78256 4.12491 3.83678 3.77768 4.12362 3.94144 4.1693 3.27565 2.87503 4.41724 4.77167 3.5388 3.52894 3.55065 4.01292 4.14293 3.80398 3.63606 4.29246 4.30887 4.72241 4.84739 3.22257 3.61396 3.38047 3.71274 3.54232 4.78213 

--------------------------------------
Time: 20.009
Split Ratios: 0.662 0.338 1 1 1 1 1 1 1 1 1 1 0.433 0.567 1 0.298 0.298 0.404 0.675 0.325 1 1 1 1 0.013 0.371 0.617 1 1 1 1 0.889 0.111 1 1 1 1 1 
Delays: 0.0245181 0.00750361 0.00743673 0.0112941 0.0151046 0.0169079 0.0113285 0.0149391 0.0112709 0.0316475 0.0297392 0.011774 0.00925983 0.0200656 0.0195376 0.0244191 0.0131716 0.00947264 0.0169454 0.0188832 0.00931968 0.0093745 0.00750259 0.00554169 0.0254241 0.0225242 0.0208647 0.0168355 0.0204583 0.00742999 
Throughputs: 1.11411 0.606208 0.933888 0.704512 0.589824 0.802816 0.65536 0.49152 0.671744 0.98304 0.753664 0.753664 1.04858 0.671744 0.90112 0.688128 0.753664 0.65536 0.802816 0.65536 0.786432 0.688128 0.802816 0.753664 0.540672 0.786432 0.90112 0.753664 0.786432 0.688128 
Utility: 3.8164 4.39184 4.83292 4.13323 3.66483 3.86035 4.05786 3.49352 4.08765 3.43599 3.23248 4.15905 4.7295 3.51087 3.8313 3.33861 4.04689 4.23678 3.85813 3.54691 4.43538 4.29598 4.67288 4.91265 3.05712 3.55292 3.76558 3.80146 3.64912 4.52845 

--------------------------------------
Time: 20.5099
Split Ratios: 0.662 0.338 1 1 1 1 1 1 1 1 1 1 0.433 0.567 1 0.298 0.298 0.404 0.675 0.325 1 1 1 1 0.013 0.371 0.617 1 1 1 1 0.889 0.111 1 1 1 1 1 
Delays: 0.0243992 0.00752621 0.00744233 0.0112031 0.0150893 0.0171422 0.0112042 0.0150969 0.0112333 0.0315418 0.029909 0.0116063 0.00927824 0.0198382 0.019537 0.0246823 0.0130785 0.00948126 0.0169809 0.019036 0.00947737 0.00924194 0.00751009 0.00559848 0.0253118 0.0226181 0.0206967 0.0169311 0.0204989 0.00739523 
Throughputs: 0.540672 0.622592 0.720896 0.770048 0.704512 0.917504 0.753664 0.638976 0.704512 1.03219 0.73728 0.786432 1.01581 0.851968 0.966656 0.704512 0.73728 0.98304 0.786432 0.786432 0.90112 0.475136 0.933888 0.90112 0.720896 0.688128 0.753664 0.802816 0.8192 0.704512 
Utility: 3.09826 4.4155 4.57331 4.23026 3.84352 3.98011 4.20866 3.74538 4.13862 3.48813 3.20481 4.21596 4.69577 3.75994 3.90153 3.35142 4.032 4.64133 3.83542 3.72117 4.55473 3.93985 4.82311 5.08114 3.34922 3.41523 3.59497 3.85897 3.68796 4.55667 

--------------------------------------
Time: 21.0101
Split Ratios: 0.662 0.338 1 1 1 1 1 1 1 1 1 1 0.433 0.567 1 0.298 0.298 0.404 0.675 0.325 1 1 1 1 0.013 0.371 0.617 1 1 1 1 0.889 0.111 1 1 1 1 1 
Delays: 0.0244159 0.00745298 0.00740923 0.0111957 0.0149445 0.0168433 0.0112263 0.014896 0.0112454 0.0315643 0.0296979 0.0109522 0.00926865 0.0203405 0.0192891 0.0244156 0.0131438 0.00942635 0.0168435 0.019177 0.00945976 0.00936351 0.0074205 0.00555652 0.0250802 0.0225471 0.020656 0.016862 0.0204754 0.0074273 
Throughputs: 0.835584 0.606208 0.753664 0.524288 0.475136 0.688128 0.638976 0.720896 0.720896 0.753664 0.458752 0.671744 0.868352 0.638976 0.622592 0.540672 0.622592 0.851968 0.73728 0.786432 0.720896 0.589824 0.8192 0.753664 0.622592 0.638976 0.753664 0.753664 0.753664 0.786432 
Utility: 3.5329 4.39861 4.62222 3.84651 3.45926 3.71002 4.04161 3.8794 4.16053 3.17292 2.73743 4.11634 4.53996 3.44725 3.47435 3.09759 3.85794 4.50404 3.779 3.71379 4.33345 4.143 4.70408 4.90997 3.21181 3.34426 3.59694 3.79988 3.60572 4.66234 

--------------------------------------
Time: 21.5107
Split Ratios: 0.662 0.338 1 1 1 1 1 1 1 1 1 1 0.433 0.567 1 0.298 0.298 0.404 0.675 0.325 1 1 1 1 0.013 0.371 0.617 1 1 1 1 0.889 0.111 1 1 1 1 1 
Delays: 0.0245477 0.00752415 0.0074194 0.0112343 0.0150169 0.0169634 0.0111952 0.0148914 0.0111383 0.0316828 0.0297997 0.011088 0.00929044 0.0197903 0.019455 0.0245333 0.0131494 0.00936073 0.0168209 0.0186587 0.00933238 0.00939022 0.00747431 0.0055574 0.0255923 0.0225065 0.0208365 0.0167905 0.0204823 0.00739218 
Throughputs: 0.933888 0.65536 1.01581 0.622592 0.671744 0.73728 0.606208 0.540672 0.720896 0.8192 0.786432 0.638976 0.98304 0.8192 0.933888 0.770048 0.753664 0.622592 0.606208 0.851968 0.802816 0.688128 0.851968 0.622592 0.57344 0.884736 1.03219 0.557056 0.753664 0.688128 
Utility: 3.63874 4.46707 4.91934 4.01492 3.8007 3.77191 3.99174 3.59203 4.17011 3.25255 3.27301 4.054 4.66166 3.72314 3.87125 3.44642 4.04857 4.19737 3.5846 3.82124 4.45464 4.29431 4.73608 4.71876 3.10936 3.67148 3.90273 3.50185 3.60538 4.53355 

--------------------------------------
Time: 22.0108
Split Ratios: 0.662 0.338 1 1 1 1 1 1 1 1 1 1 0.433 0.567 1 0.298 0.298 0.404 0.675 0.325 1 1 1 1 0.013 0.371 0.617 1 1 1 1 0.889 0.111 1 1 1 1 1 
Delays: 0.0245302 0.00746421 0.0074006 0.0112744 0.0150026 0.0170208 0.0112516 0.0148416 0.0112305 0.0316609 0.029844 0.0118019 0.00926564 0.0214032 0.0192362 0.024479 0.0130046 0.00943171 0.0169734 0.0190428 0.00939997 0.00925996 0.00743139 0.00558377 0.0248607 0.0225464 0.0207729 0.0167434 0.0204546 0.00740221 
Throughputs: 0.753664 0.753664 0.835584 0.671744 0.65536 0.753664 0.884736 0.622592 0.835584 0.802816 0.540672 0.802816 0.770048 0.73728 0.73728 0.753664 0.704512 0.950272 0.884736 0.671744 0.688128 0.540672 0.851968 0.753664 0.606208 0.770048 0.835584 0.606208 0.720896 0.720896 
Utility: 3.42504 4.61483 4.72657 4.08734 3.77696 3.79051 4.36478 3.73646 4.3095 3.23304 2.89683 4.21986 4.42014 3.53943 3.64618 3.42713 3.9922 4.61267 3.95364 3.56319 4.29327 4.06711 4.74184 4.90508 3.19393 3.53088 3.69448 3.58922 3.56229 4.57872 

--------------------------------------
Time: 22.5114
Split Ratios: 0.662 0.338 1 1 1 1 1 1 1 1 1 1 0.433 0.567 1 0.298 0.298 0.404 0.675 0.325 1 1 1 1 0.013 0.371 0.617 1 1 1 1 0.889 0.111 1 1 1 1 1 
Delays: 0.024659 0.00746822 0.00740184 0.0111879 0.0149896 0.0170302 0.011276 0.0149542 0.0113011 0.0315488 0.0296722 0.012078 0.00928925 0.0208859 0.0194661 0.0243566 0.0130427 0.00944391 0.0170706 0.0196886 0.00937155 0.00939678 0.00744819 0.00558741 0.023762 0.0225887 0.0205078 0.0169318 0.0205239 0.00741766 
Throughputs: 0.868352 0.802816 0.688128 0.671744 0.57344 0.802816 0.671744 0.425984 0.802816 0.786432 0.720896 0.884736 0.868352 0.868352 0.851968 0.65536 0.73728 0.917504 0.851968 0.606208 0.720896 0.557056 0.966656 0.884736 0.753664 0.589824 0.720896 0.851968 0.688128 0.720896 
Utility: 3.56146 4.67747 4.53225 4.09505 3.64429 3.85314 4.0872 3.34941 4.26322 3.21597 3.19028 4.29391 4.53774 3.72752 3.77888 3.29238 4.03474 4.57629 3.91019 3.42718 4.34282 4.0823 4.86587 5.06477 3.45686 3.26237 3.55969 3.91836 3.51239 4.57663 

--------------------------------------
Time: 23.0116
Split Ratios: 0.662 0.338 1 1 1 1 1 1 1 1 1 1 0.433 0.567 1 0.298 0.298 0.404 0.675 0.325 1 1 1 1 0.013 0.371 0.617 1 1 1 1 0.889 0.111 1 1 1 1 1 
Delays: 0.0243455 0.00741102 0.00742012 0.0111426 0.0150159 0.0168637 0.0112374 0.0150588 0.0112693 0.0315256 0.0296671 0.0114874 0.00933646 0.0198892 0.0193552 0.0244506 0.0131933 0.00935991 0.0169226 0.0191582 0.00937852 0.00937002 0.00749903 0.0055296 0.024524 0.0225305 0.0206746 0.0167437 0.0204185 0.00740502 
Throughputs: 0.8192 0.606208 0.917504 0.540672 0.606208 0.884736 0.622592 0.73728 0.8192 0.8192 0.638976 0.65536 0.770048 0.622592 0.753664 0.606208 0.720896 0.835584 0.704512 0.802816 0.704512 0.589824 0.851968 0.786432 0.950272 0.688128 0.884736 0.671744 0.557056 0.8192 
Utility: 3.51598 4.40426 4.81746 3.88204 3.69812 3.96012 4.01465 3.89101 4.28625 3.25753 3.06983 4.04393 4.41253 3.44372 3.66199 3.21057 4.00078 4.4917 3.72885 3.73539 4.31908 4.14231 4.73278 4.95739 3.6571 3.41911 3.75639 3.69185 3.30623 4.70617 

--------------------------------------
Time: 23.5121
Split Ratios: 0.662 0.338 1 1 1 1 1 1 1 1 1 1 0.433 0.567 1 0.298 0.298 0.404 0.675 0.325 1 1 1 1 0.013 0.371 0.617 1 1 1 1 0.889 0.111 1 1 1 1 1 
Delays: 0.024466 0.00748308 0.00740387 0.0111664 0.0149617 0.016897 0.0111775 0.014892 0.0111832 0.0316093 0.029626 0.0114358 0.00924574 0.0205403 0.0193273 0.0246791 0.0131304 0.00930516 0.0168843 0.0189794 0.00947268 0.00929235 0.0074816 0.00553796 0.0232654 0.0228336 0.0205964 0.0167891 0.0204517 0.00738985 
Throughputs: 0.835584 0.671744 0.884736 0.8192 0.606208 0.73728 0.720896 0.688128 0.73728 0.835584 0.671744 0.917504 0.786432 0.671744 0.868352 0.868352 0.786432 0.638976 0.65536 0.90112 0.966656 0.720896 0.720896 0.73728 0.524288 0.65536 0.933888 0.8192 0.606208 0.720896 
Utility: 3.53085 4.49723 4.78329 4.29542 3.70173 3.77583 4.1666 3.83315 4.18856 3.27468 3.12123 4.38491 4.44334 3.48749 3.80508 3.56064 4.09257 4.2293 3.6588 3.86029 4.62543 4.3513 4.56805 4.89134 3.11507 3.35695 3.81424 3.8876 3.38916 4.58039 

--------------------------------------
Time: 24.0122
Split Ratios: 0.662 0.338 1 1 1 1 1 1 1 1 1 1 0.433 0.567 1 0.298 0.298 0.404 0.675 0.325 1 1 1 1 0.013 0.371 0.617 1 1 1 1 0.889 0.111 1 1 1 1 1 
Delays: 0.0244929 0.0075548 0.00737404 0.0111201 0.0149829 0.0168674 0.0111836 0.015001 0.0112719 0.031575 0.0297947 0.0112169 0.00928226 0.0196645 0.0195194 0.0246332 0.0130267 0.00958269 0.0169034 0.0195921 0.00936347 0.00930386 0.00740951 0.00555057 0.0256735 0.0226104 0.0206966 0.0168896 0.0206304 0.00738402 
Throughputs: 0.950272 0.786432 0.688128 0.65536 0.622592 0.802816 0.868352 0.57344 0.802816 0.966656 0.507904 0.688128 0.950272 0.835584 0.770048 0.966656 0.851968 0.90112 0.753664 0.65536 0.753664 0.557056 0.8192 0.688128 0.589824 0.770048 0.73728 0.753664 0.851968 0.704512 
Utility: 3.65837 4.64532 4.53601 4.07643 3.72698 3.86274 4.35215 3.64354 4.26581 3.42148 2.83596 4.11655 4.62864 3.74931 3.67504 3.66975 4.18055 4.54368 3.79743 3.51006 4.38813 4.09224 4.70556 4.82007 3.13437 3.52804 3.573 3.79825 3.72078 4.55819 

--------------------------------------
Time: 24.5124
Split Ratios: 0.662 0.338 1 1 1 1 1 1 1 1 1 1 0.433 0.567 1 0.298 0.298 0.404 0.675 0.325 1 1 1 1 0.013 0.371 0.617 1 1 1 1 0.889 0.111 1 1 1 1 1 
Delays: 0.0243847 0.0075557 0.00738148 0.0112571 0.015026 0.0169554 0.0111871 0.0149205 0.0112421 0.0315976 0.0297562 0.0114962 0.00927349 0.0215559 0.0195932 0.0244476 0.0130179 0.00940187 0.0169168 0.0192736 0.00942871 0.00934673 0.00741227 0.00553627 0.0238097 0.0226033 0.0207191 0.0169539 0.0204019 0.00742751 
Throughputs: 0.704512 0.90112 0.73728 0.720896 0.638976 0.8192 0.8192 0.622592 0.638976 0.835584 0.753664 0.753664 0.65536 0.770048 0.950272 0.557056 0.753664 0.802816 0.917504 0.917504 0.802816 0.851968 0.704512 0.688128 0.770048 0.704512 0.786432 0.622592 0.90112 0.868352 
Utility: 3.36355 4.78134 4.60399 4.1595 3.75009 3.87774 4.29357 3.73115 4.0402 3.27505 3.23191 4.18293 4.25802 3.5758 3.88156 3.12614 4.05862 4.44722 3.99335 3.86292 4.44437 4.51252 4.55437 4.82265 3.47636 3.43941 3.63645 3.6034 3.78801 4.76141 

--------------------------------------
Time: 25.0126
Split Ratios: 0.662 0.338 1 1 1 1 1 1 1 1 1 1 0.433 0.567 1 0.298 0.298 0.404 0.675 0.325 1 1 1 1 0.013 0.371 0.617 1 1 1 1 0.889 0.111 1 1 1 1 1 
Delays: 0.0246983 0.00745656 0.00740853 0.011218 0.014975 0.0168713 0.0110773 0.0149273 0.0111499 0.0316093 0.0297051 0.0117325 0.00940809 0.0196363 0.0195717 0.0243149 0.013004 0.00963301 0.0168239 0.0193571 0.00943445 0.00931236 0.00742455 0.00554513 0.0245974 0.0226515 0.020574 0.017006 0.0204542 0.00741243 
Throughputs: 0.8192 0.524288 0.884736 0.49152 0.73728 0.671744 0.606208 0.638976 0.65536 0.884736 0.688128 0.73728 0.622592 0.770048 0.786432 0.57344 0.606208 0.933888 0.770048 1.11411 0.65536 0.622592 0.65536 0.770048 0.704512 0.786432 0.933888 0.8192 0.8192 0.720896 
Utility: 3.50159 4.25295 4.78266 3.77999 3.89658 3.68426 4.00232 3.75668 4.07375 3.33184 3.14266 4.14061 4.19232 3.66907 3.69342 3.16056 3.84196 4.57416 3.82365 4.05275 4.24082 4.20255 4.48039 4.93353 3.35487 3.54728 3.81533 3.87476 3.69014 4.57734 

--------------------------------------
Time: 25.5132
Split Ratios: 0.662 0.338 1 1 1 1 1 1 1 1 1 1 0.433 0.567 1 0.298 0.298 0.404 0.675 0.325 1 1 1 1 0.013 0.371 0.617 1 1 1 1 0.889 0.111 1 1 1 1 1 
Delays: 0.0244533 0.00748983 0.00743242 0.0112418 0.0148937 0.0169905 0.0112005 0.0149705 0.0111878 0.0314703 0.0297958 0.0118486 0.00929792 0.0205387 0.0198381 0.0243978 0.0130416 0.00947985 0.0168536 0.0188178 0.00945969 0.00929169 0.00741423 0.00555518 0.0245833 0.0224472 0.0206712 0.0169405 0.0205552 0.00741663 
Throughputs: 0.90112 0.688128 0.933888 0.933888 0.73728 0.90112 0.671744 0.540672 0.753664 0.704512 0.622592 0.557056 0.720896 0.65536 0.802816 0.753664 0.688128 0.90112 0.671744 0.622592 0.753664 0.770048 0.622592 0.835584 0.606208 0.802816 0.688128 0.638976 0.507904 0.688128 
Utility: 3.60687 4.52043 4.8335 4.41971 3.90203 3.97099 4.09392 3.58673 4.21012 3.10846 3.03952 3.85046 4.3507 3.46287 3.70052 3.43045 3.96583 4.55447 3.68531 3.49909 4.37791 4.41733 4.43049 5.0134 3.20515 3.57696 3.50523 3.63016 3.20718 4.53025 

--------------------------------------
Time: 26.0138
Split Ratios: 0.662 0.338 1 1 1 1 1 1 1 1 1 1 0.433 0.567 1 0.298 0.298 0.404 0.675 0.325 1 1 1 1 0.013 0.371 0.617 1 1 1 1 0.889 0.111 1 1 1 1 1 
Delays: 0.0244676 0.00745074 0.0073929 0.0111153 0.0150074 0.0171289 0.0112838 0.014972 0.0112077 0.0314634 0.0296494 0.0111713 0.00930169 0.0198763 0.0194427 0.0246002 0.0130559 0.00936047 0.0168868 0.0192354 0.00941576 0.00932578 0.0074086 0.00557862 0.0256574 0.0226781 0.0208485 0.016827 0.0204593 0.00741183 
Throughputs: 0.753664 0.671744 0.73728 0.753664 0.606208 0.966656 0.802816 0.589824 0.425984 0.770048 0.65536 0.704512 0.90112 0.753664 0.65536 0.606208 0.73728 0.884736 0.720896 0.638976 0.770048 0.622592 0.851968 0.933888 0.704512 0.622592 1.04858 0.753664 0.720896 0.851968 
Utility: 3.4276 4.50156 4.60245 4.21663 3.69868 4.03308 4.26476 3.67364 3.6378 3.19763 3.09574 4.14416 4.57344 3.63542 3.51771 3.20447 4.03372 4.54879 3.75396 3.50311 4.40407 4.20111 4.74491 5.12042 3.31267 3.31249 3.9179 3.80196 3.56206 4.74447 

--------------------------------------
Time: 26.5151
Split Ratios: 0.662 0.338 1 1 1 1 1 1 1 1 1 1 0.433 0.567 1 0.298 0.298 0.404 0.675 0.325 1 1 1 1 0.013 0.371 0.617 1 1 1 1 0.889 0.111 1 1 1 1 1 
Delays: 0.0243759 0.0074491 0.0073957 0.0111478 0.0150312 0.0168919 0.0113186 0.0149651 0.0111936 0.0315667 0.0296611 0.011909 0.00932587 0.0205869 0.0192155 0.0245289 0.0132284 0.00930727 0.0169158 0.0190247 0.00950433 0.00929875 0.00744384 0.00554273 0.0246674 0.0224985 0.0207536 0.0168028 0.0205034 0.00742445 
Throughputs: 0.933888 0.802816 0.770048 0.770048 0.720896 0.786432 0.671744 0.786432 0.851968 0.688128 0.73728 0.671744 0.802816 0.753664 0.57344 0.589824 0.65536 0.753664 0.507904 0.933888 0.589824 0.622592 0.786432 0.90112 0.671744 0.540672 0.917504 0.753664 0.851968 0.704512 
Utility: 3.64576 4.68003 4.64555 4.23521 3.87037 3.84067 4.08343 3.96178 4.33221 3.08187 3.21313 4.03258 4.45533 3.60029 3.39594 3.17997 3.90282 4.39415 3.40204 3.89362 4.12808 4.20401 4.66012 5.09115 3.30439 3.17936 3.78894 3.8034 3.72696 4.55273 

--------------------------------------
Time: 27.0153
Split Ratios: 0.662 0.338 1 1 1 1 1 1 1 1 1 1 0.433 0.567 1 0.298 0.298 0.404 0.675 0.325 1 1 1 1 0.013 0.371 0.617 1 1 1 1 0.889 0.111 1 1 1 1 1 
Delays: 0.0246329 0.00747017 0.00740738 0.0112161 0.0151831 0.0169539 0.0114069 0.0148127 0.0112806 0.0316026 0.0299032 0.0119361 0.00923239 0.0192465 0.0196782 0.0251504 0.0130992 0.0094121 0.0168805 0.0190913 0.00951523 0.0093942 0.0074509 0.00557624 0.0239232 0.0229497 0.0207135 0.0168486 0.020475 0.00744191 
Throughputs: 0.835584 0.720896 0.8192 0.835584 0.524288 0.8192 0.720896 0.622592 0.8192 0.851968 0.638976 0.622592 0.704512 0.8192 0.73728 0.8192 0.720896 0.688128 0.65536 0.917504 0.622592 0.540672 0.966656 0.802816 0.786432 0.851968 0.884736 0.688128 0.73728 0.688128 
Utility: 3.52405 4.56958 4.70585 4.31078 3.54186 3.87783 4.14627 3.7384 4.28524 3.29431 3.0619 3.95433 4.33479 3.751 3.62346 3.48345 4.00795 4.29198 3.65902 3.87242 4.181 4.05272 4.86551 4.96961 3.49266 3.61425 3.7545 3.70971 3.58376 4.52685 

--------------------------------------
Time: 27.5156
Split Ratios: 0.662 0.338 1 1 1 1 1 1 1 1 1 1 0.433 0.567 1 0.298 0.298 0.404 0.675 0.325 1 1 1 1 0.013 0.371 0.617 1 1 1 1 0.889 0.111 1 1 1 1 1 
Delays: 0.0243815 0.00745078 0.00740549 0.01117 0.0150411 0.0169188 0.0112291 0.0150802 0.0112507 0.0316678 0.0297248 0.0115352 0.00933193 0.0207228 0.0193889 0.0243783 0.0131646 0.00939836 0.0169105 0.0185826 0.00937405 0.00933663 0.00743987 0.00559375 0.0237116 0.022547 0.0206365 0.0169236 0.0204968 0.0073774 
Throughputs: 0.720896 0.753664 0.884736 0.540672 0.770048 0.704512 0.73728 0.720896 0.671744 0.90112 0.688128 0.770048 0.966656 0.638976 0.868352 0.753664 0.835584 0.851968 0.73728 0.851968 0.704512 0.638976 0.638976 0.770048 0.688128 0.90112 0.638976 0.540672 0.753664 0.770048 
Utility: 3.38667 4.61663 4.78307 3.87958 3.93567 3.72908 4.18446 3.86711 4.08945 3.34834 3.14199 4.20105 4.6404 3.42863 3.8019 3.43125 4.1506 4.50701 3.77503 3.82532 4.31956 4.22592 4.45301 4.9248 3.36801 3.68803 3.4328 3.46411 3.60468 4.64803 

--------------------------------------
Time: 28.0159
Split Ratios: 0.662 0.338 1 1 1 1 1 1 1 1 1 1 0.433 0.567 1 0.298 0.298 0.404 0.675 0.325 1 1 1 1 0.013 0.371 0.617 1 1 1 1 0.889 0.111 1 1 1 1 1 
Delays: 0.0246758 0.00742785 0.0073887 0.0112619 0.0149504 0.0169546 0.0111886 0.014963 0.0113704 0.0317111 0.0297521 0.011953 0.00927588 0.0200416 0.0193564 0.0246456 0.0130823 0.00941751 0.0169049 0.0196726 0.00939121 0.00939191 0.00741799 0.00557752 0.024427 0.0225542 0.0206562 0.0169389 0.020448 0.00740154 
Throughputs: 0.8192 0.425984 0.917504 0.507904 0.73728 0.786432 0.720896 0.73728 0.638976 0.704512 0.933888 0.65536 0.704512 0.8192 0.720896 0.90112 0.638976 0.704512 0.720896 0.966656 0.933888 0.606208 0.90112 0.999424 0.606208 0.884736 0.770048 0.671744 0.638976 0.8192 
Utility: 3.50251 4.04917 4.82171 3.80887 3.89823 3.83697 4.1656 3.89739 4.02885 3.10084 3.44646 4.0042 4.33009 3.71052 3.61747 3.59904 3.88861 4.31493 3.75289 3.89462 4.59958 4.16737 4.79973 5.18843 3.21153 3.66937 3.61844 3.68026 3.44198 4.70664 

--------------------------------------
Time: 28.5162
Split Ratios: 0.662 0.338 1 1 1 1 1 1 1 1 1 1 0.433 0.567 1 0.298 0.298 0.404 0.675 0.325 1 1 1 1 0.013 0.371 0.617 1 1 1 1 0.889 0.111 1 1 1 1 1 
Delays: 0.0244693 0.00747816 0.0073909 0.0112022 0.014922 0.0169036 0.0111222 0.0149787 0.0111633 0.0315641 0.0296771 0.0113443 0.0093005 0.0201025 0.0194295 0.0244426 0.0130848 0.00942669 0.0168501 0.0191627 0.00936995 0.00941982 0.00745112 0.00558282 0.024051 0.0225883 0.0207321 0.0168884 0.0204441 0.00741218 
Throughputs: 0.851968 0.622592 0.753664 0.704512 0.49152 0.671744 0.540672 0.557056 0.688128 0.770048 0.73728 0.524288 0.786432 0.606208 0.868352 0.770048 0.606208 0.802816 0.933888 0.835584 0.753664 0.720896 0.786432 0.917504 0.802816 0.8192 0.671744 0.802816 0.802816 0.786432 
Utility: 3.55013 4.4219 4.6247 4.14139 3.49466 3.68235 3.88387 3.61604 4.12135 3.19443 3.21259 3.83333 4.43744 3.40638 3.79981 3.45013 3.83577 4.44458 4.015 3.77516 4.38744 4.33768 4.65914 5.10196 3.50795 3.5909 3.4782 3.8615 3.67043 4.66438 

--------------------------------------
Time: 29.0167
Split Ratios: 0.662 0.338 1 1 1 1 1 1 1 1 1 1 0.433 0.567 1 0.298 0.298 0.404 0.675 0.325 1 1 1 1 0.013 0.371 0.617 1 1 1 1 0.889 0.111 1 1 1 1 1 
Delays: 0.0245121 0.00744084 0.00739418 0.0111726 0.015034 0.0169504 0.0111816 0.0149358 0.0112571 0.0316437 0.0298388 0.0117901 0.00931829 0.0199467 0.0196067 0.0245391 0.0130346 0.00953263 0.0169681 0.0194714 0.00948652 0.00933194 0.00747241 0.00556499 0.0255342 0.0226311 0.0207888 0.0168359 0.02053 0.00738415 
Throughputs: 0.884736 0.65536 0.704512 0.589824 0.688128 0.720896 0.720896 0.720896 0.73728 0.65536 0.688128 0.704512 0.851968 0.671744 0.851968 0.917504 0.688128 0.753664 0.8192 0.802816 0.802816 0.65536 0.884736 0.770048 0.720896 0.770048 0.933888 0.753664 0.671744 0.57344 
Utility: 3.58612 4.4782 4.55681 3.96636 3.82366 3.7502 4.16623 3.87674 4.18197 3.03065 3.13817 4.09025 4.51557 3.51681 3.77168 3.62139 3.96637 4.37023 3.87699 3.71918 4.43825 4.25174 4.77407 4.92996 3.34048 3.52713 3.80494 3.80143 3.48799 4.35232 

--------------------------------------
Time: 29.5169
Split Ratios: 0.662 0.338 1 1 1 1 1 1 1 1 1 1 0.433 0.567 1 0.298 0.298 0.404 0.675 0.325 1 1 1 1 0.013 0.371 0.617 1 1 1 1 0.889 0.111 1 1 1 1 1 
Delays: 0.0243778 0.0074522 0.00741169 0.0112485 0.015115 0.0169644 0.0111153 0.0150401 0.0111864 0.0316034 0.0296486 0.0112057 0.00928544 0.0212018 0.0193691 0.0243657 0.0130941 0.00946984 0.0169442 0.0187471 0.00941263 0.0093237 0.0074972 0.00558218 0.0245297 0.0225982 0.0205511 0.0169129 0.0204603 0.00738954 
Throughputs: 0.65536 0.557056 0.917504 0.786432 0.540672 0.90112 0.688128 0.589824 0.589824 0.73728 0.622592 0.73728 0.753664 0.442368 0.966656 0.835584 0.73728 0.786432 0.917504 0.851968 0.606208 0.475136 0.73728 0.933888 0.73728 0.933888 0.753664 0.917504 0.720896 0.688128 
Utility: 3.29151 4.31416 4.8186 4.24727 3.57713 3.97252 4.12565 3.6691 3.96512 3.1497 3.04448 4.18655 4.3965 3.03805 3.91017 3.53496 4.03081 4.41939 3.99173 3.81651 4.16517 3.93104 4.58844 5.11978 3.40308 3.72149 3.60203 3.99358 3.56201 4.53391 

--------------------------------------
Time: 30.0172
Split Ratios: 0.662 0.338 1 1 1 1 1 1 1 1 1 1 0.433 0.567 1 0.298 0.298 0.404 0.675 0.325 1 1 1 1 0.013 0.371 0.617 1 1 1 1 0.889 0.111 1 1 1 1 1 
Delays: 0.024377 0.0075253 0.00741507 0.0112044 0.0149785 0.0168157 0.0112312 0.0149329 0.0111805 0.0316097 0.0297337 0.0113234 0.00938076 0.0203777 0.0194238 0.0244491 0.0130769 0.00944578 0.0170879 0.0193459 0.00943187 0.00933928 0.00742793 0.00555518 0.0263195 0.0225373 0.0205557 0.0168013 0.0205913 0.00737825 
Throughputs: 0.786432 0.753664 0.868352 0.638976 0.557056 0.770048 0.65536 0.753664 0.720896 0.933888 0.704512 0.688128 0.933888 0.671744 0.868352 0.73728 0.671744 0.884736 0.835584 0.770048 0.622592 0.73728 0.851968 0.671744 0.688128 0.835584 0.65536 0.622592 0.720896 0.704512 
Utility: 3.47386 4.60668 4.76308 4.04356 3.61605 3.82414 4.06649 3.92138 4.16632 3.38589 3.16522 4.1071 4.6007 3.49544 3.8001 3.40638 3.93903 4.53972 3.88976 3.68397 4.1898 4.36874 4.7423 4.79515 3.26366 3.61296 3.46204 3.61244 3.55563 4.55897 

--------------------------------------
Time: 30.5173
Split Ratios: 0.662 0.338 1 1 1 1 1 1 1 1 1 1 0.433 0.567 1 0.298 0.298 0.404 0.675 0.325 1 1 1 1 0.013 0.371 0.617 1 1 1 1 0.889 0.111 1 1 1 1 1 
Delays: 0.0243172 0.00747411 0.00741468 0.0112508 0.0149687 0.0167921 0.0111472 0.0149513 0.0111767 0.0316922 0.0297386 0.0111359 0.00928308 0.0197633 0.01926 0.0243784 0.0130267 0.00927337 0.0168205 0.0193657 0.00936033 0.00929432 0.00743226 0.00554216 0.0245965 0.022515 0.0206996 0.0168515 0.0204514 0.00738989 
Throughputs: 0.786432 0.65536 0.802816 0.73728 0.589824 0.720896 0.49152 0.557056 0.524288 0.802816 0.671744 0.704512 0.65536 0.786432 0.851968 0.524288 0.606208 0.589824 0.671744 0.835584 0.933888 0.57344 0.65536 0.835584 0.688128 0.835584 0.770048 0.770048 0.65536 0.557056 
Utility: 3.47632 4.47374 4.68466 4.18253 3.67387 3.75959 3.78631 3.61787 3.84821 3.23205 3.11743 4.14733 4.25699 3.68368 3.78952 3.06834 3.84022 4.15268 3.68728 3.76463 4.60288 4.12225 4.47936 5.01575 3.33137 3.61395 3.61634 3.82201 3.46713 4.32255 

--------------------------------------
Time: 31.0175
Split Ratios: 0.662 0.338 1 1 1 1 1 1 1 1 1 1 0.433 0.567 1 0.298 0.298 0.404 0.675 0.325 1 1 1 1 0.013 0.371 0.617 1 1 1 1 0.889 0.111 1 1 1 1 1 
Delays: 0.0246947 0.00737531 0.00739463 0.0111947 0.0149944 0.0169497 0.0111604 0.0148804 0.0111637 0.0315944 0.0298611 0.0117457 0.00927666 0.0189909 0.0193004 0.0245738 0.0131878 0.00952814 0.0168041 0.0195243 0.009432 0.00932483 0.00741356 0.00557962 0.0251991 0.0227573 0.0206698 0.0166939 0.0205005 0.0074245 
Throughputs: 0.73728 0.622592 0.90112 0.688128 0.65536 0.770048 0.622592 0.524288 0.73728 1.04858 0.638976 0.851968 0.933888 0.720896 0.851968 0.8192 0.557056 0.786432 0.688128 0.999424 0.802816 0.622592 0.786432 0.786432 0.622592 0.786432 0.704512 0.622592 0.770048 0.98304 
Utility: 3.39638 4.43575 4.80288 4.11854 3.77751 3.81621 4.02152 3.56199 4.1903 3.50221 3.06331 4.28406 4.61185 3.63653 3.78742 3.50665 3.74338 4.41326 3.71235 3.93552 4.44402 4.20121 4.6642 4.94839 3.20708 3.54262 3.52883 3.61885 3.626 4.88586 

--------------------------------------
Time: 31.519
Split Ratios: 0.662 0.338 1 1 1 1 1 1 1 1 1 1 0.433 0.567 1 0.298 0.298 0.404 0.675 0.325 1 1 1 1 0.013 0.371 0.617 1 1 1 1 0.889 0.111 1 1 1 1 1 
Delays: 0.0245226 0.00749246 0.00741129 0.0113517 0.0150662 0.0168917 0.0112351 0.0149853 0.0111271 0.0315395 0.0296901 0.0117065 0.00922484 0.0209529 0.0193471 0.0246367 0.0131018 0.0096931 0.0170021 0.0200424 0.00942973 0.00937574 0.00743401 0.00556675 0.0253505 0.0225597 0.0205918 0.0168204 0.0204188 0.00739016 
Throughputs: 0.73728 0.671744 0.966656 0.704512 0.507904 0.704512 0.638976 0.638976 0.65536 0.90112 0.704512 0.868352 0.704512 0.704512 0.786432 0.671744 0.589824 0.802816 0.8192 1.01581 0.753664 0.8192 0.540672 0.720896 0.753664 0.720896 0.720896 0.770048 0.8192 0.57344 
Utility: 3.40337 4.49598 4.87084 4.12814 3.51784 3.73068 4.04082 3.7528 4.0758 3.3524 3.16669 4.30646 4.33561 3.51523 3.70497 3.30564 3.80707 4.41671 3.87499 3.92559 4.38108 4.4702 4.28675 4.86368 3.39215 3.46433 3.5556 3.82386 3.69187 4.3515 

--------------------------------------
Time: 32.0192
Split Ratios: 0.662 0.338 1 1 1 1 1 1 1 1 1 1 0.433 0.567 1 0.298 0.298 0.404 0.675 0.325 1 1 1 1 0.013 0.371 0.617 1 1 1 1 0.889 0.111 1 1 1 1 1 
Delays: 0.024642 0.00751755 0.00743266 0.0112506 0.0151091 0.0168247 0.011157 0.0149007 0.0112202 0.0316279 0.0297596 0.0121504 0.00928739 0.0200679 0.0192108 0.0247697 0.0131165 0.00935816 0.0170679 0.018898 0.00943722 0.00929132 0.00742997 0.00554502 0.0250909 0.0224569 0.0206023 0.0168786 0.0204506 0.00739701 
Throughputs: 0.622592 0.704512 0.802816 0.73728 0.458752 0.720896 0.57344 0.589824 0.671744 0.884736 0.671744 0.65536 0.950272 0.835584 0.851968 0.851968 0.688128 0.851968 0.638976 0.933888 0.753664 0.770048 0.933888 0.851968 0.589824 0.884736 0.704512 0.8192 0.57344 0.57344 
Utility: 3.22944 4.54026 4.68224 4.18255 3.41321 3.75765 3.93959 3.67841 4.09216 3.33125 3.11672 3.98782 4.62809 3.72901 3.79208 3.53793 3.9601 4.5113 3.62267 3.9003 4.38029 4.41737 4.83383 5.03465 3.15732 3.67369 3.5321 3.88228 3.33364 4.35058 

--------------------------------------
Time: 32.5193
Split Ratios: 0.662 0.338 1 1 1 1 1 1 1 1 1 1 0.433 0.567 1 0.298 0.298 0.404 0.675 0.325 1 1 1 1 0.013 0.371 0.617 1 1 1 1 0.889 0.111 1 1 1 1 1 
Delays: 0.024465 0.00746792 0.00738374 0.011288 0.0149191 0.0168348 0.0111764 0.0149198 0.0112474 0.0315543 0.0296146 0.0113112 0.00931827 0.020386 0.019287 0.0244484 0.01302 0.00934636 0.0168989 0.0192616 0.00940419 0.00936625 0.00746091 0.00560239 0.0252778 0.0226259 0.0206564 0.0168724 0.0205019 0.0074136 
Throughputs: 0.835584 0.73728 0.73728 0.65536 0.65536 0.671744 0.73728 0.57344 0.606208 0.786432 0.770048 0.65536 1.11411 0.802816 0.671744 0.966656 0.868352 0.73728 0.704512 0.851968 0.8192 0.622592 0.966656 0.933888 0.884736 0.90112 0.606208 0.671744 0.753664 0.770048 
Utility: 3.53089 4.59235 4.60369 4.06145 3.78254 3.68643 4.18917 3.64896 3.98709 3.2158 3.25819 4.05939 4.78384 3.67328 3.55044 3.67728 4.20011 4.36798 3.73026 3.78944 4.46717 4.19678 4.86417 5.11616 3.55536 3.68454 3.3792 3.6842 3.60443 4.64314 

--------------------------------------
Time: 33.02
Split Ratios: 0.662 0.338 1 1 1 1 1 1 1 1 1 1 0.433 0.567 1 0.298 0.298 0.404 0.675 0.325 1 1 1 1 0.013 0.371 0.617 1 1 1 1 0.889 0.111 1 1 1 1 1 
Delays: 0.0245486 0.00750192 0.00740692 0.0112529 0.0151146 0.0169994 0.0111717 0.0149567 0.0112647 0.0314664 0.029676 0.0113253 0.00926265 0.0196657 0.0193185 0.0245777 0.0130288 0.00946 0.0169654 0.0188495 0.00944125 0.00929015 0.00741997 0.00557878 0.0237454 0.0226256 0.0205773 0.0168202 0.0203766 0.00738951 
Throughputs: 0.704512 0.73728 0.73728 0.720896 0.73728 0.753664 0.671744 0.638976 0.90112 0.73728 0.475136 0.557056 0.622592 0.688128 0.770048 0.868352 0.720896 0.868352 0.671744 0.884736 0.688128 0.442368 0.720896 0.835584 0.49152 0.884736 0.802816 0.688128 0.770048 0.917504 
Utility: 3.35685 4.58781 4.60055 4.15987 3.88731 3.79177 4.09649 3.7547 4.38196 3.15405 2.77326 3.89562 4.2079 3.5551 3.68539 3.56476 4.01333 4.51952 3.6787 3.8488 4.28889 3.86319 4.57632 5.00916 3.03011 3.66621 3.66394 3.71139 3.63206 4.8216 

--------------------------------------
Time: 33.5201
Split Ratios: 0.662 0.338 1 1 1 1 1 1 1 1 1 1 0.433 0.567 1 0.298 0.298 0.404 0.675 0.325 1 1 1 1 0.013 0.371 0.617 1 1 1 1 0.889 0.111 1 1 1 1 1 
Delays: 0.0243092 0.00758733 0.00748146 0.0111967 0.0149724 0.0169382 0.0111762 0.0150568 0.0112815 0.0314833 0.0297945 0.0116075 0.00924506 0.0194526 0.0194762 0.0243924 0.0129506 0.00934064 0.0169123 0.0186283 0.00944366 0.00924443 0.00746146 0.00557738 0.0240658 0.0226407 0.0206776 0.0167637 0.0203586 0.00739151 
Throughputs: 0.73728 0.884736 1.06496 0.65536 0.65536 0.786432 0.376832 0.57344 0.671744 0.753664 0.671744 0.753664 0.770048 0.753664 0.688128 0.720896 0.65536 0.950272 0.671744 0.704512 0.720896 0.540672 0.770048 0.8192 0.8192 0.557056 0.999424 0.802816 0.638976 0.589824 
Utility: 3.41211 4.75881 4.95826 4.06957 3.77897 3.83793 3.51801 3.63983 4.08671 3.17549 3.11555 4.17329 4.42236 3.65696 3.56478 3.38622 3.92404 4.62237 3.68183 3.63282 4.33515 4.06879 4.6367 4.98961 3.52754 3.20292 3.87813 3.86891 3.44636 4.37949 

--------------------------------------
Time: 34.0202
Split Ratios: 0.662 0.338 1 1 1 1 1 1 1 1 1 1 0.433 0.567 1 0.298 0.298 0.404 0.675 0.325 1 1 1 1 0.013 0.371 0.617 1 1 1 1 0.889 0.111 1 1 1 1 1 
Delays: 0.0245474 0.00746491 0.00745951 0.0112207 0.0150331 0.0168309 0.011258 0.0151339 0.0111721 0.0316581 0.0297722 0.0111955 0.00931141 0.0205934 0.019454 0.0245459 0.0130294 0.00937795 0.0168304 0.0194235 0.00950981 0.00934638 0.00741869 0.00556852 0.0250899 0.0226193 0.0206886 0.0169865 0.0205332 0.00737285 
Throughputs: 0.8192 0.606208 0.770048 0.802816 0.507904 0.589824 0.73728 0.73728 0.704512 0.8192 0.868352 0.770048 0.73728 1.01581 0.770048 0.49152 0.933888 0.90112 0.868352 0.90112 0.770048 0.65536 0.65536 0.638976 0.753664 0.73728 0.835584 0.90112 0.638976 0.671744 
Utility: 3.50772 4.39701 4.63696 4.27037 3.52004 3.55661 4.18189 3.88603 4.14409 3.25333 3.37302 4.23094 4.37173 3.89847 3.6784 2.99696 4.27215 4.56528 3.94341 3.83715 4.39413 4.2502 4.48118 4.74274 3.40248 3.48416 3.69855 3.97122 3.43783 4.51207 

--------------------------------------
Time: 34.5212
Split Ratios: 0.662 0.338 1 1 1 1 1 1 1 1 1 1 0.433 0.567 1 0.298 0.298 0.404 0.675 0.325 1 1 1 1 0.013 0.371 0.617 1 1 1 1 0.889 0.111 1 1 1 1 1 
Delays: 0.0245246 0.00742818 0.0074404 0.0111544 0.0149307 0.016988 0.0111514 0.0149795 0.0111338 0.0314229 0.0298258 0.0116695 0.0092758 0.020011 0.0192666 0.0244715 0.0129753 0.00951 0.0170383 0.0190273 0.00947571 0.00933261 0.00739407 0.00557281 0.0249616 0.0226678 0.0206676 0.0168808 0.0204574 0.0073848 
Throughputs: 0.835584 0.671744 0.73728 0.671744 0.671744 0.851968 0.770048 0.65536 0.73728 0.835584 0.65536 0.65536 0.73728 0.851968 0.73728 0.917504 0.606208 1.09773 0.835584 0.933888 0.851968 0.589824 0.557056 0.606208 0.688128 0.671744 0.73728 0.720896 0.638976 0.704512 
Utility: 3.52845 4.5046 4.59604 4.09804 3.80646 3.91504 4.23488 3.7785 4.19299 3.28059 3.08981 4.0282 4.37556 3.75127 3.64459 3.62415 3.84417 4.74865 3.89266 3.89348 4.49882 4.14631 4.32199 4.68932 3.31663 3.38893 3.5744 3.75432 3.44152 4.55808 

--------------------------------------
Time: 35.0215
Split Ratios: 0.662 0.338 1 1 1 1 1 1 1 1 1 1 0.433 0.567 1 0.298 0.298 0.404 0.675 0.325 1 1 1 1 0.013 0.371 0.617 1 1 1 1 0.889 0.111 1 1 1 1 1 
Delays: 0.0242693 0.00752029 0.00739464 0.0112073 0.0151404 0.0169226 0.0112006 0.0149407 0.0112098 0.0315716 0.0296941 0.0119995 0.00930783 0.0205544 0.0193792 0.0247522 0.0131568 0.00942292 0.0169945 0.0189506 0.00959908 0.00931045 0.00740157 0.00555278 0.0257213 0.0225141 0.0205447 0.016897 0.0204438 0.00741888 
Throughputs: 0.688128 0.638976 0.835584 0.671744 0.475136 0.950272 0.73728 0.638976 0.688128 0.770048 0.589824 0.688128 0.868352 0.688128 0.770048 0.8192 0.540672 0.933888 0.73728 0.90112 1.08134 0.671744 0.999424 0.786432 0.671744 0.720896 0.638976 0.753664 0.704512 0.704512 
Utility: 3.34476 4.44226 4.72738 4.09331 3.44623 4.0281 4.187 3.75578 4.11719 3.1942 2.98888 4.04911 4.53574 3.5109 3.68225 3.49941 3.71588 4.59621 3.77008 3.8618 4.72429 4.27874 4.90549 4.95321 3.26256 3.46635 3.43727 3.79781 3.53982 4.55348 

--------------------------------------
Time: 35.5215
Split Ratios: 0.662 0.338 1 1 1 1 1 1 1 1 1 1 0.433 0.567 1 0.298 0.298 0.404 0.675 0.325 1 1 1 1 0.013 0.371 0.617 1 1 1 1 0.889 0.111 1 1 1 1 1 
Delays: 0.0245199 0.00742742 0.00738076 0.0112007 0.0151222 0.0169771 0.0112218 0.0149699 0.0111992 0.0314602 0.0295999 0.0116734 0.00931167 0.0201866 0.0192926 0.024367 0.0129824 0.00941648 0.0169719 0.0190134 0.00941184 0.00929829 0.00744178 0.00556841 0.0252409 0.022366 0.0207017 0.0171423 0.0204401 0.00739886 
Throughputs: 0.704512 0.475136 0.73728 0.589824 0.802816 0.851968 0.868352 0.589824 0.688128 0.671744 0.638976 0.704512 0.868352 0.868352 0.8192 0.720896 0.606208 0.8192 0.770048 0.933888 0.73728 0.688128 0.851968 0.622592 0.65536 0.589824 0.770048 0.770048 0.884736 0.753664 
Utility: 3.35802 4.15842 4.60409 3.96385 3.97196 3.91568 4.34874 3.67378 4.11813 3.06115 3.0721 4.10019 4.53533 3.76158 3.74861 3.38727 3.84363 4.46587 3.81489 3.89421 4.361 4.30414 4.74044 4.71678 3.25672 3.27228 3.61623 3.80491 3.76779 4.62362 

--------------------------------------
Time: 36.0216
Split Ratios: 0.662 0.338 1 1 1 1 1 1 1 1 1 1 0.433 0.567 1 0.298 0.298 0.404 0.675 0.325 1 1 1 1 0.013 0.371 0.617 1 1 1 1 0.889 0.111 1 1 1 1 1 
Delays: 0.024597 0.00740211 0.0074041 0.0111709 0.0149246 0.0168637 0.01119 0.0149008 0.0111477 0.0314201 0.0296147 0.0117588 0.00926416 0.0196852 0.0193497 0.0244872 0.0131077 0.00932932 0.0171123 0.0189217 0.0094339 0.00938024 0.00743951 0.00557102 0.0242422 0.0228152 0.0207028 0.0168815 0.0204402 0.00740346 
Throughputs: 0.753664 0.851968 0.73728 0.622592 0.57344 0.770048 0.622592 0.65536 0.770048 0.786432 0.73728 0.622592 0.868352 0.507904 0.851968 0.770048 0.720896 0.917504 0.688128 0.704512 0.606208 0.622592 1.01581 0.720896 0.589824 0.720896 0.753664 0.622592 0.770048 0.557056 
Utility: 3.42232 4.74578 4.60093 4.02058 3.64864 3.82129 4.01888 3.78377 4.23522 3.22006 3.2147 3.96929 4.54044 3.25043 3.78487 3.4483 4.0073 4.58849 3.69418 3.61719 4.16291 4.19529 4.91663 4.86292 3.19173 3.45307 3.59468 3.60767 3.62895 4.32072 

