--------------------------------------
Time: 5.50023
Split Ratios: 1 1 1 1 1 1 1 1 1 1 1 1 1 1 1 1 1 1 1 1 1 1 1 1 1 1 1 1 1 1 
Delays: 0.0171618 0.0155215 0.0148643 0.0130779 0.00925954 0.0162209 0.00946869 0.00742149 0.00748846 0.0131717 0.0157674 0.0167385 0.00747611 0.0148687 0.00569431 0.00938597 0.0168386 0.00924066 0.00741556 0.0111885 0.00937246 0.00922605 0.0093481 0.0138318 0.0179224 0.0122589 0.0175388 0.0184754 0.00937629 0.00933216 
Throughputs: 0.835584 0.753664 0.966656 0.98304 0.835584 0.884736 0.966656 0.999424 1.1305 0.90112 0.917504 1.06496 0.966656 1.09773 0.8192 0.966656 0.966656 0.802816 0.851968 0.753664 0.851968 0.868352 0.786432 0.966656 0.884736 0.98304 1.06496 0.966656 1.04858 0.966656 
Utility: 3.88544 3.88272 4.17488 4.31973 4.50248 3.99899 4.62585 4.9028 5.01705 4.22557 4.06371 4.15298 4.86213 4.30174 4.96886 4.63463 4.05017 4.46451 4.74397 4.21006 4.50977 4.54457 4.43233 4.24688 3.89924 4.3844 4.10628 3.9574 4.717 4.64038 

--------------------------------------
Time: 6.00031
Split Ratios: 1 1 1 1 1 1 1 1 1 1 1 1 1 1 1 1 1 1 1 1 1 1 1 1 1 1 1 1 1 1 
Delays: 0.0172138 0.0158596 0.0149363 0.0130219 0.00928335 0.0157434 0.00949462 0.00742398 0.00755174 0.0132335 0.0155702 0.0167341 0.0074797 0.01486 0.00578965 0.00952643 0.0168917 0.0092249 0.00742659 0.0112773 0.00930474 0.00925554 0.00932134 0.013864 0.0176174 0.0121043 0.0179405 0.0178678 0.00936265 0.00924767 
Throughputs: 0.720896 0.98304 1.16326 0.884736 0.917504 0.933888 0.966656 0.90112 1.09773 0.802816 0.917504 0.90112 0.933888 0.933888 1.04858 0.8192 0.917504 0.8192 1.1305 1.01581 0.8192 0.884736 0.851968 0.835584 1.16326 0.966656 0.720896 1.03219 1.2288 0.8192 
Utility: 3.73478 4.12688 4.35519 4.21866 4.59343 4.08294 4.62312 4.79892 4.97922 4.10537 4.0763 3.98619 4.82716 4.14068 5.19912 4.45426 3.99483 4.48642 5.02535 4.50065 4.4778 4.56007 4.51524 4.09884 4.1901 4.38028 3.69343 4.05644 4.87706 4.48396 

--------------------------------------
Time: 6.50038
Split Ratios: 1 1 1 1 1 1 1 1 1 1 1 1 1 1 1 1 1 1 1 1 1 1 1 1 1 1 1 1 1 1 
Delays: 0.0172829 0.0156513 0.0149158 0.013052 0.00933952 0.0156531 0.00945039 0.00742464 0.00755356 0.0130866 0.0153068 0.0167237 0.00749319 0.0148884 0.00563471 0.009398 0.0167862 0.00922837 0.00738936 0.0112282 0.00931736 0.00923279 0.0093714 0.0139216 0.017638 0.0118433 0.0175075 0.0179443 0.00937253 0.00928672 
Throughputs: 1.03219 1.01581 1.09773 1.03219 0.802816 0.786432 0.835584 1.14688 1.21242 0.753664 0.802816 0.90112 0.950272 1.1305 1.2288 1.01581 1.17965 0.753664 0.73728 0.786432 0.98304 0.720896 0.98304 0.933888 1.08134 0.966656 0.966656 0.688128 0.933888 0.999424 
Utility: 4.08972 4.17289 4.29858 4.3705 4.45387 3.91683 4.48208 5.04 5.07835 4.05335 3.95983 3.98681 4.84275 4.32983 5.38485 4.68294 4.25241 4.40266 4.60293 4.24908 4.65877 4.35773 4.65299 4.20591 4.1159 4.40208 4.01121 3.6467 4.60157 4.67859 

--------------------------------------
Time: 7.00097
Split Ratios: 1 1 1 1 1 1 1 1 1 1 1 1 1 1 1 1 1 1 1 1 1 1 1 1 1 1 1 1 1 1 
Delays: 0.0172262 0.0157017 0.014896 0.0130104 0.00939925 0.0161119 0.00946784 0.00752389 0.00749633 0.0132386 0.0155275 0.0166617 0.00750063 0.0149103 0.00561089 0.00929618 0.016966 0.00925664 0.00742837 0.0112522 0.00941802 0.00923165 0.00944403 0.0138491 0.0176852 0.0125161 0.0174332 0.0177928 0.00936358 0.00922468 
Throughputs: 0.933888 0.90112 1.1305 0.966656 0.802816 0.802816 0.8192 1.16326 1.24518 0.98304 1.04858 1.11411 0.90112 1.09773 0.950272 0.8192 1.09773 1.08134 0.933888 0.884736 0.933888 0.720896 0.753664 1.06496 0.950272 0.868352 0.73728 1.01581 1.19603 0.802816 
Utility: 3.99293 4.04987 4.32932 4.30809 4.4475 3.90857 4.46043 5.0409 5.11263 4.30752 4.21258 4.2027 4.78865 4.29894 5.13204 4.47872 4.16979 4.76062 4.83405 4.36472 4.59673 4.35786 4.37956 4.34247 3.98402 4.23958 3.74459 4.04465 4.84994 4.46624 

--------------------------------------
Time: 7.50143
Split Ratios: 1 1 1 1 1 1 1 1 1 1 1 1 1 1 1 1 1 1 1 1 1 1 1 1 1 1 1 1 1 1 
Delays: 0.0172321 0.0153696 0.0150162 0.0130117 0.00927157 0.0155632 0.0093569 0.00740797 0.00761987 0.0133021 0.0155297 0.0167016 0.00744549 0.0149169 0.00560766 0.0093738 0.0169041 0.00927084 0.00738699 0.0112568 0.00936705 0.00928279 0.00925187 0.0137261 0.0174659 0.0120057 0.0175889 0.0174712 0.00935306 0.00925936 
Throughputs: 0.851968 0.999424 1.17965 0.950272 0.999424 0.966656 0.868352 0.851968 1.04858 0.90112 0.90112 1.1305 0.884736 0.90112 0.98304 0.8192 1.1305 0.966656 0.884736 0.671744 0.999424 0.950272 0.770048 0.999424 0.933888 0.868352 1.03219 0.671744 0.8192 1.11411 
Utility: 3.90078 4.17479 4.36384 4.2909 4.68023 4.12893 4.53048 4.74499 4.92443 4.21572 4.06089 4.21491 4.77768 4.10114 5.16652 4.47041 4.20285 4.64697 4.78557 4.0889 4.66998 4.62859 4.42163 4.28788 3.9791 4.28122 4.07217 3.64932 4.47262 4.79018 

--------------------------------------
Time: 8.0016
Split Ratios: 1 1 1 1 1 1 1 1 1 1 1 1 1 1 1 1 1 1 1 1 1 1 1 1 1 1 1 1 1 1 
Delays: 0.0172419 0.0154044 0.0149544 0.0129805 0.00930108 0.0155649 0.00941293 0.00739507 0.00751215 0.0131138 0.0154367 0.0167772 0.00747716 0.0148923 0.00562456 0.00935554 0.0168345 0.00926252 0.00741215 0.0111988 0.00930913 0.00924849 0.0092529 0.0134489 0.0176014 0.0119527 0.0175731 0.0178185 0.00938641 0.00924821 
Throughputs: 1.1305 0.90112 0.8192 1.03219 0.999424 0.917504 0.884736 1.08134 0.884736 0.720896 0.90112 1.1305 0.8192 0.933888 0.868352 0.786432 0.851968 0.950272 0.950272 0.950272 0.90112 0.950272 0.720896 0.933888 0.999424 0.835584 1.16326 0.917504 1.01581 0.851968 
Utility: 4.18307 4.06898 4.00332 4.376 4.67705 4.07664 4.5432 4.98515 4.76877 4.00683 4.06689 4.21039 4.69647 4.13851 5.03945 4.43154 3.92412 4.63077 4.85363 4.44095 4.57264 4.63229 4.35556 4.24046 4.0392 4.24717 4.19261 3.94142 4.68418 4.52312 

--------------------------------------
Time: 8.50195
Split Ratios: 1 1 1 1 1 1 1 1 1 1 1 1 1 1 1 1 1 1 1 1 1 1 1 1 1 1 1 1 1 1 
Delays: 0.0170117 0.0158832 0.0149074 0.012977 0.00932997 0.0160684 0.00946297 0.00738837 0.00754316 0.0131132 0.0155001 0.0167164 0.00747601 0.0148463 0.00563694 0.00932013 0.0169462 0.009216 0.00748517 0.0111629 0.0093036 0.0092729 0.00930298 0.0138401 0.0175776 0.0120275 0.017615 0.018064 0.00935509 0.00923647 
Throughputs: 0.933888 0.933888 1.1305 0.8192 0.98304 0.90112 0.802816 1.03219 0.966656 0.770048 0.868352 0.966656 0.933888 0.884736 0.999424 0.868352 1.08134 0.917504 0.999424 0.704512 1.01581 0.8192 0.933888 0.884736 0.950272 0.8192 0.90112 1.06496 0.90112 0.8192 
Utility: 4.00545 4.0741 4.32855 4.14515 4.65742 4.02678 4.44074 4.93953 4.8532 4.07283 4.02575 4.05745 4.82766 4.08754 5.17784 4.53442 4.15591 4.60072 4.89425 4.14491 4.69304 4.48123 4.60902 4.15772 3.99012 4.22113 3.93489 4.07677 4.56772 4.48517 

--------------------------------------
Time: 9.00216
Split Ratios: 1 1 1 1 1 1 1 1 1 1 1 1 1 1 1 1 1 1 1 1 1 1 1 1 1 1 1 1 1 1 
Delays: 0.0173271 0.0159506 0.0148731 0.0130158 0.00928784 0.0162228 0.00945118 0.00744908 0.00750476 0.0132361 0.0155113 0.0167216 0.0074658 0.0148533 0.00558372 0.0093423 0.0167295 0.00923601 0.00738122 0.0112159 0.00935402 0.00926949 0.00932988 0.0142934 0.018008 0.0124329 0.0176116 0.0182166 0.00932539 0.00922621 
Throughputs: 0.966656 0.884736 0.98304 0.884736 0.98304 1.03219 0.786432 1.04858 0.999424 0.786432 0.933888 0.966656 0.917504 1.11411 0.98304 0.835584 1.09773 0.868352 0.999424 0.950272 0.786432 0.966656 0.835584 1.14688 1.06496 1.17965 0.868352 0.671744 0.868352 0.884736 
Utility: 4.02157 4.01579 4.19109 4.21912 4.66194 4.15302 4.42137 4.9471 4.89164 4.08456 4.09779 4.05714 4.81132 4.31759 5.1708 4.49358 4.18383 4.54349 4.90824 4.43941 4.4317 4.64711 4.49491 4.38501 4.07988 4.55263 3.89804 3.60755 4.53386 4.56324 

--------------------------------------
Time: 9.50216
Split Ratios: 1 1 1 1 1 1 1 1 1 1 1 1 1 1 1 1 1 1 1 1 1 1 1 1 1 1 1 1 1 1 
Delays: 0.0172582 0.0155559 0.0148534 0.0129397 0.00924566 0.0158957 0.00938214 0.00740379 0.00753699 0.0131434 0.0152989 0.0167357 0.00750634 0.014883 0.00559895 0.00946992 0.0168438 0.00931589 0.00741403 0.0112727 0.00940389 0.00925514 0.0093186 0.0137635 0.0178181 0.0118288 0.0179347 0.0178178 0.00940644 0.00927229 
Throughputs: 0.917504 0.884736 1.1305 0.753664 1.06496 0.950272 0.638976 1.01581 1.11411 0.8192 0.770048 1.04858 1.01581 1.01581 0.868352 0.802816 1.06496 0.933888 0.966656 0.770048 1.03219 1.06496 0.720896 0.90112 1.11411 0.884736 0.999424 0.90112 1.03219 0.8192 
Utility: 3.97337 4.04085 4.33218 4.06464 4.74654 4.0907 4.22106 4.92145 4.99599 4.13241 3.91867 4.13764 4.90769 4.22322 5.04402 4.44001 4.14671 4.60763 4.87047 4.22407 4.69832 4.74551 4.34848 4.18162 4.1356 4.31475 4.02044 3.92344 4.69804 4.4813 

--------------------------------------
Time: 10.0022
Split Ratios: 1 1 1 1 1 1 1 1 1 1 1 1 1 1 1 1 1 1 1 1 1 1 1 1 1 1 1 1 1 1 
Delays: 0.0170811 0.0155432 0.0149809 0.0129773 0.00936163 0.0157313 0.00956252 0.0074188 0.00753578 0.0131035 0.0154872 0.0166884 0.00749443 0.0148269 0.00563398 0.009409 0.0168461 0.00926667 0.00738463 0.0111839 0.00933244 0.00924502 0.00927186 0.0137901 0.0176222 0.0117997 0.0175737 0.0178422 0.00933483 0.00922378 
Throughputs: 0.688128 0.90112 1.14688 0.835584 1.01581 0.98304 0.802816 1.06496 1.01581 0.753664 0.884736 1.08134 1.19603 0.999424 1.04858 0.999424 1.08134 1.03219 0.90112 0.868352 0.884736 1.06496 0.786432 0.98304 1.08134 1.01581 0.720896 0.851968 0.802816 0.704512 
Utility: 3.696 4.06001 4.33803 4.16493 4.68682 4.135 4.43027 4.96668 4.90378 4.05207 4.04528 4.17125 5.0726 4.21073 5.22637 4.66551 4.16184 4.71302 4.80424 4.35212 4.55179 4.74661 4.44052 4.2667 4.1168 4.45536 3.71409 3.86598 4.45437 4.33572 

--------------------------------------
Time: 10.5022
Split Ratios: 1 1 1 1 1 1 1 1 1 1 1 1 1 1 1 1 1 1 1 1 1 1 1 1 1 1 1 1 1 1 
Delays: 0.017043 0.0157564 0.014901 0.012996 0.00928351 0.0160046 0.00947889 0.00742279 0.00754757 0.0132884 0.0152053 0.0168289 0.00747722 0.0149101 0.00568445 0.00939986 0.0170045 0.00926118 0.00742894 0.0111291 0.00944695 0.00926842 0.00929284 0.0138769 0.0180874 0.0122498 0.0179101 0.0182857 0.00934568 0.00927028 
Throughputs: 0.720896 1.09773 1.11411 0.835584 0.98304 1.01581 0.868352 1.21242 0.90112 0.786432 0.720896 1.04858 1.11411 0.999424 0.917504 0.966656 0.868352 0.835584 0.98304 1.19603 0.90112 0.98304 0.950272 1.06496 0.917504 0.917504 0.917504 0.868352 1.06496 1.08134 
Utility: 3.74475 4.24375 4.31438 4.16349 4.66241 4.15057 4.51753 5.09582 4.78241 4.08061 3.85885 4.13209 5.00395 4.20514 5.08392 4.63315 3.93312 4.5023 4.88527 4.6772 4.55795 4.66404 4.6275 4.34047 3.92644 4.31615 3.93629 3.86048 4.73578 4.75915 

--------------------------------------
Time: 11.0033
Split Ratios: 1 1 1 1 1 1 1 1 1 1 1 1 1 1 1 1 1 1 1 1 1 1 1 1 1 1 1 1 1 1 
Delays: 0.0171805 0.0157729 0.0148943 0.0130157 0.00943186 0.0161327 0.00951872 0.00743671 0.00746402 0.0131248 0.0152415 0.0167538 0.00742997 0.014913 0.00566959 0.00947129 0.0168535 0.00927294 0.00747831 0.0111404 0.00929461 0.00925762 0.0093408 0.0137037 0.0177356 0.0122689 0.0174438 0.0180243 0.0093667 0.0092492 
Throughputs: 0.851968 0.8192 1.1305 1.17965 1.04858 0.8192 0.8192 0.917504 0.90112 0.868352 0.770048 1.08134 0.98304 1.03219 1.04858 0.851968 0.98304 0.753664 0.950272 0.835584 0.770048 1.16326 0.835584 0.884736 1.27795 1.11411 0.8192 1.01581 0.8192 0.950272 
Utility: 3.90377 3.95004 4.32943 4.50682 4.7111 3.92748 4.45507 4.81523 4.79354 4.19209 3.92243 4.16734 4.88513 4.2372 5.22007 4.49928 4.06609 4.39785 4.84474 4.31755 4.41702 4.83354 4.49374 4.16762 4.27744 4.50874 3.84934 4.03172 4.47117 4.63221 

--------------------------------------
Time: 11.5034
Split Ratios: 1 1 1 1 1 1 1 1 1 1 1 1 1 1 1 1 1 1 1 1 1 1 1 1 1 1 1 1 1 1 
Delays: 0.0170394 0.0154963 0.0149528 0.0130074 0.00925487 0.0159955 0.00933843 0.00740103 0.00752139 0.0132472 0.0154389 0.0166548 0.00751484 0.0149003 0.00560639 0.00933837 0.0168906 0.00929211 0.00742976 0.0112107 0.00928522 0.00926681 0.00936209 0.0137752 0.0179616 0.0121744 0.0175866 0.01788 0.00933841 0.0092595 
Throughputs: 1.06496 1.24518 1.1305 0.835584 0.786432 0.835584 0.704512 1.11411 1.19603 0.770048 0.966656 0.950272 0.884736 1.04858 0.917504 0.753664 1.03219 1.08134 0.98304 0.786432 0.704512 0.802816 0.933888 1.04858 0.868352 0.98304 0.8192 0.884736 0.999424 0.950272 
Utility: 4.13517 4.38644 4.32551 4.16261 4.44236 3.95582 4.32337 5.01419 5.06901 4.06267 4.13695 4.04405 4.76841 4.25381 5.09775 4.39081 4.11268 4.75679 4.88516 4.25064 4.32908 4.46169 4.60269 4.33232 3.87836 4.39132 3.84119 3.9016 4.67304 4.6311 

--------------------------------------
Time: 12.0041
Split Ratios: 1 1 1 1 1 1 1 1 1 1 1 1 1 1 1 1 1 1 1 1 1 1 1 1 1 1 1 1 1 1 
Delays: 0.0173797 0.0161751 0.0148922 0.0130367 0.00926377 0.0168731 0.0094585 0.00741505 0.00748522 0.0131848 0.0153466 0.0167055 0.00744578 0.0148794 0.00561896 0.0093093 0.0169038 0.00923388 0.00739503 0.011133 0.00930633 0.00927084 0.00934568 0.0143338 0.0182525 0.0124636 0.0175472 0.0184706 0.00936159 0.00927057 
Throughputs: 1.01581 1.09773 0.950272 1.06496 0.835584 1.16326 0.851968 0.851968 1.01581 0.884736 1.03219 1.17965 0.868352 0.950272 1.03219 0.884736 0.917504 0.98304 1.09773 0.802816 0.884736 1.09773 0.720896 0.90112 1.14688 0.868352 0.8192 1.04858 0.98304 0.884736 
Utility: 4.06813 4.21752 4.15591 4.40292 4.50202 4.23327 4.50064 4.74404 4.91051 4.20622 4.20854 4.25724 4.75895 4.15677 5.21329 4.55428 3.99412 4.66777 5.00019 4.27822 4.55459 4.77412 4.34558 4.14102 4.1405 4.24378 3.84343 4.03901 4.65403 4.55844 

--------------------------------------
Time: 12.5041
Split Ratios: 1 1 1 1 1 1 1 1 1 1 1 1 1 1 1 1 1 1 1 1 1 1 1 1 1 1 1 1 1 1 
Delays: 0.0173662 0.0160119 0.0148886 0.0129934 0.00928584 0.0162368 0.00955461 0.00747167 0.0075506 0.013065 0.0156977 0.0166997 0.0074559 0.0149234 0.00565832 0.00940653 0.0168828 0.00929006 0.00741894 0.0111886 0.00933884 0.00932312 0.00932417 0.0139018 0.0181476 0.0126542 0.0181308 0.0186976 0.00931962 0.00927657 
Throughputs: 0.950272 0.851968 1.01581 0.770048 0.90112 1.08134 0.999424 1.09773 0.966656 0.753664 0.8192 1.19603 0.999424 0.999424 1.14688 0.851968 1.14688 1.37626 0.868352 0.950272 0.786432 0.868352 0.933888 0.90112 0.917504 0.917504 1.01581 1.01581 0.868352 0.851968 
Utility: 4.00222 3.97422 4.22284 4.08201 4.57515 4.19868 4.65016 4.98988 4.85222 4.05501 3.95481 4.27138 4.89817 4.20425 5.31167 4.50615 4.21851 4.99818 4.76256 4.44185 4.43332 4.5341 4.60675 4.17162 3.92312 4.28366 4.02583 3.99505 4.53448 4.52006 

--------------------------------------
Time: 13.0041
Split Ratios: 1 1 1 1 1 1 1 1 1 1 1 1 1 1 1 1 1 1 1 1 1 1 1 1 1 1 1 1 1 1 
Delays: 0.017371 0.0155186 0.0149064 0.0129824 0.00937689 0.0161368 0.0093653 0.00739987 0.00747999 0.0130852 0.0156609 0.0168073 0.0074673 0.0149835 0.00558223 0.00930029 0.0167959 0.009216 0.00739813 0.0111766 0.00934435 0.00926966 0.00935489 0.0139043 0.0180097 0.0124051 0.0176423 0.0180991 0.00937509 0.0092315 
Throughputs: 1.1305 0.884736 1.19603 0.851968 1.09773 0.786432 0.475136 1.09773 0.884736 0.786432 1.04858 0.966656 0.917504 0.851968 1.09773 0.851968 1.14688 0.950272 0.966656 0.8192 0.73728 1.01581 0.98304 1.16326 0.950272 0.950272 1.04858 1.08134 0.917504 0.868352 
Utility: 4.17561 4.04325 4.38497 4.18395 4.76275 3.8864 3.92659 4.99954 4.77306 4.09602 4.20402 4.05203 4.81112 4.0406 5.28141 4.5175 4.22366 4.63581 4.87262 4.29451 4.3682 4.69669 4.65475 4.42679 3.96584 4.33864 4.08489 4.0901 4.5836 4.54398 

--------------------------------------
Time: 13.5043
Split Ratios: 1 1 1 1 1 1 1 1 1 1 1 1 1 1 1 1 1 1 1 1 1 1 1 1 1 1 1 1 1 1 
Delays: 0.0172009 0.0155579 0.0148693 0.0130198 0.00936508 0.0157268 0.00952829 0.00745379 0.00749021 0.01304 0.0154225 0.0167065 0.00748646 0.0149372 0.00563768 0.00931576 0.016879 0.00924943 0.00741642 0.011218 0.00926204 0.00922983 0.00924378 0.0137177 0.0178647 0.0119746 0.0176111 0.0180023 0.00936341 0.00932151 
Throughputs: 0.966656 0.868352 0.90112 1.01581 1.11411 0.868352 1.19603 0.999424 0.884736 0.786432 0.802816 0.966656 1.17965 0.98304 0.933888 1.16326 1.16326 0.868352 1.04858 0.704512 0.90112 0.835584 0.753664 0.835584 0.786432 1.04858 1.03219 1.03219 1.11411 0.802816 
Utility: 4.02888 4.02203 4.10434 4.35697 4.77882 4.01123 4.8325 4.89846 4.77169 4.09948 3.9523 4.05804 5.05987 4.1868 5.10988 4.82728 4.23291 4.54204 4.95149 4.13999 4.57771 4.50569 4.401 4.10944 3.78468 4.4724 4.07091 4.04894 4.779 4.4558 

--------------------------------------
Time: 14.0046
Split Ratios: 1 1 1 1 1 1 1 1 1 1 1 1 1 1 1 1 1 1 1 1 1 1 1 1 1 1 1 1 1 1 
Delays: 0.0173298 0.0163093 0.0148711 0.0129913 0.00932745 0.0167588 0.00956309 0.00742004 0.00747327 0.0130528 0.0156894 0.0167243 0.0074525 0.0149515 0.00558945 0.00943602 0.0169534 0.00925945 0.00748887 0.0112282 0.00926984 0.009216 0.00927235 0.0146279 0.0178981 0.0123323 0.0179515 0.0186691 0.00939434 0.00923235 
Throughputs: 0.917504 0.688128 1.08134 0.65536 0.933888 0.950272 1.03219 1.1305 0.835584 0.704512 1.04858 0.98304 1.06496 1.04858 0.917504 0.851968 1.09773 0.98304 0.770048 0.999424 0.8192 0.770048 0.770048 0.851968 0.917504 0.884736 0.753664 1.16326 0.966656 0.868352 
Utility: 3.96923 3.74224 4.28654 3.92091 4.60639 4.03783 4.68153 5.02623 4.7168 3.98851 4.2022 4.07379 4.96214 4.25038 5.10078 4.50301 4.17053 4.665 4.63304 4.48876 4.48156 4.42551 4.41942 4.06462 3.93696 4.27307 3.73728 4.13211 4.63374 4.54388 

--------------------------------------
Time: 14.5048
Split Ratios: 1 1 1 1 1 1 1 1 1 1 1 1 1 1 1 1 1 1 1 1 1 1 1 1 1 1 1 1 1 1 
Delays: 0.0173061 0.015548 0.0148612 0.0129678 0.0092726 0.015891 0.00940193 0.00739762 0.00754411 0.0132289 0.0153864 0.0167506 0.0073989 0.0148703 0.00562754 0.0093278 0.0170078 0.00925935 0.00743801 0.0112533 0.00933167 0.00923012 0.00930973 0.0135211 0.017493 0.0119457 0.0173597 0.0175352 0.00947424 0.0092417 
Throughputs: 0.966656 0.802816 1.03219 0.90112 0.868352 0.73728 0.770048 0.933888 1.03219 0.786432 0.966656 0.933888 0.835584 1.01581 0.884736 0.851968 1.21242 0.917504 0.966656 0.770048 0.950272 0.688128 0.884736 0.8192 1.06496 0.90112 1.01581 0.868352 0.884736 1.06496 
Utility: 4.02278 3.9442 4.24068 4.24117 4.53953 3.83722 4.40554 4.8382 4.91867 4.0851 4.14036 4.02092 4.7268 4.22408 5.05762 4.51455 4.2667 4.59602 4.86724 4.22579 4.62333 4.3115 4.55423 4.10408 4.10889 4.32326 4.06929 3.90239 4.53671 4.74697 

--------------------------------------
Time: 15.0048
Split Ratios: 1 1 1 1 1 1 1 1 1 1 1 1 1 1 1 1 1 1 1 1 1 1 1 1 1 1 1 1 1 1 
Delays: 0.0174749 0.0154233 0.0149667 0.012995 0.00930793 0.0158385 0.0094766 0.00741019 0.00751465 0.0131368 0.0156415 0.016759 0.0074323 0.0148836 0.00562066 0.00940276 0.0167846 0.00924311 0.00741683 0.0112248 0.00928446 0.00924589 0.0092592 0.0136493 0.0177013 0.0121887 0.0172012 0.0177169 0.00930167 0.00926389 
Throughputs: 0.917504 1.04858 0.98304 0.851968 0.90112 1.06496 0.868352 1.14688 1.06496 0.884736 0.90112 0.950272 0.884736 1.08134 1.35987 0.966656 0.950272 0.868352 0.884736 0.90112 0.786432 0.770048 0.90112 0.671744 0.65536 0.90112 0.720896 0.868352 0.966656 0.786432 
Utility: 3.96089 4.21931 4.18482 4.18299 4.57277 4.20825 4.51777 5.04194 4.95384 4.20987 4.05371 4.03781 4.77945 4.2857 5.4887 4.63284 4.03628 4.54272 4.78154 4.38551 4.43916 4.42227 4.57802 3.89619 3.61155 4.30313 3.73552 3.89208 4.64365 4.44138 

--------------------------------------
Time: 15.5049
Split Ratios: 1 1 1 1 1 1 1 1 1 1 1 1 1 1 1 1 1 1 1 1 1 1 1 1 1 1 1 1 1 1 
Delays: 0.0175821 0.0154607 0.01496 0.0129814 0.00936766 0.0158124 0.00944016 0.0073968 0.00757513 0.0131552 0.0154418 0.0166774 0.00745092 0.0150015 0.00560777 0.00938539 0.0168547 0.00931566 0.00740092 0.0113338 0.00933265 0.00929258 0.00931776 0.0137085 0.0175953 0.0120517 0.0175165 0.0180494 0.00929622 0.00924977 
Throughputs: 0.98304 0.720896 1.11411 0.802816 1.01581 0.966656 0.884736 1.03219 1.08134 0.917504 0.770048 0.950272 0.98304 1.03219 1.24518 0.770048 1.01581 0.98304 1.06496 0.917504 0.835584 0.98304 0.917504 0.950272 0.999424 0.999424 0.786432 1.21242 1.16326 0.933888 
Utility: 4.02377 3.8422 4.31043 4.12461 4.68618 4.11305 4.54032 4.93839 4.96109 4.24484 3.90938 4.04269 4.88231 4.23129 5.40289 4.4073 4.09881 4.65895 4.96909 4.39387 4.49461 4.66143 4.58973 4.23873 4.03955 4.41798 3.80436 4.20726 4.82938 4.61476 

--------------------------------------
Time: 16.005
Split Ratios: 1 1 1 1 1 1 1 1 1 1 1 1 1 1 1 1 1 1 1 1 1 1 1 1 1 1 1 1 1 1 
Delays: 0.0170444 0.0156869 0.0149515 0.0130023 0.00928489 0.0157477 0.00948271 0.00740518 0.00753174 0.0132609 0.0153438 0.0167207 0.00751023 0.0148814 0.00562719 0.00937031 0.0168046 0.00925491 0.00740699 0.0111949 0.00936163 0.0092762 0.00927407 0.0143043 0.0175814 0.0121219 0.0181547 0.0184117 0.00941483 0.00925728 
Throughputs: 0.688128 0.884736 1.2288 0.999424 0.868352 0.786432 0.90112 1.11411 0.933888 0.73728 1.08134 1.14688 0.966656 0.917504 0.999424 0.933888 1.11411 0.917504 0.90112 0.720896 0.786432 0.917504 0.90112 0.917504 0.835584 1.16326 0.917504 0.999424 1.04858 1.08134 
Utility: 3.69815 4.03247 4.40898 4.34205 4.53821 3.91081 4.55417 5.01363 4.82023 4.01815 4.25525 4.22815 4.85758 4.12155 5.17957 4.60181 4.19416 4.5965 4.80121 4.16504 4.43089 4.5942 4.57642 4.1611 3.86129 4.56397 3.92273 3.99419 4.7129 4.76055 

--------------------------------------
Time: 16.5054
Split Ratios: 1 1 1 1 1 1 1 1 1 1 1 1 1 1 1 1 1 1 1 1 1 1 1 1 1 1 1 1 1 1 
Delays: 0.0171252 0.0154488 0.0149126 0.0130455 0.00924714 0.0155891 0.00939229 0.00739999 0.00756942 0.0131814 0.015269 0.0167074 0.00746746 0.0149232 0.00563469 0.0095136 0.0168527 0.00925781 0.00739753 0.0112516 0.00939229 0.00922944 0.00933053 0.0136922 0.0175183 0.011933 0.0174959 0.0176475 0.00938679 0.00924116 
Throughputs: 0.786432 1.06496 1.09773 0.868352 1.06496 0.802816 0.90112 1.01581 0.90112 0.868352 0.884736 1.17965 1.09773 1.09773 1.01581 0.671744 0.917504 0.966656 0.753664 1.1305 1.03219 0.90112 0.966656 0.950272 0.868352 0.8192 0.98304 0.851968 1.08134 0.999424 
Utility: 3.82696 4.23316 4.29879 4.19816 4.74638 3.94155 4.56375 4.92196 4.77952 4.18779 4.05946 4.25712 4.99044 4.29808 5.1945 4.25715 3.99715 4.64837 4.6238 4.6099 4.69955 4.58124 4.64055 4.23992 3.90335 4.22902 4.02869 3.87695 4.74666 4.68351 

--------------------------------------
Time: 17.0055
Split Ratios: 1 1 1 1 1 1 1 1 1 1 1 1 1 1 1 1 1 1 1 1 1 1 1 1 1 1 1 1 1 1 
Delays: 0.0172401 0.0158422 0.0149877 0.0130212 0.0092443 0.016136 0.00959179 0.00741408 0.00751882 0.0131382 0.0157581 0.0167252 0.00755283 0.0149336 0.0056189 0.00937406 0.0169271 0.00929288 0.00744055 0.0112355 0.00932462 0.00925118 0.00930013 0.0137606 0.0181946 0.0121643 0.0176475 0.0182352 0.00943819 0.0092357 
Throughputs: 1.01581 0.802816 1.16326 1.01581 0.753664 0.933888 0.884736 1.16326 1.04858 0.753664 1.06496 1.09773 1.16326 0.90112 0.98304 0.999424 0.8192 1.04858 1.06496 0.8192 0.720896 0.999424 0.851968 0.950272 0.90112 1.04858 1.08134 0.950272 0.98304 0.90112 
Utility: 4.0762 3.92545 4.35175 4.35686 4.40094 4.0583 4.52438 5.0556 4.93778 4.04942 4.21333 4.18408 5.03706 4.10003 5.16451 4.66923 3.87941 4.72594 4.96375 4.28925 4.34784 4.68243 4.51752 4.23494 3.90251 4.45669 4.11536 3.95339 4.64589 4.58056 

--------------------------------------
Time: 17.5056
Split Ratios: 1 1 1 1 1 1 1 1 1 1 1 1 1 1 1 1 1 1 1 1 1 1 1 1 1 1 1 1 1 1 
Delays: 0.0175612 0.0157968 0.0148422 0.0129883 0.00937167 0.0163216 0.00960474 0.00745893 0.00749246 0.0131554 0.0159864 0.0167367 0.00742761 0.0149803 0.00568223 0.00953421 0.0169134 0.0092209 0.0074045 0.0112614 0.00932171 0.00925666 0.00928007 0.0140676 0.0181985 0.0123847 0.0182878 0.0183494 0.00937786 0.00922075 
Throughputs: 0.868352 0.933888 0.933888 0.98304 0.98304 1.14688 1.21242 0.851968 0.720896 1.03219 1.01581 1.08134 0.933888 0.884736 0.73728 0.884736 0.98304 0.802816 0.770048 0.835584 0.950272 0.851968 0.917504 0.835584 0.851968 1.03219 0.98304 1.35987 1.04858 0.638976 
Utility: 3.90091 4.07955 4.14188 4.3266 4.65296 4.25231 4.83811 4.73814 4.5666 4.36261 4.1517 4.16836 4.83415 4.07855 4.86562 4.5304 4.06254 4.46665 4.64436 4.30675 4.6244 4.52221 4.59379 4.08426 3.84621 4.42298 3.98442 4.30555 4.71684 4.23841 

--------------------------------------
Time: 18.0057
Split Ratios: 1 1 1 1 1 1 1 1 1 1 1 1 1 1 1 1 1 1 1 1 1 1 1 1 1 1 1 1 1 1 
Delays: 0.017074 0.015459 0.0148258 0.0129622 0.0092653 0.0155714 0.00941175 0.00740832 0.00750201 0.0132384 0.0154223 0.0167199 0.00752482 0.0148576 0.00559763 0.00939746 0.0167748 0.00923175 0.00740037 0.0112047 0.00926186 0.00924683 0.00928106 0.013754 0.0176226 0.0120519 0.0176475 0.0177849 0.00933974 0.00934353 
Throughputs: 0.950272 0.868352 1.01581 0.851968 1.03219 0.786432 0.950272 1.14688 0.966656 0.835584 0.933888 1.09773 1.17965 0.917504 0.884736 0.835584 0.884736 0.753664 0.917504 0.98304 0.73728 0.802816 0.65536 1.09773 1.04858 1.04858 1.04858 0.786432 1.04858 0.90112 
Utility: 4.01919 4.02841 4.22707 4.18551 4.71316 3.92207 4.61479 5.0422 4.85867 4.14501 4.10354 4.1844 5.05476 4.12314 5.06295 4.48769 3.96541 4.4023 4.82013 4.47432 4.37706 4.46384 4.25721 4.37967 4.08601 4.46597 4.0846 3.78916 4.72091 4.56895 

--------------------------------------
Time: 18.5058
Split Ratios: 1 1 1 1 1 1 1 1 1 1 1 1 1 1 1 1 1 1 1 1 1 1 1 1 1 1 1 1 1 1 
Delays: 0.017024 0.015608 0.0149645 0.0130442 0.00943701 0.0158197 0.00937245 0.0074593 0.0076403 0.0131477 0.0153465 0.0167422 0.00749166 0.0148403 0.00567369 0.00938809 0.0168199 0.00926636 0.00741352 0.0111216 0.00932342 0.00929267 0.00934741 0.0136691 0.0179455 0.0123584 0.0175154 0.0178246 0.00937148 0.00924022 
Throughputs: 0.770048 1.01581 1.34349 1.1305 1.01581 0.90112 0.90112 1.04858 0.8192 0.884736 0.835584 1.26157 1.06496 0.851968 0.917504 1.04858 0.950272 0.802816 1.09773 0.704512 0.8192 1.03219 0.90112 0.753664 1.06496 0.999424 0.851968 0.8192 0.851968 0.786432 
Utility: 3.81183 4.17565 4.49734 4.46207 4.6788 4.04238 4.56586 4.94573 4.67489 4.20904 3.99724 4.32218 4.9569 4.0502 5.08582 4.71575 4.03419 4.46173 4.99769 4.14862 4.4758 4.71021 4.56854 4.00981 4.08335 4.39284 3.88447 3.82775 4.50988 4.44394 

--------------------------------------
Time: 19.0062
Split Ratios: 1 1 1 1 1 1 1 1 1 1 1 1 1 1 1 1 1 1 1 1 1 1 1 1 1 1 1 1 1 1 
Delays: 0.0172788 0.0155707 0.014916 0.0130133 0.00932297 0.0159379 0.00956183 0.00740034 0.00748885 0.0131228 0.0155034 0.0167713 0.00751316 0.0149196 0.00562799 0.00932272 0.0168938 0.0092936 0.00743414 0.0111423 0.00927876 0.00927357 0.00927839 0.0136075 0.017872 0.0124809 0.017896 0.0184622 0.00928155 0.00925078 
Throughputs: 0.786432 0.8192 1.04858 0.786432 0.98304 0.753664 0.802816 0.90112 0.835584 0.835584 1.01581 1.14688 0.999424 1.21242 1.11411 0.851968 0.98304 1.04858 0.835584 1.11411 0.73728 0.966656 0.770048 0.884736 1.1305 1.26157 1.09773 1.1305 0.884736 0.753664 
Utility: 3.81803 3.96294 4.25276 4.10154 4.65817 3.85624 4.43035 4.80211 4.71471 4.15378 4.18238 4.22513 4.89052 4.3977 5.28806 4.51509 4.06371 4.72586 4.72205 4.60507 4.37524 4.64667 4.41877 4.17467 4.14718 4.61591 4.11642 4.11469 4.55726 4.40024 

--------------------------------------
Time: 19.5064
Split Ratios: 1 1 1 1 1 1 1 1 1 1 1 1 1 1 1 1 1 1 1 1 1 1 1 1 1 1 1 1 1 1 
Delays: 0.0173744 0.0157392 0.0148648 0.0129803 0.00929204 0.0159222 0.00944268 0.00740546 0.00745911 0.0131799 0.0155249 0.0166829 0.00746511 0.0148471 0.00555662 0.00927625 0.0167776 0.00928573 0.00740607 0.0111353 0.00929794 0.00925025 0.00931092 0.0140554 0.0179212 0.0123198 0.017896 0.0183692 0.00941001 0.00925852 
Throughputs: 0.950272 0.884736 0.884736 1.08134 1.03219 0.917504 0.98304 1.14688 0.835584 1.16326 0.802816 0.98304 1.21242 0.671744 0.770048 0.73728 0.786432 0.802816 0.917504 0.950272 0.98304 1.03219 0.8192 0.917504 1.1305 0.98304 0.98304 0.917504 0.966656 0.90112 
Utility: 4.00175 4.02913 4.08629 4.42253 4.71028 4.05394 4.64541 5.04258 4.71869 4.48029 3.94568 4.07626 5.09013 3.81207 4.93146 4.37551 3.84746 4.45965 4.81936 4.44663 4.66086 4.71479 4.47714 4.17865 4.14443 4.37944 4.00607 3.91098 4.63207 4.57809 

--------------------------------------
Time: 20.0071
Split Ratios: 1 1 1 1 1 1 1 1 1 1 1 1 1 1 1 1 1 1 1 1 1 1 1 1 1 1 1 1 1 1 
Delays: 0.0171798 0.0152793 0.0148792 0.0129998 0.00932977 0.0153715 0.0094963 0.00742872 0.00751029 0.0132014 0.0152842 0.0167729 0.00741876 0.0148458 0.00566133 0.00934833 0.0167735 0.00925834 0.00744301 0.011191 0.00935137 0.00923621 0.00929114 0.0135756 0.0175604 0.0119586 0.0172157 0.0177842 0.00931378 0.00924605 
Throughputs: 1.06496 0.884736 1.11411 0.98304 1.1305 0.720896 1.01581 1.16326 0.98304 0.966656 0.868352 1.29434 1.03219 0.933888 1.06496 1.01581 0.8192 1.04858 0.999424 0.851968 0.884736 1.03219 0.835584 0.835584 1.01581 0.884736 0.8192 0.933888 0.851968 0.966656 
Utility: 4.12696 4.05879 4.31585 4.32571 4.7972 3.84798 4.67254 5.05363 4.87438 4.29352 4.03978 4.34599 4.93543 4.14164 5.23703 4.68824 3.88853 4.72966 4.8999 4.33244 4.54977 4.71631 4.49907 4.11986 4.05779 4.30384 3.86251 3.96104 4.51605 4.64965 

--------------------------------------
Time: 20.5071
Split Ratios: 1 1 1 1 1 1 1 1 1 1 1 1 1 1 1 1 1 1 1 1 1 1 1 1 1 1 1 1 1 1 
Delays: 0.0174499 0.0158143 0.0149625 0.013027 0.00930335 0.0159536 0.00955252 0.00744765 0.00750742 0.0131683 0.0154418 0.0166545 0.00748986 0.0149938 0.00560508 0.00940753 0.0167644 0.00928206 0.00740252 0.0112358 0.00928799 0.00927321 0.00932228 0.0142033 0.0183686 0.0126651 0.0176763 0.0180698 0.00936677 0.0092636 
Throughputs: 0.917504 0.884736 1.01581 1.06496 1.01581 0.917504 0.917504 1.24518 0.90112 0.851968 0.999424 1.04858 0.98304 1.14688 0.638976 0.933888 0.851968 1.1305 0.98304 0.90112 0.90112 1.08134 0.90112 0.786432 0.98304 1.06496 0.933888 1.01581 1.04858 1.1305 
Utility: 3.96232 4.02438 4.21789 4.40367 4.69307 4.05197 4.56485 5.11914 4.78775 4.16974 4.1701 4.14251 4.8771 4.33716 4.73619 4.59785 3.92829 4.80233 4.88883 4.38454 4.57492 4.75883 4.57123 4.01403 3.98001 4.43184 3.96713 4.0292 4.71802 4.80432 

--------------------------------------
Time: 21.0078
Split Ratios: 1 1 1 1 1 1 1 1 1 1 1 1 1 1 1 1 1 1 1 1 1 1 1 1 1 1 1 1 1 1 
Delays: 0.0171842 0.0156993 0.0148394 0.0130435 0.00941429 0.0160479 0.0094836 0.00741498 0.00752166 0.0131726 0.0156365 0.0166833 0.00751613 0.0148553 0.00562158 0.00936664 0.016811 0.00924428 0.00742549 0.0112963 0.00926203 0.00924039 0.00932415 0.0136822 0.0176341 0.0122206 0.0176066 0.0180747 0.0093324 0.00926606 
Throughputs: 0.98304 0.8192 1.01581 0.917504 0.966656 0.835584 0.98304 0.950272 0.851968 0.933888 0.884736 0.90112 0.8192 0.802816 1.26157 0.8192 0.851968 0.933888 0.917504 0.966656 0.671744 1.1305 0.802816 0.8192 0.950272 0.90112 1.08134 1.08134 0.966656 0.802816 
Utility: 4.04666 3.95471 4.22615 4.25336 4.63161 3.95255 4.64109 4.85325 4.72976 4.26122 4.03568 3.98923 4.69128 3.98977 5.4135 4.47117 3.92552 4.61535 4.81674 4.44936 4.28395 4.80683 4.45552 4.09223 3.98691 4.30051 4.11769 4.09144 4.64035 4.46177 

--------------------------------------
Time: 21.508
Split Ratios: 1 1 1 1 1 1 1 1 1 1 1 1 1 1 1 1 1 1 1 1 1 1 1 1 1 1 1 1 1 1 
Delays: 0.0171629 0.0152101 0.0148745 0.0129809 0.00930215 0.0156036 0.00944518 0.00738443 0.00760469 0.0131485 0.0154407 0.0167343 0.00751775 0.0149835 0.00566898 0.0093365 0.0168208 0.00923953 0.00741286 0.0112367 0.00933473 0.00922701 0.00932393 0.0138149 0.0177394 0.0123769 0.0174207 0.0179231 0.00940578 0.00928907 
Throughputs: 0.933888 0.868352 0.90112 0.835584 0.98304 0.950272 0.851968 0.950272 0.98304 0.851968 1.04858 1.11411 0.933888 1.2288 1.01581 0.884736 1.2288 0.933888 0.770048 1.01581 0.786432 0.622592 0.999424 0.8192 0.884736 1.01581 0.770048 0.933888 0.966656 1.04858 
Utility: 3.99661 4.04464 4.10399 4.16465 4.6604 4.10924 4.50204 4.85737 4.86189 4.17124 4.21818 4.19835 4.82209 4.40684 5.18843 4.55136 4.29118 4.61587 4.64324 4.50426 4.43376 4.21176 4.67459 4.08258 3.9095 4.40761 3.7888 3.95326 4.63252 4.72635 

--------------------------------------
Time: 22.0084
Split Ratios: 1 1 1 1 1 1 1 1 1 1 1 1 1 1 1 1 1 1 1 1 1 1 1 1 1 1 1 1 1 1 
Delays: 0.0172066 0.0155219 0.0149066 0.0129746 0.00935039 0.0155961 0.00954414 0.00739689 0.00761407 0.0132075 0.015277 0.0166941 0.00755437 0.0149114 0.00559708 0.00938042 0.0169133 0.00927844 0.00744632 0.0112109 0.00927899 0.00927679 0.00928052 0.0137168 0.0175005 0.0119257 0.017362 0.0176489 0.00943629 0.00923248 
Throughputs: 0.8192 0.917504 1.1305 0.753664 0.917504 0.720896 1.1305 0.802816 1.03219 0.704512 0.90112 0.851968 1.03219 0.753664 0.98304 0.933888 1.17965 0.868352 1.01581 0.966656 0.884736 1.11411 0.966656 1.04858 0.753664 0.704512 0.933888 1.08134 0.950272 0.802816 
Utility: 3.86303 4.07941 4.32861 4.06196 4.58624 3.83347 4.77448 4.68707 4.90944 3.97672 4.07729 3.93249 4.91731 3.92282 5.1684 4.60073 4.24487 4.5389 4.91572 4.45696 4.55754 4.7883 4.64593 4.33657 3.76272 4.07881 3.98507 4.11528 4.61219 4.4654 

--------------------------------------
Time: 22.5086
Split Ratios: 1 1 1 1 1 1 1 1 1 1 1 1 1 1 1 1 1 1 1 1 1 1 1 1 1 1 1 1 1 1 
Delays: 0.0172322 0.015681 0.0148937 0.0130488 0.00933816 0.0158041 0.00957726 0.00745145 0.00745611 0.0132097 0.015578 0.0168383 0.00751823 0.0148812 0.00562642 0.00933357 0.016856 0.00928039 0.00752565 0.0113254 0.00933316 0.00923899 0.00930846 0.0139835 0.0178981 0.0122464 0.0178259 0.0184232 0.00938066 0.00923273 
Throughputs: 0.98304 1.08134 1.19603 1.06496 0.770048 0.835584 0.688128 1.11411 0.933888 0.851968 0.933888 1.17965 1.14688 1.04858 0.868352 0.917504 1.06496 1.03219 1.06496 0.720896 0.73728 0.98304 0.802816 0.966656 1.01581 1.03219 0.98304 1.08134 0.868352 0.720896 
Utility: 4.04387 4.23351 4.38583 4.402 4.41234 3.96786 4.27458 5.0074 4.83032 4.1666 4.09349 4.24932 5.02747 4.25509 5.03912 4.58804 4.14598 4.71154 4.95238 4.15345 4.36939 4.66722 4.4572 4.23596 4.03874 4.43421 4.01 4.07235 4.52795 4.35774 

--------------------------------------
Time: 23.0087
Split Ratios: 1 1 1 1 1 1 1 1 1 1 1 1 1 1 1 1 1 1 1 1 1 1 1 1 1 1 1 1 1 1 
Delays: 0.0172655 0.0155 0.014992 0.013026 0.00931252 0.0156672 0.00958624 0.00747147 0.00752167 0.0133331 0.01548 0.0167131 0.00742413 0.0148636 0.00560928 0.00931629 0.0169162 0.00924474 0.00740051 0.0113701 0.00927681 0.00926306 0.00931464 0.0138924 0.0176318 0.0122203 0.0175138 0.0179942 0.00944803 0.00925546 
Throughputs: 0.770048 0.720896 1.34349 1.04858 0.950272 0.770048 0.999424 0.98304 0.90112 0.720896 1.01581 1.11411 0.835584 0.835584 1.04858 0.8192 1.06496 1.03219 0.917504 0.868352 0.73728 1.06496 0.933888 1.03219 0.786432 1.14688 1.04858 0.999424 0.98304 0.884736 
Utility: 3.79774 3.83965 4.4955 4.38824 4.62539 3.89488 4.64685 4.87956 4.78585 3.99025 4.18389 4.19962 4.7234 4.02922 5.23077 4.47656 4.14242 4.71539 4.82011 4.33561 4.37545 4.74466 4.60777 4.3081 3.7978 4.5417 4.0922 4.01713 4.64484 4.56008 

--------------------------------------
Time: 23.5093
Split Ratios: 1 1 1 1 1 1 1 1 1 1 1 1 1 1 1 1 1 1 1 1 1 1 1 1 1 1 1 1 1 1 
Delays: 0.0173047 0.0156339 0.0149463 0.0130059 0.00932003 0.0156509 0.00955138 0.00738996 0.00770953 0.0130775 0.0154504 0.0167285 0.00744636 0.0149679 0.00561778 0.00935401 0.0168446 0.00925857 0.00741249 0.0111787 0.00930425 0.00924145 0.00930851 0.0138743 0.0176355 0.0120841 0.0175064 0.018236 0.00943478 0.00927062 
Throughputs: 0.868352 0.851968 1.16326 0.884736 0.950272 0.884736 0.933888 1.03219 1.03219 0.950272 0.704512 0.966656 1.11411 0.835584 1.14688 0.950272 0.884736 0.8192 1.03219 0.851968 0.835584 0.868352 0.868352 0.933888 1.06496 1.01581 0.720896 1.01581 0.917504 1.17965 
Utility: 3.91562 3.99811 4.35452 4.21989 4.62458 4.03476 4.58267 4.93932 4.89698 4.28586 3.81987 4.05673 5.00809 4.02222 5.31886 4.62094 3.96126 4.48278 4.93627 4.33354 4.49766 4.5429 4.53567 4.20932 4.10078 4.43155 3.71793 4.02004 4.57725 4.84612 

--------------------------------------
Time: 24.0093
Split Ratios: 1 1 1 1 1 1 1 1 1 1 1 1 1 1 1 1 1 1 1 1 1 1 1 1 1 1 1 1 1 1 
Delays: 0.0171746 0.0157506 0.0148848 0.0129949 0.0092835 0.0161763 0.00941853 0.00742925 0.00747796 0.0130385 0.0151869 0.016724 0.00754824 0.0149058 0.00562302 0.00941028 0.0168514 0.00923715 0.00743488 0.0111736 0.00937508 0.00924792 0.00933084 0.0141263 0.0178456 0.0122115 0.0175582 0.0182521 0.00938284 0.00923306 
Throughputs: 0.966656 0.786432 0.966656 0.8192 0.966656 0.98304 0.835584 1.16326 0.884736 0.786432 0.704512 1.03219 0.90112 1.1305 0.868352 0.950272 0.966656 0.851968 1.01581 0.8192 0.966656 1.08134 0.868352 1.21242 1.08134 0.933888 0.770048 1.04858 0.835584 0.884736 
Utility: 4.03041 3.91063 4.1735 4.14377 4.6456 4.1071 4.48545 5.05356 4.77333 4.0996 3.83707 4.1226 4.78232 4.32866 5.03973 4.61495 4.04941 4.52432 4.91726 4.29477 4.63579 4.76156 4.53327 4.45233 4.1042 4.33698 3.78093 4.05091 4.48925 4.5625 

--------------------------------------
Time: 24.5097
Split Ratios: 1 1 1 1 1 1 1 1 1 1 1 1 1 1 1 1 1 1 1 1 1 1 1 1 1 1 1 1 1 1 
Delays: 0.0173157 0.0152986 0.0149144 0.0130055 0.00930534 0.0156362 0.0097018 0.00740691 0.00752699 0.0131238 0.0155317 0.016762 0.00743739 0.0148471 0.00562816 0.00945886 0.0168819 0.00924935 0.00742361 0.0111489 0.00934944 0.00926373 0.00930337 0.0137156 0.0178222 0.0125184 0.017451 0.0181215 0.00931753 0.00924776 
Throughputs: 0.98304 0.884736 0.884736 0.868352 1.04858 0.73728 0.933888 1.03219 0.835584 0.999424 1.04858 1.19603 0.98304 0.966656 1.08134 0.704512 0.98304 0.884736 1.06496 0.638976 0.950272 0.90112 1.01581 1.2288 0.786432 1.01581 0.999424 0.868352 0.884736 0.835584 
Utility: 4.03904 4.05753 4.08296 4.20123 4.7246 3.85338 4.56705 4.93703 4.70964 4.33275 4.21231 4.26765 4.88413 4.17604 5.25818 4.31055 4.06441 4.56074 4.96603 4.04852 4.62143 4.57753 4.69306 4.49526 3.78706 4.39624 4.04778 3.8695 4.55339 4.50375 

--------------------------------------
Time: 25.01
Split Ratios: 1 1 1 1 1 1 1 1 1 1 1 1 1 1 1 1 1 1 1 1 1 1 1 1 1 1 1 1 1 1 
Delays: 0.0173018 0.015515 0.0148874 0.0129633 0.00932557 0.0155723 0.00950526 0.00740036 0.00754104 0.0131793 0.0155252 0.0167763 0.0074343 0.0148416 0.00559416 0.00938487 0.0168393 0.00928063 0.00742752 0.0112813 0.00927466 0.00926025 0.00929227 0.0135247 0.0177101 0.0118672 0.0175782 0.0176362 0.00935903 0.00926655 
Throughputs: 1.04858 0.73728 0.90112 0.868352 0.966656 0.770048 0.966656 0.8192 1.04858 1.11411 0.90112 0.950272 0.90112 0.917504 0.835584 0.753664 0.868352 0.999424 0.704512 0.933888 0.98304 0.868352 0.90112 0.851968 0.786432 0.90112 0.933888 0.950272 0.950272 0.966656 
Utility: 4.10438 3.86116 4.10312 4.20447 4.64108 3.90096 4.622 4.7068 4.93483 4.43716 4.06117 4.03678 4.79753 4.12422 5.00641 4.38585 3.94288 4.67925 4.55231 4.41621 4.66336 4.54087 4.57446 4.14303 3.79337 4.32986 3.9727 3.9868 4.62041 4.64743 

--------------------------------------
Time: 25.5102
Split Ratios: 1 1 1 1 1 1 1 1 1 1 1 1 1 1 1 1 1 1 1 1 1 1 1 1 1 1 1 1 1 1 
Delays: 0.017375 0.0157684 0.014855 0.0130074 0.0093156 0.0160881 0.00948143 0.00741435 0.0075251 0.0132512 0.0154899 0.0167036 0.00741454 0.0148703 0.005591 0.00943654 0.0168347 0.00929076 0.00740844 0.0111805 0.00931427 0.00924064 0.00936153 0.0137961 0.0180896 0.0122911 0.017679 0.0183082 0.00931524 0.00923699 
Throughputs: 0.835584 0.90112 0.933888 0.950272 0.704512 0.933888 0.8192 1.03219 1.08134 0.884736 1.09773 1.11411 0.884736 0.8192 1.2288 1.09773 0.999424 1.06496 1.16326 0.884736 0.786432 1.14688 0.868352 0.933888 0.98304 0.73728 0.884736 0.950272 0.98304 0.802816 
Utility: 3.8731 4.04563 4.14102 4.29123 4.32581 4.06128 4.45899 4.93602 4.96772 4.2012 4.26081 4.20019 4.78185 4.00896 5.39264 4.75641 4.08374 4.74167 5.05636 4.37112 4.43596 4.82119 4.52999 4.21497 3.99531 4.09409 3.91291 3.9494 4.659 4.46491 

--------------------------------------
Time: 26.0106
Split Ratios: 1 1 1 1 1 1 1 1 1 1 1 1 1 1 1 1 1 1 1 1 1 1 1 1 1 1 1 1 1 1 
Delays: 0.0176481 0.0154216 0.0148835 0.012967 0.00939613 0.01612 0.00952478 0.00739658 0.00751699 0.0132332 0.0156859 0.01671 0.00744314 0.0148523 0.00561761 0.00934305 0.0168086 0.00922337 0.00743975 0.0112204 0.00932636 0.00926327 0.009377 0.0137733 0.0183849 0.0120284 0.0176679 0.0181481 0.00942595 0.00926031 
Throughputs: 1.17965 0.966656 0.950272 0.65536 1.06496 0.999424 0.671744 0.917504 1.24518 0.835584 0.950272 1.01581 0.933888 0.999424 0.966656 0.851968 1.01581 0.950272 0.835584 0.884736 0.90112 0.98304 0.884736 0.851968 1.06496 0.73728 0.90112 0.90112 0.917504 0.933888 
Utility: 4.20234 4.13807 4.1565 3.92278 4.7304 4.12712 4.25598 4.82064 5.10987 4.14541 4.10398 4.10743 4.83206 4.20902 5.14794 4.51292 4.10155 4.63501 4.72129 4.36756 4.57079 4.66459 4.54703 4.12482 4.05916 4.11569 3.93189 3.90507 4.57819 4.61362 

--------------------------------------
Time: 26.5109
Split Ratios: 1 1 1 1 1 1 1 1 1 1 1 1 1 1 1 1 1 1 1 1 1 1 1 1 1 1 1 1 1 1 
Delays: 0.0175389 0.0158251 0.0148794 0.01299 0.00929152 0.0159606 0.00948132 0.00741639 0.00752702 0.0131277 0.0155629 0.0168713 0.00746195 0.0149653 0.00562894 0.00934423 0.01684 0.00934028 0.00747095 0.011247 0.0093387 0.00928372 0.00930805 0.0139086 0.0177759 0.012669 0.0176856 0.0179329 0.00931352 0.00925921 
Throughputs: 0.90112 0.98304 0.90112 1.06496 1.03219 0.917504 1.03219 1.06496 0.917504 0.786432 0.868352 1.17965 1.03219 1.01581 1.08134 1.04858 0.966656 0.868352 0.933888 1.03219 0.966656 0.90112 0.917504 0.688128 0.917504 0.851968 0.802816 1.04858 0.851968 1.03219 
Utility: 3.93922 4.12905 4.10366 4.40651 4.71034 4.05154 4.69012 4.967 4.80316 4.09278 4.02171 4.24736 4.92962 4.21771 5.25804 4.72043 4.05009 4.53226 4.82833 4.51934 4.63968 4.57538 4.59078 3.90146 3.94381 4.20839 3.81538 4.06855 4.51608 4.71382 

--------------------------------------
Time: 27.0111
Split Ratios: 1 1 1 1 1 1 1 1 1 1 1 1 1 1 1 1 1 1 1 1 1 1 1 1 1 1 1 1 1 1 
Delays: 0.0172092 0.0155782 0.0148853 0.0129902 0.00929712 0.0157765 0.00970682 0.00740525 0.00753436 0.0133882 0.0153038 0.0168517 0.00744057 0.0149223 0.00559343 0.00944632 0.0169399 0.00923174 0.0074005 0.0112243 0.00928658 0.0093019 0.0093036 0.0137756 0.0175999 0.0123084 0.0177097 0.017707 0.00937734 0.00923197 
Throughputs: 1.09773 1.01581 0.90112 0.835584 0.966656 0.802816 0.8192 1.2288 0.802816 1.06496 0.8192 1.04858 0.753664 0.917504 1.06496 0.65536 0.966656 0.802816 1.08134 0.917504 0.90112 0.966656 0.884736 0.65536 0.835584 0.884736 1.01581 1.16326 0.917504 0.933888 
Utility: 4.15555 4.17757 4.10326 4.16393 4.64414 3.9296 4.4355 5.1116 4.66865 4.37632 3.98022 4.13074 4.618 4.1188 5.2491 4.23956 4.04417 4.46548 4.98441 4.40358 4.57507 4.64362 4.55489 3.86229 3.86024 4.27501 4.04933 4.18502 4.58336 4.61668 

--------------------------------------
Time: 27.5112
Split Ratios: 1 1 1 1 1 1 1 1 1 1 1 1 1 1 1 1 1 1 1 1 1 1 1 1 1 1 1 1 1 1 
Delays: 0.0173322 0.0153256 0.0148855 0.0129973 0.0092521 0.0155605 0.00958394 0.00739662 0.00747308 0.0130381 0.0154487 0.0167759 0.00752023 0.0148665 0.00566039 0.0093453 0.0168865 0.00924741 0.00742773 0.011178 0.00937686 0.00928037 0.00928202 0.0139045 0.0172342 0.0121829 0.0175775 0.0178351 0.00938663 0.00924097 
Throughputs: 0.966656 0.851968 1.06496 1.01581 1.01581 0.851968 0.868352 0.917504 0.835584 0.753664 0.884736 1.03219 0.933888 1.1305 1.03219 0.57344 1.27795 0.786432 0.966656 0.90112 1.01581 0.8192 0.835584 1.09773 0.851968 0.868352 1.01581 0.851968 1.08134 0.90112 
Utility: 4.02128 4.01803 4.27031 4.35869 4.69859 4.00281 4.50651 4.82063 4.71682 4.05707 4.04776 4.1195 4.82176 4.3313 5.20595 4.11678 4.3265 4.44316 4.86862 4.3897 4.68519 4.48043 4.50005 4.36878 3.90065 4.26657 4.05682 3.86638 4.74667 4.57999 

--------------------------------------
Time: 28.0113
Split Ratios: 1 1 1 1 1 1 1 1 1 1 1 1 1 1 1 1 1 1 1 1 1 1 1 1 1 1 1 1 1 1 
Delays: 0.0175737 0.0156618 0.0149294 0.0130092 0.00923747 0.0158234 0.00956459 0.00740709 0.00746996 0.0131087 0.0158552 0.0167683 0.00745663 0.014921 0.00559612 0.00935426 0.0168005 0.00928263 0.00741095 0.0112405 0.00933415 0.00926773 0.00929685 0.0138244 0.0178818 0.0122589 0.017577 0.0183939 0.00937822 0.00926128 
Throughputs: 1.29434 0.720896 1.16326 0.98304 0.868352 0.933888 0.8192 1.11411 0.753664 0.884736 0.98304 1.04858 1.04858 0.8192 0.98304 1.1305 1.03219 0.999424 0.770048 0.98304 0.98304 0.917504 0.73728 0.770048 1.17965 1.16326 0.868352 0.950272 0.802816 0.999424 
Utility: 4.29935 3.82927 4.35565 4.32499 4.54333 4.07787 4.45026 5.01338 4.61406 4.21201 4.12716 4.1357 4.94609 4.00556 5.16858 4.79458 4.11803 4.67903 4.64349 4.47113 4.65697 4.59512 4.37329 4.02001 4.18919 4.55273 3.90001 3.94473 4.44974 4.68134 

--------------------------------------
Time: 28.5115
Split Ratios: 1 1 1 1 1 1 1 1 1 1 1 1 1 1 1 1 1 1 1 1 1 1 1 1 1 1 1 1 1 1 
Delays: 0.0170502 0.0154657 0.0149087 0.0130375 0.00928537 0.015592 0.00963321 0.00747288 0.00755891 0.0130466 0.0152859 0.0166663 0.00750732 0.0149133 0.00560542 0.00937358 0.0168479 0.00922203 0.00740372 0.0112289 0.00933876 0.00929578 0.00932772 0.0136783 0.0174863 0.0121685 0.0175209 0.017638 0.00935364 0.00925661 
Throughputs: 0.835584 0.704512 1.27795 0.884736 1.06496 0.884736 1.03219 1.11411 0.802816 0.851968 0.966656 1.14688 1.2288 0.917504 0.851968 0.999424 1.04858 0.688128 1.04858 0.884736 0.753664 0.835584 0.884736 0.73728 0.835584 1.01581 0.90112 1.03219 0.73728 1.04858 
Utility: 3.89197 3.81888 4.45107 4.21746 4.74225 4.03853 4.67422 5.00453 4.6654 4.17902 4.14691 4.23141 5.09792 4.1194 5.02382 4.66928 4.13096 4.31238 4.95321 4.3668 4.39077 4.49857 4.5523 3.98715 3.86671 4.42459 3.94024 4.06939 4.3672 4.72985 

--------------------------------------
Time: 29.0115
Split Ratios: 1 1 1 1 1 1 1 1 1 1 1 1 1 1 1 1 1 1 1 1 1 1 1 1 1 1 1 1 1 1 
Delays: 0.0171936 0.0152688 0.0149352 0.0129764 0.00930385 0.0155147 0.00945705 0.00749039 0.00749376 0.0132255 0.0154598 0.0167239 0.00747013 0.0148721 0.00561648 0.00929448 0.016905 0.00926611 0.0074449 0.0112538 0.00932087 0.00926354 0.00938155 0.013597 0.017609 0.0118731 0.0172873 0.0178048 0.00933503 0.009234 
Throughputs: 0.999424 0.999424 0.90112 0.884736 0.884736 0.786432 0.851968 0.98304 0.966656 0.786432 1.17965 0.999424 1.04858 0.90112 1.03219 0.720896 0.98304 0.884736 1.1305 1.06496 0.851968 0.917504 0.933888 0.98304 0.835584 0.98304 0.999424 0.770048 1.04858 0.884736 
Utility: 4.06264 4.18137 4.09992 4.22216 4.55486 3.92572 4.50079 4.87703 4.85977 4.08536 4.33473 4.09034 4.94428 4.10415 5.21373 4.35107 4.06304 4.55893 5.02288 4.54999 4.51529 4.59557 4.60061 4.2808 3.85972 4.41638 4.0572 3.76698 4.72141 4.5624 

--------------------------------------
Time: 29.512
Split Ratios: 1 1 1 1 1 1 1 1 1 1 1 1 1 1 1 1 1 1 1 1 1 1 1 1 1 1 1 1 1 1 
Delays: 0.0170919 0.0153589 0.0149309 0.0129601 0.00928043 0.0156826 0.00953918 0.00739183 0.00750778 0.0131713 0.015263 0.0167251 0.00746696 0.0149618 0.00554971 0.0093872 0.0169077 0.00922777 0.00742192 0.0112715 0.00925529 0.00925008 0.00928561 0.0137304 0.0174489 0.011962 0.0178622 0.0177614 0.00937267 0.0092417 
Throughputs: 0.868352 0.884736 1.08134 0.966656 0.917504 1.01581 0.851968 0.884736 0.966656 0.90112 0.851968 0.8192 0.950272 0.917504 0.868352 0.786432 1.14688 0.835584 0.999424 1.04858 0.884736 0.786432 0.770048 0.73728 0.90112 1.01581 0.98304 0.90112 1.09773 0.802816 
Utility: 3.92799 4.0536 4.28253 4.31197 4.59375 4.17089 4.49214 4.78491 4.8579 4.2256 4.02212 3.89142 4.84626 4.11616 5.05285 4.42816 4.21703 4.50591 4.90274 4.53291 4.56009 4.44287 4.41799 3.98336 3.94436 4.44171 4.00796 3.92661 4.7632 4.4644 

--------------------------------------
Time: 30.0122
Split Ratios: 1 1 1 1 1 1 1 1 1 1 1 1 1 1 1 1 1 1 1 1 1 1 1 1 1 1 1 1 1 1 
Delays: 0.0172046 0.015581 0.0148922 0.0129461 0.00932325 0.0157164 0.00955445 0.00742077 0.00754217 0.0132374 0.015477 0.0167323 0.00749193 0.0149955 0.00571856 0.00933386 0.0168539 0.00928795 0.00738789 0.0111428 0.0092971 0.00924195 0.0093748 0.0138577 0.0178741 0.0122865 0.0179442 0.0180063 0.00943983 0.00929211 
Throughputs: 0.933888 0.73728 1.06496 0.868352 1.09773 0.704512 1.21242 1.09773 1.03219 0.933888 0.868352 0.835584 1.08134 1.11411 0.884736 0.933888 1.01581 0.90112 1.11411 0.835584 0.753664 0.950272 0.966656 0.950272 1.1305 1.17965 0.835584 1.04858 1.2288 1.06496 
Utility: 3.99418 3.85692 4.26986 4.20581 4.76849 3.8028 4.84336 4.99671 4.91893 4.25631 4.02724 3.91079 4.97213 4.30807 5.04157 4.60571 4.09886 4.57492 5.01597 4.31734 4.39524 4.633 4.63582 4.22791 4.14706 4.56447 3.84087 4.06446 4.86886 4.74153 

--------------------------------------
Time: 30.5123
Split Ratios: 1 1 1 1 1 1 1 1 1 1 1 1 1 1 1 1 1 1 1 1 1 1 1 1 1 1 1 1 1 1 
Delays: 0.0175987 0.0154873 0.0148691 0.0130298 0.00936211 0.0160849 0.00946022 0.00741478 0.00752306 0.0131978 0.0159131 0.0167997 0.00746833 0.0148857 0.00558236 0.00940014 0.0168513 0.00922952 0.00741462 0.0111919 0.00936044 0.0092501 0.00935558 0.0138831 0.0181322 0.0122755 0.0174471 0.0182015 0.00936974 0.00926362 
Throughputs: 0.884736 0.786432 1.09773 1.01581 0.786432 0.966656 0.884736 1.01581 1.01581 0.884736 0.917504 0.950272 0.999424 0.884736 0.999424 1.08134 0.966656 0.950272 0.950272 0.851968 0.933888 0.720896 0.966656 0.851968 1.16326 0.90112 0.884736 1.09773 0.835584 0.868352 
Utility: 3.91746 3.92749 4.30172 4.3562 4.43084 4.09596 4.53819 4.91996 4.90547 4.20524 4.05451 4.03539 4.89651 4.08489 5.18757 4.74524 4.04941 4.63434 4.85329 4.33236 4.60286 4.35586 4.63787 4.11688 4.1613 4.29604 3.92612 4.0995 4.49065 4.5405 

--------------------------------------
Time: 31.0123
Split Ratios: 1 1 1 1 1 1 1 1 1 1 1 1 1 1 1 1 1 1 1 1 1 1 1 1 1 1 1 1 1 1 
Delays: 0.0172607 0.0155782 0.0149325 0.013018 0.00930324 0.0160459 0.00948679 0.00747669 0.00748871 0.0131507 0.015521 0.0167105 0.00746874 0.0149636 0.0056563 0.00933224 0.0167804 0.00925831 0.00743884 0.0113286 0.00929951 0.00925531 0.00933191 0.0139775 0.0175385 0.0125085 0.0177193 0.0180363 0.00931333 0.00921823 
Throughputs: 1.2288 0.802816 0.950272 0.851968 1.06496 0.835584 0.90112 1.14688 0.868352 0.770048 1.09773 0.884736 1.1305 0.917504 0.835584 0.770048 1.17965 0.933888 0.868352 0.933888 0.868352 1.03219 0.999424 0.917504 0.851968 0.966656 1.08134 0.8192 0.835584 0.720896 
Utility: 4.26536 3.94226 4.15321 4.18121 4.74033 3.95268 4.55374 5.03301 4.7532 4.06998 4.2588 3.96925 5.01969 4.11603 4.99536 4.41298 4.25276 4.61384 4.75988 4.41202 4.53664 4.71424 4.67374 4.1842 3.88315 4.34743 4.1113 3.81594 4.49668 4.35931 

--------------------------------------
Time: 31.5126
Split Ratios: 1 1 1 1 1 1 1 1 1 1 1 1 1 1 1 1 1 1 1 1 1 1 1 1 1 1 1 1 1 1 
Delays: 0.017127 0.0160137 0.0149099 0.012986 0.00936716 0.0159343 0.00945188 0.00741975 0.00755821 0.013227 0.0154007 0.0167466 0.00745254 0.0148664 0.00559453 0.00937408 0.0169882 0.00924256 0.00742358 0.0112057 0.00936494 0.00922542 0.00928539 0.0139673 0.0179089 0.0122375 0.017571 0.0183361 0.00934458 0.0092635 
Throughputs: 1.01581 0.90112 0.868352 0.851968 1.2288 1.06496 0.786432 1.01581 1.1305 0.868352 0.770048 1.19603 0.950272 0.966656 0.999424 0.98304 1.11411 0.868352 0.8192 0.786432 0.851968 0.8192 0.933888 0.802816 0.917504 1.01581 0.933888 1.17965 0.966656 0.950272 
Utility: 4.08279 4.03019 4.06457 4.18368 4.87658 4.20222 4.42129 4.91929 5.00778 4.18434 3.91204 4.26857 4.84819 4.17474 5.18539 4.6527 4.18329 4.54278 4.70367 4.25108 4.51058 4.48637 4.61091 4.0514 3.93636 4.41894 3.97311 4.1641 4.63905 4.63067 

--------------------------------------
Time: 32.013
Split Ratios: 1 1 1 1 1 1 1 1 1 1 1 1 1 1 1 1 1 1 1 1 1 1 1 1 1 1 1 1 1 1 
Delays: 0.0172526 0.0154149 0.0148179 0.0129461 0.00927782 0.0160605 0.00948739 0.00741731 0.00743562 0.0131669 0.0153628 0.0167868 0.00746213 0.0149435 0.00566039 0.00936847 0.0169479 0.00926261 0.00742102 0.0112744 0.00929284 0.00926593 0.00932139 0.0144599 0.0179394 0.0120446 0.0179315 0.0179889 0.0093333 0.00926745 
Throughputs: 0.90112 0.720896 0.98304 0.720896 0.917504 0.966656 0.8192 0.917504 0.950272 0.90112 0.851968 1.29434 1.09773 0.98304 0.999424 1.03219 1.1305 0.98304 0.884736 1.01581 0.90112 0.966656 0.65536 0.950272 1.06496 0.884736 0.868352 0.933888 0.835584 1.01581 
Utility: 3.95568 3.84516 4.19481 4.0197 4.59403 4.09748 4.45836 4.81784 4.85047 4.22593 4.0156 4.34516 4.99116 4.18638 5.17369 4.70209 4.20027 4.66466 4.78097 4.5009 4.57439 4.6475 4.25287 4.18537 4.08369 4.29668 3.88004 3.9496 4.49454 4.69693 

--------------------------------------
Time: 32.513
Split Ratios: 1 1 1 1 1 1 1 1 1 1 1 1 1 1 1 1 1 1 1 1 1 1 1 1 1 1 1 1 1 1 
Delays: 0.017395 0.0157338 0.0148796 0.0130229 0.00927429 0.0160897 0.00957772 0.00744829 0.00754387 0.0131125 0.0154828 0.0167507 0.00753145 0.0149161 0.00568074 0.00934969 0.0168909 0.0092729 0.00741483 0.0112782 0.00937226 0.00927415 0.00931093 0.0139898 0.018281 0.0124155 0.0183864 0.0187421 0.00932984 0.00926937 
Throughputs: 0.950272 0.770048 1.16326 0.851968 0.65536 0.851968 1.2288 1.19603 0.98304 0.73728 0.950272 0.884736 1.04858 1.03219 0.950272 0.884736 1.08134 0.933888 1.06496 0.884736 0.868352 0.884736 0.966656 0.917504 1.01581 0.884736 1.09773 1.04858 0.8192 1.01581 
Utility: 4.00057 3.89064 4.35899 4.18084 4.25794 3.96937 4.85435 5.07878 4.86991 4.0294 4.11702 3.96685 4.9361 4.237 5.11967 4.54995 4.15918 4.61226 4.96721 4.36242 4.52884 4.55806 4.64265 4.18333 4.01758 4.26634 4.08939 4.02442 4.47511 4.69672 

--------------------------------------
Time: 33.0134
Split Ratios: 1 1 1 1 1 1 1 1 1 1 1 1 1 1 1 1 1 1 1 1 1 1 1 1 1 1 1 1 1 1 
Delays: 0.0172562 0.0155139 0.0148669 0.0129685 0.0093094 0.0161777 0.00945614 0.00740032 0.00756788 0.0131561 0.0154254 0.0167577 0.00751731 0.0149216 0.00559337 0.00932764 0.0167483 0.0092586 0.00739648 0.0111392 0.00937295 0.00923255 0.00934695 0.0141017 0.0180481 0.0122975 0.0175454 0.0181943 0.00931771 0.00928242 
Throughputs: 0.950272 0.73728 0.90112 0.917504 1.01581 1.04858 0.933888 0.950272 1.04858 0.786432 0.950272 0.868352 1.1305 1.11411 1.1305 0.753664 0.933888 0.999424 1.11411 0.8192 1.01581 0.999424 0.950272 0.851968 0.802816 1.06496 0.802816 0.884736 0.966656 1.17965 
Utility: 4.00858 3.86123 4.1045 4.25914 4.69241 4.17156 4.59269 4.85522 4.93128 4.09062 4.12073 3.94774 5.0132 4.313 5.30883 4.39196 4.02106 4.68163 5.01481 4.29785 4.68561 4.68444 4.6217 4.10125 3.79509 4.4613 3.82333 3.88418 4.64193 4.84485 

--------------------------------------
Time: 33.5145
Split Ratios: 1 1 1 1 1 1 1 1 1 1 1 1 1 1 1 1 1 1 1 1 1 1 1 1 1 1 1 1 1 1 
Delays: 0.0172082 0.0156309 0.0149132 0.0130018 0.00928353 0.0158125 0.00939247 0.00737665 0.00758737 0.0132141 0.0153872 0.016941 0.00755333 0.0149041 0.005717 0.00939993 0.0167697 0.00921855 0.00742363 0.0111292 0.0093083 0.00927412 0.00927215 0.0137868 0.0175314 0.0119323 0.0174258 0.017755 0.00935641 0.00922401 
Throughputs: 0.884736 0.966656 1.1305 0.917504 0.90112 1.01581 0.835584 0.835584 0.917504 0.802816 0.884736 1.08134 0.884736 1.04858 0.868352 0.98304 1.17965 0.786432 1.40902 0.73728 0.851968 0.851968 0.753664 0.917504 0.917504 0.933888 1.09773 0.835584 0.786432 0.606208 
Utility: 3.9399 4.12459 4.32816 4.25657 4.5754 4.16264 4.48822 4.72981 4.79517 4.10684 4.05175 4.15622 4.7633 4.25355 5.02315 4.64995 4.25339 4.44629 5.24598 4.1934 4.51664 4.52032 4.39793 4.19795 3.95766 4.3601 4.14304 3.85146 4.43144 4.18541 

--------------------------------------
Time: 34.0151
Split Ratios: 1 1 1 1 1 1 1 1 1 1 1 1 1 1 1 1 1 1 1 1 1 1 1 1 1 1 1 1 1 1 
Delays: 0.0171916 0.0156129 0.0148658 0.0129934 0.00930694 0.0162873 0.00942355 0.00738528 0.00753819 0.013205 0.0152356 0.0167444 0.00744657 0.0149649 0.00569143 0.00941724 0.016872 0.00922154 0.00741411 0.0112455 0.00931626 0.00924279 0.00929699 0.0139525 0.0181103 0.0120363 0.0174808 0.0186142 0.00948414 0.00926955 
Throughputs: 0.884736 0.753664 1.11411 0.73728 0.966656 1.03219 0.540672 0.933888 0.999424 0.917504 0.90112 1.1305 0.90112 0.851968 1.04858 0.999424 1.1305 0.835584 1.06496 0.884736 0.917504 0.786432 1.06496 0.835584 1.04858 0.90112 0.950272 1.14688 1.24518 1.01581 
Utility: 3.94087 3.87685 4.31675 4.03853 4.64308 4.14905 4.0496 4.83987 4.8872 4.24106 4.08 4.21235 4.79588 4.04184 5.21623 4.66464 4.20476 4.50659 4.96731 4.36532 4.5899 4.44366 4.741 4.09247 4.05871 4.31571 3.99565 4.12087 4.87742 4.6967 

--------------------------------------
Time: 34.5152
Split Ratios: 1 1 1 1 1 1 1 1 1 1 1 1 1 1 1 1 1 1 1 1 1 1 1 1 1 1 1 1 1 1 
Delays: 0.0171359 0.0157483 0.0148837 0.0129644 0.00933732 0.0159464 0.00941577 0.00740781 0.00749873 0.0132311 0.0155412 0.0167595 0.00743693 0.0148547 0.00562561 0.00938081 0.0168524 0.00923667 0.00740249 0.0112371 0.00927899 0.00922282 0.00927799 0.0137281 0.0178226 0.0126764 0.0175034 0.0182656 0.00940994 0.00930898 
Throughputs: 0.835584 0.98304 0.966656 0.868352 0.720896 0.999424 1.08134 0.999424 0.98304 0.933888 0.73728 0.884736 1.08134 0.999424 1.1305 1.03219 1.03219 0.8192 0.98304 0.966656 0.98304 0.884736 0.720896 1.06496 0.8192 0.802816 0.851968 1.01581 1.08134 1.19603 
Utility: 3.88696 4.13392 4.17357 4.20439 4.34648 4.13794 4.74357 4.90464 4.87592 4.25679 3.85947 3.96632 4.9795 4.20886 5.30308 4.70077 4.11495 4.48515 4.88883 4.45462 4.6629 4.56361 4.35285 4.35125 3.82786 4.14838 3.88516 4.01842 4.74419 4.85579 

--------------------------------------
Time: 35.0159
Split Ratios: 1 1 1 1 1 1 1 1 1 1 1 1 1 1 1 1 1 1 1 1 1 1 1 1 1 1 1 1 1 1 
Delays: 0.0171888 0.0157452 0.0149543 0.0130057 0.00930207 0.0161632 0.00942598 0.00740717 0.00747735 0.0130776 0.0154235 0.0167348 0.0074935 0.0149921 0.00563649 0.00942725 0.0168894 0.0092649 0.00741399 0.0112399 0.00936667 0.0092288 0.00927834 0.0139964 0.0178595 0.0123407 0.0175293 0.0183347 0.00935058 0.00926173 
Throughputs: 0.917504 1.06496 0.950272 0.8192 0.917504 0.950272 0.802816 1.01581 0.73728 1.06496 1.01581 0.90112 1.03219 0.802816 1.1305 0.868352 1.08134 1.01581 0.835584 0.950272 0.950272 0.999424 0.868352 0.868352 0.917504 0.966656 1.21242 0.917504 1.08134 0.966656 
Utility: 3.9774 4.21416 4.15175 4.14294 4.59142 4.07401 4.44466 4.92099 4.59109 4.39979 4.18755 3.98615 4.9254 3.9806 5.30115 4.52299 4.15927 4.69721 4.72476 4.43728 4.61959 4.68485 4.53891 4.1278 3.93912 4.36094 4.2365 3.91286 4.75052 4.64795 

--------------------------------------
Time: 35.5162
Split Ratios: 1 1 1 1 1 1 1 1 1 1 1 1 1 1 1 1 1 1 1 1 1 1 1 1 1 1 1 1 1 1 
Delays: 0.0171465 0.0153633 0.014924 0.0129538 0.00928172 0.0158526 0.0094868 0.0073728 0.00754341 0.0132885 0.0155456 0.0168379 0.00755898 0.0147848 0.0057127 0.0093093 0.016846 0.00922671 0.00738899 0.0112698 0.0092403 0.00923325 0.00935193 0.014206 0.0177676 0.0123593 0.0178665 0.0178737 0.00935006 0.00927872 
Throughputs: 0.966656 0.770048 1.04858 0.851968 1.03219 0.770048 0.8192 0.753664 1.11411 0.65536 0.966656 0.950272 1.24518 0.999424 1.08134 0.688128 1.04858 0.8192 0.90112 0.770048 0.917504 1.08134 0.720896 0.950272 1.19603 0.98304 0.884736 0.8192 0.753664 0.802816 
Utility: 4.03205 3.91447 4.25222 4.18616 4.71139 3.88312 4.45843 4.62715 4.99514 3.89829 4.13006 4.03311 5.1043 4.21358 5.24327 4.30296 4.13108 4.48623 4.80365 4.22433 4.59808 4.76315 4.34491 4.20309 4.20939 4.37624 3.90236 3.825 4.38956 4.4604 

--------------------------------------
Time: 36.0163
Split Ratios: 1 1 1 1 1 1 1 1 1 1 1 1 1 1 1 1 1 1 1 1 1 1 1 1 1 1 1 1 1 1 
Delays: 0.0172005 0.0161098 0.0148195 0.0129904 0.00934332 0.0171234 0.0093999 0.00740305 0.00751852 0.0132056 0.0155673 0.0166647 0.00746894 0.0148825 0.0056221 0.00933496 0.0168469 0.00924279 0.00737806 0.0112309 0.00934883 0.00925298 0.00925152 0.0142598 0.0184745 0.012537 0.0182771 0.0184789 0.00944491 0.00923243 
Throughputs: 0.917504 0.966656 1.06496 0.802816 0.933888 0.8192 0.770048 1.14688 0.868352 0.606208 0.802816 0.933888 1.04858 1.01581 0.802816 0.835584 0.950272 0.8192 0.786432 0.868352 0.786432 0.90112 0.90112 1.26157 1.03219 1.04858 0.884736 0.933888 0.90112 0.8192 
Utility: 3.97672 4.09441 4.27475 4.12392 4.6047 3.86788 4.40575 5.04291 4.74923 3.82658 3.94296 4.02606 4.94444 4.22325 4.96142 4.49436 4.03258 4.48448 4.669 4.34793 4.43225 4.57869 4.57885 4.48267 4.02305 4.4265 3.87964 3.92272 4.55816 4.48561 

