--------------------------------------
Time: 5.50038
Split Ratios: 0.5 0.5 1 1 1 1 1 1 0.5 0.5 1 1 1 1 1 1 1 1 1 1 1 1 
Delays: 0.0265614 0.0204695 0.00744423 0.0112773 0.0132095 0.0227942 0.0228752 0.0180496 0.0112813 0.00944678 0.0150234 0.015012 0.0188821 0.0206143 0.00955562 0.0263577 0.0115243 0.0245841 0.0135656 0.0113484 
Throughputs: 1.14688 1.09773 1.11411 0.98304 1.01581 1.14688 1.14688 1.26157 1.04858 1.1305 1.17965 1.1305 1.2288 1.1305 1.19603 1.03219 1.08134 1.14688 1.11411 1.08134 
Utility: 3.76534 3.98206 5.00837 4.46786 4.3425 3.9183 3.91475 4.24699 4.53204 4.78474 4.36336 4.32156 4.17558 4.00442 4.82963 3.66768 4.5415 3.8427 4.40828 4.55688 

--------------------------------------
Time: 6.00051
Split Ratios: 0.573 0.427 1 1 1 1 1 1 0.527 0.473 1 1 1 1 1 1 1 1 1 1 1 1 
Delays: 0.0262941 0.0203678 0.00745106 0.0115212 0.0132455 0.023115 0.0228995 0.0178057 0.0112761 0.00957667 0.0152233 0.0149989 0.0189953 0.0206111 0.00957373 0.026112 0.0114672 0.0245099 0.0133739 0.0113281 
Throughputs: 0.999424 0.950272 1.34349 1.09773 1.14688 1.14688 1.11411 1.2288 1.3271 1.29434 0.98304 1.24518 1.55648 1.11411 1.11411 1.19603 0.868352 1.35987 1.06496 1.11411 
Utility: 3.63783 3.84279 5.19467 4.55681 4.46115 3.90432 3.8847 4.23427 4.76807 4.90642 4.16782 4.41906 4.40599 3.98998 4.75679 3.82437 4.3271 4.01607 4.37739 4.58853 

--------------------------------------
Time: 6.50053
Split Ratios: 0.573 0.427 1 1 1 1 1 1 0.527 0.473 1 1 1 1 1 1 1 1 1 1 1 1 
Delays: 0.0263918 0.0204113 0.0074689 0.0114058 0.0131391 0.0227656 0.0230425 0.0181246 0.0113416 0.00954777 0.0151691 0.0150023 0.0187554 0.0207664 0.00956569 0.0262094 0.0114806 0.0246481 0.0136207 0.0113553 
Throughputs: 1.26157 0.966656 1.34349 1.21242 0.950272 1.09773 1.35987 1.24518 1.27795 1.16326 0.966656 1.2288 0.917504 1.24518 1.26157 1.44179 1.2288 1.34349 1.16326 1.06496 
Utility: 3.86706 3.85775 5.19228 4.66625 4.28115 3.87575 4.0778 4.22977 4.72453 4.80268 4.15458 4.40559 3.89018 4.0937 4.88193 4.00752 4.67314 3.99833 4.4474 4.541 

--------------------------------------
Time: 7.00094
Split Ratios: 0.573 0.427 1 1 1 1 1 1 0.527 0.473 1 1 1 1 1 1 1 1 1 1 1 1 
Delays: 0.0261647 0.0203931 0.00742267 0.0114488 0.0131604 0.0228772 0.0229205 0.018102 0.0112883 0.00941993 0.0152962 0.0151321 0.0189261 0.0205717 0.00942255 0.0261815 0.0114299 0.0246257 0.013416 0.0112991 
Throughputs: 1.17965 0.98304 0.950272 1.04858 1.21242 1.26157 1.26157 1.24518 1.04858 1.11411 1.2288 1.34349 1.40902 1.11411 0.933888 1.29434 1.21242 1.16326 0.835584 1.29434 
Utility: 3.80856 3.87546 4.85221 4.5173 4.52316 4.00997 4.00808 4.23102 4.53142 4.77299 4.38619 4.48621 4.31011 3.9919 4.59625 3.9007 4.66414 3.85519 4.13168 4.74103 

--------------------------------------
Time: 7.50117
Split Ratios: 0.573 0.427 1 1 1 1 1 1 0.527 0.473 1 1 1 1 1 1 1 1 1 1 1 1 
Delays: 0.0262622 0.0204688 0.0074075 0.0114454 0.0131606 0.0229595 0.0231154 0.0181274 0.0114398 0.00948511 0.0151594 0.0149715 0.0189363 0.0210055 0.00952841 0.0263712 0.0115761 0.0247569 0.0133372 0.0112542 
Throughputs: 1.44179 1.06496 0.98304 1.01581 1.16326 1.24518 1.44179 1.26157 1.42541 1.16326 1.01581 1.11411 1.37626 1.37626 1.16326 1.27795 1.39264 0.966656 0.868352 1.06496 
Utility: 4.00551 3.95179 4.88816 4.48586 4.48176 3.99331 4.13314 4.24269 4.82512 4.80926 4.20482 4.30966 4.28604 4.18234 4.80471 3.88074 4.79001 3.66474 4.17604 4.54995 

--------------------------------------
Time: 8.00258
Split Ratios: 0.573 0.427 1 1 1 1 1 1 0.527 0.473 1 1 1 1 1 1 1 1 1 1 1 1 
Delays: 0.0249361 0.020438 0.00746594 0.0115363 0.0131582 0.0228871 0.0226745 0.0178356 0.011311 0.00949122 0.0151426 0.0149612 0.0188444 0.0208495 0.00938572 0.0260701 0.011463 0.0247644 0.0131719 0.011287 
Throughputs: 0.933888 1.29434 1.17965 1.2288 1.17965 1.01581 1.16326 1.3271 1.42541 1.31072 0.868352 1.09773 1.24518 1.14688 1.34349 1.14688 1.03219 1.34349 0.835584 0.851968 
Utility: 3.62304 4.14836 5.06262 4.66829 4.49593 3.79287 3.93774 4.30956 4.83644 4.92796 4.04909 4.29554 4.19082 4.00747 4.96384 3.78401 4.50031 3.99362 4.15004 4.32389 

--------------------------------------
Time: 8.50274
Split Ratios: 0.573 0.427 1 1 1 1 1 1 0.527 0.473 1 1 1 1 1 1 1 1 1 1 1 1 
Delays: 0.0254873 0.0204788 0.00738434 0.0115052 0.0131058 0.0228625 0.0229996 0.0179502 0.0113064 0.00952839 0.0153428 0.0149094 0.0189119 0.0207822 0.00950822 0.0262066 0.0114159 0.0247 0.0135268 0.0113261 
Throughputs: 1.19603 1.03219 0.933888 0.98304 1.11411 1.03219 1.40902 1.16326 1.29434 1.2288 1.14688 1.09773 1.35987 1.08134 1.3271 0.917504 1.26157 1.19603 0.90112 0.98304 
Utility: 3.84858 3.92005 4.84 4.44785 4.44276 3.80994 4.11518 4.17138 4.74038 4.85952 4.31415 4.299 4.27536 3.95186 4.9386 3.55565 4.7051 3.87996 4.19897 4.46354 

--------------------------------------
Time: 9.00294
Split Ratios: 0.573 0.427 1 1 1 1 1 1 0.527 0.473 1 1 1 1 1 1 1 1 1 1 1 1 
Delays: 0.0253083 0.0203448 0.00740448 0.0114917 0.0131297 0.0226826 0.0227333 0.017873 0.011469 0.00955286 0.0154981 0.0151557 0.0187536 0.0205394 0.00965228 0.0262142 0.011501 0.0244329 0.0133638 0.011233 
Throughputs: 1.3271 1.08134 1.1305 1.42541 1.17965 1.09773 1.08134 1.11411 1.1305 0.98304 1.17965 1.2288 1.21242 0.98304 1.39264 1.06496 1.09773 1.26157 0.851968 1.16326 
Utility: 3.95962 3.97313 5.02833 4.82059 4.49809 3.8794 3.86213 4.13252 4.59077 4.63381 4.33225 4.39542 4.16899 3.86831 4.97176 3.70439 4.55856 3.94418 4.155 4.64013 

--------------------------------------
Time: 9.50313
Split Ratios: 0.573 0.427 1 1 1 1 1 1 0.527 0.473 1 1 1 1 1 1 1 1 1 1 1 1 
Delays: 0.0247177 0.0204295 0.00743026 0.0114409 0.013127 0.0230705 0.0228996 0.0180325 0.0113312 0.00947437 0.015267 0.0150806 0.0188491 0.0209411 0.00943415 0.0262193 0.0114333 0.0246004 0.013376 0.0112821 
Throughputs: 1.34349 0.90112 0.933888 1.1305 1.19603 1.31072 1.17965 1.2288 1.24518 1.17965 1.26157 0.98304 1.1305 1.39264 1.27795 1.24518 1.27795 1.17965 1.14688 1.26157 
Utility: 3.9955 3.78666 4.8338 4.59322 4.51209 4.03978 3.94185 4.22162 4.69948 4.82438 4.41442 4.17724 4.09395 4.19724 4.90868 3.86054 4.71649 3.87021 4.45134 4.7169 

--------------------------------------
Time: 10.0033
Split Ratios: 0.573 0.427 1 1 1 1 1 1 0.527 0.473 1 1 1 1 1 1 1 1 1 1 1 1 
Delays: 0.0266604 0.0204624 0.00744395 0.0113844 0.0131189 0.0229754 0.0230718 0.0180228 0.0114768 0.00949111 0.0152455 0.0149435 0.0190473 0.0207563 0.00954533 0.0261698 0.0112838 0.0246383 0.0135566 0.0112525 
Throughputs: 1.11411 1.14688 1.19603 1.26157 1.24518 1.27795 1.14688 1.27795 1.09773 1.31072 0.868352 1.24518 1.31072 1.16326 1.24518 0.999424 0.933888 1.11411 1.11411 1.21242 
Utility: 3.73263 4.02621 5.07936 4.70787 4.55298 4.01859 3.90619 4.26138 4.56067 4.92798 4.04231 4.42276 4.2314 4.02613 4.87099 3.64257 4.41599 3.81151 4.40894 4.67978 

--------------------------------------
Time: 10.5037
Split Ratios: 0.573 0.427 1 1 1 1 1 1 0.527 0.473 1 1 1 1 1 1 1 1 1 1 1 1 
Delays: 0.025288 0.0204221 0.00750954 0.0113422 0.0133105 0.022958 0.0227555 0.017954 0.0112441 0.00956508 0.0150726 0.0150796 0.0189601 0.0206123 0.00941502 0.0261978 0.0116772 0.0244038 0.0133717 0.0113537 
Throughputs: 0.966656 1.14688 1.27795 1.09773 1.49094 1.09773 1.17965 1.29434 1.11411 1.1305 1.11411 0.950272 1.3271 1.08134 1.06496 1.45818 1.09773 1.17965 0.98304 0.868352 
Utility: 3.64351 4.02818 5.13684 4.57247 4.71862 3.86733 3.94816 4.27794 4.59597 4.77229 4.30293 4.1434 4.24842 3.96007 4.72839 4.01927 4.54336 3.87823 4.29751 4.33705 

--------------------------------------
Time: 11.0038
Split Ratios: 0.573 0.427 1 1 1 1 1 1 0.527 0.473 1 1 1 1 1 1 1 1 1 1 1 1 
Delays: 0.025258 0.0203764 0.00741937 0.0114522 0.0130873 0.0227167 0.0230088 0.0180152 0.0112894 0.00952375 0.0152663 0.0150966 0.0189634 0.0206491 0.00953885 0.0261478 0.0114187 0.0245648 0.0135584 0.0112938 
Throughputs: 1.11411 1.1305 1.11411 1.03219 1.11411 1.06496 1.29434 1.21242 1.24518 1.27795 1.1305 1.14688 1.26157 0.966656 1.24518 1.3271 1.11411 1.1305 1.37626 1.06496 
Utility: 3.78667 4.01603 5.01172 4.50126 4.44417 3.84759 4.02988 4.20916 4.70317 4.89923 4.30477 4.33033 4.1976 3.84617 4.87167 3.92699 4.58056 3.8291 4.62012 4.54644 

--------------------------------------
Time: 11.5041
Split Ratios: 0.573 0.427 1 1 1 1 1 1 0.527 0.473 1 1 1 1 1 1 1 1 1 1 1 1 
Delays: 0.0268785 0.0203724 0.00744249 0.0115512 0.013143 0.0228415 0.0230223 0.018205 0.0113118 0.00956985 0.0153397 0.0151281 0.0189516 0.0209104 0.00957482 0.0263537 0.0113417 0.0248014 0.0135356 0.0113138 
Throughputs: 1.11411 1.17965 1.11411 1.16326 1.26157 1.14688 1.37626 1.26157 0.98304 1.37626 1.26157 1.09773 1.21242 1.06496 1.19603 1.1305 0.98304 1.21242 1.19603 0.966656 
Utility: 3.72449 4.05879 5.00861 4.6122 4.56422 3.91622 4.09066 4.23841 4.4648 4.9685 4.40966 4.28444 4.15848 3.93045 4.82763 3.7588 4.46217 3.88947 4.48144 4.44782 

--------------------------------------
Time: 12.0044
Split Ratios: 0.573 0.427 1 1 1 1 1 1 0.527 0.473 1 1 1 1 1 1 1 1 1 1 1 1 
Delays: 0.0254468 0.0204016 0.00739331 0.0116703 0.0131407 0.0227832 0.0226792 0.0179229 0.0112569 0.00972858 0.0152069 0.0150104 0.0188389 0.0206209 0.00946415 0.0261248 0.0114356 0.0245775 0.0133096 0.0112668 
Throughputs: 1.1305 1.3271 1.19603 1.16326 1.03219 0.966656 1.17965 0.966656 1.44179 1.39264 1.04858 1.2288 1.26157 1.21242 1.06496 1.14688 1.09773 0.851968 1.01581 1.06496 
Utility: 3.79382 4.17514 5.08619 4.60194 4.36373 3.74782 3.95152 3.98776 4.85266 4.96389 4.23344 4.40505 4.20419 4.07407 4.72318 3.78192 4.56427 3.54572 4.33495 4.54883 

--------------------------------------
Time: 12.5045
Split Ratios: 0.573 0.427 1 1 1 1 1 1 0.527 0.473 1 1 1 1 1 1 1 1 1 1 1 1 
Delays: 0.0257456 0.0204355 0.0074266 0.0113754 0.0132333 0.0229786 0.0232718 0.0182439 0.0113819 0.00946717 0.0152051 0.0151155 0.0188896 0.0208092 0.00953051 0.0263061 0.0115315 0.0249018 0.0135617 0.0112867 
Throughputs: 1.35987 1.01581 0.835584 1.09773 1.24518 1.26157 1.35987 1.39264 1.27795 1.19603 1.3271 1.19603 1.29434 1.19603 0.966656 1.44179 1.21242 1.06496 0.933888 1.08134 
Utility: 3.96688 3.90617 4.72306 4.56955 4.5443 4.00555 4.0679 4.33513 4.72099 4.83893 4.46913 4.37104 4.22714 4.05137 4.61934 4.00384 4.65529 3.75575 4.2321 4.56233 

--------------------------------------
Time: 13.0051
Split Ratios: 0.573 0.427 1 1 1 1 1 1 0.527 0.473 1 1 1 1 1 1 1 1 1 1 1 1 
Delays: 0.0259554 0.0204743 0.00741891 0.0113647 0.0134457 0.0230899 0.0229582 0.0182941 0.0112641 0.00942049 0.0151508 0.0149142 0.0190129 0.0207104 0.00957208 0.0263042 0.0115765 0.0247 0.0134114 0.0114082 
Throughputs: 1.34349 1.2288 1.11411 1.03219 1.04858 1.44179 1.03219 1.19603 1.21242 1.17965 0.835584 1.27795 1.52371 1.24518 0.917504 1.55648 1.03219 1.03219 1.06496 1.45818 
Utility: 3.94665 4.09462 5.01178 4.50893 4.35653 4.13425 3.80576 4.18018 4.67875 4.83008 4.01008 4.4507 4.38379 4.0964 4.56281 4.08045 4.49046 3.73264 4.37459 4.85061 

--------------------------------------
Time: 13.5054
Split Ratios: 0.573 0.427 1 1 1 1 1 1 0.527 0.473 1 1 1 1 1 1 1 1 1 1 1 1 
Delays: 0.0256113 0.020358 0.00747103 0.0114044 0.0132076 0.0231057 0.022877 0.0179105 0.0112588 0.00965877 0.0150781 0.0149801 0.0188468 0.0207048 0.00945744 0.0261517 0.0114089 0.0247572 0.0134267 0.0113246 
Throughputs: 1.19603 1.21242 1.17965 0.950272 1.17965 1.31072 1.1305 0.98304 1.24518 1.3271 1.2288 1.04858 1.26157 1.17965 1.2288 1.35987 1.06496 1.29434 1.11411 1.26157 
Utility: 3.84373 4.0869 5.06194 4.42275 4.49218 4.03825 3.90028 4.00526 4.70589 4.92289 4.40055 4.24846 4.20377 4.0426 4.86699 3.95123 4.5363 3.95664 4.41857 4.71313 

--------------------------------------
Time: 14.0055
Split Ratios: 0.573 0.427 1 1 1 1 1 1 0.527 0.473 1 1 1 1 1 1 1 1 1 1 1 1 
Delays: 0.025837 0.0203561 0.00741613 0.0113974 0.0131174 0.0230578 0.0231869 0.0180755 0.0112848 0.00955154 0.0152182 0.0149568 0.0189046 0.0206635 0.00939533 0.0263667 0.0114386 0.0250052 0.0133811 0.0113629 
Throughputs: 1.44179 1.16326 1.11411 1.24518 1.17965 1.35987 1.34349 1.26157 1.37626 1.27795 1.17965 1.11411 1.1305 0.98304 1.21242 0.966656 1.01581 1.08134 1.14688 0.868352 
Utility: 4.02183 4.04561 5.01216 4.69365 4.49903 4.07714 4.05944 4.24556 4.80367 4.89631 4.35048 4.31064 4.09101 3.86228 4.86016 3.60174 4.48644 3.76688 4.45096 4.33624 

--------------------------------------
Time: 14.5055
Split Ratios: 0.573 0.427 1 1 1 1 1 1 0.527 0.473 1 1 1 1 1 1 1 1 1 1 1 1 
Delays: 0.0255251 0.0203854 0.00739301 0.0115445 0.0131526 0.0231094 0.0229395 0.0181278 0.0113363 0.00953648 0.0152481 0.0151089 0.0189364 0.0208341 0.00940472 0.0263128 0.0115371 0.0246983 0.0134906 0.0114757 
Throughputs: 1.26157 1.3271 0.917504 1.26157 1.09773 1.31072 1.6384 0.98304 1.24518 0.917504 1.16326 1.1305 1.44179 1.17965 1.06496 1.2288 1.35987 1.44179 0.999424 1.06496 
Utility: 3.90045 4.17594 4.82112 4.69391 4.42438 4.03809 4.26862 3.99321 4.69903 4.56653 4.33453 4.31513 4.33255 4.03638 4.72948 3.84374 4.76958 4.06691 4.30519 4.53046 

--------------------------------------
Time: 15.0062
Split Ratios: 0.573 0.427 1 1 1 1 1 1 0.527 0.473 1 1 1 1 1 1 1 1 1 1 1 1 
Delays: 0.0251278 0.0204119 0.00741551 0.0114817 0.0131832 0.0226685 0.0227648 0.0179182 0.0112547 0.00959043 0.015159 0.0150308 0.0188957 0.0206293 0.00938965 0.0263684 0.0115109 0.0248109 0.0132773 0.0113089 
Throughputs: 1.34349 1.19603 0.917504 1.11411 1.09773 1.14688 1.19603 1.2288 1.27795 1.44179 1.01581 0.999424 1.27795 1.11411 1.08134 1.47456 1.01581 1.29434 0.950272 1.08134 
Utility: 3.97905 4.07065 4.81808 4.57506 4.42206 3.92382 3.96155 4.22798 4.73223 5.01288 4.20485 4.19708 4.21408 3.9891 4.74635 4.02395 4.48015 3.95447 4.2707 4.56037 

--------------------------------------
Time: 15.507
Split Ratios: 0.573 0.427 1 1 1 1 1 1 0.527 0.473 1 1 1 1 1 1 1 1 1 1 1 1 
Delays: 0.0257322 0.02037 0.00742797 0.0113999 0.0133393 0.022926 0.0227732 0.0180432 0.0112493 0.00945718 0.0151336 0.0150195 0.0190265 0.0206983 0.00954885 0.0261551 0.0115141 0.0247634 0.0133464 0.0112467 
Throughputs: 1.2288 1.21242 1.1305 1.06496 1.2288 1.44179 1.27795 1.04858 1.19603 0.950272 1.1305 0.950272 1.08134 1.21242 1.45818 1.34349 1.03219 1.1305 0.73728 0.966656 
Utility: 3.86605 4.08631 5.02516 4.53708 4.52308 4.14137 4.02743 4.06242 4.66646 4.60997 4.3135 4.1474 4.04013 4.07032 5.02852 3.93898 4.49587 3.82104 4.01172 4.45377 

--------------------------------------
Time: 16.0072
Split Ratios: 0.573 0.427 1 1 1 1 1 1 0.527 0.473 1 1 1 1 1 1 1 1 1 1 1 1 
Delays: 0.0257761 0.0204232 0.00741024 0.0116325 0.0131086 0.0229765 0.0228954 0.0179267 0.0113676 0.00948694 0.0152129 0.0149976 0.0188871 0.0207499 0.00957741 0.0261467 0.0114596 0.024713 0.013493 0.0113759 
Throughputs: 1.40902 1.08134 1.01581 1.27795 1.24518 1.24518 1.19603 1.11411 1.14688 1.06496 1.06496 1.14688 1.35987 1.34349 1.29434 1.11411 1.09773 1.09773 0.950272 1.3271 
Utility: 4.00121 3.96929 4.92058 4.69921 4.55377 3.99257 3.95583 4.12952 4.61404 4.72078 4.24855 4.33691 4.27666 4.17048 4.90635 3.75209 4.56217 3.79367 4.25458 4.75925 

--------------------------------------
Time: 16.5076
Split Ratios: 0.573 0.427 1 1 1 1 1 1 0.527 0.473 1 1 1 1 1 1 1 1 1 1 1 1 
Delays: 0.0255415 0.0204533 0.00740814 0.0113473 0.0130644 0.0227474 0.0227898 0.0178927 0.0113797 0.00944958 0.0151897 0.0149745 0.0187615 0.0207112 0.00941518 0.0261989 0.0113616 0.0245252 0.0133562 0.0113878 
Throughputs: 1.42541 1.06496 1.11411 0.999424 1.21242 1.1305 1.04858 1.06496 1.34349 1.08134 1.11411 1.11411 1.08134 0.933888 0.98304 1.11411 1.17965 1.04858 1.01581 1.14688 
Utility: 4.02191 3.95255 5.01323 4.4782 4.53048 3.90596 3.82887 4.0863 4.77119 4.73999 4.29519 4.30947 4.05415 3.80868 4.64833 3.75009 4.64273 3.75549 4.33146 4.61226 

--------------------------------------
Time: 17.0077
Split Ratios: 0.573 0.427 1 1 1 1 1 1 0.527 0.473 1 1 1 1 1 1 1 1 1 1 1 1 
Delays: 0.0263184 0.02038 0.00743132 0.0112954 0.0130978 0.0228615 0.0229236 0.0180451 0.0113442 0.00962639 0.0152105 0.0149094 0.0189063 0.020603 0.00946914 0.0263943 0.0113559 0.0247996 0.0132947 0.0113399 
Throughputs: 1.1305 1.04858 0.999424 1.01581 1.17965 1.21242 1.14688 1.21242 1.06496 1.24518 1.04858 0.966656 1.03219 1.1305 1.26157 1.29434 1.39264 1.03219 1.11411 1.03219 
Utility: 3.76014 3.94063 4.90148 4.49904 4.50053 3.97092 3.91263 4.2075 4.54199 4.86253 4.2332 4.17185 3.99995 4.00498 4.89207 3.89261 4.80922 3.72861 4.42844 4.51111 

--------------------------------------
Time: 17.5085
Split Ratios: 0.573 0.427 1 1 1 1 1 1 0.527 0.473 1 1 1 1 1 1 1 1 1 1 1 1 
Delays: 0.0264131 0.0204054 0.00740444 0.0113832 0.0131364 0.0228439 0.0233663 0.0180922 0.0112747 0.00949823 0.0152014 0.0150608 0.0190258 0.0206106 0.00951617 0.0261136 0.0113997 0.0246653 0.0133649 0.0113679 
Throughputs: 1.16326 1.45818 1.01581 0.98304 1.1305 1.34349 1.27795 1.26157 1.31072 1.17965 1.03219 0.933888 1.1305 1.19603 1.47456 1.21242 1.11411 1.31072 0.98304 1.09773 
Utility: 3.78513 4.26914 4.92136 4.45851 4.45502 4.07434 4.00172 4.24463 4.75577 4.82187 4.21805 4.12726 4.08461 4.06096 5.04312 3.83791 4.58222 3.97293 4.29802 4.57021 

--------------------------------------
Time: 18.0092
Split Ratios: 0.573 0.427 1 1 1 1 1 1 0.527 0.473 1 1 1 1 1 1 1 1 1 1 1 1 
Delays: 0.0259809 0.0203801 0.00741759 0.011487 0.0132488 0.0228368 0.0230103 0.0180205 0.0112771 0.00957509 0.0151763 0.0150501 0.0189282 0.0207267 0.00944421 0.0262555 0.0114552 0.0247446 0.0133339 0.0113388 
Throughputs: 1.24518 1.21242 1.14688 1.1305 1.16326 1.11411 1.08134 1.26157 1.31072 1.24518 1.19603 1.17965 1.34349 1.39264 1.29434 1.34349 1.11411 1.1305 0.999424 1.24518 
Utility: 3.86968 4.08581 5.04095 4.5892 4.47507 3.88744 3.85002 4.2486 4.75556 4.86787 4.36703 4.36159 4.26237 4.20753 4.92035 3.93515 4.57737 3.8218 4.31687 4.69881 

--------------------------------------
Time: 18.5093
Split Ratios: 0.573 0.427 1 1 1 1 1 1 0.527 0.473 1 1 1 1 1 1 1 1 1 1 1 1 
Delays: 0.0258006 0.0203743 0.00744555 0.0114124 0.0131872 0.0227318 0.0229384 0.0179468 0.0114096 0.00940878 0.0151216 0.014988 0.0187509 0.0206165 0.00943715 0.0261734 0.0114299 0.0247497 0.0133612 0.0114267 
Throughputs: 1.06496 1.1305 1.06496 1.08134 0.999424 1.09773 1.27795 1.35987 1.29434 1.2288 1.2288 1.06496 1.06496 1.08134 1.31072 1.37626 1.17965 1.17965 1.08134 1.09773 
Utility: 3.7203 4.01614 4.96308 4.55126 4.32793 3.87723 4.0202 4.32773 4.7313 4.87215 4.39767 4.26344 4.03945 3.95987 4.93368 3.96238 4.63674 3.86416 4.39361 4.56505 

--------------------------------------
Time: 19.0095
Split Ratios: 0.573 0.427 1 1 1 1 1 1 0.527 0.473 1 1 1 1 1 1 1 1 1 1 1 1 
Delays: 0.0256543 0.0203828 0.0074066 0.0114157 0.0133321 0.0230031 0.0229287 0.0179532 0.0113683 0.00951972 0.0151478 0.0149811 0.0189394 0.02071 0.00939305 0.0260639 0.0113964 0.0246972 0.0133767 0.0113349 
Throughputs: 1.19603 1.24518 1.08134 1.01581 1.37626 1.3271 1.35987 1.3271 1.2288 1.2288 0.98304 0.950272 1.34349 1.14688 1.31072 1.21242 1.09773 1.24518 0.999424 1.1305 
Utility: 3.84205 4.11235 4.98359 4.48845 4.63695 4.05513 4.08275 4.30299 4.68296 4.86043 4.1728 4.14996 4.26178 4.01419 4.93836 3.83982 4.5677 3.92035 4.31366 4.60252 

--------------------------------------
Time: 19.5095
Split Ratios: 0.573 0.427 1 1 1 1 1 1 0.527 0.473 1 1 1 1 1 1 1 1 1 1 1 1 
Delays: 0.0268214 0.0204104 0.00742639 0.0114729 0.0132295 0.0226022 0.0232011 0.0178421 0.0113494 0.00967141 0.0151198 0.0150769 0.0190527 0.0206824 0.00952151 0.0263892 0.0114541 0.024643 0.0135821 0.0113927 
Throughputs: 1.42541 0.98304 1.19603 1.21242 1.34349 1.04858 1.26157 1.19603 1.39264 1.2288 1.11411 1.17965 1.17965 1.24518 1.3271 1.09773 0.98304 1.29434 1.08134 1.19603 
Utility: 3.97301 3.8746 5.08173 4.66038 4.62058 3.83714 3.99591 4.2052 4.80979 4.84462 4.29981 4.35981 4.12577 4.09775 4.9372 3.72804 4.45231 3.96126 4.37721 4.65379 

--------------------------------------
Time: 20.0105
Split Ratios: 0.573 0.427 1 1 1 1 1 1 0.527 0.473 1 1 1 1 1 1 1 1 1 1 1 1 
Delays: 0.0262285 0.0203744 0.00740933 0.0114892 0.0132242 0.0227143 0.0231345 0.0177958 0.0112588 0.00962236 0.0151382 0.0148871 0.0189201 0.0205967 0.00950589 0.0263369 0.0114443 0.0248204 0.0135812 0.0114878 
Throughputs: 1.21242 1.16326 0.917504 1.39264 1.2288 1.01581 1.40902 1.08134 1.21242 1.37626 0.999424 1.04858 1.35987 1.29434 1.11411 1.35987 1.2288 0.999424 1.17965 0.999424 
Utility: 3.83352 4.0447 4.81892 4.79755 4.53175 3.80044 4.10933 4.10699 4.67922 4.96303 4.18996 4.25469 4.27492 4.14062 4.7639 3.94417 4.6763 3.69551 4.46429 4.46589 

--------------------------------------
Time: 20.5115
Split Ratios: 0.573 0.427 1 1 1 1 1 1 0.527 0.473 1 1 1 1 1 1 1 1 1 1 1 1 
Delays: 0.0256578 0.0204538 0.00742911 0.0114396 0.0129723 0.0225452 0.0231055 0.0178639 0.0111883 0.00946768 0.0154392 0.0150062 0.0187109 0.0207671 0.00952219 0.0263563 0.011289 0.0245709 0.0136798 0.0113438 
Throughputs: 1.09773 1.06496 0.835584 1.09773 1.01581 0.966656 1.03219 1.03219 1.06496 1.19603 1.19603 1.31072 0.999424 1.3271 1.29434 1.50733 1.04858 1.29434 1.03219 1.27795 
Utility: 3.75615 3.95252 4.72272 4.56392 4.36062 3.75832 3.79937 4.05666 4.55582 4.83888 4.34985 4.46987 3.97807 4.15738 4.91213 4.04639 4.53136 3.96419 4.32352 4.72434 

--------------------------------------
Time: 21.0116
Split Ratios: 0.573 0.427 1 1 1 1 1 1 0.527 0.473 1 1 1 1 1 1 1 1 1 1 1 1 
Delays: 0.0255498 0.0203854 0.00744412 0.0116047 0.0131543 0.0227956 0.0228662 0.0179096 0.0112654 0.00946468 0.015182 0.0149503 0.0187389 0.0206285 0.00952987 0.026186 0.0114106 0.0247282 0.0136119 0.011409 
Throughputs: 1.52371 1.06496 1.11411 1.21242 1.19603 1.42541 1.03219 1.27795 1.14688 1.17965 0.802816 1.3271 1.04858 1.09773 0.90112 1.39264 0.90112 0.933888 1.14688 1.09773 
Utility: 4.08828 3.95587 5.00839 4.64896 4.51002 4.13564 3.80978 4.26768 4.62307 4.8254 3.96802 4.48602 4.02458 3.97432 4.54921 3.97373 4.3691 3.63141 4.43386 4.5666 

--------------------------------------
Time: 21.512
Split Ratios: 0.573 0.427 1 1 1 1 1 1 0.527 0.473 1 1 1 1 1 1 1 1 1 1 1 1 
Delays: 0.0255316 0.0204277 0.00742637 0.0115294 0.0131669 0.0227776 0.0227237 0.0180366 0.0114121 0.009622 0.0155116 0.0150958 0.0188729 0.0207456 0.00954901 0.0261041 0.0114054 0.0248146 0.0132084 0.0112954 
Throughputs: 1.42541 1.04858 1.09773 1.34349 1.39264 1.14688 1.19603 1.09773 1.2288 1.50733 1.2288 1.26157 1.04858 1.04858 1.16326 1.14688 1.2288 1.19603 0.884736 1.04858 
Utility: 4.0223 3.9383 4.99596 4.75812 4.66125 3.91902 3.96336 4.10859 4.67912 5.05404 4.37221 4.42569 4.01746 3.92285 4.80255 3.78271 4.67971 3.87533 4.20443 4.53079 

--------------------------------------
Time: 22.0127
Split Ratios: 0.573 0.427 1 1 1 1 1 1 0.527 0.473 1 1 1 1 1 1 1 1 1 1 1 1 
Delays: 0.0251671 0.0203635 0.00745509 0.0114646 0.0132965 0.0230425 0.0228667 0.0177786 0.0111697 0.009528 0.0153376 0.0149852 0.0187779 0.0205612 0.00964514 0.0262328 0.0112898 0.0247371 0.0136268 0.011374 
Throughputs: 1.2288 1.03219 1.35987 1.04858 1.34349 0.98304 1.03219 1.1305 1.19603 1.21242 1.31072 1.17965 1.17965 1.16326 1.35987 1.24518 0.999424 1.17965 1.16326 1.08134 
Utility: 3.88825 3.92569 5.20625 4.51593 4.61552 3.75331 3.80976 4.15242 4.67356 4.84614 4.44802 4.36591 4.14029 4.03558 4.94869 3.86003 4.48328 3.86467 4.44694 4.55463 

--------------------------------------
Time: 22.5132
Split Ratios: 0.573 0.427 1 1 1 1 1 1 0.527 0.473 1 1 1 1 1 1 1 1 1 1 1 1 
Delays: 0.0254877 0.0203441 0.00740352 0.0113777 0.0131051 0.0230471 0.0227287 0.0178787 0.011336 0.00940805 0.0151151 0.0150415 0.0188684 0.0207105 0.00951864 0.0262463 0.0114551 0.0246489 0.013501 0.0112849 
Throughputs: 1.14688 1.17965 0.933888 1.24518 1.03219 1.19603 1.34349 1.14688 1.39264 1.17965 1.21242 1.08134 1.3271 1.11411 1.09773 1.37626 1.11411 1.2288 1.08134 0.868352 
Utility: 3.80661 4.06018 4.8374 4.69539 4.36644 3.94922 4.0794 4.16119 4.81097 4.83141 4.38468 4.27515 4.25327 3.98517 4.74775 3.9596 4.57738 3.90906 4.3832 4.34313 

--------------------------------------
Time: 23.0132
Split Ratios: 0.573 0.427 1 1 1 1 1 1 0.527 0.473 1 1 1 1 1 1 1 1 1 1 1 1 
Delays: 0.0244988 0.0204211 0.00742136 0.0114483 0.0131968 0.0230887 0.0229131 0.0179522 0.0113223 0.009469 0.0152487 0.0149821 0.018935 0.0207177 0.00947786 0.0261742 0.0114083 0.024754 0.0133863 0.0112278 
Throughputs: 1.24518 1.21242 1.06496 1.34349 1.26157 1.37626 1.03219 1.11411 1.24518 1.3271 1.1305 0.950272 1.21242 1.42541 1.24518 1.29434 1.06496 1.14688 1.06496 0.950272 
Utility: 3.92842 4.0838 4.96633 4.76518 4.56013 4.08778 3.80773 4.1281 4.70026 4.94273 4.30591 4.14989 4.15936 4.23122 4.87808 3.90098 4.53635 3.83581 4.37646 4.43836 

--------------------------------------
Time: 23.5137
Split Ratios: 0.573 0.427 1 1 1 1 1 1 0.527 0.473 1 1 1 1 1 1 1 1 1 1 1 1 
Delays: 0.025763 0.0203854 0.00745076 0.0114086 0.0131465 0.0229195 0.0232797 0.0179676 0.0114233 0.0094279 0.0152189 0.0150897 0.0191292 0.0205994 0.00960266 0.0261084 0.0116531 0.0247397 0.0135202 0.0113947 
Throughputs: 1.24518 1.21242 1.1305 1.16326 1.27795 1.1305 1.27795 1.3271 1.1305 1.08134 1.24518 1.29434 1.27795 1.34349 1.2288 1.14688 1.2288 1.47456 0.950272 1.11411 
Utility: 3.8781 4.08555 5.0221 4.62461 4.57686 3.89842 4.00543 4.30218 4.59476 4.74229 4.4045 4.45174 4.2018 4.17776 4.85175 3.78254 4.65822 4.08771 4.25257 4.58266 

--------------------------------------
Time: 24.0138
Split Ratios: 0.573 0.427 1 1 1 1 1 1 0.527 0.473 1 1 1 1 1 1 1 1 1 1 1 1 
Delays: 0.0256169 0.0204432 0.0074266 0.0114234 0.0131645 0.023181 0.0231058 0.017634 0.0113825 0.0095423 0.015082 0.0149873 0.018929 0.0207894 0.00937942 0.0263094 0.0115791 0.0247754 0.0134364 0.0113516 
Throughputs: 1.31072 1.27795 0.851968 0.950272 1.21242 1.2288 1.37626 1.47456 1.60563 1.40902 1.03219 1.1305 1.03219 1.19603 1.04858 1.1305 1.17965 1.21242 0.90112 0.868352 
Utility: 3.93508 4.13536 4.74248 4.42108 4.52285 3.97046 4.08704 4.42629 4.9492 4.99492 4.22594 4.32321 3.99874 4.05232 4.71667 3.76048 4.62377 3.89052 4.20567 4.33724 

--------------------------------------
Time: 24.514
Split Ratios: 0.573 0.427 1 1 1 1 1 1 0.527 0.473 1 1 1 1 1 1 1 1 1 1 1 1 
Delays: 0.0263511 0.0203193 0.00742712 0.0114562 0.0131391 0.0228876 0.0228657 0.0180034 0.0112551 0.00958463 0.0152311 0.0149299 0.0187995 0.0206981 0.00961106 0.0262419 0.0114626 0.0246844 0.0133303 0.0112206 
Throughputs: 1.17965 0.884736 1.06496 1.04858 1.2288 1.31072 1.40902 1.2288 1.16326 1.3271 1.08134 0.966656 1.08134 1.2288 1.26157 1.11411 1.16326 0.950272 1.04858 0.950272 
Utility: 3.80146 3.77372 4.96555 4.51666 4.5382 4.04773 4.12101 4.22323 4.63817 4.93059 4.26262 4.17048 4.05213 4.08375 4.8772 3.74846 4.6199 3.65058 4.36515 4.439 

--------------------------------------
Time: 25.0146
Split Ratios: 0.573 0.427 1 1 1 1 1 1 0.527 0.473 1 1 1 1 1 1 1 1 1 1 1 1 
Delays: 0.0268858 0.0204062 0.00741779 0.0115626 0.0131858 0.0228764 0.0228521 0.0181796 0.011226 0.0094607 0.0152456 0.0150562 0.0188115 0.0207601 0.00948176 0.0263118 0.0114426 0.0246739 0.013667 0.0112338 
Throughputs: 1.04858 1.16326 1.17965 1.21242 1.09773 1.24518 1.2288 1.29434 1.08134 1.19603 1.1305 0.999424 1.04858 1.2288 1.19603 1.49094 1.17965 1.26157 0.999424 1.1305 
Utility: 3.66359 4.04315 5.06909 4.6526 4.42185 3.99693 3.98475 4.26545 4.56773 4.83962 4.30612 4.19539 4.02072 4.08076 4.83739 4.03715 4.63563 3.93436 4.2922 4.61148 

--------------------------------------
Time: 25.5147
Split Ratios: 0.573 0.427 1 1 1 1 1 1 0.527 0.473 1 1 1 1 1 1 1 1 1 1 1 1 
Delays: 0.0261033 0.0204602 0.00740967 0.0116289 0.0131749 0.0230089 0.0228882 0.0179876 0.0113146 0.00941106 0.0153031 0.0149444 0.0190384 0.0207552 0.00943451 0.0261277 0.0113206 0.0246143 0.0134003 0.0112504 
Throughputs: 1.14688 0.917504 1.06496 1.29434 1.03219 1.16326 1.21242 0.950272 1.17965 1.2288 0.917504 1.14688 1.42541 1.14688 1.29434 1.27795 1.08134 1.16326 1.08134 0.999424 
Utility: 3.78274 3.80317 4.96791 4.71226 4.36113 3.9231 3.96975 3.96706 4.64687 4.87191 4.0936 4.34046 4.31575 4.012 4.92138 3.89002 4.55934 3.85566 4.39068 4.48678 

--------------------------------------
Time: 26.0147
Split Ratios: 0.573 0.427 1 1 1 1 1 1 0.527 0.473 1 1 1 1 1 1 1 1 1 1 1 1 
Delays: 0.0267811 0.0203787 0.00745498 0.0114431 0.0132502 0.0228368 0.0231086 0.0179583 0.0112831 0.00976424 0.0153013 0.0150111 0.0190287 0.0206796 0.00974315 0.0261625 0.0114467 0.0245566 0.013527 0.0113785 
Throughputs: 1.06496 0.933888 1.31072 1.14688 1.24518 1.19603 1.3271 1.09773 1.04858 1.40902 1.42541 0.950272 1.34349 1.09773 1.3271 1.35987 1.08134 1.24518 0.950272 0.999424 
Utility: 3.683 3.82486 5.16945 4.60741 4.54303 3.95839 4.05055 4.11295 4.53189 4.97193 4.53428 4.14796 4.25708 3.97185 4.91419 3.95082 4.54826 3.92606 4.25206 4.47546 

--------------------------------------
Time: 26.5149
Split Ratios: 0.573 0.427 1 1 1 1 1 1 0.527 0.473 1 1 1 1 1 1 1 1 1 1 1 1 
Delays: 0.0246157 0.0203473 0.00744078 0.0115124 0.0131415 0.0228465 0.0230697 0.0180587 0.0113659 0.00943794 0.0152802 0.0149887 0.0192572 0.0207017 0.00948397 0.0262357 0.0113288 0.0246064 0.0133114 0.0113274 
Throughputs: 1.1305 1.04858 1.06496 1.2288 1.17965 1.09773 1.35987 1.21242 1.14688 1.21242 1.17965 1.27795 1.34349 1.14688 1.24518 1.44179 1.24518 1.04858 0.868352 0.999424 
Utility: 3.82703 3.94224 4.96372 4.67037 4.4972 3.8722 4.07662 4.20674 4.61419 4.85563 4.34641 4.44572 4.24514 4.01459 4.87744 4.00652 4.69969 3.75218 4.17798 4.47996 

--------------------------------------
Time: 27.015
Split Ratios: 0.573 0.427 1 1 1 1 1 1 0.527 0.473 1 1 1 1 1 1 1 1 1 1 1 1 
Delays: 0.0254347 0.0203901 0.00747343 0.0113077 0.01322 0.0230096 0.0229094 0.0180247 0.0113144 0.00954516 0.0151646 0.0151239 0.0189126 0.0206963 0.00954036 0.0261773 0.0114155 0.0246133 0.0135156 0.0112893 
Throughputs: 1.16326 1.2288 1.1305 1.09773 1.24518 1.2288 1.44179 1.21242 1.09773 1.31072 0.917504 0.917504 1.21242 1.34349 1.31072 1.29434 1.14688 1.26157 0.950272 1.16326 
Utility: 3.82287 4.09875 5.01906 4.57552 4.54531 3.97788 4.14209 4.20863 4.57492 4.9223 4.10269 4.10538 4.16054 4.17307 4.9228 3.90086 4.60983 3.93683 4.2529 4.63513 

--------------------------------------
Time: 27.5152
Split Ratios: 0.573 0.427 1 1 1 1 1 1 0.527 0.473 1 1 1 1 1 1 1 1 1 1 1 1 
Delays: 0.025427 0.0203407 0.00740892 0.0113572 0.0131836 0.022946 0.0228373 0.0180261 0.0112695 0.00953841 0.0155185 0.015076 0.0188818 0.0208212 0.00962208 0.0262616 0.0116636 0.0245922 0.0134046 0.0114529 
Throughputs: 1.04858 0.802816 1.08134 1.1305 1.03219 1.26157 1.39264 1.09773 1.17965 1.2288 1.40902 1.2288 1.17965 1.03219 1.14688 1.39264 1.42541 1.01581 0.966656 1.08134 
Utility: 3.71938 3.6755 4.98328 4.60056 4.36047 4.00697 4.11056 4.10918 4.65087 4.85847 4.50862 4.40069 4.13477 3.90347 4.78074 3.97085 4.80574 3.72101 4.27825 4.54771 

--------------------------------------
Time: 28.0154
Split Ratios: 0.573 0.427 1 1 1 1 1 1 0.527 0.473 1 1 1 1 1 1 1 1 1 1 1 1 
Delays: 0.0251154 0.0204208 0.00740475 0.0113609 0.013059 0.0227516 0.0226358 0.018102 0.0113004 0.00968985 0.0152347 0.0150225 0.0188277 0.0205434 0.00961681 0.0262648 0.0114348 0.0245835 0.013485 0.011361 
Throughputs: 1.27795 1.08134 1.35987 0.933888 1.14688 1.14688 1.11411 1.19603 1.26157 1.27795 0.917504 1.27795 1.29434 0.98304 1.31072 1.09773 1.06496 1.31072 0.950272 1.16326 
Utility: 3.92953 3.96941 5.21302 4.40918 4.47532 3.92017 3.89628 4.19074 4.71527 4.88193 4.09808 4.44346 4.23042 3.86811 4.91482 3.73277 4.53403 3.97626 4.25517 4.6288 

--------------------------------------
Time: 28.5155
Split Ratios: 0.573 0.427 1 1 1 1 1 1 0.527 0.473 1 1 1 1 1 1 1 1 1 1 1 1 
Delays: 0.025067 0.020549 0.00739997 0.0113874 0.0131838 0.0229583 0.0228148 0.0181104 0.0114154 0.00952592 0.0151458 0.0149179 0.0190645 0.0206229 0.00959148 0.0262794 0.0115298 0.0247557 0.0135319 0.011367 
Throughputs: 1.35987 1.11411 0.999424 0.999424 1.09773 1.24518 1.01581 1.29434 1.35987 1.3271 0.999424 1.08134 1.27795 1.06496 1.2288 1.24518 1.19603 1.19603 1.26157 1.01581 
Utility: 3.99359 3.993 4.9057 4.47467 4.42201 3.99336 3.79603 4.26926 4.78018 4.93674 4.18945 4.2834 4.20519 3.94429 4.85292 3.85825 4.64183 3.87771 4.53506 4.49272 

--------------------------------------
Time: 29.0159
Split Ratios: 0.573 0.427 1 1 1 1 1 1 0.527 0.473 1 1 1 1 1 1 1 1 1 1 1 1 
Delays: 0.0246329 0.0204039 0.00740607 0.0115629 0.0131129 0.0231733 0.0229868 0.0178356 0.0113902 0.009707 0.0153043 0.0148528 0.0189527 0.0205988 0.00959496 0.0261884 0.0112458 0.0248678 0.0133258 0.0113322 
Throughputs: 1.34349 0.917504 1.09773 1.42541 1.03219 1.27795 1.19603 1.14688 1.14688 1.60563 1.2288 0.851968 1.14688 1.09773 1.27795 1.08134 0.786432 1.27795 0.917504 1.21242 
Utility: 3.99894 3.80593 4.9987 4.81441 4.36584 4.01001 3.95184 4.1636 4.61205 5.10843 4.38566 4.04936 4.10285 3.97576 4.89178 3.72064 4.24751 3.93944 4.23195 4.67272 

--------------------------------------
Time: 29.5159
Split Ratios: 0.573 0.427 1 1 1 1 1 1 0.527 0.473 1 1 1 1 1 1 1 1 1 1 1 1 
Delays: 0.0266687 0.0203697 0.00741091 0.0113943 0.013199 0.0227415 0.0229258 0.0178976 0.0113378 0.00948632 0.0151265 0.0149294 0.0189208 0.0205773 0.00944646 0.0261432 0.0113456 0.0244833 0.0134869 0.0112619 
Throughputs: 1.06496 1.04858 1.09773 1.03219 1.08134 1.24518 1.35987 1.08134 1.50733 1.14688 0.98304 0.98304 1.24518 1.08134 1.11411 1.2288 1.01581 1.03219 0.999424 1.03219 
Utility: 3.6872 3.94114 4.99804 4.50633 4.40582 4.00285 4.08288 4.10129 4.88995 4.79495 4.1742 4.18732 4.18677 3.96177 4.77017 3.85021 4.49461 3.74145 4.30546 4.51801 

--------------------------------------
Time: 30.0162
Split Ratios: 0.573 0.427 1 1 1 1 1 1 0.527 0.473 1 1 1 1 1 1 1 1 1 1 1 1 
Delays: 0.026862 0.0203423 0.00743384 0.011438 0.0131552 0.022723 0.0229099 0.0178838 0.0114115 0.00940969 0.0152412 0.0149572 0.0188853 0.0206076 0.00954562 0.0260847 0.0114568 0.0250232 0.0133427 0.0113511 
Throughputs: 1.24518 1.21242 1.2288 1.3271 0.999424 1.11411 1.19603 0.802816 1.21242 1.17965 1.24518 1.16326 1.68755 0.884736 1.27795 1.17965 1.04858 1.37626 1.17965 0.98304 
Utility: 3.83633 4.08767 5.10775 4.75381 4.33036 3.89244 3.9552 3.80423 4.66575 4.83123 4.40304 4.3538 4.49265 3.75963 4.89693 3.81162 4.5166 4.00732 4.48201 4.46133 

--------------------------------------
Time: 30.5164
Split Ratios: 0.573 0.427 1 1 1 1 1 1 0.527 0.473 1 1 1 1 1 1 1 1 1 1 1 1 
Delays: 0.0256961 0.0204478 0.00740296 0.0113649 0.0131733 0.0230265 0.022828 0.017829 0.0113544 0.00952448 0.0151808 0.0149165 0.0189925 0.0206764 0.00950093 0.0261344 0.011249 0.0249143 0.0133252 0.0112811 
Throughputs: 1.2288 0.98304 1.19603 1.19603 1.19603 1.40902 1.11411 1.03219 1.3271 1.16326 1.01581 1.04858 1.06496 1.21242 1.24518 1.21242 0.966656 1.29434 0.835584 1.16326 
Utility: 3.86745 3.87277 5.08489 4.65623 4.50857 4.11401 3.88782 4.05862 4.76115 4.80512 4.20341 4.25272 4.02665 4.07138 4.87565 3.83712 4.45356 3.95031 4.13847 4.63586 

--------------------------------------
Time: 31.0171
Split Ratios: 0.573 0.427 1 1 1 1 1 1 0.527 0.473 1 1 1 1 1 1 1 1 1 1 1 1 
Delays: 0.0256485 0.0203841 0.00741311 0.0116653 0.0130815 0.0228178 0.0230107 0.0179504 0.0113307 0.00969326 0.0152312 0.0150468 0.018823 0.0206952 0.00949017 0.0261537 0.0114323 0.024576 0.0136048 0.0113168 
Throughputs: 1.21242 0.868352 1.06496 1.27795 1.24518 0.98304 1.40902 1.19603 1.35987 1.35987 1.17965 1.21242 1.24518 1.14688 1.03219 1.37626 1.1305 1.3271 1.03219 1.27795 
Utility: 3.85588 3.75184 4.96744 4.69639 4.55584 3.76311 4.11469 4.19915 4.78763 4.94372 4.34962 4.3892 4.19196 4.0149 4.68918 3.96313 4.59397 3.98898 4.32902 4.72672 

--------------------------------------
Time: 31.5181
Split Ratios: 0.573 0.427 1 1 1 1 1 1 0.527 0.473 1 1 1 1 1 1 1 1 1 1 1 1 
Delays: 0.0239342 0.0204352 0.00741103 0.0115567 0.0131863 0.0229014 0.0229648 0.0179503 0.0112878 0.0095864 0.0151909 0.0150267 0.0188995 0.0207619 0.00950983 0.0262077 0.0114251 0.0247098 0.0134303 0.0113778 
Throughputs: 1.31072 1.19603 0.98304 1.11411 1.24518 1.39264 1.26157 1.14688 1.27795 1.1305 1.03219 1.19603 1.21242 1.21242 1.3271 1.16326 0.999424 1.2288 0.999424 0.98304 
Utility: 4.00302 4.06951 4.88768 4.56855 4.54786 4.10776 4.00615 4.15719 4.72929 4.77007 4.21874 4.37693 4.16124 4.06725 4.93843 3.79293 4.47137 3.90659 4.30966 4.45899 

--------------------------------------
Time: 32.0187
Split Ratios: 0.573 0.427 1 1 1 1 1 1 0.527 0.473 1 1 1 1 1 1 1 1 1 1 1 1 
Delays: 0.0257457 0.0203583 0.00742538 0.0114288 0.013223 0.0228716 0.0228473 0.0178487 0.0112004 0.00944747 0.0151475 0.0149479 0.0189017 0.0207326 0.00943227 0.0262156 0.0113308 0.0247028 0.0132557 0.0113367 
Throughputs: 1.17965 0.90112 1.03219 1.16326 1.57286 1.09773 1.21242 1.04858 1.1305 1.31072 1.24518 0.966656 1.37626 1.16326 0.868352 0.917504 1.19603 1.16326 0.966656 1.2288 
Utility: 3.8247 3.79015 4.93454 4.62285 4.7787 3.8711 3.97154 4.07325 4.61446 4.93258 4.4092 4.16927 4.28787 4.02728 4.52246 3.5553 4.65924 3.85207 4.28941 4.68575 

--------------------------------------
Time: 32.5189
Split Ratios: 0.573 0.427 1 1 1 1 1 1 0.527 0.473 1 1 1 1 1 1 1 1 1 1 1 1 
Delays: 0.0254226 0.0203491 0.00747553 0.0114478 0.0131215 0.0227171 0.023024 0.0180864 0.0112687 0.00954708 0.0150932 0.0150316 0.0189217 0.0206664 0.0094873 0.0262064 0.0113345 0.0245069 0.0134463 0.0113734 
Throughputs: 1.11411 1.14688 1.40902 1.24518 1.2288 1.06496 1.17965 0.835584 1.11411 1.26157 1.24518 1.16326 1.39264 1.03219 1.1305 1.45818 1.01581 1.1305 1.19603 0.917504 
Utility: 3.78017 4.03176 5.23902 4.68924 4.53954 3.84757 3.93643 3.83297 4.59378 4.88388 4.41279 4.34883 4.29864 3.91093 4.78046 4.01894 4.49559 3.83146 4.48806 4.39038 

--------------------------------------
Time: 33.0193
Split Ratios: 0.573 0.427 1 1 1 1 1 1 0.527 0.473 1 1 1 1 1 1 1 1 1 1 1 1 
Delays: 0.0254566 0.0204765 0.0074238 0.011426 0.0131483 0.0228411 0.0229482 0.0180018 0.0113499 0.0094853 0.01512 0.0149462 0.0189431 0.0207492 0.00947336 0.0262149 0.0113783 0.0246532 0.0134348 0.0114288 
Throughputs: 1.19603 1.31072 0.950272 1.08134 1.27795 1.35987 1.26157 1.06496 0.98304 1.19603 1.08134 1.04858 1.34349 1.27795 1.06496 1.45818 1.19603 1.1305 0.950272 1.11411 
Utility: 3.84979 4.15905 4.85206 4.55007 4.57672 4.08658 4.00687 4.08022 4.46144 4.83702 4.26994 4.25073 4.26159 4.12051 4.72221 4.01862 4.65506 3.8255 4.2589 4.57968 

--------------------------------------
Time: 33.5198
Split Ratios: 0.573 0.427 1 1 1 1 1 1 0.527 0.473 1 1 1 1 1 1 1 1 1 1 1 1 
Delays: 0.0263173 0.0204537 0.00741983 0.011451 0.0130828 0.0229731 0.0229705 0.0181331 0.0113667 0.00950534 0.015297 0.0149253 0.0189146 0.0206419 0.0094491 0.0262088 0.0115423 0.0247722 0.0135948 0.0112318 
Throughputs: 1.2288 1.21242 1.1305 1.08134 1.17965 1.14688 1.39264 1.09773 1.39264 1.17965 1.24518 0.999424 1.03219 1.16326 1.24518 0.950272 1.16326 0.966656 1.21242 1.2288 
Utility: 3.84357 4.08221 5.02626 4.54788 4.50167 3.91047 4.10474 4.10326 4.80827 4.82112 4.39938 4.20412 3.9995 4.03166 4.88112 3.59065 4.61296 3.66412 4.49068 4.69505 

--------------------------------------
Time: 34.0202
Split Ratios: 0.573 0.427 1 1 1 1 1 1 0.527 0.473 1 1 1 1 1 1 1 1 1 1 1 1 
Delays: 0.0263766 0.0203639 0.00741433 0.0115724 0.0131823 0.0229759 0.0231204 0.0183728 0.0111951 0.00951086 0.015459 0.0149722 0.0188696 0.0206801 0.00953167 0.0263777 0.0114494 0.0245644 0.0133655 0.0113426 
Throughputs: 1.21242 1.14688 0.98304 1.3271 1.31072 1.08134 1.35987 0.98304 0.966656 1.42541 1.31072 1.2288 1.40902 1.17965 0.98304 1.35987 1.2288 1.04858 1.03219 1.01581 
Utility: 3.82789 4.03104 4.88723 4.74213 4.59946 3.85152 4.07443 3.97978 4.45837 5.00978 4.44014 4.4076 4.3131 4.0438 4.63603 3.94263 4.67586 3.75389 4.34676 4.49487 

--------------------------------------
Time: 34.5206
Split Ratios: 0.573 0.427 1 1 1 1 1 1 0.527 0.473 1 1 1 1 1 1 1 1 1 1 1 1 
Delays: 0.0248845 0.0203549 0.00743747 0.0113752 0.0131467 0.0228798 0.0229749 0.0181261 0.0112196 0.00940225 0.0153368 0.0150391 0.018874 0.0206625 0.00968561 0.0261967 0.0113891 0.0245028 0.013452 0.0113555 
Throughputs: 1.01581 0.98304 0.999424 1.1305 1.21242 1.19603 1.34349 1.1305 1.14688 1.16326 1.29434 1.31072 1.27795 1.19603 1.1305 1.08134 0.966656 1.14688 1.08134 1.17965 
Utility: 3.70919 3.87733 4.90065 4.59898 4.5242 3.95651 4.06862 4.13306 4.62714 4.81804 4.4355 4.46768 4.21523 4.05844 4.75977 3.72033 4.44119 3.84601 4.38683 4.64327 

--------------------------------------
Time: 35.021
Split Ratios: 0.573 0.427 1 1 1 1 1 1 0.527 0.473 1 1 1 1 1 1 1 1 1 1 1 1 
Delays: 0.0260177 0.0203694 0.0074116 0.0115544 0.0131241 0.0226458 0.022795 0.0182483 0.0111713 0.00952877 0.015174 0.0149741 0.0188228 0.0206256 0.009569 0.0264317 0.0113067 0.0248198 0.0136494 0.0112275 
Throughputs: 1.3271 1.06496 1.06496 1.31072 1.27795 1.24518 1.14688 1.11411 1.06496 1.31072 0.884736 1.03219 1.2288 1.35987 1.08134 1.29434 1.21242 1.09773 1.16326 0.770048 
Utility: 3.93198 3.95666 4.96765 4.73126 4.57856 4.00706 3.91826 4.11174 4.55734 4.92402 4.06571 4.23311 4.17872 4.18861 4.72743 3.89119 4.67497 3.78935 4.44529 4.22809 

--------------------------------------
Time: 35.5217
Split Ratios: 0.573 0.427 1 1 1 1 1 1 0.527 0.473 1 1 1 1 1 1 1 1 1 1 1 1 
Delays: 0.0259071 0.0204285 0.00739786 0.0116575 0.0133401 0.0228963 0.0229591 0.0181135 0.0114395 0.00955037 0.0151937 0.0150168 0.0188975 0.0206187 0.00953775 0.0262506 0.0115279 0.0247246 0.0135182 0.0114265 
Throughputs: 1.16326 1.08134 1.27795 1.06496 1.26157 1.44179 1.14688 1.09773 1.50733 1.01581 1.27795 1.06496 1.19603 1.2288 1.16326 1.24518 1.31072 1.44179 0.90112 1.21242 
Utility: 3.80447 3.96903 5.15182 4.51474 4.54933 4.14267 3.91108 4.10434 4.88102 4.66686 4.43213 4.26153 4.14774 4.0876 4.80373 3.85935 4.73356 4.06584 4.1996 4.66443 

--------------------------------------
Time: 36.0218
Split Ratios: 0.573 0.427 1 1 1 1 1 1 0.527 0.473 1 1 1 1 1 1 1 1 1 1 1 1 
Delays: 0.025149 0.0204154 0.00739641 0.0114048 0.0131406 0.0230866 0.0231273 0.018153 0.0114224 0.00948112 0.0151112 0.0149641 0.0191753 0.0208893 0.009538 0.0261787 0.0114156 0.0246086 0.01343 0.0114077 
Throughputs: 1.27795 1.08134 0.999424 1.09773 1.16326 1.27795 1.34349 1.26157 1.19603 0.966656 0.950272 1.26157 1.08134 1.31072 1.29434 1.27795 0.90112 1.06496 0.950272 1.2288 
Utility: 3.92819 3.96967 4.90618 4.56697 4.48328 4.01376 4.06201 4.24127 4.65119 4.62454 4.14131 4.43446 4.03234 4.13909 4.91047 3.88807 4.36866 3.7676 4.25926 4.67951 

