--------------------------------------
Time: 5.50011
Split Ratios: 1 1 1 1 1 1 1 1 1 1 1 1 1 1 1 1 1 1 1 1 1 1 1 1 1 1 1 1 1 1 
Delays: 0.0285374 0.0285206 0.0101672 0.00571278 0.0147076 0.0152028 0.032247 0.00926558 0.0135851 0.02978 0.0255584 0.0208117 0.0118145 0.0134632 0.0137314 0.0119673 0.0142565 0.0300349 0.0161013 0.0194982 0.0154483 0.00775717 0.00983183 0.01112 0.00930072 0.0101336 0.00774957 0.0189708 0.015468 0.0156169 
Throughputs: 1.65478 1.39264 1.65478 1.52371 1.85139 1.39264 1.49094 1.70394 1.72032 1.39264 1.80224 1.6384 1.99885 1.9497 1.90054 1.67117 1.6384 1.65478 1.5401 1.76947 1.55648 1.85139 1.65478 1.83501 1.85139 1.67117 1.75309 1.98246 1.78586 1.60563 
Utility: 4.06021 3.88833 5.09226 5.5862 4.83533 4.51748 3.83374 5.21439 4.84129 3.84512 4.25582 4.36596 5.131 4.97547 4.93021 4.9391 4.74427 4.00907 4.5607 4.50811 4.61268 5.47508 5.1258 5.10606 5.2936 5.10543 5.4215 4.6492 4.74888 4.63292 

--------------------------------------
Time: 6.00061
Split Ratios: 1 1 1 1 1 1 1 1 1 1 1 1 1 1 1 1 1 1 1 1 1 1 1 1 1 1 1 1 1 1 
Delays: 0.0819497 0.0784982 0.0100441 0.00572275 0.0141468 0.0151204 0.0801907 0.00932971 0.0135757 0.0826219 0.0806464 0.0211515 0.0114269 0.0133251 0.0134991 0.0122155 0.013733 0.0803909 0.0164462 0.0197616 0.0166975 0.00779636 0.00960982 0.0111416 0.00930609 0.00987727 0.00767751 0.0194691 0.0155817 0.0152868 
Throughputs: 1.62202 1.83501 1.76947 1.78586 1.44179 1.50733 1.34349 1.96608 1.91693 1.5401 1.6384 2.06438 1.58925 1.70394 1.55648 1.67117 1.72032 1.75309 1.88416 1.52371 1.90054 1.85139 1.62202 2.06438 2.06438 1.75309 1.52371 1.67117 1.98246 1.37626 
Utility: 2.98532 3.15173 5.17145 5.7432 4.62415 4.60205 2.81862 5.35059 4.9502 2.92533 3.0114 4.58088 4.93505 4.85105 4.74756 4.91858 4.83046 3.08223 4.74115 4.34516 4.73463 5.47004 5.12864 5.2219 5.40192 5.1789 5.29061 4.45245 4.846 4.50013 

--------------------------------------
Time: 6.50063
Split Ratios: 1 1 1 1 1 1 1 1 1 1 1 1 1 1 1 1 1 1 1 1 1 1 1 1 1 1 1 1 1 1 
Delays: 0.144676 0.14649 0.00990326 0.00565588 0.0147653 0.015193 0.149097 0.00926519 0.0135089 0.14737 0.143036 0.0202752 0.0114874 0.0134246 0.0135722 0.0122652 0.0143783 0.145236 0.0156904 0.0189359 0.0158695 0.00786942 0.0097885 0.0111412 0.0092861 0.010533 0.00787326 0.0185808 0.0154291 0.016056 
Throughputs: 1.5401 1.58925 1.72032 1.50733 1.81862 1.40902 1.57286 1.96608 1.65478 1.91693 1.75309 1.60563 1.86778 1.70394 1.90054 1.90054 1.72032 1.34349 1.72032 1.60563 1.78586 1.70394 1.45818 1.47456 2.01523 1.9497 1.76947 1.9497 1.78586 1.93331 
Utility: 2.3651 2.38406 5.1574 5.5854 4.81356 4.52982 2.35606 5.35753 4.80808 2.56553 2.50603 4.37187 5.09125 4.84361 4.94187 5.04313 4.78455 2.22467 4.69722 4.44022 4.72325 5.37771 5.00373 4.88546 5.37997 5.22092 5.41496 4.6533 4.7514 4.79091 

--------------------------------------
Time: 7.00067
Split Ratios: 1 1 1 1 1 1 1 1 1 1 1 1 1 1 1 1 1 1 1 1 1 1 1 1 1 1 1 1 1 1 
Delays: 0.163886 0.165846 0.0100961 0.00577554 0.0147308 0.0151858 0.168929 0.00926654 0.0135273 0.165175 0.162019 0.0224415 0.0115397 0.013497 0.0134057 0.0125029 0.0141535 0.165448 0.01708 0.020251 0.017942 0.00773976 0.00975293 0.0111722 0.00932395 0.0102185 0.0077536 0.0201566 0.0154569 0.0158489 
Throughputs: 1.81862 1.5401 1.72032 1.81862 1.78586 1.68755 1.50733 1.57286 1.70394 1.78586 1.50733 1.75309 1.86778 1.9497 1.57286 1.65478 1.78586 1.55648 1.9497 1.90054 1.88416 1.5401 1.44179 1.78586 1.76947 2.11354 1.70394 1.68755 1.58925 1.90054 
Utility: 2.40666 2.22854 5.13812 5.7522 4.79771 4.71067 2.18861 5.13424 4.83598 2.38065 2.23038 4.35822 5.08671 4.97296 4.76497 4.88547 4.83769 2.24152 4.73752 4.54169 4.65409 5.29323 4.99607 5.07422 5.24585 5.33192 5.39254 4.4275 4.63296 4.7868 

--------------------------------------
Time: 7.50072
Split Ratios: 1 1 1 1 1 1 1 1 1 1 1 1 1 1 1 1 1 1 1 1 1 1 1 1 1 1 1 1 1 1 
Delays: 0.212328 0.216384 0.0100804 0.00581965 0.0142937 0.0152398 0.217519 0.00927929 0.0138056 0.215132 0.211211 0.0223228 0.0115955 0.0132618 0.0134705 0.0123904 0.0140748 0.214004 0.0177703 0.0210555 0.0173846 0.0076695 0.00979752 0.0111616 0.00927479 0.00988646 0.00774649 0.0201833 0.015585 0.01554 
Throughputs: 1.6384 1.72032 1.96608 2.34291 1.55648 1.7367 1.49094 1.65478 1.7367 1.58925 1.60563 1.50733 1.80224 1.83501 1.65478 1.7367 1.91693 1.67117 1.78586 1.62202 1.80224 1.85139 1.81862 1.75309 1.60563 1.65478 1.5401 1.86778 1.81862 2.01523 
Utility: 2.04334 2.07321 5.27321 5.99791 4.69036 4.73584 1.92488 5.18364 4.83467 1.99977 2.02842 4.21249 5.04617 4.92992 4.81093 4.94282 4.9141 2.05529 4.61012 4.34426 4.6412 5.48644 5.22371 5.05665 5.15397 5.12026 5.29236 4.52765 4.75952 4.86507 

--------------------------------------
Time: 8.0009
Split Ratios: 1 1 1 1 1 1 1 1 1 1 1 1 1 1 1 1 1 1 1 1 1 1 1 1 1 1 1 1 1 1 
Delays: 0.245705 0.249901 0.00999419 0.0057871 0.0140863 0.015356 0.248671 0.00931151 0.0134756 0.245751 0.24631 0.0269561 0.0116326 0.0132787 0.0135267 0.0123516 0.0139417 0.251287 0.0224316 0.0257416 0.0245898 0.00774452 0.00984604 0.0111392 0.00929959 0.0100864 0.00773509 0.0265136 0.0154831 0.0157132 
Throughputs: 1.91693 1.65478 1.75309 1.80224 1.6384 2.09715 1.57286 1.62202 1.76947 1.31072 1.7367 1.9497 1.96608 1.76947 1.49094 1.83501 1.67117 1.50733 1.81862 1.96608 1.67117 1.50733 1.47456 1.78586 1.60563 1.67117 1.49094 1.96608 1.70394 1.50733 
Utility: 2.05435 1.89036 5.16713 5.74115 4.75627 4.91683 1.84452 5.16017 4.87756 1.67401 1.95315 4.28122 5.12998 4.89227 4.7025 5.00102 4.7864 1.7915 4.39536 4.33569 4.21895 5.27111 5.00905 5.07719 5.1513 5.11009 5.2614 4.30614 4.70095 4.56359 

--------------------------------------
Time: 8.50122
Split Ratios: 1 1 1 1 1 1 1 1 1 1 1 1 1 1 1 1 1 1 1 1 1 1 1 1 1 1 1 1 1 1 
Delays: 0.281921 0.282197 0.0101896 0.00582652 0.0141272 0.0151346 0.284407 0.00928791 0.0136674 0.281622 0.280593 0.022209 0.0115002 0.0132779 0.0136198 0.0123192 0.0137561 0.282346 0.0175195 0.0208188 0.0176515 0.00770082 0.00986672 0.0111909 0.00930499 0.00979632 0.00773977 0.021082 0.0154053 0.0152014 
Throughputs: 1.58925 1.72032 1.81862 2.03162 1.68755 1.6384 1.47456 1.83501 1.7367 1.65478 1.57286 1.80224 1.7367 1.96608 1.88416 1.49094 1.5401 1.7367 1.91693 1.72032 1.75309 1.62202 1.62202 1.93331 2.12992 1.65478 1.50733 1.90054 1.76947 1.52371 
Utility: 1.72939 1.80766 5.18446 5.85417 4.78293 4.68449 1.64571 5.28609 4.84473 1.77086 1.72375 4.39629 5.01738 4.9977 4.92971 4.796 4.71812 1.81661 4.69516 4.41441 4.59832 5.3501 5.10226 5.15189 5.43329 5.12942 5.27172 4.50148 4.74372 4.60752 

--------------------------------------
Time: 9.00122
Split Ratios: 1 1 1 1 1 1 1 1 1 1 1 1 1 1 1 1 1 1 1 1 1 1 1 1 1 1 1 1 1 1 
Delays: 0.34677 0.350939 0.00990357 0.00571475 0.0148185 0.0153101 0.351543 0.00932484 0.0134171 0.34636 0.345374 0.0223815 0.0118751 0.0132288 0.0134788 0.0119973 0.0144932 0.347309 0.0177796 0.0217978 0.0194302 0.00772234 0.00996352 0.0111514 0.0093043 0.0102223 0.00776472 0.0212654 0.0156654 0.0157149 
Throughputs: 1.39264 1.68755 1.3271 1.52371 1.80224 1.86778 1.55648 1.96608 1.7367 1.70394 1.76947 1.75309 1.81862 1.60563 1.68755 1.81862 1.7367 1.60563 1.75309 1.76947 1.80224 1.65478 1.7367 1.85139 1.9497 1.91693 1.81862 1.83501 2.1463 1.90054 
Utility: 1.39029 1.57042 4.89786 5.58585 4.80091 4.80399 1.48785 5.35112 4.86322 1.59322 1.63381 4.3609 5.03139 4.79888 4.82992 5.02115 4.78606 1.53106 4.59108 4.39663 4.52996 5.36731 5.16081 5.11213 5.34495 5.23391 5.45624 4.45772 4.92005 4.79528 

--------------------------------------
Time: 9.50127
Split Ratios: 1 1 1 1 1 1 1 1 1 1 1 1 1 1 1 1 1 1 1 1 1 1 1 1 1 1 1 1 1 1 
Delays: 0.399122 0.399571 0.0103391 0.00574399 0.0143789 0.015617 0.402533 0.00926983 0.0136088 0.399166 0.397684 0.0250185 0.0117262 0.0134042 0.0139447 0.012373 0.0140924 0.398918 0.0205117 0.0232691 0.0210997 0.00771787 0.0100211 0.0111851 0.00930775 0.00976861 0.007767 0.023938 0.0154877 0.015672 
Throughputs: 1.52371 1.7367 1.57286 1.76947 2.01523 1.83501 1.44179 1.50733 1.7367 1.57286 1.70394 1.83501 2.01523 1.83501 2.06438 1.90054 1.65478 1.72032 1.91693 1.72032 1.88416 1.5401 1.85139 1.80224 2.03162 1.45818 1.62202 1.88416 1.9497 1.81862 
Utility: 1.33964 1.46935 5.02472 5.73028 4.94273 4.76644 1.27586 5.09133 4.84903 1.37128 1.45504 4.29519 5.14667 4.91923 4.99749 5.03438 4.76579 1.46151 4.53748 4.30314 4.49198 5.29606 5.219 5.0822 5.38574 5.00577 5.34154 4.36577 4.83538 4.75396 

--------------------------------------
Time: 10.0014
Split Ratios: 1 1 1 1 1 1 1 1 1 1 1 1 1 1 1 1 1 1 1 1 1 1 1 1 1 1 1 1 1 1 
Delays: 0.431948 0.434909 0.0100694 0.00587308 0.0148149 0.0154357 0.435472 0.00929625 0.0137171 0.436567 0.431388 0.0215909 0.011753 0.0132739 0.0136714 0.0123964 0.014227 0.432486 0.0170124 0.0203973 0.0178793 0.00795385 0.0100005 0.0111811 0.00929649 0.0100326 0.00784529 0.0197192 0.0154547 0.0155717 
Throughputs: 1.91693 1.5401 1.58925 1.78586 1.9497 1.60563 1.34349 1.78586 1.60563 1.78586 1.76947 1.62202 1.96608 1.44179 1.7367 1.91693 1.86778 1.37626 1.96608 1.60563 1.98246 1.81862 1.57286 1.50733 1.62202 1.55648 1.58925 1.78586 1.67117 1.57286 
Utility: 1.49017 1.26446 5.06152 5.71727 4.87979 4.64459 1.12659 5.25804 4.76263 1.40871 1.41143 4.31915 5.11969 4.68784 4.84444 5.04107 4.87736 1.15757 4.74985 4.36587 4.70845 5.43218 5.05802 4.90387 5.16179 5.04435 5.3111 4.50606 4.68337 4.6152 

--------------------------------------
Time: 10.5019
Split Ratios: 1 1 1 1 1 1 1 1 1 1 1 1 1 1 1 1 1 1 1 1 1 1 1 1 1 1 1 1 1 1 
Delays: 0.476886 0.480833 0.0101988 0.00584058 0.0151204 0.0154271 0.481955 0.00933023 0.01353 0.480857 0.475794 0.0204517 0.0115942 0.0132318 0.0135368 0.0123101 0.0146401 0.478553 0.0158471 0.0187131 0.0160208 0.00772885 0.00977603 0.0111299 0.00930662 0.0104678 0.00761981 0.0189146 0.015551 0.0158199 
Throughputs: 1.72032 1.58925 1.67117 1.67117 1.76947 1.62202 1.17965 1.55648 1.81862 1.60563 1.78586 1.68755 1.80224 1.78586 1.60563 1.85139 1.65478 1.81862 1.96608 1.52371 1.62202 1.52371 1.60563 1.6384 1.99885 1.60563 1.62202 1.83501 1.75309 1.86778 
Utility: 1.28299 1.1955 5.09901 5.65645 4.76239 4.6553 0.89512 5.11692 4.90092 1.2057 1.32267 4.41297 5.04628 4.90503 4.77586 5.01327 4.72766 1.33507 4.82081 4.39968 4.61754 5.28395 5.10134 4.99184 5.3696 5.03297 5.36067 4.57487 4.72501 4.77123 

--------------------------------------
Time: 11.002
Split Ratios: 1 1 1 1 1 1 1 1 1 1 1 1 1 1 1 1 1 1 1 1 1 1 1 1 1 1 1 1 1 1 
Delays: 0.517877 0.520467 0.0105148 0.00570665 0.0144035 0.0153323 0.521702 0.00929336 0.0135621 0.520247 0.517335 0.0236704 0.0115262 0.0135571 0.0136419 0.0124999 0.014005 0.518578 0.0195451 0.0224784 0.0199675 0.00784597 0.00989497 0.0111666 0.00933777 0.00999681 0.00771259 0.0227729 0.0156707 0.0156579 
Throughputs: 1.80224 1.70394 2.11354 1.52371 1.93331 1.7367 1.52371 1.7367 1.52371 1.7367 1.68755 1.80224 1.50733 2.048 1.81862 1.75309 1.85139 1.27795 1.6384 1.78586 1.99885 2.19546 1.49094 1.90054 1.88416 1.57286 1.78586 2.03162 1.49094 1.65478 
Utility: 1.24705 1.18597 5.30333 5.58727 4.89952 4.72978 1.07181 5.23044 4.72163 1.20544 1.18234 4.33256 4.87347 5.01771 4.89269 4.94341 4.88428 0.901923 4.42875 4.3751 4.60622 5.63415 5.01514 5.13697 5.30717 5.05839 5.4448 4.49102 4.55537 4.66045 

--------------------------------------
Time: 11.502
Split Ratios: 1 1 1 1 1 1 1 1 1 1 1 1 1 1 1 1 1 1 1 1 1 1 1 1 1 1 1 1 1 1 
Delays: 0.585236 0.586091 0.0103541 0.00575176 0.0142552 0.0153667 0.588816 0.009277 0.013645 0.589235 0.58681 0.0266296 0.0116975 0.0132512 0.0136942 0.0126296 0.0139022 0.585685 0.0227487 0.0250917 0.0227178 0.00791829 0.00966206 0.0111869 0.00931667 0.00979991 0.00792706 0.0249397 0.0156801 0.015458 
Throughputs: 1.62202 1.7367 1.98246 1.81862 1.93331 1.80224 1.49094 1.60563 1.70394 1.62202 1.62202 1.80224 1.62202 1.68755 1.81862 1.76947 1.67117 1.62202 2.06438 1.83501 1.81862 1.83501 1.6384 1.98246 1.88416 1.58925 1.50733 2.19546 1.9497 1.7367 
Utility: 1.01941 1.08627 5.25472 5.75633 4.90987 4.76458 0.92905 5.15373 4.82732 1.0126 1.01672 4.21476 4.93205 4.84694 4.88887 4.94239 4.78923 1.01864 4.50808 4.29227 4.38268 5.44563 5.13327 5.17735 5.30943 5.08864 5.24781 4.47769 4.82304 4.72162 

--------------------------------------
Time: 12.002
Split Ratios: 1 1 1 1 1 1 1 1 1 1 1 1 1 1 1 1 1 1 1 1 1 1 1 1 1 1 1 1 1 1 
Delays: 0.613644 0.614808 0.00990651 0.00581611 0.013844 0.0152843 0.620186 0.00926485 0.0134732 0.615165 0.613565 0.0241125 0.0113858 0.0133372 0.0135057 0.0122218 0.0138341 0.614556 0.0185546 0.0219375 0.0192033 0.00791062 0.00976092 0.0111844 0.00938652 0.00977508 0.00765002 0.0219985 0.0156338 0.0154344 
Throughputs: 1.62202 1.75309 1.68755 1.67117 1.5401 1.65478 1.42541 1.81862 1.57286 1.60563 1.68755 1.83501 1.65478 1.72032 1.80224 1.57286 1.34349 1.6384 1.91693 1.57286 1.88416 1.62202 1.65478 1.76947 1.76947 1.57286 1.5401 2.048 1.67117 1.76947 
Utility: 0.97201 1.04782 5.13784 5.66065 4.71175 4.6846 0.832194 5.27961 4.75995 0.959383 1.01175 4.33207 4.97906 4.85971 4.89367 4.85743 4.57589 0.980575 4.63776 4.27246 4.58616 5.32322 5.13304 5.06391 5.23916 5.08082 5.30489 4.53365 4.67185 4.74184 

--------------------------------------
Time: 12.5023
Split Ratios: 1 1 1 1 1 1 1 1 1 1 1 1 1 1 1 1 1 1 1 1 1 1 1 1 1 1 1 1 1 1 
Delays: 0.684911 0.681885 0.0101274 0.00581094 0.0144898 0.0153663 0.687854 0.00935574 0.0134554 0.683218 0.684509 0.0226674 0.0116732 0.0136255 0.0134956 0.0124261 0.0142261 0.684302 0.0178245 0.0214711 0.018555 0.00773817 0.00980997 0.0111439 0.00929875 0.0098919 0.00775648 0.0211464 0.0155563 0.0155498 
Throughputs: 1.7367 1.67117 1.78586 1.75309 1.78586 1.68755 1.60563 1.9497 1.67117 1.58925 1.6384 1.85139 1.81862 1.99885 1.68755 1.50733 1.80224 1.47456 1.76947 1.60563 1.88416 1.88416 1.81862 1.70394 1.86778 1.50733 1.65478 1.7367 1.86778 1.7367 
Utility: 0.930455 0.896417 5.17241 5.70939 4.81421 4.69886 0.847696 5.33944 4.82189 0.844203 0.872774 4.40277 5.04854 4.98838 4.82867 4.7983 4.84171 0.767715 4.59786 4.31457 4.6205 5.49507 5.22244 5.0298 5.30262 5.02638 5.3629 4.40827 4.78804 4.7157 

--------------------------------------
Time: 13.0024
Split Ratios: 1 1 1 1 1 1 1 1 1 1 1 1 1 1 1 1 1 1 1 1 1 1 1 1 1 1 1 1 1 1 
Delays: 0.745413 0.745012 0.0101708 0.00575782 0.0150025 0.0153214 0.747514 0.00929771 0.0134018 0.746602 0.743359 0.0224734 0.0116996 0.0133951 0.0136303 0.0121206 0.0148713 0.743506 0.0175872 0.0206409 0.0177117 0.00767972 0.00990408 0.0111179 0.00929696 0.0101081 0.00772859 0.0209536 0.0153872 0.0160331 
Throughputs: 1.7367 1.65478 1.7367 1.78586 1.9497 1.75309 1.5401 1.83501 1.5401 1.5401 1.60563 1.81862 1.91693 1.90054 1.57286 1.6384 2.08077 1.6384 1.86778 1.67117 1.80224 1.50733 1.68755 1.67117 1.96608 1.58925 1.75309 2.06438 1.88416 1.57286 
Utility: 0.845806 0.798025 5.14022 5.73709 4.86721 4.73988 0.722847 5.28504 4.74421 0.724067 0.770094 4.3935 5.09892 4.955 4.74836 4.90657 4.94106 0.790098 4.66533 4.394 4.62256 5.27951 5.13809 5.01272 5.35411 5.05768 5.42421 4.59028 4.8077 4.586 

--------------------------------------
Time: 13.5024
Split Ratios: 1 1 1 1 1 1 1 1 1 1 1 1 1 1 1 1 1 1 1 1 1 1 1 1 1 1 1 1 1 1 
Delays: 0.802005 0.80355 0.0103078 0.00570063 0.0149574 0.0152281 0.805091 0.0093537 0.0135077 0.803271 0.800371 0.0215451 0.0117803 0.0133077 0.0134205 0.0125014 0.0147881 0.800409 0.0165625 0.0197278 0.0174583 0.00780552 0.00975986 0.0111343 0.00931729 0.0102746 0.00761714 0.0200747 0.015499 0.016095 
Throughputs: 1.70394 1.60563 1.96608 1.91693 1.86778 1.7367 1.68755 1.60563 1.39264 1.52371 1.57286 1.9497 1.88416 1.85139 1.42541 1.85139 1.81862 1.60563 1.5401 1.76947 1.83501 1.60563 1.65478 2.06438 1.7367 1.72032 1.62202 1.76947 1.85139 1.80224 
Utility: 0.753582 0.692233 5.2509 5.8179 4.8273 4.7366 0.740079 5.1455 4.63569 0.640213 0.675578 4.50528 5.0748 4.93535 4.66543 4.99785 4.81201 0.69615 4.53246 4.49641 4.65499 5.32644 5.13315 5.22255 5.22787 5.12059 5.36102 4.47897 4.78292 4.71828 

--------------------------------------
Time: 14.0025
Split Ratios: 1 1 1 1 1 1 1 1 1 1 1 1 1 1 1 1 1 1 1 1 1 1 1 1 1 1 1 1 1 1 
Delays: 0.850696 0.849709 0.0102406 0.00571151 0.014547 0.0152858 0.853395 0.00931489 0.0136602 0.84875 0.850386 0.0224384 0.011594 0.0134642 0.0134062 0.0122707 0.0140346 0.849495 0.0174386 0.0211108 0.0178874 0.00793693 0.00971637 0.0111233 0.00933202 0.0100167 0.0076641 0.0206626 0.0155318 0.0156197 
Throughputs: 1.70394 2.01523 1.88416 1.40902 1.88416 1.85139 1.52371 1.70394 1.78586 1.58925 1.2288 1.80224 1.80224 1.76947 1.47456 1.67117 1.72032 1.67117 1.55648 1.52371 2.40845 1.60563 1.5401 1.55648 1.90054 1.62202 1.57286 1.85139 1.9497 1.50733 
Utility: 0.694641 0.863595 5.21487 5.50817 4.86385 4.79677 0.579682 5.20908 4.87317 0.627251 0.368103 4.38601 5.0463 4.8784 4.70039 4.91406 4.80874 0.676636 4.4915 4.27912 4.90264 5.30975 5.06579 4.94114 5.31644 5.08717 5.32411 4.49537 4.83254 4.56956 

--------------------------------------
Time: 14.5025
Split Ratios: 1 1 1 1 1 1 1 1 1 1 1 1 1 1 1 1 1 1 1 1 1 1 1 1 1 1 1 1 1 1 
Delays: 0.914955 0.917765 0.0100746 0.00580931 0.0142433 0.0152719 0.918473 0.00929112 0.0135856 0.91809 0.91529 0.0232071 0.0117689 0.0135353 0.0135172 0.012421 0.0141248 0.917991 0.0181673 0.0215504 0.0186938 0.00806641 0.00981563 0.0111392 0.00933485 0.009673 0.00786258 0.0218386 0.0155973 0.0154133 
Throughputs: 1.55648 1.60563 1.62202 1.58925 1.80224 1.6384 1.7367 1.70394 1.62202 1.65478 1.37626 1.72032 2.048 1.88416 1.70394 1.70394 1.78586 1.76947 1.9497 1.85139 2.06438 1.76947 1.67117 1.42541 2.11354 1.3271 1.78586 1.91693 2.08077 1.65478 
Utility: 0.531307 0.559332 5.08141 5.61155 4.8405 4.67546 0.637031 5.21164 4.78241 0.589131 0.407881 4.30581 5.15916 4.93594 4.83673 4.92131 4.83972 0.656249 4.67581 4.4533 4.7044 5.39073 5.1373 4.85174 5.42236 4.92142 5.42554 4.4748 4.89339 4.67619 

--------------------------------------
Time: 15.0027
Split Ratios: 1 1 1 1 1 1 1 1 1 1 1 1 1 1 1 1 1 1 1 1 1 1 1 1 1 1 1 1 1 1 
Delays: 0.937164 0.939278 0.0103788 0.00584881 0.0145656 0.0152976 0.941372 0.00932651 0.013692 0.93933 0.936873 0.0213219 0.0114312 0.0134417 0.0136421 0.0126718 0.0139774 0.939109 0.0167471 0.019813 0.0172739 0.00807874 0.0098062 0.0112015 0.00927517 0.00997911 0.00778216 0.0196562 0.0157894 0.0154479 
Throughputs: 1.7367 1.67117 1.70394 2.01523 1.60563 1.57286 1.19603 1.70394 1.80224 1.67117 1.70394 1.57286 1.78586 1.7367 1.67117 1.86778 1.70394 1.7367 1.81862 1.65478 2.12992 1.68755 1.6384 1.72032 1.7367 1.5401 1.80224 1.70394 1.6384 1.44179 
Utility: 0.616887 0.576167 5.10093 5.84225 4.70261 4.63296 0.239427 5.20784 4.87997 0.576111 0.598148 4.30092 5.05131 4.86138 4.80811 4.99313 4.80326 0.614813 4.68761 4.42509 4.81464 5.3418 5.11846 5.03422 5.2324 5.03911 5.44495 4.4623 4.64214 4.53617 

--------------------------------------
Time: 15.5028
Split Ratios: 1 1 1 1 1 1 1 1 1 1 1 1 1 1 1 1 1 1 1 1 1 1 1 1 1 1 1 1 1 1 
Delays: 0.938056 0.938454 0.0101353 0.00571051 0.0146266 0.0154471 0.940548 0.00930933 0.0136304 0.939079 0.937318 0.0221748 0.0114016 0.0133686 0.0136579 0.0123026 0.0139845 0.937655 0.0163726 0.0207228 0.01785 0.00796734 0.00975735 0.0111774 0.00934477 0.010166 0.00774529 0.0200638 0.0154993 0.015751 
Throughputs: 1.50733 1.7367 1.65478 1.57286 1.72032 1.83501 1.24518 1.65478 1.86778 1.91693 1.6384 1.80224 1.57286 1.57286 1.80224 1.65478 1.80224 1.68755 1.78586 1.44179 1.75309 2.06438 1.68755 1.75309 2.22822 1.78586 1.65478 1.57286 1.91693 1.78586 
Utility: 0.474284 0.615511 5.0954 5.61834 4.76742 4.77738 0.280576 5.18041 4.9202 0.713579 0.558453 4.39783 4.9269 4.76774 4.88247 4.90161 4.85883 0.587652 4.69204 4.24241 4.58713 5.55724 5.15301 5.05524 5.47414 5.16861 5.36434 4.36174 4.81768 4.73075 

--------------------------------------
Time: 16.0029
Split Ratios: 1 1 1 1 1 1 1 1 1 1 1 1 1 1 1 1 1 1 1 1 1 1 1 1 1 1 1 1 1 1 
Delays: 0.939294 0.941151 0.0101241 0.00567107 0.0142233 0.0151741 0.943098 0.00929324 0.0135878 0.941792 0.938559 0.02319 0.0115374 0.0132757 0.0133771 0.0120684 0.0137955 0.940393 0.0176683 0.0213948 0.0184483 0.00776835 0.00970047 0.0111284 0.00929939 0.00988821 0.00795342 0.0212473 0.0157528 0.0154307 
Throughputs: 1.57286 1.6384 1.70394 1.55648 1.52371 1.65478 1.3271 1.62202 1.83501 1.91693 1.7367 1.98246 1.57286 1.91693 1.49094 1.70394 1.57286 1.52371 1.68755 1.85139 1.83501 1.55648 1.55648 1.80224 1.62202 1.55648 1.75309 1.91693 1.83501 1.88416 
Utility: 0.515525 0.554372 5.12578 5.6148 4.67402 4.69184 0.341584 5.16214 4.90563 0.710695 0.615398 4.44837 4.91506 4.97254 4.71362 4.9501 4.73631 0.482607 4.55926 4.46054 4.59983 5.30012 5.07801 5.08729 5.16148 5.05884 5.39553 4.50225 4.75778 4.80488 

--------------------------------------
Time: 16.5029
Split Ratios: 1 1 1 1 1 1 1 1 1 1 1 1 1 1 1 1 1 1 1 1 1 1 1 1 1 1 1 1 1 1 
Delays: 0.937986 0.939649 0.0101739 0.00577305 0.0143011 0.0151601 0.941554 0.00931078 0.0135093 0.939759 0.937974 0.0231581 0.0115088 0.0134358 0.0134342 0.0122651 0.0140287 0.939477 0.0179591 0.0222825 0.0202328 0.00776538 0.00971318 0.0111187 0.00935589 0.0100331 0.00775674 0.0223559 0.0156604 0.0154797 
Throughputs: 1.52371 1.68755 1.75309 1.96608 1.65478 1.35987 1.62202 1.85139 1.76947 1.72032 1.55648 1.52371 1.68755 1.72032 1.76947 1.75309 1.7367 1.60563 1.50733 2.06438 1.68755 2.08077 1.42541 1.72032 2.21184 1.70394 1.70394 1.76947 1.86778 1.5401 
Utility: 0.48517 0.585528 5.1493 5.8306 4.75109 4.49648 0.543894 5.29252 4.87506 0.604642 0.50646 4.18656 4.98792 4.85234 4.88063 4.96238 4.81864 0.535949 4.43 4.52879 4.42373 5.59082 4.98873 5.04164 5.46557 5.1348 5.39213 4.37135 4.78137 4.60007 

--------------------------------------
Time: 17.003
Split Ratios: 1 1 1 1 1 1 1 1 1 1 1 1 1 1 1 1 1 1 1 1 1 1 1 1 1 1 1 1 1 1 
Delays: 0.93925 0.941111 0.0101371 0.00572965 0.0147774 0.0152982 0.943646 0.00930935 0.0143773 0.940483 0.937282 0.0207686 0.0115269 0.0132454 0.013407 0.0129219 0.0143391 0.939324 0.0166152 0.0196098 0.0161153 0.00777865 0.0100216 0.0111473 0.00930512 0.0103006 0.00770951 0.0188694 0.0157226 0.015697 
Throughputs: 1.98246 1.49094 1.76947 1.5401 1.72032 1.60563 1.52371 1.57286 1.85139 1.70394 1.55648 1.67117 2.03162 1.6384 1.62202 1.76947 1.76947 1.47456 1.86778 1.58925 1.80224 1.98246 1.39264 1.78586 2.01523 1.72032 1.42541 1.85139 1.78586 1.62202 
Utility: 0.747014 0.460104 5.16223 5.59395 4.75716 4.65354 0.479154 5.12963 4.85804 0.594302 0.507198 4.38784 5.1719 4.81783 4.79565 4.91951 4.81544 0.450955 4.72219 4.39499 4.71702 5.54071 4.93421 5.07646 5.37792 5.11807 5.21976 4.58615 4.73255 4.63796 

--------------------------------------
Time: 17.503
Split Ratios: 1 1 1 1 1 1 1 1 1 1 1 1 1 1 1 1 1 1 1 1 1 1 1 1 1 1 1 1 1 1 
Delays: 0.938912 0.940054 0.0100913 0.00570708 0.0141579 0.0154415 0.941949 0.00930384 0.0138649 0.939669 0.937414 0.0255139 0.01169 0.013404 0.0136269 0.0120911 0.0140763 0.938979 0.0208948 0.0237338 0.0209112 0.00763686 0.00976323 0.0111846 0.00926529 0.01011 0.00777867 0.0231646 0.0158934 0.0156444 
Throughputs: 1.78586 1.68755 1.88416 1.62202 1.50733 1.65478 1.45818 1.81862 1.68755 1.26157 1.68755 1.99885 1.55648 1.76947 1.67117 1.60563 1.68755 1.83501 1.67117 1.81862 1.93331 1.55648 1.6384 1.68755 1.88416 1.50733 1.65478 1.78586 1.85139 1.81862 
Utility: 0.642931 0.585097 5.22957 5.64972 4.66782 4.67437 0.43699 5.27541 4.80167 0.294583 0.587909 4.3611 4.89145 4.88288 4.80923 4.88881 4.78654 0.670011 4.38178 4.33894 4.52671 5.3172 5.12285 5.01649 5.31496 5.00456 5.36004 4.34503 4.75779 4.75572 

--------------------------------------
Time: 18.0031
Split Ratios: 1 1 1 1 1 1 1 1 1 1 1 1 1 1 1 1 1 1 1 1 1 1 1 1 1 1 1 1 1 1 
Delays: 0.938861 0.939624 0.00974341 0.00561893 0.0142151 0.0154357 0.94208 0.00930602 0.0136626 0.940117 0.937905 0.0234578 0.0116956 0.013332 0.0133342 0.0120254 0.0140938 0.938743 0.0182473 0.0214611 0.0191177 0.0077931 0.00981073 0.0111749 0.00932079 0.00991074 0.00785366 0.0209447 0.0156603 0.0156099 
Throughputs: 1.67117 1.68755 1.60563 1.58925 1.65478 1.75309 1.68755 1.6384 1.83501 1.72032 1.60563 1.55648 1.93331 1.86778 1.72032 1.58925 1.78586 1.34349 1.72032 1.88416 1.86778 1.80224 1.7367 1.68755 2.22822 1.65478 1.81862 1.78586 1.7367 1.65478 
Utility: 0.576611 0.585555 5.10468 5.64487 4.75712 4.73245 0.582944 5.17081 4.90014 0.604261 0.537624 4.19498 5.10777 4.94233 4.85994 4.884 4.84192 0.358483 4.54625 4.47499 4.58189 5.44355 5.17627 5.01737 5.47671 5.11781 5.44486 4.44577 4.70861 4.66352 

--------------------------------------
Time: 18.5039
Split Ratios: 1 1 1 1 1 1 1 1 1 1 1 1 1 1 1 1 1 1 1 1 1 1 1 1 1 1 1 1 1 1 
Delays: 0.939492 0.940746 0.0101838 0.00577445 0.0142021 0.0154103 0.943362 0.0092639 0.0134614 0.941172 0.938747 0.0218552 0.0114435 0.0134076 0.0134999 0.0123494 0.0138209 0.940105 0.017582 0.0214378 0.0177177 0.00789763 0.00993318 0.0111585 0.00936281 0.00985322 0.00790751 0.0203372 0.0156851 0.0153228 
Throughputs: 1.58925 1.58925 1.68755 1.57286 1.70394 1.75309 1.44179 1.68755 1.68755 1.60563 1.91693 2.09715 1.72032 1.85139 1.57286 1.78586 1.60563 1.58925 1.80224 1.58925 1.70394 1.96608 1.93331 1.83501 1.83501 1.75309 1.88416 2.12992 1.85139 1.75309 
Utility: 0.525677 0.524343 5.11024 5.60721 4.78731 4.7341 0.424192 5.20491 4.83121 0.534147 0.713934 4.5639 5.01284 4.92787 4.75797 4.97405 4.75509 0.525024 4.62991 4.30586 4.56613 5.51723 5.27111 5.1026 5.27806 5.18134 5.47342 4.65139 4.77098 4.73979 

--------------------------------------
Time: 19.004
Split Ratios: 1 1 1 1 1 1 1 1 1 1 1 1 1 1 1 1 1 1 1 1 1 1 1 1 1 1 1 1 1 1 
Delays: 0.93736 0.939312 0.0104469 0.00576319 0.0141592 0.0155429 0.941057 0.00930218 0.0135699 0.939465 0.937442 0.0205117 0.0116999 0.013289 0.0136584 0.0126074 0.0140136 0.938042 0.0159514 0.0189451 0.0159285 0.00829585 0.0101735 0.0111229 0.00931921 0.00975124 0.00769998 0.0187844 0.0155249 0.0154753 
Throughputs: 1.65478 1.27795 2.11354 1.58925 1.70394 1.6384 1.45818 1.68755 1.88416 1.67117 1.91693 1.6384 1.70394 2.12992 1.81862 1.86778 1.78586 1.72032 1.76947 1.67117 1.58925 1.83501 1.67117 1.67117 1.67117 1.52371 1.65478 1.9497 1.58925 1.60563 
Utility: 0.568358 0.307867 5.30981 5.61952 4.79033 4.65787 0.437938 5.20079 4.93338 0.575968 0.715325 4.38048 4.98111 5.0769 4.89148 4.99822 4.84762 0.606471 4.70889 4.47973 4.6029 5.39905 5.10149 5.01227 5.1892 5.05151 5.37021 4.6424 4.62857 4.64203 

--------------------------------------
Time: 19.5041
Split Ratios: 1 1 1 1 1 1 1 1 1 1 1 1 1 1 1 1 1 1 1 1 1 1 1 1 1 1 1 1 1 1 
Delays: 0.938056 0.939911 0.010242 0.00573377 0.0150831 0.015398 0.942537 0.00930315 0.0134414 0.940347 0.938028 0.0249841 0.0117706 0.0132528 0.0134149 0.0123459 0.014286 0.939074 0.0213564 0.0244671 0.0212348 0.00815909 0.00966745 0.0111358 0.00929488 0.00992757 0.00765409 0.0240315 0.0153476 0.0157472 
Throughputs: 1.6384 1.72032 1.50733 1.7367 1.85139 1.40902 1.58925 1.91693 1.67117 1.42541 1.85139 1.72032 2.09715 1.85139 1.57286 1.85139 1.88416 1.50733 2.11354 1.86778 2.048 2.1463 1.49094 1.58925 1.81862 1.67117 1.68755 1.88416 1.62202 1.67117 
Utility: 0.557666 0.60448 4.9916 5.71337 4.81012 4.51642 0.522441 5.32813 4.82294 0.415964 0.679914 4.23203 5.18273 4.93948 4.76429 5.01037 4.88196 0.473199 4.59477 4.33518 4.56898 5.57237 5.0384 4.96085 5.27637 5.12596 5.39579 4.36187 4.66047 4.66461 

--------------------------------------
Time: 20.0041
Split Ratios: 1 1 1 1 1 1 1 1 1 1 1 1 1 1 1 1 1 1 1 1 1 1 1 1 1 1 1 1 1 1 
Delays: 0.937907 0.939589 0.0101276 0.00578214 0.014439 0.0154359 0.94165 0.00936336 0.0135765 0.939713 0.937432 0.0218593 0.0115236 0.0132858 0.0136375 0.0121504 0.0137894 0.939129 0.0172064 0.0205639 0.0177399 0.00802953 0.00974967 0.0111243 0.00931809 0.00995389 0.00769679 0.0204501 0.0158347 0.0155047 
Throughputs: 1.34349 1.72032 1.91693 1.86778 1.62202 1.83501 1.72032 1.90054 1.6384 1.70394 1.40902 1.81862 1.7367 1.68755 1.86778 1.5401 1.47456 1.80224 1.75309 1.81862 1.99885 2.09715 1.72032 1.78586 1.85139 1.83501 1.6384 1.83501 1.90054 2.09715 
Utility: 0.359373 0.604823 5.24321 5.77773 4.72149 4.77811 0.602632 5.31309 4.79313 0.595121 0.407508 4.42121 5.01535 4.84434 4.91968 4.84223 4.67221 0.651833 4.62386 4.4823 4.72451 5.56521 5.17303 5.07852 5.29174 5.21684 5.36067 4.49682 4.78769 4.90719 

--------------------------------------
Time: 20.5045
Split Ratios: 1 1 1 1 1 1 1 1 1 1 1 1 1 1 1 1 1 1 1 1 1 1 1 1 1 1 1 1 1 1 
Delays: 0.936202 0.937649 0.00998845 0.00573357 0.0147367 0.0153869 0.940788 0.00931887 0.0133821 0.937475 0.935855 0.0210459 0.011622 0.0134284 0.0135815 0.0122778 0.0142188 0.937504 0.0162253 0.0193244 0.0166485 0.00792682 0.00985781 0.0111478 0.00926295 0.0101709 0.00789369 0.0188804 0.0157176 0.0159498 
Throughputs: 1.70394 1.70394 1.75309 1.57286 1.83501 1.7367 1.3271 1.67117 1.78586 1.68755 1.76947 1.37626 1.65478 1.9497 1.81862 1.68755 1.65478 1.5401 1.50733 1.68755 1.76947 1.7367 1.58925 1.75309 1.75309 1.6384 2.21184 2.06438 1.57286 1.90054 
Utility: 0.598865 0.59732 5.1677 5.61432 4.82447 4.72623 0.344036 5.18924 4.89374 0.587844 0.636976 4.18041 4.95852 4.97806 4.89713 4.92324 4.75686 0.496379 4.53152 4.46967 4.66612 5.38949 5.08275 5.05789 5.24311 5.08194 5.63552 4.69446 4.60587 4.78045 

--------------------------------------
Time: 21.0049
Split Ratios: 1 1 1 1 1 1 1 1 1 1 1 1 1 1 1 1 1 1 1 1 1 1 1 1 1 1 1 1 1 1 
Delays: 0.937325 0.937922 0.0103122 0.0057256 0.0151348 0.0154264 0.940632 0.00930973 0.0136194 0.938484 0.936853 0.023156 0.0115856 0.0133071 0.0138721 0.0124944 0.0143487 0.938072 0.0179992 0.0213213 0.0183904 0.00789934 0.0099681 0.0111312 0.00931571 0.0101842 0.00774443 0.0206643 0.0154738 0.0157052 
Throughputs: 1.5401 1.62202 1.86778 1.6384 2.11354 1.70394 1.62202 1.91693 1.68755 1.67117 1.80224 1.96608 1.83501 1.88416 1.55648 1.76947 1.68755 1.47456 1.70394 1.76947 1.81862 1.6384 1.45818 1.52371 1.98246 1.90054 1.70394 1.83501 1.72032 1.88416 
Utility: 0.49657 0.547758 5.19918 5.65653 4.93912 4.70462 0.544873 5.32742 4.81954 0.577012 0.654259 4.44154 5.06504 4.95294 4.7203 4.95316 4.76738 0.452288 4.55037 4.41873 4.594 5.3347 4.98555 4.91915 5.36039 5.22905 5.39372 4.4864 4.71112 4.78724 

--------------------------------------
Time: 21.5049
Split Ratios: 1 1 1 1 1 1 1 1 1 1 1 1 1 1 1 1 1 1 1 1 1 1 1 1 1 1 1 1 1 1 
Delays: 0.938365 0.93908 0.010077 0.00577845 0.0141155 0.0153066 0.942019 0.00931152 0.0137051 0.93986 0.936737 0.024723 0.0113887 0.0132584 0.0136567 0.0121291 0.0137463 0.938811 0.0189245 0.0237013 0.0196187 0.00771526 0.00959752 0.0111466 0.00925775 0.00978045 0.00767461 0.0228606 0.0157509 0.0153627 
Throughputs: 1.70394 1.5401 1.76947 1.55648 1.60563 1.39264 1.39264 1.83501 1.78586 1.70394 1.65478 1.70394 1.44179 1.68755 1.70394 1.37626 1.45818 1.72032 2.08077 1.70394 1.91693 1.90054 1.40902 1.88416 1.65478 1.68755 1.5401 1.76947 2.06438 1.45818 
Utility: 0.596557 0.494699 5.16818 5.59605 4.734 4.51067 0.390931 5.28355 4.86989 0.594965 0.569023 4.23296 4.84102 4.8464 4.82647 4.73151 4.66417 0.605652 4.70004 4.27516 4.582 5.5067 4.98915 5.13011 5.18596 5.15065 5.30168 4.34902 4.87569 4.553 

--------------------------------------
Time: 22.005
Split Ratios: 1 1 1 1 1 1 1 1 1 1 1 1 1 1 1 1 1 1 1 1 1 1 1 1 1 1 1 1 1 1 
Delays: 0.938047 0.939898 0.0102395 0.00570515 0.0149617 0.0155735 0.942025 0.00930402 0.0138346 0.93988 0.93793 0.0301485 0.0120704 0.0136021 0.0136647 0.0125993 0.0144877 0.938992 0.0256102 0.0277102 0.0253667 0.00781138 0.00989841 0.0111636 0.00928758 0.0101024 0.0078385 0.028702 0.016142 0.0158909 
Throughputs: 1.78586 1.6384 1.85139 1.75309 1.75309 1.7367 1.44179 1.68755 1.67117 1.49094 1.60563 1.96608 1.99885 1.78586 1.60563 1.6384 1.80224 1.7367 1.88416 1.83501 2.08077 1.70394 1.75309 1.55648 1.99885 1.81862 1.98246 1.93331 1.83501 1.85139 
Utility: 0.643853 0.555704 5.19744 5.72776 4.76364 4.71417 0.425611 5.20059 4.79411 0.461412 0.537597 4.17766 5.10957 4.87743 4.76646 4.86784 4.82348 0.614937 4.29825 4.193 4.40706 5.38511 5.17676 4.93752 5.37165 5.19306 5.53305 4.21002 4.73338 4.75795 

--------------------------------------
Time: 22.505
Split Ratios: 1 1 1 1 1 1 1 1 1 1 1 1 1 1 1 1 1 1 1 1 1 1 1 1 1 1 1 1 1 1 
Delays: 0.937839 0.939173 0.0110038 0.0057227 0.0147264 0.0152348 0.941132 0.00930977 0.0136527 0.938875 0.937135 0.0237182 0.0118402 0.0134991 0.0135792 0.012842 0.0142968 0.938612 0.0191318 0.0217332 0.0201383 0.00778376 0.00988977 0.0111401 0.00928246 0.0102293 0.00793627 0.0221453 0.015889 0.0155394 
Throughputs: 1.55648 1.80224 1.93331 1.6384 1.60563 1.65478 1.31072 1.52371 1.72032 1.47456 1.83501 1.60563 1.98246 1.78586 1.67117 1.62202 1.6384 1.75309 2.048 1.57286 2.03162 1.57286 1.75309 1.67117 1.9497 1.90054 1.83501 1.85139 1.9497 1.75309 
Utility: 0.506604 0.651786 5.16875 5.65704 4.69163 4.68784 0.331249 5.09784 4.83633 0.451433 0.671976 4.21503 5.1206 4.88503 4.81274 4.8387 4.74144 0.624732 4.67327 4.28181 4.61396 5.30861 5.17763 5.01073 5.3473 5.22464 5.44336 4.42607 4.8098 4.72576 

--------------------------------------
Time: 23.005
Split Ratios: 1 1 1 1 1 1 1 1 1 1 1 1 1 1 1 1 1 1 1 1 1 1 1 1 1 1 1 1 1 1 
Delays: 0.93831 0.939584 0.0105233 0.00571964 0.0144758 0.0153925 0.94129 0.00929432 0.013682 0.939824 0.936429 0.0255598 0.0116206 0.0135093 0.0135336 0.0129911 0.0137747 0.938773 0.0212447 0.0239644 0.0220843 0.00805782 0.00991664 0.0111239 0.00934341 0.0100475 0.00774227 0.0236161 0.0157405 0.0153114 
Throughputs: 1.58925 1.85139 2.06438 1.78586 1.75309 1.39264 1.6384 1.6384 1.83501 1.47456 1.76947 1.85139 1.65478 1.99885 1.68755 1.76947 1.7367 1.39264 1.90054 1.6384 1.98246 1.96608 1.6384 1.75309 2.24461 1.75309 1.62202 1.99885 1.67117 1.52371 
Utility: 0.526936 0.678256 5.279 5.74375 4.79665 4.50507 0.554224 5.17207 4.89872 0.450422 0.636362 4.28267 4.95865 4.99695 4.82586 4.91417 4.83691 0.394383 4.49379 4.22491 4.49723 5.49715 5.10726 5.06004 5.48162 5.16181 5.34473 4.4384 4.66504 4.60031 

--------------------------------------
Time: 23.5051
Split Ratios: 1 1 1 1 1 1 1 1 1 1 1 1 1 1 1 1 1 1 1 1 1 1 1 1 1 1 1 1 1 1 
Delays: 0.937843 0.939699 0.0106608 0.00572212 0.0144333 0.015354 0.941532 0.00937003 0.0135455 0.939826 0.937357 0.0292088 0.0116132 0.0133812 0.0137702 0.0128651 0.0141891 0.938602 0.0243701 0.0273018 0.0252054 0.00786619 0.0101579 0.0111716 0.00931399 0.0099782 0.00781169 0.0268939 0.0157107 0.0155079 
Throughputs: 1.72032 1.52371 1.85139 1.39264 1.70394 1.70394 1.39264 1.99885 1.81862 1.67117 1.72032 1.76947 1.78586 1.58925 1.68755 1.76947 1.49094 1.68755 2.17907 1.81862 2.11354 1.81862 1.83501 1.80224 1.81862 1.68755 1.90054 1.70394 1.67117 1.80224 
Utility: 0.606683 0.483345 5.15712 5.49462 4.77116 4.70932 0.391448 5.36281 4.89978 0.575584 0.607202 4.10397 5.03551 4.77717 4.80853 4.92391 4.65469 0.586643 4.4933 4.19888 4.42906 5.44326 5.19655 5.08341 5.27432 5.13063 5.49427 4.1488 4.66693 4.75544 

--------------------------------------
Time: 24.0052
Split Ratios: 1 1 1 1 1 1 1 1 1 1 1 1 1 1 1 1 1 1 1 1 1 1 1 1 1 1 1 1 1 1 
Delays: 0.938359 0.940325 0.0100857 0.00569348 0.0143848 0.0152395 0.941801 0.00935229 0.0135878 0.939936 0.937528 0.0246906 0.0117888 0.0135984 0.0134346 0.012275 0.0139627 0.939059 0.0211368 0.0243791 0.0212616 0.00786034 0.00972424 0.0111767 0.00931279 0.0098825 0.0078043 0.0239328 0.0158897 0.0157364 
Throughputs: 1.6384 1.75309 1.75309 1.5401 1.62202 1.78586 1.47456 2.12992 1.37626 1.57286 1.49094 1.83501 1.83501 1.9497 1.47456 1.85139 1.86778 1.76947 1.52371 1.7367 1.96608 2.01523 1.62202 1.88416 1.88416 1.78586 1.83501 2.11354 1.85139 1.6384 
Utility: 0.557343 0.622908 5.15802 5.60028 4.72525 4.76376 0.448321 5.42822 4.61795 0.514842 0.463918 4.30838 5.04766 4.96548 4.69828 5.01613 4.89611 0.633558 4.27789 4.26602 4.52689 5.54666 5.1168 5.12741 5.30985 5.19689 5.46013 4.48087 4.75802 4.6455 

--------------------------------------
Time: 24.5052
Split Ratios: 1 1 1 1 1 1 1 1 1 1 1 1 1 1 1 1 1 1 1 1 1 1 1 1 1 1 1 1 1 1 
Delays: 0.938213 0.940327 0.0104835 0.00575938 0.0145139 0.015111 0.942759 0.00928035 0.0135305 0.940347 0.937909 0.0242112 0.0116618 0.0137146 0.0134187 0.0126499 0.0142992 0.939331 0.0195781 0.0222044 0.0199992 0.00777952 0.00986377 0.0111127 0.00928665 0.0102252 0.00774795 0.0213892 0.0153867 0.0156829 
Throughputs: 1.7367 1.9497 1.68755 1.52371 1.70394 1.83501 1.29434 1.62202 1.67117 1.65478 1.5401 1.81862 1.83501 1.90054 1.65478 1.78586 1.81862 1.55648 2.09715 1.62202 1.78586 1.65478 1.81862 1.45818 1.99885 1.58925 1.42541 1.86778 1.5401 1.57286 
Utility: 0.615767 0.729201 5.08123 5.57807 4.76559 4.79938 0.316942 5.16353 4.81633 0.565177 0.495947 4.31902 5.05848 4.93144 4.81477 4.95 4.84563 0.505014 4.67393 4.29113 4.49196 5.35993 5.21697 4.87685 5.37175 5.04616 5.21479 4.46962 4.6061 4.60808 

--------------------------------------
Time: 25.0054
Split Ratios: 1 1 1 1 1 1 1 1 1 1 1 1 1 1 1 1 1 1 1 1 1 1 1 1 1 1 1 1 1 1 
Delays: 0.939903 0.94122 0.00994245 0.00573671 0.0142546 0.0153104 0.943721 0.00929897 0.0137327 0.940899 0.93903 0.0202008 0.0114569 0.013383 0.0134362 0.0121808 0.0140321 0.940388 0.0154524 0.0187761 0.0155206 0.00768193 0.00970513 0.0111554 0.00933306 0.010133 0.00789391 0.0187447 0.0154069 0.0154223 
Throughputs: 1.78586 1.52371 1.78586 1.65478 1.76947 1.78586 1.52371 1.75309 1.75309 1.49094 1.7367 1.6384 1.5401 1.88416 1.70394 1.98246 1.50733 1.65478 1.62202 1.55648 1.55648 1.57286 1.62202 1.96608 1.72032 1.81862 1.7367 2.08077 1.91693 1.76947 
Utility: 0.641877 0.481727 5.19084 5.66454 4.82135 4.75912 0.479074 5.23923 4.84936 0.460328 0.614897 4.39575 4.901 4.94726 4.84274 5.09223 4.67675 0.565133 4.65366 4.4176 4.60801 5.32178 5.11877 5.17187 5.2167 5.19004 5.39365 4.70958 4.82366 4.74262 

--------------------------------------
Time: 25.5054
Split Ratios: 1 1 1 1 1 1 1 1 1 1 1 1 1 1 1 1 1 1 1 1 1 1 1 1 1 1 1 1 1 1 
Delays: 0.937865 0.939313 0.0102083 0.0057457 0.01454 0.015391 0.941239 0.00930543 0.0135522 0.939318 0.936507 0.0264212 0.0116103 0.0134159 0.0134898 0.0122322 0.014093 0.938048 0.0222803 0.0249398 0.0217625 0.00783946 0.00994411 0.0111701 0.00933204 0.0101564 0.0077549 0.0246492 0.0156422 0.0154965 
Throughputs: 1.49094 1.76947 1.5401 1.75309 1.81862 1.70394 1.57286 2.03162 1.78586 1.52371 1.5401 1.9497 1.81862 1.93331 1.85139 1.75309 1.47456 1.81862 1.90054 1.68755 1.91693 1.98246 1.52371 1.7367 1.98246 1.70394 1.52371 2.01523 1.78586 1.80224 
Utility: 0.463559 0.633287 5.0164 5.72068 4.82893 4.70691 0.513456 5.38599 4.88111 0.48375 0.497443 4.30126 5.05394 4.97055 4.92176 4.96506 4.65043 0.662034 4.44619 4.21457 4.47829 5.53293 5.03192 5.04651 5.35864 5.12259 5.28058 4.40374 4.73768 4.75617 

--------------------------------------
Time: 26.0054
Split Ratios: 1 1 1 1 1 1 1 1 1 1 1 1 1 1 1 1 1 1 1 1 1 1 1 1 1 1 1 1 1 1 
Delays: 0.93948 0.940885 0.0100381 0.00575005 0.0142243 0.0155246 0.943195 0.00930073 0.013558 0.941099 0.938636 0.0208952 0.0116984 0.013415 0.0134314 0.0120643 0.0140104 0.940302 0.0159406 0.0191483 0.0158482 0.00786349 0.00985538 0.0111318 0.009343 0.010078 0.00777296 0.0193607 0.0154635 0.015526 
Throughputs: 1.60563 1.68755 1.40902 1.98246 1.83501 1.58925 1.49094 1.65478 1.55648 1.68755 1.50733 1.47456 2.09715 1.83501 1.68755 1.68755 1.57286 1.7367 1.68755 1.67117 1.72032 1.67117 1.88416 1.81862 2.19546 1.88416 1.7367 1.85139 1.80224 1.60563 
Utility: 0.535947 0.584214 4.94427 5.84289 4.85986 4.62859 0.457892 5.18133 4.7432 0.583986 0.473666 4.2566 5.18888 4.91843 4.83344 4.94079 4.72085 0.613543 4.66217 4.46906 4.68721 5.35905 5.25322 5.09603 5.45952 5.23088 5.40909 4.56045 4.7583 4.63875 

--------------------------------------
Time: 26.5055
Split Ratios: 1 1 1 1 1 1 1 1 1 1 1 1 1 1 1 1 1 1 1 1 1 1 1 1 1 1 1 1 1 1 
Delays: 0.937371 0.938432 0.0100892 0.00572657 0.0143874 0.0151739 0.940779 0.00933723 0.0135266 0.938601 0.937524 0.0213183 0.0115045 0.0135314 0.0134582 0.0125536 0.01405 0.9381 0.017 0.0204685 0.0173935 0.0077466 0.00974257 0.0111157 0.00934013 0.00998798 0.00795516 0.0195063 0.0155711 0.0155087 
Throughputs: 1.6384 1.42541 1.80224 1.70394 1.76947 1.50733 1.50733 1.72032 1.60563 1.70394 1.70394 1.75309 1.57286 1.99885 1.75309 1.86778 1.68755 1.72032 1.6384 1.9497 2.048 1.78586 1.83501 1.68755 1.93331 1.7367 1.90054 1.76947 1.98246 1.70394 
Utility: 0.558396 0.418003 5.18532 5.69558 4.81209 4.59852 0.471386 5.21626 4.77661 0.596306 0.597454 4.40957 4.91791 4.99531 4.86955 5.0025 4.78841 0.606409 4.56826 4.55654 4.76852 5.4404 5.2383 5.02268 5.33267 5.15836 5.47608 4.5077 4.84668 4.6993 

--------------------------------------
Time: 27.0056
Split Ratios: 1 1 1 1 1 1 1 1 1 1 1 1 1 1 1 1 1 1 1 1 1 1 1 1 1 1 1 1 1 1 
Delays: 0.936803 0.938494 0.0100628 0.00566734 0.0149924 0.0154417 0.940963 0.00931528 0.0136023 0.939277 0.935774 0.0206775 0.0115553 0.0136145 0.0135461 0.0121794 0.0146698 0.938494 0.015505 0.0189395 0.0157695 0.00786595 0.00979013 0.0111245 0.00928234 0.0105054 0.00800243 0.0187943 0.0163764 0.0161316 
Throughputs: 1.7367 1.58925 1.72032 1.40902 1.78586 1.62202 1.35987 1.68755 1.67117 1.67117 1.88416 1.78586 1.88416 1.88416 1.76947 1.90054 1.85139 1.45818 1.60563 1.88416 1.68755 1.93331 1.78586 1.75309 1.70394 1.93331 1.83501 2.03162 2.1463 1.57286 
Utility: 0.617272 0.52674 5.14142 5.51593 4.78011 4.65435 0.368242 5.19938 4.81104 0.576168 0.699863 4.45861 5.0941 4.9301 4.87233 5.05015 4.8379 0.440665 4.64011 4.59999 4.67296 5.50445 5.20628 5.05998 5.21258 5.2151 5.43506 4.68303 4.87566 4.57987 

--------------------------------------
Time: 27.5059
Split Ratios: 1 1 1 1 1 1 1 1 1 1 1 1 1 1 1 1 1 1 1 1 1 1 1 1 1 1 1 1 1 1 
Delays: 0.937342 0.939274 0.0102094 0.00579611 0.0145877 0.0153758 0.941268 0.00926996 0.0134107 0.938832 0.936929 0.0222838 0.0114539 0.0131982 0.013686 0.0125622 0.0141478 0.938336 0.0171116 0.0208858 0.0184 0.00809671 0.00962912 0.0111439 0.00929127 0.0100703 0.00773704 0.0204423 0.0156578 0.0156782 
Throughputs: 1.58925 1.80224 1.86778 1.78586 1.58925 1.72032 1.70394 1.81862 1.5401 1.40902 1.52371 1.78586 1.60563 1.45818 1.52371 1.80224 1.99885 1.7367 1.83501 1.65478 1.96608 1.85139 1.50733 1.44179 2.08077 1.65478 1.72032 1.96608 1.80224 1.7367 
Utility: 0.527968 0.651679 5.20919 5.73047 4.69084 4.71747 0.593468 5.27906 4.74355 0.406016 0.486297 4.38379 4.94294 4.70486 4.71253 4.96609 4.95077 0.615636 4.67504 4.37236 4.67144 5.43224 5.0533 4.86275 5.41142 5.10183 5.40425 4.56619 4.74582 4.70747 

--------------------------------------
Time: 28.0061
Split Ratios: 1 1 1 1 1 1 1 1 1 1 1 1 1 1 1 1 1 1 1 1 1 1 1 1 1 1 1 1 1 1 
Delays: 0.938827 0.940433 0.0103155 0.00573718 0.0145883 0.0151973 0.942486 0.00930337 0.0135642 0.940368 0.937821 0.0223651 0.011637 0.0136096 0.0134694 0.012271 0.0137704 0.939491 0.017763 0.0205653 0.0182058 0.00809832 0.00979277 0.0111263 0.00930515 0.0098482 0.00792025 0.0206049 0.0157699 0.0153227 
Throughputs: 1.90054 1.68755 1.85139 1.75309 1.62202 1.67117 1.35987 1.81862 1.67117 1.42541 1.80224 1.49094 1.62202 2.16269 1.45818 1.85139 1.57286 1.5401 1.85139 1.9497 2.03162 2.11354 1.88416 1.78586 2.06438 1.7367 1.7367 1.86778 1.86778 1.39264 
Utility: 0.705264 0.584694 5.19005 5.72217 4.7112 4.70016 0.366625 5.27546 4.81385 0.415942 0.653226 4.19966 4.93724 5.06833 4.68452 5.01645 4.73814 0.494261 4.64658 4.55182 4.71485 5.56446 5.25959 5.07835 5.40202 5.17246 5.39032 4.50698 4.7744 4.50962 

--------------------------------------
Time: 28.5063
Split Ratios: 1 1 1 1 1 1 1 1 1 1 1 1 1 1 1 1 1 1 1 1 1 1 1 1 1 1 1 1 1 1 
Delays: 0.93215 0.934096 0.0101711 0.00571585 0.0151119 0.015172 0.93572 0.00932286 0.0134875 0.93391 0.932386 0.0218313 0.0115178 0.0134124 0.0134181 0.0125488 0.0145474 0.933546 0.0164935 0.0199773 0.0176265 0.00779603 0.00982283 0.0111093 0.00931924 0.0104773 0.00789745 0.019646 0.015753 0.0161823 
Throughputs: 1.49094 1.75309 1.83501 1.55648 1.67117 1.55648 1.49094 1.96608 1.45818 1.55648 1.83501 1.9497 1.49094 1.86778 1.34349 1.7367 1.78586 1.58925 1.50733 1.98246 1.90054 1.91693 1.57286 1.57286 1.96608 2.3593 1.75309 1.57286 1.81862 1.80224 
Utility: 0.469671 0.629554 5.19525 5.60694 4.7058 4.63073 0.465849 5.35133 4.68318 0.510802 0.677057 4.49208 4.86327 4.93633 4.60642 4.93012 4.81024 0.532026 4.51513 4.5975 4.68049 5.50486 5.07594 4.95287 5.35172 5.41691 5.40259 4.38278 4.74881 4.71287 

--------------------------------------
Time: 29.0068
Split Ratios: 1 1 1 1 1 1 1 1 1 1 1 1 1 1 1 1 1 1 1 1 1 1 1 1 1 1 1 1 1 1 
Delays: 0.932596 0.934946 0.0102711 0.00575179 0.0147059 0.0152373 0.937605 0.009286 0.0134502 0.933977 0.933542 0.0222866 0.0116053 0.0133532 0.0135143 0.0123665 0.014475 0.934312 0.0175845 0.0207967 0.018453 0.00769681 0.00976457 0.0110832 0.00931723 0.0102122 0.00777837 0.0209588 0.0154351 0.0158287 
Throughputs: 1.57286 1.98246 1.81862 1.72032 1.72032 1.52371 1.62202 1.35987 1.37626 1.50733 1.75309 1.57286 1.70394 2.11354 1.49094 1.83501 1.6384 1.29434 1.91693 1.76947 1.86778 1.78586 1.58925 1.65478 1.75309 1.62202 1.57286 1.81862 1.52371 1.9497 
Utility: 0.522681 0.751607 5.1765 5.70075 4.76202 4.60516 0.548096 4.98664 4.62813 0.478642 0.630149 4.25667 4.98923 5.06436 4.70342 4.99981 4.72905 0.325942 4.69146 4.44364 4.61728 5.44685 5.09226 5.006 5.23727 5.06785 5.30931 4.46328 4.59226 4.8136 

--------------------------------------
Time: 29.5068
Split Ratios: 1 1 1 1 1 1 1 1 1 1 1 1 1 1 1 1 1 1 1 1 1 1 1 1 1 1 1 1 1 1 
Delays: 0.937913 0.939936 0.0100039 0.00571536 0.0145109 0.0151663 0.941315 0.00928709 0.0135029 0.939625 0.937495 0.0211698 0.0115724 0.0133095 0.0133926 0.0123935 0.0139246 0.939162 0.0164905 0.0193623 0.0167317 0.00782592 0.00977442 0.0111363 0.00925796 0.0100048 0.00768081 0.0198668 0.0153277 0.0154875 
Throughputs: 1.35987 1.90054 1.88416 1.60563 1.9497 1.2288 1.45818 1.83501 1.50733 1.65478 1.52371 1.60563 1.58925 1.58925 1.83501 1.76947 1.57286 1.80224 1.68755 1.58925 1.6384 1.76947 1.60563 1.96608 1.45818 1.98246 1.34349 1.65478 1.50733 1.70394 
Utility: 0.371489 0.704083 5.23826 5.63812 4.90053 4.39472 0.437664 5.28618 4.71519 0.565945 0.485693 4.3287 4.9224 4.78254 4.9201 4.96127 4.727 0.651797 4.62825 4.40769 4.58417 5.421 5.1015 5.17359 5.05946 5.28903 5.1643 4.42238 4.58843 4.70066 

--------------------------------------
Time: 30.0069
Split Ratios: 1 1 1 1 1 1 1 1 1 1 1 1 1 1 1 1 1 1 1 1 1 1 1 1 1 1 1 1 1 1 
Delays: 0.939644 0.941098 0.0104607 0.00577817 0.0149142 0.0155072 0.943126 0.00937731 0.0135354 0.94041 0.938057 0.024703 0.0121705 0.0135523 0.0137633 0.0129085 0.014207 0.939905 0.0222716 0.023199 0.0211715 0.00782406 0.0100513 0.0111576 0.00930304 0.0104127 0.00772963 0.0234429 0.0156668 0.0157494 
Throughputs: 1.7367 1.72032 1.93331 2.048 1.7367 1.78586 1.45818 1.88416 1.67117 1.62202 1.57286 1.98246 1.78586 2.19546 1.67117 1.65478 1.68755 1.62202 1.75309 2.12992 1.76947 1.7367 1.93331 1.57286 2.09715 2.01523 1.7367 1.58925 1.86778 1.58925 
Utility: 0.614243 0.603218 5.21936 5.87053 4.75743 4.74635 0.435741 5.30294 4.81597 0.545109 0.516842 4.38517 4.98864 5.08759 4.79928 4.85354 4.7773 0.545646 4.36582 4.51973 4.42578 5.40254 5.25929 4.94854 5.41799 5.26547 5.41468 4.21645 4.78096 4.61421 

--------------------------------------
Time: 30.5069
Split Ratios: 1 1 1 1 1 1 1 1 1 1 1 1 1 1 1 1 1 1 1 1 1 1 1 1 1 1 1 1 1 1 
Delays: 0.939655 0.940784 0.0102421 0.00583686 0.0143948 0.0152972 0.94304 0.00927659 0.0137105 0.940568 0.937736 0.0221675 0.0117256 0.0132138 0.0134497 0.0127567 0.0142894 0.939476 0.0175012 0.0205226 0.0176451 0.00772708 0.00978577 0.0111519 0.00933798 0.010044 0.00777575 0.0202924 0.0156942 0.0156925 
Throughputs: 1.75309 1.62202 1.68755 1.67117 1.67117 1.70394 1.52371 1.67117 1.91693 1.45818 1.67117 1.88416 1.98246 1.76947 1.80224 1.76947 1.62202 1.67117 2.26099 1.44179 1.72032 1.7367 1.50733 1.40902 1.91693 1.75309 1.67117 1.67117 1.65478 1.80224 
Utility: 0.623621 0.544711 5.10453 5.65708 4.75441 4.71303 0.479796 5.19378 4.94032 0.438458 0.577809 4.44261 5.13033 4.89718 4.89783 4.93238 4.7319 0.575956 4.86129 4.25212 4.57981 5.41501 5.03716 4.83904 5.32439 5.16216 5.37027 4.41103 4.65813 4.74361 

--------------------------------------
Time: 31.007
Split Ratios: 1 1 1 1 1 1 1 1 1 1 1 1 1 1 1 1 1 1 1 1 1 1 1 1 1 1 1 1 1 1 
Delays: 0.938472 0.939791 0.0105841 0.00583124 0.0145333 0.0151575 0.942339 0.00932757 0.0136605 0.93997 0.938566 0.0225942 0.0114918 0.0132796 0.0134335 0.0128374 0.0140891 0.939328 0.0184002 0.0208005 0.0175737 0.0079318 0.00995997 0.0111626 0.00931583 0.0101931 0.00780644 0.021152 0.0154887 0.0156256 
Throughputs: 1.49094 1.5401 1.88416 1.58925 1.45818 1.80224 1.34349 1.72032 1.7367 1.50733 2.06438 1.88416 1.49094 1.49094 1.83501 2.01523 1.75309 1.78586 1.96608 1.60563 1.81862 1.99885 1.44179 1.93331 2.12992 1.83501 1.44179 1.67117 1.88416 1.88416 
Utility: 0.462912 0.493943 5.18189 5.60779 4.6085 4.77829 0.354659 5.21729 4.84524 0.472246 0.788234 4.42354 4.86553 4.72093 4.91705 5.05613 4.82373 0.642488 4.67144 4.3463 4.63943 5.52945 4.97507 5.15442 5.43212 5.19309 5.21869 4.36954 4.80113 4.79232 

--------------------------------------
Time: 31.507
Split Ratios: 1 1 1 1 1 1 1 1 1 1 1 1 1 1 1 1 1 1 1 1 1 1 1 1 1 1 1 1 1 1 
Delays: 0.938844 0.940596 0.0101844 0.005815 0.0143668 0.0153676 0.943128 0.00928354 0.0139312 0.940462 0.938235 0.0219232 0.0114742 0.0136352 0.0134995 0.0125159 0.0138421 0.939928 0.0177632 0.0203665 0.017309 0.00774964 0.00972936 0.0111309 0.00935051 0.00996463 0.00785886 0.0206227 0.0157491 0.01568 
Throughputs: 1.75309 1.5401 1.62202 1.81862 1.75309 1.42541 1.65478 1.47456 1.72032 1.55648 1.76947 1.70394 1.76947 1.88416 1.85139 1.81862 1.70394 1.44179 1.80224 1.62202 2.01523 1.80224 1.75309 1.68755 2.03162 1.76947 1.58925 1.58925 1.7367 1.78586 
Utility: 0.624485 0.493086 5.07057 5.7454 4.80422 4.52995 0.562224 5.06787 4.81614 0.503811 0.634436 4.35315 5.03834 4.92858 4.92104 4.97883 4.81298 0.427839 4.61965 4.37753 4.75726 5.44914 5.19399 5.02131 5.38116 5.17939 5.30938 4.34463 4.70296 4.73527 

--------------------------------------
Time: 32.007
Split Ratios: 1 1 1 1 1 1 1 1 1 1 1 1 1 1 1 1 1 1 1 1 1 1 1 1 1 1 1 1 1 1 
Delays: 0.939441 0.940194 0.00980084 0.00574698 0.0145735 0.0152334 0.942722 0.00933079 0.0135202 0.940624 0.93858 0.0218397 0.0116939 0.0133242 0.0136706 0.0122619 0.0140877 0.939333 0.0166287 0.0196534 0.0168181 0.00780954 0.0100326 0.0111757 0.00938782 0.0100165 0.00770939 0.0195433 0.0156158 0.0156083 
Throughputs: 1.52371 1.7367 1.47456 1.72032 1.90054 1.5401 1.21242 1.9497 1.75309 1.6384 1.85139 1.75309 2.048 1.42541 1.65478 1.91693 1.50733 1.75309 1.6384 2.06438 1.62202 1.78586 1.81862 1.86778 1.85139 1.90054 1.80224 1.62202 1.91693 1.7367 
Utility: 0.483619 0.613658 5.01365 5.70159 4.87069 4.61611 0.251599 5.34211 4.86495 0.554932 0.679325 4.38541 5.16555 4.67263 4.79618 5.05198 4.67279 0.623964 4.59034 4.65434 4.56897 5.43231 5.19999 5.11876 5.28428 5.24567 5.45435 4.41879 4.8102 4.71194 

--------------------------------------
Time: 32.5072
Split Ratios: 1 1 1 1 1 1 1 1 1 1 1 1 1 1 1 1 1 1 1 1 1 1 1 1 1 1 1 1 1 1 
Delays: 0.938738 0.940639 0.0106813 0.0057551 0.0142368 0.0152326 0.943089 0.00932358 0.0136816 0.940549 0.938553 0.0215743 0.0114937 0.0134602 0.0137343 0.0127355 0.0140915 0.939957 0.0169386 0.0205397 0.0176122 0.00804142 0.00989082 0.0112266 0.00929671 0.0098913 0.00778232 0.0198014 0.0159917 0.015502 
Throughputs: 1.60563 1.65478 1.91693 1.67117 1.65478 1.37626 1.5401 1.80224 1.78586 1.49094 1.85139 1.90054 1.83501 1.42541 1.93331 1.67117 1.7367 1.57286 1.93331 1.60563 1.7367 2.03162 1.76947 2.16269 1.78586 1.67117 1.80224 1.78586 2.08077 1.78586 
Utility: 0.536737 0.564867 5.18999 5.67119 4.7556 4.50368 0.490439 5.26424 4.8716 0.460701 0.679354 4.47839 5.073 4.66248 4.94709 4.87689 4.81417 0.514819 4.73739 4.35892 4.59115 5.53198 5.18683 5.26082 5.25799 5.12962 5.44493 4.5019 4.86842 4.74669 

--------------------------------------
Time: 33.0073
Split Ratios: 1 1 1 1 1 1 1 1 1 1 1 1 1 1 1 1 1 1 1 1 1 1 1 1 1 1 1 1 1 1 
Delays: 0.939978 0.941648 0.0099021 0.00572452 0.0144753 0.0155813 0.944382 0.00930245 0.0135088 0.941765 0.939497 0.0204488 0.0116551 0.0134315 0.0136319 0.0120598 0.0142193 0.94094 0.0159625 0.0193482 0.0158833 0.00778569 0.00997931 0.0111401 0.00933446 0.010263 0.00793027 0.018661 0.0155159 0.015582 
Throughputs: 1.44179 1.47456 1.78586 1.6384 1.93331 1.37626 1.55648 1.76947 1.65478 1.88416 1.90054 1.67117 1.90054 1.70394 1.70394 1.65478 1.76947 1.44179 1.75309 1.75309 1.67117 1.34349 2.09715 1.65478 2.11354 1.78586 1.83501 1.67117 1.86778 1.57286 
Utility: 0.427786 0.448483 5.19491 5.65672 4.89455 4.48105 0.499652 5.24816 4.80809 0.693482 0.70455 4.40335 5.09415 4.8431 4.82829 4.92155 4.82384 0.426763 4.69889 4.50653 4.65601 5.15074 5.34782 5.00088 5.4224 5.15911 5.44412 4.49484 4.79064 4.61454 

--------------------------------------
Time: 33.5073
Split Ratios: 1 1 1 1 1 1 1 1 1 1 1 1 1 1 1 1 1 1 1 1 1 1 1 1 1 1 1 1 1 1 
Delays: 0.937479 0.939394 0.00979693 0.00579006 0.0143369 0.0152469 0.942032 0.00935027 0.0135824 0.939675 0.937577 0.0227734 0.0115412 0.0132609 0.0135818 0.0119115 0.0142433 0.939332 0.0173066 0.0205953 0.0178189 0.00774825 0.0097558 0.0112121 0.00930792 0.0101878 0.00772171 0.0204639 0.0154917 0.015707 
Throughputs: 1.57286 1.50733 1.58925 1.70394 1.5401 1.78586 1.58925 1.85139 1.91693 1.57286 1.72032 1.62202 1.76947 1.83501 1.78586 1.76947 1.78586 1.76947 1.62202 1.93331 1.78586 1.86778 1.58925 1.75309 1.81862 1.72032 1.40902 1.78586 1.42541 1.88416 
Utility: 0.517459 0.472859 5.08895 5.68455 4.67676 4.76327 0.522977 5.28829 4.9497 0.515119 0.606967 4.26583 5.03251 4.92999 4.87892 5.00093 4.83136 0.633268 4.54034 4.54192 4.6074 5.48504 5.09315 5.05214 5.27497 5.12908 5.20662 4.46899 4.52191 4.78713 

--------------------------------------
Time: 34.0075
Split Ratios: 1 1 1 1 1 1 1 1 1 1 1 1 1 1 1 1 1 1 1 1 1 1 1 1 1 1 1 1 1 1 
Delays: 0.932266 0.93545 0.00977999 0.00573508 0.0145158 0.0153948 0.937256 0.00933949 0.0134878 0.93528 0.933048 0.0205147 0.0115728 0.0136462 0.0136014 0.0122179 0.0143076 0.934265 0.0153739 0.0189981 0.0154577 0.00769356 0.00987062 0.0111386 0.00928279 0.0099217 0.00790521 0.0186267 0.0155249 0.0155301 
Throughputs: 1.67117 1.65478 1.68755 1.75309 1.65478 1.67117 1.39264 1.72032 1.52371 1.6384 1.5401 1.5401 1.86778 1.83501 1.7367 1.76947 1.80224 1.81862 1.65478 1.7367 1.68755 1.91693 1.6384 1.55648 1.83501 1.81862 1.88416 1.81862 1.68755 1.50733 
Utility: 0.58366 0.570398 5.1507 5.72253 4.73619 4.68725 0.396 5.21601 4.72712 0.56063 0.501143 4.31846 5.08385 4.90135 4.84957 4.97554 4.83599 0.666075 4.67876 4.51541 4.69293 5.5181 5.11191 4.93976 5.28664 5.21111 5.47372 4.58124 4.68859 4.57531 

--------------------------------------
Time: 34.5076
Split Ratios: 1 1 1 1 1 1 1 1 1 1 1 1 1 1 1 1 1 1 1 1 1 1 1 1 1 1 1 1 1 1 
Delays: 0.938661 0.940572 0.0100891 0.00570369 0.01425 0.0152484 0.942619 0.00928543 0.0137032 0.939807 0.937834 0.024066 0.0117719 0.0133458 0.0139275 0.0124964 0.0140227 0.939466 0.0189598 0.0230276 0.019484 0.00771389 0.0100262 0.0111183 0.00928579 0.00988065 0.00767917 0.0221051 0.0157985 0.0154039 
Throughputs: 1.72032 1.62202 1.6384 1.47456 1.55648 1.68755 1.57286 1.68755 1.78586 1.5401 1.65478 2.06438 2.06438 1.62202 1.75309 2.06438 1.3271 1.60563 1.91693 2.048 1.65478 1.90054 1.60563 1.49094 1.80224 1.60563 1.70394 1.72032 1.80224 1.75309 
Utility: 0.605811 0.544937 5.09002 5.555 4.69343 4.70656 0.511992 5.20259 4.87002 0.493926 0.567853 4.45179 5.16688 4.80022 4.83527 5.10715 4.55008 0.535961 4.61616 4.48792 4.44183 5.50687 5.07607 4.89857 5.2683 5.09069 5.40218 4.35446 4.73687 4.73452 

--------------------------------------
Time: 35.0079
Split Ratios: 1 1 1 1 1 1 1 1 1 1 1 1 1 1 1 1 1 1 1 1 1 1 1 1 1 1 1 1 1 1 
Delays: 0.937539 0.938873 0.0105112 0.00568742 0.0142302 0.0153313 0.941622 0.00927659 0.0137498 0.939013 0.936914 0.0206761 0.0115558 0.013391 0.0136473 0.0127305 0.0138458 0.93835 0.016659 0.0192907 0.0163147 0.00778362 0.00986094 0.0111868 0.00928786 0.00986849 0.00777953 0.018805 0.015648 0.0154522 
Throughputs: 1.72032 1.75309 1.55648 1.6384 1.57286 1.70394 1.58925 1.70394 1.31072 1.81862 1.44179 1.68755 1.65478 1.88416 1.75309 1.72032 1.57286 1.37626 1.93331 1.7367 1.5401 1.65478 1.9497 1.96608 1.81862 1.5401 1.7367 1.60563 2.08077 1.98246 
Utility: 0.607008 0.624454 4.99774 5.66322 4.70529 4.7108 0.523412 5.2132 4.55731 0.661006 0.43105 4.40206 4.96423 4.94666 4.85559 4.90626 4.73267 0.383 4.75404 4.50012 4.54754 5.3594 5.28685 5.16906 5.27713 5.05025 5.40825 4.44715 4.89015 4.85435 

--------------------------------------
Time: 35.508
Split Ratios: 1 1 1 1 1 1 1 1 1 1 1 1 1 1 1 1 1 1 1 1 1 1 1 1 1 1 1 1 1 1 
Delays: 0.939455 0.940766 0.0106212 0.00576804 0.0141121 0.0153203 0.942991 0.00930474 0.013458 0.941445 0.939324 0.0207433 0.0116374 0.0135478 0.0134377 0.0127563 0.0138113 0.940146 0.0162793 0.0189336 0.0164806 0.00767053 0.00980632 0.0112018 0.0092919 0.00970712 0.00781585 0.018668 0.0158189 0.015433 
Throughputs: 1.50733 1.7367 1.78586 1.76947 1.62202 1.85139 1.31072 1.91693 1.45818 1.7367 1.99885 1.72032 1.7367 1.86778 1.75309 2.08077 1.62202 1.45818 1.62202 1.6384 1.80224 1.5401 1.29434 1.75309 1.75309 1.6384 1.5401 1.83501 1.76947 1.85139 
Utility: 0.472794 0.61305 5.1248 5.7261 4.74439 4.79451 0.329275 5.32796 4.68537 0.612328 0.755166 4.41804 5.00552 4.92628 4.87107 5.09447 4.76593 0.438906 4.60153 4.46054 4.6946 5.30221 4.88273 5.05306 5.23999 5.12862 5.28345 4.58799 4.71723 4.78718 

--------------------------------------
Time: 36.0082
Split Ratios: 1 1 1 1 1 1 1 1 1 1 1 1 1 1 1 1 1 1 1 1 1 1 1 1 1 1 1 1 1 1 
Delays: 0.936835 0.938537 0.0101153 0.00574946 0.014162 0.015476 0.940838 0.00935112 0.0134925 0.939028 0.937111 0.0271341 0.0114667 0.0133789 0.0137925 0.012302 0.0136037 0.938849 0.0234158 0.0258602 0.0225113 0.00781493 0.00984278 0.0111631 0.00929934 0.00999006 0.00785929 0.0261077 0.0156301 0.0151964 
Throughputs: 1.49094 1.29434 1.96608 1.50733 1.72032 1.75309 1.49094 1.9497 1.58925 1.57286 1.96608 1.75309 1.85139 1.6384 1.76947 1.83501 1.67117 1.88416 1.68755 1.9497 1.70394 1.67117 1.6384 1.7367 2.27738 1.35987 1.60563 1.90054 1.81862 1.65478 
Utility: 0.464658 0.32143 5.26975 5.56899 4.79971 4.72984 0.460394 5.33993 4.76888 0.515808 0.740996 4.16834 5.08425 4.80779 4.85431 5.00504 4.81094 0.696583 4.27762 4.32272 4.32668 5.36524 5.11474 5.04713 5.50084 4.91356 5.31958 4.28767 4.75664 4.69036 

