--------------------------------------
Time: 5.50003
Split Ratios: 0.5 0.5 1 1 1 1 1 1 1 1 1 1 1 1 1 1 1 1 1 1 1 1 1 1 1 0.333333 0.333333 0.333333 0.5 0.5 1 0.5 0.5 1 1 
Delays: 0.024098 0.0153847 0.0191844 0.0207292 0.00932114 0.02662 0.00955431 0.0113309 0.0113873 0.0130754 0.0246131 0.0281345 0.00770661 0.0207607 0.00566194 0.0112353 0.0304161 0.0112177 0.00746148 0.0149247 0.00936932 0.00938169 0.016741 0.015449 0.0269268 0.0265977 0.0246607 0.0209071 0.0150328 0.00929034 
Throughputs: 0.835584 0.73728 1.03219 1.21242 0.884736 0.8192 0.999424 0.966656 1.16326 0.835584 0.753664 1.01581 1.16326 0.835584 1.17965 0.786432 0.884736 0.98304 1.04858 0.884736 0.802816 0.90112 0.688128 0.802816 0.98304 0.688128 1.01581 0.90112 0.770048 1.08134 
Utility: 3.546 3.8696 3.98534 4.06883 4.553 3.42667 4.65019 4.44631 4.62649 4.1574 3.42167 3.58644 5.01691 3.69507 5.33921 4.24844 3.37032 4.47316 4.94543 4.08227 4.45068 4.56488 3.71611 3.95058 3.59753 3.25315 3.71823 3.76355 3.93622 4.75699 

--------------------------------------
Time: 6.00099
Split Ratios: 0.973 0.027 1 1 1 1 1 1 1 1 1 1 1 1 1 1 1 1 1 1 1 1 1 1 1 0.042 0.9 0.058 0.027 0.973 1 0.038 0.962 1 1 
Delays: 0.0212831 0.0153468 0.0190183 0.0207373 0.00930124 0.0267255 0.00945082 0.0114872 0.011184 0.0131332 0.0246903 0.0282345 0.0078601 0.0209495 0.00558144 0.0113303 0.0308937 0.0112425 0.00740867 0.0149383 0.00945747 0.00930502 0.0167975 0.0154136 0.0305294 0.0265338 0.0245333 0.0209819 0.0152345 0.0092619 
Throughputs: 0.770048 0.966656 0.917504 0.73728 0.835584 0.720896 0.786432 0.98304 1.04858 0.966656 0.90112 1.17965 0.884736 0.966656 0.98304 0.786432 1.17965 0.966656 0.868352 0.884736 1.04858 0.802816 1.04858 0.98304 1.09773 0.90112 0.950272 0.999424 1.14688 0.770048 
Utility: 3.58854 4.14293 3.87626 3.57104 4.49798 3.29488 4.4214 4.44941 4.54071 4.2987 3.59723 3.73243 4.72349 3.83173 5.1712 4.24003 3.64242 4.45414 4.76395 4.08136 4.70838 4.45757 4.13396 4.1554 3.58231 3.52522 3.65672 3.86352 4.32124 4.42054 

--------------------------------------
Time: 6.50176
Split Ratios: 0.973 0.027 1 1 1 1 1 1 1 1 1 1 1 1 1 1 1 1 1 1 1 1 1 1 1 0.042 0.9 0.058 0.027 0.973 1 0.038 0.962 1 1 
Delays: 0.0210452 0.0151994 0.0191475 0.020725 0.00927427 0.0265534 0.00956075 0.0113175 0.011297 0.0130817 0.024631 0.028301 0.00767033 0.0208283 0.00554243 0.0112771 0.0307894 0.0112449 0.00741942 0.0148788 0.0094453 0.00930276 0.0168851 0.0152678 0.0312974 0.0269343 0.0245271 0.020938 0.0150864 0.00923967 
Throughputs: 0.917504 0.917504 1.24518 1.03219 0.73728 0.917504 1.09773 1.01581 0.999424 0.786432 0.950272 1.19603 0.950272 1.01581 1.04858 0.589824 0.868352 0.884736 0.90112 0.835584 0.8192 0.950272 0.851968 0.999424 1.01581 1.04858 1.04858 1.09773 0.966656 0.802816 
Utility: 3.77499 4.1004 4.17487 3.9081 4.37572 3.5425 4.74333 4.49709 4.48264 4.09629 3.65274 3.74387 4.81939 3.88713 5.24275 3.95705 3.33943 4.36538 4.79954 4.0282 4.46281 4.62644 3.92112 4.18144 3.4799 3.66179 3.75541 3.95943 4.16005 4.46462 

--------------------------------------
Time: 7.00291
Split Ratios: 0.973 0.027 1 1 1 1 1 1 1 1 1 1 1 1 1 1 1 1 1 1 1 1 1 1 1 0.042 0.9 0.058 0.027 0.973 1 0.038 0.962 1 1 
Delays: 0.0210306 0.0152222 0.019136 0.0211718 0.00930222 0.0266722 0.00954017 0.0114398 0.0114047 0.0130185 0.0246755 0.0284116 0.00762268 0.0208375 0.00556471 0.0113016 0.0305247 0.0112418 0.0074019 0.0149119 0.00934574 0.00929375 0.0167765 0.015365 0.0313921 0.0265805 0.0247533 0.0208891 0.01509 0.00927162 
Throughputs: 1.08134 0.90112 1.21242 0.966656 0.98304 0.802816 1.01581 1.09773 0.917504 0.802816 0.786432 1.09773 0.884736 1.04858 0.999424 0.835584 0.950272 0.966656 0.98304 0.8192 1.03219 0.802816 0.770048 0.999424 1.1305 1.11411 1.11411 0.835584 0.917504 0.999424 
Utility: 3.93998 4.08088 4.1488 3.82117 4.6604 3.4045 4.66793 4.5639 4.38763 4.12176 3.4617 3.6542 4.75416 3.91844 5.19073 4.30319 3.43821 4.4542 4.88891 4.00617 4.70452 4.45878 3.82647 4.17509 3.58386 3.73564 3.80685 3.6889 4.10762 4.68022 

--------------------------------------
Time: 7.50313
Split Ratios: 0.973 0.027 1 1 1 1 1 1 1 1 1 1 1 1 1 1 1 1 1 1 1 1 1 1 1 0.042 0.9 0.058 0.027 0.973 1 0.038 0.962 1 1 
Delays: 0.0208073 0.0154743 0.0192222 0.0207685 0.00927702 0.0267221 0.00958806 0.0113227 0.0112344 0.0130908 0.0244188 0.0280566 0.00767745 0.020923 0.00556411 0.0113347 0.0306314 0.0111809 0.00739392 0.0148958 0.00937215 0.00933892 0.0168365 0.0154488 0.0315143 0.0264457 0.0245091 0.0210752 0.0149727 0.00924645 
Throughputs: 0.753664 0.90112 0.966656 1.14688 0.98304 0.917504 0.999424 1.04858 0.835584 0.8192 0.884736 0.966656 0.999424 1.08134 0.770048 0.933888 0.884736 0.884736 0.868352 1.01581 0.802816 0.835584 0.950272 0.950272 1.21242 0.868352 0.90112 0.999424 0.917504 0.8192 
Utility: 3.58964 4.06446 3.91778 4.01136 4.66311 3.53617 4.64666 4.52838 4.30915 4.13642 3.58993 3.53962 4.86889 3.94511 4.93012 4.41149 3.36326 4.37108 4.76594 4.22236 4.45038 4.49394 4.0332 4.11922 3.64993 3.4915 3.6046 3.85908 4.11543 4.48409 

--------------------------------------
Time: 8.00315
Split Ratios: 0.973 0.027 1 1 1 1 1 1 1 1 1 1 1 1 1 1 1 1 1 1 1 1 1 1 1 0.042 0.9 0.058 0.027 0.973 1 0.038 0.962 1 1 
Delays: 0.0208893 0.0152535 0.019071 0.0206345 0.00926777 0.0266288 0.00969399 0.011278 0.0111711 0.0130805 0.0248722 0.0282718 0.00764844 0.020788 0.00560699 0.0113327 0.0306924 0.0112037 0.0073837 0.0148654 0.00934547 0.00923131 0.0167601 0.0152534 0.0306175 0.0264376 0.0244214 0.0213951 0.0150975 0.00924897 
Throughputs: 0.950272 1.03219 1.03219 1.01581 1.11411 0.90112 0.802816 0.90112 0.753664 0.770048 0.770048 0.950272 1.17965 0.917504 1.08134 0.884736 0.98304 0.917504 0.802816 0.884736 0.851968 0.884736 0.933888 0.933888 0.917504 1.08134 1.06496 0.8192 1.06496 0.720896 
Utility: 3.81751 4.21463 3.99127 3.89647 4.78927 3.52164 4.41662 4.38078 4.21161 4.07533 3.4327 3.51488 5.03847 3.78728 5.26195 4.3576 3.46664 4.40541 4.68885 4.08625 4.51266 4.56269 4.02036 4.11456 3.40008 3.71117 3.77523 3.64516 4.25616 4.35598 

--------------------------------------
Time: 8.50315
Split Ratios: 0.973 0.027 1 1 1 1 1 1 1 1 1 1 1 1 1 1 1 1 1 1 1 1 1 1 1 0.042 0.9 0.058 0.027 0.973 1 0.038 0.962 1 1 
Delays: 0.0209039 0.0151256 0.0190037 0.0206064 0.00931183 0.0267905 0.00974865 0.0112527 0.0112484 0.0129921 0.0247825 0.0280451 0.00762284 0.0206096 0.00558452 0.0112727 0.0306241 0.0111775 0.00745469 0.0149111 0.00951044 0.00929136 0.0168631 0.0151668 0.0312178 0.0265603 0.0244975 0.0207864 0.0151434 0.00924646 
Throughputs: 0.753664 0.8192 0.8192 0.868352 0.98304 0.770048 0.90112 0.98304 1.01581 0.8192 1.01581 0.950272 0.917504 1.03219 0.933888 0.917504 1.11411 0.999424 1.09773 0.786432 0.917504 0.98304 0.8192 0.868352 0.851968 0.950272 0.950272 1.09773 0.753664 0.950272 
Utility: 3.58501 3.99194 3.7637 3.741 4.65936 3.35841 4.52651 4.47004 4.50321 4.14398 3.7133 3.52294 4.79051 3.91368 5.11936 4.39928 3.59403 4.49327 4.99215 3.9654 4.56927 4.66156 3.8832 4.04749 3.30656 3.57733 3.65818 3.9667 3.90738 4.63251 

--------------------------------------
Time: 9.00334
Split Ratios: 0.973 0.027 1 1 1 1 1 1 1 1 1 1 1 1 1 1 1 1 1 1 1 1 1 1 1 0.042 0.9 0.058 0.027 0.973 1 0.038 0.962 1 1 
Delays: 0.0211943 0.0152448 0.018835 0.020832 0.00934642 0.0264476 0.0097422 0.011302 0.0112157 0.0131372 0.0251281 0.0283639 0.0081005 0.0206114 0.00558139 0.0113153 0.0308818 0.0112884 0.00740164 0.0148518 0.0094679 0.00930561 0.0167023 0.015472 0.0314953 0.0267108 0.0245163 0.0207678 0.015072 0.00927859 
Throughputs: 1.11411 0.851968 0.868352 0.720896 0.98304 0.770048 0.868352 1.01581 1.16326 0.90112 0.884736 1.19603 0.950272 1.04858 0.868352 0.835584 1.04858 0.868352 1.14688 0.868352 0.933888 0.884736 0.802816 0.884736 0.884736 1.17965 0.933888 0.8192 0.999424 0.966656 
Utility: 3.96208 4.02331 3.83088 3.54401 4.65566 3.37129 4.49013 4.49846 4.64167 4.22819 3.5613 3.74165 4.76482 3.92934 5.04716 4.30197 3.52502 4.34282 5.0431 4.06848 4.59145 4.55467 3.87258 4.04626 3.33545 3.7879 3.64002 3.67492 4.19434 4.64613 

--------------------------------------
Time: 9.50362
Split Ratios: 0.973 0.027 1 1 1 1 1 1 1 1 1 1 1 1 1 1 1 1 1 1 1 1 1 1 1 0.042 0.9 0.058 0.027 0.973 1 0.038 0.962 1 1 
Delays: 0.0212158 0.015311 0.0191751 0.0206237 0.00931962 0.0268304 0.00971539 0.0113773 0.0112968 0.0130231 0.0247688 0.0282855 0.00781585 0.020815 0.00553861 0.0113536 0.030709 0.0111649 0.00743486 0.0149264 0.00930795 0.00935688 0.0168117 0.0155749 0.0320789 0.026664 0.0246458 0.0208855 0.0150421 0.00925534 
Throughputs: 0.950272 0.8192 0.999424 0.851968 0.868352 0.917504 0.884736 0.802816 0.966656 0.884736 1.17965 1.03219 1.01581 1.29434 0.8192 0.884736 0.966656 0.835584 0.90112 0.753664 0.98304 0.917504 0.966656 0.966656 0.999424 0.851968 1.06496 0.98304 0.884736 0.753664 
Utility: 3.802 3.97976 3.95357 3.72111 4.53448 3.53212 4.51158 4.2565 4.44932 4.21857 3.86339 3.59709 4.86729 4.13008 4.99658 4.35575 3.44929 4.31535 4.79746 3.92181 4.65978 4.58555 4.05177 4.12818 3.43898 3.46423 3.76609 3.85159 4.07444 4.39975 

--------------------------------------
Time: 10.0038
Split Ratios: 0.973 0.027 1 1 1 1 1 1 1 1 1 1 1 1 1 1 1 1 1 1 1 1 1 1 1 0.042 0.9 0.058 0.027 0.973 1 0.038 0.962 1 1 
Delays: 0.021071 0.015144 0.0187958 0.0206769 0.00932749 0.026613 0.00952762 0.0112787 0.0113317 0.0130025 0.024674 0.028281 0.00779843 0.0206631 0.00557247 0.0111973 0.0306538 0.0112273 0.0074108 0.0148667 0.00943988 0.00927427 0.0167661 0.0151994 0.0313094 0.0266183 0.0243682 0.0208637 0.0151886 0.00924258 
Throughputs: 0.90112 0.933888 0.999424 0.917504 0.917504 0.802816 0.98304 1.16326 0.802816 0.835584 0.868352 1.03219 1.14688 0.950272 1.01581 0.65536 1.06496 0.884736 1.16326 0.851968 0.90112 0.98304 0.999424 0.8192 0.835584 0.90112 0.884736 0.950272 1.04858 1.04858 
Utility: 3.75574 4.12175 3.97355 3.79264 4.58869 3.40673 4.63646 4.63607 4.26052 4.16299 3.56085 3.59725 4.99088 3.8284 5.2056 4.06952 3.54794 4.36694 5.05605 4.04843 4.5587 4.66341 4.08782 3.98707 3.28421 3.52204 3.59201 3.81874 4.23464 4.73137 

--------------------------------------
Time: 10.504
Split Ratios: 0.973 0.027 1 1 1 1 1 1 1 1 1 1 1 1 1 1 1 1 1 1 1 1 1 1 1 0.042 0.9 0.058 0.027 0.973 1 0.038 0.962 1 1 
Delays: 0.0211301 0.0152517 0.0190846 0.020844 0.00934129 0.0264853 0.00961397 0.0114246 0.0112239 0.0130613 0.0245981 0.0283031 0.0078947 0.0208295 0.00561099 0.0112858 0.0305061 0.0112622 0.00745303 0.0149128 0.00935169 0.00939164 0.0168679 0.0151988 0.0316581 0.0262823 0.0244401 0.020855 0.0150463 0.00924498 
Throughputs: 0.884736 0.884736 1.03219 0.868352 0.868352 0.606208 0.90112 1.1305 1.17965 0.950272 0.868352 1.24518 0.868352 0.90112 1.1305 1.01581 0.950272 0.98304 1.08134 0.933888 0.704512 1.09773 1.21242 0.868352 1.08134 0.851968 0.90112 0.802816 0.999424 0.933888 
Utility: 3.73459 4.0606 3.99056 3.72953 4.53215 3.13063 4.54042 4.59464 4.65493 4.28709 3.56393 3.78407 4.70041 3.76727 5.30568 4.4999 3.43882 4.4692 4.97734 4.13713 4.32195 4.76118 4.27496 4.04538 3.53097 3.47865 3.60742 3.65053 4.19605 4.61528 

--------------------------------------
Time: 11.0041
Split Ratios: 0.973 0.027 1 1 1 1 1 1 1 1 1 1 1 1 1 1 1 1 1 1 1 1 1 1 1 0.042 0.9 0.058 0.027 0.973 1 0.038 0.962 1 1 
Delays: 0.0205676 0.0152164 0.0189047 0.0208521 0.00928802 0.0265498 0.00968306 0.0113624 0.0112646 0.0130199 0.0245566 0.0280678 0.00769747 0.0207901 0.00563004 0.0112502 0.0304503 0.0111892 0.00744311 0.0148014 0.00941677 0.00931476 0.0168275 0.0153496 0.0319999 0.0265294 0.0244399 0.0209637 0.015038 0.00923892 
Throughputs: 0.933888 0.884736 0.98304 0.8192 1.14688 0.884736 0.884736 0.917504 0.98304 0.933888 0.868352 1.01581 0.98304 0.933888 0.884736 1.03219 0.851968 0.835584 0.999424 0.851968 0.999424 0.90112 1.06496 1.09773 1.17965 0.770048 1.03219 0.753664 0.98304 0.90112 
Utility: 3.81564 4.06292 3.95124 3.67088 4.81607 3.50627 4.51491 4.39134 4.46899 4.27288 3.56561 3.58882 4.84976 3.80488 5.05717 4.51905 3.33145 4.31319 4.89989 4.05283 4.66469 4.57204 4.14768 4.26991 3.60724 3.3682 3.74322 3.58216 4.18007 4.58021 

--------------------------------------
Time: 11.5044
Split Ratios: 0.973 0.027 1 1 1 1 1 1 1 1 1 1 1 1 1 1 1 1 1 1 1 1 1 1 1 0.042 0.9 0.058 0.027 0.973 1 0.038 0.962 1 1 
Delays: 0.0213636 0.0152906 0.019033 0.0207944 0.00929868 0.0266287 0.00990087 0.011422 0.0113107 0.0130796 0.0246021 0.0281972 0.00785967 0.0209099 0.0055509 0.0113527 0.0307071 0.0112038 0.00742303 0.0149015 0.00935749 0.00936409 0.016797 0.0155701 0.0312785 0.0266802 0.0245735 0.0210469 0.0151198 0.00925122 
Throughputs: 1.06496 0.73728 0.999424 0.720896 0.90112 1.01581 1.1305 1.08134 0.90112 0.851968 0.98304 1.1305 1.08134 1.2288 0.770048 0.770048 0.98304 0.933888 0.720896 0.884736 0.770048 0.917504 0.770048 0.933888 0.8192 0.98304 1.01581 1.01581 1.08134 0.90112 
Utility: 3.909 3.87573 3.961 3.54581 4.57377 3.64145 4.73779 4.55042 4.37789 4.17649 3.68782 3.69119 4.92422 4.07357 4.93249 4.21699 3.46615 4.42311 4.57591 4.08383 4.41028 4.58477 3.82525 4.09401 3.2654 3.60673 3.72177 3.87668 4.26995 4.57888 

--------------------------------------
Time: 12.0047
Split Ratios: 0.973 0.027 1 1 1 1 1 1 1 1 1 1 1 1 1 1 1 1 1 1 1 1 1 1 1 0.042 0.9 0.058 0.027 0.973 1 0.038 0.962 1 1 
Delays: 0.020956 0.0152852 0.0192046 0.020747 0.00927171 0.0268297 0.00953464 0.0113409 0.0112664 0.0131545 0.024585 0.0283535 0.00780023 0.0208469 0.00561036 0.0112522 0.0303389 0.0111484 0.00741302 0.0148229 0.00951308 0.00929253 0.016836 0.0152472 0.0321056 0.0267109 0.0245761 0.0209036 0.0150249 0.00925994 
Throughputs: 0.98304 0.884736 0.999424 0.933888 0.999424 0.8192 0.868352 0.999424 1.1305 0.753664 0.98304 1.19603 0.950272 1.08134 1.27795 0.786432 0.999424 0.917504 0.884736 0.835584 0.851968 0.884736 0.933888 0.835584 0.98304 1.03219 1.06496 1.03219 1.09773 0.90112 
Utility: 3.84822 4.05841 3.95203 3.80695 4.68021 3.41882 4.51167 4.47876 4.60858 4.04818 3.68852 3.74202 4.8026 3.94876 5.4284 4.24694 3.49475 4.41036 4.78205 4.03196 4.49488 4.55608 4.01584 4.00374 3.42162 3.65437 3.76892 3.89952 4.29129 4.57794 

--------------------------------------
Time: 12.5047
Split Ratios: 0.973 0.027 1 1 1 1 1 1 1 1 1 1 1 1 1 1 1 1 1 1 1 1 1 1 1 0.042 0.9 0.058 0.027 0.973 1 0.038 0.962 1 1 
Delays: 0.0212709 0.0152534 0.0190203 0.0207037 0.00929815 0.026619 0.00961034 0.011349 0.0112741 0.0130609 0.0245999 0.0282011 0.0077483 0.0208884 0.00560398 0.0113197 0.0306302 0.0112255 0.00741762 0.0149736 0.00938673 0.00936798 0.0166944 0.0153847 0.0306835 0.027041 0.0247078 0.0210668 0.0152263 0.00927094 
Throughputs: 0.851968 0.8192 0.917504 0.851968 1.04858 0.868352 0.8192 0.917504 1.14688 0.622592 0.966656 0.98304 0.98304 0.917504 1.14688 0.753664 1.19603 0.950272 0.966656 0.966656 0.950272 1.03219 0.933888 0.786432 1.17965 1.29434 0.786432 0.933888 0.999424 1.11411 
Utility: 3.69021 3.98352 3.87615 3.71724 4.72537 3.48497 4.44549 4.39253 4.6223 3.86427 3.6711 3.55129 4.84318 3.78246 5.32132 4.1984 3.66478 4.43856 4.86998 4.16755 4.61745 4.70214 4.02428 3.93413 3.64925 3.8684 3.46039 3.79166 4.18416 4.78893 

--------------------------------------
Time: 13.0049
Split Ratios: 0.973 0.027 1 1 1 1 1 1 1 1 1 1 1 1 1 1 1 1 1 1 1 1 1 1 1 0.042 0.9 0.058 0.027 0.973 1 0.038 0.962 1 1 
Delays: 0.0212124 0.0153014 0.0189896 0.0207147 0.00935281 0.0267701 0.00968846 0.0112984 0.0112607 0.0131312 0.0245561 0.0282676 0.00784036 0.020968 0.00556702 0.011245 0.0304878 0.011259 0.00742321 0.0149138 0.00935207 0.00934366 0.0167496 0.0153142 0.0318137 0.0270407 0.0247012 0.0211032 0.0152366 0.00928149 
Throughputs: 0.802816 0.933888 0.933888 0.73728 0.933888 0.917504 0.966656 1.06496 1.1305 0.720896 0.802816 1.01581 0.966656 0.868352 1.24518 0.786432 1.14688 0.802816 0.835584 0.933888 0.704512 1.08134 0.786432 1.08134 1.17965 1.06496 1.04858 1.29434 0.868352 0.835584 
Utility: 3.63354 4.11141 3.89546 3.57213 4.60368 3.53437 4.60291 4.54604 4.60909 4.0055 3.48717 3.58172 4.81456 3.7236 5.41018 4.24758 3.62747 4.26696 4.72352 4.13707 4.32191 4.75126 3.84913 4.25718 3.61308 3.67335 3.74834 4.11633 4.0429 4.50011 

--------------------------------------
Time: 13.5062
Split Ratios: 0.973 0.027 1 1 1 1 1 1 1 1 1 1 1 1 1 1 1 1 1 1 1 1 1 1 1 0.042 0.9 0.058 0.027 0.973 1 0.038 0.962 1 1 
Delays: 0.0208575 0.0153092 0.0191059 0.0207346 0.00932447 0.0267811 0.00958986 0.0113943 0.0112555 0.0130449 0.024562 0.0285489 0.00787072 0.0208146 0.00561998 0.0112921 0.0307013 0.0112393 0.00744975 0.0149193 0.0094629 0.00933122 0.0167267 0.0154617 0.0314506 0.0265006 0.0245886 0.0210067 0.0150104 0.00923231 
Throughputs: 0.90112 0.90112 1.21242 1.04858 0.835584 1.03219 0.802816 0.966656 1.16326 0.8192 0.8192 0.98304 1.19603 0.950272 1.06496 0.98304 0.966656 0.753664 0.622592 0.966656 1.01581 0.933888 0.753664 0.950272 0.933888 1.01581 1.16326 0.950272 0.98304 0.802816 
Utility: 3.76593 4.07518 4.15037 3.92338 4.49549 3.65174 4.42742 4.44073 4.63812 4.13993 3.50713 3.53903 5.02362 3.82109 5.24436 4.46655 3.44954 4.20553 4.42571 4.17119 4.67606 4.60599 3.80794 4.11838 3.39094 3.64627 3.8567 3.81191 4.1819 4.46542 

--------------------------------------
Time: 14.0065
Split Ratios: 0.973 0.027 1 1 1 1 1 1 1 1 1 1 1 1 1 1 1 1 1 1 1 1 1 1 1 0.042 0.9 0.058 0.027 0.973 1 0.038 0.962 1 1 
Delays: 0.0210383 0.0152845 0.0194478 0.0207129 0.00934081 0.0266694 0.00978432 0.0114949 0.0112188 0.0130554 0.0244091 0.0284727 0.00753433 0.0207178 0.00562184 0.0112293 0.0306331 0.0111947 0.00738612 0.0148676 0.00936467 0.00929188 0.0167675 0.0151216 0.0308318 0.026843 0.0244334 0.0212031 0.0150796 0.00924335 
Throughputs: 0.868352 0.966656 1.04858 1.04858 1.09773 0.753664 1.04858 1.06496 1.06496 0.786432 0.835584 1.04858 0.917504 0.589824 1.2288 0.753664 0.90112 0.917504 0.851968 0.8192 0.868352 1.17965 0.720896 0.770048 1.06496 0.884736 1.11411 0.966656 0.802816 0.73728 
Utility: 3.72025 4.147 3.98746 3.92443 4.76661 3.34143 4.67441 4.52879 4.5531 4.0983 3.53317 3.60624 4.80219 3.34883 5.38713 4.20642 3.38156 4.40622 4.74795 4.00914 4.52965 4.84383 3.76105 3.93033 3.54215 3.49529 3.81986 3.81969 3.97479 4.37906 

--------------------------------------
Time: 14.5066
Split Ratios: 0.973 0.027 1 1 1 1 1 1 1 1 1 1 1 1 1 1 1 1 1 1 1 1 1 1 1 0.042 0.9 0.058 0.027 0.973 1 0.038 0.962 1 1 
Delays: 0.0210237 0.0151708 0.0188996 0.0206834 0.00937825 0.026532 0.00955064 0.0112178 0.0112246 0.0129747 0.0245685 0.0282868 0.00775432 0.0206804 0.00556604 0.0112585 0.0305895 0.0112039 0.00740692 0.0148948 0.00943346 0.00928267 0.0167142 0.0151512 0.0314235 0.0266991 0.0243938 0.0208851 0.015238 0.00923267 
Throughputs: 1.04858 0.720896 0.966656 0.917504 0.868352 0.671744 0.950272 0.917504 0.933888 0.688128 1.08134 1.11411 0.90112 0.90112 0.933888 0.770048 0.950272 0.933888 0.999424 0.868352 1.17965 0.753664 0.770048 0.884736 1.04858 0.770048 0.884736 1.08134 0.753664 0.884736 
Utility: 3.90954 3.86113 3.9347 3.79232 4.5282 3.23153 4.60014 4.40416 4.42125 3.97097 3.7845 3.67342 4.75539 3.77445 5.12267 4.22533 3.43609 4.4231 4.90476 4.06558 4.82871 4.3968 3.8302 4.06721 3.50763 3.36182 3.59096 3.94692 3.90116 4.56254 

--------------------------------------
Time: 15.0067
Split Ratios: 0.973 0.027 1 1 1 1 1 1 1 1 1 1 1 1 1 1 1 1 1 1 1 1 1 1 1 0.042 0.9 0.058 0.027 0.973 1 0.038 0.962 1 1 
Delays: 0.0213809 0.0151495 0.0190436 0.0206467 0.00933435 0.0266019 0.00947265 0.0114291 0.0111669 0.0129733 0.0246574 0.0282535 0.00781339 0.0206416 0.00558093 0.0113636 0.0305521 0.0112107 0.00740558 0.0148991 0.00936971 0.00932261 0.0167679 0.0154127 0.0313936 0.0264643 0.0243812 0.0208832 0.0151047 0.00924293 
Throughputs: 0.917504 0.704512 1.14688 0.8192 0.884736 1.03219 0.835584 0.999424 0.851968 0.73728 0.884736 1.09773 0.73728 0.884736 1.11411 0.786432 0.90112 0.90112 0.950272 0.835584 0.835584 0.786432 0.884736 1.11411 0.802816 1.04858 1.04858 1.03219 1.08134 0.950272 
Utility: 3.75916 3.83954 4.09807 3.68077 4.55159 3.65846 4.47972 4.47102 4.33459 4.04008 3.58021 3.65978 4.54713 3.75798 5.29646 4.23709 3.3842 4.38677 4.85452 4.02683 4.49065 4.43506 3.96582 4.28062 3.24152 3.67939 3.76138 3.90049 4.27096 4.63289 

--------------------------------------
Time: 15.5069
Split Ratios: 0.973 0.027 1 1 1 1 1 1 1 1 1 1 1 1 1 1 1 1 1 1 1 1 1 1 1 0.042 0.9 0.058 0.027 0.973 1 0.038 0.962 1 1 
Delays: 0.0208358 0.0152911 0.0190719 0.0207895 0.00930522 0.0269387 0.0096847 0.011284 0.011364 0.0129792 0.0248893 0.0281736 0.00781986 0.0208675 0.00558913 0.0114333 0.0306941 0.0112782 0.00741601 0.0150208 0.00945358 0.00933625 0.016771 0.0157063 0.0313485 0.0266226 0.024594 0.0212324 0.0150607 0.00925835 
Throughputs: 0.950272 0.720896 1.08134 0.753664 0.917504 1.09773 0.786432 1.11411 0.851968 0.671744 0.933888 0.950272 1.2288 1.11411 0.933888 0.966656 1.21242 1.16326 0.933888 0.90112 1.03219 0.868352 0.770048 1.03219 0.98304 0.933888 0.98304 1.27795 0.917504 0.884736 
Utility: 3.82008 3.85322 4.03775 3.5905 4.59108 3.70743 4.39696 4.59243 4.3171 3.94653 3.62492 3.51836 5.05713 3.97762 5.11853 4.43731 3.6763 4.63612 4.83572 4.0942 4.69305 4.53269 3.8268 4.18538 3.44548 3.5576 3.68815 4.09749 4.10957 4.55976 

--------------------------------------
Time: 16.0071
Split Ratios: 0.973 0.027 1 1 1 1 1 1 1 1 1 1 1 1 1 1 1 1 1 1 1 1 1 1 1 0.042 0.9 0.058 0.027 0.973 1 0.038 0.962 1 1 
Delays: 0.0208141 0.0152351 0.0189496 0.020736 0.00929672 0.026895 0.0096199 0.0112473 0.01122 0.0130869 0.0247239 0.0282239 0.00770482 0.0207235 0.00555223 0.0113524 0.0306374 0.0111955 0.00740197 0.0148999 0.00934784 0.00937851 0.0167698 0.015331 0.031879 0.0264777 0.0245489 0.0210062 0.015209 0.00925963 
Throughputs: 1.09773 0.802816 0.868352 0.98304 1.01581 0.90112 0.884736 0.98304 0.98304 0.950272 0.917504 1.08134 0.950272 0.966656 0.90112 0.851968 0.933888 0.786432 0.966656 1.04858 0.835584 1.06496 1.01581 0.999424 0.835584 0.98304 0.950272 1.11411 0.999424 0.90112 
Utility: 3.96537 3.96453 3.82481 3.85878 4.69378 3.5117 4.52146 4.47052 4.47295 4.28513 3.61389 3.64579 4.8149 3.84258 5.08944 4.31812 3.41714 4.252 4.8721 4.25383 4.49299 4.73227 4.10386 4.17731 3.26618 3.61435 3.65608 3.97099 4.18529 4.57797 

--------------------------------------
Time: 16.5072
Split Ratios: 0.973 0.027 1 1 1 1 1 1 1 1 1 1 1 1 1 1 1 1 1 1 1 1 1 1 1 0.042 0.9 0.058 0.027 0.973 1 0.038 0.962 1 1 
Delays: 0.0206493 0.0154913 0.0188164 0.0207511 0.00930911 0.0267326 0.0095798 0.0112923 0.0112167 0.0130109 0.0247631 0.0280215 0.00775265 0.0206147 0.00555712 0.011349 0.030467 0.0111776 0.00742091 0.0149068 0.00939139 0.00925666 0.0167686 0.0152323 0.031398 0.0266345 0.0245397 0.0211552 0.0150285 0.00922418 
Throughputs: 0.999424 0.999424 1.03219 1.14688 1.01581 1.11411 0.950272 0.933888 0.868352 0.770048 0.8192 0.966656 1.11411 0.950272 0.933888 0.90112 0.950272 0.917504 1.24518 0.90112 0.933888 0.8192 0.753664 0.835584 0.999424 0.917504 0.90112 0.98304 0.950272 0.868352 
Utility: 3.8795 4.1669 4.00471 4.0122 4.69245 3.72993 4.59709 4.41524 4.3492 4.08067 3.49897 3.54087 4.96778 3.83074 5.12428 4.37451 3.4401 4.40775 5.12274 4.10182 4.59956 4.48298 3.80544 4.00471 3.46044 3.53945 3.60335 3.83877 4.1468 4.54477 

--------------------------------------
Time: 17.0072
Split Ratios: 0.973 0.027 1 1 1 1 1 1 1 1 1 1 1 1 1 1 1 1 1 1 1 1 1 1 1 0.042 0.9 0.058 0.027 0.973 1 0.038 0.962 1 1 
Delays: 0.0208495 0.0152709 0.0192871 0.0209705 0.00926459 0.0268504 0.00943387 0.0114319 0.0111974 0.0131039 0.0247091 0.0284401 0.00770784 0.0210032 0.00558563 0.0113696 0.030749 0.0111732 0.00743558 0.0148508 0.00939988 0.00928209 0.016831 0.0154896 0.0320389 0.0267335 0.0247078 0.0211156 0.0151319 0.0092428 
Throughputs: 1.11411 0.835584 0.966656 0.966656 1.03219 1.09773 0.704512 1.08134 0.999424 0.835584 0.868352 0.966656 0.999424 0.950272 1.21242 0.73728 1.06496 0.851968 0.90112 0.835584 0.950272 0.802816 1.01581 0.884736 1.17965 1.03219 1.09773 0.98304 1.08134 0.851968 
Utility: 3.97848 4.00219 3.91441 3.83072 4.71324 3.71072 4.3132 4.54955 4.4915 4.15522 3.55942 3.52604 4.86494 3.81207 5.38017 4.17202 3.54483 4.33403 4.79736 4.03007 4.61605 4.46004 4.10021 4.04512 3.60602 3.65352 3.79388 3.84064 4.26915 4.5237 

--------------------------------------
Time: 17.5077
Split Ratios: 0.973 0.027 1 1 1 1 1 1 1 1 1 1 1 1 1 1 1 1 1 1 1 1 1 1 1 0.042 0.9 0.058 0.027 0.973 1 0.038 0.962 1 1 
Delays: 0.0209247 0.0152675 0.0191011 0.0208158 0.00929691 0.0270427 0.00960574 0.0113772 0.0112975 0.0130332 0.0248773 0.0282465 0.00781817 0.0208481 0.00558587 0.0114182 0.0308241 0.0111736 0.00739535 0.0148332 0.00937202 0.00941582 0.0167542 0.0153292 0.0321653 0.026425 0.0242531 0.0209609 0.0151328 0.00923555 
Throughputs: 0.917504 0.966656 0.999424 0.786432 0.868352 0.786432 0.770048 1.03219 0.933888 0.851968 0.999424 1.11411 0.851968 0.802816 1.14688 0.851968 1.04858 0.802816 0.835584 0.999424 0.8192 1.08134 1.1305 0.933888 1.1305 0.90112 0.884736 0.868352 1.01581 0.835584 
Utility: 3.78073 4.14812 3.95744 3.63179 4.53692 3.37009 4.38409 4.50783 4.41478 4.18005 3.69322 3.67484 4.6911 3.65086 5.32456 4.31234 3.52689 4.27457 4.72728 4.21031 4.4706 4.74357 4.21176 4.1096 3.55952 3.52933 3.59675 3.72394 4.20658 4.50507 

--------------------------------------
Time: 18.0078
Split Ratios: 0.973 0.027 1 1 1 1 1 1 1 1 1 1 1 1 1 1 1 1 1 1 1 1 1 1 1 0.042 0.9 0.058 0.027 0.973 1 0.038 0.962 1 1 
Delays: 0.0210955 0.0152675 0.0191722 0.0209961 0.0092752 0.0268125 0.00986504 0.0113823 0.0111966 0.0130486 0.0247 0.0283158 0.00781595 0.0204886 0.00558013 0.0113084 0.0306879 0.0111781 0.00742724 0.0149441 0.00941537 0.00927613 0.0167073 0.0153424 0.0310581 0.0266293 0.0242695 0.0214687 0.0149759 0.00927444 
Throughputs: 0.786432 0.786432 0.933888 0.90112 0.999424 0.98304 1.03219 0.999424 0.950272 0.868352 0.8192 1.16326 1.08134 0.802816 0.835584 1.01581 1.16326 0.802816 0.966656 1.06496 0.884736 0.835584 0.8192 0.868352 0.966656 0.999424 0.802816 1.03219 0.8192 0.950272 
Utility: 3.61845 3.94178 3.88589 3.7593 4.67984 3.60178 4.65044 4.47512 4.44114 4.19792 3.50152 3.71556 4.92979 3.66826 5.00892 4.49789 3.63512 4.27417 4.86869 4.26637 4.54295 4.50069 3.89248 4.03598 3.43798 3.62517 3.49891 3.87285 4.00189 4.62949 

--------------------------------------
Time: 18.5081
Split Ratios: 0.973 0.027 1 1 1 1 1 1 1 1 1 1 1 1 1 1 1 1 1 1 1 1 1 1 1 0.042 0.9 0.058 0.027 0.973 1 0.038 0.962 1 1 
Delays: 0.0212767 0.0152057 0.0188714 0.0206713 0.00947641 0.0266154 0.0095699 0.0113422 0.0113059 0.0130948 0.0246055 0.0283991 0.00769275 0.0207607 0.00557063 0.0112366 0.0304085 0.0112569 0.00742191 0.0149586 0.00939405 0.00932364 0.0167817 0.0152674 0.0317735 0.026587 0.0245164 0.0211396 0.0150699 0.00926939 
Throughputs: 1.08134 1.01581 1.03219 0.884736 0.966656 0.835584 0.98304 0.98304 0.786432 1.01581 0.884736 0.933888 0.770048 0.999424 1.04858 0.786432 1.01581 0.933888 0.802816 0.98304 0.835584 1.2288 0.950272 0.90112 0.868352 0.950272 0.851968 1.17965 0.884736 0.98304 
Utility: 3.92835 4.20177 4.00179 3.75654 4.62504 3.44664 4.63203 4.46212 4.24218 4.35122 3.58232 3.493 4.60617 3.87412 5.23768 4.24833 3.50872 4.41837 4.68369 4.18536 4.48805 4.88124 4.03646 4.07792 3.30796 3.57633 3.54821 4.02182 4.07259 4.66393 

--------------------------------------
Time: 19.0084
Split Ratios: 0.973 0.027 1 1 1 1 1 1 1 1 1 1 1 1 1 1 1 1 1 1 1 1 1 1 1 0.042 0.9 0.058 0.027 0.973 1 0.038 0.962 1 1 
Delays: 0.0210203 0.015186 0.0190361 0.0208284 0.00931297 0.0267082 0.00959482 0.0112371 0.0112398 0.0130822 0.0245513 0.0282532 0.00767722 0.0210031 0.00559453 0.0114095 0.0306149 0.011204 0.00739156 0.0148538 0.00939415 0.0092496 0.0167209 0.0151988 0.0313128 0.026686 0.0246579 0.0210967 0.0149288 0.00926197 
Throughputs: 0.917504 0.966656 1.14688 0.90112 1.03219 0.73728 0.802816 0.950272 1.03219 0.868352 0.966656 0.950272 0.933888 0.802816 1.08134 0.966656 0.98304 0.720896 0.786432 0.917504 1.1305 0.835584 0.917504 0.835584 1.01581 0.90112 1.17965 1.04858 1.06496 1.01581 
Utility: 3.77617 4.15347 4.09846 3.76732 4.70803 3.318 4.4269 4.43753 4.51998 4.19534 3.67308 3.51554 4.8011 3.64346 5.26417 4.4394 3.46916 4.16423 4.66717 4.1234 4.79032 4.50355 4.005 4.00692 3.47941 3.5195 3.86787 3.90607 4.2674 4.69752 

--------------------------------------
Time: 19.5085
Split Ratios: 0.973 0.027 1 1 1 1 1 1 1 1 1 1 1 1 1 1 1 1 1 1 1 1 1 1 1 0.042 0.9 0.058 0.027 0.973 1 0.038 0.962 1 1 
Delays: 0.0208564 0.0151122 0.0188831 0.0206698 0.00931951 0.0266539 0.009529 0.0113392 0.0111978 0.0131244 0.0246015 0.0283315 0.00764788 0.0205528 0.00554952 0.0113346 0.0303828 0.0112634 0.00740402 0.0148793 0.00944119 0.00948639 0.0166856 0.0151608 0.031756 0.0265445 0.0243104 0.0208001 0.0150149 0.009216 
Throughputs: 0.868352 0.835584 0.851968 0.98304 0.720896 0.950272 0.835584 1.24518 1.01581 0.802816 0.753664 0.950272 0.884736 1.04858 1.03219 0.868352 1.04858 0.786432 1.03219 0.999424 0.90112 0.950272 0.835584 1.16326 0.851968 0.966656 0.90112 1.09773 1.04858 0.802816 
Utility: 3.72894 4.01263 3.80928 3.86197 4.34838 3.57381 4.47379 4.69877 4.50772 4.11365 3.42214 3.51277 4.75086 3.93219 5.22573 4.33874 3.54131 4.24594 4.93742 4.20721 4.55856 4.60689 3.91358 4.34027 3.28947 3.59502 3.61273 3.96604 4.24615 4.46718 

--------------------------------------
Time: 20.0089
Split Ratios: 0.973 0.027 1 1 1 1 1 1 1 1 1 1 1 1 1 1 1 1 1 1 1 1 1 1 1 0.042 0.9 0.058 0.027 0.973 1 0.038 0.962 1 1 
Delays: 0.0208899 0.0152819 0.0190968 0.0209241 0.00931041 0.0267612 0.00964102 0.0113934 0.0113995 0.0129482 0.0248001 0.0283754 0.00797623 0.0208593 0.00558916 0.0113029 0.0307017 0.0111898 0.00742594 0.014844 0.00943073 0.00927185 0.0168948 0.0155023 0.0318698 0.0267064 0.0246205 0.0209532 0.0151009 0.00927802 
Throughputs: 0.835584 0.753664 0.917504 0.802816 0.90112 0.966656 1.17965 0.917504 1.03219 0.835584 0.917504 1.08134 1.04858 1.24518 1.08134 1.17965 1.08134 0.917504 1.11411 0.770048 0.950272 0.868352 0.90112 1.11411 0.884736 0.98304 0.966656 1.04858 0.966656 0.851968 
Utility: 3.68886 3.89828 3.87214 3.64722 4.57251 3.58689 4.80694 4.38862 4.50587 4.16717 3.61081 3.64044 4.87872 4.08924 5.26513 4.64792 3.56164 4.40665 5.01083 3.94886 4.61277 4.53961 3.97663 4.27482 3.32363 3.60575 3.67026 3.9129 4.15909 4.5199 

--------------------------------------
Time: 20.5095
Split Ratios: 0.973 0.027 1 1 1 1 1 1 1 1 1 1 1 1 1 1 1 1 1 1 1 1 1 1 1 0.042 0.9 0.058 0.027 0.973 1 0.038 0.962 1 1 
Delays: 0.0211421 0.0153363 0.0190273 0.0209172 0.00940185 0.0267991 0.00960289 0.0115247 0.011293 0.0130031 0.0246303 0.0282365 0.00764524 0.0208444 0.00559658 0.0114055 0.0308371 0.0111332 0.00740453 0.0149824 0.00941012 0.00928513 0.0168209 0.0154019 0.0315282 0.0267151 0.0244641 0.0212437 0.0154542 0.00925549 
Throughputs: 0.786432 1.01581 1.11411 0.868352 0.753664 0.933888 0.835584 0.999424 1.16326 0.851968 0.966656 1.09773 0.98304 1.1305 1.03219 1.01581 1.09773 1.01581 1.06496 0.90112 0.786432 0.753664 1.03219 0.950272 1.14688 1.17965 0.917504 0.851968 0.950272 0.966656 
Utility: 3.61624 4.19321 4.06994 3.72603 4.38404 3.55099 4.46607 4.46269 4.6348 4.18236 3.66987 3.66038 4.85657 3.99332 5.21728 4.48934 3.57228 4.51351 4.9686 4.09676 4.42572 4.39653 4.11682 4.12226 3.59392 3.78774 3.62445 3.69149 4.11887 4.64863 

--------------------------------------
Time: 21.0096
Split Ratios: 0.973 0.027 1 1 1 1 1 1 1 1 1 1 1 1 1 1 1 1 1 1 1 1 1 1 1 0.042 0.9 0.058 0.027 0.973 1 0.038 0.962 1 1 
Delays: 0.02098 0.0152604 0.0193274 0.020775 0.00931986 0.0267864 0.00955027 0.0114571 0.01126 0.0129601 0.0245633 0.0280844 0.0078095 0.0207166 0.00559009 0.0113353 0.0304457 0.0111854 0.00741113 0.0148481 0.00934797 0.00933293 0.01676 0.0152349 0.0312305 0.0264889 0.0244726 0.0212173 0.0153837 0.00923906 
Throughputs: 0.966656 0.720896 1.09773 1.27795 0.884736 0.933888 0.950272 0.917504 0.868352 0.802816 0.966656 1.04858 1.1305 0.786432 1.11411 0.933888 0.786432 0.802816 0.98304 0.802816 0.753664 0.802816 0.950272 0.802816 1.01581 1.16326 0.606208 0.98304 0.884736 0.786432 
Utility: 3.83027 3.85523 4.03947 4.11926 4.55314 3.55146 4.60018 4.38304 4.34534 4.12625 3.67259 3.61997 4.97507 3.63657 5.29482 4.41143 3.25156 4.27352 4.88767 3.99026 4.38979 4.45458 4.03775 3.96454 3.48205 3.78226 3.20967 3.83583 4.05198 4.44407 

--------------------------------------
Time: 21.5096
Split Ratios: 0.973 0.027 1 1 1 1 1 1 1 1 1 1 1 1 1 1 1 1 1 1 1 1 1 1 1 0.042 0.9 0.058 0.027 0.973 1 0.038 0.962 1 1 
Delays: 0.0209456 0.0152466 0.0188342 0.0205854 0.00933547 0.0266714 0.00957588 0.0113666 0.0113204 0.0129955 0.0247891 0.0282434 0.00777559 0.0207868 0.00556778 0.011218 0.0303388 0.0111952 0.00740815 0.0150493 0.00935316 0.00931056 0.016893 0.0153136 0.0310079 0.026557 0.0244426 0.0209935 0.0149962 0.00927496 
Throughputs: 0.917504 0.868352 0.802816 0.8192 0.98304 1.06496 0.950272 0.966656 1.08134 0.704512 1.09773 0.933888 0.966656 1.21242 1.26157 0.851968 0.8192 0.933888 0.966656 0.98304 0.851968 1.01581 0.802816 1.01581 0.8192 1.03219 0.868352 1.06496 0.8192 0.73728 
Utility: 3.77973 4.04224 3.75245 3.68375 4.65683 3.6871 4.5975 4.44316 4.55936 3.9929 3.79059 3.4985 4.82285 4.06605 5.42311 4.33003 3.2959 4.42387 4.87126 4.17932 4.51183 4.69229 3.86122 4.1947 3.27409 3.66015 3.57027 3.92648 4.00053 4.37565 

--------------------------------------
Time: 22.0098
Split Ratios: 0.973 0.027 1 1 1 1 1 1 1 1 1 1 1 1 1 1 1 1 1 1 1 1 1 1 1 0.042 0.9 0.058 0.027 0.973 1 0.038 0.962 1 1 
Delays: 0.020894 0.0154682 0.0189044 0.0206984 0.0093 0.0269074 0.00959292 0.0114155 0.0113584 0.013138 0.0245715 0.0280742 0.0076412 0.0207925 0.00558753 0.0114573 0.0304525 0.0112167 0.00740277 0.0148969 0.00942154 0.00929015 0.0168073 0.0154577 0.0311306 0.0265281 0.0245116 0.0211299 0.0151204 0.00928511 
Throughputs: 0.704512 0.90112 0.98304 1.1305 0.884736 0.90112 1.1305 0.950272 0.835584 0.802816 0.802816 0.90112 0.802816 0.98304 1.14688 0.917504 0.90112 0.851968 0.90112 0.868352 0.90112 0.786432 0.8192 1.01581 1.09773 0.8192 0.933888 0.884736 0.966656 0.98304 
Utility: 3.51804 4.06485 3.95126 4.00035 4.55527 3.51124 4.76939 4.42178 4.29818 4.11262 3.48654 3.46879 4.65457 3.85606 5.32426 4.38303 3.38747 4.33014 4.80178 4.06544 4.56064 4.43855 3.88652 4.18533 3.56281 3.43012 3.64021 3.7346 4.1578 4.66224 

--------------------------------------
Time: 22.51
Split Ratios: 0.973 0.027 1 1 1 1 1 1 1 1 1 1 1 1 1 1 1 1 1 1 1 1 1 1 1 0.042 0.9 0.058 0.027 0.973 1 0.038 0.962 1 1 
Delays: 0.0208013 0.0152726 0.0190269 0.0207353 0.00935612 0.026813 0.00956784 0.0113596 0.0113339 0.0130877 0.0245646 0.0283933 0.00793972 0.0208645 0.00556641 0.0112066 0.0305957 0.0112963 0.00741724 0.0148539 0.00939419 0.00929064 0.0168066 0.0153307 0.0325319 0.0271834 0.0246464 0.0210308 0.0150638 0.0092499 
Throughputs: 0.884736 0.90112 0.933888 0.966656 0.999424 0.999424 0.966656 0.933888 1.14688 0.917504 0.73728 1.19603 1.17965 0.966656 0.868352 0.770048 1.08134 0.884736 1.01581 0.884736 1.01581 0.8192 0.786432 1.06496 1.04858 1.06496 1.14688 0.835584 0.884736 0.851968 
Utility: 3.75027 4.07757 3.8935 3.842 4.67115 3.61829 4.61544 4.4093 4.617 4.24998 3.40166 3.74061 5.00109 3.83579 5.04985 4.22995 3.5651 4.36081 4.91963 4.08702 4.68335 4.47932 3.84573 4.24084 3.47297 3.66808 3.84017 3.68214 4.07299 4.52294 

--------------------------------------
Time: 23.01
Split Ratios: 0.973 0.027 1 1 1 1 1 1 1 1 1 1 1 1 1 1 1 1 1 1 1 1 1 1 1 0.042 0.9 0.058 0.027 0.973 1 0.038 0.962 1 1 
Delays: 0.0208493 0.0153875 0.0191329 0.0208636 0.00928461 0.0267094 0.00955185 0.0114808 0.0112167 0.0130314 0.0247542 0.0281608 0.00769683 0.0207823 0.00558238 0.0113267 0.0306404 0.0111873 0.0073956 0.0149226 0.00932668 0.0093889 0.0168115 0.0153862 0.0311766 0.0266493 0.0245385 0.0209718 0.0150577 0.00924835 
Throughputs: 0.98304 0.933888 1.01581 1.03219 1.21242 0.704512 0.8192 0.98304 0.884736 0.704512 0.90112 1.16326 0.802816 0.966656 0.917504 1.01581 1.26157 0.704512 0.966656 1.06496 0.704512 0.802816 0.950272 0.884736 1.19603 1.11411 0.90112 1.03219 0.770048 0.98304 
Utility: 3.85333 4.1058 3.97203 3.90144 4.87201 3.27249 4.45159 4.44997 4.36789 3.99014 3.59464 3.72105 4.64732 3.83974 5.10204 4.49628 3.71779 4.14273 4.87296 4.26782 4.32463 4.4486 4.03469 4.05182 3.6471 3.73305 3.6034 3.89626 3.93456 4.6662 

--------------------------------------
Time: 23.5102
Split Ratios: 0.973 0.027 1 1 1 1 1 1 1 1 1 1 1 1 1 1 1 1 1 1 1 1 1 1 1 0.042 0.9 0.058 0.027 0.973 1 0.038 0.962 1 1 
Delays: 0.0207868 0.0151205 0.0192323 0.0208136 0.00932251 0.0267323 0.00961649 0.0113215 0.0113761 0.0131943 0.0245329 0.0280574 0.00773707 0.0206954 0.00562326 0.0113887 0.0305951 0.0111985 0.00741528 0.0148777 0.00931822 0.00932352 0.0168295 0.0153407 0.0313175 0.0266355 0.0244652 0.020747 0.0152554 0.00924645 
Throughputs: 0.851968 0.8192 1.09773 0.999424 0.950272 0.999424 1.01581 0.917504 0.999424 0.835584 0.802816 0.802816 0.98304 0.98304 1.03219 0.8192 1.11411 0.835584 1.26157 0.688128 0.8192 1.01581 1.06496 0.917504 1.21242 0.98304 0.802816 0.884736 1.06496 0.638976 
Utility: 3.71323 3.99228 4.04441 3.87157 4.62432 3.62131 4.65996 4.39495 4.47567 4.14834 3.48811 3.35387 4.84463 3.86074 5.21253 4.2757 3.59497 4.31235 5.13657 3.83411 4.47636 4.6909 4.14756 4.09115 3.65619 3.6084 3.49087 3.75289 4.24576 4.23563 

--------------------------------------
Time: 24.0103
Split Ratios: 0.973 0.027 1 1 1 1 1 1 1 1 1 1 1 1 1 1 1 1 1 1 1 1 1 1 1 0.042 0.9 0.058 0.027 0.973 1 0.038 0.962 1 1 
Delays: 0.0209762 0.0153833 0.0190456 0.0211635 0.0093029 0.0265513 0.00944792 0.0112823 0.0112759 0.0131641 0.0246378 0.0283054 0.00758031 0.0208511 0.00558394 0.0112199 0.0303246 0.0112856 0.00740223 0.0148609 0.00944087 0.00927302 0.0167291 0.0152731 0.031756 0.0266317 0.0244966 0.0209155 0.0151116 0.00928505 
Throughputs: 0.73728 0.90112 1.1305 0.720896 0.90112 0.688128 0.966656 0.950272 0.884736 0.98304 0.933888 1.08134 0.868352 0.933888 1.06496 0.90112 0.999424 1.03219 0.802816 0.802816 0.917504 0.90112 0.868352 1.04858 1.09773 0.950272 0.966656 1.04858 1.16326 1.04858 
Utility: 3.55958 4.07035 4.08358 3.52822 4.57331 3.2549 4.62805 4.43351 4.36263 4.31316 3.63508 3.64291 4.74104 3.80195 5.2508 4.38595 3.49522 4.51592 4.68634 3.98939 4.57661 4.57653 3.94945 4.22909 3.54292 3.57465 3.67531 3.9147 4.34352 4.72678 

--------------------------------------
Time: 24.5108
Split Ratios: 0.973 0.027 1 1 1 1 1 1 1 1 1 1 1 1 1 1 1 1 1 1 1 1 1 1 1 0.042 0.9 0.058 0.027 0.973 1 0.038 0.962 1 1 
Delays: 0.0209254 0.0152654 0.0192401 0.021015 0.0093227 0.0266868 0.00970564 0.0114359 0.0112474 0.0131664 0.0247589 0.0282835 0.00774885 0.0208625 0.00554192 0.011296 0.0305859 0.0112762 0.00737357 0.0149017 0.00936145 0.00928669 0.0167582 0.0155139 0.0315715 0.0267861 0.0246528 0.0210353 0.0152499 0.00928854 
Throughputs: 0.851968 0.557056 0.950272 0.8192 0.999424 1.11411 1.03219 1.06496 1.09773 0.802816 0.98304 1.14688 0.933888 1.11411 1.11411 0.868352 0.868352 0.884736 0.851968 0.917504 0.671744 0.966656 0.688128 0.98304 1.24518 0.98304 0.851968 1.11411 0.966656 0.802816 
Utility: 3.70659 3.59708 3.89975 3.66309 4.67473 3.73164 4.66673 4.53393 4.58086 4.11046 3.68147 3.70252 4.79181 3.97786 5.30347 4.34215 3.34606 4.36259 4.74965 4.12018 4.27328 4.64526 3.71508 4.14891 3.67478 3.60276 3.54266 3.96961 4.14927 4.45934 

--------------------------------------
Time: 25.0114
Split Ratios: 0.973 0.027 1 1 1 1 1 1 1 1 1 1 1 1 1 1 1 1 1 1 1 1 1 1 1 0.042 0.9 0.058 0.027 0.973 1 0.038 0.962 1 1 
Delays: 0.0210816 0.0152988 0.019154 0.0207262 0.00934763 0.0268768 0.00965983 0.0112633 0.0113113 0.0130178 0.0246112 0.02828 0.00776331 0.0206896 0.0055714 0.0112802 0.0306214 0.0112151 0.00744852 0.0148874 0.00932377 0.00939529 0.0167826 0.0153186 0.0315481 0.0263237 0.0246221 0.0209968 0.0150674 0.00923232 
Throughputs: 0.720896 0.786432 0.884736 0.999424 1.01581 0.802816 0.802816 1.03219 0.884736 0.770048 0.8192 1.06496 0.933888 0.90112 0.8192 0.802816 0.98304 0.8192 1.09773 0.786432 0.688128 1.17965 0.884736 1.01581 0.950272 0.868352 1.04858 0.999424 0.868352 0.770048 
Utility: 3.53209 3.93973 3.83278 3.87578 4.68832 3.39686 4.42015 4.51789 4.35949 4.08013 3.50513 3.62854 4.78995 3.77401 4.99068 4.26508 3.46895 4.29107 4.99298 3.96699 4.30141 4.83276 3.96495 4.19437 3.40524 3.49613 3.75155 3.86281 4.05406 4.42374 

--------------------------------------
Time: 25.5115
Split Ratios: 0.973 0.027 1 1 1 1 1 1 1 1 1 1 1 1 1 1 1 1 1 1 1 1 1 1 1 0.042 0.9 0.058 0.027 0.973 1 0.038 0.962 1 1 
Delays: 0.0209767 0.0154185 0.0190526 0.0207082 0.00936214 0.0266525 0.0096263 0.0112918 0.0113327 0.0130828 0.0245576 0.0280664 0.0075674 0.0208761 0.00561039 0.0112948 0.0307113 0.0113479 0.0074068 0.0148897 0.00939926 0.00931836 0.0168013 0.0151605 0.0320187 0.0268932 0.0244501 0.0209551 0.0154346 0.00924972 
Throughputs: 0.950272 0.8192 1.01581 0.950272 0.917504 0.868352 0.917504 1.01581 1.08134 0.917504 1.06496 1.29434 1.08134 0.950272 1.14688 0.65536 0.835584 0.802816 0.933888 0.786432 0.8192 0.753664 0.917504 0.73728 1.19603 1.11411 1.1305 1.08134 1.04858 0.73728 
Utility: 3.81333 3.97276 3.97624 3.82622 4.58498 3.48371 4.55716 4.49936 4.55827 4.25036 3.76967 3.83118 4.96211 3.81814 5.32018 4.06085 3.3035 4.2591 4.83696 3.96683 4.4677 4.39296 4.0002 3.88427 3.62044 3.72394 3.83378 3.94358 4.21858 4.37837 

--------------------------------------
Time: 26.0117
Split Ratios: 0.973 0.027 1 1 1 1 1 1 1 1 1 1 1 1 1 1 1 1 1 1 1 1 1 1 1 0.042 0.9 0.058 0.027 0.973 1 0.038 0.962 1 1 
Delays: 0.0209849 0.0151988 0.0189824 0.0207487 0.00936055 0.0265155 0.00981166 0.0113534 0.0112432 0.0130752 0.0248176 0.0283884 0.00766871 0.0206864 0.00557984 0.01135 0.0306559 0.0112438 0.00740131 0.0150143 0.00943437 0.00935293 0.0168088 0.0153052 0.032059 0.0269102 0.0244029 0.0211107 0.015247 0.00925374 
Throughputs: 0.999424 0.884736 1.17965 0.966656 0.868352 0.8192 0.786432 0.753664 0.999424 0.868352 0.884736 1.04858 0.933888 0.90112 0.98304 0.933888 1.19603 0.966656 0.720896 0.802816 0.917504 0.90112 0.933888 0.770048 1.19603 0.950272 0.90112 0.98304 1.1305 0.868352 
Utility: 3.86338 4.06407 4.12946 3.84136 4.53009 3.4306 4.38393 4.19543 4.48741 4.19588 3.57374 3.60921 4.80221 3.77416 5.17149 4.41014 3.66394 4.45403 4.57884 3.97912 4.5773 4.56795 4.01745 3.91826 3.61919 3.56424 3.60894 3.84087 4.30603 4.54157 

--------------------------------------
Time: 26.5123
Split Ratios: 0.973 0.027 1 1 1 1 1 1 1 1 1 1 1 1 1 1 1 1 1 1 1 1 1 1 1 0.042 0.9 0.058 0.027 0.973 1 0.038 0.962 1 1 
Delays: 0.0207451 0.0152902 0.0191357 0.0207719 0.00929336 0.0265551 0.00963168 0.0114203 0.0111799 0.013073 0.0245405 0.0282961 0.0076886 0.0209506 0.00558109 0.0112489 0.0305296 0.0112495 0.00740371 0.0148469 0.00938129 0.00939582 0.0166392 0.0153691 0.0313265 0.0266221 0.0246365 0.0209809 0.0151856 0.00924862 
Throughputs: 0.966656 0.8192 1.16326 0.8192 1.08134 0.90112 0.835584 0.933888 0.950272 0.933888 0.851968 1.35987 1.04858 1.21242 1.1305 0.868352 1.04858 0.90112 0.802816 0.802816 0.950272 1.06496 0.8192 0.770048 0.868352 1.08134 0.851968 0.98304 0.851968 0.950272 
Utility: 3.84153 3.98112 4.10743 3.67473 4.75666 3.52442 4.46307 4.40396 4.44263 4.26881 3.54722 3.87242 4.91545 4.0582 5.31103 4.34633 3.53649 4.38332 4.68614 3.99034 4.61803 4.73043 3.89657 3.91409 3.32213 3.70422 3.54332 3.84704 4.0272 4.63227 

--------------------------------------
Time: 27.0124
Split Ratios: 0.973 0.027 1 1 1 1 1 1 1 1 1 1 1 1 1 1 1 1 1 1 1 1 1 1 1 0.042 0.9 0.058 0.027 0.973 1 0.038 0.962 1 1 
Delays: 0.0212886 0.0151763 0.0189468 0.020709 0.00926188 0.0267964 0.00979478 0.0112411 0.0112894 0.0130026 0.0245202 0.0283753 0.00774148 0.0209065 0.00555987 0.0112486 0.0309777 0.0112015 0.00741517 0.014898 0.00941678 0.0093576 0.0167021 0.0152923 0.0322148 0.0272049 0.0245003 0.0211629 0.0150959 0.00923456 
Throughputs: 1.04858 0.8192 0.90112 0.868352 1.03219 0.90112 0.65536 0.884736 0.98304 0.802816 0.950272 1.19603 1.17965 1.04858 0.950272 0.720896 0.966656 0.753664 0.868352 0.950272 0.704512 0.90112 0.802816 1.03219 0.90112 0.917504 1.04858 1.08134 0.851968 0.933888 
Utility: 3.89701 3.98859 3.862 3.73603 4.71353 3.51537 4.20334 4.36571 4.46679 4.12298 3.65725 3.74124 5.02638 3.91513 5.14117 4.16025 3.44057 4.2089 4.76307 4.15552 4.31501 4.56745 3.87259 4.21209 3.33121 3.51826 3.7565 3.93371 4.03312 4.6164 

--------------------------------------
Time: 27.5125
Split Ratios: 0.973 0.027 1 1 1 1 1 1 1 1 1 1 1 1 1 1 1 1 1 1 1 1 1 1 1 0.042 0.9 0.058 0.027 0.973 1 0.038 0.962 1 1 
Delays: 0.0215668 0.0152373 0.0191834 0.0208627 0.00936507 0.0266879 0.00959215 0.0115457 0.0112811 0.0129659 0.0246384 0.028539 0.00780574 0.0206416 0.00553141 0.011336 0.0306923 0.0112717 0.00741624 0.0148861 0.00929789 0.00925914 0.0168108 0.0154317 0.0308761 0.0266148 0.0245573 0.0210062 0.0151037 0.00925544 
Throughputs: 0.868352 0.933888 1.11411 1.04858 1.04858 0.999424 0.8192 1.24518 0.917504 0.802816 0.835584 1.06496 1.06496 1.03219 0.917504 0.851968 0.851968 1.03219 1.06496 0.950272 0.638976 0.770048 0.73728 0.704512 0.704512 0.868352 1.17965 0.950272 0.999424 0.933888 
Utility: 3.69544 4.11561 4.06177 3.91722 4.7182 3.62297 4.44738 4.68072 4.39853 4.1258 3.52382 3.61942 4.91583 3.91213 5.11121 4.31957 3.32354 4.51714 4.96702 4.15632 4.23008 4.42084 3.78095 3.82108 3.12752 3.48513 3.87196 3.81193 4.19224 4.61415 

--------------------------------------
Time: 28.0131
Split Ratios: 0.973 0.027 1 1 1 1 1 1 1 1 1 1 1 1 1 1 1 1 1 1 1 1 1 1 1 0.042 0.9 0.058 0.027 0.973 1 0.038 0.962 1 1 
Delays: 0.0212781 0.0151781 0.0191787 0.0206188 0.0093422 0.0270069 0.00974171 0.0113073 0.0111805 0.0130925 0.0247797 0.0282373 0.00778233 0.0208689 0.00559318 0.0114174 0.0307614 0.0112566 0.00738363 0.0149822 0.00948942 0.00939743 0.0166968 0.0153458 0.0325593 0.0266313 0.0247579 0.0209497 0.0149245 0.00925024 
Throughputs: 0.90112 0.704512 0.950272 0.90112 0.917504 1.14688 0.917504 1.01581 0.917504 0.917504 0.999424 1.27795 1.1305 1.04858 0.884736 0.704512 1.06496 0.868352 0.90112 1.03219 0.98304 0.98304 0.802816 0.786432 1.04858 0.851968 1.06496 1.14688 0.98304 0.884736 
Utility: 3.74596 3.83765 3.90295 3.77744 4.58712 3.74871 4.54524 4.49799 4.40749 4.24962 3.69716 3.81237 4.97856 3.91693 5.06374 4.12237 3.54443 4.34564 4.80437 4.23258 4.64047 4.65021 3.87291 3.93667 3.47213 3.46546 3.76155 4.00268 4.18764 4.56064 

--------------------------------------
Time: 28.5139
Split Ratios: 0.973 0.027 1 1 1 1 1 1 1 1 1 1 1 1 1 1 1 1 1 1 1 1 1 1 1 0.042 0.9 0.058 0.027 0.973 1 0.038 0.962 1 1 
Delays: 0.0208444 0.0151999 0.0190223 0.0206432 0.00933908 0.0266127 0.00956818 0.0113467 0.0112334 0.0130394 0.0245603 0.0280361 0.00768559 0.0206345 0.0056175 0.0113025 0.0305447 0.0112944 0.00740072 0.0149122 0.00943563 0.0092918 0.0168692 0.0153153 0.0314375 0.0267986 0.0244702 0.0210208 0.0150897 0.009251 
Throughputs: 1.06496 0.884736 0.950272 0.90112 1.01581 0.90112 0.8192 0.868352 0.868352 0.770048 0.950272 1.14688 0.884736 0.835584 1.17965 0.851968 1.1305 0.966656 0.98304 0.98304 0.917504 0.65536 0.917504 0.868352 0.835584 1.09773 1.09773 0.933888 0.868352 0.950272 
Utility: 3.93361 4.064 3.91114 3.77625 4.68923 3.52225 4.44989 4.33767 4.34771 4.07848 3.65562 3.71131 4.74594 3.70117 5.34708 4.32253 3.61122 4.44954 4.88907 4.18847 4.57716 4.25605 3.99617 4.03774 3.28013 3.71265 3.80354 3.79384 4.05259 4.63202 

--------------------------------------
Time: 29.0141
Split Ratios: 0.973 0.027 1 1 1 1 1 1 1 1 1 1 1 1 1 1 1 1 1 1 1 1 1 1 1 0.042 0.9 0.058 0.027 0.973 1 0.038 0.962 1 1 
Delays: 0.0209234 0.0153632 0.0191143 0.0207494 0.00930867 0.0265068 0.00970964 0.0113768 0.0113686 0.013084 0.0246695 0.0283175 0.00767658 0.0206486 0.00558372 0.0113031 0.0304711 0.0112479 0.00740526 0.0149207 0.00932618 0.00933553 0.0168123 0.0154163 0.031793 0.0265226 0.0244632 0.0210379 0.0151516 0.00931453 
Throughputs: 0.884736 0.835584 1.1305 0.851968 1.01581 0.933888 0.868352 0.966656 0.835584 0.933888 0.933888 1.03219 0.884736 1.03219 0.999424 0.720896 1.16326 0.770048 0.950272 0.917504 0.622592 0.966656 0.8192 0.98304 1.08134 1.09773 1.14688 0.950272 0.8192 1.06496 
Utility: 3.74442 3.99616 4.07997 3.71503 4.69249 3.56196 4.49348 4.44227 4.29727 4.26797 3.63379 3.59596 4.74712 3.91179 5.18732 4.15541 3.64221 4.22627 4.85456 4.11891 4.20107 4.64001 3.88622 4.15522 3.52671 3.723 3.84763 3.81042 3.99022 4.73912 

--------------------------------------
Time: 29.5143
Split Ratios: 0.973 0.027 1 1 1 1 1 1 1 1 1 1 1 1 1 1 1 1 1 1 1 1 1 1 1 0.042 0.9 0.058 0.027 0.973 1 0.038 0.962 1 1 
Delays: 0.0211097 0.0153312 0.0189702 0.020732 0.00930281 0.0266172 0.00945512 0.0113077 0.0111912 0.0130279 0.0245961 0.028281 0.00780567 0.020698 0.00556288 0.0112833 0.0305621 0.0112967 0.00748125 0.0148768 0.00935748 0.00928428 0.0167971 0.0153985 0.0307282 0.0264993 0.0243725 0.0209379 0.0150133 0.00928599 
Throughputs: 0.950272 0.868352 0.999424 1.06496 0.933888 0.770048 0.8192 0.966656 0.73728 1.03219 1.11411 1.08134 0.8192 0.933888 0.868352 0.98304 0.966656 0.688128 1.11411 0.966656 0.638976 0.90112 0.851968 1.01581 0.638976 0.98304 0.704512 1.06496 0.933888 0.966656 
Utility: 3.80701 4.03671 3.96431 3.93902 4.60904 3.3649 4.46177 4.44836 4.18784 4.37235 3.81323 3.64377 4.65348 3.80932 5.05048 4.46733 3.45408 4.10947 5.00341 4.17404 4.22369 4.57532 3.92634 4.18917 3.03469 3.61353 3.36405 3.92913 4.13042 4.64534 

--------------------------------------
Time: 30.0144
Split Ratios: 0.973 0.027 1 1 1 1 1 1 1 1 1 1 1 1 1 1 1 1 1 1 1 1 1 1 1 0.042 0.9 0.058 0.027 0.973 1 0.038 0.962 1 1 
Delays: 0.0212787 0.0151459 0.0188636 0.020892 0.00930396 0.0269513 0.00966417 0.0113702 0.0112353 0.0130744 0.0245865 0.0281239 0.00762129 0.0209197 0.00559889 0.0112996 0.0307897 0.0112185 0.0074183 0.0148599 0.00947535 0.00936 0.0168281 0.0155063 0.0309564 0.0268536 0.0245212 0.0212126 0.0151119 0.0092225 
Throughputs: 1.01581 0.933888 1.17965 0.851968 1.04858 1.03219 1.17965 0.999424 1.09773 1.03219 0.98304 0.98304 1.04858 0.884736 1.14688 0.786432 0.98304 1.03219 0.933888 0.786432 1.16326 0.98304 0.90112 0.90112 0.8192 0.933888 0.851968 0.884736 1.19603 0.753664 
Utility: 3.86573 4.12162 4.13574 3.70818 4.72475 3.64541 4.80455 4.47618 4.58194 4.36879 3.68845 3.55403 4.92424 3.7446 5.32223 4.24274 3.46347 4.52188 4.83541 3.96884 4.81029 4.6542 3.98059 4.06239 3.27575 3.54896 3.54801 3.73069 4.37128 4.4033 

--------------------------------------
Time: 30.515
Split Ratios: 0.973 0.027 1 1 1 1 1 1 1 1 1 1 1 1 1 1 1 1 1 1 1 1 1 1 1 0.042 0.9 0.058 0.027 0.973 1 0.038 0.962 1 1 
Delays: 0.0212353 0.0153479 0.0192182 0.0209564 0.00932651 0.026976 0.00961147 0.0113099 0.0112932 0.0131213 0.0249636 0.0283327 0.00783008 0.0208609 0.00557073 0.0113095 0.0306932 0.0112322 0.0074165 0.0148417 0.00950555 0.00929433 0.0168532 0.0154985 0.0318047 0.0265386 0.0243901 0.0209162 0.0151577 0.00924804 
Throughputs: 0.933888 1.04858 1.03219 1.16326 0.884736 0.917504 0.917504 1.06496 1.1305 0.98304 1.09773 1.19603 1.01581 0.73728 1.06496 0.786432 0.933888 0.884736 1.06496 0.557056 0.835584 0.851968 0.884736 0.999424 1.24518 0.966656 0.835584 0.704512 0.65536 0.868352 
Utility: 3.78369 4.22421 3.98358 4.01654 4.55243 3.52671 4.5587 4.54501 4.60621 4.31642 3.78358 3.74275 4.86547 3.56509 5.25317 4.24186 3.41532 4.36651 4.96699 3.62523 4.47625 4.51814 3.96075 4.16644 3.66742 3.59524 3.53395 3.51698 3.76667 4.54219 

--------------------------------------
Time: 31.0159
Split Ratios: 0.973 0.027 1 1 1 1 1 1 1 1 1 1 1 1 1 1 1 1 1 1 1 1 1 1 1 0.042 0.9 0.058 0.027 0.973 1 0.038 0.962 1 1 
Delays: 0.021006 0.015045 0.018951 0.020737 0.00935757 0.0265831 0.00959332 0.0113093 0.0113195 0.0129519 0.0244567 0.0281828 0.00766207 0.0207272 0.00556039 0.0115135 0.0303328 0.0112183 0.00743682 0.0148345 0.00936308 0.0092727 0.0168412 0.0151533 0.0314176 0.0265351 0.0245864 0.02105 0.0150763 0.00925278 
Throughputs: 1.09773 0.966656 0.999424 0.966656 0.917504 0.950272 0.8192 0.884736 0.90112 0.966656 0.98304 0.999424 1.04858 0.98304 0.950272 0.802816 0.851968 0.917504 1.06496 0.753664 0.753664 0.917504 0.90112 0.802816 0.753664 0.98304 1.1305 1.06496 0.851968 0.999424 
Utility: 3.95619 4.16279 3.96532 3.84192 4.58547 3.57647 4.44726 4.35966 4.37711 4.3126 3.69374 3.56847 4.91891 3.8592 5.14108 4.2446 3.33532 4.40411 4.96425 3.92799 4.38817 4.59458 3.97981 3.96991 3.17758 3.61218 3.82822 3.92379 4.03442 4.68225 

--------------------------------------
Time: 31.516
Split Ratios: 0.973 0.027 1 1 1 1 1 1 1 1 1 1 1 1 1 1 1 1 1 1 1 1 1 1 1 0.042 0.9 0.058 0.027 0.973 1 0.038 0.962 1 1 
Delays: 0.0208958 0.0154594 0.0191731 0.0205839 0.00927645 0.0267673 0.00960252 0.0112404 0.0112393 0.0130348 0.0246837 0.0281656 0.00772872 0.0207578 0.0055892 0.0113015 0.0307426 0.0112588 0.00739467 0.0148924 0.00937825 0.0093201 0.0167591 0.0154636 0.0311055 0.0266567 0.0247385 0.0209135 0.0151631 0.00927695 
Throughputs: 0.98304 0.868352 0.999424 0.950272 0.950272 0.835584 0.917504 0.950272 0.999424 0.999424 0.933888 1.24518 0.98304 0.966656 1.17965 0.8192 1.19603 0.884736 0.802816 0.73728 0.851968 0.868352 0.999424 0.786432 1.04858 0.950272 1.08134 0.98304 0.868352 0.884736 
Utility: 3.8511 4.02838 3.95367 3.83224 4.62927 3.44095 4.55963 4.43724 4.48776 4.33955 3.63321 3.78894 4.84571 3.84092 5.35214 4.28339 3.66112 4.36414 4.68737 3.90212 4.50916 4.53442 4.08824 3.92902 3.5178 3.57371 3.7776 3.85026 4.04773 4.55776 

--------------------------------------
Time: 32.0162
Split Ratios: 0.973 0.027 1 1 1 1 1 1 1 1 1 1 1 1 1 1 1 1 1 1 1 1 1 1 1 0.042 0.9 0.058 0.027 0.973 1 0.038 0.962 1 1 
Delays: 0.0209759 0.0153294 0.0190209 0.0207684 0.00930636 0.0267335 0.00973397 0.0113874 0.0112743 0.01304 0.0245922 0.0282914 0.0077479 0.0207754 0.00557093 0.0112245 0.030375 0.0111649 0.00746087 0.0149276 0.0093873 0.0093202 0.0167155 0.0154882 0.0311833 0.0267071 0.0244809 0.0207738 0.0150583 0.00925849 
Throughputs: 0.90112 1.08134 0.950272 0.98304 0.966656 0.884736 0.917504 1.06496 1.03219 0.884736 0.851968 1.04858 0.999424 0.999424 1.01581 0.753664 1.04858 0.868352 0.999424 0.73728 0.770048 0.933888 0.933888 0.966656 0.999424 1.09773 0.999424 0.933888 0.884736 0.802816 
Utility: 3.76026 4.25619 3.91121 3.85722 4.64314 3.49937 4.54603 4.53818 4.51691 4.21727 3.54512 3.61263 4.85976 3.87341 5.20588 4.20685 3.54157 4.35382 4.89751 3.89976 4.4071 4.60717 4.02302 4.13376 3.4673 3.71607 3.70928 3.80566 4.07336 4.46258 

--------------------------------------
Time: 32.5164
Split Ratios: 0.973 0.027 1 1 1 1 1 1 1 1 1 1 1 1 1 1 1 1 1 1 1 1 1 1 1 0.042 0.9 0.058 0.027 0.973 1 0.038 0.962 1 1 
Delays: 0.0209023 0.0151097 0.019001 0.0209026 0.00929438 0.0266437 0.00955654 0.0114023 0.0113495 0.0130018 0.0247453 0.028283 0.00790155 0.0209184 0.00564101 0.0112697 0.0305825 0.0112629 0.00738399 0.0148792 0.00935937 0.00935618 0.0169149 0.0152631 0.0322357 0.0266676 0.0244884 0.0209615 0.0150587 0.00925654 
Throughputs: 1.09773 0.8192 0.90112 0.8192 0.98304 0.90112 0.851968 1.11411 0.98304 0.90112 0.884736 1.09773 1.03219 0.868352 1.09773 0.770048 0.917504 0.999424 0.884736 0.966656 1.03219 1.1305 0.950272 0.720896 0.966656 0.999424 1.09773 1.03219 0.90112 0.98304 
Utility: 3.96114 3.99299 3.85915 3.66845 4.66124 3.52108 4.49032 4.582 4.46147 4.23855 3.57665 3.65874 4.87238 3.72597 5.27093 4.22434 3.40123 4.48567 4.78598 4.17388 4.70306 4.79437 4.02856 3.85506 3.40077 3.62373 3.8028 3.89675 4.09168 4.66532 

--------------------------------------
Time: 33.0167
Split Ratios: 0.973 0.027 1 1 1 1 1 1 1 1 1 1 1 1 1 1 1 1 1 1 1 1 1 1 1 0.042 0.9 0.058 0.027 0.973 1 0.038 0.962 1 1 
Delays: 0.0207785 0.0152562 0.0190319 0.0207719 0.00931173 0.0264598 0.00949654 0.011314 0.0114262 0.0130639 0.024674 0.028567 0.00777094 0.0206384 0.00561862 0.0113368 0.0304486 0.0111692 0.00739997 0.0150443 0.00937382 0.00936844 0.0167102 0.0152252 0.0311859 0.0265662 0.0243951 0.0209326 0.0150629 0.00925497 
Throughputs: 0.90112 1.04858 1.11411 1.01581 0.868352 0.98304 0.917504 1.04858 0.90112 0.884736 0.8192 1.06496 0.98304 0.884736 1.08134 0.90112 0.933888 0.884736 1.06496 1.2288 0.868352 0.917504 0.802816 0.851968 1.11411 0.688128 0.786432 1.06496 0.917504 0.966656 
Utility: 3.76972 4.23021 4.06969 3.88984 4.53532 3.61502 4.57073 4.52915 4.36773 4.21544 3.50258 3.61844 4.84026 3.75814 5.25987 4.37559 3.42332 4.37213 4.96922 4.4028 4.52868 4.58431 3.8721 4.0246 3.57585 3.25434 3.47312 3.92939 4.10942 4.64868 

--------------------------------------
Time: 33.5177
Split Ratios: 0.973 0.027 1 1 1 1 1 1 1 1 1 1 1 1 1 1 1 1 1 1 1 1 1 1 1 0.042 0.9 0.058 0.027 0.973 1 0.038 0.962 1 1 
Delays: 0.0209588 0.0154568 0.0188388 0.020683 0.00937677 0.0268271 0.00964728 0.011322 0.0111642 0.0130552 0.0245408 0.0282123 0.00776017 0.0208058 0.00554491 0.0113028 0.0303247 0.0111657 0.00739089 0.0148552 0.00928714 0.00928126 0.0168029 0.015494 0.0317506 0.0266428 0.0245024 0.0209003 0.0151688 0.0092479 
Throughputs: 0.98304 0.917504 0.851968 0.835584 0.851968 0.999424 0.688128 0.884736 0.917504 0.90112 0.884736 0.90112 1.08134 1.17965 0.917504 0.73728 1.01581 0.950272 0.90112 0.950272 0.884736 1.1305 0.8192 0.851968 1.01581 0.917504 1.01581 0.950272 0.8192 0.835584 
Utility: 3.84809 4.08361 3.81163 3.69882 4.50931 3.61777 4.2673 4.35854 4.40895 4.23445 3.58495 3.46388 4.93696 4.03774 5.10878 4.17792 3.51148 4.4439 4.80339 4.1584 4.55666 4.80241 3.88678 4.00709 3.46553 3.53914 3.72467 3.81698 3.98909 4.50373 

--------------------------------------
Time: 34.0186
Split Ratios: 0.973 0.027 1 1 1 1 1 1 1 1 1 1 1 1 1 1 1 1 1 1 1 1 1 1 1 0.042 0.9 0.058 0.027 0.973 1 0.038 0.962 1 1 
Delays: 0.021215 0.0154752 0.0192094 0.0206869 0.00930776 0.0266733 0.00985185 0.0112246 0.0112824 0.0130642 0.02484 0.0280226 0.00766367 0.0208603 0.00554247 0.011568 0.0307151 0.0111697 0.00741735 0.0148631 0.00939452 0.00930734 0.0168317 0.0152066 0.0316577 0.0266323 0.0243819 0.0211303 0.0149345 0.00925074 
Throughputs: 0.933888 0.933888 1.09773 0.851968 0.966656 1.08134 1.16326 0.950272 0.950272 0.98304 0.999424 0.917504 0.999424 0.884736 0.950272 0.8192 0.999424 0.8192 1.11411 1.09773 0.917504 0.868352 0.851968 0.933888 0.90112 0.851968 0.884736 0.999424 1.03219 0.8192 
Utility: 3.78465 4.10012 4.0456 3.71805 4.64299 3.7023 4.77133 4.43864 4.4335 4.32077 3.69473 3.48864 4.87069 3.74744 5.14431 4.26008 3.48242 4.29512 5.01199 4.30212 4.58153 4.53579 3.92428 4.11763 3.34866 3.46543 3.59145 3.85647 4.23577 4.48362 

--------------------------------------
Time: 34.519
Split Ratios: 0.973 0.027 1 1 1 1 1 1 1 1 1 1 1 1 1 1 1 1 1 1 1 1 1 1 1 0.042 0.9 0.058 0.027 0.973 1 0.038 0.962 1 1 
Delays: 0.0208658 0.0151537 0.0190823 0.0207762 0.00931759 0.0267158 0.00950027 0.0113117 0.0112197 0.0131187 0.0245277 0.0282182 0.00774821 0.0207397 0.00554819 0.0113322 0.0304265 0.0112316 0.00742782 0.0149097 0.00930198 0.00930398 0.0167126 0.0154308 0.0311437 0.0265929 0.0244263 0.0209161 0.0150982 0.00925059 
Throughputs: 0.933888 0.851968 0.8192 0.868352 1.04858 0.966656 0.786432 1.11411 0.950272 0.98304 0.933888 1.09773 0.8192 1.09773 1.04858 0.90112 1.06496 1.01581 1.16326 0.835584 0.720896 0.950272 0.917504 0.868352 0.917504 0.786432 0.884736 1.1305 1.06496 0.917504 
Utility: 3.80124 4.02931 3.75957 3.73279 4.72328 3.58859 4.41619 4.58998 4.43908 4.31661 3.63955 3.66103 4.66087 3.96895 5.24172 4.37599 3.55538 4.50471 5.05375 4.02612 4.35027 4.62631 4.00549 4.03023 3.38304 3.38686 3.58963 3.98989 4.25612 4.59697 

--------------------------------------
Time: 35.0193
Split Ratios: 0.973 0.027 1 1 1 1 1 1 1 1 1 1 1 1 1 1 1 1 1 1 1 1 1 1 1 0.042 0.9 0.058 0.027 0.973 1 0.038 0.962 1 1 
Delays: 0.0207705 0.0154909 0.0191852 0.0207098 0.00927227 0.0265331 0.00960623 0.0112945 0.0111624 0.0130078 0.0246265 0.0283606 0.00763583 0.0207317 0.00560721 0.0112513 0.0306322 0.0111591 0.00742708 0.0148224 0.00955375 0.00933545 0.0168369 0.0151282 0.0312574 0.026663 0.0246189 0.0209392 0.0151992 0.00923403 
Throughputs: 0.8192 0.917504 0.786432 0.98304 0.802816 0.835584 1.11411 0.90112 0.917504 0.638976 1.09773 1.06496 0.720896 1.03219 1.2288 0.950272 0.868352 0.90112 0.999424 0.950272 0.917504 1.16326 1.01581 1.1305 0.98304 1.14688 1.01581 0.933888 1.01581 0.802816 
Utility: 3.6748 4.0814 3.71336 3.86004 4.4611 3.44974 4.7534 4.37932 4.4091 3.89432 3.79718 3.62569 4.54764 3.90778 5.38974 4.43627 3.34455 4.39138 4.90205 4.16061 4.56472 4.82517 4.09987 4.31385 3.44839 3.76152 3.71992 3.79774 4.2022 4.46523 

--------------------------------------
Time: 35.5195
Split Ratios: 0.973 0.027 1 1 1 1 1 1 1 1 1 1 1 1 1 1 1 1 1 1 1 1 1 1 1 0.042 0.9 0.058 0.027 0.973 1 0.038 0.962 1 1 
Delays: 0.0208706 0.015097 0.019114 0.0208256 0.00934023 0.0264669 0.0095604 0.0113882 0.0112281 0.0129935 0.0245619 0.0283799 0.00783698 0.020799 0.00557889 0.0111562 0.0304261 0.0112642 0.00742512 0.014888 0.00944011 0.00929412 0.0167209 0.0153143 0.0318071 0.0264298 0.0243582 0.0209666 0.0150643 0.00926866 
Throughputs: 0.90112 0.770048 1.08134 0.917504 0.917504 0.786432 1.03219 0.90112 0.868352 0.999424 0.802816 1.26157 1.1305 0.8192 1.04858 0.688128 0.999424 0.835584 0.868352 0.770048 0.835584 0.851968 0.917504 1.08134 1.01581 0.73728 0.786432 0.884736 0.950272 0.8192 
Utility: 3.7653 3.93196 4.03554 3.78547 4.58733 3.39161 4.68181 4.37106 4.34817 4.34273 3.48693 3.79443 4.97156 3.67343 5.2362 4.12198 3.49188 4.3065 4.76173 3.9459 4.48316 4.51817 4.005 4.25717 3.46375 3.32848 3.47464 3.74236 4.14442 4.48169 

--------------------------------------
Time: 36.0197
Split Ratios: 0.973 0.027 1 1 1 1 1 1 1 1 1 1 1 1 1 1 1 1 1 1 1 1 1 1 1 0.042 0.9 0.058 0.027 0.973 1 0.038 0.962 1 1 
Delays: 0.0207157 0.0151416 0.0190194 0.0205457 0.00931407 0.0265902 0.0094442 0.0113322 0.0113898 0.0129769 0.0245739 0.0283517 0.00782287 0.0205785 0.00561859 0.0112765 0.0304597 0.0111599 0.0074143 0.0149054 0.00940381 0.00930612 0.0168081 0.0153073 0.0313904 0.0264489 0.0244403 0.0210455 0.014947 0.00925393 
Throughputs: 0.933888 0.98304 1.24518 0.933888 0.917504 0.753664 1.01581 0.851968 0.884736 0.704512 0.851968 1.09773 0.98304 0.933888 1.04858 0.770048 1.08134 1.04858 0.851968 0.753664 0.950272 0.98304 0.933888 0.73728 0.73728 0.851968 0.786432 0.884736 0.98304 0.835584 
Utility: 3.80846 4.1732 4.18158 3.8167 4.59013 3.3444 4.67804 4.31991 4.35257 3.99433 3.54586 3.65631 4.8336 3.81511 5.22911 4.22373 3.56956 4.54286 4.74414 3.92322 4.61563 4.65998 4.0175 3.87464 3.15646 3.47233 3.47127 3.7386 4.18614 4.50308 

