--------------------------------------
Time: 5.50005
Split Ratios: 1 1 1 1 1 1 1 1 1 1 1 1 1 1 1 1 1 1 1 1 1 1 1 1 1 1 1 1 1 1 1 1 1 1 1 1 1 1 1 1 1 1 1 1 1 1 1 1 1 1 
Delays: 0.00753137 0.0181978 0.0150616 0.013494 0.0119323 0.0114178 0.00757695 0.0132668 0.0153484 0.0056379 0.0120897 0.0185629 0.0131162 0.011838 0.0169834 0.0111478 0.0154161 0.00741956 0.0138856 0.00949603 0.0358994 0.0137908 0.0178023 0.0348463 0.0074323 0.0195833 0.020967 0.0111541 0.0298814 0.0379191 0.0372194 0.0150738 0.013329 0.00956761 0.0359932 0.0177374 0.0354873 0.0314997 0.0096853 0.0156358 0.00984437 0.0188985 0.00566183 0.0158299 0.014252 0.0320847 0.0154782 0.0162167 0.0117065 0.00726797 
Throughputs: 1.1305 1.03219 0.90112 1.09773 1.26157 1.08134 1.24518 1.17965 0.999424 1.09773 1.34349 1.31072 1.06496 1.2288 0.933888 1.11411 1.1305 1.11411 1.2288 1.04858 1.1305 1.1305 1.06496 1.14688 1.26157 0.884736 0.884736 1.34349 0.999424 1.3271 1.09773 1.26157 1.31072 1.21242 1.04858 1.19603 0.835584 0.753664 0.917504 1.14688 1.27795 1.08134 0.98304 1.26157 1.16326 1.11411 1.21242 1.14688 1.06496 1.04858 
Utility: 5.01134 4.03814 4.09149 4.39875 4.66086 4.55079 5.10193 4.48771 4.17617 5.27149 4.71067 4.25717 4.39684 4.64248 4.00712 4.60457 4.295 5.01169 4.48294 4.70431 3.44969 4.40641 4.09136 3.49385 5.13428 3.81061 3.74234 4.79122 3.50994 3.5553 3.38417 4.42715 4.58839 4.84199 3.37186 4.21109 3.15896 3.17497 4.55105 4.29523 4.86611 4.04688 5.1569 4.37821 4.40209 3.54743 4.36094 4.25876 4.51055 4.97171 

--------------------------------------
Time: 6.00006
Split Ratios: 1 1 1 1 1 1 1 1 1 1 1 1 1 1 1 1 1 1 1 1 1 1 1 1 1 1 1 1 1 1 1 1 1 1 1 1 1 1 1 1 1 1 1 1 1 1 1 1 1 1 
Delays: 0.00744533 0.0183501 0.0152245 0.0135289 0.0117015 0.0113583 0.00746962 0.0133742 0.0147549 0.00563115 0.011664 0.0183663 0.0131344 0.0105944 0.0185963 0.0111864 0.0155905 0.00738586 0.0138806 0.00963246 0.0609074 0.0133116 0.0174327 0.0656108 0.0074555 0.0181 0.0202788 0.0110917 0.0580859 0.0653096 0.0671945 0.015087 0.0132359 0.00971725 0.0638326 0.0174037 0.0661013 0.0641845 0.00975368 0.0150407 0.00966907 0.0206581 0.00578943 0.0155709 0.0136837 0.0611929 0.0147803 0.0167026 0.0117773 0.00701738 
Throughputs: 1.09773 1.14688 1.11411 0.917504 1.26157 1.01581 0.98304 1.29434 0.966656 1.08134 1.26157 1.09773 1.14688 1.35987 1.16326 1.16326 1.27795 1.06496 1.19603 1.11411 0.999424 1.09773 0.802816 1.1305 1.08134 1.16326 1.34349 1.08134 1.19603 0.98304 0.966656 1.44179 0.90112 1.03219 1.31072 1.03219 1.03219 0.966656 1.03219 1.03219 1.27795 1.47456 1.31072 1.06496 1.06496 1.14688 1.3271 1.24518 1.17965 1.19603 
Utility: 4.99341 4.13516 4.29291 4.21683 4.6804 4.49349 4.87981 4.57242 4.18227 5.25765 4.6836 4.09048 4.46957 4.85482 4.13602 4.64428 4.40635 4.97113 4.45627 4.75067 2.79782 4.41236 3.82978 2.84667 4.97701 4.16307 4.19345 4.57976 3.02484 2.71151 2.66625 4.55981 4.2207 4.66554 3.02207 4.08276 2.74825 2.71208 4.6618 4.22868 4.88408 4.26801 5.4223 4.22529 4.35449 2.93077 4.49746 4.31147 4.6068 5.13837 

--------------------------------------
Time: 6.50016
Split Ratios: 1 1 1 1 1 1 1 1 1 1 1 1 1 1 1 1 1 1 1 1 1 1 1 1 1 1 1 1 1 1 1 1 1 1 1 1 1 1 1 1 1 1 1 1 1 1 1 1 1 1 
Delays: 0.00756068 0.0175362 0.0151894 0.0136892 0.0118679 0.0114216 0.00740403 0.0131585 0.0152218 0.00574858 0.0120146 0.0174773 0.0132054 0.0104482 0.0186387 0.0111646 0.0154768 0.00743524 0.0142067 0.00950318 0.104189 0.0132839 0.0178324 0.107365 0.00743339 0.0177625 0.0190299 0.0110778 0.0989422 0.109846 0.107242 0.0149606 0.0131065 0.00982878 0.104356 0.0169129 0.106567 0.101967 0.00966261 0.0146459 0.00964576 0.0204526 0.00566188 0.0156119 0.0138377 0.101382 0.0156813 0.0157851 0.0118173 0.00663234 
Throughputs: 1.17965 0.933888 1.09773 1.01581 1.37626 1.14688 0.884736 1.19603 0.786432 1.09773 1.35987 1.27795 1.16326 1.11411 1.39264 1.14688 1.16326 1.16326 1.04858 1.14688 1.19603 1.24518 1.09773 1.06496 1.21242 0.917504 0.851968 1.06496 1.03219 1.35987 1.03219 1.2288 0.98304 1.34349 1.01581 1.3271 0.933888 1.11411 1.01581 0.98304 1.09773 1.40902 1.08134 1.08134 1.08134 0.966656 1.24518 1.29434 1.19603 1.09773 
Utility: 5.05001 3.97509 4.2804 4.30683 4.75328 4.60929 4.78326 4.5097 3.94478 5.25205 4.72902 4.29211 4.47836 4.66939 4.31372 4.63205 4.31964 5.05275 4.30147 4.79317 2.44056 4.54049 4.11998 2.29446 5.09439 3.94457 3.80154 4.56575 2.3449 2.51607 2.26435 4.40837 4.31754 4.91771 2.27563 4.36268 2.17058 2.39116 4.65518 4.20649 4.73448 4.23254 5.2522 4.23792 4.35856 2.25495 4.37457 4.40669 4.6172 5.10904 

--------------------------------------
Time: 7.00027
Split Ratios: 1 1 1 1 1 1 1 1 1 1 1 1 1 1 1 1 1 1 1 1 1 1 1 1 1 1 1 1 1 1 1 1 1 1 1 1 1 1 1 1 1 1 1 1 1 1 1 1 1 1 
Delays: 0.00756452 0.0181341 0.0149676 0.0136711 0.0117637 0.0114273 0.00742341 0.0133622 0.0157052 0.00568665 0.0117601 0.0174268 0.013196 0.0110242 0.0171254 0.0111642 0.0155722 0.00742864 0.0136292 0.00962731 0.104555 0.0138683 0.0175369 0.107325 0.0074144 0.0189486 0.0190796 0.0111092 0.100753 0.110477 0.107856 0.0151261 0.0134203 0.00976325 0.104919 0.0183293 0.109298 0.10193 0.00959741 0.0158806 0.00985052 0.0193035 0.00575708 0.0153002 0.0137683 0.102677 0.0156254 0.0155826 0.0115442 0.00712516 
Throughputs: 1.14688 1.24518 1.01581 1.19603 1.1305 1.16326 0.917504 1.26157 1.39264 1.2288 1.27795 1.03219 1.14688 1.17965 0.950272 0.966656 1.16326 1.19603 0.933888 0.999424 1.14688 1.03219 1.2288 1.16326 1.08134 1.11411 1.01581 1.04858 1.17965 1.29434 0.999424 1.31072 1.19603 1.1305 1.1305 1.17965 0.8192 0.868352 1.21242 1.03219 0.966656 1.24518 1.42541 0.999424 1.35987 1.1305 1.3271 1.24518 1.16326 1.06496 
Utility: 5.02133 4.22924 4.21755 4.47148 4.56539 4.62298 4.81702 4.54768 4.48497 5.37567 4.6883 4.08143 4.46488 4.67288 4.01618 4.46113 4.3135 5.08142 4.22714 4.64257 2.39508 4.30983 4.24949 2.38313 4.98254 4.07408 3.97482 4.54742 2.4603 2.46095 2.22638 4.46191 4.49 4.75179 2.37722 4.16447 2.01425 2.14231 4.83888 4.17434 4.58632 4.16675 5.51178 4.17931 4.59278 2.39883 4.44185 4.38089 4.61281 5.00706 

--------------------------------------
Time: 7.50063
Split Ratios: 1 1 1 1 1 1 1 1 1 1 1 1 1 1 1 1 1 1 1 1 1 1 1 1 1 1 1 1 1 1 1 1 1 1 1 1 1 1 1 1 1 1 1 1 1 1 1 1 1 1 
Delays: 0.00756968 0.017415 0.0151663 0.0134981 0.0115054 0.0113826 0.00744408 0.0132396 0.0149393 0.00567148 0.0116791 0.0175003 0.0132263 0.0103097 0.0184965 0.0112207 0.0155449 0.00742632 0.0138698 0.0095384 0.110574 0.0133965 0.0173775 0.110632 0.00745895 0.0171688 0.0193566 0.0111043 0.107131 0.113161 0.112223 0.0149902 0.0131701 0.0095444 0.106771 0.0169943 0.112878 0.107008 0.00962354 0.0148296 0.0095622 0.0207135 0.00563003 0.015202 0.0137049 0.106908 0.0148487 0.0152479 0.0115456 0.0066214 
Throughputs: 1.16326 1.16326 1.16326 1.14688 1.06496 1.1305 0.999424 1.17965 1.34349 0.933888 1.1305 1.26157 1.01581 1.2288 1.1305 1.21242 1.03219 1.27795 0.917504 1.27795 1.03219 0.917504 1.29434 1.50733 1.26157 0.8192 1.24518 1.21242 0.98304 1.21242 0.835584 1.19603 0.98304 1.14688 1.14688 1.1305 0.917504 1.1305 1.1305 0.917504 1.3271 1.34349 1.24518 0.851968 1.04858 0.917504 1.3271 1.21242 1.16326 1.1305 
Utility: 5.03483 4.20165 4.33991 4.44225 4.52788 4.59832 4.89976 4.48976 4.49903 5.10391 4.57261 4.27789 4.34123 4.78071 4.11283 4.68261 4.19571 5.14798 4.19194 4.89769 2.23376 4.22666 4.31058 2.61188 5.1307 3.86524 4.16401 4.69304 2.2166 2.37156 2.00764 4.37937 4.3127 4.78885 2.37411 4.19753 2.09535 2.35751 4.7662 4.12503 4.93294 4.17224 5.39892 4.02612 4.33744 2.14969 4.49284 4.37593 4.61268 5.1401 

--------------------------------------
Time: 8.00066
Split Ratios: 1 1 1 1 1 1 1 1 1 1 1 1 1 1 1 1 1 1 1 1 1 1 1 1 1 1 1 1 1 1 1 1 1 1 1 1 1 1 1 1 1 1 1 1 1 1 1 1 1 1 
Delays: 0.00754453 0.0180997 0.0152074 0.0134723 0.0117575 0.0114241 0.00746833 0.0131968 0.015571 0.00563183 0.0116545 0.018182 0.0131894 0.0120897 0.0171555 0.011156 0.0154113 0.00738888 0.0140619 0.00951055 0.139734 0.0133658 0.0174862 0.139786 0.00743911 0.0180152 0.020417 0.0110892 0.133817 0.141498 0.141491 0.0149745 0.0133478 0.00956588 0.138279 0.0180226 0.142104 0.136395 0.00978073 0.0152765 0.00958404 0.018681 0.00565138 0.0153611 0.0137789 0.135698 0.0150198 0.0163666 0.0118058 0.00717014 
Throughputs: 1.39264 1.17965 1.35987 1.2288 1.1305 1.3271 0.98304 1.42541 1.14688 1.03219 1.2288 1.17965 1.21242 1.39264 0.999424 0.966656 0.917504 0.966656 1.11411 0.8192 1.04858 1.1305 1.3271 1.24518 1.01581 1.16326 1.17965 1.1305 1.09773 1.16326 0.966656 1.21242 0.999424 0.917504 1.08134 1.08134 0.8192 1.19603 1.24518 1.09773 0.950272 1.09773 1.2288 1.21242 1.1305 1.08134 1.24518 1.26157 1.34349 1.21242 
Utility: 5.21813 4.17708 4.49336 4.51316 4.56592 4.75503 4.87998 4.68224 4.29939 5.21101 4.6581 4.17254 4.52096 4.7466 4.06486 4.46186 4.08656 4.87387 4.37234 4.45593 2.01545 4.43771 4.32934 2.18692 4.91669 4.16777 4.0566 4.62444 2.10452 2.1067 1.92161 4.39402 4.31583 4.56345 2.05669 4.09433 1.75177 2.17121 4.84662 4.27468 4.59665 4.07349 5.38189 4.36853 4.40727 2.07553 4.41767 4.34487 4.73443 5.13045 

--------------------------------------
Time: 8.50126
Split Ratios: 1 1 1 1 1 1 1 1 1 1 1 1 1 1 1 1 1 1 1 1 1 1 1 1 1 1 1 1 1 1 1 1 1 1 1 1 1 1 1 1 1 1 1 1 1 1 1 1 1 1 
Delays: 0.00753486 0.0184837 0.0151753 0.0135682 0.0119902 0.0114005 0.00744866 0.0132302 0.015283 0.00570284 0.0119049 0.0180496 0.0133096 0.0110843 0.0189107 0.0111646 0.0154859 0.00743269 0.0137476 0.00942514 0.165091 0.0140933 0.0178587 0.165058 0.00740573 0.018702 0.0198095 0.0111155 0.160574 0.167792 0.168552 0.0151112 0.0132908 0.00972133 0.167415 0.0178576 0.169456 0.164347 0.00992534 0.0159547 0.00966092 0.0206749 0.0056585 0.0156159 0.0139535 0.16015 0.015786 0.0159077 0.0115436 0.00750263 
Throughputs: 1.35987 1.14688 1.14688 1.06496 1.26157 1.27795 1.11411 1.24518 1.35987 1.04858 1.08134 1.19603 1.2288 1.04858 1.44179 1.2288 1.03219 1.34349 0.90112 0.966656 1.06496 1.11411 1.01581 1.09773 1.09773 0.917504 1.2288 1.01581 1.11411 1.3271 0.98304 1.44179 1.17965 1.14688 1.17965 1.08134 1.01581 1.03219 1.21242 1.1305 1.14688 1.26157 0.917504 1.37626 1.2288 0.933888 1.31072 1.26157 1.14688 1.03219 
Utility: 5.19561 4.12791 4.32513 4.36296 4.65602 4.71936 5.00778 4.54454 4.48841 5.21422 4.50901 4.19364 4.52531 4.54966 4.33392 4.70104 4.19951 5.19714 4.18277 4.63046 1.86419 4.37012 4.04095 1.8947 4.99874 3.89303 4.12763 4.5151 1.93706 2.06803 1.76341 4.55821 4.4859 4.77048 1.95249 4.10353 1.79085 1.83746 4.80528 4.26066 4.77671 4.11119 5.0885 4.47883 4.47806 1.76325 4.41921 4.37331 4.59867 4.92419 

--------------------------------------
Time: 9.0013
Split Ratios: 1 1 1 1 1 1 1 1 1 1 1 1 1 1 1 1 1 1 1 1 1 1 1 1 1 1 1 1 1 1 1 1 1 1 1 1 1 1 1 1 1 1 1 1 1 1 1 1 1 1 
Delays: 0.00746711 0.0184681 0.0152391 0.0133727 0.0118129 0.0114039 0.00751526 0.0133755 0.0151235 0.00568769 0.0117776 0.0184363 0.0133667 0.011957 0.0174488 0.0111872 0.0154115 0.00740962 0.0142821 0.00950168 0.18107 0.013132 0.0173767 0.183175 0.007426 0.0188959 0.0206529 0.0110938 0.176767 0.185167 0.185266 0.0150065 0.0134761 0.0097381 0.182689 0.0181483 0.184545 0.180567 0.009787 0.0152083 0.00975787 0.0189385 0.0057373 0.0154785 0.0139947 0.17911 0.0150807 0.0175784 0.0119414 0.00691186 
Throughputs: 1.17965 1.3271 1.31072 1.04858 1.50733 1.1305 1.14688 1.24518 1.19603 1.16326 1.21242 1.1305 1.21242 1.31072 0.884736 1.09773 0.966656 1.27795 1.60563 0.917504 0.98304 0.884736 1.21242 1.17965 1.24518 0.966656 1.21242 0.950272 1.11411 1.31072 1.06496 0.966656 1.11411 1.06496 1.06496 1.24518 0.884736 1.09773 1.24518 1.21242 1.29434 1.06496 1.37626 1.34349 0.868352 1.01581 1.44179 1.3271 1.11411 1.17965 
Utility: 5.06246 4.27471 4.45447 4.36197 4.8489 4.59646 5.02786 4.53361 4.37052 5.32068 4.63417 4.11609 4.5076 4.69702 3.92602 4.58623 4.13873 5.15023 4.72227 4.57019 1.69176 4.21024 4.24524 1.86253 5.12205 3.9349 4.07252 4.45036 1.84098 1.95707 1.7489 4.16536 4.41489 4.69465 1.76291 4.22846 1.5674 1.8049 4.84598 4.37853 4.88768 4.0295 5.48013 4.46357 4.12792 1.73544 4.56022 4.32408 4.5358 5.13973 

--------------------------------------
Time: 9.50132
Split Ratios: 1 1 1 1 1 1 1 1 1 1 1 1 1 1 1 1 1 1 1 1 1 1 1 1 1 1 1 1 1 1 1 1 1 1 1 1 1 1 1 1 1 1 1 1 1 1 1 1 1 1 
Delays: 0.00753473 0.0171159 0.0153911 0.0137711 0.0116278 0.0115052 0.00750789 0.0134619 0.0144317 0.0057008 0.0116422 0.0165866 0.0132318 0.010489 0.0170858 0.0111654 0.0154947 0.00741791 0.0139688 0.00960303 0.198876 0.0125123 0.0174319 0.202473 0.0074259 0.0173165 0.0180956 0.0111285 0.19531 0.201822 0.202322 0.015091 0.0134383 0.00968378 0.199437 0.016708 0.201963 0.19596 0.00985066 0.0149272 0.00980053 0.01965 0.00565669 0.0151793 0.0138245 0.198451 0.0146774 0.0146936 0.011812 0.00687048 
Throughputs: 1.35987 1.26157 1.49094 1.40902 1.35987 1.21242 1.04858 1.24518 1.1305 0.90112 1.14688 0.950272 1.17965 1.42541 1.01581 1.17965 1.35987 1.21242 1.17965 0.884736 1.26157 1.03219 0.835584 1.19603 0.999424 0.884736 0.802816 1.06496 0.917504 1.35987 0.868352 0.999424 1.1305 1.1305 1.08134 0.933888 0.917504 1.06496 1.19603 1.21242 1.29434 1.14688 1.19603 1.06496 1.03219 1.03219 1.14688 1.1305 1.27795 0.999424 
Utility: 5.19562 4.30011 4.57338 4.62808 4.76175 4.65757 4.93923 4.52717 4.36098 5.06303 4.59017 4.04815 4.49035 4.91188 4.08519 4.66015 4.47464 5.09647 4.43614 4.52321 1.84743 4.41273 3.86983 1.77616 4.90221 3.93363 3.79245 4.56118 1.54707 1.90776 1.45674 4.19308 4.4323 4.75996 1.69046 4.02347 1.51357 1.69278 4.79923 4.39719 4.88332 4.06672 5.35393 4.25076 4.313 1.6489 4.35849 4.343 4.68389 4.97995 

--------------------------------------
Time: 10.0013
Split Ratios: 1 1 1 1 1 1 1 1 1 1 1 1 1 1 1 1 1 1 1 1 1 1 1 1 1 1 1 1 1 1 1 1 1 1 1 1 1 1 1 1 1 1 1 1 1 1 1 1 1 1 
Delays: 0.00758146 0.0174832 0.0151804 0.0135538 0.0116544 0.0114614 0.00756211 0.0133054 0.0145921 0.00557099 0.0115834 0.0173304 0.0131715 0.0106158 0.0168716 0.011205 0.0154426 0.00741293 0.0139255 0.00950737 0.204079 0.0126489 0.0175111 0.205043 0.0074025 0.0175554 0.0188063 0.011105 0.198554 0.20672 0.204736 0.0149833 0.0133795 0.00969027 0.20206 0.016974 0.205755 0.200884 0.0100406 0.0148355 0.00969951 0.0186815 0.00569006 0.0153019 0.0136172 0.200017 0.0149426 0.0152902 0.0115419 0.00674576 
Throughputs: 1.14688 1.34349 1.31072 1.34349 1.14688 1.14688 1.1305 1.35987 1.06496 0.90112 0.966656 1.24518 1.09773 0.999424 1.29434 1.04858 1.08134 0.999424 1.27795 1.01581 1.08134 1.14688 0.999424 0.999424 1.1305 1.01581 1.06496 0.999424 1.09773 1.11411 1.21242 0.98304 1.29434 1.2288 0.966656 1.03219 1.08134 1.01581 1.24518 1.09773 1.11411 1.21242 1.11411 1.1305 0.999424 1.11411 1.03219 1.06496 1.03219 1.08134 
Utility: 5.01909 4.34179 4.45833 4.59636 4.58912 4.60581 5.00726 4.62698 4.29021 5.08607 4.42427 4.27458 4.42294 4.54484 4.34012 4.53883 4.24883 4.90395 4.51929 4.67137 1.66745 4.50723 4.04434 1.58396 5.02859 4.05808 4.0365 4.49978 1.70994 1.68445 1.77865 4.18371 4.57203 4.84267 1.56528 4.10776 1.65927 1.62071 4.8204 4.30397 4.74374 4.17283 5.27709 4.30243 4.29584 1.71741 4.23522 4.24348 4.49346 5.07705 

--------------------------------------
Time: 10.5016
Split Ratios: 1 1 1 1 1 1 1 1 1 1 1 1 1 1 1 1 1 1 1 1 1 1 1 1 1 1 1 1 1 1 1 1 1 1 1 1 1 1 1 1 1 1 1 1 1 1 1 1 1 1 
Delays: 0.00745897 0.0188417 0.0152231 0.0134463 0.0119115 0.0113712 0.0075205 0.013165 0.0154572 0.00566165 0.0117554 0.0178814 0.0131748 0.0115709 0.0172004 0.0111935 0.0154298 0.00741556 0.0141379 0.00956765 0.208377 0.0132232 0.0179068 0.210473 0.0074531 0.0191844 0.0204175 0.0110983 0.204697 0.212348 0.212419 0.0150472 0.0133034 0.00946763 0.208497 0.0182419 0.213312 0.205792 0.00981235 0.0153744 0.00981251 0.019551 0.00564139 0.0155229 0.0139821 0.206339 0.0156725 0.0167969 0.0117283 0.00746288 
Throughputs: 1.17965 1.21242 1.29434 1.01581 1.37626 1.2288 1.04858 1.06496 1.3271 1.21242 1.09773 1.04858 1.34349 1.45818 1.04858 0.917504 0.933888 1.04858 1.14688 1.09773 1.08134 1.1305 1.21242 1.08134 1.27795 1.29434 0.966656 1.03219 0.851968 1.3271 1.26157 1.31072 1.04858 1.04858 1.01581 1.17965 0.917504 1.16326 1.08134 1.04858 1.14688 1.37626 1.03219 1.08134 1.17965 1.06496 1.09773 1.5401 1.14688 1.27795 
Utility: 5.06355 4.1643 4.44294 4.32474 4.74962 4.68271 4.93756 4.39313 4.45268 5.36665 4.53668 4.07143 4.62472 4.83644 4.11026 4.40632 4.10306 4.95161 4.39594 4.74261 1.64661 4.44844 4.21519 1.6366 5.14438 4.21166 3.85745 4.53265 1.42602 1.83253 1.78155 4.46714 4.36717 4.70731 1.58351 4.16925 1.4589 1.73212 4.70232 4.22248 4.76114 4.2541 5.20931 4.24364 4.4352 1.64117 4.24909 4.51841 4.5828 5.14307 

--------------------------------------
Time: 11.0019
Split Ratios: 1 1 1 1 1 1 1 1 1 1 1 1 1 1 1 1 1 1 1 1 1 1 1 1 1 1 1 1 1 1 1 1 1 1 1 1 1 1 1 1 1 1 1 1 1 1 1 1 1 1 
Delays: 0.0074119 0.0194568 0.0150323 0.0134209 0.0118165 0.0113331 0.00747823 0.0132811 0.0154345 0.00564097 0.0119457 0.018689 0.0132531 0.0113777 0.0187724 0.011152 0.0154939 0.00746768 0.0140043 0.00958003 0.213592 0.0138963 0.0176438 0.215574 0.0073879 0.0189235 0.0206616 0.0111117 0.209372 0.219746 0.217716 0.0150702 0.0134159 0.00972474 0.214357 0.0179027 0.218364 0.21261 0.00972402 0.015297 0.00960893 0.0215342 0.00560164 0.0154864 0.0141053 0.212615 0.015752 0.0172515 0.0116518 0.00742166 
Throughputs: 1.01581 1.17965 1.37626 1.16326 1.50733 0.950272 1.08134 1.26157 1.1305 1.11411 1.16326 1.08134 1.06496 1.35987 1.04858 1.08134 1.35987 1.1305 1.09773 0.966656 1.04858 1.14688 1.01581 1.06496 1.27795 1.2288 1.1305 1.31072 1.09773 1.08134 0.999424 1.34349 0.999424 1.16326 1.24518 1.17965 0.999424 1.01581 1.19603 0.917504 1.14688 1.44179 1.49094 1.42541 1.11411 1.16326 1.21242 1.31072 1.11411 1.37626 
Utility: 4.92035 4.10477 4.51692 4.46217 4.8486 4.42902 4.97396 4.55377 4.29381 5.28576 4.57861 4.05802 4.38646 4.78349 4.0228 4.57434 4.4747 5.01983 4.36163 4.61416 1.59112 4.41318 4.05305 1.59739 5.15317 4.17339 4.00214 4.77034 1.65689 1.59349 1.52399 4.4903 4.31074 4.78431 1.7594 4.18802 1.52102 1.56398 4.81217 4.094 4.78211 4.204 5.58411 4.52225 4.36926 1.6995 4.3434 4.33043 4.56035 5.22272 

--------------------------------------
Time: 11.5021
Split Ratios: 1 1 1 1 1 1 1 1 1 1 1 1 1 1 1 1 1 1 1 1 1 1 1 1 1 1 1 1 1 1 1 1 1 1 1 1 1 1 1 1 1 1 1 1 1 1 1 1 1 1 
Delays: 0.00749822 0.0183442 0.0151892 0.0136346 0.0115652 0.0113874 0.00750742 0.0132644 0.0144449 0.00562942 0.011637 0.0184378 0.0130891 0.0112429 0.0172831 0.0111338 0.0154389 0.00739719 0.0142484 0.00950432 0.233285 0.0124137 0.0174391 0.235586 0.00741194 0.0181763 0.019653 0.011121 0.230243 0.238856 0.238158 0.0150531 0.0132015 0.00969676 0.235483 0.0174222 0.238301 0.232743 0.00992945 0.01445 0.00966477 0.0199146 0.00566307 0.015481 0.0138199 0.233027 0.0146412 0.0167612 0.0118307 0.00641512 
Throughputs: 1.2288 1.27795 1.2288 1.16326 0.966656 1.06496 1.1305 1.17965 0.851968 0.933888 1.34349 1.16326 0.884736 0.999424 1.2288 1.11411 1.16326 1.24518 1.14688 0.98304 1.14688 1.01581 1.08134 1.19603 1.11411 1.06496 1.08134 1.03219 0.884736 1.29434 1.03219 1.14688 0.933888 1.04858 1.04858 0.966656 1.11411 0.98304 1.37626 1.08134 1.1305 1.06496 1.24518 1.03219 1.16326 1.04858 1.08134 1.40902 1.50733 1.11411 
Utility: 5.09913 4.2437 4.39321 4.44637 4.42585 4.53819 5.01452 4.48789 4.07721 5.11135 4.74883 4.14458 4.21351 4.48744 4.26406 4.60583 4.3221 5.12594 4.38816 4.6389 1.59254 4.40464 4.12725 1.62469 5.01272 4.07057 4.00773 4.5306 1.34616 1.68989 1.46651 4.33321 4.25902 4.6834 1.49355 4.0161 1.54228 1.44072 4.93162 4.31527 4.76192 3.97924 5.39307 4.19983 4.43287 1.50403 4.30212 4.43158 4.8474 5.15716 

--------------------------------------
Time: 12.0022
Split Ratios: 1 1 1 1 1 1 1 1 1 1 1 1 1 1 1 1 1 1 1 1 1 1 1 1 1 1 1 1 1 1 1 1 1 1 1 1 1 1 1 1 1 1 1 1 1 1 1 1 1 1 
Delays: 0.00744986 0.0179486 0.015168 0.0133829 0.0116714 0.0115388 0.0075194 0.0134167 0.015574 0.00566903 0.0115753 0.0174301 0.0133136 0.0106784 0.0172455 0.0111504 0.0154178 0.00742866 0.0140017 0.00964344 0.25526 0.014081 0.0174875 0.255806 0.00739034 0.0178089 0.0196804 0.0110986 0.248493 0.25816 0.257088 0.0151474 0.0131907 0.00956231 0.252882 0.0172842 0.257022 0.251411 0.00973396 0.0150362 0.00961356 0.0198325 0.00562223 0.0155092 0.013729 0.250571 0.0155543 0.0159613 0.0115724 0.0072815 
Throughputs: 1.16326 1.16326 1.29434 0.90112 1.24518 0.999424 1.08134 1.35987 0.999424 1.06496 1.03219 1.1305 1.44179 1.19603 1.08134 1.1305 1.14688 1.04858 0.98304 0.90112 1.19603 1.50733 1.06496 1.26157 1.2288 1.17965 1.14688 1.03219 0.835584 1.26157 0.917504 1.16326 1.08134 1.17965 1.11411 1.01581 1.04858 0.98304 1.21242 1.24518 0.950272 1.27795 0.950272 1.09773 1.29434 1.06496 1.3271 1.17965 1.44179 1.08134 
Utility: 5.05079 4.17147 4.44656 4.20966 4.6699 4.46146 4.96847 4.61865 4.16158 5.23567 4.49057 4.17221 4.68485 4.71854 4.13841 4.61894 4.30928 4.94984 4.25147 4.53736 1.54448 4.67327 4.1092 1.59569 5.11362 4.19328 4.06518 4.53262 1.21271 1.58653 1.27224 4.34115 4.40645 4.81514 1.48289 4.07365 1.40603 1.36356 4.82475 4.41658 4.59357 4.16569 5.13002 4.25956 4.54624 1.44695 4.44642 4.30281 4.82502 5.00062 

--------------------------------------
Time: 12.5023
Split Ratios: 1 1 1 1 1 1 1 1 1 1 1 1 1 1 1 1 1 1 1 1 1 1 1 1 1 1 1 1 1 1 1 1 1 1 1 1 1 1 1 1 1 1 1 1 1 1 1 1 1 1 
Delays: 0.00747149 0.0173575 0.0152254 0.0134514 0.0120441 0.011519 0.00744341 0.0133511 0.014897 0.00565591 0.0118295 0.0179822 0.0132304 0.0106443 0.0187688 0.0111794 0.0152946 0.00744554 0.0140935 0.00955826 0.264461 0.0134621 0.0174629 0.265743 0.0073932 0.0179637 0.0189237 0.0111214 0.260367 0.270317 0.266898 0.0149617 0.0132464 0.00953915 0.264126 0.0168548 0.267816 0.264192 0.00975337 0.0150169 0.0095835 0.0201523 0.00562355 0.0155496 0.0142122 0.262214 0.0147762 0.0154854 0.0118261 0.00736063 
Throughputs: 1.27795 1.19603 1.16326 1.06496 1.16326 1.29434 1.09773 1.50733 1.11411 1.01581 1.11411 1.14688 1.14688 1.21242 1.21242 1.37626 1.34349 1.2288 1.08134 1.27795 0.98304 1.2288 1.19603 1.19603 1.29434 1.09773 1.04858 1.16326 0.786432 1.31072 1.08134 1.16326 1.21242 1.1305 1.04858 0.999424 1.16326 1.21242 1.21242 1.03219 1.35987 1.27795 1.09773 0.884736 1.17965 0.950272 1.1305 1.34349 1.39264 1.26157 
Utility: 5.14192 4.23274 4.33602 4.37161 4.57041 4.72176 4.99367 4.72649 4.31465 5.19074 4.54522 4.15542 4.46228 4.73534 4.16817 4.81305 4.47553 5.10618 4.34025 4.89561 1.31296 4.51392 4.22669 1.50424 5.16519 4.11264 4.01477 4.65011 1.10541 1.57874 1.39909 4.35349 4.51665 4.77501 1.37876 4.08254 1.46868 1.5237 4.82276 4.23026 4.9551 4.14969 5.27404 4.04125 4.41887 1.28759 4.33739 4.46312 4.76864 5.14396 

--------------------------------------
Time: 13.0029
Split Ratios: 1 1 1 1 1 1 1 1 1 1 1 1 1 1 1 1 1 1 1 1 1 1 1 1 1 1 1 1 1 1 1 1 1 1 1 1 1 1 1 1 1 1 1 1 1 1 1 1 1 1 
Delays: 0.00748111 0.0197594 0.0152872 0.0134371 0.0116094 0.0114158 0.00748543 0.0132519 0.0155949 0.00565721 0.0115522 0.0189321 0.0132115 0.0125441 0.0175116 0.0111796 0.0153324 0.00741793 0.0143745 0.00986813 0.282057 0.0133501 0.0174549 0.283345 0.00740489 0.0205694 0.0209417 0.0111081 0.279275 0.285963 0.286879 0.0149323 0.0132238 0.00957724 0.282825 0.0192545 0.284681 0.2815 0.00981896 0.0157409 0.00966209 0.0191844 0.00566826 0.0153038 0.0137008 0.279854 0.015713 0.0167681 0.0117328 0.00753229 
Throughputs: 1.1305 1.57286 1.06496 0.950272 1.35987 1.21242 0.999424 1.14688 0.835584 1.03219 0.966656 1.24518 1.2288 1.31072 1.19603 1.04858 1.21242 1.17965 1.09773 1.27795 1.42541 1.08134 0.999424 1.04858 1.26157 1.24518 1.03219 0.90112 0.950272 1.01581 1.1305 1.24518 0.884736 0.933888 0.966656 1.08134 0.917504 1.03219 1.3271 1.08134 0.868352 1.1305 0.933888 1.09773 1.14688 1.2288 1.65478 1.27795 1.06496 1.45818 
Utility: 5.01803 4.37703 4.24368 4.25873 4.76333 4.66537 4.89422 4.46066 3.98118 5.20651 4.42696 4.18618 4.53271 4.64908 4.2239 4.54109 4.3704 5.06907 4.33554 4.8637 1.6201 4.39444 4.04756 1.30852 5.13797 4.10324 3.8977 4.39596 1.22455 1.26758 1.37135 4.42351 4.20327 4.57997 1.22901 4.02821 1.17029 1.29931 4.90644 4.2297 4.49839 4.07631 5.10447 4.2729 4.42735 1.47953 4.65694 4.33353 4.50831 5.26574 

--------------------------------------
Time: 13.5029
Split Ratios: 1 1 1 1 1 1 1 1 1 1 1 1 1 1 1 1 1 1 1 1 1 1 1 1 1 1 1 1 1 1 1 1 1 1 1 1 1 1 1 1 1 1 1 1 1 1 1 1 1 1 
Delays: 0.00749876 0.0171274 0.0151001 0.0135038 0.0116128 0.0115265 0.00744473 0.0132307 0.0148264 0.00566416 0.0117656 0.0169861 0.0132984 0.0105777 0.0166507 0.0111999 0.0153813 0.00743846 0.0148873 0.00955832 0.288389 0.0127968 0.0174314 0.288036 0.00746876 0.0174362 0.0193598 0.0111534 0.284467 0.290563 0.288245 0.0151191 0.0132316 0.00973407 0.286163 0.0172266 0.293264 0.286284 0.00978595 0.014212 0.00978882 0.019537 0.00561135 0.0153022 0.0137862 0.283084 0.0147493 0.0150954 0.0121349 0.00663959 
Throughputs: 1.04858 1.1305 1.24518 1.1305 1.11411 1.37626 0.999424 1.17965 1.01581 1.09773 1.27795 1.19603 1.3271 1.06496 1.06496 1.24518 0.950272 1.27795 1.06496 1.03219 0.999424 0.999424 1.21242 1.26157 1.14688 1.09773 1.09773 1.06496 1.16326 1.16326 1.11411 1.27795 1.09773 1.14688 1.08134 1.14688 0.933888 1.03219 1.1305 1.11411 1.2288 1.17965 1.06496 1.17965 0.966656 0.98304 1.24518 1.19603 1.34349 1.11411 
Utility: 4.94045 4.18973 4.41233 4.42744 4.56371 4.78248 4.89967 4.49043 4.22703 5.26684 4.68783 4.25437 4.60311 4.61194 4.15824 4.71113 4.12359 5.14635 4.27018 4.68203 1.24287 4.35799 4.2421 1.47703 5.03407 4.14245 4.0378 4.55895 1.40837 1.38716 1.352 4.43706 4.41839 4.76917 1.3294 4.19835 1.15828 1.28246 4.74946 4.36173 4.83255 4.10066 5.2459 4.34497 4.25017 1.24491 4.43585 4.37237 4.70694 5.12276 

--------------------------------------
Time: 14.003
Split Ratios: 1 1 1 1 1 1 1 1 1 1 1 1 1 1 1 1 1 1 1 1 1 1 1 1 1 1 1 1 1 1 1 1 1 1 1 1 1 1 1 1 1 1 1 1 1 1 1 1 1 1 
Delays: 0.00751027 0.0190527 0.0152561 0.0136377 0.0115932 0.0114026 0.00757374 0.0134055 0.0155936 0.00564668 0.0116911 0.0176689 0.0130895 0.0105957 0.0172307 0.011195 0.0154789 0.00743573 0.013872 0.00968057 0.304973 0.0140054 0.017203 0.306386 0.00742244 0.0180462 0.0194279 0.0110834 0.303058 0.310003 0.309251 0.0150064 0.013215 0.00981203 0.305274 0.0176034 0.310985 0.304129 0.00979156 0.0158021 0.00981016 0.0199557 0.00564678 0.015271 0.0137394 0.30649 0.0153942 0.0160986 0.0116182 0.00763068 
Throughputs: 1.34349 1.21242 1.2288 1.16326 1.16326 1.24518 1.16326 1.16326 1.04858 1.01581 1.17965 1.21242 0.98304 1.29434 1.11411 1.06496 1.19603 1.37626 0.999424 1.01581 1.16326 1.16326 0.966656 1.1305 1.11411 1.16326 1.04858 0.966656 0.802816 1.11411 1.17965 1.01581 1.06496 1.04858 1.08134 1.21242 1.14688 1.06496 1.34349 1.06496 1.11411 1.3271 1.06496 1.1305 1.2288 1.04858 1.39264 0.98304 1.08134 1.16326 
Utility: 5.18675 4.15316 4.38881 4.44614 4.60856 4.6932 5.0343 4.46332 4.20833 5.19237 4.61415 4.22857 4.31884 4.8053 4.16912 4.55522 4.34729 5.22083 4.27731 4.65332 1.33876 4.41955 4.02876 1.30557 5.0113 4.16605 3.98848 4.46839 0.974202 1.27923 1.33882 4.21496 4.38934 4.67158 1.26475 4.23228 1.30505 1.25324 4.9215 4.21055 4.73239 4.19724 5.23961 4.30445 4.49352 1.23 4.50497 4.11192 4.53339 5.02681 

--------------------------------------
Time: 14.5033
Split Ratios: 1 1 1 1 1 1 1 1 1 1 1 1 1 1 1 1 1 1 1 1 1 1 1 1 1 1 1 1 1 1 1 1 1 1 1 1 1 1 1 1 1 1 1 1 1 1 1 1 1 1 
Delays: 0.00747001 0.0190498 0.0151149 0.0135587 0.0118996 0.0114532 0.00752525 0.0132499 0.0149546 0.00564281 0.0117225 0.0185651 0.0131819 0.011551 0.0192534 0.0111585 0.0156153 0.00740444 0.0139325 0.0094873 0.335894 0.013218 0.0180434 0.337561 0.0074505 0.0186962 0.020301 0.0111334 0.33309 0.340808 0.338487 0.0151342 0.0132644 0.00976857 0.335422 0.0183187 0.34011 0.334781 0.00959874 0.0152088 0.00966261 0.0203023 0.00564296 0.015536 0.0138039 0.334769 0.0148366 0.0165959 0.0118196 0.00667356 
Throughputs: 1.11411 1.19603 1.2288 1.27795 1.35987 1.24518 0.966656 1.1305 0.835584 1.11411 1.40902 1.11411 1.35987 1.35987 1.40902 1.06496 1.1305 1.1305 1.03219 1.01581 1.19603 1.27795 1.14688 1.04858 1.1305 0.98304 1.2288 1.06496 0.933888 1.21242 1.1305 1.65478 0.868352 1.16326 1.01581 1.08134 1.04858 1.09773 1.08134 0.851968 0.98304 1.21242 1.1305 0.966656 1.08134 1.06496 1.16326 1.21242 1.1305 1.11411 
Utility: 5.00492 4.13971 4.39811 4.54599 4.73864 4.68877 4.85558 4.44643 4.02311 5.28543 4.78914 4.09453 4.6363 4.76837 4.29296 4.5585 4.28216 5.02833 4.30521 4.67349 1.26997 4.57143 4.15202 1.13344 5.02213 3.96233 4.10313 4.56074 1.03094 1.26905 1.20593 4.69447 4.18151 4.77981 1.10805 4.07804 1.12592 1.18752 4.72433 4.02568 4.62239 4.08963 5.3 4.13068 4.36101 1.15725 4.36189 4.29121 4.56065 5.11766 

--------------------------------------
Time: 15.0033
Split Ratios: 1 1 1 1 1 1 1 1 1 1 1 1 1 1 1 1 1 1 1 1 1 1 1 1 1 1 1 1 1 1 1 1 1 1 1 1 1 1 1 1 1 1 1 1 1 1 1 1 1 1 
Delays: 0.0074803 0.0201806 0.015218 0.0136109 0.0117824 0.0113344 0.00745566 0.0133503 0.0148693 0.00562958 0.0117062 0.0192992 0.0132164 0.011692 0.0184599 0.011144 0.0153084 0.00743493 0.0148269 0.00946409 0.361335 0.0133608 0.0172712 0.361738 0.00739526 0.0191999 0.0217696 0.0110787 0.356134 0.365086 0.363171 0.0150435 0.0133223 0.00957645 0.357896 0.0178068 0.362036 0.358152 0.00972101 0.0142869 0.00955974 0.0204758 0.00561396 0.0154456 0.0138567 0.357431 0.0150374 0.0179474 0.0116033 0.00692341 
Throughputs: 1.16326 1.11411 1.3271 1.04858 1.26157 1.03219 0.950272 1.40902 0.884736 1.08134 1.3271 1.45818 1.16326 1.19603 1.17965 0.917504 1.19603 1.11411 1.21242 1.08134 0.933888 1.19603 1.16326 1.40902 1.16326 1.08134 1.09773 0.90112 1.03219 1.11411 0.933888 1.27795 1.08134 1.11411 1.27795 0.950272 0.90112 1.09773 1.40902 1.1305 0.917504 1.08134 1.09773 0.999424 0.90112 0.98304 1.17965 1.16326 1.03219 1.01581 
Utility: 5.04671 4.01109 4.46827 4.34432 4.6735 4.5116 4.84777 4.65911 4.08599 5.25793 4.73064 4.32488 4.47753 4.62786 4.15737 4.41076 4.35836 5.00962 4.40393 4.73846 0.949552 4.49444 4.20995 1.35973 5.05815 4.03105 3.92048 4.39861 1.06413 1.11568 0.944483 4.44207 4.39652 4.75651 1.27277 3.97717 0.911895 1.12004 4.97636 4.37107 4.5641 3.96672 5.27574 4.16985 4.17487 1.01171 4.36243 4.17154 4.48815 4.98853 

--------------------------------------
Time: 15.5033
Split Ratios: 1 1 1 1 1 1 1 1 1 1 1 1 1 1 1 1 1 1 1 1 1 1 1 1 1 1 1 1 1 1 1 1 1 1 1 1 1 1 1 1 1 1 1 1 1 1 1 1 1 1 
Delays: 0.00754277 0.0186516 0.0153162 0.013644 0.0115499 0.0114564 0.00750735 0.0132569 0.0147798 0.00560099 0.0115076 0.0189968 0.0131282 0.010951 0.0177903 0.011158 0.0153336 0.00744984 0.0140912 0.00966729 0.374641 0.0129892 0.0172999 0.374994 0.00743342 0.0182063 0.0204122 0.0110877 0.371041 0.379129 0.37592 0.0151636 0.0133915 0.00964261 0.374212 0.0179011 0.378894 0.372634 0.00962767 0.014618 0.00968284 0.020046 0.0057159 0.0152532 0.0135413 0.373155 0.0148592 0.0167404 0.011955 0.00672815 
Throughputs: 1.21242 1.50733 1.11411 1.16326 1.19603 1.47456 0.966656 1.40902 0.950272 1.14688 0.98304 1.31072 1.21242 1.26157 1.03219 1.04858 1.17965 1.27795 1.01581 1.06496 1.34349 0.802816 0.999424 1.24518 1.03219 1.03219 1.14688 1.01581 0.802816 0.835584 1.14688 1.1305 1.06496 1.19603 1.01581 1.09773 1.2288 1.09773 1.1305 1.1305 1.04858 1.27795 1.16326 1.06496 0.966656 0.999424 1.45818 1.11411 1.11411 1.29434 
Utility: 5.07978 4.39216 4.2869 4.44568 4.64009 4.85757 4.85796 4.66613 4.16349 5.32186 4.44764 4.23406 4.5256 4.74668 4.06079 4.54303 4.34292 5.14482 4.27789 4.70194 1.27706 4.12401 4.05648 1.20013 4.93345 4.03767 4.02867 4.5176 0.771814 0.790253 1.11542 4.31151 4.37607 4.82057 0.998616 4.11614 1.17654 1.0804 4.76577 4.34816 4.68483 4.15498 5.31573 4.2459 4.2681 0.985184 4.58633 4.19799 4.53467 5.25945 

--------------------------------------
Time: 16.0035
Split Ratios: 1 1 1 1 1 1 1 1 1 1 1 1 1 1 1 1 1 1 1 1 1 1 1 1 1 1 1 1 1 1 1 1 1 1 1 1 1 1 1 1 1 1 1 1 1 1 1 1 1 1 
Delays: 0.00754863 0.017604 0.0151656 0.0133558 0.0116715 0.0115172 0.00752072 0.0134447 0.0140881 0.00559726 0.0117144 0.0172334 0.0131602 0.0104731 0.0180423 0.0112798 0.0157228 0.00747221 0.0140126 0.00962273 0.371816 0.0122149 0.0177292 0.376773 0.00741687 0.0177289 0.019189 0.011105 0.364289 0.376441 0.374534 0.0150227 0.0134047 0.00953625 0.368398 0.0169832 0.372816 0.371793 0.00979867 0.0141549 0.00968746 0.0202301 0.00565045 0.0154236 0.0135456 0.36708 0.0141908 0.0155424 0.0121172 0.00652882 
Throughputs: 1.04858 1.34349 1.16326 0.868352 1.29434 1.04858 1.11411 1.52371 0.802816 1.16326 1.40902 1.09773 1.19603 1.24518 1.16326 0.999424 1.2288 1.26157 1.06496 0.90112 1.19603 0.950272 1.14688 1.06496 1.14688 1.27795 0.999424 0.98304 0.884736 1.24518 1.11411 1.09773 1.14688 1.27795 1.01581 0.98304 1.03219 1.01581 1.3271 1.2288 1.19603 1.31072 1.19603 0.966656 1.03219 1.1305 1.03219 0.98304 1.39264 1.1305 
Utility: 4.93382 4.3349 4.33995 4.17465 4.7086 4.51135 4.99815 4.73032 4.04279 5.33671 4.78983 4.15415 4.50956 4.77822 4.16627 4.48416 4.35868 5.12892 4.33074 4.53951 1.16836 4.35409 4.16959 1.03905 5.04104 4.27782 3.95284 4.48326 0.887342 1.19628 1.09013 4.29143 4.4492 4.89791 1.01428 4.05843 1.01836 1.0051 4.90851 4.46373 4.81593 4.17116 5.35503 4.13794 4.33338 1.12483 4.28684 4.14708 4.74433 5.15419 

--------------------------------------
Time: 16.5037
Split Ratios: 1 1 1 1 1 1 1 1 1 1 1 1 1 1 1 1 1 1 1 1 1 1 1 1 1 1 1 1 1 1 1 1 1 1 1 1 1 1 1 1 1 1 1 1 1 1 1 1 1 1 
Delays: 0.00749508 0.0193701 0.0155071 0.0135644 0.0118602 0.0114983 0.00744124 0.0132218 0.0153282 0.00566361 0.0118147 0.0191093 0.0131002 0.0124048 0.0184768 0.0111934 0.0158071 0.00740474 0.0138304 0.0097256 0.413699 0.0127494 0.017432 0.414423 0.0074625 0.019874 0.0220133 0.0110673 0.409695 0.419616 0.415767 0.0151147 0.0132168 0.00963216 0.413068 0.0185449 0.417496 0.411371 0.00991478 0.0148406 0.00971933 0.0204576 0.00566233 0.0155839 0.0141191 0.412589 0.0146532 0.0171585 0.0116175 0.00643651 
Throughputs: 1.09773 1.27795 1.26157 1.19603 1.1305 1.17965 0.950272 1.14688 0.999424 1.11411 1.39264 0.98304 1.31072 1.3271 1.39264 1.03219 1.24518 0.917504 1.14688 1.24518 0.933888 1.03219 1.16326 1.09773 1.16326 1.16326 1.21242 1.21242 1.06496 1.16326 1.27795 1.29434 1.09773 1.34349 1.2288 1.2288 0.770048 1.14688 1.27795 1.17965 1.2288 1.42541 1.1305 1.03219 0.851968 1.03219 1.01581 1.26157 0.884736 1.03219 
Utility: 4.98675 4.18929 4.39881 4.47932 4.55723 4.63077 4.84971 4.46293 4.17749 5.28175 4.76961 3.94047 4.6057 4.67267 4.32244 4.52411 4.36658 4.81954 4.41793 4.85228 0.814219 4.39395 4.20068 0.97411 5.04909 4.06957 4.00873 4.69638 0.95528 1.01965 1.12289 4.45009 4.41951 4.93792 1.09018 4.1936 0.612178 1.0253 4.85899 4.3756 4.83968 4.24386 5.29658 4.1932 4.10002 0.916988 4.23878 4.29762 4.33278 5.07745 

--------------------------------------
Time: 17.0037
Split Ratios: 1 1 1 1 1 1 1 1 1 1 1 1 1 1 1 1 1 1 1 1 1 1 1 1 1 1 1 1 1 1 1 1 1 1 1 1 1 1 1 1 1 1 1 1 1 1 1 1 1 1 
Delays: 0.0074153 0.0175637 0.0154316 0.0134969 0.0116065 0.0115544 0.00756225 0.0133884 0.0151112 0.00555236 0.0115075 0.0174364 0.0131875 0.0106068 0.0186323 0.011182 0.0154585 0.0073927 0.0140058 0.00967727 0.414221 0.0128678 0.0173186 0.41649 0.00742449 0.018174 0.0197931 0.0110669 0.410724 0.419581 0.417295 0.0150468 0.0133442 0.00967082 0.415408 0.0169233 0.417689 0.412642 0.0098306 0.0149926 0.00974072 0.0203111 0.00561576 0.0155782 0.0136726 0.412672 0.0150363 0.0152561 0.0118259 0.00687586 
Throughputs: 1.09773 1.16326 1.60563 1.19603 0.999424 1.01581 1.04858 1.03219 1.39264 1.01581 1.3271 0.917504 1.09773 1.11411 1.24518 1.21242 1.14688 1.01581 1.03219 1.08134 1.29434 1.08134 1.2288 1.06496 1.09773 1.06496 0.933888 0.90112 1.1305 1.19603 0.90112 1.19603 1.06496 1.26157 1.29434 1.14688 0.933888 1.01581 1.14688 1.04858 0.999424 1.68755 0.98304 1.06496 0.933888 0.90112 1.27795 1.03219 1.5401 1.11411 
Utility: 4.99745 4.19315 4.64486 4.4843 4.45562 4.47638 4.93202 4.34505 4.52352 5.20922 4.74775 3.9631 4.42173 4.65432 4.20214 4.68606 4.30664 4.92295 4.29997 4.71618 1.13935 4.43123 4.26201 0.93883 4.99621 4.0707 3.85402 4.39968 1.01249 1.04751 0.769846 4.3756 4.37961 4.871 1.13649 4.21611 0.80462 0.90086 4.7593 4.24763 4.63086 4.41987 5.16507 4.22482 4.22396 0.780986 4.44254 4.21446 4.86931 5.0878 

--------------------------------------
Time: 17.5038
Split Ratios: 1 1 1 1 1 1 1 1 1 1 1 1 1 1 1 1 1 1 1 1 1 1 1 1 1 1 1 1 1 1 1 1 1 1 1 1 1 1 1 1 1 1 1 1 1 1 1 1 1 1 
Delays: 0.00749555 0.0182591 0.0151964 0.0136212 0.0115511 0.0114266 0.00748198 0.0132066 0.0155991 0.00564663 0.0117579 0.0178745 0.0132361 0.0107933 0.0176846 0.011139 0.0152616 0.00741785 0.0140997 0.00958318 0.432771 0.0132813 0.0174261 0.431206 0.00745597 0.0188773 0.0201265 0.0111311 0.426265 0.437612 0.433718 0.0150287 0.0132763 0.00953975 0.430395 0.017632 0.436471 0.428816 0.00966695 0.0152044 0.00957244 0.0197917 0.00566627 0.0155268 0.013563 0.428327 0.0156618 0.0162523 0.0116144 0.00702696 
Throughputs: 1.1305 1.17965 1.08134 1.14688 1.16326 0.917504 0.999424 0.98304 1.08134 1.37626 1.3271 1.24518 1.27795 1.3271 1.03219 0.950272 1.19603 1.27795 1.27795 1.17965 0.868352 1.14688 1.06496 1.52371 1.21242 0.966656 1.17965 1.14688 1.19603 1.16326 0.999424 1.19603 0.999424 1.37626 1.03219 0.999424 0.851968 1.03219 1.16326 1.14688 1.06496 1.40902 1.27795 0.933888 1.08134 1.03219 1.17965 1.29434 1.40902 1.34349 
Utility: 5.0161 4.16831 4.2649 4.43318 4.6122 4.38571 4.89468 4.30993 4.23875 5.49606 4.72623 4.24366 4.57007 4.81183 4.06675 4.4463 4.36143 5.14912 4.50686 4.81296 0.696388 4.45844 4.11273 1.26232 5.09135 3.93588 4.07093 4.63505 1.0317 0.977652 0.834785 4.37681 4.3212 4.97165 0.874738 4.03746 0.668826 0.878413 4.79027 4.32322 4.7118 4.26539 5.41848 4.09679 4.37862 0.879552 4.32175 4.37752 4.7984 5.25327 

--------------------------------------
Time: 18.0039
Split Ratios: 1 1 1 1 1 1 1 1 1 1 1 1 1 1 1 1 1 1 1 1 1 1 1 1 1 1 1 1 1 1 1 1 1 1 1 1 1 1 1 1 1 1 1 1 1 1 1 1 1 1 
Delays: 0.00748484 0.0178265 0.0152552 0.0134369 0.0118725 0.011352 0.00747119 0.0132492 0.0146039 0.00563957 0.0118203 0.0176779 0.0131819 0.0107997 0.0185388 0.0111429 0.0153508 0.00742928 0.0142222 0.00960364 0.432846 0.0127078 0.017571 0.436407 0.00741326 0.0186536 0.0201389 0.0111493 0.430371 0.438259 0.4374 0.0150541 0.013305 0.00972514 0.43377 0.0177275 0.438395 0.432942 0.00981468 0.0150465 0.00977094 0.0207298 0.00557995 0.0153701 0.0138063 0.432405 0.0151495 0.0155751 0.0118024 0.00696741 
Throughputs: 1.03219 1.21242 1.29434 1.03219 1.03219 1.04858 0.98304 1.01581 1.04858 1.08134 1.24518 0.933888 1.34349 1.03219 1.16326 1.06496 1.16326 1.27795 1.29434 1.04858 0.950272 1.01581 0.90112 1.21242 1.34349 1.24518 1.17965 1.24518 0.835584 1.40902 0.950272 1.24518 1.21242 1.11411 1.19603 1.08134 0.933888 1.09773 1.31072 1.2288 1.35987 1.1305 1.03219 1.03219 1.34349 1.1305 1.24518 1.2288 1.08134 1.01581 
Utility: 4.92656 4.21968 4.44083 4.34144 4.46522 4.52579 4.8796 4.3395 4.2739 5.25615 4.65722 3.96704 4.62418 4.55993 4.13912 4.55989 4.32782 5.14758 4.51095 4.69305 0.786366 4.38122 3.93739 1.0218 5.19975 4.201 4.07032 4.71566 0.663483 1.16784 0.7759 4.41539 4.51223 4.7411 1.01425 4.11084 0.756237 0.930395 4.89445 4.40265 4.93573 3.99884 5.22026 4.20701 4.5779 0.961049 4.40907 4.36812 4.51766 4.9822 

--------------------------------------
Time: 18.504
Split Ratios: 1 1 1 1 1 1 1 1 1 1 1 1 1 1 1 1 1 1 1 1 1 1 1 1 1 1 1 1 1 1 1 1 1 1 1 1 1 1 1 1 1 1 1 1 1 1 1 1 1 1 
Delays: 0.00750438 0.0173188 0.0155139 0.0137407 0.0117711 0.0112921 0.00746891 0.0131109 0.0148591 0.00561053 0.0117623 0.0171759 0.0131641 0.0104761 0.0173259 0.011142 0.0153343 0.00748236 0.0138202 0.00971442 0.459567 0.0129879 0.0175627 0.460352 0.00741551 0.0174583 0.0188325 0.0111304 0.453986 0.462401 0.460904 0.015172 0.0131943 0.00971702 0.458611 0.0170848 0.461901 0.456743 0.00988752 0.0146615 0.0097165 0.0190897 0.00564097 0.0153801 0.013898 0.456291 0.0149993 0.0149702 0.0116157 0.00662618 
Throughputs: 1.16326 1.31072 1.27795 1.19603 1.37626 1.17965 1.17965 1.09773 0.933888 0.868352 1.03219 0.966656 1.11411 1.19603 1.1305 1.21242 0.933888 1.26157 1.14688 1.17965 1.29434 1.14688 1.19603 1.06496 1.34349 1.09773 0.917504 1.21242 1.01581 1.3271 0.966656 1.35987 1.16326 1.17965 0.966656 0.90112 1.19603 1.06496 1.34349 1.11411 1.21242 1.03219 1.17965 1.04858 1.34349 0.851968 1.14688 1.1305 1.16326 1.1305 
Utility: 5.0435 4.32654 4.41128 4.4664 4.76147 4.64887 5.06222 4.42755 4.14074 5.04195 4.47454 4.03033 4.43832 4.73767 4.17821 4.68965 4.10926 5.12756 4.41867 4.79936 1.03547 4.48078 4.22099 0.838701 5.19945 4.14118 3.88608 4.69069 0.805373 1.05432 0.740652 4.49569 4.4792 4.79909 0.74564 3.96545 0.951414 0.846572 4.91175 4.33059 4.82654 3.99029 5.34292 4.22211 4.57128 0.624418 4.3368 4.32435 4.60662 5.13938 

--------------------------------------
Time: 19.0041
Split Ratios: 1 1 1 1 1 1 1 1 1 1 1 1 1 1 1 1 1 1 1 1 1 1 1 1 1 1 1 1 1 1 1 1 1 1 1 1 1 1 1 1 1 1 1 1 1 1 1 1 1 1 
Delays: 0.00743419 0.0203502 0.0151385 0.0133525 0.0116297 0.0114882 0.0074496 0.0133326 0.0145938 0.00577339 0.0118858 0.0196098 0.0132359 0.012074 0.0180423 0.011175 0.0156006 0.00742107 0.0146917 0.0097329 0.472172 0.0130186 0.0174984 0.471472 0.00740703 0.0202542 0.0214188 0.0110628 0.467131 0.473496 0.471463 0.0150511 0.0132076 0.00973847 0.471587 0.0187479 0.474378 0.467765 0.00973708 0.0147732 0.00967421 0.0200047 0.00562486 0.015686 0.0138867 0.466876 0.0146866 0.017584 0.0122294 0.006576 
Throughputs: 1.09773 1.31072 1.04858 1.19603 1.2288 1.19603 0.868352 1.09773 1.21242 1.03219 1.26157 1.19603 1.06496 1.37626 1.03219 1.21242 1.19603 1.09773 1.03219 1.1305 0.966656 0.950272 1.14688 1.26157 1.16326 1.29434 1.2288 1.09773 1.08134 1.08134 1.08134 1.42541 0.966656 1.04858 1.06496 1.24518 1.06496 1.04858 1.08134 0.966656 1.29434 1.31072 1.27795 1.03219 1.11411 1.06496 0.98304 1.19603 1.52371 1.08134 
Utility: 4.99491 4.16524 4.23795 4.49506 4.66023 4.64544 4.75844 4.41079 4.41977 5.18618 4.66477 4.11074 4.38776 4.73607 4.04672 4.68669 4.33946 4.99667 4.25215 4.7549 0.7165 4.29037 4.18269 0.984252 5.05656 4.15739 4.04952 4.59741 0.839351 0.825816 0.830119 4.55076 4.29305 4.6791 0.814589 4.19596 0.808689 0.807223 4.71002 4.18103 4.89629 4.18237 5.42582 4.18667 4.38488 0.824629 4.20372 4.21978 4.82506 5.10253 

--------------------------------------
Time: 19.5041
Split Ratios: 1 1 1 1 1 1 1 1 1 1 1 1 1 1 1 1 1 1 1 1 1 1 1 1 1 1 1 1 1 1 1 1 1 1 1 1 1 1 1 1 1 1 1 1 1 1 1 1 1 1 
Delays: 0.00755561 0.0170527 0.0152964 0.0134376 0.011697 0.0117139 0.00745712 0.0131797 0.0149662 0.00563237 0.0116046 0.0172643 0.0131287 0.010257 0.0174006 0.0111878 0.0154241 0.00743479 0.0139633 0.00958348 0.490123 0.013294 0.0175099 0.493814 0.00744234 0.0179584 0.0188092 0.0111166 0.487718 0.49527 0.493197 0.0149941 0.0133509 0.00954565 0.490572 0.0165982 0.494598 0.487758 0.00977291 0.0149772 0.00970154 0.0196504 0.00568048 0.0154258 0.0140494 0.489302 0.01494 0.0155055 0.012255 0.00645389 
Throughputs: 1.04858 0.999424 1.31072 1.01581 1.2288 1.14688 0.868352 1.26157 1.08134 1.04858 1.26157 1.03219 1.11411 1.40902 1.27795 1.27795 1.16326 1.40902 1.08134 1.08134 1.19603 1.26157 1.35987 1.35987 1.21242 0.966656 1.08134 1.24518 1.11411 1.04858 0.884736 1.3271 1.16326 1.11411 0.835584 0.98304 0.966656 1.06496 1.1305 1.26157 1.17965 1.11411 1.17965 0.98304 1.29434 1.21242 1.06496 1.14688 1.39264 1.08134 
Utility: 4.9329 4.07087 4.45071 4.32538 4.65446 4.58403 4.75743 4.56143 4.28016 5.22666 4.68871 4.0908 4.44101 4.92269 4.29651 4.73819 4.32305 5.24448 4.34953 4.72592 0.892108 4.5528 4.35238 1.01299 5.09319 3.98578 4.05162 4.7186 0.826075 0.750086 0.58438 4.4831 4.4674 4.75973 0.532559 4.08136 0.670097 0.780872 4.7508 4.43358 4.80069 4.03772 5.33594 4.15461 4.52318 0.90739 4.26665 4.30361 4.73302 5.12128 

--------------------------------------
Time: 20.0044
Split Ratios: 1 1 1 1 1 1 1 1 1 1 1 1 1 1 1 1 1 1 1 1 1 1 1 1 1 1 1 1 1 1 1 1 1 1 1 1 1 1 1 1 1 1 1 1 1 1 1 1 1 1 
Delays: 0.00750411 0.0177394 0.0152253 0.0135316 0.0114009 0.0115793 0.00744087 0.013507 0.0153376 0.00563112 0.0115586 0.0176634 0.013192 0.0105437 0.0181458 0.011151 0.0157449 0.00746147 0.0140465 0.00956902 0.496987 0.0135372 0.017242 0.495864 0.00741805 0.01784 0.0196731 0.011112 0.49519 0.501886 0.500765 0.0149932 0.0135323 0.00975278 0.496206 0.0169624 0.500648 0.496617 0.00969059 0.0153963 0.00959698 0.0197605 0.00567019 0.0150978 0.0136629 0.492745 0.0152786 0.0158446 0.0116212 0.00744406 
Throughputs: 1.19603 1.24518 1.19603 1.26157 1.34349 1.40902 1.27795 1.08134 1.01581 1.14688 1.3271 1.34349 1.31072 1.19603 1.08134 1.01581 1.27795 1.06496 1.06496 0.950272 1.17965 1.19603 0.999424 1.08134 1.31072 1.1305 1.08134 0.950272 1.16326 1.03219 1.03219 1.42541 1.06496 0.98304 1.16326 1.08134 0.835584 1.27795 1.04858 1.06496 0.933888 1.27795 1.16326 1.01581 0.999424 1.01581 1.27795 1.19603 1.14688 1.14688 
Utility: 5.07131 4.25125 4.3638 4.53509 4.76933 4.80143 5.14603 4.38275 4.19313 5.31649 4.74333 4.33153 4.59872 4.73124 4.08752 4.51191 4.3965 4.96094 4.32832 4.59822 0.864407 4.48133 4.05983 0.779658 5.17442 4.14897 4.00671 4.44872 0.854043 0.721067 0.723303 4.55461 4.36562 4.6131 0.851994 4.15496 0.512228 0.945196 4.68403 4.23656 4.57791 4.16933 5.32376 4.20889 4.29249 0.723448 4.42656 4.32394 4.59197 5.03738 

--------------------------------------
Time: 20.5044
Split Ratios: 1 1 1 1 1 1 1 1 1 1 1 1 1 1 1 1 1 1 1 1 1 1 1 1 1 1 1 1 1 1 1 1 1 1 1 1 1 1 1 1 1 1 1 1 1 1 1 1 1 1 
Delays: 0.00750215 0.0193323 0.0151277 0.0136512 0.0115319 0.0115784 0.00745502 0.0133095 0.0150708 0.00557954 0.0115187 0.0197289 0.0132759 0.0117063 0.0180043 0.0111186 0.0155476 0.00739795 0.0139061 0.00957214 0.514227 0.0133118 0.0173825 0.515941 0.00742755 0.0190348 0.0213404 0.011097 0.510305 0.516884 0.516997 0.0151015 0.0134139 0.00979606 0.513813 0.0186953 0.517379 0.512245 0.00974864 0.0149904 0.00976797 0.0205952 0.00560052 0.015182 0.0135524 0.512581 0.0149721 0.0160575 0.0116345 0.00695726 
Throughputs: 1.06496 1.2288 1.16326 1.31072 1.11411 1.09773 1.14688 1.03219 0.90112 0.90112 1.03219 0.950272 1.3271 1.21242 1.27795 0.98304 1.40902 1.04858 1.08134 1.24518 0.999424 1.06496 0.966656 1.3271 1.16326 1.26157 1.04858 1.04858 0.98304 1.14688 1.04858 1.49094 1.11411 0.966656 1.24518 1.2288 1.08134 0.999424 1.27795 1.17965 1.31072 1.39264 0.950272 0.98304 1.08134 0.868352 1.17965 1.21242 0.98304 0.966656 
Utility: 4.9555 4.15201 4.34246 4.56451 4.5707 4.55185 5.03591 4.35096 4.09088 5.08453 4.49547 3.87466 4.6048 4.64025 4.26241 4.48203 4.50675 4.95399 4.35363 4.86818 0.664514 4.38204 4.01838 0.944762 5.05379 4.19384 3.89459 4.54851 0.655641 0.796982 0.707151 4.59237 4.41952 4.59186 0.885179 4.18552 0.737185 0.668377 4.87589 4.36556 4.89922 4.2139 5.13389 4.17054 4.3794 0.527138 4.36678 4.3242 4.43668 4.93406 

--------------------------------------
Time: 21.0046
Split Ratios: 1 1 1 1 1 1 1 1 1 1 1 1 1 1 1 1 1 1 1 1 1 1 1 1 1 1 1 1 1 1 1 1 1 1 1 1 1 1 1 1 1 1 1 1 1 1 1 1 1 1 
Delays: 0.00759914 0.0216844 0.015136 0.0136005 0.011675 0.0115127 0.0074758 0.0134593 0.0151582 0.00566877 0.0116537 0.0217751 0.0131392 0.0119169 0.0198571 0.0111819 0.0157606 0.00741419 0.0150274 0.00952457 0.515665 0.0133782 0.0173573 0.517172 0.00743889 0.0219221 0.0250616 0.0110743 0.51123 0.520129 0.518543 0.0150968 0.0134116 0.0097158 0.514868 0.0181705 0.519001 0.51301 0.00967899 0.0152952 0.00956077 0.0217286 0.00575493 0.0153652 0.013624 0.512991 0.0151935 0.019721 0.0120308 0.00684008 
Throughputs: 1.24518 1.40902 1.37626 1.16326 0.933888 1.2288 0.98304 1.52371 1.1305 1.11411 1.29434 1.21242 0.917504 1.17965 1.27795 1.24518 1.24518 1.17965 1.44179 1.24518 1.09773 0.950272 1.08134 1.09773 1.19603 1.14688 1.08134 1.03219 1.06496 1.16326 1.08134 1.16326 0.966656 1.34349 0.999424 1.08134 0.950272 1.26157 1.03219 1.09773 1.08134 1.06496 1.24518 1.21242 0.999424 0.999424 1.21242 1.31072 1.57286 1.26157 
Utility: 5.099 4.17406 4.51004 4.44888 4.3819 4.67034 4.87898 4.72923 4.31187 5.28084 4.71013 4.0196 4.24606 4.59501 4.16445 4.71274 4.36952 5.06958 4.56377 4.87316 0.75554 4.26312 4.13194 0.752622 5.08004 3.95731 3.76462 4.53481 0.733873 0.804909 0.734937 4.3445 4.27772 4.92927 0.663268 4.08616 0.604842 0.899815 4.66948 4.27346 4.72829 3.89206 5.37698 4.36827 4.29535 0.66692 4.3795 4.19665 4.87318 5.21731 

--------------------------------------
Time: 21.5046
Split Ratios: 1 1 1 1 1 1 1 1 1 1 1 1 1 1 1 1 1 1 1 1 1 1 1 1 1 1 1 1 1 1 1 1 1 1 1 1 1 1 1 1 1 1 1 1 1 1 1 1 1 1 
Delays: 0.00755782 0.0182442 0.0152111 0.0135741 0.011552 0.0113958 0.00745919 0.0132958 0.0141844 0.00562253 0.0116265 0.0180983 0.0131993 0.0107218 0.0178254 0.0111992 0.0153756 0.00741749 0.0139696 0.00949418 0.51471 0.012679 0.0174586 0.516704 0.00746259 0.0177171 0.0196717 0.0111252 0.510945 0.519016 0.519382 0.0151136 0.013263 0.00957193 0.515953 0.0173651 0.519188 0.513571 0.00975662 0.014592 0.00949791 0.0202948 0.00569787 0.0154432 0.0137687 0.513894 0.0142385 0.0158823 0.0119502 0.00664535 
Throughputs: 1.17965 1.01581 1.27795 1.06496 1.39264 1.08134 1.08134 1.40902 1.21242 1.16326 0.90112 1.24518 1.17965 1.26157 1.29434 1.3271 1.17965 1.37626 1.2288 1.08134 0.966656 1.08134 1.11411 1.29434 1.1305 0.966656 1.11411 1.08134 1.08134 1.3271 0.868352 1.04858 1.09773 1.06496 1.42541 1.21242 0.884736 0.98304 1.44179 1.1305 0.98304 1.31072 1.29434 1.01581 0.999424 0.851968 1.08134 1.21242 1.17965 0.950272 
Utility: 5.05039 4.01959 4.43099 4.36253 4.79209 4.55272 4.97651 4.66321 4.44823 5.3322 4.35035 4.23122 4.49281 4.76783 4.28513 4.77491 4.34019 5.22328 4.47691 4.73528 0.63024 4.44602 4.15598 0.918282 5.02051 3.99931 4.03663 4.57674 0.749699 0.93882 0.513958 4.23959 4.41602 4.71186 1.0162 4.24591 0.533023 0.649261 4.9957 4.34994 4.63958 4.16797 5.42566 4.18627 4.28478 0.505533 4.33001 4.33517 4.59223 4.96283 

--------------------------------------
Time: 22.0047
Split Ratios: 1 1 1 1 1 1 1 1 1 1 1 1 1 1 1 1 1 1 1 1 1 1 1 1 1 1 1 1 1 1 1 1 1 1 1 1 1 1 1 1 1 1 1 1 1 1 1 1 1 1 
Delays: 0.00745797 0.0177085 0.0153246 0.0136168 0.0116033 0.011532 0.00745039 0.0132647 0.015345 0.00566329 0.0116464 0.0179168 0.0131421 0.0106517 0.0181835 0.0112518 0.015614 0.00743254 0.0140691 0.00951434 0.515156 0.0138395 0.017624 0.51586 0.00740367 0.018344 0.0193144 0.0111008 0.510102 0.518731 0.51693 0.0150672 0.0134482 0.00978277 0.513348 0.0171557 0.516746 0.511961 0.00978532 0.0151526 0.00955184 0.0206587 0.00563704 0.0153609 0.0140513 0.510389 0.0150963 0.0157484 0.0117475 0.00751211 
Throughputs: 1.31072 1.29434 1.27795 1.11411 0.999424 1.26157 1.17965 1.31072 1.16326 0.999424 1.39264 1.31072 0.999424 1.2288 1.49094 1.31072 1.29434 1.3271 1.16326 1.06496 1.1305 1.21242 0.98304 1.44179 1.24518 1.01581 0.90112 1.1305 0.884736 0.950272 0.950272 1.3271 1.17965 1.35987 1.21242 0.966656 1.14688 1.08134 1.21242 1.24518 1.39264 1.03219 1.2288 1.09773 1.04858 0.933888 1.1305 1.09773 0.98304 1.14688 
Utility: 5.16905 4.29171 4.42355 4.40451 4.45589 4.69498 5.0647 4.59322 4.32819 5.17317 4.78396 4.29259 4.33136 4.74807 4.40665 4.7578 4.41759 5.18489 4.415 4.71789 0.785943 4.47285 4.02139 1.02781 5.12506 4.01414 3.84279 4.62339 0.550678 0.605362 0.608841 4.47823 4.47412 4.93452 0.859416 4.03152 0.797249 0.747712 4.81949 4.40887 4.98222 3.9113 5.38443 4.26917 4.31248 0.604182 4.31596 4.24426 4.42701 5.02828 

--------------------------------------
Time: 22.5049
Split Ratios: 1 1 1 1 1 1 1 1 1 1 1 1 1 1 1 1 1 1 1 1 1 1 1 1 1 1 1 1 1 1 1 1 1 1 1 1 1 1 1 1 1 1 1 1 1 1 1 1 1 1 
Delays: 0.00747352 0.0180838 0.0152553 0.0134397 0.011916 0.0115095 0.00754293 0.0134629 0.0155387 0.0057063 0.0117578 0.0177242 0.0131038 0.01076 0.0184172 0.0111463 0.0157393 0.00739562 0.0143818 0.00969968 0.550463 0.0129396 0.0176995 0.553379 0.00739966 0.0186905 0.0203247 0.0110915 0.545005 0.554706 0.55296 0.0150751 0.0134533 0.00951422 0.548987 0.0168086 0.55369 0.549489 0.00980471 0.014747 0.00972717 0.0197141 0.00564874 0.0156837 0.0137316 0.547784 0.0145767 0.0160095 0.0118152 0.00700157 
Throughputs: 1.29434 1.27795 1.47456 1.01581 1.06496 1.45818 1.03219 1.27795 1.19603 0.999424 1.31072 1.26157 0.950272 1.03219 1.24518 0.917504 1.06496 1.04858 1.26157 1.09773 1.17965 1.17965 1.04858 1.14688 0.999424 0.999424 1.19603 1.21242 0.966656 1.34349 0.98304 1.50733 1.04858 1.01581 1.03219 1.14688 0.933888 1.06496 1.49094 1.04858 1.24518 1.35987 0.999424 1.08134 1.19603 1.06496 1.3271 1.01581 1.31072 1.21242 
Utility: 5.15439 4.258 4.57119 4.32523 4.49281 4.84177 4.91883 4.55308 4.34343 5.16561 4.71381 4.26518 4.28384 4.5636 4.21375 4.41055 4.21453 4.9543 4.47415 4.7289 0.762212 4.51268 4.08165 0.728758 4.90574 3.97916 4.07493 4.69419 0.573049 0.884587 0.575363 4.60505 4.35596 4.67065 0.631365 4.22291 0.522751 0.661703 5.0243 4.26415 4.85212 4.23381 5.17575 4.23334 4.46706 0.664812 4.51133 4.15026 4.70895 5.15424 

--------------------------------------
Time: 23.005
Split Ratios: 1 1 1 1 1 1 1 1 1 1 1 1 1 1 1 1 1 1 1 1 1 1 1 1 1 1 1 1 1 1 1 1 1 1 1 1 1 1 1 1 1 1 1 1 1 1 1 1 1 1 
Delays: 0.00747736 0.0176907 0.0150797 0.0136242 0.0116964 0.0114759 0.00745552 0.0132347 0.0153466 0.00566609 0.0118081 0.0172769 0.0132018 0.0106974 0.0171006 0.0111323 0.0155307 0.00738832 0.0140818 0.00960043 0.564109 0.0131986 0.0176196 0.56717 0.00744141 0.0176638 0.0193494 0.0110797 0.561295 0.569324 0.567518 0.0151613 0.0133193 0.00985809 0.565019 0.0177348 0.569308 0.562901 0.00970653 0.0149327 0.00973704 0.0196768 0.00560637 0.0155398 0.0138526 0.563504 0.0145319 0.015679 0.0116436 0.00679942 
Throughputs: 1.01581 1.45818 1.14688 1.16326 1.3271 0.950272 1.06496 1.21242 1.06496 1.21242 1.01581 1.01581 1.26157 1.08134 1.06496 1.06496 1.16326 0.999424 1.03219 0.90112 0.950272 1.09773 1.19603 1.14688 1.14688 1.1305 0.966656 0.802816 0.90112 1.06496 0.917504 1.24518 0.950272 1.2288 1.39264 0.98304 0.98304 1.17965 1.39264 1.2288 1.1305 1.06496 1.19603 1.14688 1.17965 1.17965 1.35987 1.17965 1.24518 1.08134 
Utility: 4.91156 4.4119 4.33145 4.44714 4.73147 4.4165 4.96174 4.51753 4.2398 5.36587 4.45465 4.07407 4.55976 4.61596 4.13158 4.56084 4.31616 4.90728 4.29456 4.54183 0.521502 4.42088 4.21776 0.704141 5.03774 4.15889 3.91118 4.28301 0.473392 0.626242 0.480385 4.40829 4.26754 4.8255 0.902097 4.01512 0.546229 0.739868 4.96616 4.41024 4.75447 3.99125 5.36286 4.3014 4.4445 0.738797 4.5388 4.32065 4.67228 5.06912 

--------------------------------------
Time: 23.5052
Split Ratios: 1 1 1 1 1 1 1 1 1 1 1 1 1 1 1 1 1 1 1 1 1 1 1 1 1 1 1 1 1 1 1 1 1 1 1 1 1 1 1 1 1 1 1 1 1 1 1 1 1 1 
Delays: 0.00743753 0.0183174 0.0152629 0.0134583 0.0116586 0.0114225 0.0074366 0.0132736 0.0145612 0.00564632 0.0116887 0.0193853 0.0130207 0.0114419 0.0183463 0.0111257 0.0154722 0.00743894 0.0144474 0.00969528 0.606771 0.0124754 0.0174034 0.610053 0.00740969 0.0188494 0.0205548 0.0110934 0.600604 0.610769 0.608653 0.0149955 0.0132325 0.00958304 0.60294 0.017556 0.6093 0.607554 0.00971201 0.0143969 0.00964357 0.0204044 0.00565562 0.0153454 0.0136136 0.602619 0.0146293 0.0176158 0.0118153 0.00667054 
Throughputs: 1.1305 1.26157 1.31072 1.2288 1.08134 1.08134 0.884736 1.1305 1.03219 1.16326 1.14688 1.19603 0.917504 1.16326 1.11411 0.917504 1.06496 1.45818 1.2288 0.98304 1.08134 1.16326 1.08134 1.06496 0.999424 0.90112 1.1305 1.09773 1.14688 1.08134 0.98304 1.16326 1.29434 1.11411 1.08134 1.14688 1.14688 0.999424 1.11411 1.01581 1.26157 1.29434 1.21242 1.24518 1.19603 1.1305 1.16326 1.31072 1.37626 1.16326 
Utility: 5.02387 4.23226 4.45291 4.51419 4.52992 4.55038 4.77888 4.44463 4.26108 5.32798 4.58617 4.12225 4.25511 4.6217 4.10639 4.4124 4.23165 5.27821 4.44328 4.61901 0.577808 4.53522 4.12929 0.557147 4.90439 3.86716 4.00732 4.59465 0.646865 0.571242 0.479402 4.35123 4.58308 4.75582 0.584142 4.17941 0.63249 0.497737 4.74245 4.25643 4.87382 4.15 5.36772 4.39622 4.47569 0.629126 4.37596 4.30953 4.75773 5.16128 

--------------------------------------
Time: 24.0056
Split Ratios: 1 1 1 1 1 1 1 1 1 1 1 1 1 1 1 1 1 1 1 1 1 1 1 1 1 1 1 1 1 1 1 1 1 1 1 1 1 1 1 1 1 1 1 1 1 1 1 1 1 1 
Delays: 0.00745345 0.0186923 0.0151766 0.0134291 0.0117236 0.0114648 0.00745207 0.0134297 0.0155573 0.00572504 0.0115529 0.0187813 0.0131617 0.0109121 0.0180705 0.0111621 0.0153616 0.00745564 0.0138594 0.00949868 0.614979 0.0134813 0.0173843 0.618297 0.00745398 0.0192588 0.0200352 0.0111226 0.611697 0.621316 0.618998 0.0151162 0.0133127 0.00962708 0.615429 0.0179681 0.619093 0.612738 0.0097363 0.015267 0.00959857 0.0209128 0.00566776 0.0155118 0.0137692 0.613717 0.0157245 0.0170904 0.011587 0.00697244 
Throughputs: 1.3271 1.31072 1.21242 0.98304 1.08134 1.17965 0.966656 1.17965 0.917504 1.24518 1.1305 1.09773 1.29434 1.17965 1.17965 1.27795 1.17965 1.24518 0.917504 1.11411 0.98304 1.26157 1.06496 1.09773 1.11411 1.24518 1.16326 1.04858 1.16326 1.26157 1.24518 1.40902 0.933888 1.26157 1.03219 0.933888 1.01581 1.01581 1.24518 0.933888 1.21242 1.29434 1.42541 1.3271 0.933888 0.933888 1.42541 1.21242 1.31072 1.16326 
Utility: 5.18208 4.25022 4.38061 4.29322 4.52436 4.63369 4.86535 4.4755 4.07712 5.38219 4.58348 4.06813 4.58844 4.6831 4.17869 4.74049 4.3411 5.11807 4.19269 4.76466 0.469062 4.53881 4.11512 0.574029 5.00706 4.16907 4.06149 4.54621 0.642748 0.70827 0.698936 4.53489 4.25064 4.87553 0.51712 3.95076 0.495185 0.505502 4.85118 4.11367 4.83876 4.12539 5.52742 4.44915 4.21692 0.419823 4.50699 4.26185 4.72845 5.11702 

--------------------------------------
Time: 24.5056
Split Ratios: 1 1 1 1 1 1 1 1 1 1 1 1 1 1 1 1 1 1 1 1 1 1 1 1 1 1 1 1 1 1 1 1 1 1 1 1 1 1 1 1 1 1 1 1 1 1 1 1 1 1 
Delays: 0.0075141 0.018379 0.0152455 0.0136611 0.0115864 0.0113788 0.00743048 0.0132235 0.0150472 0.00566078 0.0116878 0.0185628 0.0132284 0.0112346 0.0178555 0.0111259 0.0153471 0.00744928 0.0145336 0.00968735 0.617306 0.0127932 0.0173079 0.620779 0.00740621 0.0191973 0.0205401 0.011083 0.613948 0.622609 0.619479 0.0151644 0.013232 0.00954194 0.616595 0.0173351 0.621503 0.6155 0.00985779 0.0147788 0.00977988 0.0200536 0.00559116 0.0152159 0.0138492 0.616324 0.0148613 0.0161959 0.0121367 0.00679553 
Throughputs: 1.06496 1.3271 1.3271 1.01581 1.16326 1.21242 1.08134 1.26157 1.04858 1.17965 0.98304 1.2288 0.98304 1.27795 1.40902 0.933888 1.17965 1.06496 1.26157 1.21242 0.98304 1.06496 1.1305 0.98304 0.90112 1.06496 1.06496 0.98304 0.917504 0.999424 1.1305 1.42541 0.999424 1.09773 1.03219 1.1305 1.31072 1.37626 1.26157 1.29434 1.26157 1.19603 1.14688 0.851968 1.1305 0.950272 1.35987 1.09773 1.39264 1.35987 
Utility: 4.95391 4.27955 4.46647 4.30888 4.60916 4.66861 4.98037 4.55811 4.244 5.33941 4.4321 4.19263 4.30829 4.73402 4.36834 4.43008 4.34205 4.96258 4.46365 4.82955 0.465285 4.42178 4.17925 0.459675 4.80132 4.01592 3.94831 4.48524 0.401746 0.473261 0.601534 4.54326 4.32454 4.7453 0.515227 4.17768 0.746192 0.804688 4.85185 4.47256 4.85978 4.08836 5.32361 4.02521 4.40219 0.432975 4.51638 4.21624 4.74272 5.29888 

--------------------------------------
Time: 25.0057
Split Ratios: 1 1 1 1 1 1 1 1 1 1 1 1 1 1 1 1 1 1 1 1 1 1 1 1 1 1 1 1 1 1 1 1 1 1 1 1 1 1 1 1 1 1 1 1 1 1 1 1 1 1 
Delays: 0.00749579 0.0174049 0.0151926 0.0133772 0.0117834 0.0113738 0.00743729 0.0132293 0.0151868 0.00563149 0.0117498 0.0173901 0.0131123 0.0111382 0.0164983 0.0111924 0.0153836 0.00741097 0.0139119 0.00955791 0.633695 0.0136887 0.0178527 0.635861 0.00739696 0.0175521 0.0190602 0.0110981 0.631673 0.639239 0.638737 0.0150767 0.0132648 0.0096429 0.634928 0.0171362 0.639744 0.633371 0.00995112 0.0148265 0.00971692 0.0189852 0.00571473 0.0155427 0.014013 0.632442 0.0154113 0.015887 0.0119246 0.00739786 
Throughputs: 1.1305 1.09773 1.14688 0.999424 1.21242 0.98304 0.98304 1.01581 1.01581 1.06496 1.09773 1.04858 1.11411 1.34349 0.868352 1.27795 1.01581 0.999424 1.16326 1.3271 1.24518 1.1305 1.19603 1.06496 1.06496 1.11411 1.16326 1.06496 1.17965 1.19603 1.1305 1.1305 0.98304 1.03219 1.09773 1.06496 1.1305 0.98304 1.3271 1.21242 1.08134 1.37626 1.17965 1.3271 1.37626 0.688128 1.27795 1.1305 1.2288 1.2288 
Utility: 5.01607 4.14425 4.32399 4.31363 4.63368 4.45934 4.88414 4.34101 4.20301 5.24232 4.53716 4.09929 4.44226 4.79264 3.96334 4.73778 4.19014 4.90422 4.42624 4.93338 0.675471 4.41384 4.20461 0.515712 4.96962 4.15064 4.11139 4.56392 0.624599 0.626486 0.570919 4.31726 4.30554 4.67322 0.547486 4.1295 0.569343 0.439593 4.89307 4.40395 4.71209 4.28346 5.32992 4.44716 4.58714 0.0843863 4.41791 4.26491 4.63519 5.1126 

--------------------------------------
Time: 25.5061
Split Ratios: 1 1 1 1 1 1 1 1 1 1 1 1 1 1 1 1 1 1 1 1 1 1 1 1 1 1 1 1 1 1 1 1 1 1 1 1 1 1 1 1 1 1 1 1 1 1 1 1 1 1 
Delays: 0.00752421 0.0179095 0.0151924 0.0134676 0.0117589 0.0114223 0.00748194 0.0132353 0.0146264 0.00565337 0.0116126 0.0184846 0.0131837 0.01166 0.0172264 0.0112087 0.0153249 0.00741427 0.0140861 0.00953522 0.655225 0.012857 0.017448 0.655912 0.00741337 0.0181367 0.0194873 0.0110766 0.653273 0.660102 0.659559 0.0150385 0.0134005 0.00970777 0.658513 0.0183759 0.657958 0.654666 0.00973455 0.0142339 0.00977503 0.0194393 0.00571168 0.0153801 0.0138797 0.655102 0.0148184 0.0159668 0.0117567 0.00683655 
Throughputs: 1.21242 1.08134 1.35987 1.26157 1.44179 0.999424 1.34349 1.29434 0.999424 1.11411 1.17965 1.24518 1.40902 1.1305 1.17965 1.14688 1.29434 1.04858 0.966656 1.03219 0.966656 1.17965 1.09773 1.24518 1.03219 1.08134 1.09773 0.98304 1.14688 1.17965 1.03219 1.19603 0.90112 1.27795 1.17965 1.35987 1.06496 0.851968 1.14688 1.14688 1.17965 0.966656 1.44179 1.14688 1.35987 1.06496 1.17965 1.3271 1.2288 1.01581 
Utility: 5.08224 4.10063 4.49435 4.53983 4.80903 4.47161 5.19053 4.58287 4.22435 5.28356 4.62088 4.2101 4.67167 4.57425 4.22653 4.62811 4.43627 4.95178 4.22865 4.68445 0.388865 4.51909 4.14178 0.641012 4.93615 4.08802 4.03124 4.48581 0.562805 0.580577 0.447868 4.37615 4.20834 4.88009 0.582987 4.3041 0.481552 0.263423 4.76912 4.38917 4.79314 3.90654 5.53113 4.31172 4.58472 0.485901 4.3771 4.42024 4.64937 5.00116 

--------------------------------------
Time: 26.0061
Split Ratios: 1 1 1 1 1 1 1 1 1 1 1 1 1 1 1 1 1 1 1 1 1 1 1 1 1 1 1 1 1 1 1 1 1 1 1 1 1 1 1 1 1 1 1 1 1 1 1 1 1 1 
Delays: 0.00752438 0.0191049 0.0151701 0.0133699 0.0117913 0.0113142 0.00746743 0.0132924 0.0153892 0.00569332 0.0117168 0.0192349 0.0130624 0.011473 0.0175405 0.0112029 0.0156173 0.00740438 0.014146 0.00969678 0.683161 0.0133727 0.0176478 0.686251 0.00741294 0.0188297 0.0212587 0.0111128 0.68193 0.691684 0.687574 0.014937 0.0133749 0.00966552 0.68597 0.0178886 0.68615 0.683031 0.00958594 0.0152872 0.00961596 0.0196956 0.00566703 0.0156549 0.013931 0.684819 0.0153601 0.0164333 0.0117326 0.00723168 
Throughputs: 1.08134 1.44179 1.31072 1.24518 1.17965 0.966656 1.03219 1.14688 0.917504 1.16326 1.27795 1.14688 1.09773 1.08134 1.06496 0.90112 1.31072 0.966656 1.16326 0.950272 1.17965 0.933888 1.24518 1.19603 1.17965 1.16326 1.08134 0.917504 0.999424 1.06496 0.950272 0.966656 1.01581 1.1305 1.29434 1.04858 1.04858 0.770048 1.16326 1.08134 1.19603 1.1305 1.17965 0.999424 1.09773 1.2288 1.40902 1.11411 1.17965 1.1305 
Utility: 4.96781 4.3237 4.45901 4.53403 4.60561 4.44779 4.92889 4.45761 4.08799 5.31969 4.69199 4.08808 4.43126 4.54596 4.10618 4.38746 4.42995 4.87177 4.40955 4.58495 0.546242 4.24614 4.25643 0.555521 5.06974 4.12355 3.9292 4.41356 0.382252 0.431563 0.323579 4.17 4.33006 4.76185 0.63492 4.07103 0.424092 0.119913 4.79869 4.25895 4.82334 4.05002 5.33831 4.1564 4.36688 0.584638 4.51888 4.21651 4.6106 5.05194 

--------------------------------------
Time: 26.5062
Split Ratios: 1 1 1 1 1 1 1 1 1 1 1 1 1 1 1 1 1 1 1 1 1 1 1 1 1 1 1 1 1 1 1 1 1 1 1 1 1 1 1 1 1 1 1 1 1 1 1 1 1 1 
Delays: 0.00741331 0.0172501 0.015302 0.0135086 0.0118142 0.0114932 0.00747246 0.013216 0.0147649 0.00566529 0.0119311 0.0173536 0.0132125 0.0106744 0.0177659 0.0112044 0.0154575 0.00741741 0.0137282 0.00954178 0.711949 0.0132161 0.0174752 0.711295 0.00747966 0.0176496 0.0187676 0.0111264 0.708226 0.714692 0.71198 0.0151291 0.0133834 0.00954856 0.713294 0.0170699 0.71455 0.709167 0.0098275 0.0146787 0.00962402 0.0198079 0.00562652 0.0155242 0.0140961 0.710314 0.0149092 0.0152081 0.0116542 0.0068909 
Throughputs: 0.868352 1.21242 1.29434 0.933888 1.14688 1.1305 0.884736 1.35987 0.999424 1.08134 1.17965 1.21242 1.31072 1.37626 1.04858 1.2288 1.37626 0.999424 0.90112 1.19603 1.17965 1.29434 1.37626 1.06496 1.3271 0.966656 0.950272 1.08134 0.950272 1.16326 1.14688 1.19603 0.999424 1.09773 1.09773 1.21242 1.03219 1.08134 1.37626 1.11411 0.999424 1.34349 1.31072 1.1305 1.19603 0.999424 1.01581 1.27795 1.19603 1.2288 
Utility: 4.76332 4.25255 4.43777 4.23603 4.5755 4.58865 4.77407 4.63372 4.21493 5.2516 4.59382 4.24657 4.59717 4.85927 4.07791 4.69748 4.48903 4.90335 4.18419 4.83108 0.504965 4.58431 4.36634 0.403605 5.17857 4.00313 3.92462 4.57664 0.293985 0.487133 0.47675 4.37015 4.31316 4.74461 0.431105 4.26305 0.367788 0.421868 4.94194 4.32941 4.64292 4.21694 5.45084 4.28801 4.44086 0.341473 4.22146 4.43119 4.6311 5.18359 

--------------------------------------
Time: 27.0062
Split Ratios: 1 1 1 1 1 1 1 1 1 1 1 1 1 1 1 1 1 1 1 1 1 1 1 1 1 1 1 1 1 1 1 1 1 1 1 1 1 1 1 1 1 1 1 1 1 1 1 1 1 1 
Delays: 0.00746676 0.0181358 0.015351 0.0135195 0.0116491 0.0115133 0.00743758 0.0132214 0.0151266 0.00568053 0.0117655 0.0175699 0.0132461 0.0106377 0.0177743 0.0111828 0.0153973 0.00739479 0.0140271 0.0096385 0.731759 0.013842 0.0176028 0.73419 0.00745573 0.0178857 0.0192511 0.0111085 0.727943 0.735799 0.734668 0.0150679 0.0132231 0.00963034 0.733889 0.0169999 0.734713 0.729321 0.00972077 0.0150989 0.00972654 0.0197384 0.00566185 0.0154227 0.0136743 0.730961 0.0152691 0.0155005 0.0117188 0.00674758 
Throughputs: 1.14688 1.31072 1.03219 1.04858 1.09773 1.11411 1.09773 1.26157 1.03219 1.17965 1.01581 1.44179 1.29434 0.917504 0.917504 1.34349 1.39264 1.04858 0.884736 1.16326 1.11411 1.19603 1.11411 1.27795 1.01581 1.09773 1.08134 1.03219 0.966656 1.04858 1.17965 1.04858 1.06496 1.09773 0.966656 0.90112 1.01581 1.2288 1.11411 1.11411 1.08134 1.29434 1.04858 0.933888 0.966656 0.90112 1.39264 1.3271 1.26157 1.24518 
Utility: 5.03434 4.28044 4.20826 4.35105 4.54577 4.57231 4.99445 4.55827 4.22299 5.33593 4.45826 4.40746 4.58205 4.45725 3.9439 4.78865 4.50477 4.95441 4.1443 4.79322 0.420362 4.45906 4.14775 0.554246 4.91446 4.117 4.02839 4.53173 0.28362 0.354232 0.473553 4.24262 4.38873 4.73608 0.275484 3.97043 0.323959 0.52168 4.74155 4.30119 4.7111 4.18319 5.22144 4.10352 4.25832 0.209278 4.51313 4.44988 4.67891 5.21785 

--------------------------------------
Time: 27.5063
Split Ratios: 1 1 1 1 1 1 1 1 1 1 1 1 1 1 1 1 1 1 1 1 1 1 1 1 1 1 1 1 1 1 1 1 1 1 1 1 1 1 1 1 1 1 1 1 1 1 1 1 1 1 
Delays: 0.00749016 0.0187041 0.0151474 0.0134614 0.0116239 0.0114246 0.00752905 0.0131012 0.0143508 0.00562072 0.0114071 0.0178659 0.0131584 0.0110196 0.0175185 0.0111252 0.0154325 0.00739861 0.0138431 0.00960608 0.760198 0.0126009 0.0174497 0.763118 0.00741277 0.0181819 0.0199194 0.01112 0.75586 0.76374 0.761185 0.0149719 0.0132227 0.0095566 0.759649 0.0172991 0.764433 0.758052 0.00975175 0.0140423 0.00968129 0.0194649 0.00569311 0.0153757 0.0135682 0.756945 0.0143013 0.0162862 0.0116139 0.00632751 
Throughputs: 0.98304 1.39264 1.06496 1.01581 1.16326 1.08134 1.24518 1.2288 0.868352 0.851968 1.01581 1.37626 0.8192 1.11411 1.21242 1.06496 1.01581 1.08134 1.1305 1.09773 1.1305 1.19603 0.933888 1.21242 1.04858 1.11411 0.868352 1.1305 1.11411 1.11411 1.01581 1.06496 0.868352 1.24518 1.19603 1.21242 0.851968 0.999424 1.29434 0.966656 1.17965 0.999424 0.98304 0.933888 1.04858 1.08134 1.34349 1.24518 1.24518 0.851968 
Utility: 4.87706 4.31021 4.25286 4.32361 4.60592 4.55019 5.10827 4.54109 4.10279 5.02109 4.4892 4.34423 4.13127 4.61613 4.23711 4.56148 4.18697 4.98467 4.40262 4.7386 0.396833 4.553 3.98003 0.462958 4.95198 4.11538 3.7749 4.62167 0.387956 0.377585 0.288563 4.26452 4.18466 4.86981 0.453909 4.24971 0.108415 0.276427 4.88831 4.23177 4.80278 3.93857 5.15139 4.10657 4.34746 0.356669 4.54268 4.33672 4.67483 4.90264 

--------------------------------------
Time: 28.0065
Split Ratios: 1 1 1 1 1 1 1 1 1 1 1 1 1 1 1 1 1 1 1 1 1 1 1 1 1 1 1 1 1 1 1 1 1 1 1 1 1 1 1 1 1 1 1 1 1 1 1 1 1 1 
Delays: 0.00746887 0.0188338 0.0152414 0.0136646 0.0117852 0.0113926 0.00749259 0.0132962 0.0148798 0.00565662 0.0118822 0.018297 0.0131787 0.0113322 0.0184033 0.0111255 0.0155359 0.00746293 0.0138995 0.00955968 0.748498 0.0133332 0.0174193 0.749382 0.0074389 0.0190038 0.0202358 0.011114 0.743946 0.752442 0.750728 0.0150419 0.0132667 0.00980273 0.748301 0.0175933 0.75169 0.745624 0.00970212 0.0149361 0.00983137 0.0201262 0.00565338 0.0154925 0.0139727 0.746592 0.0151 0.0164647 0.0118605 0.00694808 
Throughputs: 1.17965 1.40902 1.1305 1.09773 1.31072 1.3271 0.966656 1.1305 1.14688 0.950272 1.17965 1.21242 1.19603 1.21242 1.26157 1.16326 1.26157 1.34349 1.14688 1.14688 0.917504 0.933888 1.08134 1.17965 1.37626 1.2288 0.950272 1.34349 1.26157 1.09773 0.868352 1.26157 0.933888 1.29434 1.14688 1.04858 1.1305 1.09773 1.03219 1.26157 1.08134 1.16326 1.2288 1.03219 1.29434 1.03219 1.16326 1.37626 1.39264 1.26157 
Utility: 5.06223 4.315 4.3064 4.38619 4.71149 4.75779 4.85993 4.44294 4.3448 5.12392 4.59793 4.19363 4.50816 4.67272 4.22758 4.64975 4.39696 5.19308 4.41295 4.78725 0.203588 4.2491 4.12838 0.453723 5.2204 4.16915 3.84929 4.79482 0.528142 0.377674 0.145554 4.42927 4.2541 4.88309 0.426995 4.08767 0.408087 0.386776 4.6671 4.43633 4.70038 4.05696 5.38154 4.19909 4.52865 0.323922 4.34429 4.4259 4.76574 5.20165 

--------------------------------------
Time: 28.5067
Split Ratios: 1 1 1 1 1 1 1 1 1 1 1 1 1 1 1 1 1 1 1 1 1 1 1 1 1 1 1 1 1 1 1 1 1 1 1 1 1 1 1 1 1 1 1 1 1 1 1 1 1 1 
Delays: 0.00756472 0.0177534 0.0150671 0.013748 0.0115478 0.0114631 0.00747398 0.0134249 0.0151741 0.00563476 0.0115668 0.0175352 0.0131654 0.0110153 0.0167575 0.0112183 0.0154033 0.00737805 0.0139692 0.00962619 0.761794 0.0132755 0.0175041 0.764551 0.00738669 0.0180044 0.0199841 0.0110938 0.75807 0.764956 0.765335 0.0151274 0.0133662 0.00984017 0.763477 0.0175665 0.766652 0.761477 0.00995139 0.0150788 0.00977337 0.0190472 0.0056954 0.0153616 0.0140364 0.760445 0.0154289 0.0157809 0.0118088 0.00747391 
Throughputs: 1.09773 1.19603 1.2288 1.04858 1.17965 1.29434 0.8192 1.27795 1.19603 1.06496 0.950272 1.19603 0.98304 1.29434 1.03219 1.19603 1.21242 0.933888 1.1305 1.14688 1.08134 1.17965 1.27795 1.31072 1.21242 1.04858 1.21242 1.04858 1.01581 1.09773 1.11411 1.17965 1.27795 1.03219 0.966656 0.835584 0.950272 1.1305 1.35987 1.11411 1.21242 1.2288 1.11411 1.19603 0.98304 1.06496 1.6384 1.11411 1.17965 1.06496 
Utility: 4.9775 4.21019 4.40128 4.33429 4.62648 4.72662 4.6969 4.5559 4.36717 5.24174 4.40861 4.22255 4.31306 4.76647 4.1206 4.66922 4.36579 4.84085 4.39355 4.78031 0.350283 4.48705 4.29058 0.539043 5.10069 4.06457 4.10544 4.5488 0.292664 0.361179 0.3755 4.35647 4.56029 4.65297 0.23596 3.86214 0.214716 0.395152 4.91743 4.30252 4.82071 4.16687 5.27615 4.3549 4.24899 0.336789 4.66523 4.25701 4.60412 4.95927 

--------------------------------------
Time: 29.0069
Split Ratios: 1 1 1 1 1 1 1 1 1 1 1 1 1 1 1 1 1 1 1 1 1 1 1 1 1 1 1 1 1 1 1 1 1 1 1 1 1 1 1 1 1 1 1 1 1 1 1 1 1 1 
Delays: 0.00758529 0.0177086 0.0151065 0.0136009 0.0117535 0.0114386 0.00762058 0.0133931 0.0161033 0.00560179 0.0118259 0.0181164 0.0131448 0.010779 0.0181184 0.0112017 0.0154188 0.00740259 0.0140497 0.009419 0.808154 0.0140189 0.0176106 0.808962 0.00741015 0.0184116 0.0195464 0.0110888 0.80602 0.814422 0.812656 0.0150554 0.0132644 0.00963532 0.808214 0.017955 0.812244 0.80782 0.00966189 0.01576 0.00981476 0.0193231 0.0057246 0.0152277 0.0139559 0.807445 0.0160997 0.0160137 0.0117725 0.00813124 
Throughputs: 1.14688 1.16326 0.98304 1.3271 1.27795 0.933888 0.966656 1.34349 1.04858 1.1305 1.16326 1.42541 1.09773 1.27795 1.09773 1.3271 0.999424 0.966656 1.11411 1.08134 1.24518 1.17965 1.16326 1.17965 1.29434 1.26157 1.08134 1.1305 0.917504 1.31072 0.999424 1.26157 1.09773 1.19603 0.933888 1.11411 0.966656 1.01581 1.03219 1.11411 1.14688 1.1305 1.45818 1.08134 1.21242 1.1305 1.19603 1.01581 1.26157 1.01581 
Utility: 5.01859 4.18494 4.17553 4.58062 4.68886 4.40237 4.84299 4.60828 4.17617 5.30733 4.58869 4.3654 4.42497 4.77542 4.10407 4.77469 4.17159 4.87201 4.37321 4.74323 0.432286 4.43257 4.19049 0.377219 5.1629 4.22713 4.01317 4.62447 0.129549 0.475853 0.206871 4.42838 4.41591 4.82133 0.14453 4.12795 0.174041 0.229101 4.67125 4.25834 4.76091 4.06911 5.54017 4.26284 4.46447 0.336537 4.30797 4.14999 4.67434 4.82773 

--------------------------------------
Time: 29.507
Split Ratios: 1 1 1 1 1 1 1 1 1 1 1 1 1 1 1 1 1 1 1 1 1 1 1 1 1 1 1 1 1 1 1 1 1 1 1 1 1 1 1 1 1 1 1 1 1 1 1 1 1 1 
Delays: 0.00747141 0.0171321 0.0152346 0.0135374 0.0116306 0.0114237 0.00748394 0.01305 0.0147938 0.0057331 0.0117901 0.0174205 0.0131018 0.010662 0.0194539 0.0111055 0.0154163 0.0074561 0.0139562 0.00960953 0.837241 0.0129469 0.0173007 0.841393 0.00746899 0.0177904 0.0188925 0.0111002 0.835179 0.842023 0.84116 0.0151364 0.0131792 0.00953994 0.841179 0.0169887 0.841278 0.83734 0.00975278 0.0146 0.00963965 0.0209936 0.00567631 0.0153403 0.0135148 0.838223 0.0143224 0.015621 0.0117508 0.00640965 
Throughputs: 1.3271 0.98304 1.39264 1.17965 1.08134 1.04858 1.08134 1.24518 1.21242 1.04858 0.950272 1.11411 1.31072 1.1305 1.58925 1.08134 1.2288 1.39264 0.884736 1.16326 1.19603 0.868352 1.01581 0.999424 1.04858 1.06496 1.06496 1.31072 0.933888 1.03219 1.01581 1.31072 0.917504 1.17965 1.44179 1.14688 0.966656 0.966656 1.14688 1.31072 1.2288 1.29434 1.11411 1.16326 1.01581 1.21242 1.14688 1.04858 1.2288 1.16326 
Utility: 5.17967 4.04969 4.51539 4.46752 4.53232 4.5195 4.9732 4.55825 4.40617 5.20893 4.38949 4.15816 4.60558 4.66372 4.40297 4.57852 4.37837 5.22992 4.14936 4.79623 0.356653 4.20574 4.07269 0.172121 4.94443 4.09203 4.03193 4.77137 0.111711 0.203632 0.188658 4.46123 4.24302 4.81748 0.538837 4.21225 0.138921 0.143613 4.76725 4.49731 4.84791 4.12154 5.27951 4.3285 4.31965 0.369086 4.38298 4.20657 4.64987 5.20118 

--------------------------------------
Time: 30.007
Split Ratios: 1 1 1 1 1 1 1 1 1 1 1 1 1 1 1 1 1 1 1 1 1 1 1 1 1 1 1 1 1 1 1 1 1 1 1 1 1 1 1 1 1 1 1 1 1 1 1 1 1 1 
Delays: 0.00747193 0.0192997 0.0153814 0.0135308 0.0115256 0.0112893 0.00768033 0.0132524 0.0154614 0.00568481 0.0114776 0.0180717 0.0131202 0.0115943 0.0191022 0.0112482 0.0153457 0.00742924 0.0136874 0.00968785 0.883023 0.0134321 0.0173211 0.885968 0.0074062 0.0190864 0.0203837 0.0110881 0.878432 0.890586 0.888277 0.0151033 0.0132606 0.00969438 0.884424 0.0181486 0.88611 0.883008 0.00983575 0.015012 0.00969481 0.021427 0.00561634 0.015241 0.0136667 0.882941 0.0147873 0.0161921 0.0116159 0.00745674 
Throughputs: 1.08134 1.34349 1.37626 1.01581 0.999424 0.966656 1.17965 1.3271 1.34349 1.06496 0.999424 1.2288 1.35987 1.2288 1.03219 1.29434 1.09773 1.11411 0.966656 1.26157 1.39264 0.835584 1.1305 1.09773 1.17965 1.06496 0.933888 1.24518 1.06496 1.16326 0.770048 1.17965 1.14688 1.17965 1.21242 1.21242 1.04858 0.933888 1.50733 1.37626 1.11411 1.3271 1.09773 1.21242 1.09773 0.999424 1.40902 1.06496 1.09773 1.17965 
Utility: 4.97481 4.24294 4.49396 4.31847 4.46261 4.44999 5.03431 4.60657 4.46468 5.23289 4.46678 4.21945 4.641 4.66328 3.98964 4.74555 4.27016 5.01039 4.25736 4.86924 0.455605 4.13048 4.17849 0.214317 5.07065 4.02172 3.82462 4.72116 0.192554 0.267106 -0.142831 4.35806 4.46 4.80143 0.315434 4.20178 0.168347 0.0560225 5.03207 4.51827 4.74422 4.1261 5.27532 4.37638 4.38604 0.123921 4.55688 4.18617 4.54863 5.06385 

--------------------------------------
Time: 30.5071
Split Ratios: 1 1 1 1 1 1 1 1 1 1 1 1 1 1 1 1 1 1 1 1 1 1 1 1 1 1 1 1 1 1 1 1 1 1 1 1 1 1 1 1 1 1 1 1 1 1 1 1 1 1 
Delays: 0.00754102 0.0194156 0.0154681 0.0134708 0.0119257 0.011558 0.00742228 0.0132921 0.0147921 0.005608 0.0117759 0.0191753 0.013231 0.0109246 0.0185885 0.0111919 0.0153702 0.00741735 0.0139487 0.00955411 0.908074 0.0136375 0.0177597 0.912401 0.00741598 0.0184603 0.0200497 0.0111318 0.903971 0.913753 0.909955 0.0150359 0.0132529 0.00951165 0.908351 0.0174299 0.913278 0.910213 0.00975442 0.0148821 0.00988755 0.020803 0.00577465 0.0156489 0.0138757 0.904535 0.0151749 0.0173741 0.0117487 0.00692037 
Throughputs: 1.19603 1.19603 1.2288 1.17965 1.24518 0.999424 1.08134 1.08134 1.04858 1.21242 1.29434 1.11411 1.17965 1.1305 1.24518 0.917504 1.21242 1.35987 0.950272 1.14688 0.999424 0.917504 1.11411 1.27795 1.44179 1.21242 1.17965 0.917504 0.966656 1.04858 0.868352 1.24518 1.14688 1.09773 1.3271 0.98304 1.16326 1.14688 1.29434 1.49094 1.16326 1.2288 1.21242 1.26157 1.2288 0.933888 1.24518 1.03219 1.34349 1.17965 
Utility: 5.06641 4.12069 4.37501 4.47244 4.64835 4.4598 4.98147 4.39879 4.26109 5.37618 4.6997 4.06219 4.49041 4.6394 4.2045 4.40646 4.36794 5.21132 4.22136 4.78783 0.0958534 4.20884 4.13888 0.336934 5.27 4.18475 4.07476 4.41185 0.0670452 0.137629 -0.0467976 4.4166 4.46058 4.74848 0.379123 4.03247 0.241944 0.231122 4.88803 4.60701 4.76771 4.0787 5.34689 4.38971 4.48366 0.0319357 4.4074 4.08446 4.73928 5.1385 

--------------------------------------
Time: 31.0073
Split Ratios: 1 1 1 1 1 1 1 1 1 1 1 1 1 1 1 1 1 1 1 1 1 1 1 1 1 1 1 1 1 1 1 1 1 1 1 1 1 1 1 1 1 1 1 1 1 1 1 1 1 1 
Delays: 0.00744915 0.0173955 0.0152938 0.0134169 0.0117762 0.0113535 0.00744618 0.0133791 0.014272 0.00562462 0.0118173 0.0170502 0.0132517 0.0103934 0.0202405 0.0111609 0.0155974 0.00753196 0.0138938 0.00959523 0.931159 0.0126478 0.0174464 0.931635 0.0073836 0.0174493 0.0191421 0.0110896 0.924318 0.932109 0.931927 0.0150211 0.0131957 0.00962093 0.927971 0.0165731 0.933128 0.928159 0.00964296 0.014261 0.00973216 0.0224555 0.00570329 0.0154326 0.0141568 0.92549 0.0145003 0.0153311 0.011671 0.0069976 
Throughputs: 1.04858 1.11411 1.58925 1.03219 1.2288 1.11411 0.966656 1.16326 0.884736 0.966656 1.01581 1.03219 1.1305 1.24518 1.3271 1.06496 1.58925 1.14688 0.999424 1.06496 1.16326 1.03219 1.14688 1.08134 1.21242 0.933888 1.06496 1.08134 0.770048 1.24518 1.06496 1.27795 1.03219 1.09773 1.19603 0.917504 1.39264 0.933888 1.24518 1.01581 0.98304 1.3271 1.08134 1.06496 1.16326 0.835584 1.1305 1.06496 1.17965 0.98304 
Utility: 4.94709 4.1596 4.64357 4.34292 4.64772 4.58629 4.86614 4.46529 4.12699 5.14669 4.45388 4.10328 4.44628 4.78587 4.18307 4.55827 4.62391 5.02565 4.27573 4.70943 0.222555 4.40195 4.18567 0.149019 5.10111 3.98006 4.0188 4.57995 -0.182604 0.289589 0.133438 4.44356 4.35955 4.73706 0.253765 4.01387 0.400415 0.00615397 4.86081 4.26591 4.61521 4.07922 5.24492 4.23421 4.40879 -0.102192 4.35624 4.24081 4.61586 4.94508 

--------------------------------------
Time: 31.5074
Split Ratios: 1 1 1 1 1 1 1 1 1 1 1 1 1 1 1 1 1 1 1 1 1 1 1 1 1 1 1 1 1 1 1 1 1 1 1 1 1 1 1 1 1 1 1 1 1 1 1 1 1 1 
Delays: 0.0074624 0.0198107 0.0151333 0.0135204 0.0118236 0.0115098 0.00750785 0.0131974 0.0146662 0.00563261 0.0119471 0.0189545 0.0130645 0.0107361 0.0190563 0.0111106 0.0157217 0.00740935 0.0141352 0.00967106 0.936986 0.0127704 0.0176262 0.939128 0.00741611 0.019019 0.0201191 0.0110905 0.933261 0.940738 0.938826 0.0151263 0.0135381 0.00981944 0.937643 0.0172116 0.940985 0.934858 0.00983541 0.0145513 0.00980848 0.0217302 0.00562454 0.0155428 0.0140967 0.934136 0.0148904 0.016801 0.0118972 0.00665376 
Throughputs: 0.753664 1.52371 1.26157 1.17965 1.06496 1.27795 1.01581 0.999424 0.917504 0.786432 1.2288 1.21242 1.19603 1.17965 1.34349 1.04858 1.06496 0.98304 0.868352 0.851968 1.16326 1.04858 1.19603 1.34349 0.950272 0.786432 0.884736 1.1305 1.01581 1.17965 1.26157 1.44179 1.19603 1.3271 1.08134 1.11411 0.835584 0.966656 1.40902 1.14688 1.37626 1.40902 1.24518 0.950272 1.1305 0.90112 1.16326 1.29434 1.35987 1.14688 
Utility: 4.61507 4.34268 4.42321 4.46877 4.5006 4.70981 4.90749 4.32716 4.13611 4.93893 4.6333 4.15833 4.51687 4.69936 4.25563 4.54729 4.21565 4.88791 4.11793 4.47841 0.216316 4.40806 4.21738 0.358073 4.85309 3.72207 3.78362 4.62432 0.0847551 0.226306 0.295481 4.55721 4.48126 4.90639 0.142591 4.17023 -0.118797 0.0334475 4.96466 4.36712 4.94387 4.17195 5.3999 4.11315 4.38447 -0.0359837 4.35827 4.34432 4.73884 5.14962 

--------------------------------------
Time: 32.0077
Split Ratios: 1 1 1 1 1 1 1 1 1 1 1 1 1 1 1 1 1 1 1 1 1 1 1 1 1 1 1 1 1 1 1 1 1 1 1 1 1 1 1 1 1 1 1 1 1 1 1 1 1 1 
Delays: 0.0075122 0.0174561 0.0151758 0.0135325 0.0115626 0.0114125 0.00747598 0.0133181 0.015261 0.00565754 0.0115939 0.0172074 0.013167 0.0104093 0.0176595 0.01119 0.0154175 0.00741475 0.0136871 0.00945249 0.941747 0.0131357 0.0175347 0.942933 0.00742961 0.0174981 0.0185992 0.0111263 0.934621 0.945613 0.941142 0.0150608 0.0132548 0.00962915 0.938398 0.0166754 0.945353 0.939005 0.00970317 0.015549 0.00961254 0.0199355 0.00565496 0.0154725 0.0139029 0.935387 0.0154117 0.0152762 0.0115059 0.00725242 
Throughputs: 1.08134 1.16326 1.11411 0.868352 1.34349 1.09773 1.19603 1.06496 1.17965 1.1305 1.08134 1.04858 1.06496 1.17965 1.42541 1.1305 1.21242 1.09773 1.06496 1.09773 0.98304 0.966656 0.966656 1.06496 1.24518 0.950272 1.06496 1.09773 0.999424 1.58925 0.98304 1.35987 1.11411 1.26157 1.06496 1.06496 0.868352 0.933888 1.09773 1.14688 0.917504 1.21242 1.03219 1.16326 1.01581 1.21242 1.29434 1.1305 1.31072 1.17965 
Utility: 4.96943 4.1993 4.29611 4.1615 4.75525 4.56629 5.07507 4.38157 4.34767 5.29742 4.53548 4.10985 4.39298 4.73027 4.39094 4.61539 4.36487 4.99753 4.35424 4.75472 0.0429127 4.29851 4.00966 0.121697 5.12157 3.99466 4.04757 4.59168 0.0670379 0.519183 0.0435561 4.50305 4.43145 4.87532 0.126518 4.15676 -0.0849611 -0.00546394 4.72854 4.30081 4.55859 4.10787 5.20691 4.31992 4.29134 0.25941 4.43063 4.30412 4.73547 5.09164 

--------------------------------------
Time: 32.5078
Split Ratios: 1 1 1 1 1 1 1 1 1 1 1 1 1 1 1 1 1 1 1 1 1 1 1 1 1 1 1 1 1 1 1 1 1 1 1 1 1 1 1 1 1 1 1 1 1 1 1 1 1 1 
Delays: 0.00751415 0.0179093 0.0151246 0.0134355 0.0119748 0.0114969 0.00744454 0.0134923 0.0151303 0.00564239 0.0119671 0.0181703 0.0131193 0.0110104 0.0175956 0.0111773 0.0155726 0.00742886 0.0142215 0.00954193 0.933781 0.0131508 0.01752 0.934308 0.00741593 0.0178502 0.0196347 0.0110723 0.930036 0.939152 0.936778 0.0149521 0.0133387 0.00979881 0.933875 0.0171048 0.936895 0.932095 0.00985149 0.0149487 0.00971389 0.0199457 0.00560595 0.0157515 0.0145449 0.931766 0.0149825 0.0161372 0.0118185 0.00715655 
Throughputs: 1.16326 1.1305 1.11411 1.31072 1.08134 0.917504 0.917504 1.34349 0.90112 0.98304 1.47456 1.31072 1.34349 1.1305 1.03219 1.04858 1.08134 1.16326 1.06496 1.08134 1.21242 1.11411 1.21242 1.29434 1.08134 1.14688 0.999424 1.04858 0.884736 1.14688 1.01581 1.03219 1.01581 1.16326 1.16326 1.26157 0.999424 0.884736 1.17965 1.26157 1.06496 1.21242 1.08134 1.34349 1.24518 1.03219 1.16326 1.1305 1.34349 1.17965 
Utility: 5.0422 4.14509 4.29949 4.58043 4.50316 4.37958 4.81418 4.6009 4.08694 5.16034 4.81395 4.27855 4.62894 4.63157 4.07179 4.5413 4.24045 5.05361 4.31593 4.73026 0.261128 4.43933 4.23703 0.325947 4.98233 4.16279 3.92988 4.55075 -0.0499338 0.199823 0.0809933 4.23459 4.33277 4.77672 0.219642 4.30075 0.0646075 -0.0521451 4.78535 4.43549 4.69714 4.10736 5.26213 4.44609 4.4498 0.102358 4.3521 4.24929 4.73336 5.10494 

--------------------------------------
Time: 33.0079
Split Ratios: 1 1 1 1 1 1 1 1 1 1 1 1 1 1 1 1 1 1 1 1 1 1 1 1 1 1 1 1 1 1 1 1 1 1 1 1 1 1 1 1 1 1 1 1 1 1 1 1 1 1 
Delays: 0.00748221 0.0178 0.0150317 0.0136416 0.0117027 0.0114136 0.00762037 0.0134542 0.016586 0.00563745 0.0116066 0.017489 0.0130516 0.0110727 0.017396 0.0111832 0.0155715 0.00738747 0.0140316 0.00953436 0.935314 0.0138681 0.0173154 0.936071 0.00744233 0.0176038 0.0194332 0.0111128 0.931795 0.942019 0.937716 0.0150253 0.013446 0.00957308 0.934465 0.0172069 0.93833 0.932089 0.00966464 0.0160192 0.00993967 0.0198556 0.00568996 0.0151885 0.0137814 0.932888 0.0163347 0.0158172 0.0116834 0.00814711 
Throughputs: 1.09773 1.26157 1.04858 1.11411 1.29434 1.16326 1.35987 1.09773 1.04858 0.917504 1.17965 1.16326 1.29434 1.11411 1.16326 0.999424 0.950272 1.09773 1.01581 0.90112 1.2288 1.35987 1.01581 1.1305 1.2288 0.8192 1.1305 1.03219 0.90112 1.16326 1.09773 1.35987 1.19603 1.2288 1.35987 1.16326 0.835584 0.98304 1.21242 1.31072 1.16326 1.14688 1.04858 0.933888 1.19603 1.11411 1.29434 1.2288 1.08134 1.27795 
Utility: 4.98847 4.26091 4.24502 4.40269 4.70593 4.62418 5.18432 4.40171 4.14663 5.09223 4.6214 4.19741 4.59684 4.61133 4.20274 4.49276 4.11131 5.00121 4.28213 4.54874 0.272911 4.58556 4.07184 0.188721 5.10661 3.84022 4.06343 4.53134 -0.0334745 0.210959 0.157551 4.50541 4.48809 4.85484 0.375171 4.21367 -0.115971 0.053222 4.8319 4.40455 4.76245 4.05631 5.21649 4.11882 4.46344 0.177528 4.37246 4.35269 4.52779 5.05535 

--------------------------------------
Time: 33.508
Split Ratios: 1 1 1 1 1 1 1 1 1 1 1 1 1 1 1 1 1 1 1 1 1 1 1 1 1 1 1 1 1 1 1 1 1 1 1 1 1 1 1 1 1 1 1 1 1 1 1 1 1 1 
Delays: 0.00746549 0.0195666 0.0152489 0.0132712 0.0115738 0.0113947 0.00748522 0.0132117 0.0146183 0.00563193 0.0116497 0.0189313 0.0132421 0.0116945 0.0192111 0.0111598 0.0153077 0.00741503 0.0141157 0.00956771 0.932123 0.012987 0.0175115 0.931306 0.00741273 0.0198847 0.021108 0.0111126 0.928652 0.93583 0.933544 0.0149684 0.0132152 0.00950955 0.932084 0.0185506 0.935773 0.930582 0.00974948 0.0145857 0.00955678 0.0208767 0.0055833 0.0155672 0.0138141 0.928542 0.0147221 0.0170792 0.0117287 0.00623586 
Throughputs: 0.999424 1.35987 1.01581 1.01581 1.11411 1.04858 0.868352 0.999424 0.950272 1.09773 1.16326 1.2288 1.06496 1.24518 1.37626 1.26157 1.14688 1.31072 1.09773 1.45818 0.98304 0.98304 1.24518 1.19603 1.2288 1.19603 1.2288 1.1305 1.24518 1.04858 0.999424 1.09773 0.999424 0.933888 1.08134 1.16326 1.03219 1.01581 0.933888 1.06496 1.11411 1.09773 1.06496 1.16326 1.14688 1.09773 1.17965 1.04858 1.35987 1.3271 
Utility: 4.89689 4.24132 4.19893 4.33784 4.56707 4.52204 4.75367 4.32607 4.17447 5.27255 4.6037 4.17298 4.38729 4.66792 4.27163 4.7278 4.31645 5.17482 4.35371 5.02655 0.0531852 4.3267 4.26418 0.250177 5.11059 4.09681 4.06414 4.62233 0.293305 0.113754 0.0681913 4.29506 4.32581 4.58706 0.148537 4.13848 0.098067 0.0876298 4.56214 4.29065 4.75856 3.96236 5.25091 4.31382 4.41911 0.167383 4.38362 4.11733 4.75311 5.36044 

--------------------------------------
Time: 34.0082
Split Ratios: 1 1 1 1 1 1 1 1 1 1 1 1 1 1 1 1 1 1 1 1 1 1 1 1 1 1 1 1 1 1 1 1 1 1 1 1 1 1 1 1 1 1 1 1 1 1 1 1 1 1 
Delays: 0.00751334 0.018385 0.0152787 0.0134945 0.0114348 0.0113094 0.00747211 0.0132236 0.015403 0.00567006 0.0114756 0.019684 0.0130549 0.0115376 0.0190816 0.0111691 0.01528 0.00743897 0.0140019 0.00977111 0.92188 0.0130425 0.017313 0.923866 0.00741825 0.0190349 0.0201768 0.0110875 0.91836 0.926699 0.923696 0.0150828 0.0131994 0.00957375 0.921795 0.0177289 0.925228 0.919495 0.0098413 0.0152821 0.00965659 0.0213832 0.00563627 0.015109 0.0135779 0.919833 0.014968 0.0159444 0.0116744 0.00693938 
Throughputs: 1.04858 1.42541 1.2288 1.17965 1.19603 0.950272 1.06496 1.08134 1.01581 1.06496 1.08134 1.04858 1.14688 1.26157 1.1305 1.06496 1.21242 1.16326 1.29434 1.1305 1.24518 1.08134 1.01581 1.45818 1.21242 1.03219 0.933888 0.835584 0.917504 1.17965 1.03219 0.999424 0.966656 1.11411 1.08134 0.98304 0.917504 0.950272 1.26157 1.17965 0.90112 1.08134 1.08134 0.8192 1.11411 0.950272 1.47456 1.19603 1.14688 1.11411 
Utility: 4.93851 4.35068 4.38733 4.47069 4.6501 4.43111 4.95951 4.40395 4.18888 5.23549 4.54574 3.97538 4.47563 4.6945 4.08169 4.55754 4.37383 5.05225 4.52656 4.75098 0.300624 4.41774 4.07198 0.456375 5.09643 3.99317 3.83482 4.32231 -0.000932904 0.241342 0.111057 4.19362 4.29367 4.75679 0.159637 4.01546 -0.00838355 0.0329235 4.85352 4.34629 4.536 3.92336 5.25674 3.99304 4.40737 0.0325564 4.5902 4.31766 4.5874 5.0786 

--------------------------------------
Time: 34.5083
Split Ratios: 1 1 1 1 1 1 1 1 1 1 1 1 1 1 1 1 1 1 1 1 1 1 1 1 1 1 1 1 1 1 1 1 1 1 1 1 1 1 1 1 1 1 1 1 1 1 1 1 1 1 
Delays: 0.00749343 0.0181431 0.015032 0.0134673 0.011772 0.0112957 0.00747799 0.0133183 0.0149819 0.00562866 0.0117491 0.0177404 0.0132689 0.0109239 0.018012 0.0112103 0.0154203 0.00745246 0.0135265 0.00958106 0.927816 0.0134898 0.017548 0.928795 0.00742612 0.0197947 0.0196972 0.0110863 0.919534 0.929297 0.926208 0.0150832 0.0132109 0.00959236 0.923812 0.017386 0.931664 0.922282 0.00979936 0.015217 0.00972799 0.0204124 0.0056047 0.0153748 0.0136398 0.922124 0.0155392 0.0160761 0.0115643 0.0069791 
Throughputs: 0.98304 1.14688 1.21242 1.03219 1.50733 0.851968 1.26157 1.26157 1.14688 1.16326 1.14688 1.2288 1.2288 1.04858 1.06496 1.06496 0.917504 1.31072 0.786432 0.999424 1.09773 1.08134 0.868352 1.21242 1.16326 0.999424 1.01581 1.03219 0.933888 1.3271 1.11411 1.11411 1.09773 1.24518 0.868352 0.933888 0.98304 1.14688 1.19603 0.966656 1.09773 1.42541 1.17965 1.14688 1.09773 1.06496 1.26157 1.50733 1.2288 1.08134 
Utility: 4.87662 4.14651 4.39019 4.33918 4.85237 4.32313 5.12815 4.55097 4.33796 5.33111 4.58103 4.23795 4.52837 4.56424 4.07965 4.55386 4.08597 5.16979 4.06286 4.64739 0.168165 4.38403 3.90166 0.266482 5.05398 3.92177 3.94296 4.53373 0.0154893 0.356326 0.184714 4.30223 4.41995 4.86607 -0.0619113 3.98369 0.0536774 0.21795 4.80445 4.15143 4.72599 4.24607 5.34937 4.31207 4.38801 0.144013 4.39674 4.54076 4.66587 5.04304 

--------------------------------------
Time: 35.0083
Split Ratios: 1 1 1 1 1 1 1 1 1 1 1 1 1 1 1 1 1 1 1 1 1 1 1 1 1 1 1 1 1 1 1 1 1 1 1 1 1 1 1 1 1 1 1 1 1 1 1 1 1 1 
Delays: 0.00750413 0.0202307 0.0153272 0.0136612 0.0116574 0.0114154 0.00751887 0.0133115 0.0146663 0.00566737 0.0117815 0.0206168 0.0132088 0.0121974 0.0196044 0.011138 0.0154536 0.00739837 0.014091 0.00953494 0.935693 0.0131583 0.0175278 0.937709 0.00743272 0.0204454 0.0226245 0.0111637 0.931821 0.940176 0.9388 0.015003 0.0131668 0.00963193 0.934608 0.018705 0.939282 0.933508 0.00991737 0.0150809 0.00974864 0.0216727 0.00566249 0.0154661 0.013938 0.933759 0.0147824 0.0185812 0.011663 0.00675335 
Throughputs: 1.06496 1.09773 1.03219 1.26157 1.06496 1.09773 1.27795 1.19603 1.04858 1.09773 1.39264 1.24518 1.31072 1.34349 1.39264 1.17965 1.1305 1.1305 1.01581 0.884736 1.09773 1.01581 1.49094 1.11411 0.98304 1.2288 1.35987 1.04858 0.950272 1.31072 1.17965 1.31072 1.01581 1.24518 1.1305 1.21242 0.884736 1.06496 1.31072 1.06496 1.03219 1.44179 0.868352 1.26157 1.09773 0.98304 1.09773 1.06496 1.11411 1.06496 
Utility: 4.95524 3.99379 4.20981 4.52555 4.51475 4.56603 5.1356 4.49814 4.26964 5.26627 4.77242 4.10093 4.59745 4.7018 4.2632 4.66261 4.29257 5.02915 4.27791 4.53033 0.15971 4.34639 4.44337 0.172373 4.88476 4.09604 4.09611 4.54252 0.0196079 0.332265 0.228369 4.47008 4.34574 4.86196 0.190285 4.17158 -0.0598261 0.131743 4.88404 4.25727 4.66231 4.19759 5.03273 4.40146 4.36638 0.0514309 4.30756 4.04854 4.55939 5.06065 

--------------------------------------
Time: 35.5084
Split Ratios: 1 1 1 1 1 1 1 1 1 1 1 1 1 1 1 1 1 1 1 1 1 1 1 1 1 1 1 1 1 1 1 1 1 1 1 1 1 1 1 1 1 1 1 1 1 1 1 1 1 1 
Delays: 0.00750834 0.0192613 0.015248 0.0136196 0.0118154 0.0116531 0.00744418 0.0134779 0.0156249 0.00563512 0.0118612 0.0190365 0.013194 0.0119862 0.0179947 0.0112231 0.0154895 0.00743901 0.013978 0.0095176 0.935582 0.0142399 0.0177128 0.938519 0.00742805 0.0208158 0.0216665 0.0110781 0.932502 0.940595 0.939329 0.0151283 0.0132687 0.00975127 0.937344 0.0185631 0.939564 0.934855 0.00978875 0.0156627 0.00972216 0.0199278 0.00560976 0.0156329 0.0139594 0.934698 0.0151745 0.0167294 0.0119769 0.00704929 
Throughputs: 1.06496 1.31072 1.11411 0.966656 1.14688 1.06496 1.08134 1.44179 1.16326 1.1305 1.08134 1.2288 1.26157 1.39264 1.37626 0.950272 1.34349 1.11411 1.09773 1.21242 1.45818 1.1305 1.26157 1.14688 1.19603 1.16326 1.16326 1.06496 1.29434 1.29434 1.03219 1.2288 1.14688 1.01581 0.851968 1.14688 0.884736 0.966656 1.29434 1.35987 1.06496 1.09773 1.11411 1.11411 1.06496 0.753664 1.21242 1.39264 1.2288 1.17965 
Utility: 4.95468 4.22024 4.29137 4.26233 4.5754 4.51512 4.97853 4.67259 4.31012 5.30139 4.51269 4.16743 4.56034 4.7552 4.33704 4.43877 4.46286 5.00907 4.36351 4.84723 0.443772 4.37436 4.26583 0.200497 5.0815 4.02327 3.98322 4.56572 0.327881 0.319241 0.0942741 4.39722 4.45939 4.64604 -0.0955017 4.12362 -0.0601266 0.0334517 4.88452 4.46387 4.69628 4.00888 5.2913 4.26644 4.33454 -0.215277 4.38076 4.42179 4.63081 5.12005 

--------------------------------------
Time: 36.0085
Split Ratios: 1 1 1 1 1 1 1 1 1 1 1 1 1 1 1 1 1 1 1 1 1 1 1 1 1 1 1 1 1 1 1 1 1 1 1 1 1 1 1 1 1 1 1 1 1 1 1 1 1 1 
Delays: 0.00745409 0.0192973 0.0152898 0.0136001 0.0116383 0.0115231 0.00741096 0.0133807 0.0149972 0.00568653 0.0115507 0.0193867 0.0132688 0.0113136 0.0191289 0.011159 0.0156078 0.00740714 0.0141209 0.00973269 0.936831 0.0134942 0.0174748 0.938808 0.00741594 0.0202958 0.0212398 0.0110986 0.932442 0.942138 0.93999 0.0150615 0.0134388 0.00970544 0.935621 0.0179679 0.939453 0.9342 0.0098225 0.0154731 0.00955789 0.0211816 0.00561368 0.0152278 0.013491 0.931784 0.0155215 0.0179231 0.0117413 0.00722904 
Throughputs: 1.16326 1.29434 1.19603 0.933888 1.04858 1.14688 1.01581 1.26157 1.2288 1.04858 1.01581 1.26157 1.42541 1.29434 1.34349 1.11411 1.29434 1.21242 1.21242 0.933888 1.19603 1.03219 1.01581 1.08134 1.01581 1.01581 1.19603 1.17965 0.917504 1.26157 1.14688 1.26157 1.14688 1.44179 1.08134 1.1305 1.08134 0.98304 1.35987 1.08134 1.17965 1.57286 1.2288 1.19603 1.01581 0.933888 1.34349 1.2288 1.35987 1.14688 
Utility: 5.05022 4.20579 4.35958 4.22928 4.50088 4.60045 4.92048 4.54629 4.40593 5.21709 4.4767 4.17552 4.67679 4.73975 4.25182 4.60357 4.41798 5.09793 4.45272 4.56387 0.244262 4.33718 4.06268 0.141349 4.91981 3.91303 4.03089 4.66616 -0.0161498 0.291959 0.198931 4.42797 4.44666 5.00096 0.144749 4.14182 0.140662 0.0509593 4.93047 4.24686 4.8156 4.30752 5.38859 4.36364 4.32142 0.00225539 4.4608 4.2277 4.75203 5.06669 

