--------------------------------------
Time: 5.50059
Split Ratios: 1 1 1 1 1 0.5 0.5 0.5 0.5 1 1 1 1 0.5 0.5 1 0.5 0.5 1 1 1 1 1 0.5 0.5 1 0.5 0.5 1 0.5 0.5 0.5 0.5 0.5 0.5 1 1 0.333333 0.333333 0.333333 1 
Delays: 0.0153984 0.0292096 0.0268858 0.0304846 0.0174089 0.0264403 0.0194008 0.0291611 0.0168319 0.00948258 0.0138061 0.018139 0.0131842 0.0237566 0.00965297 0.0114071 0.00948702 0.0211294 0.022961 0.0253638 0.0249942 0.0156821 0.0250562 0.0172212 0.0177421 0.0214808 0.0309454 0.0305562 0.0245759 0.0132883 
Throughputs: 1.26157 1.09773 0.999424 1.31072 1.14688 1.04858 0.933888 1.34349 1.08134 1.11411 1.2288 1.03219 1.06496 1.11411 1.42541 1.11411 1.01581 1.27795 1.26157 0.917504 1.01581 0.98304 1.24518 0.999424 1.08134 0.917504 0.98304 1.09773 1.04858 0.786432 
Utility: 4.40585 3.6265 3.61558 3.76111 4.18782 3.6803 3.87404 3.83019 4.16268 4.76636 4.48868 4.04137 4.39168 3.84795 4.99495 4.58158 4.67351 4.10235 4.00631 3.58834 3.70479 4.13813 3.90592 4.06104 4.11002 3.7545 3.45843 3.58143 3.75342 4.08062 

--------------------------------------
Time: 6.00106
Split Ratios: 1 1 1 1 1 0.096 0.904 0.107 0.893 1 1 1 1 0.14 0.86 1 0.118 0.882 0.995 1 1 1 1 0.929 0.071 1 0.986 0.014 1 0.122 0.878 0.982 0.018 0.064 0.936 1 1 0.912 0.05 0.038 1 
Delays: 0.0153578 0.0289307 0.0271364 0.0306277 0.0174975 0.0240195 0.0211073 0.0293056 0.0170888 0.00968614 0.0134659 0.0190438 0.0130393 0.022307 0.00966103 0.0114347 0.00944797 0.0208665 0.0229322 0.0268438 0.0253177 0.0175736 0.0252092 0.0201216 0.0235931 0.0246854 0.030571 0.0303246 0.0224456 0.0135812 
Throughputs: 1.2288 1.1305 1.24518 1.17965 1.31072 1.08134 1.1305 1.24518 1.04858 1.49094 1.27795 0.98304 1.29434 1.08134 1.16326 1.37626 1.21242 1.16326 1.17965 0.966656 0.851968 0.98304 1.2288 1.08134 1.08134 0.950272 1.09773 0.933888 1.29434 1.04858 
Utility: 4.38217 3.66551 3.82616 3.65107 4.31627 3.80709 3.98079 3.74926 4.11676 5.03647 4.55286 3.94391 4.59778 3.88106 4.79088 4.79047 4.85457 4.02084 3.94043 3.58381 3.51604 4.02425 3.88658 3.98417 3.82501 3.65054 3.58095 3.4274 4.05466 4.3465 

--------------------------------------
Time: 6.50113
Split Ratios: 1 1 1 1 1 0.096 0.904 0.107 0.893 1 1 1 1 0.14 0.86 1 0.118 0.882 0.995 1 1 1 1 0.929 0.071 1 0.986 0.014 1 0.122 0.878 0.982 0.018 0.064 0.936 1 1 0.912 0.05 0.038 1 
Delays: 0.0154161 0.0287043 0.0264121 0.0304494 0.0175616 0.0236261 0.0210108 0.0294402 0.0171146 0.009549 0.0134084 0.0194538 0.0132355 0.0217268 0.00970595 0.0113874 0.00953307 0.02097 0.0229421 0.0271058 0.0255114 0.0174996 0.0252084 0.0202404 0.0232673 0.0244336 0.0302837 0.0302769 0.021825 0.013538 
Throughputs: 1.40902 1.01581 0.98304 1.08134 0.98304 1.21242 1.14688 1.24518 1.16326 1.06496 1.35987 1.1305 1.3271 0.90112 1.16326 0.999424 1.2288 1.01581 1.08134 1.16326 1.3271 0.851968 1.40902 1.21242 1.31072 1.04858 0.8192 1.09773 1.09773 1.06496 
Utility: 4.51524 3.56639 3.61683 3.5699 4.02493 3.93802 3.99977 3.74468 4.21905 4.71426 4.61926 4.06237 4.60785 3.72509 4.78625 4.47467 4.85903 3.88035 3.85299 3.75924 3.95163 3.88537 4.02348 4.09269 4.03128 3.75923 3.29772 3.59061 3.91794 4.36519 

--------------------------------------
Time: 7.00115
Split Ratios: 1 1 1 1 1 0.096 0.904 0.107 0.893 1 1 1 1 0.14 0.86 1 0.118 0.882 0.995 1 1 1 1 0.929 0.071 1 0.986 0.014 1 0.122 0.878 0.982 0.018 0.064 0.936 1 1 0.912 0.05 0.038 1 
Delays: 0.0153674 0.0285546 0.0269421 0.0306178 0.0179905 0.0234945 0.0205729 0.0296408 0.0169758 0.00983613 0.0134282 0.0198819 0.0131067 0.0223494 0.00953842 0.0113581 0.00946388 0.0210064 0.0233525 0.0271021 0.0258 0.0175358 0.025504 0.0205158 0.0232471 0.0250503 0.0302851 0.0307701 0.0218938 0.0134571 
Throughputs: 1.2288 0.868352 1.08134 1.14688 1.16326 1.1305 1.01581 1.2288 1.19603 1.14688 1.31072 1.24518 1.14688 1.1305 1.14688 1.03219 1.11411 1.16326 1.08134 0.917504 1.14688 1.09773 1.24518 1.16326 1.21242 1.14688 0.999424 0.98304 1.27795 0.999424 
Utility: 4.38155 3.41478 3.69227 3.62322 4.16914 3.87365 3.89947 3.72464 4.25497 4.75874 4.58098 4.13723 4.47167 3.92361 4.78947 4.50951 4.76833 4.01416 3.83525 3.52204 3.79443 4.13676 3.8882 4.03779 3.95419 3.82391 3.49652 3.46411 4.06681 4.30767 

--------------------------------------
Time: 7.50216
Split Ratios: 1 1 1 1 1 0.096 0.904 0.107 0.893 1 1 1 1 0.14 0.86 1 0.118 0.882 0.995 1 1 1 1 0.929 0.071 1 0.986 0.014 1 0.122 0.878 0.982 0.018 0.064 0.936 1 1 0.912 0.05 0.038 1 
Delays: 0.0152311 0.0286194 0.0267617 0.0305921 0.0175135 0.023411 0.0207265 0.0291399 0.0170375 0.00957631 0.0134304 0.0190538 0.0130627 0.0216587 0.00968304 0.0113833 0.00940581 0.0210208 0.0229391 0.0270939 0.025388 0.0171855 0.0253959 0.0203487 0.0231548 0.0242165 0.0302934 0.0302604 0.0220739 0.0132265 
Throughputs: 0.868352 1.14688 1.11411 0.868352 1.21242 1.3271 1.09773 1.2288 1.14688 1.09773 1.5401 1.11411 1.1305 1.17965 1.08134 1.06496 0.999424 1.01581 1.39264 0.999424 0.851968 1.01581 1.31072 1.39264 1.09773 0.950272 1.1305 1.19603 1.34349 0.90112 
Utility: 4.04326 3.69072 3.72884 3.34586 4.2374 4.03755 3.96959 3.74169 4.20938 4.74171 4.74208 4.06855 4.46065 3.99757 4.71558 4.53854 4.66585 3.87793 4.10611 3.60787 3.51327 4.07938 3.94374 4.22594 3.8588 3.66971 3.61948 3.67693 4.10863 4.22142 

--------------------------------------
Time: 8.00218
Split Ratios: 1 1 1 1 1 0.096 0.904 0.107 0.893 1 1 1 1 0.14 0.86 1 0.118 0.882 0.995 1 1 1 1 0.929 0.071 1 0.986 0.014 1 0.122 0.878 0.982 0.018 0.064 0.936 1 1 0.912 0.05 0.038 1 
Delays: 0.0151622 0.0287347 0.0264479 0.0305459 0.0173646 0.0230194 0.0212146 0.029015 0.0169758 0.00954319 0.0134693 0.0189848 0.0132032 0.0220148 0.00977254 0.0114393 0.0097175 0.0210165 0.0228503 0.0273177 0.0257238 0.0171531 0.0249709 0.0204414 0.0231542 0.0241272 0.0303877 0.0302365 0.0223614 0.0133879 
Throughputs: 1.09773 1.08134 0.884736 1.19603 1.11411 1.1305 1.14688 1.17965 1.01581 0.98304 1.11411 1.16326 1.34349 0.8192 1.17965 1.34349 1.40902 1.08134 1.1305 1.04858 1.19603 1.04858 1.14688 0.90112 1.09773 1.01581 1.17965 1.09773 1.24518 1.08134 
Utility: 4.28219 3.62785 3.51011 3.66753 4.16138 3.89407 3.99011 3.70516 4.09165 4.63482 4.4154 4.11535 4.62256 3.61661 4.7934 4.76597 4.97672 3.94065 3.90145 3.64765 3.83935 4.11301 3.82709 3.78608 3.85882 3.7401 3.65893 3.59195 4.0197 4.39161 

--------------------------------------
Time: 8.50224
Split Ratios: 1 1 1 1 1 0.096 0.904 0.107 0.893 1 1 1 1 0.14 0.86 1 0.118 0.882 0.995 1 1 1 1 0.929 0.071 1 0.986 0.014 1 0.122 0.878 0.982 0.018 0.064 0.936 1 1 0.912 0.05 0.038 1 
Delays: 0.0152705 0.0286397 0.0266919 0.0306286 0.0173566 0.023281 0.0209952 0.0291695 0.0170581 0.00950754 0.0132876 0.0193164 0.0131046 0.0219118 0.00969392 0.0114685 0.00947021 0.0207872 0.0229081 0.026784 0.0251026 0.017363 0.0255485 0.0201997 0.0229941 0.0240222 0.0305051 0.0302757 0.0215702 0.0132892 
Throughputs: 0.98304 0.98304 0.90112 0.98304 1.03219 1.03219 1.35987 1.1305 1.44179 1.11411 1.26157 1.26157 1.50733 1.3271 1.16326 1.1305 1.27795 1.08134 1.21242 1.08134 0.98304 1.09773 1.39264 1.03219 1.1305 1.11411 0.90112 0.933888 1.27795 0.950272 
Utility: 4.16473 3.53586 3.51928 3.46871 4.08547 3.7918 4.17085 3.65729 4.43701 4.76373 4.55328 4.17916 4.74513 4.10373 4.78749 4.59081 4.90486 3.95162 3.96888 3.69816 3.66768 4.14666 3.99838 3.93377 3.89517 3.83683 3.38574 3.42901 4.0817 4.2698 

--------------------------------------
Time: 9.00256
Split Ratios: 1 1 1 1 1 0.096 0.904 0.107 0.893 1 1 1 1 0.14 0.86 1 0.118 0.882 0.995 1 1 1 1 0.929 0.071 1 0.986 0.014 1 0.122 0.878 0.982 0.018 0.064 0.936 1 1 0.912 0.05 0.038 1 
Delays: 0.0152975 0.0288661 0.0267277 0.0305713 0.0177759 0.0232484 0.0211884 0.0291603 0.0169557 0.00964321 0.013373 0.0193053 0.0130603 0.0218907 0.00964755 0.0113208 0.00952838 0.0209324 0.0230065 0.0267071 0.0252192 0.017203 0.0250415 0.0204332 0.0234179 0.0245071 0.0305542 0.0303514 0.0221227 0.0133882 
Throughputs: 1.19603 0.917504 1.14688 1.01581 1.21242 1.03219 1.03219 1.3271 1.3271 1.08134 1.21242 1.03219 1.03219 1.04858 1.27795 1.27795 1.06496 0.917504 1.26157 1.44179 0.851968 1.29434 1.17965 1.03219 1.17965 1.19603 1.16326 1.2288 1.26157 0.950272 
Utility: 4.35907 3.45899 3.7591 3.50338 4.22253 3.7932 3.88599 3.81795 4.36015 4.71971 4.50713 3.97906 4.36986 3.86912 4.88631 4.72637 4.71642 3.78036 4.00434 3.98871 3.51994 4.32067 3.85244 3.92228 3.91947 3.8878 3.63948 3.70095 4.04351 4.26238 

--------------------------------------
Time: 9.5026
Split Ratios: 1 1 1 1 1 0.096 0.904 0.107 0.893 1 1 1 1 0.14 0.86 1 0.118 0.882 0.995 1 1 1 1 0.929 0.071 1 0.986 0.014 1 0.122 0.878 0.982 0.018 0.064 0.936 1 1 0.912 0.05 0.038 1 
Delays: 0.0150523 0.0288913 0.0271211 0.0306316 0.0176797 0.0232512 0.021342 0.0291338 0.0171088 0.00966668 0.0133433 0.0187483 0.0130794 0.0221406 0.00986615 0.0114051 0.00951562 0.0209456 0.0234078 0.0270081 0.0259906 0.0171326 0.024997 0.0203159 0.0233071 0.0246411 0.0306179 0.0303962 0.022438 0.013266 
Throughputs: 0.98304 1.21242 1.11411 1.17965 0.966656 1.24518 1.31072 1.17965 1.17965 1.34349 1.24518 1.03219 1.44179 0.999424 1.31072 1.06496 1.06496 0.8192 1.2288 1.06496 1.03219 0.933888 1.21242 1.14688 0.884736 1.09773 1.08134 0.917504 1.3271 1.06496 
Utility: 4.17912 3.73683 3.7155 3.65094 4.00142 3.98068 4.11765 3.70107 4.23338 4.93434 4.53602 4.00834 4.7026 3.80977 4.88922 4.53664 4.71776 3.6664 3.96072 3.67455 3.6817 3.99838 3.88161 4.03339 3.63653 3.79658 3.56438 3.40734 4.08 4.38549 

--------------------------------------
Time: 10.0026
Split Ratios: 1 1 1 1 1 0.096 0.904 0.107 0.893 1 1 1 1 0.14 0.86 1 0.118 0.882 0.995 1 1 1 1 0.929 0.071 1 0.986 0.014 1 0.122 0.878 0.982 0.018 0.064 0.936 1 1 0.912 0.05 0.038 1 
Delays: 0.0152836 0.0289848 0.0269343 0.030769 0.0175741 0.0235295 0.0214414 0.0293667 0.0170004 0.00969302 0.0134365 0.0191345 0.0130354 0.0218135 0.0096881 0.0113609 0.0093964 0.0208848 0.0230526 0.0273408 0.026357 0.0170682 0.0252615 0.0203958 0.0230862 0.0249965 0.03023 0.030476 0.0224053 0.0134055 
Throughputs: 1.16326 1.27795 1.08134 1.08134 1.04858 1.24518 1.1305 1.35987 1.24518 1.26157 1.09773 1.04858 0.999424 0.999424 1.1305 1.29434 1.14688 1.01581 1.09773 1.06496 0.98304 1.14688 1.21242 1.2288 0.933888 1.17965 1.06496 1.1305 1.3271 1.08134 
Utility: 4.3322 3.78624 3.69256 3.55945 4.08876 3.96878 3.96509 3.83529 4.2938 4.8687 4.40302 4.0037 4.33951 3.82465 4.75951 4.73558 4.80447 3.88442 3.86322 3.66231 3.61892 4.20758 3.87109 4.09846 3.70012 3.85424 3.56186 3.61347 4.08146 4.39029 

--------------------------------------
Time: 10.5029
Split Ratios: 1 1 1 1 1 0.096 0.904 0.107 0.893 1 1 1 1 0.14 0.86 1 0.118 0.882 0.995 1 1 1 1 0.929 0.071 1 0.986 0.014 1 0.122 0.878 0.982 0.018 0.064 0.936 1 1 0.912 0.05 0.038 1 
Delays: 0.0154746 0.0289554 0.0273136 0.030764 0.0174088 0.0232934 0.0212745 0.0292807 0.0171293 0.00962601 0.0134557 0.0198567 0.013046 0.0217655 0.00987622 0.0116148 0.00941369 0.0208339 0.0230023 0.0269932 0.0253135 0.0174645 0.025288 0.0203798 0.0228665 0.024579 0.0304171 0.0304027 0.0223499 0.0135542 
Throughputs: 1.29434 1.21242 1.1305 1.03219 0.933888 1.04858 1.16326 1.2288 1.44179 1.1305 0.98304 1.16326 1.1305 1.24518 1.21242 1.09773 1.34349 0.999424 1.03219 1.11411 0.950272 1.16326 1.19603 0.933888 1.14688 1.01581 1.29434 1.26157 1.19603 1.17965 
Utility: 4.42655 3.73461 3.72303 3.51309 3.98238 3.80702 4.00148 3.73686 4.43285 4.76594 4.29124 4.07044 4.46193 4.04671 4.81024 4.54871 4.96086 3.8706 3.80385 3.72023 3.62541 4.19882 3.85643 3.82481 3.91513 3.72155 3.75075 3.72558 3.97994 4.46627 

--------------------------------------
Time: 11.0033
Split Ratios: 1 1 1 1 1 0.096 0.904 0.107 0.893 1 1 1 1 0.14 0.86 1 0.118 0.882 0.995 1 1 1 1 0.929 0.071 1 0.986 0.014 1 0.122 0.878 0.982 0.018 0.064 0.936 1 1 0.912 0.05 0.038 1 
Delays: 0.0155174 0.0289618 0.0268562 0.0306437 0.0174356 0.0232541 0.0210975 0.0293884 0.0170115 0.0096011 0.0134533 0.0193825 0.0130918 0.021895 0.00960872 0.0115023 0.00933713 0.0208636 0.0230573 0.0267007 0.0254006 0.0173664 0.0253116 0.0200306 0.0231233 0.0245238 0.0303151 0.0303341 0.0222623 0.0132809 
Throughputs: 1.17965 1.47456 1.08134 0.999424 1.16326 1.09773 1.17965 1.3271 1.03219 1.08134 1.40902 1.11411 1.11411 1.34349 1.1305 1.29434 1.03219 0.999424 1.08134 1.06496 1.06496 0.966656 1.3271 1.11411 1.1305 1.06496 0.90112 1.21242 1.24518 1.01581 
Utility: 4.33101 3.93014 3.69546 3.48475 4.20047 3.85452 4.02381 3.81015 4.10555 4.72408 4.65143 4.05144 4.44383 4.11677 4.76774 4.72321 4.70544 3.86918 3.84798 3.686 3.73592 4.01931 3.95949 4.01855 3.88957 3.77105 3.39199 3.6881 4.02414 4.33711 

--------------------------------------
Time: 11.5034
Split Ratios: 1 1 1 1 1 0.096 0.904 0.107 0.893 1 1 1 1 0.14 0.86 1 0.118 0.882 0.995 1 1 1 1 0.929 0.071 1 0.986 0.014 1 0.122 0.878 0.982 0.018 0.064 0.936 1 1 0.912 0.05 0.038 1 
Delays: 0.0154369 0.0289635 0.0271055 0.0307293 0.017611 0.0233043 0.021476 0.0293143 0.017004 0.00956188 0.0139994 0.019399 0.0130715 0.022239 0.00961487 0.0115107 0.00935549 0.0215274 0.0231579 0.0274002 0.025304 0.017695 0.0255657 0.0202904 0.0231152 0.0247407 0.0304651 0.0308975 0.0220587 0.0135044 
Throughputs: 1.03219 1.24518 0.98304 0.999424 1.09773 1.04858 1.1305 1.04858 1.31072 1.19603 1.42541 1.16326 1.17965 1.24518 1.26157 1.14688 0.966656 1.1305 1.21242 1.08134 0.950272 1.44179 1.1305 1.11411 1.21242 1.2288 1.14688 1.27795 1.27795 1.26157 
Utility: 4.20268 3.761 3.59091 3.48196 4.13248 3.80655 3.96348 3.57711 4.34489 4.82898 4.6232 4.09376 4.50253 4.02519 4.8768 4.60153 4.63788 3.96109 3.95803 3.67541 3.62579 4.40036 3.78916 4.00567 3.95988 3.90534 3.62822 3.72234 4.05931 4.5371 

--------------------------------------
Time: 12.0041
Split Ratios: 1 1 1 1 1 0.096 0.904 0.107 0.893 1 1 1 1 0.14 0.86 1 0.118 0.882 0.995 1 1 1 1 0.929 0.071 1 0.986 0.014 1 0.122 0.878 0.982 0.018 0.064 0.936 1 1 0.912 0.05 0.038 1 
Delays: 0.0152049 0.0287708 0.0267763 0.0305562 0.0174631 0.0233653 0.0211334 0.0292277 0.0171571 0.00978043 0.0134456 0.0190599 0.0131682 0.0211453 0.00960305 0.011445 0.00935581 0.0209305 0.0229863 0.0272673 0.0253914 0.0172463 0.0250475 0.0205786 0.0234569 0.0245966 0.0306199 0.0302996 0.0222911 0.0133751 
Throughputs: 1.34349 1.08134 1.04858 1.11411 0.999424 1.04858 1.50733 0.999424 1.08134 1.3271 1.08134 1.34349 1.37626 1.08134 1.1305 1.08134 1.1305 0.868352 1.17965 1.08134 1.11411 0.999424 1.01581 1.16326 1.35987 0.770048 0.98304 1.06496 1.24518 1.19603 
Utility: 4.48141 3.6266 3.66767 3.59625 4.04709 3.80394 4.26724 3.53206 4.14355 4.91037 4.3873 4.25544 4.64932 3.93454 4.76833 4.54841 4.79441 3.72539 3.93807 3.68027 3.7814 4.05958 3.70267 4.03473 4.05998 3.44384 3.469 3.55956 4.02285 4.49337 

--------------------------------------
Time: 12.5042
Split Ratios: 1 1 1 1 1 0.096 0.904 0.107 0.893 1 1 1 1 0.14 0.86 1 0.118 0.882 0.995 1 1 1 1 0.929 0.071 1 0.986 0.014 1 0.122 0.878 0.982 0.018 0.064 0.936 1 1 0.912 0.05 0.038 1 
Delays: 0.0154767 0.0285927 0.0268579 0.0306901 0.0174871 0.0234357 0.0207538 0.0294917 0.017075 0.00956317 0.0135286 0.0190937 0.0131426 0.0215273 0.00963934 0.0113414 0.00952779 0.0211766 0.0232905 0.0273082 0.0256842 0.0173178 0.0250132 0.0207236 0.0234385 0.0247428 0.030595 0.0303817 0.0216136 0.0134637 
Throughputs: 0.950272 1.21242 0.98304 1.27795 1.16326 1.1305 1.2288 1.26157 1.03219 1.06496 1.2288 1.29434 1.17965 1.04858 1.1305 1.03219 1.19603 0.917504 1.26157 1.03219 0.835584 0.999424 1.3271 1.16326 1.2288 1.03219 0.999424 1.04858 1.11411 1.06496 
Utility: 4.11742 3.74722 3.60009 3.72907 4.19752 3.87615 4.08106 3.756 4.10183 4.71277 4.50899 4.21639 4.49712 3.88587 4.76456 4.51098 4.83255 3.76876 3.99207 3.63225 3.48226 4.05544 3.97135 4.02771 3.95941 3.7309 3.48634 3.54135 3.94249 4.3707 

--------------------------------------
Time: 13.0051
Split Ratios: 1 1 1 1 1 0.096 0.904 0.107 0.893 1 1 1 1 0.14 0.86 1 0.118 0.882 0.995 1 1 1 1 0.929 0.071 1 0.986 0.014 1 0.122 0.878 0.982 0.018 0.064 0.936 1 1 0.912 0.05 0.038 1 
Delays: 0.0152321 0.0287022 0.0269296 0.0306811 0.0175567 0.0238448 0.0208952 0.0289413 0.017036 0.0095376 0.0132454 0.0190341 0.0130423 0.0215693 0.00946314 0.0113807 0.00938582 0.0208037 0.0228341 0.0268366 0.0251684 0.0172054 0.0247937 0.0200887 0.0230578 0.024724 0.0303756 0.0306157 0.0218323 0.0134564 
Throughputs: 1.04858 1.24518 0.999424 1.06496 1.06496 1.11411 1.2288 1.09773 1.27795 1.14688 1.06496 1.24518 1.24518 0.999424 1.03219 1.16326 1.09773 0.917504 1.27795 0.90112 1.2288 0.868352 1.04858 1.16326 0.98304 1.01581 0.966656 1.08134 1.21242 0.966656 
Utility: 4.23179 3.77007 3.61395 3.54704 4.10526 3.84425 4.07427 3.63573 4.31769 4.78956 4.38704 4.1808 4.55884 3.83591 4.69204 4.62707 4.7618 3.78653 4.02476 3.51387 3.88821 3.92137 3.7446 4.05883 3.75264 3.71566 3.4602 3.56445 4.01698 4.27439 

--------------------------------------
Time: 13.5054
Split Ratios: 1 1 1 1 1 0.096 0.904 0.107 0.893 1 1 1 1 0.14 0.86 1 0.118 0.882 0.995 1 1 1 1 0.929 0.071 1 0.986 0.014 1 0.122 0.878 0.982 0.018 0.064 0.936 1 1 0.912 0.05 0.038 1 
Delays: 0.015277 0.028876 0.0271442 0.0304278 0.0174813 0.023141 0.0211762 0.029431 0.0169301 0.00966604 0.0136959 0.019457 0.0130902 0.0215357 0.00962602 0.0113973 0.00942638 0.0211668 0.0229235 0.0269716 0.025495 0.0172514 0.0252455 0.020743 0.023143 0.0249968 0.0304419 0.0304199 0.0222472 0.0133932 
Throughputs: 0.98304 1.19603 0.98304 0.917504 1.14688 0.999424 1.34349 1.29434 1.19603 1.08134 1.47456 1.08134 1.06496 0.851968 1.11411 1.08134 1.47456 1.21242 1.31072 1.03219 1.03219 1.04858 1.06496 1.06496 1.19603 1.45818 0.933888 1.14688 1.11411 1.11411 
Utility: 4.1643 3.72375 3.58949 3.4063 4.18367 3.76557 4.15015 3.7837 4.25767 4.71734 4.67902 4.01775 4.39883 3.67784 4.75134 4.55258 5.0526 4.04793 4.04617 3.64466 3.70096 4.10729 3.74204 3.93848 3.94507 4.06619 3.42354 3.6297 3.9136 4.42106 

--------------------------------------
Time: 14.0057
Split Ratios: 1 1 1 1 1 0.096 0.904 0.107 0.893 1 1 1 1 0.14 0.86 1 0.118 0.882 0.995 1 1 1 1 0.929 0.071 1 0.986 0.014 1 0.122 0.878 0.982 0.018 0.064 0.936 1 1 0.912 0.05 0.038 1 
Delays: 0.0152682 0.0287469 0.0267226 0.0305542 0.0176938 0.0234149 0.0213482 0.0294692 0.0171299 0.00961113 0.0133953 0.0193316 0.0131876 0.0213818 0.00959412 0.0114724 0.00953484 0.0210575 0.022992 0.0269399 0.0255729 0.0172301 0.0252748 0.0203663 0.0232671 0.0244355 0.0303458 0.0302 0.0226951 0.0133988 
Throughputs: 1.19603 1.09773 1.09773 0.999424 1.1305 1.04858 1.29434 1.26157 1.24518 1.2288 1.39264 1.14688 1.40902 1.04858 1.09773 1.26157 1.49094 1.16326 1.34349 1.01581 0.868352 0.98304 1.1305 1.16326 0.966656 1.35987 0.917504 1.11411 1.3271 1.03219 
Utility: 4.36099 3.64247 3.71549 3.48768 4.1572 3.80181 4.10479 3.75677 4.28622 4.85087 4.64405 4.08306 4.67138 3.89265 4.73985 4.70016 5.05221 4.01173 4.06788 3.62983 3.52506 4.04399 3.8006 4.0451 3.7268 4.01911 3.409 3.60797 4.0686 4.34427 

--------------------------------------
Time: 14.5058
Split Ratios: 1 1 1 1 1 0.096 0.904 0.107 0.893 1 1 1 1 0.14 0.86 1 0.118 0.882 0.995 1 1 1 1 0.929 0.071 1 0.986 0.014 1 0.122 0.878 0.982 0.018 0.064 0.936 1 1 0.912 0.05 0.038 1 
Delays: 0.0154141 0.0284976 0.0268775 0.0303472 0.017652 0.0230357 0.021346 0.0291688 0.0169603 0.00965453 0.0133799 0.019 0.0130764 0.0218759 0.00952595 0.0112979 0.00944049 0.0208849 0.0230687 0.0270343 0.0255504 0.0171866 0.0248594 0.0201255 0.0232802 0.024341 0.0303234 0.0302326 0.0217909 0.0134458 
Throughputs: 1.21242 1.11411 1.11411 1.08134 1.31072 1.08134 1.16326 1.09773 1.21242 0.999424 1.09773 1.01581 1.1305 1.27795 1.16326 1.03219 1.11411 1.03219 1.37626 1.14688 0.933888 1.06496 1.08134 1.1305 1.31072 1.1305 1.06496 1.11411 1.09773 0.999424 
Utility: 4.36509 3.66599 3.72453 3.57325 4.30748 3.84891 3.99812 3.6279 4.26949 4.63975 4.40725 3.979 4.4596 4.06763 4.80497 4.51482 4.77081 3.90041 4.08865 3.74769 3.5987 4.12656 3.77272 4.02842 4.03073 3.83825 3.55877 3.60689 3.9195 4.30851 

--------------------------------------
Time: 15.006
Split Ratios: 1 1 1 1 1 0.096 0.904 0.107 0.893 1 1 1 1 0.14 0.86 1 0.118 0.882 0.995 1 1 1 1 0.929 0.071 1 0.986 0.014 1 0.122 0.878 0.982 0.018 0.064 0.936 1 1 0.912 0.05 0.038 1 
Delays: 0.0154375 0.0290725 0.0271667 0.0312268 0.0173804 0.0235753 0.0210617 0.0291085 0.0171292 0.00968094 0.0135219 0.0191445 0.0131348 0.0217344 0.00971859 0.0115272 0.00942887 0.0210249 0.0232815 0.0268958 0.0256267 0.0176062 0.0249448 0.0203118 0.0233712 0.0246169 0.0307073 0.0303334 0.0217844 0.0133348 
Throughputs: 1.21242 1.1305 0.98304 1.09773 1.16326 1.26157 1.3271 1.11411 1.27795 1.08134 1.2288 1.24518 1.29434 1.11411 1.19603 0.966656 1.29434 1.09773 1.19603 1.09773 0.933888 1.1305 0.90112 1.27795 1.26157 1.35987 1.42541 0.950272 1.21242 1.04858 
Utility: 4.36357 3.66062 3.58866 3.55972 4.20364 3.97991 4.1433 3.64478 4.31223 4.7158 4.50948 4.17502 4.59049 3.93692 4.81272 4.42913 4.92198 3.95529 3.93911 3.70903 3.59572 4.16216 3.58697 4.14181 3.9886 4.01171 3.83771 3.4445 4.01917 4.36481 

--------------------------------------
Time: 15.5061
Split Ratios: 1 1 1 1 1 0.096 0.904 0.107 0.893 1 1 1 1 0.14 0.86 1 0.118 0.882 0.995 1 1 1 1 0.929 0.071 1 0.986 0.014 1 0.122 0.878 0.982 0.018 0.064 0.936 1 1 0.912 0.05 0.038 1 
Delays: 0.015399 0.0289374 0.0266946 0.0311442 0.0175224 0.0239192 0.0206991 0.0290386 0.0170383 0.00961065 0.0134253 0.0189786 0.0130923 0.02169 0.00948912 0.0115143 0.00941646 0.0209004 0.0229633 0.0268478 0.0252889 0.0172711 0.0249415 0.0204194 0.0235692 0.0246228 0.0305793 0.03046 0.0224745 0.0133293 
Throughputs: 1.09773 1.04858 1.01581 1.29434 0.98304 1.24518 1.21242 1.16326 1.03219 1.06496 0.999424 1.08134 1.26157 1.17965 1.21242 1.24518 1.26157 1.06496 1.31072 0.933888 0.770048 1.11411 0.933888 1.08134 1.3271 1.06496 0.999424 1.1305 1.1305 1.11411 
Utility: 4.2667 3.59005 3.63898 3.72712 4.02717 3.95236 4.07028 3.69036 4.10398 4.70782 4.31004 4.04265 4.56809 3.99612 4.85022 4.68345 4.89765 3.93092 4.04443 3.54917 3.41609 4.16678 3.62282 3.96948 4.03081 3.76702 3.48686 3.614 3.91803 4.42585 

--------------------------------------
Time: 16.0062
Split Ratios: 1 1 1 1 1 0.096 0.904 0.107 0.893 1 1 1 1 0.14 0.86 1 0.118 0.882 0.995 1 1 1 1 0.929 0.071 1 0.986 0.014 1 0.122 0.878 0.982 0.018 0.064 0.936 1 1 0.912 0.05 0.038 1 
Delays: 0.0154641 0.028849 0.0265176 0.0304998 0.0174635 0.023404 0.0208969 0.0292128 0.0169769 0.00956027 0.0135723 0.0196243 0.013144 0.0215081 0.00964672 0.0115411 0.00936233 0.0209378 0.0230919 0.0269943 0.0252641 0.0172975 0.0251814 0.0200939 0.0227709 0.0241194 0.0304382 0.0303655 0.0223857 0.013691 
Throughputs: 1.08134 1.37626 0.884736 0.950272 1.04858 1.24518 1.19603 1.35987 1.24518 1.04858 1.08134 1.17965 1.16326 0.98304 1.19603 1.29434 0.999424 1.21242 1.14688 0.98304 1.08134 1.01581 1.17965 1.09773 0.999424 1.1305 1.09773 0.950272 1.16326 1.21242 
Utility: 4.24744 3.86505 3.50748 3.43903 4.09507 3.97413 4.04717 3.84054 4.29519 4.69757 4.37793 4.0962 4.48302 3.82222 4.82015 4.71983 4.67048 4.05881 3.90532 3.59502 3.75657 4.07288 3.84687 4.00058 3.78169 3.8474 3.5853 3.44344 3.95056 4.48363 

--------------------------------------
Time: 16.5064
Split Ratios: 1 1 1 1 1 0.096 0.904 0.107 0.893 1 1 1 1 0.14 0.86 1 0.118 0.882 0.995 1 1 1 1 0.929 0.071 1 0.986 0.014 1 0.122 0.878 0.982 0.018 0.064 0.936 1 1 0.912 0.05 0.038 1 
Delays: 0.0155679 0.0289423 0.0267073 0.0304941 0.0174237 0.0232397 0.0216869 0.0289913 0.0169765 0.00955203 0.0134272 0.0189645 0.0130611 0.0219271 0.00970811 0.011475 0.00939402 0.0209038 0.0230973 0.0274249 0.0259405 0.0175673 0.0250182 0.0205182 0.0233852 0.0243579 0.0308448 0.0305657 0.0221264 0.0134502 
Throughputs: 1.09773 1.39264 1.06496 1.09773 1.1305 1.42541 1.34349 1.2288 1.14688 1.17965 1.11411 1.1305 1.2288 1.26157 0.966656 1.04858 1.21242 1.01581 1.24518 1.2288 1.01581 0.98304 1.09773 1.14688 1.27795 0.917504 0.868352 1.16326 1.27795 1.14688 
Utility: 4.25579 3.87365 3.68575 3.58346 4.17258 4.11635 4.12632 3.7468 4.21297 4.81622 4.41853 4.08784 4.54416 4.05239 4.60088 4.51501 4.8603 3.88351 3.98732 3.80234 3.66764 4.02461 3.7814 4.02349 4.00091 3.6288 3.33763 3.63911 4.05624 4.44581 

--------------------------------------
Time: 17.0064
Split Ratios: 1 1 1 1 1 0.096 0.904 0.107 0.893 1 1 1 1 0.14 0.86 1 0.118 0.882 0.995 1 1 1 1 0.929 0.071 1 0.986 0.014 1 0.122 0.878 0.982 0.018 0.064 0.936 1 1 0.912 0.05 0.038 1 
Delays: 0.0153706 0.0288313 0.026642 0.0304931 0.0174333 0.023194 0.0212781 0.029105 0.0170854 0.00945875 0.0136093 0.0195655 0.0130489 0.0216805 0.00964199 0.0114777 0.00937431 0.0210278 0.0229655 0.0269008 0.0256374 0.0176973 0.0251163 0.0205893 0.0233143 0.0247934 0.0303028 0.030346 0.0219583 0.0133079 
Throughputs: 1.27795 0.98304 1.19603 1.06496 1.1305 1.09773 1.14688 1.21242 1.09773 0.966656 1.01581 0.950272 0.966656 1.1305 1.29434 1.2288 1.06496 1.3271 1.1305 0.933888 1.19603 1.47456 1.29434 1.47456 1.01581 0.917504 1.06496 0.950272 1.34349 1.14688 
Utility: 4.42056 3.52919 3.80428 3.55319 4.17203 3.85711 3.98712 3.72946 4.16278 4.6269 4.31269 3.88298 4.30514 3.954 4.89963 4.67339 4.73272 4.14491 3.89642 3.5472 3.84271 4.4227 3.94224 4.27135 3.77437 3.61108 3.55945 3.44408 4.11388 4.45645 

--------------------------------------
Time: 17.5066
Split Ratios: 1 1 1 1 1 0.096 0.904 0.107 0.893 1 1 1 1 0.14 0.86 1 0.118 0.882 0.995 1 1 1 1 0.929 0.071 1 0.986 0.014 1 0.122 0.878 0.982 0.018 0.064 0.936 1 1 0.912 0.05 0.038 1 
Delays: 0.0153667 0.0289402 0.0267444 0.0304285 0.0173911 0.0229098 0.0210965 0.0290587 0.0171837 0.00960394 0.0134054 0.0192429 0.013134 0.0217316 0.00977208 0.0113735 0.00936842 0.0209469 0.0226725 0.0270221 0.0253706 0.017441 0.0248856 0.0204236 0.0233924 0.0247317 0.0303679 0.0304227 0.0218628 0.0135373 
Throughputs: 1.11411 1.19603 0.98304 0.90112 1.04858 0.933888 1.39264 1.24518 1.16326 1.31072 1.40902 1.06496 1.3271 1.31072 1.44179 1.29434 1.03219 1.21242 1.01581 1.24518 1.01581 1.09773 1.06496 1.21242 0.950272 1.21242 1.17965 1.17965 1.3271 1.19603 
Utility: 4.28361 3.72153 3.60433 3.38826 4.09923 3.70779 4.18985 3.75772 4.21502 4.91616 4.65499 4.01355 4.61555 4.09956 4.99411 4.73447 4.7021 4.05838 3.80228 3.83038 3.68985 4.14217 3.7564 4.08368 3.70434 3.89229 3.65959 3.65778 4.10597 4.48132 

--------------------------------------
Time: 18.0068
Split Ratios: 1 1 1 1 1 0.096 0.904 0.107 0.893 1 1 1 1 0.14 0.86 1 0.118 0.882 0.995 1 1 1 1 0.929 0.071 1 0.986 0.014 1 0.122 0.878 0.982 0.018 0.064 0.936 1 1 0.912 0.05 0.038 1 
Delays: 0.0153058 0.0287032 0.0269635 0.0306705 0.0173049 0.023516 0.0213881 0.0295369 0.0168737 0.00968108 0.0132596 0.0193815 0.0131284 0.0219706 0.00971027 0.0113278 0.00948295 0.0208826 0.0228548 0.0272508 0.0254517 0.017342 0.0251918 0.0204643 0.0230106 0.0245754 0.0307482 0.0304895 0.0218696 0.0134872 
Throughputs: 1.08134 1.17965 1.01581 1.2288 1.04858 1.06496 1.2288 1.31072 1.04858 1.21242 1.31072 1.19603 1.34349 1.1305 0.966656 1.14688 1.27795 0.933888 0.98304 1.47456 1.1305 1.11411 1.34349 1.14688 1.04858 1.09773 0.999424 0.950272 1.21242 1.08134 
Utility: 4.25773 3.71596 3.62895 3.69049 4.1042 3.81301 4.05096 3.79269 4.12943 4.8302 4.59361 4.12245 4.62824 3.9407 4.60066 4.61754 4.90352 3.80044 3.76149 3.99103 3.79363 4.16268 3.9765 4.02612 3.81923 3.79925 3.48135 3.43937 4.01527 4.38422 

--------------------------------------
Time: 18.5069
Split Ratios: 1 1 1 1 1 0.096 0.904 0.107 0.893 1 1 1 1 0.14 0.86 1 0.118 0.882 0.995 1 1 1 1 0.929 0.071 1 0.986 0.014 1 0.122 0.878 0.982 0.018 0.064 0.936 1 1 0.912 0.05 0.038 1 
Delays: 0.0154723 0.0285976 0.0270292 0.0304924 0.0174332 0.023545 0.0207096 0.0291197 0.0171038 0.00966401 0.0135012 0.0192572 0.0130701 0.0217208 0.00954381 0.0112341 0.00937747 0.0210434 0.0228581 0.0266354 0.0252072 0.0173948 0.0248424 0.0211109 0.0232992 0.024944 0.0302613 0.0304186 0.0217838 0.0132955 
Throughputs: 0.966656 1.08134 1.21242 1.06496 0.917504 1.06496 1.11411 1.34349 1.17965 1.40902 1.24518 1.06496 1.24518 1.11411 1.03219 0.966656 1.16326 1.04858 1.16326 1.04858 0.884736 1.14688 1.29434 1.17965 0.933888 1.08134 1.1305 1.17965 1.21242 0.851968 
Utility: 4.13479 3.63264 3.80345 3.55321 3.96328 3.81178 3.98521 3.83161 4.23367 4.98224 4.52426 4.01281 4.55671 3.93754 4.68355 4.45489 4.82068 3.9086 3.92968 3.67295 3.55816 4.18863 3.9532 4.02318 3.69094 3.76933 3.62054 3.65792 4.0192 4.16012 

--------------------------------------
Time: 19.0071
Split Ratios: 1 1 1 1 1 0.096 0.904 0.107 0.893 1 1 1 1 0.14 0.86 1 0.118 0.882 0.995 1 1 1 1 0.929 0.071 1 0.986 0.014 1 0.122 0.878 0.982 0.018 0.064 0.936 1 1 0.912 0.05 0.038 1 
Delays: 0.0152994 0.0289332 0.0270128 0.0304346 0.0176821 0.0236965 0.0213444 0.0293941 0.0168765 0.00955183 0.0133971 0.0191908 0.0132164 0.0218711 0.00973371 0.0114289 0.00952178 0.0208838 0.0232138 0.0271125 0.0255242 0.0174608 0.0250684 0.0203446 0.0232612 0.0246157 0.0303344 0.0303094 0.022287 0.0135699 
Throughputs: 1.11411 1.21242 1.09773 0.770048 1.03219 1.04858 1.27795 1.3271 0.884736 1.2288 1.08134 1.1305 1.17965 1.21242 1.44179 1.1305 1.42541 0.966656 1.34349 1.11411 0.73728 1.06496 1.26157 1.09773 1.16326 0.917504 1.01581 1.04858 1.26157 1.03219 
Utility: 4.288 3.73538 3.70469 3.23087 4.06689 3.78986 4.09223 3.80996 3.95936 4.85706 4.39092 4.07598 4.49151 4.0152 4.99805 4.59427 5.00863 3.83487 4.05828 3.71582 3.36334 4.11074 3.9185 3.98818 3.9122 3.61827 3.51116 3.54373 4.03611 4.33159 

--------------------------------------
Time: 19.5072
Split Ratios: 1 1 1 1 1 0.096 0.904 0.107 0.893 1 1 1 1 0.14 0.86 1 0.118 0.882 0.995 1 1 1 1 0.929 0.071 1 0.986 0.014 1 0.122 0.878 0.982 0.018 0.064 0.936 1 1 0.912 0.05 0.038 1 
Delays: 0.0155352 0.0287249 0.0271653 0.0308053 0.0188625 0.0241661 0.0212798 0.029379 0.0171124 0.00965759 0.013501 0.0192056 0.0131376 0.0216502 0.00974888 0.0115464 0.00958355 0.0208761 0.0235466 0.0267064 0.0261486 0.0174142 0.0251592 0.0204735 0.0238707 0.0255078 0.0305991 0.0305198 0.0225654 0.0133458 
Throughputs: 0.999424 1.09773 1.17965 1.16326 1.09773 1.04858 1.21242 1.26157 1.2288 1.14688 1.17965 1.01581 1.31072 1.2288 0.90112 1.04858 1.26157 1.16326 1.27795 1.1305 1.1305 0.950272 1.21242 1.34349 1.35987 1.03219 1.08134 1.19603 1.1305 0.802816 
Utility: 4.16407 3.64323 3.77103 3.6313 4.06382 3.77024 4.04261 3.75983 4.27399 4.77706 4.47021 3.96824 4.60285 4.03878 4.52649 4.50881 4.88006 4.02038 3.99403 3.74551 3.76662 3.99946 3.87515 4.1839 4.04249 3.70046 3.56499 3.66839 3.91399 4.09692 

--------------------------------------
Time: 20.0076
Split Ratios: 1 1 1 1 1 0.096 0.904 0.107 0.893 1 1 1 1 0.14 0.86 1 0.118 0.882 0.995 1 1 1 1 0.929 0.071 1 0.986 0.014 1 0.122 0.878 0.982 0.018 0.064 0.936 1 1 0.912 0.05 0.038 1 
Delays: 0.0159041 0.0284164 0.02648 0.0306282 0.0174944 0.0232694 0.0211543 0.0293162 0.0171491 0.00981499 0.0135123 0.0194202 0.0131745 0.0217167 0.00968847 0.0113951 0.00951194 0.0210703 0.0232002 0.0267365 0.0254268 0.0173675 0.0249531 0.0207937 0.0231002 0.0237943 0.0302427 0.0303569 0.0222688 0.0133004 
Throughputs: 1.11411 0.999424 0.999424 1.01581 1.11411 1.08134 1.26157 1.35987 1.11411 1.3271 1.24518 1.11411 1.29434 1.17965 1.3271 1.24518 1.21242 1.24518 1.26157 1.09773 1.03219 0.90112 1.1305 1.17965 0.98304 1.08134 1.08134 0.90112 1.37626 1.16326 
Utility: 4.24923 3.56021 3.63079 3.50152 4.15393 3.83882 4.08827 3.83701 4.17387 4.90684 4.52344 4.0495 4.58747 3.99489 4.91982 4.69385 4.84782 4.07918 3.99595 3.71497 3.70364 3.94904 3.81342 4.03832 3.75081 3.81651 3.57671 3.39062 4.12394 4.47119 

--------------------------------------
Time: 20.5079
Split Ratios: 1 1 1 1 1 0.096 0.904 0.107 0.893 1 1 1 1 0.14 0.86 1 0.118 0.882 0.995 1 1 1 1 0.929 0.071 1 0.986 0.014 1 0.122 0.878 0.982 0.018 0.064 0.936 1 1 0.912 0.05 0.038 1 
Delays: 0.0152051 0.0289473 0.0267586 0.0307314 0.017632 0.0237692 0.0212477 0.0293728 0.0171379 0.00958022 0.0133325 0.0191673 0.0131067 0.0220223 0.00979213 0.0114851 0.00943763 0.0208926 0.0229847 0.027202 0.0254905 0.016994 0.0249077 0.0206674 0.0232211 0.0243166 0.0306319 0.0303188 0.0222154 0.0134959 
Throughputs: 1.11411 1.09773 1.04858 0.950272 1.14688 1.29434 1.37626 1.37626 1.19603 1.11411 1.06496 1.16326 0.999424 0.868352 1.16326 0.966656 1.37626 1.11411 1.49094 1.14688 1.17965 0.966656 1.19603 1.03219 1.09773 0.851968 1.08134 1.08134 1.1305 1.08134 
Utility: 4.29418 3.63552 3.66833 3.43146 4.17509 3.99736 4.17087 3.84705 4.24547 4.75611 4.38049 4.10578 4.33405 3.67454 4.77741 4.4328 4.98242 3.97642 4.17234 3.74151 3.83467 4.04098 3.87159 3.91088 3.85594 3.55639 3.56392 3.57419 3.92963 4.38358 

--------------------------------------
Time: 21.0082
Split Ratios: 1 1 1 1 1 0.096 0.904 0.107 0.893 1 1 1 1 0.14 0.86 1 0.118 0.882 0.995 1 1 1 1 0.929 0.071 1 0.986 0.014 1 0.122 0.878 0.982 0.018 0.064 0.936 1 1 0.912 0.05 0.038 1 
Delays: 0.0151715 0.0288908 0.0271264 0.0308217 0.0177515 0.0236566 0.0215894 0.0288109 0.0170204 0.00970217 0.0132344 0.0187687 0.0132023 0.0218118 0.00940388 0.0115081 0.00943438 0.0207411 0.0237763 0.0273302 0.0259914 0.0172596 0.0249317 0.0204077 0.0241094 0.0247185 0.0308048 0.0301488 0.0225001 0.0132514 
Throughputs: 1.17965 1.1305 0.98304 1.03219 1.27795 1.14688 1.11411 1.09773 1.16326 1.1305 0.753664 1.03219 1.35987 1.04858 1.06496 1.17965 1.03219 0.966656 1.35987 1.14688 1.21242 1.03219 1.3271 1.11411 1.39264 1.09773 1.06496 1.03219 1.34349 0.950272 
Utility: 4.35355 3.66689 3.59014 3.51122 4.27654 3.88116 3.94361 3.64024 4.22457 4.75806 4.04212 4.00725 4.63475 3.87274 4.72957 4.62992 4.69508 3.84173 4.04646 3.73681 3.84261 4.09107 3.97461 3.9999 4.05635 3.79345 3.54302 3.5333 4.0895 4.27264 

--------------------------------------
Time: 21.5085
Split Ratios: 1 1 1 1 1 0.096 0.904 0.107 0.893 1 1 1 1 0.14 0.86 1 0.118 0.882 0.995 1 1 1 1 0.929 0.071 1 0.986 0.014 1 0.122 0.878 0.982 0.018 0.064 0.936 1 1 0.912 0.05 0.038 1 
Delays: 0.0152817 0.0285871 0.0269921 0.0304885 0.0174971 0.0234261 0.0213623 0.0294918 0.0169753 0.00944306 0.0135017 0.0196921 0.0131417 0.0217498 0.00966922 0.0116499 0.00933984 0.0208809 0.0229176 0.0273318 0.0256071 0.0173188 0.0253668 0.0209602 0.0234781 0.0246162 0.0302606 0.030385 0.0222138 0.0138104 
Throughputs: 1.14688 1.14688 1.09773 1.2288 1.1305 1.21242 1.40902 1.04858 0.999424 0.98304 1.37626 1.14688 1.27795 1.2288 1.03219 1.06496 1.26157 1.09773 1.04858 1.01581 1.01581 0.966656 1.19603 1.3271 0.966656 0.966656 0.868352 0.851968 1.19603 1.2288 
Utility: 4.31814 3.69185 3.70545 3.69644 4.16837 3.94652 4.18903 3.57108 4.07542 4.64537 4.62431 4.06458 4.57722 4.03419 4.67049 4.51539 4.90582 3.96216 3.82328 3.61539 3.68057 4.02205 3.85332 4.14813 3.71777 3.67044 3.35675 3.3336 3.98605 4.48837 

--------------------------------------
Time: 22.0087
Split Ratios: 1 1 1 1 1 0.096 0.904 0.107 0.893 1 1 1 1 0.14 0.86 1 0.118 0.882 0.995 1 1 1 1 0.929 0.071 1 0.986 0.014 1 0.122 0.878 0.982 0.018 0.064 0.936 1 1 0.912 0.05 0.038 1 
Delays: 0.0152531 0.0290207 0.0265608 0.0304095 0.0174797 0.0229746 0.0209501 0.0293993 0.0171754 0.00971596 0.0133413 0.0194503 0.0130066 0.0216824 0.00975689 0.0115303 0.00937387 0.0207901 0.022965 0.0273398 0.0251678 0.0173198 0.0251225 0.0202591 0.0233155 0.0243478 0.030379 0.0302294 0.0219909 0.0131568 
Throughputs: 1.17965 1.27795 0.933888 1.04858 1.21242 1.16326 1.35987 1.19603 1.26157 0.999424 1.17965 1.09773 1.27795 1.09773 1.35987 0.917504 1.01581 1.06496 1.21242 0.851968 0.90112 1.1305 1.03219 1.21242 0.98304 1.11411 1.1305 1.01581 1.21242 1.09773 
Utility: 4.34819 3.78501 3.55992 3.54043 4.23933 3.9246 4.173 3.70579 4.29663 4.63341 4.48211 4.03313 4.58756 3.9245 4.93717 4.37668 4.68551 3.93621 3.9664 3.43921 3.57807 4.17856 3.71568 4.09177 3.74153 3.82337 3.61666 3.51462 4.00974 4.42406 

--------------------------------------
Time: 22.5088
Split Ratios: 1 1 1 1 1 0.096 0.904 0.107 0.893 1 1 1 1 0.14 0.86 1 0.118 0.882 0.995 1 1 1 1 0.929 0.071 1 0.986 0.014 1 0.122 0.878 0.982 0.018 0.064 0.936 1 1 0.912 0.05 0.038 1 
Delays: 0.0153126 0.0288129 0.0269376 0.030513 0.0173064 0.0235254 0.0209936 0.0289198 0.0170613 0.00952629 0.0133045 0.0189499 0.0130324 0.0216336 0.00951776 0.0116412 0.0093759 0.0208781 0.0230216 0.0269536 0.0253222 0.0175273 0.025097 0.0205506 0.0223287 0.0242962 0.0305392 0.0303808 0.022051 0.0132643 
Throughputs: 0.917504 0.98304 0.917504 0.999424 1.04858 1.14688 1.21242 1.24518 1.31072 1.19603 1.08134 1.08134 0.933888 1.01581 1.1305 0.950272 1.27795 1.08134 1.2288 1.11411 1.08134 1.09773 1.19603 1.2288 1.04858 1.19603 1.24518 0.950272 1.3271 1.24518 
Utility: 4.09298 3.52983 3.52813 3.48903 4.10411 3.88672 4.05615 3.76251 4.34152 4.83271 4.39786 4.04416 4.27192 3.84919 4.77725 4.4022 4.91487 3.94726 3.97736 3.7217 3.75428 4.13724 3.86402 4.0909 3.84932 3.89645 3.70803 3.44294 4.0974 4.54196 

--------------------------------------
Time: 23.0088
Split Ratios: 1 1 1 1 1 0.096 0.904 0.107 0.893 1 1 1 1 0.14 0.86 1 0.118 0.882 0.995 1 1 1 1 0.929 0.071 1 0.986 0.014 1 0.122 0.878 0.982 0.018 0.064 0.936 1 1 0.912 0.05 0.038 1 
Delays: 0.0156064 0.0291271 0.0271012 0.0305503 0.0174596 0.0239887 0.0206682 0.0293426 0.0171622 0.00952641 0.0134999 0.0195801 0.0131045 0.0217127 0.00972163 0.0113712 0.0095015 0.0213593 0.0229655 0.0267828 0.0255923 0.0175456 0.0252412 0.0204723 0.0232784 0.024649 0.0305478 0.0303846 0.0218739 0.0134922 
Throughputs: 1.29434 1.16326 1.04858 0.90112 1.19603 1.31072 1.44179 1.16326 1.11411 0.98304 1.37626 1.14688 1.24518 1.1305 1.2288 1.09773 1.34349 1.16326 1.34349 1.03219 0.917504 1.14688 1.19603 1.19603 1.17965 1.03219 0.90112 1.1305 1.01581 1.19603 
Utility: 4.41807 3.68732 3.65561 3.38427 4.22687 4.00075 4.24505 3.67995 4.17311 4.63658 4.62444 4.07029 4.55409 3.95252 4.83944 4.56992 4.95158 3.9975 4.06903 3.65168 3.57936 4.18 3.85829 4.06769 3.92545 3.7347 3.38434 3.61647 3.83815 4.48465 

--------------------------------------
Time: 23.5089
Split Ratios: 1 1 1 1 1 0.096 0.904 0.107 0.893 1 1 1 1 0.14 0.86 1 0.118 0.882 0.995 1 1 1 1 0.929 0.071 1 0.986 0.014 1 0.122 0.878 0.982 0.018 0.064 0.936 1 1 0.912 0.05 0.038 1 
Delays: 0.0152055 0.0287104 0.026874 0.0307286 0.0176914 0.0233367 0.0207677 0.0290591 0.0168711 0.00950938 0.0137901 0.0192998 0.0130608 0.0215666 0.00971304 0.0113825 0.00939623 0.0214692 0.0232953 0.0269595 0.02549 0.0173969 0.0250477 0.0203513 0.0230425 0.0247972 0.0304563 0.0306103 0.022526 0.0133523 
Throughputs: 1.03219 1.29434 1.1305 1.04858 1.08134 1.26157 1.09773 1.26157 1.31072 1.01581 1.14688 0.835584 1.29434 0.966656 0.98304 1.16326 1.1305 0.999424 1.37626 1.01581 0.950272 1.09773 1.14688 0.851968 1.27795 1.21242 1.1305 1.21242 1.04858 0.950272 
Utility: 4.21778 3.8085 3.73925 3.52999 4.11288 3.99008 3.9676 3.77078 4.35273 4.67116 4.42085 3.76803 4.59614 3.8027 4.61718 4.62691 4.7901 3.84056 4.07887 3.6291 3.61846 4.1447 3.82402 3.7344 4.01567 3.88964 3.61412 3.67903 3.84052 4.26506 

--------------------------------------
Time: 24.0091
Split Ratios: 1 1 1 1 1 0.096 0.904 0.107 0.893 1 1 1 1 0.14 0.86 1 0.118 0.882 0.995 1 1 1 1 0.929 0.071 1 0.986 0.014 1 0.122 0.878 0.982 0.018 0.064 0.936 1 1 0.912 0.05 0.038 1 
Delays: 0.015525 0.0290235 0.0266149 0.0303205 0.0174179 0.0235303 0.0210224 0.0290837 0.0170408 0.00960581 0.013592 0.0192885 0.0131973 0.021926 0.00981422 0.0114055 0.00943058 0.0207256 0.0231354 0.0274196 0.0252601 0.0173329 0.0249241 0.0205264 0.0228449 0.0245005 0.0303387 0.0302281 0.0217979 0.0133129 
Throughputs: 1.16326 0.933888 0.933888 1.01581 1.29434 1.11411 1.14688 1.29434 0.999424 1.26157 1.19603 1.03219 1.16326 1.11411 1.29434 1.14688 1.24518 1.03219 1.08134 1.1305 1.14688 1.37626 1.27795 1.09773 1.03219 0.884736 1.16326 1.04858 1.21242 1.03219 
Utility: 4.31653 3.47125 3.55788 3.51162 4.30825 3.85753 3.99921 3.79558 4.07157 4.87774 4.47728 3.97993 4.47897 3.92814 4.88192 4.61071 4.88308 3.90807 3.8446 3.71915 3.81558 4.37452 3.93718 3.97929 3.81071 3.5866 3.64656 3.54642 4.01856 4.35071 

--------------------------------------
Time: 24.5091
Split Ratios: 1 1 1 1 1 0.096 0.904 0.107 0.893 1 1 1 1 0.14 0.86 1 0.118 0.882 0.995 1 1 1 1 0.929 0.071 1 0.986 0.014 1 0.122 0.878 0.982 0.018 0.064 0.936 1 1 0.912 0.05 0.038 1 
Delays: 0.015245 0.0287933 0.0265549 0.0307447 0.0178388 0.0232802 0.0210521 0.0291168 0.0168644 0.00956294 0.0133517 0.0191541 0.0131546 0.0221628 0.00959771 0.0112781 0.00948277 0.0208968 0.0232627 0.0266886 0.0255691 0.0173444 0.0250794 0.0209356 0.0231951 0.0242297 0.0303822 0.0300488 0.0228246 0.0133897 
Throughputs: 1.09773 0.950272 0.933888 1.34349 1.11411 1.08134 1.27795 1.14688 1.19603 1.21242 1.29434 1.09773 1.03219 1.01581 1.11411 1.09773 1.3271 1.03219 1.45818 0.98304 1.01581 1.11411 1.17965 1.08134 1.27795 0.868352 1.04858 1.1305 1.39264 1.01581 
Utility: 4.27675 3.49661 3.56014 3.77731 4.13444 3.83836 4.10601 3.67349 4.26156 4.84248 4.57411 4.04848 4.36267 3.82502 4.75429 4.57814 4.94128 3.89984 4.13809 3.60641 3.68206 4.16254 3.85092 3.94451 4.00907 3.57902 3.54133 3.62759 4.11112 4.32895 

--------------------------------------
Time: 25.0091
Split Ratios: 1 1 1 1 1 0.096 0.904 0.107 0.893 1 1 1 1 0.14 0.86 1 0.118 0.882 0.995 1 1 1 1 0.929 0.071 1 0.986 0.014 1 0.122 0.878 0.982 0.018 0.064 0.936 1 1 0.912 0.05 0.038 1 
Delays: 0.0154587 0.0288169 0.0269679 0.0304148 0.0177486 0.0234232 0.0208977 0.02955 0.017048 0.00952215 0.0135888 0.0197665 0.0131865 0.0213331 0.00970636 0.0113403 0.00950988 0.0208334 0.0234099 0.0270898 0.0250251 0.0173053 0.0254013 0.0211443 0.0229756 0.0246635 0.0304355 0.0303515 0.0219047 0.0135327 
Throughputs: 1.03219 1.16326 1.06496 1.21242 1.01581 1.09773 1.14688 1.29434 1.09773 1.11411 1.09773 1.27795 1.16326 1.16326 1.24518 1.03219 1.21242 1.19603 1.21242 1.04858 1.01581 1.01581 1.2288 1.11411 1.14688 0.999424 1.17965 1.04858 1.1305 1.14688 
Utility: 4.20127 3.69802 3.67604 3.68544 4.04713 3.84727 4.00516 3.77967 4.16497 4.76219 4.39175 4.16903 4.47979 3.99873 4.85426 4.51107 4.84804 4.05021 3.94721 3.65603 3.70356 4.07242 3.87899 3.96444 3.91037 3.70185 3.65736 3.54234 3.94371 4.43969 

--------------------------------------
Time: 25.5092
Split Ratios: 1 1 1 1 1 0.096 0.904 0.107 0.893 1 1 1 1 0.14 0.86 1 0.118 0.882 0.995 1 1 1 1 0.929 0.071 1 0.986 0.014 1 0.122 0.878 0.982 0.018 0.064 0.936 1 1 0.912 0.05 0.038 1 
Delays: 0.015166 0.0289485 0.0270377 0.0307016 0.0174572 0.0234463 0.021069 0.0292657 0.0171652 0.00956757 0.0133812 0.0195255 0.0131554 0.0222538 0.00956895 0.0114764 0.00939912 0.0209827 0.0231611 0.0273097 0.0253232 0.0172214 0.025352 0.0205562 0.023543 0.0239245 0.0306134 0.0304101 0.0217004 0.0134516 
Throughputs: 1.26157 1.01581 0.950272 1.01581 1.31072 1.3271 0.966656 0.999424 1.17965 1.42541 1.31072 1.11411 1.09773 1.11411 0.966656 1.19603 1.04858 1.06496 1.29434 1.03219 0.966656 0.917504 1.14688 1.08134 1.19603 1.06496 1.24518 1.09773 1.01581 1.19603 
Utility: 4.42106 3.55792 3.55952 3.49912 4.31858 4.03604 3.82604 3.53076 4.23009 5.00383 4.58448 4.04409 4.42417 3.9133 4.61532 4.64647 4.71457 3.92699 4.02328 3.6322 3.64212 3.97551 3.81194 3.9628 3.92793 3.79579 3.7056 3.58622 3.84611 4.48767 

--------------------------------------
Time: 26.0094
Split Ratios: 1 1 1 1 1 0.096 0.904 0.107 0.893 1 1 1 1 0.14 0.86 1 0.118 0.882 0.995 1 1 1 1 0.929 0.071 1 0.986 0.014 1 0.122 0.878 0.982 0.018 0.064 0.936 1 1 0.912 0.05 0.038 1 
Delays: 0.0152853 0.0288838 0.0267764 0.0305781 0.017555 0.0237457 0.0213159 0.0292578 0.017143 0.00957451 0.0134248 0.0193635 0.0131912 0.0214816 0.00968663 0.011388 0.00953477 0.0209441 0.02294 0.0272829 0.0257816 0.0175149 0.0251086 0.0210474 0.0234172 0.0251465 0.0306806 0.0303262 0.0222308 0.0134738 
Throughputs: 1.34349 1.37626 0.868352 1.08134 1.29434 1.06496 1.08134 1.27795 1.42541 1.16326 1.11411 1.16326 1.17965 1.09773 1.1305 0.950272 1.29434 1.11411 1.26157 1.35987 1.04858 0.933888 1.2288 1.24518 1.31072 0.917504 1.08134 0.98304 1.34349 1.1305 
Utility: 4.47613 3.86384 3.47908 3.56568 4.30041 3.80329 3.92651 3.77687 4.42062 4.79988 4.41871 4.0956 4.49342 3.9338 4.75967 4.42419 4.91081 3.97395 4.00723 3.90889 3.70553 3.97631 3.89058 4.08026 4.02486 3.59694 3.56233 3.47864 4.10155 4.42966 

--------------------------------------
Time: 26.5103
Split Ratios: 1 1 1 1 1 0.096 0.904 0.107 0.893 1 1 1 1 0.14 0.86 1 0.118 0.882 0.995 1 1 1 1 0.929 0.071 1 0.986 0.014 1 0.122 0.878 0.982 0.018 0.064 0.936 1 1 0.912 0.05 0.038 1 
Delays: 0.01531 0.0285793 0.0266039 0.0315681 0.018187 0.0232608 0.0210384 0.0291971 0.0169478 0.00959152 0.0135997 0.0191927 0.0131477 0.021695 0.00954772 0.0113837 0.00945842 0.0208839 0.0231108 0.0266824 0.0253366 0.0174353 0.0252986 0.0209053 0.023444 0.0242916 0.0304209 0.030569 0.0224143 0.0132164 
Throughputs: 1.14688 1.04858 1.03219 0.933888 1.39264 1.08134 1.34349 1.06496 1.14688 1.26157 1.16326 1.08134 1.11411 0.933888 1.11411 0.884736 1.29434 1.1305 1.14688 0.98304 0.933888 1.24518 1.2288 1.08134 1.06496 1.21242 1.08134 1.08134 1.5401 1.01581 
Utility: 4.31629 3.6025 3.65838 3.38721 4.33825 3.83919 4.15667 3.59662 4.21466 4.87923 4.44894 4.03143 4.43956 3.76227 4.75951 4.35311 4.91885 3.99143 3.9045 3.60665 3.6071 4.26854 3.88304 3.94596 3.81608 3.91024 3.57083 3.56597 4.2299 4.34198 

--------------------------------------
Time: 27.0104
Split Ratios: 1 1 1 1 1 0.096 0.904 0.107 0.893 1 1 1 1 0.14 0.86 1 0.118 0.882 0.995 1 1 1 1 0.929 0.071 1 0.986 0.014 1 0.122 0.878 0.982 0.018 0.064 0.936 1 1 0.912 0.05 0.038 1 
Delays: 0.0154007 0.0285882 0.0266864 0.0308361 0.0174104 0.023649 0.0218751 0.0293963 0.0169563 0.00956831 0.0134598 0.0192724 0.0130795 0.0214981 0.00956063 0.0113714 0.00936718 0.0208577 0.0230122 0.0268752 0.025329 0.0174124 0.0252369 0.0204474 0.02307 0.0241613 0.0304987 0.0304035 0.0220304 0.0134514 
Throughputs: 1.1305 1.16326 1.03219 1.27795 1.01581 1.11411 1.26157 1.21242 1.11411 1.03219 1.14688 1.11411 1.16326 1.14688 1.29434 1.03219 1.06496 0.90112 0.950272 1.09773 0.884736 1.09773 1.47456 1.31072 1.11411 1.37626 0.966656 0.98304 1.34349 1.19603 
Utility: 4.296 3.70599 3.65529 3.72433 4.06637 3.85249 4.05476 3.7195 4.18517 4.68098 4.4451 4.05714 4.48794 3.97684 4.9081 4.50834 4.73348 3.76591 3.72072 3.70979 3.55334 4.14381 4.06781 4.16047 3.87728 4.04237 3.45616 3.47609 4.1106 4.48768 

--------------------------------------
Time: 27.5104
Split Ratios: 1 1 1 1 1 0.096 0.904 0.107 0.893 1 1 1 1 0.14 0.86 1 0.118 0.882 0.995 1 1 1 1 0.929 0.071 1 0.986 0.014 1 0.122 0.878 0.982 0.018 0.064 0.936 1 1 0.912 0.05 0.038 1 
Delays: 0.0152691 0.029089 0.0267212 0.0305219 0.0175787 0.0236446 0.0211646 0.0291427 0.0170039 0.00961447 0.0134822 0.0192346 0.0131307 0.0217382 0.00962528 0.0114924 0.00944505 0.0209258 0.02291 0.0267525 0.0256911 0.0172078 0.0251372 0.0204702 0.023389 0.0247422 0.0304349 0.0305257 0.0223379 0.01331 
Throughputs: 1.03219 1.17965 1.09773 0.884736 1.49094 1.09773 1.47456 1.29434 1.24518 1.21242 1.26157 1.24518 1.08134 1.1305 1.16326 1.34349 1.09773 0.868352 1.06496 1.01581 1.11411 1.1305 1.01581 1.17965 0.999424 1.16326 0.999424 0.950272 1.14688 1.08134 
Utility: 4.21361 3.70261 3.71554 3.36684 4.44048 3.83786 4.24378 3.79355 4.2936 4.8371 4.53874 4.17033 4.41101 3.95134 4.79459 4.76134 4.75551 3.72561 3.83912 3.63681 3.76967 4.18505 3.69909 4.054 3.75492 3.85047 3.49159 3.43818 3.93852 4.39744 

--------------------------------------
Time: 28.0105
Split Ratios: 1 1 1 1 1 0.096 0.904 0.107 0.893 1 1 1 1 0.14 0.86 1 0.118 0.882 0.995 1 1 1 1 0.929 0.071 1 0.986 0.014 1 0.122 0.878 0.982 0.018 0.064 0.936 1 1 0.912 0.05 0.038 1 
Delays: 0.0154254 0.0286492 0.0270432 0.0303803 0.0174119 0.0232669 0.0211725 0.0290893 0.0171784 0.00972852 0.0134206 0.0191938 0.0130601 0.0215442 0.0096345 0.0114442 0.00940707 0.0209077 0.0230144 0.0267551 0.0252181 0.0173812 0.0252065 0.0209817 0.023191 0.024343 0.0303023 0.0301952 0.0221226 0.0132575 
Throughputs: 1.09773 1.01581 0.917504 1.08134 1.14688 1.31072 1.34349 1.06496 1.14688 1.34349 1.3271 1.06496 1.06496 1.26157 1.1305 1.3271 1.1305 1.06496 1.19603 1.24518 0.966656 0.933888 1.24518 1.11411 0.999424 1.21242 1.08134 0.966656 1.19603 0.851968 
Utility: 4.26498 3.56831 3.52422 3.57217 4.18765 4.0313 4.15032 3.60032 4.20115 4.92796 4.59396 4.01611 4.40113 4.07 4.76506 4.75327 4.78895 3.93057 3.95065 3.84031 3.64628 3.98397 3.89994 3.97216 3.76341 3.90813 3.57474 3.46616 3.99017 4.16298 

--------------------------------------
Time: 28.5107
Split Ratios: 1 1 1 1 1 0.096 0.904 0.107 0.893 1 1 1 1 0.14 0.86 1 0.118 0.882 0.995 1 1 1 1 0.929 0.071 1 0.986 0.014 1 0.122 0.878 0.982 0.018 0.064 0.936 1 1 0.912 0.05 0.038 1 
Delays: 0.0152575 0.029046 0.0269918 0.0303881 0.0174988 0.0231157 0.0210412 0.0291733 0.0170059 0.00960678 0.0135335 0.0195144 0.0131009 0.0217848 0.00962984 0.0113 0.0094652 0.0210596 0.0229939 0.0272628 0.0255053 0.0173182 0.025255 0.0205555 0.0230798 0.0245444 0.0302121 0.0303866 0.0221381 0.0134504 
Throughputs: 0.98304 1.27795 0.917504 0.999424 1.09773 0.851968 1.2288 1.14688 1.39264 1.19603 1.35987 1.17965 1.31072 1.01581 1.11411 1.14688 1.24518 0.884736 1.37626 1.1305 1.03219 1.31072 1.24518 1.27795 0.966656 1.08134 1.26157 1.17965 1.11411 1.19603 
Utility: 4.16558 3.78413 3.52612 3.49313 4.13887 3.60704 4.06731 3.67155 4.40539 4.8243 4.60998 4.10182 4.60565 3.84223 4.75095 4.62 4.87942 3.73793 4.09189 3.72489 3.70055 4.32657 3.89802 4.12989 3.73488 3.78548 3.73187 3.65897 3.91851 4.48776 

--------------------------------------
Time: 29.0107
Split Ratios: 1 1 1 1 1 0.096 0.904 0.107 0.893 1 1 1 1 0.14 0.86 1 0.118 0.882 0.995 1 1 1 1 0.929 0.071 1 0.986 0.014 1 0.122 0.878 0.982 0.018 0.064 0.936 1 1 0.912 0.05 0.038 1 
Delays: 0.0152633 0.0287549 0.0266732 0.0305953 0.017588 0.0236507 0.0210791 0.0288506 0.0170499 0.00941615 0.0133269 0.0191474 0.0131466 0.0215457 0.00965705 0.0113198 0.00945711 0.020993 0.0230152 0.0270182 0.0257064 0.0174181 0.0249835 0.0201952 0.0231035 0.0242345 0.0306423 0.0302544 0.0220577 0.0133351 
Throughputs: 1.08134 1.01581 0.966656 1.09773 1.06496 1.06496 1.29434 1.08134 0.966656 0.868352 1.14688 1.04858 1.27795 1.19603 1.2288 1.17965 1.21242 1.06496 1.19603 0.868352 1.08134 1.08134 1.3271 1.11411 1.14688 1.08134 1.17965 0.917504 1.21242 1.31072 
Utility: 4.26051 3.56463 3.59018 3.58015 4.10348 3.8073 4.11747 3.62383 4.0377 4.52417 4.45502 4.00302 4.57685 4.01659 4.84611 4.64641 4.8536 3.9265 3.95061 3.47009 3.73922 4.12845 3.97254 4.01037 3.90482 3.79818 3.65059 3.41201 4.00671 4.58793 

--------------------------------------
Time: 29.5107
Split Ratios: 1 1 1 1 1 0.096 0.904 0.107 0.893 1 1 1 1 0.14 0.86 1 0.118 0.882 0.995 1 1 1 1 0.929 0.071 1 0.986 0.014 1 0.122 0.878 0.982 0.018 0.064 0.936 1 1 0.912 0.05 0.038 1 
Delays: 0.0155745 0.0287262 0.0269205 0.030841 0.0175179 0.0233549 0.0211173 0.0290256 0.0170473 0.00944121 0.0134724 0.0191509 0.0131452 0.0218807 0.00939864 0.0112806 0.00951288 0.020942 0.0231048 0.0267519 0.0253071 0.017669 0.0250986 0.0211487 0.0235066 0.0244128 0.0306804 0.0301857 0.0220471 0.0131647 
Throughputs: 1.49094 1.08134 1.01581 1.06496 1.14688 1.11411 1.2288 1.1305 0.90112 0.98304 1.04858 1.2288 1.34349 1.14688 1.04858 1.06496 1.31072 1.09773 1.21242 0.966656 0.950272 1.19603 1.37626 1.55648 1.19603 0.884736 1.14688 1.09773 1.16326 0.966656 
Utility: 4.56153 3.62815 3.63055 3.54185 4.18158 3.865 4.0637 3.66223 3.96765 4.64557 4.35454 4.16145 4.62697 3.95919 4.71462 4.54761 4.92568 3.95924 3.96033 3.58724 3.62566 4.21496 4.00431 4.2986 3.92948 3.59018 3.62118 3.59363 3.9658 4.2963 

--------------------------------------
Time: 30.0114
Split Ratios: 1 1 1 1 1 0.096 0.904 0.107 0.893 1 1 1 1 0.14 0.86 1 0.118 0.882 0.995 1 1 1 1 0.929 0.071 1 0.986 0.014 1 0.122 0.878 0.982 0.018 0.064 0.936 1 1 0.912 0.05 0.038 1 
Delays: 0.0152523 0.0286643 0.0270644 0.030938 0.0175504 0.0235088 0.0211599 0.0297538 0.0170216 0.00979519 0.0134371 0.0190368 0.0131722 0.0214239 0.00967337 0.0112936 0.00947352 0.0208621 0.0229569 0.0271902 0.0257538 0.016958 0.0256867 0.0205001 0.0237989 0.0247344 0.0304599 0.0305794 0.0221469 0.0135893 
Throughputs: 1.04858 1.14688 1.2288 1.1305 1.14688 1.24518 1.16326 1.27795 1.09773 0.966656 0.966656 0.999424 1.3271 1.01581 1.09773 0.851968 1.26157 0.950272 1.2288 1.29434 1.11411 1.09773 1.2288 1.17965 1.21242 1.27795 1.04858 1.31072 1.31072 1.24518 
Utility: 4.23046 3.68915 3.81557 3.59843 4.17973 3.96966 4.00688 3.76006 4.16652 4.59195 4.27582 3.9608 4.61265 3.85893 4.73162 4.32331 4.89161 3.81881 3.98018 3.8629 3.76723 4.17026 3.86782 4.05254 3.93073 3.94482 3.53878 3.758 4.08064 4.51775 

--------------------------------------
Time: 30.5116
Split Ratios: 1 1 1 1 1 0.096 0.904 0.107 0.893 1 1 1 1 0.14 0.86 1 0.118 0.882 0.995 1 1 1 1 0.929 0.071 1 0.986 0.014 1 0.122 0.878 0.982 0.018 0.064 0.936 1 1 0.912 0.05 0.038 1 
Delays: 0.0151948 0.0287631 0.0267692 0.0302686 0.017494 0.0233339 0.0211193 0.0291824 0.0171131 0.00962176 0.0134348 0.0193152 0.0131463 0.0219449 0.00958913 0.0114 0.00946231 0.0209546 0.0229804 0.0270111 0.025273 0.0171531 0.0253024 0.0205648 0.0230295 0.0246206 0.0304739 0.0302408 0.0224187 0.0132948 
Throughputs: 0.999424 1.29434 0.884736 0.90112 1.19603 1.04858 1.14688 1.35987 1.24518 1.21242 1.2288 0.90112 1.31072 1.09773 1.09773 1.45818 1.17965 0.8192 0.917504 1.11411 0.933888 0.884736 0.868352 1.1305 1.1305 1.1305 1.09773 1.21242 1.11411 1.17965 
Utility: 4.18622 3.80666 3.49804 3.39353 4.2249 3.80528 3.99462 3.84158 4.2872 4.83634 4.51595 3.84275 4.60219 3.91246 4.74037 4.85133 4.82565 3.66597 3.68702 3.71957 3.60962 3.94311 3.5357 4.00683 3.89364 3.82683 3.58413 3.69118 3.90592 4.4856 

--------------------------------------
Time: 31.0125
Split Ratios: 1 1 1 1 1 0.096 0.904 0.107 0.893 1 1 1 1 0.14 0.86 1 0.118 0.882 0.995 1 1 1 1 0.929 0.071 1 0.986 0.014 1 0.122 0.878 0.982 0.018 0.064 0.936 1 1 0.912 0.05 0.038 1 
Delays: 0.0153657 0.0288154 0.0267695 0.0303007 0.0173861 0.0230455 0.0209348 0.0295491 0.0170017 0.00958493 0.0134331 0.0189642 0.0131305 0.0214104 0.00976441 0.0113243 0.00936928 0.020874 0.0229641 0.0270375 0.0250339 0.01725 0.0253573 0.0204856 0.0230673 0.0242004 0.0303681 0.030182 0.0218134 0.0131858 
Throughputs: 1.19603 1.09773 1.1305 0.966656 1.16326 0.917504 1.31072 0.950272 1.19603 1.17965 1.08134 1.11411 1.14688 1.24518 1.42541 1.01581 1.40902 1.21242 1.39264 1.08134 0.786432 1.08134 1.35987 1.17965 1.08134 0.933888 1.1305 0.950272 1.3271 1.06496 
Utility: 4.35463 3.64009 3.74315 3.46267 4.20331 3.68419 4.13692 3.47069 4.25345 4.81278 4.38824 4.07326 4.46986 4.06316 4.98347 4.49649 5.01322 4.06186 4.10502 3.68874 3.44727 4.13815 3.98208 4.05325 3.84754 3.65299 3.61702 3.4495 4.10823 4.39156 

--------------------------------------
Time: 31.5131
Split Ratios: 1 1 1 1 1 0.096 0.904 0.107 0.893 1 1 1 1 0.14 0.86 1 0.118 0.882 0.995 1 1 1 1 0.929 0.071 1 0.986 0.014 1 0.122 0.878 0.982 0.018 0.064 0.936 1 1 0.912 0.05 0.038 1 
Delays: 0.0152348 0.0288492 0.0270127 0.0307022 0.0176271 0.0234937 0.0212327 0.0294557 0.0170005 0.00954566 0.0134297 0.0191758 0.0130978 0.0217627 0.00975283 0.0113781 0.00950319 0.0209397 0.0232621 0.0272378 0.0256309 0.0173796 0.0251254 0.0207429 0.023236 0.0246121 0.0305926 0.0303663 0.0223887 0.0134152 
Throughputs: 0.917504 1.11411 0.950272 0.851968 1.11411 1.42541 1.14688 1.40902 1.39264 1.27795 1.16326 1.29434 1.16326 1.17965 1.1305 1.06496 1.27795 0.999424 1.14688 1.35987 1.17965 1.16326 1.16326 1.11411 1.14688 1.09773 1.35987 1.09773 1.19603 1.1305 
Utility: 4.09807 3.65373 3.56044 3.32322 4.14637 4.10548 3.98926 3.86776 4.40571 4.89693 4.46152 4.2121 4.48654 3.99277 4.75285 4.539 4.90139 3.86553 3.89797 3.91054 3.82917 4.20369 3.83511 3.98361 3.8991 3.79776 3.79439 3.58766 3.97821 4.43402 

--------------------------------------
Time: 32.0136
Split Ratios: 1 1 1 1 1 0.096 0.904 0.107 0.893 1 1 1 1 0.14 0.86 1 0.118 0.882 0.995 1 1 1 1 0.929 0.071 1 0.986 0.014 1 0.122 0.878 0.982 0.018 0.064 0.936 1 1 0.912 0.05 0.038 1 
Delays: 0.015525 0.0286389 0.0268441 0.0301574 0.0171935 0.0231704 0.0211845 0.0293279 0.0169315 0.00974999 0.0134324 0.0193003 0.0131439 0.0217739 0.0095449 0.0114886 0.00946822 0.0208522 0.0231128 0.0273194 0.0253339 0.0175116 0.0251157 0.0207893 0.0229195 0.0245598 0.0304361 0.0304384 0.0221792 0.0136483 
Throughputs: 1.24518 1.03219 0.917504 0.8192 0.835584 1.2288 1.34349 1.11411 1.1305 1.29434 1.27795 1.19603 1.2288 1.11411 0.950272 1.24518 0.950272 1.2288 1.1305 1.06496 0.999424 1.11411 1.17965 1.01581 1.16326 1.21242 1.19603 1.16326 1.2288 1.1305 
Utility: 4.38459 3.58468 3.53161 3.3019 3.8836 3.97092 4.14976 3.63727 4.20123 4.88849 4.55534 4.12664 4.53783 3.9351 4.60074 4.68569 4.60881 4.07633 3.89003 3.66309 3.67504 4.15295 3.84948 3.889 3.927 3.89926 3.67114 3.64328 4.01464 4.4168 

--------------------------------------
Time: 32.5139
Split Ratios: 1 1 1 1 1 0.096 0.904 0.107 0.893 1 1 1 1 0.14 0.86 1 0.118 0.882 0.995 1 1 1 1 0.929 0.071 1 0.986 0.014 1 0.122 0.878 0.982 0.018 0.064 0.936 1 1 0.912 0.05 0.038 1 
Delays: 0.0152696 0.0286696 0.027244 0.0307438 0.0174643 0.0240751 0.0211053 0.029352 0.0169604 0.00970467 0.0136367 0.0189447 0.0130185 0.0215936 0.0095519 0.0113317 0.00943622 0.0209395 0.0231239 0.0270458 0.0256824 0.0174523 0.0249564 0.020448 0.0235847 0.0245149 0.0308126 0.0302896 0.0219219 0.0133476 
Throughputs: 0.868352 0.966656 1.26157 1.06496 1.1305 1.1305 1.42541 1.17965 1.1305 1.37626 1.39264 1.14688 1.04858 0.999424 1.08134 1.16326 1.3271 0.851968 0.98304 1.26157 1.21242 1.04858 1.06496 0.999424 1.39264 0.868352 1.42541 1.04858 0.999424 1.03219 
Utility: 4.04073 3.51801 3.83528 3.545 4.17025 3.84923 4.21269 3.69361 4.19953 4.95451 4.62619 4.10328 4.38882 3.83478 4.72922 4.63138 4.9462 3.70591 3.74978 3.84258 3.85457 4.09572 3.75356 3.88929 4.07836 3.56732 3.83429 3.54439 3.81969 4.3481 

--------------------------------------
Time: 33.0144
Split Ratios: 1 1 1 1 1 0.096 0.904 0.107 0.893 1 1 1 1 0.14 0.86 1 0.118 0.882 0.995 1 1 1 1 0.929 0.071 1 0.986 0.014 1 0.122 0.878 0.982 0.018 0.064 0.936 1 1 0.912 0.05 0.038 1 
Delays: 0.0155236 0.0290111 0.0267229 0.0307564 0.0175054 0.0233683 0.0213895 0.0293706 0.0169839 0.00962163 0.0134898 0.0193793 0.0130829 0.0221031 0.00978852 0.0113763 0.00943123 0.021099 0.0232498 0.0274788 0.0258616 0.0177328 0.0249466 0.0207435 0.0233475 0.0242184 0.0308757 0.0305896 0.0221672 0.0133925 
Throughputs: 1.01581 1.27795 0.999424 1.19603 0.98304 1.19603 1.3271 1.27795 0.999424 1.2288 1.27795 1.2288 1.1305 1.2288 1.01581 1.09773 1.3271 1.01581 1.39264 1.26157 1.37626 1.14688 1.17965 1.1305 1.2288 0.868352 1.06496 1.11411 1.26157 0.999424 
Utility: 4.18108 3.78534 3.62166 3.66067 4.02814 3.93538 4.12785 3.77302 4.07491 4.84978 4.55108 4.14959 4.45911 4.01807 4.64223 4.56947 4.94673 3.87421 4.09266 3.8267 3.97436 4.16938 3.85624 3.99818 3.9633 3.57948 3.54072 3.59515 4.0415 4.31248 

--------------------------------------
Time: 33.5144
Split Ratios: 1 1 1 1 1 0.096 0.904 0.107 0.893 1 1 1 1 0.14 0.86 1 0.118 0.882 0.995 1 1 1 1 0.929 0.071 1 0.986 0.014 1 0.122 0.878 0.982 0.018 0.064 0.936 1 1 0.912 0.05 0.038 1 
Delays: 0.0152857 0.0287063 0.0271185 0.0310196 0.0178967 0.0232168 0.0211806 0.029349 0.0170141 0.00972505 0.0133677 0.0191509 0.0130236 0.021653 0.00959128 0.0114063 0.00940672 0.020979 0.0234051 0.0267806 0.0259519 0.0173355 0.0254131 0.02064 0.0239119 0.025071 0.0303861 0.0304317 0.0223967 0.0134232 
Throughputs: 1.08134 1.09773 1.26157 1.2288 1.34349 1.21242 1.21242 1.39264 1.11411 1.24518 1.26157 0.950272 0.98304 1.17965 1.21242 1.11411 1.45818 1.04858 1.29434 0.98304 1.3271 1.08134 1.06496 1.39264 1.11411 1.04858 0.851968 1.24518 1.37626 1.14688 
Utility: 4.25904 3.64388 3.8399 3.67918 4.31841 3.9555 4.04729 3.8597 4.18177 4.85233 4.54727 3.9044 4.32389 3.99783 4.83952 4.58165 5.04352 3.91167 4.0128 3.60297 3.93451 4.1332 3.73543 4.21173 3.84144 3.73348 3.33356 3.71156 4.11821 4.44782 

--------------------------------------
Time: 34.0144
Split Ratios: 1 1 1 1 1 0.096 0.904 0.107 0.893 1 1 1 1 0.14 0.86 1 0.118 0.882 0.995 1 1 1 1 0.929 0.071 1 0.986 0.014 1 0.122 0.878 0.982 0.018 0.064 0.936 1 1 0.912 0.05 0.038 1 
Delays: 0.0154882 0.0286202 0.0270145 0.0307825 0.0173875 0.0233702 0.0211223 0.0292398 0.0169827 0.00958087 0.0133659 0.0191507 0.0131264 0.0219574 0.00968804 0.0112959 0.00944803 0.0209298 0.0230193 0.027046 0.0256724 0.017363 0.025017 0.0204419 0.0233751 0.0242111 0.0304274 0.0306372 0.0223122 0.0134045 
Throughputs: 1.08134 1.17965 1.27795 0.884736 1.09773 1.1305 1.42541 1.24518 1.1305 1.35987 1.17965 1.21242 1.16326 1.21242 1.11411 1.03219 1.34349 1.06496 1.14688 1.03219 0.950272 1.01581 1.19603 1.21242 1.27795 0.884736 1.21242 0.950272 1.17965 1.06496 
Utility: 4.24588 3.71886 3.85664 3.35834 4.14525 3.87895 4.21188 3.75151 4.19822 4.95538 4.48026 4.14803 4.48436 4.01127 4.74492 4.515 4.95722 3.92952 3.90847 3.6419 3.61133 4.0691 3.86721 4.08278 4.00134 3.59848 3.68503 3.43453 3.96784 4.3751 

--------------------------------------
Time: 34.5145
Split Ratios: 1 1 1 1 1 0.096 0.904 0.107 0.893 1 1 1 1 0.14 0.86 1 0.118 0.882 0.995 1 1 1 1 0.929 0.071 1 0.986 0.014 1 0.122 0.878 0.982 0.018 0.064 0.936 1 1 0.912 0.05 0.038 1 
Delays: 0.0152608 0.028515 0.0268108 0.0305423 0.0174333 0.0233337 0.0211151 0.0296472 0.0171008 0.00958666 0.0135827 0.0194303 0.0131321 0.0216603 0.00966151 0.0113086 0.00942746 0.0212871 0.0232246 0.0273017 0.0256679 0.0174147 0.0254613 0.0208785 0.0234908 0.0245708 0.0302146 0.030423 0.0224303 0.0139303 
Throughputs: 1.06496 1.04858 1.01581 1.37626 1.24518 1.16326 0.950272 1.21242 1.21242 1.34349 1.2288 1.01581 1.11411 1.06496 1.1305 1.21242 1.3271 1.14688 1.11411 1.14688 1.26157 1.2288 1.57286 1.44179 1.1305 0.933888 0.73728 0.999424 1.29434 1.1305 
Utility: 4.24541 3.60476 3.63464 3.80801 4.26866 3.90909 3.80676 3.711 4.26124 4.94265 4.505 3.95661 4.44075 3.89521 4.76226 4.67481 4.94713 3.9867 3.8706 3.73785 3.89487 4.25648 4.12349 4.23492 3.8738 3.6378 3.19464 3.49198 4.05534 4.39635 

--------------------------------------
Time: 35.0147
Split Ratios: 1 1 1 1 1 0.096 0.904 0.107 0.893 1 1 1 1 0.14 0.86 1 0.118 0.882 0.995 1 1 1 1 0.929 0.071 1 0.986 0.014 1 0.122 0.878 0.982 0.018 0.064 0.936 1 1 0.912 0.05 0.038 1 
Delays: 0.0153455 0.0287806 0.0266703 0.0305371 0.0174308 0.0235281 0.0210857 0.0289923 0.017004 0.00962767 0.0135793 0.0193252 0.013162 0.0214313 0.00964942 0.0115541 0.00956216 0.0209917 0.0229617 0.0272121 0.0251512 0.0173537 0.0254202 0.020224 0.0234699 0.0240406 0.0302727 0.0304684 0.0222492 0.0136151 
Throughputs: 1.11411 1.09773 1.03219 0.835584 1.26157 0.90112 1.2288 1.16326 1.08134 1.04858 1.01581 1.29434 1.40902 1.1305 1.16326 1.2288 1.45818 1.16326 1.21242 1.06496 0.753664 0.884736 1.31072 1.3271 1.3271 0.8192 1.08134 1.26157 1.1305 1.1305 
Utility: 4.28499 3.6413 3.65589 3.30919 4.28187 3.64544 4.0652 3.69196 4.15251 4.69055 4.3149 4.20434 4.67332 3.96556 4.79209 4.66676 5.02713 4.01486 3.96654 3.66703 3.40004 3.93148 3.94279 4.18388 4.03503 3.52858 3.57571 3.72342 3.92811 4.41923 

--------------------------------------
Time: 35.515
Split Ratios: 1 1 1 1 1 0.096 0.904 0.107 0.893 1 1 1 1 0.14 0.86 1 0.118 0.882 0.995 1 1 1 1 0.929 0.071 1 0.986 0.014 1 0.122 0.878 0.982 0.018 0.064 0.936 1 1 0.912 0.05 0.038 1 
Delays: 0.0153552 0.0287397 0.0266276 0.0305134 0.0174011 0.0232466 0.0208462 0.0289165 0.0169708 0.00959722 0.0135729 0.0192153 0.0130276 0.0213837 0.00955561 0.0114472 0.00941898 0.020924 0.0229342 0.0266725 0.0252526 0.0172677 0.0249263 0.0204068 0.0232091 0.0247336 0.0302901 0.0303398 0.0219063 0.0132923 
Throughputs: 1.26157 1.11411 1.06496 1.16326 1.03219 1.14688 1.17965 1.03219 1.37626 1.08134 1.17965 1.06496 0.884736 0.999424 1.11411 1.37626 1.03219 0.950272 1.11411 1.03219 1.03219 0.966656 1.14688 1.29434 0.966656 1.19603 0.8192 1.19603 1.09773 1.08134 
Utility: 4.40865 3.65753 3.68875 3.64082 4.0829 3.89864 4.0358 3.57503 4.39563 4.72449 4.46489 4.01498 4.21822 3.84455 4.75868 4.78937 4.69671 3.81585 3.88318 3.65581 3.71051 4.02501 3.82888 4.14989 3.7293 3.8786 3.29751 3.6743 3.91422 4.39877 

--------------------------------------
Time: 36.0152
Split Ratios: 1 1 1 1 1 0.096 0.904 0.107 0.893 1 1 1 1 0.14 0.86 1 0.118 0.882 0.995 1 1 1 1 0.929 0.071 1 0.986 0.014 1 0.122 0.878 0.982 0.018 0.064 0.936 1 1 0.912 0.05 0.038 1 
Delays: 0.0150295 0.0288698 0.026419 0.0306728 0.0177414 0.0238344 0.0211174 0.0289824 0.0169919 0.00960475 0.013418 0.0189013 0.0131745 0.0215255 0.00964389 0.0114156 0.00948082 0.0208712 0.0231391 0.0268496 0.0256395 0.0172343 0.0249008 0.020704 0.0233452 0.0244104 0.0304719 0.0302434 0.0220003 0.0133179 
Throughputs: 1.1305 1.17965 0.98304 1.06496 1.17965 1.2288 1.03219 1.1305 1.1305 1.16326 1.08134 1.19603 1.06496 0.999424 1.17965 1.17965 1.42541 0.90112 1.21242 1.01581 1.21242 0.999424 1.1305 0.950272 1.17965 1.08134 1.1305 1.09773 1.26157 0.884736 
Utility: 4.32039 3.71018 3.61657 3.54732 4.19707 3.94266 3.88934 3.66372 4.19767 4.79673 4.38936 4.14754 4.39241 3.83794 4.80665 4.63799 5.01294 3.76527 3.95885 3.63319 3.85624 4.06028 3.81551 3.82642 3.92258 3.79095 3.61361 3.59172 4.04906 4.19618 

