--------------------------------------
Time: 5.50028
Split Ratios: 1 1 1 1 1 1 1 1 1 1 1 1 1 1 1 1 1 1 1 1 1 1 1 1 1 1 1 1 1 1 
Delays: 0.016883 0.0202244 0.0157306 0.0132065 0.0134953 0.020548 0.0150642 0.0168284 0.0133761 0.00957285 0.0146823 0.0141253 0.0114234 0.0164543 0.00959984 0.0123046 0.00936785 0.0185467 0.0154038 0.0152495 0.018582 0.0147413 0.0119851 0.0111978 0.0147434 0.0156642 0.0147828 0.0184218 0.0189278 0.00754136 
Throughputs: 1.16326 0.98304 1.24518 1.1305 1.24518 1.11411 1.03219 1.2288 1.08134 1.1305 1.04858 1.19603 1.16326 1.04858 1.04858 1.08134 0.90112 0.98304 1.37626 1.11411 0.786432 1.35987 0.999424 1.21242 1.09773 0.884736 1.09773 0.98304 1.29434 0.999424 
Utility: 4.23268 3.88376 4.37143 4.4497 4.5247 3.99305 4.22712 4.29072 4.39249 4.77148 4.26855 4.4388 4.62332 4.1546 4.69344 4.47598 4.56635 3.97036 4.49251 4.29126 3.74531 4.52449 4.42351 4.68465 4.3102 4.03391 4.30754 3.97712 4.22512 4.88678 

--------------------------------------
Time: 6.00047
Split Ratios: 1 1 1 1 1 1 1 1 1 1 1 1 1 1 1 1 1 1 1 1 1 1 1 1 1 1 1 1 1 1 
Delays: 0.0169434 0.0195227 0.015273 0.0132339 0.0134612 0.0201325 0.0151422 0.0163328 0.0133012 0.00946804 0.0149182 0.0142883 0.0114498 0.0160505 0.00974686 0.0120741 0.00946252 0.0183536 0.0153291 0.0153252 0.0179942 0.014733 0.0116282 0.0112951 0.0140119 0.0155436 0.0143957 0.0182648 0.0180728 0.00755953 
Throughputs: 1.16326 1.14688 1.17965 1.08134 1.42541 1.16326 1.34349 1.16326 1.2288 1.16326 0.999424 1.06496 1.31072 1.17965 1.19603 1.21242 1.26157 1.19603 1.21242 0.950272 0.868352 1.01581 0.868352 1.24518 1.1305 1.01581 1.19603 1.14688 0.90112 1.16326 
Utility: 4.22911 4.07322 4.34688 4.40318 4.66241 4.05665 4.48554 4.26581 4.52594 4.81106 4.2046 4.31125 4.74036 4.29723 4.80982 4.60931 4.89277 4.17694 4.37062 4.12725 3.87655 4.23335 4.31316 4.70267 4.39051 4.17979 4.41983 4.13982 3.90923 5.03618 

--------------------------------------
Time: 6.50071
Split Ratios: 1 1 1 1 1 1 1 1 1 1 1 1 1 1 1 1 1 1 1 1 1 1 1 1 1 1 1 1 1 1 
Delays: 0.0170696 0.0209267 0.0152403 0.0131285 0.0133264 0.0201775 0.0152622 0.0168988 0.013489 0.00946201 0.0151768 0.0149405 0.0115499 0.0166591 0.00971585 0.0127523 0.00939557 0.0185264 0.0152901 0.0152881 0.0182994 0.0151967 0.0117382 0.0113004 0.0149088 0.0152268 0.014785 0.0184695 0.019001 0.00766418 
Throughputs: 1.24518 1.26157 0.8192 1.14688 1.01581 1.06496 1.24518 1.26157 1.01581 1.01581 1.19603 1.24518 1.04858 0.851968 1.1305 1.39264 1.01581 1.39264 1.1305 1.24518 1.03219 1.37626 1.08134 1.19603 1.31072 0.950272 1.11411 1.14688 1.19603 0.966656 
Utility: 4.28974 4.09909 3.98438 4.47001 4.3337 3.96613 4.40166 4.31287 4.32157 4.67616 4.367 4.42296 4.50851 3.93459 4.75665 4.69325 4.6832 4.31976 4.3032 4.39996 4.03257 4.50605 4.52311 4.66193 4.47638 4.13369 4.3222 4.12868 4.14227 4.83728 

--------------------------------------
Time: 7.00076
Split Ratios: 1 1 1 1 1 1 1 1 1 1 1 1 1 1 1 1 1 1 1 1 1 1 1 1 1 1 1 1 1 1 
Delays: 0.0169402 0.0204774 0.0156054 0.0131709 0.0137783 0.0201263 0.0152289 0.0160254 0.0134518 0.00946744 0.014291 0.0142052 0.0116597 0.01591 0.00958935 0.0123551 0.00938838 0.0177691 0.0153667 0.0153066 0.0178394 0.0143826 0.0116904 0.0112769 0.0143593 0.0154737 0.0144676 0.0180847 0.0184864 0.00757091 
Throughputs: 1.26157 1.1305 1.04858 1.19603 1.19603 1.24518 1.29434 1.34349 1.21242 1.08134 1.06496 1.27795 1.19603 1.03219 0.98304 1.29434 1.2288 0.966656 1.03219 1.01581 0.999424 0.917504 1.19603 1.26157 1.04858 0.950272 0.98304 0.999424 1.14688 1.19603 
Utility: 4.31042 4.01109 4.20757 4.50876 4.46367 4.12501 4.44256 4.42885 4.50126 4.7381 4.31106 4.49941 4.63062 4.17249 4.63 4.65168 4.87432 3.99638 4.20724 4.19515 4.02577 4.15564 4.628 4.71736 4.29079 4.1176 4.21874 4.01211 4.12776 5.06245 

--------------------------------------
Time: 7.50106
Split Ratios: 1 1 1 1 1 1 1 1 1 1 1 1 1 1 1 1 1 1 1 1 1 1 1 1 1 1 1 1 1 1 
Delays: 0.0169058 0.0197822 0.0152362 0.0131159 0.0135285 0.0199754 0.0152582 0.0165146 0.0134379 0.00941936 0.0149408 0.0148049 0.0115014 0.0163457 0.0097831 0.0123529 0.00935695 0.018138 0.0153951 0.0152266 0.0181395 0.0148021 0.0115615 0.0112501 0.0149135 0.0153903 0.0144861 0.0182782 0.0180235 0.00755684 
Throughputs: 1.24518 1.03219 1.04858 0.966656 0.999424 1.21242 1.37626 1.16326 1.42541 1.14688 1.09773 1.09773 1.19603 1.34349 1.06496 1.06496 1.21242 0.868352 1.09773 1.01581 1.06496 1.1305 1.45818 1.11411 0.950272 0.98304 1.17965 1.03219 1.06496 1.03219 
Utility: 4.29938 3.95466 4.23151 4.30002 4.30238 4.10587 4.502 4.25474 4.66413 4.80203 4.2969 4.30604 4.6443 4.40906 4.69004 4.4568 4.86425 3.86859 4.26695 4.20039 4.0726 4.33564 4.83726 4.59544 4.15448 4.15691 4.39978 4.03373 4.07902 4.91699 

--------------------------------------
Time: 8.00119
Split Ratios: 1 1 1 1 1 1 1 1 1 1 1 1 1 1 1 1 1 1 1 1 1 1 1 1 1 1 1 1 1 1 
Delays: 0.0169159 0.0195529 0.0154297 0.0131496 0.0132051 0.0203798 0.0150959 0.016158 0.0133071 0.00952149 0.0148092 0.014375 0.0115193 0.0161523 0.00949281 0.0120208 0.00946815 0.0181375 0.015119 0.0150515 0.0181053 0.0144649 0.0117472 0.0112084 0.013985 0.0152111 0.0139155 0.0180537 0.0182597 0.00755967 
Throughputs: 0.98304 1.16326 0.884736 1.09773 0.917504 1.03219 1.11411 1.42541 1.03219 1.45818 1.44179 1.19603 1.29434 0.851968 1.1305 1.06496 1.37626 1.09773 1.17965 0.950272 1.03219 1.19603 1.17965 0.966656 0.98304 0.999424 0.917504 1.14688 1.31072 1.01581 
Utility: 4.0624 4.08586 4.04899 4.42461 4.24106 3.92489 4.30139 4.4798 4.35114 5.03139 4.57839 4.42127 4.72173 3.96548 4.77988 4.48405 4.97919 4.10302 4.35702 4.14527 4.04323 4.41504 4.60936 4.45718 4.25266 4.18516 4.18865 4.15145 4.27363 4.90061 

--------------------------------------
Time: 8.50148
Split Ratios: 1 1 1 1 1 1 1 1 1 1 1 1 1 1 1 1 1 1 1 1 1 1 1 1 1 1 1 1 1 1 
Delays: 0.0169061 0.020265 0.0155549 0.0131518 0.0134439 0.0205399 0.0151117 0.0166431 0.0131995 0.00943381 0.0144589 0.0147963 0.0115306 0.0163439 0.00952776 0.0126828 0.00946286 0.0186983 0.0153938 0.0151525 0.0187644 0.0150871 0.0116408 0.01118 0.0144203 0.0155189 0.0148754 0.0182295 0.0188403 0.00776928 
Throughputs: 1.11411 1.47456 0.98304 0.917504 1.11411 1.09773 0.98304 1.09773 1.08134 1.39264 1.16326 1.14688 1.3271 1.14688 1.16326 1.09773 1.45818 0.966656 1.09773 1.17965 1.11411 1.08134 1.47456 1.03219 0.98304 1.11411 1.17965 1.08134 1.14688 1.1305 
Utility: 4.18814 4.28722 4.14628 4.2451 4.41729 3.97863 4.17518 4.189 4.40578 4.99466 4.38768 4.35042 4.74575 4.25095 4.80478 4.46075 5.03757 3.94541 4.26703 4.35481 4.08385 4.27212 4.8416 4.52531 4.22202 4.27375 4.37327 4.08292 4.1088 4.98023 

--------------------------------------
Time: 9.0016
Split Ratios: 1 1 1 1 1 1 1 1 1 1 1 1 1 1 1 1 1 1 1 1 1 1 1 1 1 1 1 1 1 1 
Delays: 0.0169139 0.0204513 0.0153971 0.01323 0.0133889 0.0202454 0.0153267 0.0158897 0.0133356 0.00951699 0.0144741 0.014172 0.0114985 0.0161777 0.00967653 0.0125946 0.00936012 0.0178568 0.0153501 0.0152611 0.0187774 0.0144816 0.0117541 0.0112761 0.0149075 0.0154564 0.0143542 0.017945 0.0184545 0.00776913 
Throughputs: 1.29434 1.24518 0.917504 1.17965 1.24518 1.09773 0.868352 1.06496 1.45818 1.26157 1.06496 0.90112 1.19603 0.90112 1.26157 1.01581 1.06496 1.26157 1.09773 1.27795 1.16326 1.21242 1.03219 1.17965 1.08134 1.19603 1.17965 1.16326 1.2288 0.98304 
Utility: 4.33762 4.10899 4.08748 4.49048 4.53261 3.99307 4.037 4.20502 4.6945 4.88703 4.29833 4.15237 4.64455 4.02001 4.87041 4.39017 4.73423 4.25772 4.26987 4.42771 4.12633 4.42749 4.47524 4.65029 4.2841 4.34874 4.40893 4.17167 4.19849 4.84049 

--------------------------------------
Time: 9.50178
Split Ratios: 1 1 1 1 1 1 1 1 1 1 1 1 1 1 1 1 1 1 1 1 1 1 1 1 1 1 1 1 1 1 
Delays: 0.0169503 0.0201327 0.0153281 0.0131488 0.0135929 0.0203364 0.0152814 0.0162988 0.0133151 0.00945892 0.0151759 0.0143902 0.01154 0.0165637 0.00974442 0.0126227 0.00937499 0.0179892 0.0152719 0.0152588 0.0183038 0.0143336 0.0115192 0.011337 0.0143637 0.0154318 0.0148342 0.0191717 0.0180602 0.00764087 
Throughputs: 1.06496 0.999424 1.08134 1.16326 1.21242 1.3271 1.14688 1.26157 1.3271 1.26157 1.04858 1.11411 1.35987 1.03219 0.98304 1.17965 1.2288 0.917504 1.21242 1.08134 0.950272 0.966656 1.2288 1.17965 1.04858 0.98304 1.08134 0.90112 1.2288 1.09773 
Utility: 4.14041 3.90483 4.25627 4.48265 4.49082 4.17834 4.31817 4.34902 4.60186 4.89315 4.23548 4.34927 4.76933 4.13223 4.61395 4.53747 4.87575 3.93189 4.37436 4.26081 3.94964 4.21123 4.66978 4.6449 4.29049 4.15422 4.28902 3.8502 4.22008 4.96749 

--------------------------------------
Time: 10.0019
Split Ratios: 1 1 1 1 1 1 1 1 1 1 1 1 1 1 1 1 1 1 1 1 1 1 1 1 1 1 1 1 1 1 
Delays: 0.0169515 0.0197898 0.0155242 0.0130887 0.0135441 0.0199174 0.0154455 0.0166991 0.0133922 0.00947635 0.0147466 0.0141672 0.0114509 0.0164492 0.00972923 0.0119934 0.00934848 0.0185926 0.0155179 0.0154221 0.0180153 0.0150498 0.0119545 0.0112443 0.0143491 0.0156995 0.0144204 0.0184585 0.018385 0.007607 
Throughputs: 1.06496 1.24518 0.999424 1.19603 1.31072 1.17965 1.44179 1.11411 1.2288 1.01581 1.19603 1.08134 1.11411 1.04858 1.1305 1.04858 1.06496 1.04858 1.29434 0.98304 0.98304 1.03219 1.39264 1.04858 1.01581 1.16326 1.21242 1.09773 1.1305 1.03219 
Utility: 4.14034 4.14187 4.16478 4.51502 4.57238 4.08138 4.53632 4.20046 4.51912 4.67464 4.39575 4.33503 4.57775 4.15491 4.75528 4.47083 4.73548 4.03242 4.42376 4.15485 3.99943 4.22808 4.75785 4.53533 4.25975 4.30536 4.43173 4.08548 4.11887 4.91037 

--------------------------------------
Time: 10.5024
Split Ratios: 1 1 1 1 1 1 1 1 1 1 1 1 1 1 1 1 1 1 1 1 1 1 1 1 1 1 1 1 1 1 
Delays: 0.0170095 0.0199912 0.0152121 0.0132283 0.0133812 0.0199272 0.0150908 0.0167541 0.0135096 0.00953294 0.014571 0.0145328 0.0114024 0.0162654 0.00964717 0.0125867 0.00943942 0.0188023 0.0153288 0.0151376 0.0180241 0.0156256 0.0116393 0.0113381 0.0146588 0.0154441 0.0145761 0.0180564 0.0185293 0.00755985 
Throughputs: 0.999424 1.31072 1.01581 1.19603 0.98304 1.17965 1.1305 1.40902 1.1305 1.11411 1.16326 1.19603 1.06496 1.08134 1.2288 1.27795 1.27795 1.06496 1.34349 1.01581 0.98304 1.08134 1.34349 1.2288 1.06496 1.06496 0.933888 1.11411 1.29434 1.11411 
Utility: 4.07341 4.18304 4.20135 4.50441 4.2968 4.08088 4.31633 4.43201 4.42701 4.76106 4.37995 4.41036 4.53687 4.19692 4.84713 4.62038 4.90812 4.03671 4.47329 4.20625 3.99894 4.23705 4.74864 4.68562 4.28565 4.23347 4.15997 4.12231 4.2464 4.99296 

--------------------------------------
Time: 11.0026
Split Ratios: 1 1 1 1 1 1 1 1 1 1 1 1 1 1 1 1 1 1 1 1 1 1 1 1 1 1 1 1 1 1 
Delays: 0.0168056 0.0201351 0.0155195 0.0132311 0.0136642 0.0199184 0.0151974 0.0161872 0.013508 0.00943611 0.0146135 0.0144951 0.0115679 0.0158034 0.00972626 0.0122978 0.00939823 0.0185438 0.0155064 0.0152547 0.0178385 0.0143634 0.0117595 0.0113219 0.0142997 0.0155701 0.0140575 0.018309 0.0184602 0.0076135 
Throughputs: 1.16326 1.26157 1.1305 0.950272 1.3271 1.11411 1.2288 1.42541 1.11411 1.17965 1.17965 0.999424 1.11411 0.917504 1.35987 0.933888 1.16326 1.16326 1.2288 0.884736 0.999424 1.08134 1.29434 1.3271 1.08134 1.1305 1.17965 1.11411 1.31072 0.999424 
Utility: 4.23727 4.13764 4.28831 4.27418 4.57598 4.02417 4.39267 4.47799 4.41253 4.82843 4.39102 4.23337 4.56758 4.06143 4.94032 4.32994 4.81846 4.13885 4.37254 4.0604 4.02582 4.32127 4.70109 4.76402 4.32572 4.28506 4.42982 4.10842 4.26272 4.87726 

--------------------------------------
Time: 11.5032
Split Ratios: 1 1 1 1 1 1 1 1 1 1 1 1 1 1 1 1 1 1 1 1 1 1 1 1 1 1 1 1 1 1 
Delays: 0.0170619 0.0200374 0.0152423 0.0132995 0.0134327 0.0203561 0.0153823 0.016882 0.0136868 0.00939549 0.0152856 0.0150136 0.0114133 0.0173398 0.00988684 0.0124995 0.00937866 0.0193761 0.0151701 0.0154402 0.0183407 0.0154562 0.0115964 0.0113453 0.0145196 0.0151679 0.0146559 0.018878 0.0183455 0.00758141 
Throughputs: 1.29434 1.42541 0.950272 0.98304 1.11411 0.98304 1.35987 1.16326 1.27795 1.06496 1.21242 1.2288 1.37626 1.09773 1.24518 1.06496 1.19603 1.09773 1.31072 1.24518 0.802816 1.35987 1.19603 1.06496 1.50733 0.917504 0.851968 1.21242 1.21242 1.01581 
Utility: 4.3289 4.26461 4.13267 4.30292 4.41812 3.87727 4.48193 4.23273 4.53658 4.73046 4.37346 4.40483 4.79234 4.14799 4.83583 4.445 4.84833 4.03696 4.459 4.39006 3.779 4.47714 4.63607 4.54189 4.6426 4.10248 4.06271 4.16237 4.19099 4.89774 

--------------------------------------
Time: 12.0035
Split Ratios: 1 1 1 1 1 1 1 1 1 1 1 1 1 1 1 1 1 1 1 1 1 1 1 1 1 1 1 1 1 1 
Delays: 0.0168123 0.0203939 0.0154018 0.0131571 0.0136471 0.0208033 0.0152131 0.0162342 0.0132417 0.00945323 0.0145466 0.0141059 0.0115435 0.0160588 0.00966829 0.0130607 0.00944627 0.0176615 0.01524 0.0151728 0.0185616 0.0142513 0.0117305 0.0114002 0.0148314 0.0156977 0.0150871 0.0180953 0.0190174 0.00751906 
Throughputs: 0.90112 1.27795 1.03219 0.933888 1.06496 1.50733 1.34349 1.34349 1.35987 1.17965 1.08134 1.3271 1.21242 1.09773 1.31072 1.1305 1.34349 0.868352 0.966656 0.917504 0.868352 1.09773 1.26157 1.09773 1.04858 0.868352 1.14688 0.966656 1.27795 1.06496 
Utility: 3.98153 4.13778 4.20496 4.26239 4.35716 4.28298 4.48087 4.4159 4.63178 4.82661 4.3086 4.54416 4.65425 4.22474 4.90948 4.4608 4.9574 3.89521 4.14992 4.10215 3.8455 4.34415 4.67792 4.56737 4.25844 4.01309 4.33096 3.97819 4.20766 4.95325 

--------------------------------------
Time: 12.5036
Split Ratios: 1 1 1 1 1 1 1 1 1 1 1 1 1 1 1 1 1 1 1 1 1 1 1 1 1 1 1 1 1 1 
Delays: 0.0168014 0.0203534 0.0156087 0.0131589 0.0134313 0.0209316 0.0151222 0.0170559 0.0133832 0.00957168 0.0152679 0.0152142 0.0115591 0.0170552 0.00972642 0.013514 0.00936462 0.0191456 0.0152916 0.0151129 0.0192335 0.0155443 0.0117011 0.0112404 0.0150305 0.0153203 0.0143988 0.0190718 0.0197957 0.0074841 
Throughputs: 0.917504 0.999424 0.999424 1.19603 0.851968 0.835584 0.966656 1.39264 1.19603 1.31072 1.2288 1.09773 1.19603 1.1305 1.26157 0.98304 1.14688 1.01581 1.1305 1.2288 1.26157 1.34349 1.34349 1.26157 0.98304 1.03219 0.950272 0.999424 1.21242 0.999424 
Utility: 4.00019 3.89393 4.15935 4.50967 4.14996 3.68687 4.15768 4.40246 4.49276 4.91952 4.38804 4.27877 4.6393 4.19396 4.86526 4.28692 4.80786 3.97136 4.30311 4.39825 4.18346 4.45933 4.74334 4.7206 4.18057 4.21026 4.18961 3.95897 4.1149 4.8944 

--------------------------------------
Time: 13.0037
Split Ratios: 1 1 1 1 1 1 1 1 1 1 1 1 1 1 1 1 1 1 1 1 1 1 1 1 1 1 1 1 1 1 
Delays: 0.0169475 0.019655 0.0153262 0.0130592 0.0135119 0.0196912 0.0152159 0.0155292 0.0133471 0.00940674 0.0137376 0.0138632 0.0114963 0.0154722 0.00965168 0.0123095 0.00939198 0.0175485 0.0154031 0.0151456 0.0180285 0.013808 0.011678 0.01136 0.0144884 0.0155013 0.0143703 0.0175902 0.0182398 0.00756482 
Throughputs: 0.966656 1.17965 0.98304 0.90112 1.03219 0.98304 1.19603 1.08134 1.01581 0.90112 1.50733 0.802816 1.2288 0.98304 1.2288 1.06496 1.26157 1.03219 1.08134 1.14688 1.03219 0.851968 1.24518 1.35987 1.24518 1.01581 1.1305 1.01581 1.1305 1.19603 
Utility: 4.04372 4.09464 4.16108 4.23414 4.33587 3.91048 4.36443 4.24324 4.33214 4.56221 4.69796 4.05889 4.67177 4.15161 4.84666 4.46032 4.90025 4.07447 4.25139 4.32709 4.04749 4.1223 4.66934 4.78504 4.45369 4.18252 4.36525 4.0561 4.12681 5.06326 

--------------------------------------
Time: 13.5038
Split Ratios: 1 1 1 1 1 1 1 1 1 1 1 1 1 1 1 1 1 1 1 1 1 1 1 1 1 1 1 1 1 1 
Delays: 0.0168544 0.020241 0.0153095 0.0132755 0.0135046 0.0197633 0.0153137 0.0161163 0.0135934 0.00950074 0.0146165 0.0142237 0.0115731 0.0161281 0.00988037 0.0122822 0.0094093 0.0182981 0.015407 0.0151259 0.0178838 0.0144281 0.0118726 0.0111913 0.0140913 0.0154104 0.0142757 0.0181909 0.0178256 0.00757571 
Throughputs: 0.999424 0.999424 1.3271 1.16326 0.999424 1.03219 1.11411 1.06496 1.09773 1.21242 1.24518 0.950272 1.31072 1.34349 1.27795 1.01581 1.3271 1.01581 1.09773 1.14688 1.17965 0.98304 1.6384 0.966656 1.06496 0.966656 1.1305 1.21242 1.08134 0.917504 
Utility: 4.08257 3.89947 4.46228 4.47306 4.30415 3.95562 4.28706 4.19086 4.39142 4.849 4.44489 4.20184 4.72965 4.42246 4.86246 4.41529 4.94906 4.01664 4.26617 4.32839 4.18908 4.22147 4.92724 4.4587 4.32513 4.1388 4.37185 4.19945 4.10532 4.79671 

--------------------------------------
Time: 14.0038
Split Ratios: 1 1 1 1 1 1 1 1 1 1 1 1 1 1 1 1 1 1 1 1 1 1 1 1 1 1 1 1 1 1 
Delays: 0.0168926 0.0208712 0.0155018 0.0131175 0.0136322 0.0206497 0.0152215 0.0166138 0.0135412 0.00952467 0.0154056 0.0144647 0.0114829 0.0165368 0.00971861 0.0134918 0.0094001 0.019441 0.0156004 0.0152444 0.0191341 0.0154593 0.0118007 0.0113207 0.0153524 0.015769 0.0156078 0.0189508 0.019269 0.00758563 
Throughputs: 0.950272 1.16326 1.08134 0.917504 1.19603 1.08134 1.14688 1.11411 1.17965 1.21242 1.14688 0.999424 1.47456 1.17965 1.21242 1.08134 1.2288 1.44179 1.26157 1.31072 1.08134 1.19603 1.19603 1.31072 1.01581 1.08134 0.966656 1.08134 1.40902 1.01581 
Utility: 4.02987 4.02061 4.245 4.24771 4.47433 3.95826 4.32209 4.20558 4.46723 4.84648 4.31007 4.23547 4.85526 4.26738 4.82633 4.38388 4.87307 4.30626 4.39281 4.45412 4.03449 4.34855 4.61861 4.7517 4.19217 4.22791 4.12607 4.04412 4.29216 4.89718 

--------------------------------------
Time: 14.5039
Split Ratios: 1 1 1 1 1 1 1 1 1 1 1 1 1 1 1 1 1 1 1 1 1 1 1 1 1 1 1 1 1 1 
Delays: 0.016958 0.0199973 0.0154746 0.0131373 0.013764 0.0205017 0.015224 0.0163004 0.0133936 0.00933065 0.0145228 0.0140065 0.0116988 0.0158195 0.00970622 0.0121549 0.00940662 0.0181983 0.0154593 0.0151895 0.0180524 0.0147514 0.0120892 0.0112 0.0144798 0.0154918 0.0144006 0.0178799 0.0181405 0.00749685 
Throughputs: 0.999424 1.44179 1.19603 1.14688 1.24518 0.8192 1.09773 1.04858 1.06496 0.999424 1.47456 0.933888 1.01581 1.08134 1.01581 0.966656 1.21242 1.03219 1.26157 1.04858 1.03219 1.24518 1.29434 0.999424 1.19603 1.14688 1.06496 1.03219 1.40902 1.2288 
Utility: 4.07644 4.27804 4.34756 4.46935 4.50498 3.68782 4.27812 4.164 4.37591 4.67387 4.6204 4.19984 4.46396 4.22472 4.65067 4.37611 4.85896 4.03811 4.4019 4.23459 4.04616 4.4357 4.67344 4.49126 4.41401 4.30449 4.30342 4.05576 4.3525 5.09931 

--------------------------------------
Time: 15.0044
Split Ratios: 1 1 1 1 1 1 1 1 1 1 1 1 1 1 1 1 1 1 1 1 1 1 1 1 1 1 1 1 1 1 
Delays: 0.0170547 0.0203205 0.0155094 0.01316 0.0135258 0.0201211 0.0152354 0.0165815 0.0134854 0.0094901 0.0146552 0.0143908 0.011473 0.0162106 0.00961395 0.012726 0.009382 0.0182471 0.0156416 0.0150827 0.0183939 0.0142749 0.0117142 0.0112351 0.0145215 0.0156406 0.0146839 0.0184424 0.018495 0.0076166 
Throughputs: 1.44179 1.04858 1.08134 0.966656 1.17965 1.03219 1.16326 1.17965 0.884736 1.1305 1.3271 1.21242 1.44179 1.29434 0.933888 1.35987 1.1305 1.39264 1.3271 1.19603 1.04858 0.966656 1.3271 1.19603 1.08134 1.16326 1.09773 1.11411 1.11411 1.06496 
Utility: 4.43722 3.94356 4.24451 4.29666 4.46837 3.93767 4.33536 4.26468 4.18368 4.78016 4.50596 4.43378 4.83364 4.38009 4.57614 4.6715 4.79162 4.33495 4.44082 4.37322 4.04317 4.21534 4.72995 4.66772 4.31033 4.30912 4.31424 4.10116 4.09831 4.94036 

--------------------------------------
Time: 15.5046
Split Ratios: 1 1 1 1 1 1 1 1 1 1 1 1 1 1 1 1 1 1 1 1 1 1 1 1 1 1 1 1 1 1 
Delays: 0.0169079 0.0211776 0.0152259 0.013152 0.0134061 0.0210282 0.0150946 0.0161512 0.0133918 0.00952812 0.0144714 0.01414 0.0117073 0.016443 0.00969845 0.0130751 0.00940159 0.0183076 0.0151377 0.0150997 0.01929 0.0144539 0.0116408 0.0112235 0.0149247 0.0153519 0.0147821 0.0180869 0.0191345 0.00765915 
Throughputs: 1.04858 1.16326 1.09773 0.917504 0.90112 1.34349 0.917504 1.1305 1.09773 1.16326 1.31072 1.08134 1.26157 1.09773 0.999424 1.2288 1.11411 1.04858 1.19603 0.90112 0.950272 1.08134 1.19603 1.14688 1.26157 1.19603 0.950272 1.1305 1.14688 1.17965 
Utility: 4.12741 4.00604 4.278 4.24508 4.20793 4.15716 4.10732 4.24842 4.40635 4.80474 4.50616 4.33695 4.6799 4.2011 4.63521 4.54309 4.77493 4.04787 4.36958 4.08897 3.89716 4.315 4.63225 4.62679 4.43709 4.35552 4.16333 4.13523 4.09331 5.03707 

--------------------------------------
Time: 16.0046
Split Ratios: 1 1 1 1 1 1 1 1 1 1 1 1 1 1 1 1 1 1 1 1 1 1 1 1 1 1 1 1 1 1 
Delays: 0.016989 0.0201267 0.0155476 0.0131656 0.0134521 0.0198322 0.0151441 0.016028 0.0132536 0.00945056 0.0144722 0.0142471 0.0114594 0.0157806 0.00971549 0.0127964 0.00944946 0.0178428 0.0153682 0.0152482 0.0178662 0.0144804 0.0115992 0.0112957 0.0141654 0.0153577 0.014415 0.0180163 0.0183551 0.00769007 
Throughputs: 1.03219 1.16326 1.04858 1.19603 1.03219 1.39264 1.3271 1.37626 1.09773 1.26157 1.26157 0.98304 1.06496 0.999424 1.29434 0.933888 1.24518 0.868352 1.04858 1.2288 1.08134 1.03219 1.19603 1.44179 0.917504 1.11411 0.884736 0.950272 1.14688 1.1305 
Utility: 4.10687 4.05694 4.21128 4.50915 4.34031 4.25165 4.47315 4.45278 4.41673 4.89404 4.46788 4.2341 4.53188 4.1484 4.89203 4.2902 4.88108 3.88499 4.22289 4.38933 4.10305 4.26664 4.63583 4.84922 4.17085 4.2842 4.11702 3.96547 4.1349 4.99048 

--------------------------------------
Time: 16.5046
Split Ratios: 1 1 1 1 1 1 1 1 1 1 1 1 1 1 1 1 1 1 1 1 1 1 1 1 1 1 1 1 1 1 
Delays: 0.0170038 0.0200403 0.0156096 0.0130957 0.0133894 0.0203035 0.0150487 0.016407 0.0133444 0.00973816 0.0146881 0.0147065 0.0115823 0.0165873 0.00950141 0.012582 0.00945258 0.0184298 0.0153395 0.0153005 0.0183521 0.014706 0.0116561 0.0112623 0.0147386 0.0153832 0.0147546 0.0184634 0.018181 0.00756743 
Throughputs: 1.19603 1.11411 1.11411 1.03219 1.11411 1.17965 0.950272 1.19603 1.31072 1.31072 1.44179 1.24518 1.01581 1.26157 1.11411 0.966656 1.29434 0.770048 1.29434 1.24518 1.04858 0.966656 1.1305 1.31072 1.19603 1.34349 1.03219 1.1305 1.16326 0.999424 
Utility: 4.25333 4.01807 4.26793 4.36716 4.42135 4.06218 4.14546 4.28906 4.58723 4.90228 4.5866 4.43875 4.47396 4.33148 4.76437 4.34157 4.91947 3.73248 4.43532 4.39915 4.04545 4.18559 4.57458 4.75687 4.3963 4.46975 4.24788 4.11462 4.15861 4.88333 

--------------------------------------
Time: 17.0048
Split Ratios: 1 1 1 1 1 1 1 1 1 1 1 1 1 1 1 1 1 1 1 1 1 1 1 1 1 1 1 1 1 1 
Delays: 0.0168721 0.0202377 0.0151234 0.0131064 0.0133364 0.0201839 0.0152931 0.017441 0.0132924 0.00944938 0.0166839 0.0157338 0.0113797 0.0175534 0.00958147 0.0125453 0.00946383 0.0207554 0.0152004 0.0151352 0.0178878 0.016 0.0114306 0.0112359 0.0148642 0.0152313 0.0147477 0.0190765 0.0186684 0.00760262 
Throughputs: 1.06496 0.851968 1.01581 0.999424 1.03219 1.1305 1.26157 1.42541 0.98304 1.04858 1.37626 1.16326 1.29434 0.999424 1.3271 1.27795 1.1305 1.29434 1.26157 1.08134 1.03219 1.03219 1.19603 0.868352 1.16326 1.1305 1.08134 1.16326 1.40902 0.98304 
Utility: 4.14503 3.74 4.20719 4.33408 4.34895 4.02552 4.41271 4.40339 4.30346 4.70924 4.41268 4.30317 4.73392 4.04193 4.93092 4.62367 4.78294 4.13295 4.41879 4.26894 4.05532 4.16685 4.65047 4.34748 4.36003 4.30706 4.29487 4.11053 4.32382 4.86216 

--------------------------------------
Time: 17.5049
Split Ratios: 1 1 1 1 1 1 1 1 1 1 1 1 1 1 1 1 1 1 1 1 1 1 1 1 1 1 1 1 1 1 
Delays: 0.0170721 0.0200305 0.0155505 0.0132042 0.0135443 0.0207121 0.0153888 0.0164902 0.013307 0.00943626 0.0146858 0.0144615 0.0115206 0.0161345 0.00971644 0.0127887 0.0094162 0.0189279 0.0154319 0.0154794 0.0181971 0.0149645 0.0116341 0.0112789 0.0144426 0.0153563 0.014584 0.0183132 0.0186191 0.00761987 
Throughputs: 1.08134 1.26157 0.966656 1.24518 1.04858 1.11411 1.29434 1.16326 1.21242 1.2288 1.1305 1.04858 1.09773 1.1305 1.24518 0.999424 1.14688 1.17965 1.40902 1.2288 1.11411 1.27795 0.966656 1.24518 1.2288 0.999424 1.2288 0.999424 1.3271 1.14688 
Utility: 4.14852 4.14285 4.12975 4.54651 4.34922 3.98509 4.43211 4.25622 4.51208 4.86923 4.34353 4.2837 4.55686 4.24945 4.85322 4.35862 4.80237 4.13233 4.51422 4.37428 4.11455 4.44733 4.4199 4.70411 4.44361 4.17565 4.43387 3.99956 4.26657 5.01404 

--------------------------------------
Time: 18.0053
Split Ratios: 1 1 1 1 1 1 1 1 1 1 1 1 1 1 1 1 1 1 1 1 1 1 1 1 1 1 1 1 1 1 
Delays: 0.01689 0.0198662 0.0152572 0.0131036 0.0133378 0.0200514 0.0152356 0.0176415 0.0133668 0.00944281 0.0152343 0.0154889 0.0115045 0.0176636 0.00970479 0.0122669 0.00952402 0.0199425 0.0154009 0.0152129 0.0180551 0.0157818 0.0116776 0.0112905 0.013956 0.0152469 0.0141446 0.0195545 0.0180764 0.00758365 
Throughputs: 1.04858 1.08134 0.917504 1.08134 1.16326 1.27795 1.31072 1.31072 1.04858 1.17965 1.49094 1.09773 1.16326 1.40902 1.09773 0.917504 1.37626 0.933888 1.34349 1.16326 1.09773 1.03219 1.3271 1.14688 1.1305 1.1305 0.8192 1.2288 1.17965 0.950272 
Utility: 4.12846 3.99694 4.0966 4.41307 4.46838 4.15471 4.4547 4.30808 4.36242 4.82772 4.58361 4.26088 4.61625 4.37915 4.72838 4.31475 4.9733 3.8465 4.4686 4.33684 4.10757 4.18058 4.73309 4.62084 4.3945 4.30604 4.059 4.14059 4.17836 4.83075 

--------------------------------------
Time: 18.5053
Split Ratios: 1 1 1 1 1 1 1 1 1 1 1 1 1 1 1 1 1 1 1 1 1 1 1 1 1 1 1 1 1 1 
Delays: 0.0169769 0.0200236 0.0154558 0.0131426 0.0136383 0.0204134 0.015315 0.0157711 0.0135832 0.00948644 0.0138218 0.0138342 0.0114343 0.0157079 0.00966437 0.0128251 0.00940259 0.0175633 0.0156222 0.0153014 0.0188137 0.0141604 0.0119731 0.0112462 0.01447 0.0156662 0.0145882 0.0177091 0.018272 0.00754603 
Throughputs: 0.950272 1.24518 0.90112 0.950272 1.01581 1.19603 1.42541 0.999424 1.35987 1.09773 1.1305 0.950272 1.01581 1.17965 0.868352 1.11411 1.14688 0.917504 1.31072 1.29434 0.884736 1.01581 1.44179 1.09773 1.08134 1.34349 1.03219 1.17965 1.14688 0.98304 
Utility: 4.02489 4.13013 4.06566 4.28089 4.31056 4.07057 4.53338 4.149 4.60631 4.75113 4.40417 4.2296 4.48683 4.31881 4.49815 4.46441 4.80381 3.95585 4.42964 4.43781 3.8507 4.27299 4.79098 4.58097 4.31388 4.45152 4.25923 4.19889 4.13943 4.86963 

--------------------------------------
Time: 19.0053
Split Ratios: 1 1 1 1 1 1 1 1 1 1 1 1 1 1 1 1 1 1 1 1 1 1 1 1 1 1 1 1 1 1 
Delays: 0.0168041 0.0214067 0.0154223 0.013176 0.0134381 0.021009 0.0151529 0.016185 0.0132063 0.0095285 0.0143836 0.0145249 0.0115262 0.0159521 0.00967884 0.0138049 0.00937269 0.0186123 0.0155277 0.0151801 0.0186974 0.014723 0.0117184 0.0111816 0.0150955 0.0152733 0.0152978 0.0181404 0.0191312 0.0074702 
Throughputs: 0.966656 1.01581 0.966656 1.37626 0.950272 1.06496 1.17965 1.1305 1.14688 1.39264 1.16326 0.999424 1.1305 1.03219 0.933888 1.40902 1.1305 1.09773 1.39264 1.24518 1.03219 1.08134 1.2288 0.999424 0.966656 1.1305 1.16326 0.933888 1.5401 0.999424 
Utility: 4.05222 3.85973 4.13803 4.64872 4.25866 3.92574 4.35478 4.24632 4.46411 4.98467 4.3929 4.23131 4.58579 4.16985 4.56941 4.62563 4.79261 4.07718 4.49633 4.40705 4.01105 4.29655 4.65263 4.49291 4.15944 4.3043 4.33128 3.94121 4.38828 4.89626 

--------------------------------------
Time: 19.5055
Split Ratios: 1 1 1 1 1 1 1 1 1 1 1 1 1 1 1 1 1 1 1 1 1 1 1 1 1 1 1 1 1 1 
Delays: 0.0170253 0.0204751 0.0154886 0.0130683 0.0137599 0.0208185 0.0152403 0.016615 0.013292 0.00946836 0.014977 0.0146665 0.0115256 0.0165601 0.00977872 0.0129677 0.00949093 0.0182914 0.0154169 0.0152937 0.0188024 0.0149297 0.0116988 0.011276 0.0147878 0.0157163 0.0153399 0.0186437 0.0184701 0.00766134 
Throughputs: 1.3271 1.09773 1.01581 0.770048 1.04858 1.06496 0.884736 1.35987 1.19603 1.09773 1.09773 1.31072 1.42541 1.34349 1.03219 1.24518 0.966656 0.851968 1.42541 1.27795 1.06496 1.04858 1.21242 1.2288 1.16326 1.11411 0.999424 1.14688 1.31072 1.17965 
Utility: 4.35605 3.98179 4.18334 4.07626 4.33343 3.93485 4.06135 4.40484 4.4996 4.75304 4.29448 4.49277 4.81765 4.39603 4.65923 4.56458 4.62351 3.84112 4.52675 4.42557 4.03671 4.25184 4.64088 4.69112 4.36518 4.26111 4.17672 4.11929 4.26218 5.03678 

--------------------------------------
Time: 20.0056
Split Ratios: 1 1 1 1 1 1 1 1 1 1 1 1 1 1 1 1 1 1 1 1 1 1 1 1 1 1 1 1 1 1 
Delays: 0.0169014 0.0203336 0.0152219 0.0132538 0.0132509 0.0201149 0.0153048 0.0161496 0.0133993 0.00957068 0.0147889 0.0142294 0.0114316 0.0164496 0.00977968 0.0127402 0.00943431 0.018085 0.0153621 0.0151644 0.0185491 0.0141997 0.0116137 0.0112491 0.0148365 0.0152693 0.0147436 0.0181954 0.0190174 0.00764142 
Throughputs: 1.11411 1.5401 1.14688 1.19603 1.06496 1.06496 1.3271 1.29434 0.917504 1.34349 1.31072 1.19603 1.11411 1.06496 1.26157 0.999424 1.14688 1.03219 1.16326 1.01581 1.19603 0.851968 0.933888 1.24518 1.17965 1.1305 0.8192 1.04858 1.19603 1.19603 
Utility: 4.18842 4.32733 4.32206 4.50248 4.38663 3.96923 4.46259 4.38386 4.22645 4.94432 4.48446 4.43145 4.57943 4.17039 4.8598 4.36242 4.80045 4.04435 4.32708 4.20449 4.16634 4.09433 4.38717 4.70675 4.37588 4.30457 4.01752 4.05402 4.14141 5.05318 

--------------------------------------
Time: 20.5059
Split Ratios: 1 1 1 1 1 1 1 1 1 1 1 1 1 1 1 1 1 1 1 1 1 1 1 1 1 1 1 1 1 1 
Delays: 0.0168703 0.0202172 0.0152142 0.0131154 0.0135988 0.0202653 0.0152298 0.0165721 0.013388 0.00937426 0.0154651 0.014892 0.0115363 0.0166024 0.00969194 0.0126024 0.00943488 0.0186403 0.0153131 0.015228 0.0183085 0.0147597 0.0116337 0.0112857 0.0142032 0.0155679 0.014198 0.0182948 0.0182921 0.00749398 
Throughputs: 1.45818 1.2288 0.933888 0.884736 1.19603 1.04858 0.933888 1.2288 1.09773 0.966656 1.3271 1.11411 1.17965 1.26157 1.1305 1.24518 1.39264 1.14688 1.14688 1.01581 1.14688 1.19603 1.3271 1.21242 0.966656 0.999424 0.999424 1.01581 1.09773 1.06496 
Utility: 4.45939 4.10726 4.11713 4.21151 4.47678 3.94628 4.1161 4.30608 4.40664 4.63587 4.45217 4.31499 4.62747 4.33056 4.75912 4.59315 4.99454 4.11947 4.31609 4.2003 4.13744 4.39487 4.73685 4.67683 4.22038 4.16197 4.25408 4.01682 4.09453 4.95659 

--------------------------------------
Time: 21.0061
Split Ratios: 1 1 1 1 1 1 1 1 1 1 1 1 1 1 1 1 1 1 1 1 1 1 1 1 1 1 1 1 1 1 
Delays: 0.0170251 0.0201775 0.01521 0.0131089 0.0134935 0.0202955 0.0151919 0.0158272 0.013569 0.00943289 0.01391 0.0139286 0.0115436 0.0158356 0.00985232 0.0123854 0.00938628 0.0175588 0.0152381 0.0152426 0.0181814 0.0138948 0.0115799 0.0112899 0.0140352 0.01523 0.0146542 0.0175178 0.0179083 0.00751696 
Throughputs: 1.11411 1.08134 0.950272 1.06496 1.35987 1.19603 1.3271 1.2288 1.29434 1.04858 1.06496 1.11411 1.11411 1.1305 1.45818 1.09773 1.44179 1.01581 1.26157 1.04858 0.884736 1.04858 1.03219 1.08134 1.11411 1.1305 0.90112 1.19603 1.14688 0.770048 
Utility: 4.18113 3.98139 4.1348 4.3974 4.61294 4.07636 4.46999 4.35206 4.55796 4.71099 4.33808 4.38187 4.56968 4.26815 4.99723 4.48448 5.03439 4.05789 4.41631 4.2311 3.88489 4.32367 4.49017 4.56205 4.37424 4.30715 4.11891 4.22355 4.15953 4.62929 

--------------------------------------
Time: 21.5064
Split Ratios: 1 1 1 1 1 1 1 1 1 1 1 1 1 1 1 1 1 1 1 1 1 1 1 1 1 1 1 1 1 1 
Delays: 0.0169553 0.0204068 0.0152466 0.0131027 0.0134918 0.020288 0.0152221 0.0160696 0.0134514 0.00946602 0.0144256 0.0142532 0.0114503 0.0157598 0.00962852 0.0127676 0.00940448 0.0181513 0.0151238 0.0151705 0.0187669 0.0147006 0.0116051 0.0111808 0.0147434 0.0153374 0.015122 0.0182619 0.0186171 0.00764279 
Throughputs: 1.49094 1.16326 1.06496 1.03219 1.34349 1.11411 1.17965 1.16326 0.966656 1.03219 1.34349 1.14688 1.26157 0.90112 0.90112 1.08134 1.16326 1.11411 0.8192 0.884736 1.06496 1.09773 1.37626 1.24518 1.31072 0.835584 1.14688 1.06496 1.27795 1.08134 
Utility: 4.47659 4.04312 4.24634 4.36662 4.60094 4.00578 4.35022 4.28205 4.27476 4.69173 4.53402 4.38782 4.70209 4.04618 4.53891 4.43905 4.8178 4.11707 3.99206 4.06593 4.0386 4.31311 4.77568 4.71284 4.48754 3.99784 4.32865 4.06587 4.22894 4.9522 

--------------------------------------
Time: 22.0064
Split Ratios: 1 1 1 1 1 1 1 1 1 1 1 1 1 1 1 1 1 1 1 1 1 1 1 1 1 1 1 1 1 1 
Delays: 0.0170725 0.0204947 0.0155332 0.0132203 0.0135636 0.0198167 0.0151161 0.0157423 0.0132348 0.00942784 0.0142866 0.0138081 0.011503 0.0156489 0.00969028 0.0128986 0.00945097 0.0173356 0.0152938 0.0153534 0.0186818 0.0141368 0.0117168 0.0112086 0.0151537 0.0155222 0.0146857 0.0179981 0.0188053 0.00762923 
Throughputs: 1.35987 1.16326 1.08134 1.06496 1.04858 0.966656 1.21242 1.24518 1.2288 1.08134 0.966656 0.98304 1.16326 1.27795 1.01581 1.1305 1.06496 0.98304 1.08134 0.884736 1.40902 1.04858 1.31072 1.14688 1.16326 0.884736 1.16326 1.1305 1.09773 0.966656 
Utility: 4.37767 4.03882 4.24298 4.38894 4.3478 3.88732 4.38461 4.37069 4.53095 4.74229 4.21452 4.26539 4.61638 4.40261 4.65232 4.47329 4.72457 4.03789 4.25851 4.05395 4.3231 4.30641 4.71731 4.62812 4.34074 4.04302 4.37211 4.14015 4.06686 4.84186 

--------------------------------------
Time: 22.5066
Split Ratios: 1 1 1 1 1 1 1 1 1 1 1 1 1 1 1 1 1 1 1 1 1 1 1 1 1 1 1 1 1 1 
Delays: 0.0168758 0.0196328 0.0154263 0.0131191 0.0134102 0.0200173 0.015141 0.0161428 0.0132354 0.00946586 0.0145695 0.0144104 0.0116566 0.0162623 0.00970286 0.012302 0.00945828 0.0184367 0.0153606 0.015065 0.0182437 0.0148447 0.0115909 0.0112046 0.014068 0.0152533 0.014506 0.0186326 0.0183018 0.00750523 
Throughputs: 1.34349 1.1305 0.917504 1.19603 1.14688 1.01581 0.98304 1.21242 1.27795 1.17965 0.933888 1.26157 1.16326 0.90112 1.08134 0.917504 1.27795 0.917504 1.01581 1.01581 1.19603 1.3271 1.17965 1.39264 1.17965 0.950272 1.04858 1.06496 1.42541 0.90112 
Utility: 4.37714 4.05321 4.08558 4.5127 4.44879 3.92684 4.17325 4.31889 4.57012 4.82528 4.16043 4.47216 4.60311 4.01479 4.71354 4.3119 4.90612 3.90731 4.19163 4.21107 4.18294 4.49311 4.62275 4.82263 4.42907 4.13195 4.28062 4.04578 4.35521 4.78804 

--------------------------------------
Time: 23.0071
Split Ratios: 1 1 1 1 1 1 1 1 1 1 1 1 1 1 1 1 1 1 1 1 1 1 1 1 1 1 1 1 1 1 
Delays: 0.0169404 0.0202574 0.015448 0.0131408 0.0135852 0.0202201 0.0153569 0.0165833 0.0134494 0.00952723 0.0145097 0.0142235 0.0116291 0.016358 0.00977641 0.0128251 0.00948555 0.0184435 0.0153343 0.0154054 0.0181179 0.0146654 0.011523 0.0113592 0.0145348 0.0155525 0.0148356 0.0187322 0.0183872 0.00770772 
Throughputs: 1.14688 1.21242 1.19603 1.2288 1.11411 1.09773 1.16326 0.98304 1.40902 1.27795 1.14688 1.09773 1.21242 1.01581 1.42541 1.21242 1.19603 1.08134 1.01581 1.27795 0.966656 1.39264 1.19603 1.17965 1.17965 1.04858 1.11411 1.06496 1.08134 1.06496 
Utility: 4.2151 4.09185 4.34929 4.53807 4.40684 3.99432 4.32742 4.08226 4.65172 4.89886 4.36998 4.3461 4.64686 4.12872 4.98224 4.54896 4.83699 4.07125 4.19335 4.4183 3.97694 4.55347 4.64242 4.64295 4.39643 4.21097 4.31878 4.04045 4.07431 4.92847 

--------------------------------------
Time: 23.5072
Split Ratios: 1 1 1 1 1 1 1 1 1 1 1 1 1 1 1 1 1 1 1 1 1 1 1 1 1 1 1 1 1 1 
Delays: 0.0169775 0.0201205 0.0154905 0.0131237 0.0135373 0.0200219 0.0151323 0.0160888 0.0132395 0.0094859 0.0141399 0.0139468 0.0115246 0.0160066 0.00947271 0.0128515 0.00944073 0.0180924 0.0156578 0.0152384 0.0180768 0.014195 0.0119241 0.0112806 0.0141882 0.0156253 0.0144704 0.0180016 0.0182094 0.00761306 
Throughputs: 1.04858 1.17965 0.999424 1.16326 1.24518 1.03219 0.90112 1.27795 0.950272 1.04858 1.17965 1.08134 1.31072 1.19603 0.966656 1.21242 1.21242 0.851968 1.17965 0.999424 0.98304 0.999424 1.37626 1.17965 1.08134 0.933888 1.2288 0.98304 1.35987 1.09773 
Utility: 4.1233 4.07123 4.16695 4.48457 4.52159 3.94261 4.08681 4.37489 4.27354 4.70538 4.42397 4.35071 4.73385 4.31376 4.62543 4.54691 4.85534 3.85206 4.322 4.18336 3.99602 4.25429 4.74856 4.64989 4.33355 4.09047 4.44169 4.00019 4.31321 4.97113 

--------------------------------------
Time: 24.0073
Split Ratios: 1 1 1 1 1 1 1 1 1 1 1 1 1 1 1 1 1 1 1 1 1 1 1 1 1 1 1 1 1 1 
Delays: 0.0168424 0.0199357 0.0153403 0.0132485 0.0136884 0.0200491 0.0150791 0.0161358 0.0133461 0.0096236 0.0144235 0.0140848 0.0117387 0.0158501 0.00955574 0.0121537 0.00952414 0.0179889 0.0153443 0.0151241 0.0180731 0.0145431 0.0117442 0.0111566 0.0143647 0.0155522 0.0141751 0.0179218 0.0184437 0.00753223 
Throughputs: 1.17965 1.21242 0.851968 1.52371 1.11411 0.999424 1.08134 1.27795 1.17965 1.35987 1.09773 1.24518 1.14688 0.999424 1.11411 0.917504 1.27795 0.868352 1.26157 0.999424 0.884736 1.03219 1.44179 0.999424 1.08134 1.31072 1.09773 0.999424 1.29434 0.999424 
Utility: 4.24907 4.10786 4.01706 4.74502 4.39926 3.909 4.27265 4.37197 4.48175 4.95093 4.33214 4.48194 4.58191 4.144 4.75867 4.32402 4.89918 3.87684 4.40937 4.19089 3.89087 4.26233 4.81028 4.49515 4.32119 4.43413 4.34951 4.02116 4.25103 4.88799 

--------------------------------------
Time: 24.5077
Split Ratios: 1 1 1 1 1 1 1 1 1 1 1 1 1 1 1 1 1 1 1 1 1 1 1 1 1 1 1 1 1 1 
Delays: 0.0169674 0.020647 0.0153523 0.0132044 0.013466 0.0208172 0.0151577 0.0158771 0.0135124 0.00943739 0.0141063 0.0139579 0.0115097 0.0156809 0.00980542 0.013373 0.00934886 0.0178798 0.0154767 0.0152515 0.0189203 0.0145669 0.0114399 0.0113485 0.0150214 0.0152182 0.0151475 0.0180054 0.018965 0.00755806 
Throughputs: 0.98304 1.14688 1.09773 1.11411 1.06496 1.3271 1.17965 1.19603 0.966656 1.04858 1.21242 1.16326 1.08134 1.2288 1.06496 1.1305 1.34349 1.01581 1.11411 1.03219 0.966656 1.06496 1.37626 1.39264 1.26157 1.11411 1.01581 0.90112 1.2288 0.966656 
Utility: 4.05936 4.01723 4.26973 4.43526 4.37053 4.15498 4.35447 4.32189 4.27024 4.71051 4.45375 4.42294 4.54277 4.36135 4.68776 4.43717 4.96777 4.03977 4.27648 4.21476 3.93361 4.29194 4.79001 4.80987 4.43064 4.29332 4.2056 3.91297 4.1712 4.85123 

--------------------------------------
Time: 25.0089
Split Ratios: 1 1 1 1 1 1 1 1 1 1 1 1 1 1 1 1 1 1 1 1 1 1 1 1 1 1 1 1 1 1 
Delays: 0.0169656 0.020171 0.0154371 0.0132316 0.0136376 0.0199979 0.0154825 0.0163092 0.0137474 0.00947808 0.014197 0.0142243 0.0116049 0.0160931 0.00988107 0.0124693 0.00935919 0.0180507 0.0154803 0.0154763 0.0184501 0.0144128 0.0117232 0.0113364 0.0143844 0.0154457 0.014193 0.0179982 0.0183462 0.00763557 
Throughputs: 1.27795 1.19603 1.14688 1.09773 1.3271 1.2288 1.26157 1.09773 1.35987 0.966656 1.21242 1.16326 1.17965 1.08134 1.03219 1.01581 1.26157 0.868352 1.03219 0.98304 0.8192 1.31072 1.19603 1.21242 1.14688 1.16326 0.966656 1.04858 1.26157 1.35987 
Utility: 4.32183 4.08252 4.30802 4.41839 4.57792 4.11817 4.4004 4.20927 4.5943 4.62486 4.44734 4.40404 4.62155 4.20757 4.64882 4.40017 4.90375 3.87341 4.19987 4.15134 3.79326 4.51022 4.62519 4.67236 4.37866 4.32165 4.2211 4.06492 4.23069 5.18233 

--------------------------------------
Time: 25.509
Split Ratios: 1 1 1 1 1 1 1 1 1 1 1 1 1 1 1 1 1 1 1 1 1 1 1 1 1 1 1 1 1 1 
Delays: 0.0170756 0.0196632 0.0153009 0.0131724 0.0133576 0.020032 0.0151966 0.0170342 0.0134345 0.00949024 0.0144622 0.014096 0.0115494 0.0160894 0.00970721 0.0125574 0.00935506 0.0187219 0.0153623 0.015116 0.0178453 0.0143304 0.0115372 0.011317 0.0142194 0.0153092 0.0142944 0.018088 0.0179274 0.00757023 
Throughputs: 1.16326 1.08134 0.933888 1.21242 0.835584 1.19603 1.06496 1.27795 1.14688 1.06496 1.11411 1.06496 1.26157 1.04858 1.24518 1.16326 1.16326 1.06496 1.1305 1.08134 0.98304 1.11411 1.19603 1.2288 1.08134 1.19603 0.98304 0.950272 1.14688 1.14688 
Utility: 4.22134 4.00721 4.11145 4.52225 4.13605 4.08943 4.24962 4.31779 4.44698 4.72043 4.34427 4.3248 4.69348 4.17703 4.85417 4.52867 4.82307 4.041 4.2985 4.27021 4.00891 4.35343 4.64118 4.68748 4.33135 4.35831 4.23078 3.9615 4.15847 5.02058 

--------------------------------------
Time: 26.0092
Split Ratios: 1 1 1 1 1 1 1 1 1 1 1 1 1 1 1 1 1 1 1 1 1 1 1 1 1 1 1 1 1 1 
Delays: 0.0168427 0.020044 0.0155198 0.0131968 0.0134569 0.0203104 0.0151061 0.0161165 0.013285 0.00951607 0.0148961 0.0149389 0.0117084 0.0162464 0.00977669 0.0123371 0.00947359 0.0183736 0.0154484 0.0151054 0.0184863 0.01462 0.0119303 0.0112823 0.0145737 0.015503 0.0143813 0.0182916 0.0186932 0.00755514 
Throughputs: 1.3271 1.11411 0.98304 1.04858 1.16326 1.27795 1.31072 1.1305 1.11411 1.19603 1.16326 1.17965 1.55648 1.09773 1.21242 1.26157 1.26157 1.01581 1.24518 0.90112 1.14688 1.24518 1.40902 1.21242 1.04858 1.08134 1.04858 0.999424 1.31072 0.98304 
Utility: 4.36684 4.01788 4.14854 4.37521 4.45949 4.14188 4.46324 4.25057 4.42918 4.83378 4.35789 4.369 4.88987 4.21313 4.82037 4.6275 4.8916 4.01252 4.38953 4.08858 4.12777 4.44465 4.77157 4.67713 4.27597 4.24492 4.28926 4.00074 4.25017 4.86842 

--------------------------------------
Time: 26.5094
Split Ratios: 1 1 1 1 1 1 1 1 1 1 1 1 1 1 1 1 1 1 1 1 1 1 1 1 1 1 1 1 1 1 
Delays: 0.0169254 0.0200427 0.0154561 0.0132514 0.0135228 0.0198737 0.0152293 0.0162698 0.0135926 0.0095712 0.014699 0.0141549 0.0115867 0.0162239 0.00967083 0.0124891 0.00935599 0.0183154 0.0152917 0.0152399 0.0183548 0.0143557 0.011945 0.0113249 0.0142908 0.0154027 0.0145124 0.0184185 0.0182703 0.00760774 
Throughputs: 1.03219 1.17965 1.17965 1.17965 0.950272 1.11411 1.08134 1.08134 1.40902 1.09773 1.14688 1.09773 1.17965 1.2288 1.14688 1.16326 1.26157 1.06496 1.31072 1.17965 0.73728 1.06496 1.24518 1.26157 1.04858 1.08134 0.90112 1.16326 1.09773 1.01581 
Utility: 4.11062 4.07511 4.33497 4.48887 4.25237 4.02642 4.26274 4.19665 4.64112 4.74224 4.35702 4.35094 4.62312 4.32731 4.77569 4.53413 4.90409 4.06295 4.45102 4.34905 3.69307 4.30655 4.64673 4.71311 4.29558 4.25142 4.12864 4.14563 4.09572 4.89427 

--------------------------------------
Time: 27.0095
Split Ratios: 1 1 1 1 1 1 1 1 1 1 1 1 1 1 1 1 1 1 1 1 1 1 1 1 1 1 1 1 1 1 
Delays: 0.0168605 0.0203304 0.0151546 0.0131523 0.0132666 0.0208762 0.0151439 0.0168199 0.0132714 0.00946986 0.0151124 0.015024 0.011416 0.0169909 0.00970499 0.0130388 0.00941073 0.0181487 0.0153416 0.0153451 0.0188051 0.0151526 0.011571 0.0113853 0.0150386 0.0152077 0.0150413 0.0187575 0.0189829 0.00753217 
Throughputs: 0.966656 1.34349 0.950272 1.11411 0.966656 1.31072 1.24518 1.2288 1.09773 1.26157 1.17965 1.26157 1.1305 1.03219 1.17965 1.06496 0.966656 1.03219 1.08134 1.11411 1.17965 1.11411 1.06496 1.27795 1.26157 0.90112 0.950272 1.2288 1.3271 1.11411 
Utility: 4.04887 4.19091 4.13844 4.43922 4.28859 4.13972 4.40944 4.29123 4.41539 4.892 4.35746 4.43046 4.5954 4.10676 4.80033 4.40276 4.63199 4.04084 4.25539 4.28502 4.13884 4.29764 4.52219 4.72069 4.42949 4.08184 4.14595 4.1822 4.24721 4.99663 

--------------------------------------
Time: 27.5099
Split Ratios: 1 1 1 1 1 1 1 1 1 1 1 1 1 1 1 1 1 1 1 1 1 1 1 1 1 1 1 1 1 1 
Delays: 0.01703 0.0202575 0.0154169 0.013229 0.0134664 0.0205804 0.0152071 0.0161197 0.0132863 0.00956513 0.0143284 0.0139839 0.0116478 0.0160848 0.0096429 0.0125253 0.00935238 0.018021 0.0154984 0.0152801 0.0184136 0.014278 0.0118397 0.011209 0.0144837 0.0154646 0.0142002 0.0177891 0.0187388 0.00777292 
Throughputs: 1.24518 1.21242 1.03219 1.08134 1.37626 1.37626 1.14688 1.03219 1.19603 1.16326 1.35987 0.999424 1.09773 1.06496 1.09773 1.04858 1.03219 0.90112 1.31072 1.24518 1.19603 1.17965 1.08134 1.09773 0.98304 1.21242 0.950272 1.01581 1.34349 1.1305 
Utility: 4.29206 4.09184 4.20397 4.40354 4.62693 4.20278 4.32304 4.1594 4.50003 4.80086 4.5529 4.26927 4.54588 4.19282 4.73478 4.42744 4.70381 3.9121 4.43759 4.40049 4.17368 4.41425 4.5145 4.58428 4.21763 4.36181 4.20349 4.04485 4.27243 4.97977 

--------------------------------------
Time: 28.01
Split Ratios: 1 1 1 1 1 1 1 1 1 1 1 1 1 1 1 1 1 1 1 1 1 1 1 1 1 1 1 1 1 1 
Delays: 0.0168898 0.0202138 0.0154872 0.0130824 0.0138157 0.0202546 0.0150972 0.0163679 0.0133543 0.00948436 0.0152261 0.0147144 0.011735 0.0161386 0.00952392 0.012199 0.0094441 0.0186377 0.0157496 0.0151187 0.0179803 0.0149558 0.0120698 0.0112661 0.0146755 0.0155891 0.014458 0.0183446 0.0185987 0.00750779 
Throughputs: 1.21242 1.11411 0.933888 1.08134 1.16326 1.1305 1.2288 1.26157 1.1305 1.1305 1.11411 1.04858 1.50733 1.09773 0.966656 1.2288 1.16326 1.2288 1.04858 0.884736 0.966656 1.03219 1.21242 1.06496 1.17965 1.31072 0.753664 1.09773 1.31072 1.21242 
Utility: 4.27366 4.00945 4.09934 4.41469 4.43318 4.02203 4.39929 4.34479 4.43858 4.78077 4.2928 4.26636 4.85552 4.21979 4.62004 4.61244 4.81359 4.18861 4.19837 4.06935 3.98457 4.23434 4.60967 4.54889 4.38679 4.43176 3.9537 4.09166 4.25524 5.08443 

--------------------------------------
Time: 28.5102
Split Ratios: 1 1 1 1 1 1 1 1 1 1 1 1 1 1 1 1 1 1 1 1 1 1 1 1 1 1 1 1 1 1 
Delays: 0.0169922 0.0197802 0.0153828 0.0131029 0.0135297 0.0200715 0.0151162 0.0157925 0.0134987 0.00939347 0.014348 0.0143127 0.0115171 0.0166004 0.00980738 0.0123509 0.00937473 0.0180809 0.0155177 0.0154923 0.0180697 0.0144318 0.0115746 0.0112914 0.0139657 0.0154056 0.014615 0.0187294 0.0185132 0.00756192 
Throughputs: 1.06496 1.04858 1.04858 1.06496 1.19603 0.933888 1.1305 1.2288 1.3271 0.950272 1.19603 1.08134 1.39264 1.08134 1.27795 1.21242 0.917504 1.03219 1.31072 1.19603 1.09773 1.26157 1.34349 1.16326 1.06496 1.19603 0.933888 1.09773 1.17965 1.26157 
Utility: 4.13794 3.97051 4.22194 4.39786 4.48188 3.84005 4.31464 4.35426 4.58816 4.61673 4.42316 4.32481 4.79512 4.17653 4.86988 4.58664 4.58364 4.04458 4.43635 4.34642 4.10676 4.47068 4.75421 4.63494 4.33409 4.35203 4.15731 4.0709 4.15449 5.11699 

--------------------------------------
Time: 29.0104
Split Ratios: 1 1 1 1 1 1 1 1 1 1 1 1 1 1 1 1 1 1 1 1 1 1 1 1 1 1 1 1 1 1 
Delays: 0.0169046 0.0208282 0.0153383 0.0131179 0.0134243 0.0219222 0.0151979 0.016514 0.0133851 0.00940054 0.0156802 0.0152907 0.0115658 0.0169609 0.00954923 0.0139302 0.00946665 0.019964 0.0153806 0.0152142 0.01912 0.0155809 0.011697 0.0112025 0.0157425 0.0153627 0.0153229 0.019255 0.0195584 0.00756128 
Throughputs: 1.11411 1.26157 0.851968 1.16326 1.14688 1.1305 1.11411 1.16326 1.03219 0.999424 1.11411 1.16326 1.34349 0.98304 1.14688 1.04858 1.2288 0.98304 1.2288 1.09773 0.851968 1.03219 1.47456 0.950272 1.49094 0.868352 1.11411 1.16326 1.27795 1.08134 
Utility: 4.18823 4.1038 4.0172 4.48501 4.44773 3.94291 4.29465 4.25478 4.3453 4.66641 4.26342 4.33174 4.75497 4.05974 4.78834 4.32113 4.86602 3.89672 4.38069 4.27877 3.79682 4.19339 4.83678 4.44061 4.5508 4.03465 4.28646 4.10121 4.17961 4.96292 

--------------------------------------
Time: 29.5104
Split Ratios: 1 1 1 1 1 1 1 1 1 1 1 1 1 1 1 1 1 1 1 1 1 1 1 1 1 1 1 1 1 1 
Delays: 0.0169266 0.0206476 0.0154982 0.0131518 0.0135096 0.0207771 0.0151322 0.0182089 0.0133045 0.00951596 0.0167005 0.0154747 0.0116689 0.0187132 0.00963845 0.0125784 0.00939348 0.0208903 0.0155567 0.0151102 0.0187109 0.0169821 0.0118583 0.0113256 0.0146741 0.0154941 0.0150952 0.0200539 0.0189851 0.00766974 
Throughputs: 0.933888 1.17965 1.21242 0.950272 1.01581 1.21242 1.08134 1.50733 1.17965 0.90112 1.09773 1.06496 1.27795 1.06496 1.16326 1.04858 1.19603 1.08134 1.21242 1.21242 1.08134 1.08134 1.26157 1.31072 1.04858 1.11411 0.90112 1.17965 1.24518 1.21242 
Utility: 4.01047 4.04537 4.35965 4.28019 4.32004 4.06652 4.26913 4.41618 4.48487 4.55067 4.18556 4.23148 4.69609 4.04146 4.79322 4.42321 4.84675 3.94667 4.35588 4.385 4.05685 4.1538 4.66709 4.75126 4.2691 4.27535 4.08926 4.07455 4.18338 5.06309 

--------------------------------------
Time: 30.0107
Split Ratios: 1 1 1 1 1 1 1 1 1 1 1 1 1 1 1 1 1 1 1 1 1 1 1 1 1 1 1 1 1 1 
Delays: 0.0169367 0.0206274 0.0152986 0.0131875 0.013317 0.0204935 0.0151069 0.0179657 0.0132742 0.00947078 0.0162577 0.0158189 0.0116736 0.0179299 0.00963772 0.0126173 0.00941001 0.0192443 0.0153032 0.01515 0.0187467 0.0156906 0.0115775 0.0112238 0.0150121 0.015194 0.0148383 0.0192828 0.0192324 0.00757796 
Throughputs: 1.08134 1.26157 1.09773 0.999424 0.835584 1.06496 1.21242 1.40902 0.999424 1.24518 1.42541 1.1305 1.57286 0.90112 1.16326 1.27795 1.37626 0.933888 1.11411 1.06496 0.999424 1.26157 1.14688 1.37626 1.03219 0.999424 1.14688 1.16326 1.35987 0.884736 
Utility: 4.15648 4.11349 4.27324 4.32791 4.13909 3.95058 4.38522 4.36219 4.32135 4.87883 4.47365 4.2692 4.90332 3.91717 4.7933 4.61794 4.98535 3.88214 4.28775 4.25269 3.97616 4.38705 4.59574 4.80909 4.23058 4.18628 4.34759 4.09977 4.25855 4.76005 

--------------------------------------
Time: 30.5109
Split Ratios: 1 1 1 1 1 1 1 1 1 1 1 1 1 1 1 1 1 1 1 1 1 1 1 1 1 1 1 1 1 1 
Delays: 0.0169349 0.0203142 0.0152195 0.0132024 0.0135022 0.0201033 0.015355 0.0165709 0.0134419 0.00950505 0.0146999 0.0143493 0.0113941 0.0164646 0.00976179 0.0122553 0.00939286 0.0186874 0.0151934 0.0154265 0.0185366 0.0148989 0.0115722 0.0112176 0.0148884 0.015291 0.0147228 0.0185947 0.0185442 0.00757615 
Throughputs: 1.01581 1.16326 0.786432 0.950272 1.01581 1.14688 1.44179 1.24518 0.933888 1.35987 1.24518 1.04858 1.17965 1.17965 1.21242 1.14688 0.950272 0.868352 1.17965 0.999424 0.950272 0.98304 1.14688 1.21242 0.884736 1.1305 1.2288 1.31072 1.26157 1.03219 
Utility: 4.09406 4.04767 3.94493 4.27635 4.32058 4.04391 4.5422 4.31939 4.24098 4.96332 4.4392 4.29148 4.63987 4.27176 4.82189 4.53884 4.6168 3.83875 4.35211 4.17109 3.937 4.18936 4.59619 4.68289 4.0847 4.30315 4.4244 4.25545 4.21995 4.91443 

--------------------------------------
Time: 31.0113
Split Ratios: 1 1 1 1 1 1 1 1 1 1 1 1 1 1 1 1 1 1 1 1 1 1 1 1 1 1 1 1 1 1 
Delays: 0.0169231 0.0199769 0.0153524 0.0130592 0.0134767 0.0207882 0.0152156 0.0172527 0.0133814 0.00945453 0.0155913 0.0152156 0.0113909 0.0164667 0.00979415 0.0126541 0.00943347 0.0186781 0.0154179 0.0152323 0.0186856 0.015207 0.0115458 0.0111883 0.0146601 0.015477 0.0149298 0.0191871 0.0187292 0.00752177 
Throughputs: 1.21242 0.917504 0.966656 1.03219 1.26157 1.26157 1.17965 1.21242 1.06496 1.1305 1.27795 0.98304 1.26157 1.06496 1.26157 1.19603 1.1305 1.24518 1.3271 0.802816 1.06496 1.11411 1.14688 0.98304 1.31072 1.03219 1.1305 1.26157 1.03219 1.03219 
Utility: 4.27169 3.82708 4.14257 4.36995 4.53915 4.10572 4.35065 4.2524 4.37683 4.78392 4.4063 4.16833 4.7073 4.16935 4.85833 4.54878 4.78615 4.19968 4.45523 3.96471 4.04294 4.29406 4.59848 4.47578 4.4932 4.20008 4.32706 4.18587 4.00936 4.92164 

--------------------------------------
Time: 31.5115
Split Ratios: 1 1 1 1 1 1 1 1 1 1 1 1 1 1 1 1 1 1 1 1 1 1 1 1 1 1 1 1 1 1 
Delays: 0.0170625 0.0211323 0.0155416 0.0131161 0.013577 0.0209863 0.0152833 0.0162121 0.0134381 0.00954158 0.0141014 0.0141726 0.0118084 0.0163956 0.00982579 0.0129776 0.00959021 0.0185924 0.0156724 0.0152545 0.0189533 0.0144768 0.0118461 0.0113094 0.0150998 0.0155673 0.0151191 0.0183539 0.0191878 0.00762225 
Throughputs: 0.999424 1.29434 0.966656 1.17965 1.16326 1.08134 0.884736 1.39264 1.37626 1.2288 1.09773 1.04858 1.2288 1.04858 1.21242 1.24518 1.16326 1.34349 1.67117 1.29434 0.950272 1.01581 1.24518 1.3271 1.27795 1.1305 1.03219 1.08134 1.26157 0.98304 
Utility: 4.07029 4.11495 4.13032 4.49913 4.45061 3.94209 4.05853 4.4532 4.62903 4.85813 4.35472 4.30388 4.64498 4.15818 4.81536 4.56381 4.79824 4.28027 4.66938 4.44088 3.91477 4.2509 4.65504 4.76512 4.43833 4.28524 4.22348 4.07612 4.18584 4.85958 

--------------------------------------
Time: 32.0115
Split Ratios: 1 1 1 1 1 1 1 1 1 1 1 1 1 1 1 1 1 1 1 1 1 1 1 1 1 1 1 1 1 1 
Delays: 0.0168204 0.0200985 0.0153122 0.0130999 0.0136984 0.0205163 0.0153882 0.01667 0.0134888 0.00944434 0.0150941 0.0151216 0.0115171 0.016739 0.0099309 0.012372 0.00945612 0.0187759 0.0156058 0.0151971 0.0181438 0.0151401 0.0116467 0.0113954 0.0143022 0.0153654 0.0149061 0.0194064 0.0185187 0.00752506 
Throughputs: 0.851968 1.09773 1.06496 1.06496 1.08134 1.24518 1.17965 1.1305 0.966656 1.17965 1.24518 1.14688 1.14688 1.01581 1.04858 1.09773 1.2288 1.08134 1.24518 1.16326 1.06496 1.16326 1.34349 1.3271 1.21242 0.98304 1.01581 1.09773 1.01581 1.14688 
Utility: 3.92495 4.00035 4.24204 4.39808 4.36868 4.10582 4.33937 4.2168 4.27199 4.82756 4.41274 4.32867 4.60097 4.1057 4.65954 4.48556 4.86713 4.05339 4.3794 4.33788 4.07237 4.34164 4.748 4.75754 4.43996 4.15853 4.22167 4.03539 4.00466 5.02656 

--------------------------------------
Time: 32.5117
Split Ratios: 1 1 1 1 1 1 1 1 1 1 1 1 1 1 1 1 1 1 1 1 1 1 1 1 1 1 1 1 1 1 
Delays: 0.0168474 0.019889 0.0153891 0.0131321 0.0135407 0.0198802 0.0152168 0.0159584 0.0135499 0.00957387 0.0144721 0.0144026 0.0115943 0.0160701 0.00972387 0.0126537 0.00953543 0.0187256 0.0153752 0.0152373 0.0181741 0.0146684 0.0116984 0.0111831 0.014003 0.0154177 0.0143796 0.0187867 0.0183774 0.00755376 
Throughputs: 0.966656 1.31072 1.03219 1.08134 1.31072 1.03219 1.17965 1.21242 1.3271 1.1305 1.09773 0.966656 1.17965 1.21242 1.19603 1.16326 1.37626 1.01581 1.35987 1.16326 1.06496 0.933888 1.08134 0.90112 1.11411 1.16326 1.1305 0.999424 1.2288 0.884736 
Utility: 4.04964 4.18816 4.20578 4.4109 4.57263 3.94971 4.35057 4.33038 4.58437 4.77137 4.32877 4.20643 4.62246 4.32341 4.81218 4.52104 4.97211 3.99355 4.48239 4.33524 4.0707 4.15366 4.52651 4.38924 4.37654 4.32347 4.3646 3.97403 4.20267 4.76324 

--------------------------------------
Time: 33.0118
Split Ratios: 1 1 1 1 1 1 1 1 1 1 1 1 1 1 1 1 1 1 1 1 1 1 1 1 1 1 1 1 1 1 
Delays: 0.016967 0.0200489 0.0154355 0.0130759 0.0135204 0.0200445 0.0151474 0.0163103 0.0135178 0.00949567 0.0146912 0.0143144 0.0114167 0.0162785 0.00968332 0.0123696 0.00938168 0.0184582 0.0154065 0.0154122 0.0182352 0.0148029 0.0118168 0.0113492 0.0144533 0.0156431 0.0144172 0.0187342 0.0183256 0.00758765 
Throughputs: 1.29434 1.09773 1.17965 0.98304 1.3271 1.24518 1.1305 1.01581 1.35987 1.1305 1.2288 0.999424 1.14688 0.98304 1.60563 1.1305 1.17965 1.42541 1.34349 1.04858 0.884736 1.01581 1.29434 1.3271 1.2288 1.01581 0.851968 1.08134 1.31072 1.08134 
Utility: 4.33448 4.00282 4.3363 4.31988 4.58655 4.12909 4.31258 4.13164 4.61114 4.77958 4.42654 4.24592 4.60972 4.1008 5.11087 4.51517 4.83421 4.34671 4.46823 4.22003 3.88194 4.22861 4.69623 4.76161 4.44287 4.17341 4.07913 4.05561 4.27003 4.95944 

--------------------------------------
Time: 33.512
Split Ratios: 1 1 1 1 1 1 1 1 1 1 1 1 1 1 1 1 1 1 1 1 1 1 1 1 1 1 1 1 1 1 
Delays: 0.0168915 0.0207864 0.0153619 0.013229 0.0133977 0.0209731 0.0152645 0.016417 0.0133543 0.00941803 0.014457 0.0148378 0.0115088 0.0163868 0.00974086 0.0134984 0.00954025 0.0185235 0.0152985 0.0153269 0.0185114 0.0146678 0.0116526 0.0111845 0.0153307 0.0152336 0.0154663 0.0187255 0.0196046 0.00761996 
Throughputs: 1.11411 1.27795 1.09773 1.09773 1.2288 1.24518 1.14688 1.17965 1.03219 1.3271 1.11411 1.14688 1.21242 1.37626 1.16326 1.08134 1.49094 0.98304 1.34349 1.04858 1.16326 0.851968 1.31072 1.08134 1.26157 1.09773 1.09773 1.31072 1.29434 1.04858 
Utility: 4.189 4.11871 4.26911 4.41859 4.51871 4.0838 4.31927 4.27466 4.3476 4.94813 4.34463 4.34762 4.65726 4.43065 4.78266 4.38339 5.05165 3.97161 4.47527 4.22558 4.1406 4.0619 4.72281 4.57143 4.41026 4.27749 4.26233 4.24845 4.18999 4.92442 

--------------------------------------
Time: 34.0122
Split Ratios: 1 1 1 1 1 1 1 1 1 1 1 1 1 1 1 1 1 1 1 1 1 1 1 1 1 1 1 1 1 1 
Delays: 0.0169329 0.0203825 0.0154712 0.0133259 0.0135076 0.020375 0.0151677 0.0161418 0.0133683 0.00952658 0.0142091 0.0139346 0.011706 0.0156956 0.00959804 0.012567 0.00942805 0.0177487 0.0154545 0.015119 0.0184869 0.0142418 0.0115532 0.011201 0.0144723 0.0154908 0.0146695 0.0178869 0.0188718 0.00759702 
Throughputs: 1.19603 1.39264 0.999424 1.3271 0.950272 1.08134 1.14688 1.34349 1.08134 1.44179 1.17965 1.08134 1.29434 1.06496 1.14688 1.03219 1.45818 1.08134 1.04858 1.11411 0.98304 0.851968 1.27795 1.16326 1.3271 0.966656 0.933888 0.868352 1.40902 1.06496 
Utility: 4.25751 4.22428 4.1682 4.60104 4.2535 3.97165 4.32564 4.42161 4.39307 5.01956 4.41909 4.35159 4.70565 4.21731 4.78324 4.40837 5.04125 4.10965 4.21729 4.29986 3.97359 4.09137 4.70605 4.64298 4.51852 4.1336 4.15359 3.88253 4.31298 4.94294 

--------------------------------------
Time: 34.5124
Split Ratios: 1 1 1 1 1 1 1 1 1 1 1 1 1 1 1 1 1 1 1 1 1 1 1 1 1 1 1 1 1 1 
Delays: 0.0168814 0.0206632 0.015634 0.0131951 0.0136923 0.0201207 0.0152195 0.0172518 0.0133055 0.0095157 0.0150997 0.0148317 0.0115491 0.0172468 0.0097224 0.0126221 0.00940375 0.0188118 0.0154965 0.0152196 0.0184672 0.015332 0.0117201 0.0112557 0.0149781 0.0155189 0.0149394 0.0188762 0.0185474 0.00756172 
Throughputs: 1.14688 1.08134 1.19603 1.39264 0.90112 0.999424 1.17965 1.14688 1.17965 1.17965 1.14688 1.19603 1.04858 1.45818 1.08134 1.04858 1.11411 1.16326 1.19603 1.1305 1.11411 1.21242 1.29434 1.11411 1.34349 1.09773 1.19603 1.14688 1.11411 1.21242 
Utility: 4.21859 3.95761 4.33732 4.65911 4.18681 3.90543 4.35039 4.19688 4.4848 4.82003 4.33012 4.39 4.50858 4.43732 4.71153 4.41974 4.7747 4.1245 4.34615 4.30783 4.09982 4.37043 4.70445 4.59493 4.49644 4.25894 4.38276 4.1069 4.09548 5.07727 

--------------------------------------
Time: 35.0125
Split Ratios: 1 1 1 1 1 1 1 1 1 1 1 1 1 1 1 1 1 1 1 1 1 1 1 1 1 1 1 1 1 1 
Delays: 0.0169439 0.0200903 0.0155516 0.0132403 0.0135227 0.0201509 0.0151549 0.0161157 0.013437 0.00947157 0.0147892 0.0142019 0.0114787 0.0158383 0.00968855 0.0122808 0.00930519 0.0180414 0.0153119 0.0151925 0.018031 0.0143461 0.0118494 0.0112217 0.0146021 0.015459 0.0146086 0.0186719 0.0184799 0.00763957 
Throughputs: 1.35987 1.01581 0.999424 0.950272 0.966656 1.11411 1.1305 1.19603 1.29434 1.27795 1.29434 1.1305 1.11411 1.21242 1.26157 1.14688 0.90112 1.1305 1.34349 1.11411 0.917504 1.34349 1.06496 1.47456 1.21242 1.01581 1.03219 0.966656 1.11411 0.999424 
Utility: 4.38524 3.9232 4.16301 4.27348 4.26947 4.01256 4.31209 4.30697 4.56774 4.90472 4.47186 4.37704 4.57532 4.33794 4.86917 4.53676 4.57307 4.13774 4.47439 4.29501 3.92957 4.53955 4.49841 4.87827 4.41921 4.18525 4.25783 3.94683 4.09913 4.87384 

--------------------------------------
Time: 35.5126
Split Ratios: 1 1 1 1 1 1 1 1 1 1 1 1 1 1 1 1 1 1 1 1 1 1 1 1 1 1 1 1 1 1 
Delays: 0.0169289 0.0207968 0.0151258 0.0131789 0.013295 0.0204892 0.0152575 0.0168406 0.0132723 0.00938143 0.0150818 0.0145052 0.0114694 0.0163535 0.00962631 0.0132895 0.0093546 0.0185787 0.0151606 0.0152113 0.0184962 0.0148643 0.0114599 0.0113312 0.0149495 0.0152939 0.0151854 0.0185955 0.0189488 0.00765132 
Throughputs: 1.29434 0.950272 1.17965 1.08134 1.11411 1.31072 1.2288 1.08134 0.950272 1.16326 1.35987 1.01581 1.1305 1.01581 1.1305 1.16326 1.03219 1.06496 0.950272 0.966656 0.90112 1.34349 1.06496 1.16326 1.21242 0.851968 0.933888 0.966656 1.16326 1.04858 
Utility: 4.33673 3.82195 4.35657 4.40735 4.42842 4.15844 4.38872 4.16217 4.27107 4.82025 4.50166 4.24893 4.59073 4.129 4.76591 4.47201 4.70357 4.04868 4.13805 4.1518 3.88608 4.50406 4.53183 4.63142 4.39569 4.0201 4.11902 3.95092 4.11724 4.92031 

--------------------------------------
Time: 36.0126
Split Ratios: 1 1 1 1 1 1 1 1 1 1 1 1 1 1 1 1 1 1 1 1 1 1 1 1 1 1 1 1 1 1 
Delays: 0.0170784 0.0205975 0.0153282 0.0131658 0.0133684 0.0207888 0.0152528 0.0160878 0.0133237 0.00951844 0.0145045 0.0143625 0.0114992 0.0161708 0.0096266 0.0126502 0.00953541 0.0181861 0.0153093 0.0152853 0.0184857 0.0145031 0.011552 0.0112398 0.0149005 0.0151977 0.0144013 0.0180828 0.0186759 0.0076562 
Throughputs: 1.42541 1.09773 0.933888 1.06496 1.06496 1.1305 1.24518 1.1305 1.04858 1.21242 1.17965 0.933888 1.14688 1.11411 1.04858 0.966656 1.17965 1.17965 1.11411 0.950272 1.11411 1.09773 1.26157 1.16326 1.24518 0.950272 0.966656 1.2288 1.08134 1.1305 
Utility: 4.4244 3.97583 4.10966 4.39307 4.3778 3.996 4.40228 4.25235 4.36564 4.84714 4.39851 4.17474 4.60253 4.23261 4.69066 4.33617 4.81796 4.17231 4.28735 4.12986 4.09881 4.32663 4.69325 4.63953 4.42564 4.13561 4.20653 4.21883 4.05873 4.9949 

