--------------------------------------
Time: 5.50018
Split Ratios: 1 1 1 1 1 1 1 1 1 1 1 1 1 1 1 1 1 1 1 1 1 1 1 1 1 1 1 1 1 1 
Delays: 0.00990295 0.011332 0.0151141 0.0114687 0.0225874 0.0230117 0.00929013 0.0215944 0.01949 0.0118215 0.0149509 0.00944017 0.0226036 0.0112889 0.0114987 0.00940813 0.00968735 0.0117874 0.0150234 0.0130812 0.0237717 0.00762754 0.0121239 0.0193296 0.0228888 0.022621 0.0209662 0.0176852 0.005898 0.0231254 
Throughputs: 1.49094 1.50733 1.5401 1.42541 1.57286 1.49094 1.67117 1.67117 1.49094 1.78586 1.27795 1.49094 1.44179 1.5401 1.91693 1.49094 1.88416 1.34349 1.52371 1.57286 1.50733 1.49094 1.86778 1.31072 1.19603 1.42541 1.6384 1.34349 1.49094 1.57286 
Utility: 5.01433 4.89046 4.62397 4.82259 4.24326 4.17116 5.19233 4.34884 4.33726 5.01773 4.44824 5.06219 4.15553 4.91578 5.11625 5.06559 5.27042 4.736 4.6193 4.78948 4.1496 5.2754 5.03732 4.2167 3.95612 4.14333 4.35856 4.3303 5.53255 4.21972 

--------------------------------------
Time: 6.00075
Split Ratios: 1 1 1 1 1 1 1 1 1 1 1 1 1 1 1 1 1 1 1 1 1 1 1 1 1 1 1 1 1 1 
Delays: 0.00998597 0.0115096 0.0157645 0.0115018 0.0266203 0.0266479 0.00932354 0.023986 0.0224702 0.0116828 0.0170629 0.00940201 0.0228497 0.0114927 0.0114504 0.0094245 0.00955709 0.0120534 0.0150862 0.0130615 0.0256965 0.00759924 0.0119907 0.0223971 0.0240663 0.0256534 0.0240987 0.0207147 0.00577945 0.0271814 
Throughputs: 1.78586 1.09773 1.52371 1.60563 1.57286 1.55648 1.80224 1.58925 1.42541 1.50733 1.39264 1.60563 1.68755 1.57286 1.70394 1.62202 1.7367 1.52371 1.65478 1.19603 1.39264 1.50733 1.6384 1.55648 1.42541 1.65478 1.65478 1.57286 1.9497 1.81862 
Utility: 5.18647 4.55782 4.57114 4.93877 4.07898 4.06747 5.26424 4.19355 4.15002 4.85998 4.40205 5.14035 4.3021 4.91894 5.00267 5.14811 5.20246 4.83956 4.69764 4.5171 3.9926 5.29005 4.91734 4.24125 4.0814 4.16675 4.22927 4.32981 5.82112 4.2033 

--------------------------------------
Time: 6.50095
Split Ratios: 1 1 1 1 1 1 1 1 1 1 1 1 1 1 1 1 1 1 1 1 1 1 1 1 1 1 1 1 1 1 
Delays: 0.00978109 0.0115084 0.0151538 0.011589 0.0334216 0.0330585 0.00932947 0.0305811 0.0204613 0.0118191 0.0163785 0.00939825 0.0227013 0.0113885 0.0112546 0.00938581 0.00945204 0.0117956 0.0150154 0.0130332 0.0346633 0.00774038 0.0121068 0.0286599 0.0238188 0.0234166 0.0217655 0.0190329 0.00589193 0.034077 
Throughputs: 1.39264 1.68755 1.68755 1.50733 1.50733 1.68755 1.67117 1.68755 1.76947 1.68755 1.65478 1.47456 1.5401 1.50733 1.6384 1.50733 1.45818 1.45818 1.65478 1.26157 1.42541 1.52371 1.90054 1.75309 1.44179 1.50733 1.47456 1.45818 1.98246 1.49094 
Utility: 4.95851 4.98795 4.71279 4.86803 3.80889 3.93276 5.1881 4.01065 4.4599 4.96132 4.61546 5.05559 4.21718 4.88549 4.9807 5.07889 5.03871 4.81721 4.70235 4.57261 3.71653 5.28245 5.05612 4.11363 4.10317 4.16465 4.21579 4.33877 5.81851 3.77854 

--------------------------------------
Time: 7.00102
Split Ratios: 1 1 1 1 1 1 1 1 1 1 1 1 1 1 1 1 1 1 1 1 1 1 1 1 1 1 1 1 1 1 
Delays: 0.00969842 0.0114958 0.0155498 0.0116033 0.0225141 0.0222297 0.00925053 0.0207597 0.0196267 0.0119523 0.0154786 0.00932159 0.0231734 0.0112975 0.0113334 0.00939898 0.00964899 0.0124498 0.015109 0.0130427 0.0221691 0.00766477 0.0117542 0.0181508 0.0230112 0.023137 0.0216751 0.0185162 0.00574221 0.0226119 
Throughputs: 1.44179 1.40902 1.50733 1.70394 1.55648 1.37626 1.57286 1.90054 1.49094 1.5401 1.3271 1.42541 1.76947 1.65478 1.76947 1.52371 1.65478 1.78586 1.62202 1.44179 1.24518 1.42541 1.39264 1.6384 1.62202 1.60563 1.27795 1.50733 1.49094 1.47456 
Utility: 5.00168 4.80867 4.57405 4.9894 4.23604 4.12569 5.13597 4.51688 4.33028 4.85867 4.4513 5.02988 4.33543 4.98685 5.05069 5.0883 5.14457 4.96595 4.67614 4.70542 4.02834 5.22558 4.77475 4.50276 4.25544 4.23984 4.07685 4.39945 5.55932 4.17764 

--------------------------------------
Time: 7.50126
Split Ratios: 1 1 1 1 1 1 1 1 1 1 1 1 1 1 1 1 1 1 1 1 1 1 1 1 1 1 1 1 1 1 
Delays: 0.0100765 0.0113143 0.0159046 0.0115401 0.020436 0.0203665 0.00931034 0.0186587 0.0247037 0.0116575 0.0195485 0.00937383 0.0231253 0.0113406 0.0113059 0.00943062 0.00967239 0.0119499 0.0150796 0.0129955 0.0206759 0.00770131 0.0118554 0.0166586 0.0275467 0.0276303 0.0257766 0.0223777 0.0057498 0.0212867 
Throughputs: 1.78586 1.35987 1.58925 1.6384 1.42541 1.49094 1.62202 1.47456 1.60563 1.65478 1.6384 1.80224 1.58925 1.52371 1.72032 1.76947 1.49094 1.67117 1.45818 1.35987 1.40902 1.86778 1.5401 1.70394 1.45818 1.72032 1.7367 1.42541 1.57286 1.76947 
Utility: 5.17745 4.78908 4.60441 4.95565 4.24492 4.29328 5.1603 4.3698 4.17432 4.95548 4.42858 5.25886 4.23009 4.90052 5.02494 5.23447 5.03789 4.94055 4.5716 4.65054 4.22168 5.49111 4.86682 4.62777 3.96906 4.13135 4.21028 4.15415 5.61149 4.42035 

--------------------------------------
Time: 8.00128
Split Ratios: 1 1 1 1 1 1 1 1 1 1 1 1 1 1 1 1 1 1 1 1 1 1 1 1 1 1 1 1 1 1 
Delays: 0.00980224 0.0114554 0.015709 0.0115696 0.018706 0.0188636 0.00930584 0.017168 0.0335576 0.0116365 0.0275748 0.00951515 0.0228333 0.0112811 0.0113095 0.00940009 0.00950001 0.0119639 0.0151027 0.0131353 0.0194594 0.00755893 0.0120294 0.0150809 0.036999 0.035938 0.0358097 0.0312541 0.0058571 0.0191398 
Throughputs: 1.50733 1.34349 1.68755 1.5401 1.27795 1.57286 1.68755 1.44179 1.47456 1.55648 1.6384 1.62202 1.58925 1.60563 1.62202 1.52371 1.24518 1.58925 1.57286 1.37626 1.27795 1.52371 1.70394 1.55648 1.3271 1.60563 1.68755 1.58925 1.65478 1.75309 
Utility: 5.03548 4.76456 4.6768 4.89122 4.22417 4.42342 5.20039 4.43059 3.78285 4.89603 4.08457 5.13854 4.2428 4.95815 4.96578 5.08819 4.87575 4.88912 4.64578 4.65182 4.18468 5.30617 4.95334 4.63675 3.57986 3.79948 3.85281 3.92886 5.64377 4.51736 

--------------------------------------
Time: 8.50212
Split Ratios: 1 1 1 1 1 1 1 1 1 1 1 1 1 1 1 1 1 1 1 1 1 1 1 1 1 1 1 1 1 1 
Delays: 0.0101904 0.0113077 0.015661 0.0114533 0.0292442 0.0283151 0.00933961 0.0278876 0.0208538 0.0117482 0.0169252 0.00953085 0.0236589 0.0113509 0.0115474 0.00940263 0.00950359 0.0121143 0.0150501 0.0130233 0.0290967 0.00769179 0.012424 0.0256396 0.0257576 0.025299 0.0238278 0.0195293 0.00589113 0.0295672 
Throughputs: 1.55648 1.24518 1.50733 1.55648 1.78586 1.5401 1.65478 1.78586 1.37626 1.62202 1.52371 1.39264 1.75309 1.42541 1.70394 1.49094 1.72032 1.81862 1.49094 1.34349 1.60563 1.67117 1.86778 1.31072 1.40902 1.72032 1.60563 1.37626 1.57286 1.60563 
Utility: 5.02874 4.70155 4.56692 4.91191 4.11197 3.9962 5.17716 4.15947 4.18958 4.92772 4.5001 4.98442 4.3054 4.83292 4.99423 5.06618 5.1986 5.01145 4.59578 4.63628 4.01065 5.38112 5.01287 3.93419 4.00192 4.2195 4.21042 4.25521 5.58721 3.99461 

--------------------------------------
Time: 9.00229
Split Ratios: 1 1 1 1 1 1 1 1 1 1 1 1 1 1 1 1 1 1 1 1 1 1 1 1 1 1 1 1 1 1 
Delays: 0.0100228 0.0112905 0.0152323 0.0116101 0.0415919 0.0421667 0.00931587 0.0397456 0.0249385 0.0115778 0.0191596 0.00955434 0.0229123 0.0113051 0.0112959 0.00938303 0.00950762 0.0120586 0.0149947 0.0130809 0.0426098 0.00774479 0.012128 0.0382891 0.0277191 0.0279538 0.0266049 0.0220064 0.00599261 0.0425761 
Throughputs: 1.68755 1.31072 1.52371 1.50733 1.75309 1.47456 1.90054 1.50733 1.75309 1.70394 1.37626 1.57286 1.57286 1.57286 1.39264 1.40902 1.57286 1.42541 1.55648 1.27795 1.76947 1.81862 1.45818 1.62202 1.6384 1.80224 1.62202 1.3271 1.81862 1.6384 
Utility: 5.12618 4.75437 4.60549 4.86622 3.74123 3.55448 5.31818 3.63559 4.25272 4.99161 4.27432 5.10366 4.22898 4.9354 4.81452 5.01175 5.10856 4.77243 4.64249 4.58186 3.72635 5.45882 4.78942 3.74626 4.07935 4.16623 4.11033 4.09942 5.71531 3.65018 

--------------------------------------
Time: 9.5023
Split Ratios: 1 1 1 1 1 1 1 1 1 1 1 1 1 1 1 1 1 1 1 1 1 1 1 1 1 1 1 1 1 1 
Delays: 0.0101599 0.0113285 0.0150736 0.0115632 0.0547157 0.053139 0.00930982 0.0529177 0.0213727 0.0116095 0.0165024 0.00946885 0.0226593 0.0115727 0.0113776 0.00951862 0.0095922 0.012003 0.0150131 0.0130457 0.0554871 0.00762513 0.0118439 0.0501353 0.0244931 0.0235304 0.0225513 0.019621 0.00580101 0.0539354 
Throughputs: 1.6384 1.24518 1.81862 1.68755 1.80224 1.55648 1.5401 1.57286 1.86778 1.57286 1.7367 1.78586 1.52371 1.6384 1.83501 1.80224 1.45818 1.67117 1.62202 1.62202 1.44179 1.45818 1.45818 1.65478 1.49094 1.44179 1.62202 1.27795 1.65478 1.70394 
Utility: 5.08303 4.69971 4.79289 4.98321 3.49464 3.37727 5.10853 3.39192 4.47039 4.90883 4.65624 5.23965 4.20834 4.95283 5.08316 5.24354 5.02399 4.93612 4.6825 4.82297 3.25749 5.25349 4.81312 3.4967 4.10877 4.11535 4.27563 4.17641 5.65339 3.45291 

--------------------------------------
Time: 10.0023
Split Ratios: 1 1 1 1 1 1 1 1 1 1 1 1 1 1 1 1 1 1 1 1 1 1 1 1 1 1 1 1 1 1 
Delays: 0.00997773 0.011624 0.0158744 0.0117082 0.0427375 0.0448196 0.00927374 0.0415917 0.0223115 0.0119739 0.016753 0.00941686 0.0241806 0.0116194 0.0114664 0.00950721 0.00956658 0.0122909 0.015026 0.0130749 0.0464317 0.00780279 0.0119051 0.0395894 0.0250295 0.0257011 0.0230158 0.0198976 0.00586617 0.0444954 
Throughputs: 1.96608 1.44179 1.76947 1.57286 1.76947 1.86778 1.29434 1.52371 1.42541 1.76947 1.67117 1.49094 1.88416 1.55648 1.67117 1.26157 1.6384 1.70394 1.7367 1.29434 1.50733 1.85139 1.80224 1.65478 1.55648 1.5401 1.47456 1.57286 1.60563 1.39264 
Utility: 5.28344 4.82057 4.71373 4.90036 3.72336 3.72986 4.93857 3.601 4.15711 4.9957 4.6027 5.06466 4.35569 4.8975 4.98185 4.88806 5.1432 4.93183 4.74996 4.59506 3.48011 5.46921 5.01982 3.73286 4.13013 4.09307 4.15994 4.37006 5.61207 3.44357 

--------------------------------------
Time: 10.5023
Split Ratios: 1 1 1 1 1 1 1 1 1 1 1 1 1 1 1 1 1 1 1 1 1 1 1 1 1 1 1 1 1 1 
Delays: 0.00998135 0.0113151 0.0153254 0.0114512 0.021558 0.021529 0.00931616 0.0204904 0.0213889 0.0117132 0.0165957 0.00945923 0.0226461 0.0114314 0.0114368 0.00944608 0.0095056 0.0119479 0.0150592 0.0131067 0.0220666 0.00757664 0.0122837 0.017638 0.0245478 0.0237423 0.0223704 0.0195424 0.0059043 0.0221341 
Throughputs: 1.68755 1.44179 1.67117 1.40902 1.58925 1.45818 1.62202 1.62202 1.49094 1.7367 1.29434 1.52371 1.2288 1.44179 1.5401 1.40902 1.40902 1.70394 1.60563 1.60563 1.72032 1.5401 1.75309 1.40902 1.57286 1.3271 1.80224 1.45818 1.76947 1.68755 
Utility: 5.13032 4.8475 4.69177 4.81256 4.30027 4.21554 5.15967 4.37147 4.24429 4.99903 4.35661 5.08191 3.99381 4.83728 4.90277 5.00505 4.99877 4.96014 4.66929 4.80815 4.3562 5.31453 4.96086 4.3806 4.16003 4.02349 4.38905 4.31235 5.70276 4.33392 

--------------------------------------
Time: 11.0026
Split Ratios: 1 1 1 1 1 1 1 1 1 1 1 1 1 1 1 1 1 1 1 1 1 1 1 1 1 1 1 1 1 1 
Delays: 0.00981202 0.0113916 0.0149306 0.0115025 0.0311792 0.0308755 0.00930902 0.0285673 0.0188618 0.0115446 0.0144718 0.00934221 0.022693 0.0112816 0.0113213 0.00939312 0.00949428 0.0119392 0.0150571 0.0130134 0.0308704 0.00766816 0.0120328 0.0276095 0.0215057 0.0217958 0.0199807 0.0169712 0.00570488 0.0326146 
Throughputs: 1.72032 1.50733 1.75309 1.49094 1.80224 1.70394 1.29434 1.55648 1.19603 1.47456 1.45818 1.6384 1.68755 1.55648 1.52371 1.34349 1.27795 1.39264 1.47456 1.19603 1.47456 1.57286 1.6384 1.45818 1.44179 1.50733 1.44179 1.24518 1.27795 1.6384 
Utility: 5.16666 4.88522 4.76572 4.8646 4.05703 4.01073 4.93477 3.99792 4.14963 4.84989 4.61274 5.16693 4.30898 4.92701 4.90222 4.96305 4.90232 4.75913 4.58426 4.52078 3.86632 5.32358 4.91384 3.96678 4.20532 4.23638 4.27887 4.29552 5.41169 3.91671 

--------------------------------------
Time: 11.5027
Split Ratios: 1 1 1 1 1 1 1 1 1 1 1 1 1 1 1 1 1 1 1 1 1 1 1 1 1 1 1 1 1 1 
Delays: 0.00985796 0.0115382 0.0146413 0.0116921 0.0617304 0.0629736 0.00935232 0.0606713 0.0227425 0.0116869 0.0178369 0.00947618 0.0221507 0.0114192 0.0112827 0.00938496 0.00945211 0.011877 0.0151493 0.0130894 0.0621557 0.00780659 0.0119826 0.0587667 0.0251813 0.0249145 0.0237529 0.0204275 0.00583206 0.0632743 
Throughputs: 1.58925 1.65478 1.72032 1.80224 1.65478 1.58925 1.58925 1.67117 1.37626 1.44179 1.75309 1.80224 1.57286 1.42541 1.31072 1.78586 1.78586 1.50733 1.6384 1.5401 1.42541 1.76947 1.60563 1.80224 1.55648 1.47456 1.72032 1.62202 1.5401 1.60563 
Utility: 5.08274 4.96576 4.76642 5.03787 3.28865 3.2283 5.13539 3.31581 4.10289 4.81517 4.58786 5.248 4.26278 4.82692 4.75506 5.24854 5.24142 4.84349 4.68352 4.76779 3.13257 5.42347 4.89782 3.42321 4.12408 4.08067 4.28256 4.37454 5.57623 3.23379 

--------------------------------------
Time: 12.0027
Split Ratios: 1 1 1 1 1 1 1 1 1 1 1 1 1 1 1 1 1 1 1 1 1 1 1 1 1 1 1 1 1 1 
Delays: 0.00997605 0.0113679 0.016581 0.0116691 0.063192 0.0634856 0.0092579 0.061655 0.021538 0.0115464 0.016502 0.00941291 0.0242844 0.0114393 0.0113363 0.00937647 0.00953622 0.0117912 0.0149787 0.0131068 0.0636913 0.0076934 0.0121073 0.0600667 0.0274764 0.0273934 0.0244351 0.0210705 0.00584334 0.0638678 
Throughputs: 1.6384 1.2288 1.68755 1.52371 1.90054 1.80224 1.65478 1.86778 1.5401 1.57286 1.50733 1.67117 1.6384 1.52371 1.35987 1.70394 1.83501 1.39264 1.45818 1.52371 1.3271 1.50733 1.52371 1.2288 1.42541 1.65478 1.5401 1.39264 1.78586 1.58925 
Utility: 5.10129 4.683 4.62278 4.87196 3.40372 3.34597 5.18595 3.41095 4.26978 4.91428 4.51461 5.1792 4.21164 4.89185 4.78713 5.20249 5.25971 4.7716 4.57831 4.75577 3.03671 5.27773 4.8351 3.01834 3.94889 4.10112 4.14358 4.19108 5.72235 3.2142 

--------------------------------------
Time: 12.5031
Split Ratios: 1 1 1 1 1 1 1 1 1 1 1 1 1 1 1 1 1 1 1 1 1 1 1 1 1 1 1 1 1 1 
Delays: 0.0101299 0.0116729 0.0149707 0.0116701 0.0528062 0.0528135 0.00928998 0.0512432 0.034285 0.0118601 0.0289759 0.00945307 0.0227224 0.0114191 0.0114049 0.0093843 0.00954126 0.0119865 0.0149898 0.0130324 0.0535624 0.00770428 0.011881 0.0488024 0.0377391 0.038213 0.0362918 0.0336601 0.00583974 0.0520464 
Throughputs: 1.67117 1.44179 1.60563 1.65478 1.68755 1.40902 1.52371 1.7367 1.44179 1.5401 1.83501 1.7367 1.65478 1.5401 1.6384 1.60563 1.42541 1.40902 1.68755 1.49094 1.52371 1.70394 1.55648 1.47456 1.47456 2.048 1.49094 1.42541 1.81862 1.88416 
Utility: 5.10579 4.81637 4.67518 4.95439 3.46441 3.28389 5.09997 3.52316 3.73893 4.86642 4.14834 5.2134 4.28807 4.90431 4.96744 5.14223 5.00659 4.76687 4.72367 4.73973 3.34806 5.39892 4.87524 3.40834 3.66542 3.98144 3.71557 3.7459 5.74115 3.5891 

--------------------------------------
Time: 13.0034
Split Ratios: 1 1 1 1 1 1 1 1 1 1 1 1 1 1 1 1 1 1 1 1 1 1 1 1 1 1 1 1 1 1 
Delays: 0.00980073 0.0113805 0.0157284 0.0114837 0.0331942 0.0329902 0.00930762 0.0303856 0.0224904 0.0120703 0.0169956 0.00936294 0.0233512 0.0113238 0.011516 0.0094374 0.00948142 0.0124016 0.0150269 0.0130563 0.0324571 0.00774578 0.0119312 0.0288967 0.0255104 0.0262217 0.0245765 0.0209194 0.00585299 0.0325756 
Throughputs: 1.42541 1.37626 1.7367 1.88416 1.7367 1.67117 1.40902 1.5401 1.40902 1.6384 1.49094 1.55648 1.6384 1.5401 1.62202 1.55648 1.6384 1.60563 1.67117 1.39264 1.78586 1.62202 1.5401 1.52371 1.50733 1.72032 1.37626 1.70394 1.60563 1.45818 
Utility: 4.97976 4.79522 4.70427 5.10031 3.95737 3.92507 5.01982 3.92563 4.13756 4.91073 4.47421 5.11342 4.25083 4.91269 4.94769 5.1055 5.15214 4.86345 4.71144 4.66969 4.00773 5.34428 4.86044 3.96518 4.07901 4.18368 4.02533 4.40002 5.61432 3.80138 

--------------------------------------
Time: 13.5035
Split Ratios: 1 1 1 1 1 1 1 1 1 1 1 1 1 1 1 1 1 1 1 1 1 1 1 1 1 1 1 1 1 1 
Delays: 0.0102752 0.0114142 0.0158205 0.0114444 0.0237294 0.0231112 0.00928909 0.0216617 0.0223736 0.0119644 0.0165265 0.00935418 0.0233832 0.0113401 0.0114176 0.00938593 0.00955044 0.0119748 0.0150187 0.0130788 0.0235315 0.00758786 0.0121761 0.0197994 0.0261331 0.0258137 0.023801 0.0205928 0.00577187 0.0241074 
Throughputs: 1.45818 1.50733 1.62202 1.42541 1.70394 1.42541 1.45818 1.86778 1.6384 1.60563 1.34349 1.49094 1.86778 1.72032 1.65478 1.45818 1.58925 1.50733 1.62202 1.44179 1.81862 1.39264 1.67117 1.47456 1.44179 1.75309 1.57286 1.68755 1.55648 1.44179 
Utility: 4.95521 4.88323 4.63012 4.82471 4.27398 4.12189 5.0561 4.45696 4.29359 4.89934 4.39806 5.07134 4.38049 5.02192 4.97627 5.04573 5.11443 4.83529 4.68213 4.70265 4.3475 5.21241 4.9218 4.31046 4.01044 4.21823 4.19093 4.40609 5.59719 4.09112 

--------------------------------------
Time: 14.0037
Split Ratios: 1 1 1 1 1 1 1 1 1 1 1 1 1 1 1 1 1 1 1 1 1 1 1 1 1 1 1 1 1 1 
Delays: 0.0100039 0.0115094 0.0156856 0.0116392 0.0205579 0.0209939 0.00926701 0.0194756 0.0212555 0.0121022 0.0171586 0.00934559 0.0233932 0.0113967 0.0114207 0.00950872 0.00953919 0.0121056 0.0151205 0.0130856 0.0214559 0.00766915 0.0118049 0.016757 0.024849 0.0243792 0.0233109 0.0200261 0.00569807 0.0212955 
Throughputs: 1.7367 1.70394 1.6384 1.50733 1.50733 1.65478 1.68755 1.80224 1.42541 1.72032 1.45818 1.6384 1.96608 1.55648 1.68755 1.52371 1.65478 1.45818 1.72032 1.67117 1.60563 1.5401 1.57286 1.42541 1.65478 1.6384 1.65478 1.47456 1.72032 1.2288 
Utility: 5.15677 4.99753 4.64873 4.86372 4.29485 4.3672 5.20457 4.52762 4.2056 4.95688 4.44244 5.16657 4.43135 4.91686 4.99561 5.0767 5.15602 4.79127 4.73422 4.84977 4.31527 5.30239 4.89214 4.44339 4.19861 4.20774 4.2625 4.29908 5.71014 4.0553 

--------------------------------------
Time: 14.5037
Split Ratios: 1 1 1 1 1 1 1 1 1 1 1 1 1 1 1 1 1 1 1 1 1 1 1 1 1 1 1 1 1 1 
Delays: 0.00979671 0.011318 0.0152738 0.0114545 0.022328 0.0216381 0.00934122 0.0219084 0.0193705 0.0117895 0.0145558 0.00945463 0.0232502 0.0114521 0.0114448 0.00944638 0.00952721 0.0119295 0.0150321 0.01324 0.0219003 0.00766372 0.0121649 0.0179606 0.0226822 0.0229285 0.0201539 0.0173508 0.00591965 0.0229497 
Throughputs: 1.62202 1.50733 1.65478 1.70394 1.5401 1.62202 1.47456 1.72032 1.45818 1.68755 1.37626 1.81862 1.72032 1.6384 1.72032 1.49094 1.55648 1.60563 1.76947 1.93331 1.57286 1.60563 1.39264 1.27795 1.6384 1.45818 1.57286 1.24518 1.47456 1.72032 
Utility: 5.10938 4.8917 4.68529 5.00231 4.23376 4.31697 5.06168 4.3634 4.32119 4.96382 4.54913 5.25933 4.30395 4.9633 5.01273 5.06153 5.09603 4.90226 4.76825 4.98375 4.27415 5.34478 4.7404 4.26483 4.2799 4.15256 4.35726 4.2734 5.51784 4.31696 

--------------------------------------
Time: 15.0045
Split Ratios: 1 1 1 1 1 1 1 1 1 1 1 1 1 1 1 1 1 1 1 1 1 1 1 1 1 1 1 1 1 1 
Delays: 0.00980849 0.0114125 0.0155997 0.0114186 0.0198115 0.0198807 0.00929794 0.0188433 0.021759 0.0114693 0.017084 0.00942228 0.0231146 0.011496 0.0114714 0.00935736 0.00957005 0.011667 0.0149823 0.0131658 0.0204112 0.00763512 0.011959 0.0163197 0.0249944 0.0252267 0.0239544 0.0197653 0.00574714 0.0206108 
Throughputs: 1.6384 1.44179 1.60563 1.44179 1.57286 1.34349 1.6384 1.5401 1.37626 1.52371 1.57286 1.60563 1.50733 1.7367 1.58925 1.40902 1.35987 1.40902 1.42541 1.70394 1.40902 1.62202 1.68755 1.72032 1.6384 1.81862 1.57286 1.44179 1.65478 1.39264 
Utility: 5.11823 4.83893 4.63402 4.8384 4.37439 4.21328 5.17168 4.40344 4.1471 4.88923 4.52251 5.1382 4.17763 5.01774 4.93116 5.01449 4.95651 4.79389 4.55535 4.86307 4.23457 5.35867 4.94955 4.65789 4.18282 4.27793 4.1845 4.28971 5.66272 4.21314 

--------------------------------------
Time: 15.5047
Split Ratios: 1 1 1 1 1 1 1 1 1 1 1 1 1 1 1 1 1 1 1 1 1 1 1 1 1 1 1 1 1 1 
Delays: 0.00998764 0.0114679 0.0150991 0.0115236 0.0344072 0.0349774 0.00931888 0.0339027 0.0211839 0.0117395 0.0160816 0.00935653 0.0225341 0.0114009 0.0113236 0.00928517 0.00950003 0.0120595 0.015161 0.0130393 0.0352928 0.00756666 0.0119534 0.0298991 0.0235918 0.0241429 0.0220503 0.0184886 0.00573056 0.0351178 
Throughputs: 1.47456 1.6384 1.7367 1.29434 1.67117 1.88416 1.93331 1.5401 1.40902 1.72032 1.57286 1.42541 1.45818 1.50733 1.76947 1.17965 1.42541 1.55648 1.40902 1.68755 1.44179 1.5401 1.65478 1.58925 1.29434 1.72032 1.60563 1.52371 1.70394 1.60563 
Utility: 4.99477 4.96192 4.74511 4.72135 3.88301 3.98654 5.33495 3.81611 4.19741 4.98731 4.58298 5.02614 4.16991 4.8844 5.05155 4.84455 5.01092 4.86033 4.53193 4.86306 3.70996 5.31585 4.93041 3.97319 4.00485 4.26627 4.28795 4.41175 5.69488 3.82257 

--------------------------------------
Time: 16.0049
Split Ratios: 1 1 1 1 1 1 1 1 1 1 1 1 1 1 1 1 1 1 1 1 1 1 1 1 1 1 1 1 1 1 
Delays: 0.0101387 0.0117451 0.0147063 0.0116184 0.0316571 0.0306608 0.00933666 0.0315992 0.0229238 0.0116601 0.0179287 0.0093845 0.0222222 0.0113009 0.0114332 0.00936054 0.00946405 0.0118941 0.0151042 0.0130668 0.0322153 0.00777175 0.0122007 0.0288756 0.025208 0.0252553 0.0233791 0.0212061 0.00581663 0.0339359 
Throughputs: 1.55648 1.45818 1.80224 1.60563 1.58925 1.55648 1.6384 1.70394 1.7367 1.76947 1.3271 1.65478 1.34349 1.45818 1.45818 1.58925 1.42541 1.47456 1.60563 1.75309 1.6384 1.70394 1.70394 1.44179 1.44179 1.57286 1.55648 1.65478 1.60563 1.60563 
Utility: 5.03382 4.82151 4.80851 4.92868 3.91605 3.9272 5.16753 3.98757 4.32757 5.02227 4.30435 5.17237 4.10193 4.86006 4.84842 5.13451 5.01471 4.82007 4.6663 4.89906 3.92903 5.3902 4.9392 3.91065 4.04648 4.13162 4.19834 4.35714 5.62055 3.8568 

--------------------------------------
Time: 16.5051
Split Ratios: 1 1 1 1 1 1 1 1 1 1 1 1 1 1 1 1 1 1 1 1 1 1 1 1 1 1 1 1 1 1 
Delays: 0.00993556 0.0113618 0.014962 0.0115407 0.0279611 0.0276588 0.00932066 0.0264591 0.0196068 0.0118022 0.0151081 0.00938325 0.0225965 0.0112461 0.0113886 0.00941799 0.00951564 0.0120857 0.0150765 0.0131008 0.0291435 0.00770878 0.011993 0.0237661 0.0228036 0.0228593 0.0210834 0.0183131 0.00579721 0.0285877 
Throughputs: 1.35987 1.52371 1.68755 1.37626 1.52371 1.47456 1.62202 1.88416 1.40902 1.44179 1.65478 1.67117 1.86778 1.67117 1.52371 1.58925 1.47456 1.47456 1.78586 1.45818 1.55648 1.7367 1.76947 1.39264 1.45818 1.83501 1.37626 1.34349 1.52371 1.86778 
Utility: 4.91903 4.89865 4.72552 4.78124 3.99809 3.97617 5.15919 4.26564 4.27477 4.80536 4.6962 5.18235 4.41471 5.00126 4.8963 5.1284 5.04318 4.80409 4.77452 4.71227 3.97795 5.41738 4.99411 4.0707 4.15802 4.38545 4.17863 4.29541 5.57153 4.17953 

--------------------------------------
Time: 17.0052
Split Ratios: 1 1 1 1 1 1 1 1 1 1 1 1 1 1 1 1 1 1 1 1 1 1 1 1 1 1 1 1 1 1 
Delays: 0.0100158 0.0112944 0.0142337 0.0114038 0.0301742 0.0301182 0.00927172 0.0278731 0.019494 0.0115459 0.0153542 0.00947039 0.021526 0.0113371 0.0114701 0.00934546 0.00949892 0.0119326 0.0150412 0.0131428 0.0296233 0.00758157 0.012114 0.0256965 0.0225604 0.0220448 0.020425 0.0180043 0.00584932 0.0311075 
Throughputs: 1.5401 1.47456 1.45818 1.40902 1.7367 1.55648 1.68755 1.58925 1.42541 1.75309 1.52371 1.68755 1.42541 1.35987 1.85139 1.24518 1.70394 1.3271 1.49094 1.65478 1.6384 1.52371 1.44179 1.39264 1.14688 1.52371 1.37626 1.5401 1.80224 1.76947 
Utility: 5.03544 4.87181 4.62933 4.81671 4.05276 3.94505 5.20407 4.04335 4.29211 5.0228 4.59752 5.18286 4.19295 4.78707 5.08395 4.89215 5.18952 4.71148 4.59637 4.83555 4.01291 5.30318 4.77928 3.9926 3.9286 4.23583 4.21036 4.44899 5.73046 4.04099 

--------------------------------------
Time: 17.5053
Split Ratios: 1 1 1 1 1 1 1 1 1 1 1 1 1 1 1 1 1 1 1 1 1 1 1 1 1 1 1 1 1 1 
Delays: 0.00996465 0.0115375 0.0146039 0.0116024 0.023013 0.0234629 0.00928615 0.021742 0.0234578 0.0117362 0.0177982 0.0094522 0.0220027 0.0113674 0.0113209 0.00935925 0.00955477 0.0119585 0.0149914 0.0130719 0.023752 0.0075795 0.0124375 0.019346 0.025674 0.0255641 0.024449 0.0214717 0.00580463 0.0241666 
Throughputs: 1.7367 1.60563 1.67117 1.37626 1.83501 1.44179 1.65478 1.78586 1.52371 1.44179 1.39264 1.7367 1.40902 1.62202 1.6384 1.6384 1.78586 1.52371 1.5401 1.58925 1.31072 1.42541 1.62202 1.57286 1.26157 1.80224 1.62202 1.68755 1.35987 1.6384 
Utility: 5.1607 4.93567 4.73999 4.77591 4.37875 4.11822 5.1829 4.40841 4.1737 4.81096 4.35986 5.2135 4.15949 4.96067 4.97483 5.16511 5.23061 4.84746 4.63212 4.80055 4.01066 5.23677 4.87071 4.39817 3.89463 4.2556 4.19483 4.3643 5.45649 4.2165 

--------------------------------------
Time: 18.0056
Split Ratios: 1 1 1 1 1 1 1 1 1 1 1 1 1 1 1 1 1 1 1 1 1 1 1 1 1 1 1 1 1 1 
Delays: 0.0101365 0.0115318 0.0147609 0.0116296 0.0273358 0.0265092 0.00928977 0.0256419 0.0192276 0.0117854 0.0144439 0.00940054 0.022513 0.0114837 0.0115045 0.00944745 0.00960924 0.0122333 0.0150026 0.0130737 0.0273734 0.00770673 0.011884 0.0224802 0.0218569 0.0215451 0.0197533 0.017269 0.00574722 0.0281823 
Throughputs: 1.70394 1.27795 1.76947 1.70394 1.70394 1.35987 1.57286 1.55648 1.40902 1.67117 1.45818 1.34349 1.55648 1.6384 1.5401 1.68755 1.83501 1.85139 1.81862 1.45818 1.5401 1.85139 1.44179 1.34349 1.62202 1.34349 1.52371 1.40902 1.80224 1.70394 
Utility: 5.12455 4.70791 4.78645 4.98714 4.1325 3.93765 5.13174 4.10595 4.2943 4.95442 4.61467 4.96226 4.23609 4.96054 4.89686 5.18529 5.25208 5.01953 4.79761 4.71434 4.03003 5.4816 4.79845 4.09039 4.30691 4.13287 4.34559 4.40174 5.74807 4.102 

--------------------------------------
Time: 18.5058
Split Ratios: 1 1 1 1 1 1 1 1 1 1 1 1 1 1 1 1 1 1 1 1 1 1 1 1 1 1 1 1 1 1 
Delays: 0.01001 0.0113939 0.0146601 0.011429 0.0366239 0.0368067 0.00927775 0.0350311 0.0184627 0.0115233 0.0137341 0.00942804 0.0221266 0.0113845 0.0113404 0.00947053 0.00955268 0.0116505 0.0150221 0.0130503 0.0369309 0.00762195 0.0118387 0.0331241 0.0213353 0.0216393 0.0198305 0.0166303 0.00593845 0.0374231 
Throughputs: 1.58925 1.34349 1.58925 1.42541 1.58925 1.72032 1.58925 1.47456 1.57286 1.60563 1.21242 1.58925 1.58925 1.62202 1.58925 1.67117 1.58925 1.19603 1.52371 1.62202 1.49094 1.31072 1.86778 1.62202 1.37626 1.39264 1.76947 1.34349 1.76947 1.67117 
Utility: 5.06743 4.76995 4.68589 4.82606 3.77032 3.84459 5.1434 3.73988 4.4449 4.9369 4.48049 5.12733 4.27424 4.95917 4.94264 5.17309 5.11419 4.63141 4.61938 4.82261 3.69812 5.1473 5.06113 3.89116 4.16676 4.16445 4.49121 4.3918 5.69699 3.79899 

--------------------------------------
Time: 19.0059
Split Ratios: 1 1 1 1 1 1 1 1 1 1 1 1 1 1 1 1 1 1 1 1 1 1 1 1 1 1 1 1 1 1 
Delays: 0.00974682 0.0115506 0.0166946 0.01172 0.0268719 0.0263789 0.00926162 0.0258256 0.0236773 0.012019 0.0192451 0.00945143 0.0240496 0.0113621 0.0113637 0.00933168 0.00962286 0.0119882 0.0150685 0.0131399 0.0265598 0.00759809 0.011903 0.022288 0.0287076 0.0296718 0.0273925 0.0216907 0.00594041 0.0265531 
Throughputs: 1.44179 1.52371 1.6384 1.76947 1.5401 1.65478 1.39264 1.55648 1.45818 1.68755 1.40902 1.5401 1.85139 1.93331 1.55648 1.2288 1.45818 1.62202 1.49094 1.49094 1.62202 1.35987 1.44179 1.60563 1.70394 1.88416 1.68755 1.34349 1.83501 1.6384 
Utility: 4.9967 4.88217 4.58639 5.01714 4.04852 4.13886 5.01308 4.09882 4.12043 4.94455 4.2934 5.09343 4.34357 5.13671 4.91976 4.88038 5.0208 4.90751 4.59456 4.73151 4.11202 5.18725 4.79685 4.27723 4.08353 4.15104 4.12076 4.12614 5.73303 4.12233 

--------------------------------------
Time: 19.5062
Split Ratios: 1 1 1 1 1 1 1 1 1 1 1 1 1 1 1 1 1 1 1 1 1 1 1 1 1 1 1 1 1 1 
Delays: 0.00988191 0.0113578 0.0155213 0.0114739 0.0256667 0.0256434 0.00930697 0.0241921 0.0195199 0.011741 0.0146656 0.00942945 0.0229393 0.0113242 0.0114377 0.00937001 0.00951082 0.0121324 0.0150835 0.0131137 0.0256414 0.00766593 0.0118783 0.020878 0.0232867 0.0233711 0.0215746 0.0179534 0.00581413 0.0257801 
Throughputs: 1.49094 1.45818 1.80224 1.5401 1.86778 1.62202 1.83501 1.34349 1.40902 1.5401 1.57286 1.49094 1.34349 1.44179 1.70394 1.58925 1.72032 1.47456 1.81862 1.2288 1.57286 1.62202 1.5401 1.31072 1.6384 1.49094 1.42541 1.55648 1.91693 1.58925 
Utility: 5.01646 4.85504 4.75457 4.89953 4.28731 4.14714 5.28404 4.017 4.27922 4.87651 4.67515 5.06333 4.07017 4.8467 5.00378 5.1335 5.19784 4.80023 4.79223 4.54014 4.11644 5.35464 4.86488 4.13963 4.25359 4.15566 4.1907 4.4624 5.79819 4.12141 

--------------------------------------
Time: 20.0063
Split Ratios: 1 1 1 1 1 1 1 1 1 1 1 1 1 1 1 1 1 1 1 1 1 1 1 1 1 1 1 1 1 1 
Delays: 0.009902 0.0113374 0.0145199 0.0116924 0.0238565 0.0236827 0.00930064 0.0220509 0.0234612 0.0115374 0.0175228 0.00943413 0.0221689 0.0115042 0.0113707 0.00939936 0.00958413 0.0117434 0.0151142 0.0130947 0.0245806 0.00769217 0.0124631 0.0195543 0.0262452 0.0256528 0.0240936 0.0215473 0.00588505 0.0250991 
Throughputs: 1.60563 1.45818 1.52371 1.52371 1.60563 1.5401 1.17965 1.60563 1.58925 1.37626 1.67117 1.6384 1.49094 1.68755 1.55648 1.57286 1.57286 1.52371 1.67117 1.85139 1.60563 1.70394 1.98246 1.78586 1.40902 1.6384 1.52371 1.55648 1.7367 1.58925 
Utility: 5.08854 4.85684 4.65338 4.86996 4.20922 4.17486 4.84289 4.28792 4.21567 4.78153 4.55778 5.15714 4.20848 4.98832 4.91914 5.12001 5.10054 4.86561 4.70564 4.95149 4.17932 5.40049 5.06933 4.51446 3.98317 4.15682 4.14696 4.27993 5.68733 4.14819 

--------------------------------------
Time: 20.5063
Split Ratios: 1 1 1 1 1 1 1 1 1 1 1 1 1 1 1 1 1 1 1 1 1 1 1 1 1 1 1 1 1 1 
Delays: 0.0100944 0.0113911 0.0149923 0.0115332 0.0234084 0.0237602 0.00927083 0.021934 0.0220163 0.0115551 0.016717 0.00936517 0.0224379 0.0114384 0.01136 0.00941904 0.00951335 0.011724 0.0150183 0.0132047 0.0233918 0.00763145 0.0119309 0.0197592 0.0254857 0.0253762 0.0231127 0.020521 0.00583466 0.023382 
Throughputs: 1.62202 1.35987 1.52371 1.29434 1.86778 1.45818 1.42541 1.37626 1.81862 1.60563 1.44179 1.44179 1.70394 1.70394 1.76947 1.72032 1.62202 1.45818 1.76947 1.7367 1.45818 1.37626 1.5401 1.42541 1.55648 1.81862 1.45818 1.58925 1.6384 1.58925 
Utility: 5.07944 4.78231 4.62137 4.72052 4.37941 4.11693 5.03534 4.13908 4.41405 4.93415 4.45722 5.03664 4.32994 5.00372 5.04834 5.20753 5.13873 4.8233 4.76917 4.87917 4.13256 5.19484 4.86046 4.27859 4.11206 4.27202 4.14456 4.34957 5.63766 4.21905 

--------------------------------------
Time: 21.0067
Split Ratios: 1 1 1 1 1 1 1 1 1 1 1 1 1 1 1 1 1 1 1 1 1 1 1 1 1 1 1 1 1 1 
Delays: 0.0101467 0.0114186 0.0151295 0.0114333 0.0222295 0.0227459 0.00925142 0.0208256 0.027424 0.0116007 0.0209352 0.00940663 0.0227 0.0113125 0.0113556 0.00937659 0.00952228 0.0119177 0.014979 0.0130891 0.0226697 0.00767438 0.0117404 0.0186287 0.0287309 0.0291568 0.028171 0.025241 0.00588779 0.0229737 
Throughputs: 1.67117 1.27795 1.80224 1.45818 1.65478 1.7367 1.49094 1.47456 1.65478 1.57286 1.42541 1.57286 1.57286 1.50733 1.68755 1.6384 1.37626 1.5401 1.49094 1.39264 1.57286 1.75309 1.60563 1.44179 1.52371 1.49094 1.83501 1.52371 1.83501 1.6384 
Utility: 5.10413 4.71777 4.78014 4.84841 4.31001 4.33536 5.08239 4.25993 4.10001 4.90958 4.22078 5.11924 4.23829 4.89219 5.00133 5.16326 4.97349 4.86157 4.60052 4.66718 4.23962 5.43125 4.91824 4.34894 3.97093 3.93448 4.17651 4.10044 5.74192 4.26713 

--------------------------------------
Time: 21.5069
Split Ratios: 1 1 1 1 1 1 1 1 1 1 1 1 1 1 1 1 1 1 1 1 1 1 1 1 1 1 1 1 1 1 
Delays: 0.00990003 0.0115594 0.0146928 0.0115871 0.0222901 0.021981 0.00928208 0.0202353 0.0294912 0.0115736 0.0256993 0.00935853 0.0218347 0.0115327 0.0112936 0.0093603 0.00959457 0.0119054 0.0149116 0.013051 0.0231312 0.00772741 0.011967 0.0185788 0.0328922 0.0331207 0.0305752 0.0281818 0.00579371 0.0232762 
Throughputs: 1.83501 1.49094 1.42541 1.68755 1.58925 1.5401 1.81862 1.60563 1.67117 1.76947 1.62202 1.55648 1.39264 1.58925 1.57286 1.52371 1.5401 1.47456 1.5401 1.42541 1.39264 1.34349 1.99885 1.75309 1.68755 1.60563 1.49094 1.60563 1.39264 1.44179 
Utility: 5.22227 4.85967 4.57485 4.98114 4.26687 4.24942 5.27775 4.37384 4.03719 5.02971 4.14496 5.11389 4.15546 4.92583 4.93642 5.09243 5.0784 4.81912 4.63746 4.69335 4.09777 5.15825 5.11817 4.54711 3.9378 3.88112 3.88697 4.0426 5.48218 4.12621 

--------------------------------------
Time: 22.0069
Split Ratios: 1 1 1 1 1 1 1 1 1 1 1 1 1 1 1 1 1 1 1 1 1 1 1 1 1 1 1 1 1 1 
Delays: 0.00993289 0.0114943 0.0146332 0.0115309 0.0227549 0.0222503 0.00935291 0.019636 0.0252264 0.0117723 0.0193989 0.0093764 0.0226898 0.0114928 0.0113229 0.00945669 0.00958898 0.0120242 0.0150091 0.0130454 0.0224981 0.00763122 0.0118639 0.0182145 0.0279845 0.026654 0.0258331 0.0237334 0.00586033 0.0230506 
Throughputs: 1.60563 1.76947 1.39264 1.44179 1.72032 1.50733 2.01523 1.57286 1.45818 1.6384 1.80224 1.60563 1.47456 1.65478 1.7367 1.47456 1.58925 1.37626 1.85139 1.60563 1.16326 1.65478 1.3271 1.55648 1.37626 1.6384 1.55648 1.60563 1.60563 1.72032 
Utility: 5.08542 5.03658 4.55566 4.82861 4.32549 4.21574 5.3728 4.38329 4.05705 4.93573 4.53157 5.14308 4.1742 4.96971 5.03292 5.04939 5.1104 4.7402 4.81504 4.81284 3.94555 5.37918 4.71726 4.44796 3.89547 4.11854 4.09853 4.21439 5.61307 4.31257 

--------------------------------------
Time: 22.507
Split Ratios: 1 1 1 1 1 1 1 1 1 1 1 1 1 1 1 1 1 1 1 1 1 1 1 1 1 1 1 1 1 1 
Delays: 0.00999842 0.0113577 0.0148516 0.0114256 0.0235603 0.0233235 0.00927569 0.0215424 0.0197198 0.0118083 0.014374 0.00945145 0.0219617 0.0114001 0.0114593 0.00940684 0.00941857 0.0118453 0.0149949 0.0130946 0.0237544 0.00773515 0.0123546 0.0195839 0.0224445 0.0224745 0.020761 0.0181903 0.00584284 0.0239487 
Throughputs: 1.62202 1.45818 1.70394 1.72032 1.62202 1.60563 1.52371 1.83501 1.39264 1.65478 1.42541 1.85139 1.24518 1.57286 1.86778 1.62202 1.45818 1.52371 1.49094 1.72032 1.76947 1.35987 1.83501 1.5401 1.37626 1.49094 1.78586 1.37626 1.75309 1.26157 
Utility: 5.089 4.85505 4.74259 5.01441 4.23186 4.23181 5.10151 4.44478 4.25734 4.94262 4.59679 5.27752 4.03774 4.92703 5.0937 5.14999 5.04226 4.85698 4.59945 4.87807 4.31067 5.16937 5.00078 4.36489 4.11608 4.19478 4.45458 4.32623 5.70392 3.9642 

--------------------------------------
Time: 23.0073
Split Ratios: 1 1 1 1 1 1 1 1 1 1 1 1 1 1 1 1 1 1 1 1 1 1 1 1 1 1 1 1 1 1 
Delays: 0.0101491 0.0114995 0.0144886 0.0113842 0.0242575 0.0246959 0.00926966 0.0230717 0.0234884 0.0119589 0.0178395 0.00955943 0.0221775 0.0113281 0.0113445 0.00939312 0.00949752 0.0120086 0.0150521 0.0131145 0.0258993 0.00761114 0.0118583 0.0214029 0.0252061 0.0262016 0.0241351 0.0211126 0.00594944 0.0248959 
Throughputs: 1.47456 1.5401 1.49094 1.3271 1.80224 1.40902 1.58925 1.6384 1.83501 1.85139 1.52371 1.42541 1.68755 1.50733 1.52371 1.67117 1.60563 1.40902 1.78586 1.34349 1.45818 1.42541 1.67117 1.62202 1.39264 1.52371 1.35987 1.58925 1.75309 1.57286 
Utility: 4.97873 4.89729 4.6338 4.75853 4.30806 4.04402 5.14427 4.26287 4.3583 5.04222 4.44749 5.00469 4.33196 4.89081 4.90017 5.1813 5.13024 4.76503 4.77613 4.62931 4.03072 5.2326 4.94825 4.3279 4.01187 4.06309 4.03148 4.32115 5.68584 4.14595 

--------------------------------------
Time: 23.5074
Split Ratios: 1 1 1 1 1 1 1 1 1 1 1 1 1 1 1 1 1 1 1 1 1 1 1 1 1 1 1 1 1 1 
Delays: 0.0100414 0.0113158 0.0143386 0.0116095 0.0274108 0.0263008 0.00933012 0.0254371 0.0184351 0.0117518 0.0137224 0.0094209 0.0218479 0.011396 0.0114474 0.00938572 0.00950733 0.0120862 0.0150408 0.0130313 0.0260057 0.00773079 0.0117029 0.0217189 0.0203455 0.0202923 0.0188507 0.0165405 0.00582448 0.0268271 
Throughputs: 1.3271 1.35987 1.39264 1.57286 1.90054 1.62202 1.72032 1.49094 1.45818 1.78586 1.40902 1.47456 1.37626 1.34349 1.67117 1.42541 1.7367 1.50733 1.50733 1.70394 1.35987 1.72032 1.80224 1.60563 1.16326 1.40902 1.50733 1.21242 1.6384 1.44179 
Utility: 4.88403 4.78895 4.576 4.90883 4.23896 4.12183 5.21702 4.07096 4.37068 5.02365 4.63162 5.05318 4.14302 4.76976 4.98352 5.02302 5.20768 4.82603 4.60733 4.87334 3.95683 5.40505 5.03695 4.30309 4.04612 4.24041 4.38155 4.29456 5.63941 3.98423 

--------------------------------------
Time: 24.0079
Split Ratios: 1 1 1 1 1 1 1 1 1 1 1 1 1 1 1 1 1 1 1 1 1 1 1 1 1 1 1 1 1 1 
Delays: 0.0100334 0.0114252 0.0157967 0.0116946 0.0208556 0.0221306 0.00929043 0.019915 0.0207008 0.0119131 0.0156432 0.00945064 0.0237544 0.0112752 0.0113132 0.00935838 0.009622 0.0120626 0.0149976 0.0131013 0.021981 0.0077416 0.0117939 0.0175086 0.0239778 0.0241271 0.0230744 0.0184989 0.00588664 0.0210805 
Throughputs: 1.68755 1.45818 1.68755 1.78586 1.83501 1.62202 1.67117 1.52371 1.37626 1.37626 1.72032 1.88416 1.78586 1.88416 1.68755 1.6384 1.81862 1.65478 1.75309 1.49094 1.11411 1.96608 1.67117 1.39264 1.57286 1.40902 1.58925 1.5401 1.70394 1.67117 
Utility: 5.12512 4.84912 4.67123 5.02852 4.47718 4.29446 5.19229 4.33743 4.19695 4.74948 4.70023 5.29515 4.31989 5.11863 5.00506 5.1652 5.24178 4.92132 4.76125 4.73445 3.92563 5.53719 4.95369 4.37626 4.18352 4.06732 4.23229 4.42189 5.66801 4.37293 

--------------------------------------
Time: 24.508
Split Ratios: 1 1 1 1 1 1 1 1 1 1 1 1 1 1 1 1 1 1 1 1 1 1 1 1 1 1 1 1 1 1 
Delays: 0.00992946 0.0113595 0.0144998 0.0116092 0.023303 0.0229918 0.00932726 0.0219283 0.0189203 0.0117213 0.014015 0.00950712 0.0222224 0.0112688 0.0113324 0.00937862 0.00954047 0.0118511 0.0150299 0.0130525 0.0236074 0.00771748 0.0122629 0.0202823 0.0206626 0.0211914 0.0192821 0.016759 0.0058762 0.0239126 
Throughputs: 1.49094 1.58925 1.34349 1.86778 1.44179 1.44179 1.83501 1.57286 1.34349 1.67117 1.34349 1.75309 1.55648 1.65478 1.65478 1.67117 1.55648 1.49094 1.58925 1.42541 1.49094 1.44179 1.90054 1.72032 1.62202 1.44179 1.47456 1.1305 1.76947 1.90054 
Utility: 5.01166 4.94096 4.52889 5.08071 4.12506 4.1385 5.28186 4.27288 4.26279 4.95987 4.5629 5.21709 4.24908 4.98939 4.98376 5.18285 5.09464 4.83475 4.66097 4.69324 4.14561 5.23015 5.04332 4.44052 4.3631 4.22004 4.33694 4.21148 5.70753 4.37549 

--------------------------------------
Time: 25.0081
Split Ratios: 1 1 1 1 1 1 1 1 1 1 1 1 1 1 1 1 1 1 1 1 1 1 1 1 1 1 1 1 1 1 
Delays: 0.00996657 0.0115037 0.0163711 0.0115022 0.027193 0.0274128 0.00928361 0.0267457 0.022494 0.0116796 0.0170917 0.00933934 0.0243806 0.0113457 0.0112806 0.0093399 0.00950043 0.0118901 0.0150029 0.0131353 0.0292305 0.0077697 0.0119398 0.025475 0.0283401 0.0271486 0.0257964 0.0213688 0.00587198 0.0276496 
Throughputs: 1.81862 1.42541 1.6384 1.65478 1.70394 1.5401 1.67117 1.91693 1.50733 1.67117 1.21242 1.60563 1.57286 1.67117 1.52371 1.37626 1.6384 1.49094 1.39264 1.47456 1.42541 1.67117 1.42541 1.52371 1.62202 1.83501 1.65478 1.5401 1.62202 1.55648 
Utility: 5.2066 4.81955 4.60596 4.96889 4.13774 4.02859 5.19303 4.27211 4.20484 4.96344 4.26178 5.14704 4.16686 4.99244 4.90582 4.99283 5.15014 4.83146 4.53071 4.72081 3.887 5.37105 4.78233 4.09121 4.04715 4.21348 4.16119 4.27767 5.62123 4.03057 

--------------------------------------
Time: 25.5081
Split Ratios: 1 1 1 1 1 1 1 1 1 1 1 1 1 1 1 1 1 1 1 1 1 1 1 1 1 1 1 1 1 1 
Delays: 0.00980156 0.0116875 0.015644 0.0118257 0.0448916 0.0446472 0.00929939 0.0418963 0.0246852 0.0119756 0.0192261 0.00938003 0.0236918 0.0116306 0.0113699 0.00937386 0.00960284 0.0120072 0.0149937 0.0130623 0.0452195 0.0077449 0.0117243 0.0400516 0.0270519 0.0272963 0.025769 0.0220604 0.00586634 0.0445672 
Throughputs: 1.67117 1.65478 1.88416 1.5401 1.88416 1.62202 1.70394 1.37626 1.5401 1.62202 1.49094 1.6384 1.57286 1.81862 1.68755 1.2288 1.81862 1.65478 1.40902 1.9497 1.62202 1.58925 1.47456 1.72032 1.52371 1.70394 1.85139 1.42541 1.50733 1.52371 
Utility: 5.13874 4.95291 4.79115 4.86933 3.73699 3.59263 5.21075 3.49193 4.1334 4.90855 4.3509 5.16289 4.19552 5.0522 5.00006 4.87587 5.24378 4.92592 4.54302 5.0057 3.5799 5.32398 4.83445 3.7601 4.03115 4.13394 4.27452 4.16843 5.54886 3.53191 

--------------------------------------
Time: 26.0088
Split Ratios: 1 1 1 1 1 1 1 1 1 1 1 1 1 1 1 1 1 1 1 1 1 1 1 1 1 1 1 1 1 1 
Delays: 0.00977725 0.0115825 0.0146908 0.011596 0.0350091 0.0359753 0.00928 0.0332797 0.0198255 0.0117973 0.0153999 0.00947281 0.0226363 0.0114831 0.0113101 0.00936334 0.00944329 0.0120655 0.0150797 0.0132313 0.0364486 0.00776331 0.0118349 0.0322367 0.0230626 0.0229596 0.0208593 0.0182719 0.00588274 0.0361191 
Throughputs: 1.55648 1.44179 1.85139 1.83501 1.91693 1.60563 1.65478 1.58925 1.47456 1.68755 1.52371 1.76947 1.7367 1.76947 1.39264 1.58925 1.62202 1.57286 1.49094 1.55648 1.49094 1.75309 1.57286 1.44179 1.34349 1.62202 1.39264 1.27795 1.60563 1.67117 
Utility: 5.07012 4.82415 4.83647 5.06415 4.00287 3.79844 5.18356 3.86607 4.30914 4.96317 4.59455 5.23001 4.34019 5.03756 4.81326 5.13421 5.14612 4.8703 4.59382 4.7676 3.71126 5.41972 4.8896 3.80054 4.06481 4.25769 4.20116 4.24765 5.60925 3.83446 

--------------------------------------
Time: 26.5091
Split Ratios: 1 1 1 1 1 1 1 1 1 1 1 1 1 1 1 1 1 1 1 1 1 1 1 1 1 1 1 1 1 1 
Delays: 0.0100607 0.0115233 0.0146621 0.0115814 0.0368807 0.0378361 0.00930279 0.0351902 0.0224715 0.0115754 0.0165855 0.00947311 0.0226366 0.0115566 0.0114959 0.00950228 0.00958659 0.0119909 0.0151664 0.0131321 0.0358942 0.00774 0.0119963 0.0328666 0.0254014 0.0247584 0.0221842 0.0201193 0.00594524 0.0373694 
Throughputs: 1.65478 1.5401 1.70394 1.72032 1.52371 1.65478 1.68755 1.81862 1.70394 1.65478 1.57286 1.47456 1.55648 1.72032 1.75309 1.7367 1.57286 1.52371 1.5401 1.62202 1.24518 1.45818 1.44179 1.76947 1.29434 1.7367 1.52371 1.50733 1.86778 1.70394 
Utility: 5.10279 4.89523 4.75543 5.00086 3.72122 3.77816 5.20072 3.94507 4.32845 4.96254 4.55213 5.04766 4.23061 5.00301 5.02715 5.20821 5.10029 4.84475 4.62052 4.81636 3.54646 5.23854 4.78904 3.98598 3.93095 4.25058 4.22952 4.31642 5.74991 3.81984 

--------------------------------------
Time: 27.0091
Split Ratios: 1 1 1 1 1 1 1 1 1 1 1 1 1 1 1 1 1 1 1 1 1 1 1 1 1 1 1 1 1 1 
Delays: 0.0100454 0.0113647 0.0150191 0.01149 0.0252094 0.025862 0.00932788 0.0243772 0.0192681 0.011679 0.0147191 0.00946983 0.0219603 0.0113417 0.0113223 0.00949959 0.00960622 0.0120495 0.0151367 0.0130616 0.0259697 0.00770073 0.0116718 0.0219977 0.0222928 0.0221001 0.0204141 0.0178657 0.00575492 0.0261759 
Throughputs: 1.57286 1.2288 1.55648 1.2288 1.60563 1.49094 1.55648 1.6384 1.34349 1.57286 1.40902 1.81862 1.65478 1.72032 1.65478 1.50733 1.81862 1.68755 1.50733 1.60563 1.52371 1.58925 1.45818 1.37626 1.60563 1.45818 1.57286 1.49094 1.2288 1.49094 
Utility: 5.05354 4.68329 4.64086 4.67231 4.15405 4.05439 5.11717 4.20783 4.24458 4.90286 4.56151 5.25772 4.32219 5.02178 4.98465 5.06685 5.24343 4.94202 4.60097 4.8116 4.07198 5.3297 4.82776 4.13618 4.27701 4.18936 4.34443 4.42428 5.36374 4.04232 

--------------------------------------
Time: 27.5092
Split Ratios: 1 1 1 1 1 1 1 1 1 1 1 1 1 1 1 1 1 1 1 1 1 1 1 1 1 1 1 1 1 1 
Delays: 0.0100233 0.0113565 0.0146593 0.0114698 0.0238855 0.0245808 0.00925997 0.0222249 0.0212873 0.0117056 0.0161245 0.00939822 0.0223881 0.0113601 0.0114241 0.00941591 0.00958667 0.0119312 0.0151329 0.0130307 0.026172 0.00767811 0.0117752 0.0195953 0.0230591 0.0233442 0.022366 0.0188272 0.00584429 0.0245721 
Throughputs: 1.60563 1.27795 1.60563 1.62202 1.90054 1.35987 1.62202 1.57286 1.58925 1.57286 1.62202 1.6384 1.65478 1.44179 1.7367 1.37626 1.70394 1.60563 1.68755 1.67117 1.39264 1.50733 1.40902 1.86778 1.52371 1.50733 1.39264 1.58925 1.34349 1.50733 
Utility: 5.07636 4.72322 4.6962 4.9517 4.37662 4.01318 5.16572 4.25944 4.3129 4.90059 4.61109 5.16096 4.3029 4.84353 5.02402 4.98472 5.18032 4.90212 4.71416 4.85397 3.97427 5.27972 4.78466 4.55721 4.19084 4.16775 4.13142 4.43572 5.43756 4.11648 

--------------------------------------
Time: 28.0094
Split Ratios: 1 1 1 1 1 1 1 1 1 1 1 1 1 1 1 1 1 1 1 1 1 1 1 1 1 1 1 1 1 1 
Delays: 0.00988508 0.0116238 0.0150571 0.0115998 0.0229984 0.0239899 0.0093453 0.0222216 0.0215852 0.012256 0.0164391 0.0094523 0.0233568 0.0114606 0.0113273 0.00939764 0.00959584 0.0122738 0.0150051 0.0130927 0.0250797 0.00766751 0.0124141 0.0201099 0.0232141 0.0242935 0.0226171 0.0197129 0.00591136 0.0249005 
Throughputs: 1.68755 1.44179 1.52371 1.52371 1.52371 1.49094 1.68755 1.50733 1.52371 1.57286 1.58925 1.93331 1.3271 1.72032 1.58925 1.45818 1.57286 1.5401 1.70394 1.72032 1.68755 1.62202 1.86778 1.67117 1.27795 1.65478 1.6384 1.62202 1.75309 1.67117 
Utility: 5.14001 4.82058 4.61705 4.87792 4.19348 4.12953 5.19616 4.21703 4.2569 4.85464 4.57136 5.32073 4.03987 5.01135 4.9438 5.04448 5.09932 4.83213 4.73231 4.87821 4.20898 5.35443 5.01367 4.42006 4.00825 4.22122 4.28277 4.41015 5.69226 4.20639 

--------------------------------------
Time: 28.5094
Split Ratios: 1 1 1 1 1 1 1 1 1 1 1 1 1 1 1 1 1 1 1 1 1 1 1 1 1 1 1 1 1 1 
Delays: 0.0101514 0.0114468 0.0158987 0.0116249 0.0243353 0.0238794 0.00931591 0.0224576 0.0238191 0.0117234 0.0181695 0.00950297 0.0228937 0.01134 0.0112959 0.00939739 0.0095351 0.011874 0.0150171 0.0130705 0.0241504 0.00767131 0.0120587 0.0198796 0.0278944 0.0281093 0.0270799 0.0211356 0.00592367 0.024811 
Throughputs: 1.44179 1.44179 1.57286 1.62202 1.5401 1.67117 1.75309 1.45818 1.55648 1.42541 1.58925 2.16269 1.72032 1.6384 1.57286 1.45818 1.49094 1.58925 1.50733 1.26157 1.35987 1.68755 1.7367 1.58925 1.52371 1.62202 1.75309 1.34349 1.40902 1.72032 
Utility: 4.95603 4.83593 4.59442 4.93828 4.14767 4.24826 5.23741 4.17331 4.1797 4.80063 4.47127 5.4275 4.3194 4.97314 4.93621 5.04451 5.05218 4.89667 4.60891 4.56975 4.03084 5.39355 4.96996 4.38132 4.00048 4.05532 4.17034 4.15207 5.4717 4.23898 

--------------------------------------
Time: 29.0095
Split Ratios: 1 1 1 1 1 1 1 1 1 1 1 1 1 1 1 1 1 1 1 1 1 1 1 1 1 1 1 1 1 1 
Delays: 0.00997017 0.0114594 0.0145458 0.0115734 0.025079 0.0245264 0.00926736 0.0222385 0.0204287 0.0116283 0.0148393 0.00939087 0.0222865 0.0115322 0.0113756 0.00936418 0.00979027 0.011784 0.0150239 0.0131228 0.0242801 0.0075904 0.0119934 0.0204772 0.0225186 0.0223314 0.0205441 0.0183532 0.00577089 0.0267715 
Throughputs: 1.50733 1.6384 1.75309 1.65478 1.9497 1.57286 1.72032 1.62202 1.62202 1.60563 1.44179 1.55648 1.72032 1.5401 1.52371 1.6384 1.67117 1.58925 1.7367 1.29434 1.7367 1.52371 1.81862 1.21242 1.57286 1.44179 1.24518 1.49094 1.39264 1.35987 
Utility: 5.0185 4.96267 4.79183 4.96272 4.3534 4.1609 5.22377 4.2896 4.37449 4.92783 4.57636 5.11044 4.34628 4.89446 4.89743 5.16458 5.13989 4.90427 4.7501 4.5914 4.27009 5.30202 5.02148 4.08106 4.24631 4.16765 4.10446 4.39736 5.48613 3.92781 

--------------------------------------
Time: 29.5096
Split Ratios: 1 1 1 1 1 1 1 1 1 1 1 1 1 1 1 1 1 1 1 1 1 1 1 1 1 1 1 1 1 1 
Delays: 0.00992716 0.0113617 0.0154996 0.0114927 0.0210089 0.0217561 0.0093692 0.0200127 0.0244856 0.0117215 0.019233 0.00943212 0.0234655 0.0114454 0.0112438 0.00938349 0.00954708 0.0118463 0.0149615 0.0130782 0.0211568 0.00768773 0.0120184 0.0171809 0.0277353 0.0293105 0.0258565 0.0217635 0.00584284 0.0220024 
Throughputs: 1.55648 1.2288 1.62202 1.49094 1.65478 1.50733 1.58925 1.65478 1.55648 1.58925 1.52371 1.67117 1.85139 1.49094 1.60563 1.39264 1.7367 1.24518 1.72032 1.5401 1.31072 1.60563 1.62202 1.35987 1.62202 1.72032 1.58925 1.39264 1.98246 1.85139 
Utility: 5.05491 4.68354 4.65061 4.86545 4.36648 4.2382 5.13359 4.41506 4.1521 4.90959 4.37228 5.17716 4.36816 4.86958 4.96146 5 5.20351 4.65502 4.74479 4.76866 4.12637 5.34165 4.90499 4.37135 4.06872 4.07232 4.11846 4.15872 5.82688 4.43254 

--------------------------------------
Time: 30.0098
Split Ratios: 1 1 1 1 1 1 1 1 1 1 1 1 1 1 1 1 1 1 1 1 1 1 1 1 1 1 1 1 1 1 
Delays: 0.00972326 0.0116914 0.0156639 0.0118073 0.0234974 0.023783 0.00928415 0.0227891 0.0253429 0.0118624 0.0207218 0.00945426 0.0233633 0.0114071 0.0114714 0.00946845 0.00951154 0.0120565 0.0150524 0.0130783 0.0240386 0.00775684 0.0119636 0.0203532 0.0278551 0.0271852 0.025378 0.0224034 0.00585873 0.0243541 
Throughputs: 1.55648 1.52371 1.88416 1.52371 1.50733 1.70394 1.52371 1.67117 1.50733 1.81862 1.55648 1.85139 1.75309 1.42541 1.76947 1.52371 1.81862 1.47456 1.68755 1.5401 1.5401 1.55648 1.68755 1.5401 1.40902 1.57286 1.78586 1.3271 1.5401 1.42541 
Utility: 5.07566 4.87005 4.78988 4.86018 4.16121 4.27172 5.1006 4.29499 4.08559 5.03246 4.319 5.27723 4.31797 4.82798 5.03858 5.08094 5.25333 4.80651 4.71949 4.76864 4.15994 5.30161 4.94917 4.32636 3.92364 4.05798 4.25377 4.08154 5.57167 4.06951 

--------------------------------------
Time: 30.51
Split Ratios: 1 1 1 1 1 1 1 1 1 1 1 1 1 1 1 1 1 1 1 1 1 1 1 1 1 1 1 1 1 1 
Delays: 0.0101065 0.0114031 0.014985 0.0115938 0.0214353 0.0219499 0.00931861 0.0203739 0.0215796 0.0117635 0.016867 0.00947115 0.0230122 0.0113291 0.0112938 0.00937484 0.00943564 0.0118646 0.0150105 0.0130568 0.0220696 0.00764731 0.0116264 0.0183313 0.0239627 0.0244984 0.0222602 0.0195963 0.00579898 0.0223438 
Throughputs: 1.70394 1.6384 1.81862 1.34349 1.9497 1.3271 1.65478 1.67117 1.49094 1.65478 1.52371 1.72032 1.68755 1.39264 1.39264 1.75309 1.62202 1.62202 1.40902 1.60563 1.49094 1.49094 1.34349 1.26157 1.42541 1.58925 1.50733 1.67117 1.45818 1.44179 
Utility: 5.12752 4.96759 4.79879 4.75255 4.51039 4.10199 5.17941 4.40702 4.23541 4.94642 4.50355 5.20202 4.29501 4.81158 4.81471 5.2311 5.14693 4.91787 4.5419 4.81196 4.21296 5.27281 4.74974 4.2315 4.08572 4.17241 4.2153 4.44594 5.52726 4.16709 

--------------------------------------
Time: 31.0102
Split Ratios: 1 1 1 1 1 1 1 1 1 1 1 1 1 1 1 1 1 1 1 1 1 1 1 1 1 1 1 1 1 1 
Delays: 0.0100398 0.0114756 0.0148548 0.01148 0.0267137 0.0291429 0.00930165 0.0267762 0.0207871 0.0117892 0.0163764 0.00938886 0.0224011 0.0113459 0.011292 0.00941047 0.00947923 0.0120594 0.0150963 0.0130981 0.0285557 0.00770499 0.0117109 0.0243483 0.0244151 0.0238278 0.0219302 0.0195463 0.00589439 0.0283818 
Throughputs: 1.81862 1.57286 1.78586 1.55648 1.72032 1.62202 1.58925 1.47456 1.60563 1.50733 1.70394 1.58925 1.67117 1.42541 1.44179 1.72032 1.62202 1.86778 1.49094 1.65478 1.55648 1.67117 1.58925 1.72032 1.27795 1.42541 1.5401 1.39264 1.5401 1.47456 
Utility: 5.19928 4.92043 4.78933 4.90958 4.16509 4.01921 5.14082 4.0086 4.34694 4.85091 4.64485 5.13149 4.31217 4.83336 4.84954 5.20844 5.14232 5.04266 4.59272 4.83896 3.99833 5.37941 4.9105 4.25781 3.95781 4.09136 4.25174 4.26617 5.5656 3.95037 

--------------------------------------
Time: 31.5102
Split Ratios: 1 1 1 1 1 1 1 1 1 1 1 1 1 1 1 1 1 1 1 1 1 1 1 1 1 1 1 1 1 1 
Delays: 0.00997741 0.0115446 0.0142431 0.0115237 0.0244476 0.0233604 0.00932214 0.0218181 0.0201203 0.0115724 0.015244 0.00942411 0.0218548 0.0113217 0.011257 0.00940263 0.00946873 0.0121789 0.0150289 0.0130783 0.0233327 0.00766074 0.0117506 0.0188893 0.0221118 0.0224837 0.0202952 0.0182633 0.00584134 0.0237203 
Throughputs: 1.57286 1.27795 1.58925 1.35987 1.6384 1.55648 1.65478 1.5401 1.19603 1.6384 1.34349 1.67117 1.42541 1.80224 1.52371 1.5401 1.27795 1.57286 1.50733 1.86778 1.27795 1.55648 1.44179 1.62202 1.17965 1.62202 1.49094 1.50733 1.62202 1.57286 
Utility: 5.06033 4.70679 4.71474 4.77074 4.20494 4.19914 5.17903 4.25686 4.08503 4.95285 4.47884 5.17801 4.17779 5.07006 4.90792 5.09861 4.90502 4.86095 4.60812 4.96155 4.00316 5.31407 4.80974 4.45283 3.97686 4.27863 4.29678 4.4132 5.62647 4.19432 

--------------------------------------
Time: 32.0103
Split Ratios: 1 1 1 1 1 1 1 1 1 1 1 1 1 1 1 1 1 1 1 1 1 1 1 1 1 1 1 1 1 1 
Delays: 0.00991131 0.0113144 0.0147899 0.0115395 0.0295892 0.0297925 0.0092713 0.0281511 0.0218534 0.0118518 0.0172112 0.00944152 0.0224857 0.0114492 0.0113093 0.00934331 0.00961621 0.0118845 0.0150338 0.0130058 0.0312544 0.00762753 0.0118823 0.025384 0.0250429 0.0255645 0.0230375 0.020432 0.00593035 0.0295195 
Throughputs: 1.58925 1.39264 1.47456 1.37626 1.58925 1.57286 1.7367 1.72032 1.52371 1.57286 1.67117 1.52371 1.52371 1.49094 1.57286 1.47456 1.5401 1.40902 1.65478 1.34349 1.52371 1.47456 1.50733 1.37626 1.52371 1.58925 1.68755 1.39264 1.75309 1.91693 
Utility: 5.07734 4.81288 4.60217 4.78135 3.98361 3.9664 5.23282 4.11268 4.24455 4.88817 4.57572 5.08379 4.21602 4.86925 4.93503 5.06145 5.07615 4.77542 4.70112 4.63763 3.88674 5.26435 4.84304 3.993 4.10832 4.12981 4.29391 4.22186 5.68905 4.17343 

--------------------------------------
Time: 32.5104
Split Ratios: 1 1 1 1 1 1 1 1 1 1 1 1 1 1 1 1 1 1 1 1 1 1 1 1 1 1 1 1 1 1 
Delays: 0.00980082 0.0115083 0.0152788 0.0116148 0.0211638 0.0210354 0.0092775 0.0197641 0.0218396 0.0117358 0.0169674 0.009362 0.022777 0.0114625 0.0113129 0.00944414 0.00951493 0.0118075 0.0150489 0.0130828 0.0211819 0.00760539 0.0118056 0.0168441 0.0251438 0.024909 0.023405 0.019613 0.00576562 0.0211178 
Throughputs: 1.44179 1.52371 1.78586 1.39264 1.60563 1.45818 1.44179 1.45818 1.3271 1.76947 1.49094 1.67117 1.42541 1.62202 1.50733 1.67117 1.50733 1.58925 1.86778 1.5401 1.52371 1.29434 1.49094 1.62202 1.45818 1.70394 1.47456 1.24518 1.52371 1.55648 
Utility: 4.99118 4.88584 4.76119 4.78667 4.32898 4.23874 5.04605 4.30108 4.10703 5.01579 4.47587 5.18462 4.13646 4.95234 4.89215 5.17588 5.06523 4.90228 4.8212 4.7683 4.27576 5.1369 4.83859 4.56742 4.06033 4.22547 4.14317 4.15085 5.57699 4.30006 

--------------------------------------
Time: 33.0105
Split Ratios: 1 1 1 1 1 1 1 1 1 1 1 1 1 1 1 1 1 1 1 1 1 1 1 1 1 1 1 1 1 1 
Delays: 0.0101314 0.0116545 0.0158653 0.0116283 0.0338935 0.0342095 0.00929703 0.0340051 0.0338677 0.0123089 0.0282904 0.00941501 0.0232595 0.011538 0.011336 0.00946318 0.00953617 0.0125865 0.0150013 0.0130893 0.0354021 0.00772284 0.0127848 0.0288364 0.0379123 0.0383717 0.0368463 0.0337983 0.00586503 0.0362528 
Throughputs: 1.7367 1.47456 1.83501 1.72032 1.62202 1.60563 1.76947 1.58925 1.57286 1.45818 1.65478 1.60563 1.81862 1.70394 1.76947 1.24518 1.58925 1.67117 1.55648 1.45818 1.68755 1.6384 1.7367 1.60563 1.35987 1.5401 1.62202 1.80224 1.7367 1.58925 
Utility: 5.1441 4.84043 4.75067 4.99682 3.8682 3.84877 5.24874 3.84451 3.83819 4.77462 4.0689 5.13897 4.35912 4.99505 5.05046 4.87963 5.11592 4.88865 4.64204 4.71315 3.86426 5.35729 4.91149 4.01963 3.57987 3.69228 3.78467 3.97637 5.69074 3.7805 

--------------------------------------
Time: 33.5105
Split Ratios: 1 1 1 1 1 1 1 1 1 1 1 1 1 1 1 1 1 1 1 1 1 1 1 1 1 1 1 1 1 1 
Delays: 0.00991633 0.0113237 0.015061 0.0113939 0.0293263 0.0297178 0.00927916 0.0288586 0.0265008 0.0117474 0.0193913 0.00948666 0.0226483 0.0113464 0.0113171 0.00940168 0.00944605 0.0120245 0.0149365 0.0130795 0.0315236 0.00769989 0.0120673 0.0258873 0.0292928 0.0295841 0.0281738 0.0254579 0.0058964 0.0314141 
Throughputs: 1.7367 1.31072 1.57286 1.55648 1.9497 1.70394 1.55648 1.62202 1.70394 1.67117 1.35987 1.80224 1.5401 1.40902 1.60563 1.68755 1.5401 1.49094 1.47456 1.76947 1.40902 1.47456 1.34349 1.44179 1.42541 1.9497 1.75309 1.39264 1.83501 1.55648 
Utility: 5.16556 4.75143 4.64854 4.91711 4.19694 4.04895 5.12241 4.02902 4.16352 4.95764 4.25032 5.2469 4.21952 4.82176 4.95496 5.19015 5.094 4.82022 4.59231 4.90739 3.79991 5.25491 4.71252 4.01989 3.88487 4.18819 4.13074 4.00193 5.74046 3.90292 

--------------------------------------
Time: 34.0106
Split Ratios: 1 1 1 1 1 1 1 1 1 1 1 1 1 1 1 1 1 1 1 1 1 1 1 1 1 1 1 1 1 1 
Delays: 0.0097512 0.0115254 0.0156072 0.0115794 0.0223893 0.0216379 0.00930427 0.0211961 0.0420072 0.0115225 0.0399149 0.00936361 0.022842 0.0114137 0.0112567 0.00944225 0.00970582 0.0116701 0.0151188 0.0130585 0.0233216 0.00760747 0.0122397 0.0178583 0.0461022 0.0474613 0.0474632 0.0415103 0.00585964 0.0224445 
Throughputs: 1.44179 1.60563 1.57286 1.68755 1.67117 1.34349 1.57286 1.44179 1.50733 1.44179 1.58925 1.62202 1.3271 1.37626 1.75309 1.70394 1.83501 1.45818 1.39264 1.44179 1.44179 1.60563 1.7367 1.62202 1.47456 1.78586 1.7367 1.6384 1.55648 1.7367 
Utility: 4.99625 4.93672 4.61292 4.9818 4.3127 4.12858 5.13018 4.21982 3.58025 4.82934 3.68427 5.15459 4.06215 4.7923 5.04817 5.1955 5.24208 4.82791 4.52302 4.7042 4.12426 5.35214 4.95506 4.50896 3.46525 3.62774 3.59979 3.67553 5.58209 4.3487 

--------------------------------------
Time: 34.5106
Split Ratios: 1 1 1 1 1 1 1 1 1 1 1 1 1 1 1 1 1 1 1 1 1 1 1 1 1 1 1 1 1 1 
Delays: 0.0098273 0.0114463 0.0142175 0.0114919 0.0316344 0.0345285 0.00937738 0.031423 0.0407012 0.0116616 0.0346143 0.00942955 0.0219408 0.0113386 0.0114061 0.00937024 0.00946534 0.0117202 0.0150025 0.0130714 0.0316948 0.0077548 0.0118579 0.026866 0.0421707 0.0429165 0.042052 0.0380325 0.00600425 0.0348362 
Throughputs: 1.65478 1.68755 1.55648 1.35987 1.93331 1.5401 1.76947 1.65478 1.37626 1.68755 1.42541 1.5401 1.39264 1.75309 1.75309 1.68755 1.27795 1.21242 1.72032 1.81862 1.57286 1.67117 1.58925 1.42541 1.60563 1.68755 1.72032 1.45818 1.55648 1.60563 
Utility: 5.12626 4.99337 4.69571 4.7735 4.11275 3.79781 5.24014 3.96388 3.52086 4.97473 3.71795 5.09575 4.15061 5.04092 5.03498 5.1935 4.90538 4.63906 4.74205 4.93541 3.9045 5.37297 4.89802 3.97135 3.63955 3.67178 3.71136 3.6465 5.55771 3.83062 

--------------------------------------
Time: 35.0107
Split Ratios: 1 1 1 1 1 1 1 1 1 1 1 1 1 1 1 1 1 1 1 1 1 1 1 1 1 1 1 1 1 1 
Delays: 0.0100804 0.0113654 0.0156404 0.0116482 0.0362636 0.0376213 0.00923915 0.033961 0.0193137 0.0123278 0.0143909 0.00945284 0.0232661 0.0114852 0.0113521 0.00946117 0.00969863 0.0121406 0.0150049 0.0130827 0.0360582 0.00756305 0.011946 0.0326053 0.0219672 0.022972 0.0205311 0.017576 0.00591615 0.0359321 
Throughputs: 1.72032 1.47456 1.83501 1.70394 1.55648 1.6384 1.6384 1.62202 1.35987 1.78586 1.11411 1.76947 1.58925 1.67117 1.80224 1.68755 1.55648 1.58925 1.68755 1.67117 1.52371 1.47456 1.62202 1.47456 1.42541 1.70394 1.45818 1.19603 1.93331 1.86778 
Utility: 5.13968 4.86554 4.76495 4.98555 3.75937 3.7739 5.17803 3.86621 4.25433 4.9758 4.34922 5.23212 4.22402 4.98022 5.06738 5.18384 5.0782 4.87446 4.72266 4.84999 3.74377 5.27284 4.91103 3.81164 4.17266 4.30642 4.263 4.22023 5.7893 3.95087 

--------------------------------------
Time: 35.511
Split Ratios: 1 1 1 1 1 1 1 1 1 1 1 1 1 1 1 1 1 1 1 1 1 1 1 1 1 1 1 1 1 1 
Delays: 0.010055 0.0114415 0.015787 0.0115895 0.0245993 0.0251558 0.00931872 0.0227792 0.0210833 0.0117564 0.0170009 0.0094962 0.0230187 0.0114221 0.0113944 0.00941822 0.00958305 0.0120031 0.0150718 0.0130604 0.0242128 0.00767117 0.012103 0.0204979 0.0252834 0.0252481 0.0227534 0.0197634 0.00589764 0.0246747 
Throughputs: 1.45818 1.49094 1.86778 1.6384 1.78586 1.60563 1.67117 1.45818 1.26157 1.72032 1.44179 1.76947 1.50733 1.6384 1.90054 1.40902 1.39264 1.67117 1.60563 1.67117 1.24518 1.42541 1.90054 1.65478 1.55648 1.40902 1.80224 1.45818 1.81862 1.83501 
Utility: 4.97687 4.86992 4.77332 4.95137 4.28493 4.15619 5.18925 4.1591 4.09163 4.98587 4.44038 5.22754 4.18179 4.96592 5.11677 5.00801 4.97896 4.93612 4.66845 4.85169 3.94016 5.22474 5.05645 4.3911 4.12003 4.0219 4.37207 4.30111 5.73128 4.30902 

--------------------------------------
Time: 36.011
Split Ratios: 1 1 1 1 1 1 1 1 1 1 1 1 1 1 1 1 1 1 1 1 1 1 1 1 1 1 1 1 1 1 
Delays: 0.00982027 0.0112822 0.0150425 0.0114982 0.0369711 0.0371458 0.00931679 0.037374 0.0199102 0.0117309 0.0150694 0.00940062 0.0227631 0.0112847 0.0113235 0.00949149 0.00954822 0.0119807 0.0150536 0.0130848 0.0379336 0.00754277 0.0122159 0.0343813 0.0237126 0.0234243 0.0212032 0.0185644 0.00586322 0.0385324 
Throughputs: 1.52371 1.21242 1.52371 1.39264 1.62202 1.47456 1.72032 1.78586 1.42541 1.80224 1.29434 1.68755 1.80224 1.70394 1.65478 1.81862 1.60563 1.70394 1.72032 1.24518 1.40902 1.3271 1.76947 1.67117 1.45818 1.62202 1.44179 1.67117 1.68755 1.70394 
Utility: 5.04446 4.67714 4.61803 4.79677 3.78129 3.68126 5.21845 3.86668 4.27098 5.03456 4.45309 5.19026 4.37165 5.01725 4.98455 5.25544 5.12492 4.9574 4.73865 4.55558 3.61482 5.17016 4.9757 3.88377 4.11893 4.23765 4.21949 4.50003 5.66234 3.7892 

