--------------------------------------
Time: 5.50043
Split Ratios: 1 0.5 0.5 0.5 0.5 1 0.5 0.5 0.5 0.5 0.5 0.5 0.25 0.25 0.25 0.25 1 1 
Delays: 0.0189241 0.0215782 0.0149387 0.0149772 0.0156507 0.0198865 0.023788 0.0285663 0.0111942 0.0150999 
Throughputs: 1.03219 1.17965 1.03219 1.2288 1.1305 1.03219 1.34349 1.17965 1.16326 1.06496 
Utility: 3.999 4.00129 4.23548 4.40726 4.2799 3.9494 4.03384 3.72074 4.64359 4.25601 

--------------------------------------
Time: 6.00208
Split Ratios: 1 0.092 0.908 0.017 0.983 1 0.039 0.961 0.963 0.037 0.026 0.974 0.017 0.059 0.059 0.864 1 1 
Delays: 0.018642 0.0221771 0.0148748 0.014959 0.0133601 0.0205035 0.0208478 0.0265531 0.0111619 0.0150856 
Throughputs: 1.17965 1.29434 1.08134 1.06496 1.06496 1.21242 1.03219 1.29434 1.1305 1.01581 
Utility: 4.14755 4.06669 4.28629 4.26538 4.37842 4.07977 3.90219 3.88661 4.6179 4.2097 

--------------------------------------
Time: 6.50398
Split Ratios: 1 0.092 0.908 0.017 0.983 1 0.039 0.961 0.963 0.037 0.026 0.974 0.017 0.059 0.059 0.864 1 1 
Delays: 0.0186345 0.0223745 0.0148773 0.015185 0.0133623 0.020527 0.0208102 0.0262476 0.0111426 0.015069 
Throughputs: 1.16326 1.11411 1.44179 1.3271 1.29434 1.06496 1.21242 1.11411 0.917504 1.03219 
Utility: 4.13397 3.90789 4.5738 4.47045 4.57332 3.94895 4.06493 3.74824 4.41088 4.2268 

--------------------------------------
Time: 7.00459
Split Ratios: 1 0.092 0.908 0.017 0.983 1 0.039 0.961 0.963 0.037 0.026 0.974 0.017 0.059 0.059 0.864 1 1 
Delays: 0.0186514 0.0222439 0.014853 0.01522 0.0133281 0.0205861 0.0207386 0.026479 0.0112497 0.0150727 
Throughputs: 0.851968 1.3271 1.2288 1.26157 0.851968 1.26157 1.14688 1.24518 1.09773 1.26157 
Utility: 3.82163 4.08868 4.41559 4.4175 4.15768 4.11549 4.01281 3.85069 4.58066 4.42723 

--------------------------------------
Time: 7.50471
Split Ratios: 1 0.092 0.908 0.017 0.983 1 0.039 0.961 0.963 0.037 0.026 0.974 0.017 0.059 0.059 0.864 1 1 
Delays: 0.018794 0.0222855 0.0148491 0.0150551 0.0132842 0.0205128 0.0207153 0.0263132 0.0111824 0.0149719 
Throughputs: 0.950272 1.39264 1.42541 1.29434 1.2288 1.11411 1.01581 1.27795 0.966656 1.06496 
Utility: 3.92321 4.13502 4.56427 4.45404 4.52722 3.99476 3.89257 3.88294 4.4595 4.26452 

--------------------------------------
Time: 8.00505
Split Ratios: 1 0.092 0.908 0.017 0.983 1 0.039 0.961 0.963 0.037 0.026 0.974 0.017 0.059 0.059 0.864 1 1 
Delays: 0.0186793 0.0222669 0.0148579 0.0150639 0.0133426 0.0206157 0.0208703 0.0261894 0.0112452 0.0150865 
Throughputs: 0.950272 1.19603 1.34349 1.50733 1.21242 1.1305 1.34349 0.917504 1.24518 1.11411 
Utility: 3.92933 3.98366 4.50449 4.60579 4.50941 4.00436 4.1647 3.5563 4.7071 4.30202 

--------------------------------------
Time: 8.50521
Split Ratios: 1 0.092 0.908 0.017 0.983 1 0.039 0.961 0.963 0.037 0.026 0.974 0.017 0.059 0.059 0.864 1 1 
Delays: 0.0186694 0.0223383 0.0148812 0.0148743 0.013213 0.0204641 0.0209187 0.0261828 0.0111937 0.0149327 
Throughputs: 1.08134 1.11411 1.37626 1.14688 0.90112 1.09773 1.16326 1.2288 1.09773 1.35987 
Utility: 4.05907 3.90951 4.52703 4.34517 4.22244 3.98233 4.01834 3.84869 4.58564 4.51159 

--------------------------------------
Time: 9.00541
Split Ratios: 1 0.092 0.908 0.017 0.983 1 0.039 0.961 0.963 0.037 0.026 0.974 0.017 0.059 0.059 0.864 1 1 
Delays: 0.0186462 0.022357 0.0148999 0.0148962 0.0132279 0.0205441 0.020975 0.0262052 0.0112023 0.0150334 
Throughputs: 0.90112 1.31072 1.44179 1.19603 1.24518 1.31072 1.21242 1.11411 0.966656 0.98304 
Utility: 3.878 4.07119 4.57229 4.38566 4.54471 4.15576 4.05704 3.74986 4.45772 4.18038 

--------------------------------------
Time: 9.50608
Split Ratios: 1 0.092 0.908 0.017 0.983 1 0.039 0.961 0.963 0.037 0.026 0.974 0.017 0.059 0.059 0.864 1 1 
Delays: 0.0187296 0.0223779 0.0148919 0.0150262 0.0135514 0.0204874 0.0209066 0.0262861 0.0112182 0.015054 
Throughputs: 1.19603 1.29434 1.11411 1.42541 1.37626 1.06496 1.06496 1.19603 1.17965 1.26157 
Utility: 4.15666 4.05768 4.315 4.55242 4.62063 3.95088 3.93063 3.81773 4.65544 4.42847 

--------------------------------------
Time: 10.0068
Split Ratios: 1 0.092 0.908 0.017 0.983 1 0.039 0.961 0.963 0.037 0.026 0.974 0.017 0.059 0.059 0.864 1 1 
Delays: 0.0186404 0.0222945 0.0148483 0.0150757 0.0130884 0.0206788 0.0210281 0.0262328 0.0112252 0.0150691 
Throughputs: 1.2288 1.16326 1.16326 1.3271 0.98304 1.03219 1.3271 1.24518 1.14688 1.06496 
Utility: 4.18846 3.95464 4.3611 4.47767 4.31892 3.91033 4.1449 3.86003 4.62663 4.25805 

--------------------------------------
Time: 10.5072
Split Ratios: 1 0.092 0.908 0.017 0.983 1 0.039 0.961 0.963 0.037 0.026 0.974 0.017 0.059 0.059 0.864 1 1 
Delays: 0.0187285 0.0222474 0.014852 0.0150813 0.0134795 0.0206245 0.0206055 0.0263724 0.0112246 0.0149433 
Throughputs: 1.1305 1.14688 1.14688 1.2288 1.06496 1.27795 1.21242 1.24518 1.14688 1.16326 
Utility: 4.10037 3.94258 4.34667 4.40034 4.36952 4.12653 4.07481 3.85472 4.62669 4.35473 

--------------------------------------
Time: 11.0086
Split Ratios: 1 0.092 0.908 0.017 0.983 1 0.039 0.961 0.963 0.037 0.026 0.974 0.017 0.059 0.059 0.864 1 1 
Delays: 0.0187148 0.0222521 0.0148657 0.0149172 0.0133202 0.0205782 0.0208214 0.0263813 0.0112244 0.0149625 
Throughputs: 1.03219 1.34349 0.999424 1.17965 1.08134 1.06496 1.17965 1.34349 1.04858 0.933888 
Utility: 4.01013 4.10059 4.20812 4.37045 4.39668 3.94646 4.03699 3.93037 4.53709 4.13381 

--------------------------------------
Time: 11.5089
Split Ratios: 1 0.092 0.908 0.017 0.983 1 0.039 0.961 0.963 0.037 0.026 0.974 0.017 0.059 0.059 0.864 1 1 
Delays: 0.0186045 0.0221447 0.014807 0.0150089 0.0131277 0.0204829 0.0209176 0.026347 0.011176 0.0150221 
Throughputs: 1.01581 0.98304 1.1305 1.19603 0.917504 1.26157 1.19603 1.14688 1.03219 1.1305 
Utility: 4.00004 3.79305 4.33531 4.37812 4.24693 4.12052 4.04617 3.77344 4.52568 4.32089 

--------------------------------------
Time: 12.0091
Split Ratios: 1 0.092 0.908 0.017 0.983 1 0.039 0.961 0.963 0.037 0.026 0.974 0.017 0.059 0.059 0.864 1 1 
Delays: 0.0187475 0.0223236 0.0148963 0.0150094 0.0131271 0.0206055 0.0208221 0.0262694 0.0111824 0.0148685 
Throughputs: 1.17965 1.17965 1.35987 1.26157 1.03219 1.01581 1.29434 1.1305 1.16326 0.966656 
Utility: 4.14191 3.96733 4.51404 4.43143 4.36476 3.89788 4.12974 3.76201 4.64464 4.1746 

--------------------------------------
Time: 12.5101
Split Ratios: 1 0.092 0.908 0.017 0.983 1 0.039 0.961 0.963 0.037 0.026 0.974 0.017 0.059 0.059 0.864 1 1 
Delays: 0.0186786 0.0221865 0.014912 0.0150392 0.0132212 0.0206055 0.0206822 0.0265019 0.0112094 0.0149428 
Throughputs: 1.24518 1.1305 1.26157 1.06496 1.16326 1.27795 1.06496 1.37626 1.14688 1.08134 
Utility: 4.19966 3.93093 4.43794 4.26003 4.47716 4.12745 3.94142 3.94991 4.62805 4.28173 

--------------------------------------
Time: 13.0102
Split Ratios: 1 0.092 0.908 0.017 0.983 1 0.039 0.961 0.963 0.037 0.026 0.974 0.017 0.059 0.059 0.864 1 1 
Delays: 0.0186342 0.0222537 0.0148962 0.0150486 0.0131434 0.020499 0.0207917 0.0261494 0.0111866 0.0148525 
Throughputs: 0.966656 1.24518 1.19603 1.16326 0.966656 1.08134 1.31072 1.16326 1.11411 1.03219 
Utility: 3.94885 4.02453 4.38566 4.3477 4.29793 3.96558 4.14378 3.79516 4.60109 4.24127 

--------------------------------------
Time: 13.5113
Split Ratios: 1 0.092 0.908 0.017 0.983 1 0.039 0.961 0.963 0.037 0.026 0.974 0.017 0.059 0.059 0.864 1 1 
Delays: 0.0188172 0.0221306 0.0148217 0.0150261 0.0132569 0.0205785 0.0209038 0.0263266 0.0111862 0.0149125 
Throughputs: 1.08134 1.29434 1.06496 1.27795 0.786432 1.34349 1.09773 1.52371 1.16326 1.17965 
Utility: 4.05119 4.06879 4.2746 4.44323 4.08299 4.17878 3.96107 4.05832 4.6443 4.37077 

--------------------------------------
Time: 14.0116
Split Ratios: 1 0.092 0.908 0.017 0.983 1 0.039 0.961 0.963 0.037 0.026 0.974 0.017 0.059 0.059 0.864 1 1 
Delays: 0.0186915 0.0221516 0.0148908 0.0150535 0.0132041 0.020485 0.0209897 0.026282 0.0111742 0.0151166 
Throughputs: 1.11411 1.26157 1.19603 1.39264 1.14688 1.01581 1.06496 1.27795 1.21242 1.45818 
Utility: 4.08774 4.0422 4.38602 4.52735 4.46427 3.90375 3.92666 3.88413 4.68677 4.56915 

--------------------------------------
Time: 14.5124
Split Ratios: 1 0.092 0.908 0.017 0.983 1 0.039 0.961 0.963 0.037 0.026 0.974 0.017 0.059 0.059 0.864 1 1 
Delays: 0.0188146 0.0219812 0.0148839 0.0150397 0.0133292 0.0205781 0.0206986 0.0262985 0.0111439 0.014953 
Throughputs: 1.14688 1.21242 1.19603 1.08134 1.1305 1.06496 1.35987 1.1305 1.24518 1.24518 
Utility: 4.11017 4.01018 4.38649 4.27526 4.44045 3.94647 4.18508 3.7609 4.71615 4.42213 

--------------------------------------
Time: 15.0126
Split Ratios: 1 0.092 0.908 0.017 0.983 1 0.039 0.961 0.963 0.037 0.026 0.974 0.017 0.059 0.059 0.864 1 1 
Delays: 0.0187286 0.0223386 0.0148537 0.0150068 0.0132757 0.0204647 0.020623 0.0262011 0.0112567 0.0149743 
Throughputs: 1.01581 1.08134 1.17965 1.37626 1.04858 0.950272 1.08134 1.2288 1.17965 1.19603 
Utility: 3.99339 3.87964 4.37472 4.51862 4.36925 3.83805 3.95955 3.84799 4.65201 4.38043 

--------------------------------------
Time: 15.5132
Split Ratios: 1 0.092 0.908 0.017 0.983 1 0.039 0.961 0.963 0.037 0.026 0.974 0.017 0.059 0.059 0.864 1 1 
Delays: 0.0187151 0.0223276 0.0149227 0.0149947 0.0132911 0.0206528 0.0209638 0.0262942 0.0111571 0.0149262 
Throughputs: 1.09773 1.37626 1.21242 1.26157 1.14688 1.06496 1.29434 1.04858 1.04858 1.04858 
Utility: 4.07167 4.1213 4.39749 4.43241 4.45771 3.94284 4.12296 3.68584 4.54311 4.25207 

--------------------------------------
Time: 16.0135
Split Ratios: 1 0.092 0.908 0.017 0.983 1 0.039 0.961 0.963 0.037 0.026 0.974 0.017 0.059 0.059 0.864 1 1 
Delays: 0.0186671 0.0222582 0.014883 0.0149646 0.0132662 0.0205642 0.0205897 0.0265146 0.0111591 0.0149192 
Throughputs: 1.06496 1.31072 1.1305 1.3271 0.917504 0.950272 1.03219 1.29434 1.14688 1.24518 
Utility: 4.04393 4.07562 4.33019 4.48507 4.23644 3.8332 3.91465 3.88806 4.63254 4.42439 

--------------------------------------
Time: 16.5137
Split Ratios: 1 0.092 0.908 0.017 0.983 1 0.039 0.961 0.963 0.037 0.026 0.974 0.017 0.059 0.059 0.864 1 1 
Delays: 0.0187482 0.0221301 0.0149318 0.0150047 0.0133065 0.0206672 0.0208476 0.0263915 0.0111319 0.0150734 
Throughputs: 1.16326 1.29434 1.19603 1.19603 1.24518 1.1305 1.31072 1.17965 1.14688 1.27795 
Utility: 4.12789 4.06881 4.38327 4.3784 4.53879 4.00186 4.14109 3.79993 4.63498 4.44008 

--------------------------------------
Time: 17.0139
Split Ratios: 1 0.092 0.908 0.017 0.983 1 0.039 0.961 0.963 0.037 0.026 0.974 0.017 0.059 0.059 0.864 1 1 
Delays: 0.018731 0.0222886 0.0148903 0.014988 0.0132545 0.0204844 0.0208003 0.0266119 0.0111621 0.015011 
Throughputs: 1.19603 1.06496 1.19603 0.950272 0.917504 1.01581 1.21242 1.09773 1.17965 1.27795 
Utility: 4.15659 3.86661 4.38605 4.1495 4.23732 3.90378 4.0654 3.71964 4.66045 4.44423 

--------------------------------------
Time: 17.5153
Split Ratios: 1 0.092 0.908 0.017 0.983 1 0.039 0.961 0.963 0.037 0.026 0.974 0.017 0.059 0.059 0.864 1 1 
Delays: 0.0187326 0.0221829 0.0149225 0.0149627 0.0132002 0.0205681 0.0208047 0.0266125 0.0111317 0.0150113 
Throughputs: 1.11411 1.40902 1.58925 1.08134 0.884736 1.2288 0.98304 0.950272 1.06496 1.17965 
Utility: 4.08555 4.15133 4.66815 4.2804 4.20506 4.09005 3.85547 3.57537 4.56089 4.36417 

--------------------------------------
Time: 18.0161
Split Ratios: 1 0.092 0.908 0.017 0.983 1 0.039 0.961 0.963 0.037 0.026 0.974 0.017 0.059 0.059 0.864 1 1 
Delays: 0.018935 0.0224129 0.0148892 0.0150545 0.0132837 0.020593 0.0211473 0.0264922 0.0111605 0.0151125 
Throughputs: 1.26157 1.42541 0.933888 1.1305 1.03219 1.17965 1.44179 1.24518 1.03219 1.44179 
Utility: 4.1991 4.15258 4.13872 4.31873 4.3529 4.04802 4.22213 3.85019 4.52706 4.55812 

--------------------------------------
Time: 18.5163
Split Ratios: 1 0.092 0.908 0.017 0.983 1 0.039 0.961 0.963 0.037 0.026 0.974 0.017 0.059 0.059 0.864 1 1 
Delays: 0.0187745 0.0222862 0.0148503 0.0149889 0.0132647 0.020567 0.0206828 0.0267386 0.0112577 0.0150342 
Throughputs: 1.08134 1.2288 1.03219 1.16326 1.14688 1.17965 1.26157 1.21242 1.04858 1.09773 
Utility: 4.05346 4.00983 4.24142 4.35168 4.45969 4.04928 4.11081 3.81426 4.53414 4.29067 

--------------------------------------
Time: 19.0164
Split Ratios: 1 0.092 0.908 0.017 0.983 1 0.039 0.961 0.963 0.037 0.026 0.974 0.017 0.059 0.059 0.864 1 1 
Delays: 0.0186561 0.0222329 0.0148738 0.0148934 0.0133233 0.0205687 0.0209561 0.0262478 0.0112027 0.0150542 
Throughputs: 1.09773 1.03219 1.3271 1.11411 1.03219 1.21242 1.34349 1.19603 0.851968 1.03219 
Utility: 4.07483 3.83787 4.49115 4.31489 4.34993 4.0766 4.16059 3.81918 4.33139 4.22778 

--------------------------------------
Time: 19.5166
Split Ratios: 1 0.092 0.908 0.017 0.983 1 0.039 0.961 0.963 0.037 0.026 0.974 0.017 0.059 0.059 0.864 1 1 
Delays: 0.0186612 0.0222384 0.0148543 0.0150948 0.0132949 0.0207211 0.0208516 0.0266015 0.0111157 0.0150204 
Throughputs: 1.26157 1.3271 1.19603 1.34349 1.11411 1.26157 1.31072 1.40902 1.04858 1.01581 
Utility: 4.21367 4.08893 4.38847 4.48868 4.42844 4.10896 4.1409 3.96968 4.54683 4.21403 

--------------------------------------
Time: 20.0171
Split Ratios: 1 0.092 0.908 0.017 0.983 1 0.039 0.961 0.963 0.037 0.026 0.974 0.017 0.059 0.059 0.864 1 1 
Delays: 0.0189096 0.0223187 0.0148851 0.0149526 0.0134326 0.0208351 0.020883 0.0263875 0.011141 0.0149177 
Throughputs: 0.90112 1.17965 0.884736 1.65478 1.16326 1.21242 1.3271 1.16326 1.17965 0.950272 
Utility: 3.86397 3.96755 4.08493 4.70654 4.4613 4.06373 4.15182 3.7861 4.66234 4.1542 

--------------------------------------
Time: 20.5171
Split Ratios: 1 0.092 0.908 0.017 0.983 1 0.039 0.961 0.963 0.037 0.026 0.974 0.017 0.059 0.059 0.864 1 1 
Delays: 0.0186534 0.0221255 0.0148974 0.0151075 0.0130175 0.0206378 0.0207202 0.0263235 0.0112036 0.0150533 
Throughputs: 1.16326 1.26157 1.37626 1.47456 0.884736 1.01581 1.21242 1.3271 1.19603 1.29434 
Utility: 4.13296 4.04338 4.52594 4.58092 4.219 3.89632 4.06926 3.92029 4.67053 4.45416 

--------------------------------------
Time: 21.0172
Split Ratios: 1 0.092 0.908 0.017 0.983 1 0.039 0.961 0.963 0.037 0.026 0.974 0.017 0.059 0.059 0.864 1 1 
Delays: 0.0186192 0.0221788 0.0148483 0.0151277 0.0134407 0.0204768 0.0207849 0.0268657 0.0112079 0.0151453 
Throughputs: 1.37626 1.17965 1.08134 1.35987 0.950272 0.933888 1.09773 1.39264 1.04858 1.1305 
Utility: 4.30293 3.97383 4.28807 4.49862 4.25846 3.82006 3.96677 3.94811 4.53857 4.31272 

--------------------------------------
Time: 21.5183
Split Ratios: 1 0.092 0.908 0.017 0.983 1 0.039 0.961 0.963 0.037 0.026 0.974 0.017 0.059 0.059 0.864 1 1 
Delays: 0.0185878 0.0221938 0.0148856 0.0150819 0.013239 0.0204262 0.0211438 0.0261 0.0111801 0.0150611 
Throughputs: 1.01581 1.27795 1.26157 1.39264 1.16326 1.09773 1.09773 1.16326 1.11411 1.19603 
Utility: 4.00093 4.0532 4.43972 4.52546 4.47581 3.98418 3.94965 3.79705 4.60168 4.37465 

--------------------------------------
Time: 22.0192
Split Ratios: 1 0.092 0.908 0.017 0.983 1 0.039 0.961 0.963 0.037 0.026 0.974 0.017 0.059 0.059 0.864 1 1 
Delays: 0.0187308 0.0221927 0.0149053 0.0149069 0.0132189 0.0205491 0.0210386 0.0262729 0.0111779 0.0150528 
Throughputs: 1.21242 1.24518 1.27795 1.21242 1.06496 0.999424 1.26157 1.14688 1.08134 1.39264 
Utility: 4.1702 4.02727 4.4513 4.39855 4.38905 3.88436 4.09375 3.77626 4.57202 4.52739 

--------------------------------------
Time: 22.5195
Split Ratios: 1 0.092 0.908 0.017 0.983 1 0.039 0.961 0.963 0.037 0.026 0.974 0.017 0.059 0.059 0.864 1 1 
Delays: 0.0186512 0.0221813 0.0148678 0.014913 0.013408 0.0206268 0.0208386 0.0265149 0.0112797 0.0149834 
Throughputs: 1.16326 1.31072 0.98304 1.14688 1.11411 1.09773 1.19603 1.35987 1.27795 1.19603 
Utility: 4.13308 4.07908 4.19145 4.34257 4.41996 3.97441 4.04996 3.93744 4.73001 4.37982 

--------------------------------------
Time: 23.0198
Split Ratios: 1 0.092 0.908 0.017 0.983 1 0.039 0.961 0.963 0.037 0.026 0.974 0.017 0.059 0.059 0.864 1 1 
Delays: 0.0186028 0.0220335 0.0149093 0.0150022 0.013296 0.0206879 0.0206945 0.0266391 0.0112152 0.0149637 
Throughputs: 1.04858 1.04858 1.24518 1.1305 1.19603 1.11411 1.19603 1.09773 1.29434 1.29434 
Utility: 4.03188 3.86262 4.42505 4.32222 4.4993 3.98626 4.05689 3.71862 4.74848 4.46013 

--------------------------------------
Time: 23.5204
Split Ratios: 1 0.092 0.908 0.017 0.983 1 0.039 0.961 0.963 0.037 0.026 0.974 0.017 0.059 0.059 0.864 1 1 
Delays: 0.0187604 0.0222139 0.014967 0.0152374 0.0134114 0.0203983 0.0209351 0.0265591 0.0112504 0.0150107 
Throughputs: 1.21242 1.3271 1.04858 1.39264 0.90112 1.3271 1.42541 1.2288 1.24518 1.1305 
Utility: 4.16862 4.09004 4.24934 4.51521 4.20753 4.1753 4.22079 3.83442 4.70663 4.32165 

--------------------------------------
Time: 24.0217
Split Ratios: 1 0.092 0.908 0.017 0.983 1 0.039 0.961 0.963 0.037 0.026 0.974 0.017 0.059 0.059 0.864 1 1 
Delays: 0.018654 0.022277 0.0148926 0.0150021 0.0133951 0.0207178 0.0207338 0.0264957 0.0111327 0.0150681 
Throughputs: 1.04858 1.19603 1.17965 1.3271 0.917504 1.16326 1.24518 1.60563 0.884736 1.2288 
Utility: 4.02913 3.98321 4.37211 4.48256 4.22677 4.02799 4.09527 4.10429 4.3754 4.40121 

--------------------------------------
Time: 24.5224
Split Ratios: 1 0.092 0.908 0.017 0.983 1 0.039 0.961 0.963 0.037 0.026 0.974 0.017 0.059 0.059 0.864 1 1 
Delays: 0.0187472 0.0222656 0.0148291 0.0149947 0.0132517 0.0205577 0.0207996 0.0264949 0.0111443 0.0150496 
Throughputs: 1.11411 1.14688 1.21242 1.47456 0.868352 1.24518 1.06496 1.40902 1.03219 1.14688 
Utility: 4.08477 3.94176 4.40378 4.58842 4.18247 4.1038 3.93576 3.9737 4.52851 4.33345 

--------------------------------------
Time: 25.0224
Split Ratios: 1 0.092 0.908 0.017 0.983 1 0.039 0.961 0.963 0.037 0.026 0.974 0.017 0.059 0.059 0.864 1 1 
Delays: 0.0187804 0.0222633 0.0148542 0.0150435 0.0131646 0.0205334 0.0205041 0.0265234 0.0111447 0.014958 
Throughputs: 1.29434 1.1305 1.21242 1.39264 1.1305 1.09773 1.19603 1.14688 0.950272 1.08134 
Utility: 4.23294 3.92747 4.40209 4.52801 4.45288 3.97894 4.06614 3.76677 4.44579 4.28071 

--------------------------------------
Time: 25.5226
Split Ratios: 1 0.092 0.908 0.017 0.983 1 0.039 0.961 0.963 0.037 0.026 0.974 0.017 0.059 0.059 0.864 1 1 
Delays: 0.0186965 0.0222665 0.0149049 0.0149585 0.0132095 0.0204782 0.0206719 0.0262481 0.0111601 0.0149827 
Throughputs: 1.11411 1.50733 1.5401 1.06496 1.11411 1.08134 1.08134 1.06496 0.835584 1.16326 
Utility: 4.08748 4.21501 4.63791 4.26541 4.43488 3.9666 3.95719 3.7031 4.31579 4.35209 

--------------------------------------
Time: 26.0233
Split Ratios: 1 0.092 0.908 0.017 0.983 1 0.039 0.961 0.963 0.037 0.026 0.974 0.017 0.059 0.059 0.864 1 1 
Delays: 0.0186173 0.0221598 0.0148516 0.0152012 0.0132629 0.0205594 0.020997 0.0266826 0.0111222 0.0149597 
Throughputs: 0.933888 1.03219 1.31072 1.35987 0.884736 1.16326 1.14688 1.17965 1.01581 1.03219 
Utility: 3.91526 3.84116 4.48022 4.49377 4.20032 4.03567 4.00042 3.78896 4.5145 4.23408 

--------------------------------------
Time: 26.5235
Split Ratios: 1 0.092 0.908 0.017 0.983 1 0.039 0.961 0.963 0.037 0.026 0.974 0.017 0.059 0.059 0.864 1 1 
Delays: 0.0186701 0.0222905 0.0148314 0.0150666 0.0131847 0.0204886 0.0206935 0.0262895 0.0112712 0.0149515 
Throughputs: 1.1305 1.39264 1.09773 1.3271 0.966656 1.06496 1.21242 1.5401 1.19603 1.11411 
Utility: 4.10349 4.1348 4.30425 4.47828 4.29478 3.95082 4.07055 4.07043 4.66452 4.311 

--------------------------------------
Time: 27.0239
Split Ratios: 1 0.092 0.908 0.017 0.983 1 0.039 0.961 0.963 0.037 0.026 0.974 0.017 0.059 0.059 0.864 1 1 
Delays: 0.0188106 0.0222098 0.0149352 0.0150871 0.0133342 0.0205257 0.0206532 0.0263427 0.0112517 0.0150181 
Throughputs: 1.08134 1.21242 0.933888 1.34349 1.06496 1.31072 1.17965 1.27795 1.09773 1.1305 
Utility: 4.05154 3.99984 4.13564 4.48919 4.38036 4.15666 4.0451 3.88182 4.58048 4.32115 

--------------------------------------
Time: 27.5242
Split Ratios: 1 0.092 0.908 0.017 0.983 1 0.039 0.961 0.963 0.037 0.026 0.974 0.017 0.059 0.059 0.864 1 1 
Delays: 0.0186587 0.022282 0.0148759 0.0151077 0.0133981 0.020589 0.0210155 0.026581 0.011175 0.0149619 
Throughputs: 0.966656 1.26157 1.1305 1.21242 1.09773 0.98304 1.40902 1.21242 1.08134 0.999424 
Utility: 3.94753 4.03633 4.33067 4.38517 4.40588 3.86589 4.20539 3.82017 4.57228 4.20168 

--------------------------------------
Time: 28.0252
Split Ratios: 1 0.092 0.908 0.017 0.983 1 0.039 0.961 0.963 0.037 0.026 0.974 0.017 0.059 0.059 0.864 1 1 
Delays: 0.0186987 0.0222564 0.0147918 0.0149636 0.0133199 0.0205295 0.0208099 0.026464 0.0111579 0.0150167 
Throughputs: 1.27795 1.09773 0.868352 1.19603 1.09773 0.966656 1.14688 1.09773 1.17965 1.11411 
Utility: 4.22456 3.89837 4.07253 4.38115 4.41174 3.85198 4.00937 3.72521 4.66082 4.30665 

--------------------------------------
Time: 28.5272
Split Ratios: 1 0.092 0.908 0.017 0.983 1 0.039 0.961 0.963 0.037 0.026 0.974 0.017 0.059 0.059 0.864 1 1 
Delays: 0.0187768 0.0221886 0.0148991 0.0149764 0.0133282 0.020474 0.0207816 0.0263187 0.011135 0.0150205 
Throughputs: 1.27795 1.03219 1.2288 1.19603 1.17965 0.999424 1.27795 1.01581 0.835584 1.29434 
Utility: 4.22039 3.83986 4.41249 4.38029 4.48309 3.88802 4.11894 3.65316 4.31804 4.45634 

--------------------------------------
Time: 29.0295
Split Ratios: 1 0.092 0.908 0.017 0.983 1 0.039 0.961 0.963 0.037 0.026 0.974 0.017 0.059 0.059 0.864 1 1 
Delays: 0.0186782 0.0221994 0.0148971 0.0150569 0.0132776 0.0205483 0.0206171 0.0260184 0.0111451 0.0149677 
Throughputs: 0.90112 1.04858 1.29434 1.11411 1.04858 1.03219 1.39264 1.03219 1.19603 1.16326 
Utility: 3.87628 3.85512 4.46459 4.30398 4.36911 3.91666 4.21284 3.68064 4.67576 4.35309 

--------------------------------------
Time: 29.5305
Split Ratios: 1 0.092 0.908 0.017 0.983 1 0.039 0.961 0.963 0.037 0.026 0.974 0.017 0.059 0.059 0.864 1 1 
Delays: 0.0187358 0.0222741 0.0148773 0.0151963 0.013496 0.0205976 0.0209743 0.0263791 0.0112032 0.0149728 
Throughputs: 1.09773 1.37626 1.21242 1.35987 1.09773 1.19603 1.11411 1.24518 1.16326 1.24518 
Utility: 4.07056 4.1237 4.40053 4.4941 4.39861 4.06159 3.97251 3.85446 4.64279 4.4208 

--------------------------------------
Time: 30.0311
Split Ratios: 1 0.092 0.908 0.017 0.983 1 0.039 0.961 0.963 0.037 0.026 0.974 0.017 0.059 0.059 0.864 1 1 
Delays: 0.0186274 0.0221973 0.0148627 0.0149822 0.0131085 0.0204706 0.0210318 0.0265729 0.0112176 0.0150816 
Throughputs: 0.999424 1.09773 1.34349 1.21242 1.08134 1.26157 1.21242 1.40902 0.933888 0.966656 
Utility: 3.98255 3.90103 4.50417 4.3935 4.4127 4.12112 4.05434 3.97076 4.42187 4.16036 

--------------------------------------
Time: 30.5315
Split Ratios: 1 0.092 0.908 0.017 0.983 1 0.039 0.961 0.963 0.037 0.026 0.974 0.017 0.059 0.059 0.864 1 1 
Delays: 0.0188062 0.0221683 0.0148999 0.0149442 0.0132777 0.0204009 0.0209589 0.0263095 0.0112355 0.0150142 
Throughputs: 1.29434 1.17965 1.1305 1.29434 1.08134 1.2288 1.24518 1.17965 1.52371 0.966656 
Utility: 4.23156 3.97431 4.32906 4.46143 4.39987 4.09821 4.08448 3.80304 4.90983 4.16485 

--------------------------------------
Time: 31.0319
Split Ratios: 1 0.092 0.908 0.017 0.983 1 0.039 0.961 0.963 0.037 0.026 0.974 0.017 0.059 0.059 0.864 1 1 
Delays: 0.0186724 0.0222503 0.0149066 0.0150082 0.0131552 0.0207546 0.0205902 0.0263438 0.0112478 0.0150458 
Throughputs: 1.27795 1.17965 1.35987 1.24518 1.06496 1.06496 1.29434 1.19603 1.19603 1.09773 
Utility: 4.22597 3.97061 4.51334 4.41844 4.39387 3.93792 4.14094 3.81553 4.66659 4.2899 

--------------------------------------
Time: 31.5324
Split Ratios: 1 0.092 0.908 0.017 0.983 1 0.039 0.961 0.963 0.037 0.026 0.974 0.017 0.059 0.059 0.864 1 1 
Delays: 0.0186678 0.0223297 0.0148857 0.0150168 0.0133219 0.0206918 0.0207375 0.0265118 0.0112019 0.0149582 
Throughputs: 1.09773 1.40902 1.3271 1.19603 0.73728 1.06496 1.26157 1.50733 1.29434 0.933888 
Utility: 4.0742 4.14474 4.49036 4.3776 4.01356 3.94095 4.10817 4.04051 4.74967 4.1341 

--------------------------------------
Time: 32.033
Split Ratios: 1 0.092 0.908 0.017 0.983 1 0.039 0.961 0.963 0.037 0.026 0.974 0.017 0.059 0.059 0.864 1 1 
Delays: 0.0187465 0.0223456 0.0149061 0.0150713 0.0132773 0.0204674 0.020971 0.026409 0.0111424 0.0150467 
Throughputs: 1.26157 1.06496 1.09773 1.2288 1.06496 1.2288 1.11411 1.35987 0.98304 1.14688 
Utility: 4.2091 3.86406 4.29923 4.401 4.38464 4.09496 3.97267 3.94144 4.47989 4.33364 

--------------------------------------
Time: 32.5333
Split Ratios: 1 0.092 0.908 0.017 0.983 1 0.039 0.961 0.963 0.037 0.026 0.974 0.017 0.059 0.059 0.864 1 1 
Delays: 0.0186723 0.0222441 0.0148012 0.0150791 0.0131809 0.0204399 0.0208148 0.0262861 0.0111099 0.0149088 
Throughputs: 1.09773 1.21242 1.37626 1.21242 1.24518 1.11411 1.04858 1.24518 1.16326 1.01581 
Utility: 4.07395 3.99829 4.53241 4.38706 4.54827 3.99832 3.91952 3.858 4.65115 4.22149 

--------------------------------------
Time: 33.0348
Split Ratios: 1 0.092 0.908 0.017 0.983 1 0.039 0.961 0.963 0.037 0.026 0.974 0.017 0.059 0.059 0.864 1 1 
Delays: 0.0186477 0.0221268 0.0148765 0.0150783 0.0133817 0.0205983 0.0211463 0.0265137 0.0111919 0.0149738 
Throughputs: 1.03219 1.16326 1.08134 1.26157 0.98304 1.40902 1.3271 1.24518 1.16326 1.35987 
Utility: 4.01372 3.9622 4.28618 4.42685 4.29676 4.22545 4.13929 3.84938 4.6438 4.50884 

--------------------------------------
Time: 33.5365
Split Ratios: 1 0.092 0.908 0.017 0.983 1 0.039 0.961 0.963 0.037 0.026 0.974 0.017 0.059 0.059 0.864 1 1 
Delays: 0.0187394 0.0222105 0.0148394 0.0150838 0.0132789 0.0206012 0.0212869 0.0264893 0.0111299 0.0149904 
Throughputs: 1.19603 1.29434 1.3271 1.42541 1.11411 1.03219 0.999424 1.26157 1.1305 0.950272 
Utility: 4.15613 4.06519 4.49347 4.54859 4.42964 3.91409 3.84909 3.86337 4.62078 4.14934 

--------------------------------------
Time: 34.0377
Split Ratios: 1 0.092 0.908 0.017 0.983 1 0.039 0.961 0.963 0.037 0.026 0.974 0.017 0.059 0.059 0.864 1 1 
Delays: 0.0186425 0.02223 0.0149455 0.0150586 0.0131097 0.0204567 0.0208843 0.0261989 0.0111491 0.01509 
Throughputs: 1.42541 0.98304 1.57286 1.29434 0.868352 1.06496 1.16326 1.29434 1.14688 1.3271 
Utility: 4.33677 3.78921 4.65624 4.4538 4.19324 3.95238 4.01999 3.90003 4.63344 4.47672 

--------------------------------------
Time: 34.5399
Split Ratios: 1 0.092 0.908 0.017 0.983 1 0.039 0.961 0.963 0.037 0.026 0.974 0.017 0.059 0.059 0.864 1 1 
Delays: 0.0188239 0.022244 0.0148898 0.0150487 0.0131401 0.0205171 0.0209102 0.0261985 0.0111993 0.0149665 
Throughputs: 1.21242 1.21242 1.27795 1.3271 1.04858 1.06496 1.35987 1.26157 1.27795 1.42541 
Utility: 4.16524 3.9983 4.45234 4.47947 4.37952 3.94943 4.17491 3.87441 4.73717 4.5564 

--------------------------------------
Time: 35.0402
Split Ratios: 1 0.092 0.908 0.017 0.983 1 0.039 0.961 0.963 0.037 0.026 0.974 0.017 0.059 0.059 0.864 1 1 
Delays: 0.0187838 0.0222278 0.0148019 0.0149347 0.0135447 0.0206046 0.0207342 0.0261996 0.0112014 0.0151056 
Throughputs: 1.19603 1.50733 1.01581 1.04858 0.917504 1.01581 1.08134 1.26157 1.21242 0.999424 
Utility: 4.15377 4.21675 4.22868 4.2515 4.21566 3.89793 3.95417 3.87437 4.68433 4.19212 

--------------------------------------
Time: 35.5404
Split Ratios: 1 0.092 0.908 0.017 0.983 1 0.039 0.961 0.963 0.037 0.026 0.974 0.017 0.059 0.059 0.864 1 1 
Delays: 0.0186179 0.0222309 0.0149092 0.0149448 0.0132956 0.0204568 0.0207047 0.0264093 0.0111908 0.0149952 
Throughputs: 1.03219 1.11411 1.08134 0.98304 1.11411 1.06496 1.09773 1.34349 0.966656 1.01581 
Utility: 4.01532 3.91433 4.28398 4.18629 4.42838 3.95238 3.97064 3.92931 4.45875 4.21571 

--------------------------------------
Time: 36.0404
Split Ratios: 1 0.092 0.908 0.017 0.983 1 0.039 0.961 0.963 0.037 0.026 0.974 0.017 0.059 0.059 0.864 1 1 
Delays: 0.0186923 0.0222691 0.0148736 0.0150713 0.013042 0.0205724 0.0207008 0.0264064 0.0111841 0.0149661 
Throughputs: 1.04858 1.11411 1.27795 1.26157 0.966656 1.26157 1.37626 1.34349 1.11411 1.09773 
Utility: 4.02708 3.91261 4.45342 4.42732 4.30567 4.11616 4.19695 3.92942 4.60132 4.29521 

