--------------------------------------
Time: 5.50041
Split Ratios: 1 1 1 1 1 1 1 1 1 0.5 0.5 1 0.5 0.5 1 0.5 0.5 1 1 1 0.5 0.5 0.5 0.5 1 0.5 0.5 1 0.5 0.5 1 1 0.5 0.5 1 1 1 1 
Delays: 0.0204745 0.0177896 0.0101343 0.00593385 0.0196199 0.022367 0.0307282 0.00933084 0.0193797 0.0221443 0.0247786 0.0368249 0.0161325 0.0333892 0.0182233 0.0144211 0.0201952 0.0196098 0.0215711 0.0272984 0.0313546 0.00791269 0.0140977 0.0112496 0.00930456 0.0131928 0.00938338 0.0154199 0.0199018 0.0198332 
Throughputs: 1.7367 1.7367 1.81862 1.65478 1.67117 1.68755 1.65478 1.83501 1.68755 1.7367 1.86778 1.68755 1.47456 1.76947 1.6384 1.62202 1.65478 1.70394 2.048 1.50733 1.76947 2.03162 1.76947 1.55648 1.58925 1.85139 1.57286 1.62202 1.75309 1.58925 
Utility: 4.44057 4.58113 5.18991 5.63075 4.44474 4.32345 3.98624 5.28148 4.46681 4.36217 4.32252 3.82486 4.51528 3.9702 4.49877 4.72273 4.40598 4.46467 4.55326 4.01127 4.03307 5.54812 4.83242 4.92985 5.14051 4.94402 5.12171 4.65576 4.47832 4.38366 

--------------------------------------
Time: 6.00062
Split Ratios: 1 1 1 1 0.997 1 1 1 1 0.994 0.006 1 0.035 0.965 1 0.138 0.862 1 1 1 0.827 0.173 0.892 0.108 1 0.219 0.781 1 0.917 0.083 1 1 0.048 0.952 1 1 1 1 
Delays: 0.0210296 0.0179615 0.0107022 0.00586661 0.0195701 0.0227619 0.030492 0.00934529 0.0195052 0.0286347 0.0259571 0.0435211 0.0173232 0.0328382 0.01849 0.0145963 0.0205268 0.0198821 0.0278173 0.0271594 0.0348965 0.00793794 0.0156615 0.0111039 0.00928547 0.0120397 0.00948382 0.0163862 0.0197463 0.0221005 
Throughputs: 1.76947 1.91693 1.88416 1.65478 1.78586 1.55648 1.75309 1.80224 1.50733 2.12992 1.99885 1.67117 1.98246 1.90054 1.68755 1.83501 1.86778 1.49094 1.83501 1.5401 1.7367 1.7367 1.35987 1.65478 1.93331 1.70394 1.68755 2.24461 1.62202 1.93331 
Utility: 4.4325 4.67025 5.17079 5.64215 4.51365 4.22509 4.05167 5.26191 4.34741 4.30922 4.34388 3.64803 4.74005 4.0583 4.5138 4.83403 4.51077 4.31734 4.18915 4.03788 3.90736 5.38809 4.46394 5.00413 5.33854 4.95249 5.18145 4.91985 4.40846 4.47139 

--------------------------------------
Time: 6.50072
Split Ratios: 1 1 1 1 0.997 1 1 1 1 0.994 0.006 1 0.035 0.965 1 0.138 0.862 1 1 1 0.827 0.173 0.892 0.108 1 0.219 0.781 1 0.917 0.083 1 1 0.048 0.952 1 1 1 1 
Delays: 0.0207419 0.0179033 0.0103221 0.00573362 0.0190061 0.0224906 0.0306123 0.00927619 0.0196398 0.0284131 0.0249939 0.0426827 0.0171037 0.0328393 0.018378 0.0141536 0.0199526 0.0205798 0.0260563 0.0273667 0.0331727 0.00787383 0.0160352 0.0111098 0.00932573 0.011963 0.00939462 0.0156574 0.0200711 0.0200514 
Throughputs: 1.83501 1.76947 1.83501 1.40902 1.67117 1.49094 1.81862 1.52371 1.85139 1.78586 1.72032 1.75309 1.7367 1.86778 1.86778 1.86778 1.67117 1.81862 1.88416 1.88416 1.91693 1.65478 1.42541 1.49094 1.78586 1.62202 1.80224 1.80224 1.6384 1.5401 
Utility: 4.48265 4.59345 5.18052 5.5043 4.47652 4.19407 4.08443 5.10145 4.54613 4.1408 4.23164 3.71534 4.62045 4.04088 4.62135 4.88253 4.42792 4.48153 4.28098 4.23191 4.05675 5.34788 4.48743 4.89934 5.25488 4.9096 5.25665 4.74584 4.4022 4.3413 

--------------------------------------
Time: 7.00083
Split Ratios: 1 1 1 1 0.997 1 1 1 1 0.994 0.006 1 0.035 0.965 1 0.138 0.862 1 1 1 0.827 0.173 0.892 0.108 1 0.219 0.781 1 0.917 0.083 1 1 0.048 0.952 1 1 1 1 
Delays: 0.0224818 0.0196345 0.0100742 0.0057969 0.0195399 0.0219516 0.0308229 0.00927116 0.0201742 0.0292632 0.0280107 0.0454409 0.0173848 0.0327803 0.0179812 0.0143165 0.0196945 0.0221604 0.0301943 0.0274678 0.0374271 0.00773842 0.0165678 0.0111523 0.00927011 0.0119254 0.00946388 0.0161885 0.023081 0.0233607 
Throughputs: 1.93331 2.08077 1.57286 1.52371 1.81862 1.78586 1.88416 1.68755 1.78586 1.88416 1.83501 1.93331 1.55648 1.81862 1.72032 1.44179 1.57286 1.88416 1.7367 1.83501 1.70394 1.7367 1.83501 1.86778 1.60563 1.6384 1.83501 2.08077 2.048 1.62202 
Utility: 4.45428 4.66321 5.05067 5.57158 4.53338 4.39881 4.11298 5.20413 4.48325 4.16491 4.18222 3.75058 4.49459 4.01601 4.56094 4.61223 4.38031 4.44293 4.05209 4.20179 3.8183 5.41355 4.70734 5.12085 5.15448 4.9228 5.26732 4.85619 4.48561 4.24037 

--------------------------------------
Time: 7.50108
Split Ratios: 1 1 1 1 0.997 1 1 1 1 0.994 0.006 1 0.035 0.965 1 0.138 0.862 1 1 1 0.827 0.173 0.892 0.108 1 0.219 0.781 1 0.917 0.083 1 1 0.048 0.952 1 1 1 1 
Delays: 0.0211492 0.0186014 0.010072 0.00584657 0.0200044 0.0228052 0.0315174 0.00925728 0.0197063 0.0281931 0.0246076 0.0411493 0.0173445 0.0327361 0.0185018 0.0146815 0.0209467 0.020869 0.0259594 0.0271711 0.0318884 0.00790176 0.0162128 0.0111604 0.00928767 0.0119391 0.00943647 0.0156197 0.0195575 0.0192159 
Throughputs: 1.75309 1.9497 1.47456 1.60563 1.68755 1.70394 1.93331 1.7367 1.62202 1.98246 1.65478 2.048 1.88416 1.9497 1.62202 1.88416 2.03162 1.98246 1.68755 1.6384 1.67117 1.83501 1.6384 1.67117 1.88416 1.58925 1.90054 1.67117 1.55648 1.5401 
Utility: 4.41753 4.65219 4.98635 5.61542 4.43508 4.31371 4.11645 5.23433 4.41048 4.25302 4.20837 3.90741 4.68796 4.08695 4.47356 4.85465 4.5746 4.55383 4.1745 4.09932 3.95904 5.44772 4.61567 5.0089 5.31255 4.8912 5.30531 4.67275 4.37682 4.38386 

--------------------------------------
Time: 8.00164
Split Ratios: 1 1 1 1 0.997 1 1 1 1 0.994 0.006 1 0.035 0.965 1 0.138 0.862 1 1 1 0.827 0.173 0.892 0.108 1 0.219 0.781 1 0.917 0.083 1 1 0.048 0.952 1 1 1 1 
Delays: 0.0208118 0.0188974 0.0105738 0.00577116 0.0190121 0.0217073 0.0301958 0.00932931 0.019623 0.02795 0.025659 0.0428379 0.0169455 0.032651 0.0179511 0.0141104 0.0197014 0.0214676 0.0258593 0.0270984 0.0333831 0.00787766 0.016115 0.0111174 0.00928854 0.0120933 0.0093574 0.0158032 0.0207492 0.0203293 
Throughputs: 1.76947 1.7367 2.01523 1.7367 1.34349 1.6384 1.6384 1.7367 1.76947 1.67117 1.72032 1.80224 1.67117 1.67117 1.80224 1.88416 1.39264 2.1463 1.86778 1.55648 1.80224 2.06438 1.9497 1.58925 1.76947 1.57286 1.50733 1.88416 1.7367 1.57286 
Utility: 4.44292 4.52072 5.25011 5.70687 4.25795 4.32383 3.99377 5.22658 4.50174 4.09086 4.20537 3.73936 4.59128 3.9354 4.60913 4.89433 4.25827 4.60496 4.27983 4.05071 3.98874 5.56856 4.79568 4.9625 5.24966 4.868 5.08193 4.78102 4.42724 4.34859 

--------------------------------------
Time: 8.50171
Split Ratios: 1 1 1 1 0.997 1 1 1 1 0.994 0.006 1 0.035 0.965 1 0.138 0.862 1 1 1 0.827 0.173 0.892 0.108 1 0.219 0.781 1 0.917 0.083 1 1 0.048 0.952 1 1 1 1 
Delays: 0.0210493 0.0187436 0.0100095 0.00572294 0.0193557 0.0220588 0.0304654 0.00929776 0.0198664 0.0277094 0.026065 0.0440056 0.0171847 0.0329914 0.0179766 0.014045 0.020002 0.0209511 0.0281776 0.0272955 0.035334 0.00773098 0.0165594 0.0111537 0.00928887 0.0118998 0.00946404 0.0157202 0.0205251 0.0219223 
Throughputs: 1.62202 1.9497 1.58925 1.60563 1.58925 1.68755 1.93331 2.08077 1.55648 1.78586 1.52371 1.96608 1.78586 1.98246 1.70394 1.67117 1.88416 1.83501 1.7367 1.70394 1.81862 1.96608 1.81862 1.90054 1.76947 1.88416 1.9497 1.75309 1.72032 1.67117 
Utility: 4.34456 4.64458 5.06748 5.63679 4.40803 4.33732 4.1504 5.41072 4.36115 4.16588 4.06831 3.79948 4.64363 4.09585 4.55162 4.77901 4.54541 4.47261 4.12122 4.13397 3.94099 5.53856 4.69888 5.13812 5.24962 5.06471 5.32793 4.71419 4.42862 4.33378 

--------------------------------------
Time: 9.00177
Split Ratios: 1 1 1 1 0.997 1 1 1 1 0.994 0.006 1 0.035 0.965 1 0.138 0.862 1 1 1 0.827 0.173 0.892 0.108 1 0.219 0.781 1 0.917 0.083 1 1 0.048 0.952 1 1 1 1 
Delays: 0.0211236 0.018651 0.0103974 0.0057827 0.0196559 0.0228075 0.0312556 0.00932494 0.0196941 0.029193 0.0254787 0.0420464 0.0169653 0.0327928 0.0187346 0.0145715 0.0203118 0.0207434 0.0264558 0.0277025 0.0333389 0.00776525 0.0163797 0.0111649 0.00929628 0.0120978 0.0093792 0.0157977 0.0198966 0.021228 
Throughputs: 1.98246 1.80224 1.75309 1.68755 1.75309 1.83501 1.98246 1.75309 1.5401 1.78586 1.86778 1.49094 1.70394 2.01523 2.01523 1.85139 1.72032 1.80224 1.81862 1.91693 1.7367 1.88416 1.72032 1.85139 1.60563 1.85139 1.45818 1.83501 1.7367 1.78586 
Utility: 4.54171 4.57089 5.12758 5.67616 4.49076 4.38772 4.1499 5.23644 4.35928 4.11372 4.29466 3.56839 4.60953 4.11828 4.67811 4.84463 4.43906 4.46456 4.23036 4.23696 3.95302 5.49158 4.65422 5.11092 5.15166 5.03067 5.04645 4.75494 4.46919 4.43233 

--------------------------------------
Time: 9.50179
Split Ratios: 1 1 1 1 0.997 1 1 1 1 0.994 0.006 1 0.035 0.965 1 0.138 0.862 1 1 1 0.827 0.173 0.892 0.108 1 0.219 0.781 1 0.917 0.083 1 1 0.048 0.952 1 1 1 1 
Delays: 0.0208201 0.0180889 0.0120312 0.00585236 0.0190637 0.022014 0.0304212 0.00933811 0.0194741 0.0283196 0.0258426 0.0438334 0.016891 0.0325832 0.0180578 0.0162015 0.0222115 0.0206485 0.0276925 0.0274566 0.0349388 0.00776951 0.0161422 0.0111831 0.00932087 0.0121829 0.00941775 0.0159971 0.0204353 0.023731 
Throughputs: 1.44179 1.72032 2.19546 1.55648 1.67117 1.72032 1.60563 1.75309 2.06438 1.93331 1.80224 1.81862 1.96608 1.76947 1.5401 1.9497 1.85139 1.85139 1.76947 1.88416 1.86778 1.62202 1.57286 1.75309 2.11354 1.81862 1.49094 1.91693 1.80224 1.80224 
Utility: 4.23772 4.55496 5.20664 5.58334 4.47349 4.35859 3.96613 5.23503 4.6635 4.22344 4.24476 3.72544 4.75702 3.99464 4.44602 4.79032 4.42308 4.49605 4.15727 4.22863 3.9789 5.34122 4.57922 5.05473 5.42386 5.0058 5.06457 4.78607 4.47952 4.33001 

--------------------------------------
Time: 10.0018
Split Ratios: 1 1 1 1 0.997 1 1 1 1 0.994 0.006 1 0.035 0.965 1 0.138 0.862 1 1 1 0.827 0.173 0.892 0.108 1 0.219 0.781 1 0.917 0.083 1 1 0.048 0.952 1 1 1 1 
Delays: 0.0205662 0.0183566 0.010391 0.00580338 0.0195506 0.0222252 0.0304383 0.009319 0.0195839 0.0281558 0.0263527 0.0452432 0.0173049 0.0330802 0.0184082 0.0144654 0.0201271 0.0207204 0.0302269 0.0276782 0.0367281 0.00775267 0.0159179 0.011154 0.00932684 0.0121507 0.00937043 0.0161809 0.0217798 0.0241573 
Throughputs: 1.6384 1.81862 1.39264 1.81862 1.78586 1.5401 1.72032 1.90054 1.49094 1.60563 1.76947 1.76947 1.83501 1.85139 1.72032 1.80224 1.50733 2.01523 1.96608 1.65478 1.81862 1.90054 1.47456 1.83501 1.49094 1.60563 1.68755 2.03162 1.72032 1.62202 
Utility: 4.37783 4.59585 4.89801 5.7474 4.51465 4.23838 4.03456 5.31784 4.33246 4.04352 4.20687 3.66638 4.66381 4.02476 4.53747 4.82502 4.31602 4.57737 4.17507 4.09078 3.90229 5.50186 4.52867 5.10301 5.07427 4.88389 5.19348 4.83275 4.36928 4.20684 

--------------------------------------
Time: 10.5019
Split Ratios: 1 1 1 1 0.997 1 1 1 1 0.994 0.006 1 0.035 0.965 1 0.138 0.862 1 1 1 0.827 0.173 0.892 0.108 1 0.219 0.781 1 0.917 0.083 1 1 0.048 0.952 1 1 1 1 
Delays: 0.0206104 0.0182332 0.0105047 0.0057493 0.0192094 0.0222007 0.0318129 0.0092849 0.0195358 0.0281039 0.0267916 0.0474848 0.0164495 0.0326561 0.0182358 0.0148284 0.020501 0.0204511 0.0305753 0.0276001 0.0373445 0.00764451 0.0158912 0.011146 0.0093104 0.0117367 0.00944883 0.0158525 0.0231043 0.0249106 
Throughputs: 1.76947 1.99885 1.72032 1.49094 1.31072 1.62202 1.6384 1.62202 1.50733 1.78586 1.90054 1.80224 1.67117 1.90054 2.08077 1.93331 1.86778 1.75309 1.72032 1.45818 1.86778 1.49094 1.52371 1.88416 1.91693 1.52371 1.80224 1.75309 1.88416 1.6384 
Utility: 4.45264 4.69708 5.09844 5.55809 4.22293 4.2913 3.9416 5.16304 4.34585 4.15175 4.26181 3.63638 4.62098 4.06387 4.7371 4.87045 4.51203 4.4511 4.03007 3.96712 3.91232 5.27318 4.56314 5.13015 5.32735 4.86618 5.25089 4.70581 4.40122 4.18618 

--------------------------------------
Time: 11.0021
Split Ratios: 1 1 1 1 0.997 1 1 1 1 0.994 0.006 1 0.035 0.965 1 0.138 0.862 1 1 1 0.827 0.173 0.892 0.108 1 0.219 0.781 1 0.917 0.083 1 1 0.048 0.952 1 1 1 1 
Delays: 0.0210204 0.0178365 0.0101376 0.00580351 0.0195883 0.022049 0.0309129 0.00932647 0.0197375 0.0281254 0.0264251 0.0439225 0.0169278 0.0328921 0.0181275 0.0143161 0.0204021 0.0204489 0.0277895 0.0274527 0.0348979 0.00797886 0.016208 0.0111335 0.00931657 0.0121406 0.00936435 0.0159712 0.0200073 0.0219029 
Throughputs: 1.72032 1.96608 1.80224 1.50733 1.81862 1.99885 1.85139 1.80224 1.83501 1.62202 1.88416 1.83501 1.65478 1.90054 1.76947 1.65478 1.57286 1.80224 1.78586 1.62202 1.86778 1.80224 1.58925 2.03162 1.76947 1.81862 1.70394 2.06438 1.5401 1.72032 
Utility: 4.40477 4.70255 5.18054 5.55963 4.5309 4.50706 4.09252 5.26393 4.53228 4.05475 4.26692 3.73238 4.58247 4.05666 4.581 4.75004 4.34502 4.47886 4.16299 4.07896 3.98008 5.41999 4.58551 5.20662 5.24664 5.00928 5.20379 4.8618 4.3435 4.36365 

--------------------------------------
Time: 11.5022
Split Ratios: 1 1 1 1 0.997 1 1 1 1 0.994 0.006 1 0.035 0.965 1 0.138 0.862 1 1 1 0.827 0.173 0.892 0.108 1 0.219 0.781 1 0.917 0.083 1 1 0.048 0.952 1 1 1 1 
Delays: 0.0215328 0.018065 0.0106889 0.00586933 0.0194869 0.0227023 0.0308998 0.00930223 0.0197697 0.028171 0.0269177 0.0451697 0.0172302 0.0330834 0.0183664 0.0147858 0.020474 0.0201846 0.0299201 0.0275843 0.036014 0.00782764 0.0164713 0.0112788 0.00930765 0.0118941 0.00953235 0.0160401 0.0219715 0.0239974 
Throughputs: 1.65478 1.81862 1.83501 1.58925 1.83501 1.68755 1.75309 1.81862 1.99885 1.98246 1.81862 1.7367 1.88416 2.06438 1.67117 1.86778 1.80224 1.50733 2.01523 2.1463 1.90054 1.70394 1.70394 1.7367 1.85139 1.50733 1.68755 1.91693 1.99885 1.70394 
Utility: 4.34185 4.61186 5.1456 5.60128 4.54506 4.30857 4.03839 5.27558 4.61618 4.2538 4.21305 3.64932 4.69457 4.13355 4.51076 4.83884 4.47763 4.31318 4.20996 4.35425 3.96599 5.38304 4.63908 5.03682 5.29286 4.84205 5.17634 4.78338 4.51058 4.26275 

--------------------------------------
Time: 12.0023
Split Ratios: 1 1 1 1 0.997 1 1 1 1 0.994 0.006 1 0.035 0.965 1 0.138 0.862 1 1 1 0.827 0.173 0.892 0.108 1 0.219 0.781 1 0.917 0.083 1 1 0.048 0.952 1 1 1 1 
Delays: 0.0212161 0.0185753 0.010407 0.00590683 0.0189574 0.022068 0.0307088 0.00928467 0.0197177 0.02859 0.0255178 0.0443711 0.0166842 0.0328572 0.0184456 0.0144786 0.0202823 0.0204484 0.0271738 0.0275732 0.0347238 0.00777453 0.0161916 0.0111553 0.0092887 0.0116602 0.00950986 0.015798 0.0206628 0.0223088 
Throughputs: 1.91693 1.70394 1.9497 1.50733 1.83501 1.37626 1.75309 1.49094 1.49094 2.12992 1.72032 1.88416 1.75309 1.50733 1.70394 1.75309 1.62202 1.9497 1.57286 1.76947 1.44179 1.93331 1.99885 1.80224 1.75309 1.39264 1.62202 1.98246 1.90054 1.75309 
Utility: 4.50372 4.51886 5.23295 5.54198 4.57261 4.13299 4.04458 5.0788 4.32565 4.31078 4.21089 3.74865 4.65467 3.82592 4.52587 4.79646 4.38168 4.55753 4.0584 4.16159 3.72622 5.51614 4.81583 5.08487 5.24034 4.78278 5.1391 4.83222 4.52156 4.36415 

--------------------------------------
Time: 12.5025
Split Ratios: 1 1 1 1 0.997 1 1 1 1 0.994 0.006 1 0.035 0.965 1 0.138 0.862 1 1 1 0.827 0.173 0.892 0.108 1 0.219 0.781 1 0.917 0.083 1 1 0.048 0.952 1 1 1 1 
Delays: 0.0221142 0.018581 0.0105199 0.00579238 0.0189484 0.0217817 0.0299715 0.00929029 0.0199574 0.0276947 0.0285467 0.0463111 0.0169633 0.0332854 0.0180398 0.0144501 0.0199629 0.021141 0.0295093 0.0280236 0.0369348 0.00770087 0.0166966 0.0111462 0.00934332 0.0120498 0.00940847 0.016088 0.0209688 0.0249529 
Throughputs: 1.99885 1.9497 1.55648 1.68755 1.76947 1.49094 1.50733 1.68755 1.83501 1.88416 1.9497 1.78586 1.72032 1.88416 1.49094 1.72032 1.6384 1.65478 1.96608 1.68755 1.91693 1.57286 1.80224 1.68755 1.81862 1.67117 1.88416 2.3593 1.68755 1.93331 
Utility: 4.50411 4.65329 4.99692 5.67449 4.53671 4.2261 3.91785 5.20206 4.52121 4.21999 4.22389 3.65227 4.61921 4.03612 4.41458 4.77956 4.4076 4.36021 4.19909 4.09799 3.94932 5.31932 4.68158 5.01994 5.27117 4.93223 5.29963 4.98805 4.388 4.35 

--------------------------------------
Time: 13.0028
Split Ratios: 1 1 1 1 0.997 1 1 1 1 0.994 0.006 1 0.035 0.965 1 0.138 0.862 1 1 1 0.827 0.173 0.892 0.108 1 0.219 0.781 1 0.917 0.083 1 1 0.048 0.952 1 1 1 1 
Delays: 0.0217012 0.0183798 0.0104171 0.00571224 0.0190977 0.0224121 0.0308722 0.00927436 0.0198004 0.0282038 0.0264354 0.0435448 0.0177744 0.0329356 0.0184994 0.0141617 0.0197352 0.0206754 0.0270064 0.0272549 0.0339681 0.00784993 0.0163735 0.0111598 0.00934183 0.0117085 0.00940807 0.0155342 0.0202622 0.0224986 
Throughputs: 1.9497 1.85139 1.70394 1.39264 1.52371 1.83501 1.62202 1.65478 1.83501 1.80224 1.78586 1.45818 1.90054 1.86778 1.90054 1.70394 1.75309 2.03162 1.67117 1.70394 1.90054 1.81862 1.85139 1.96608 1.81862 1.62202 1.81862 1.91693 1.7367 1.9497 
Utility: 4.49806 4.61244 5.09725 5.49635 4.37934 4.4052 3.96157 5.18417 4.5291 4.15733 4.21295 3.51115 4.67214 4.03795 4.63216 4.79015 4.48673 4.58764 4.12521 4.13546 4.02447 5.44533 4.72803 5.17148 5.27133 4.93111 5.26427 4.81544 4.45099 4.46197 

--------------------------------------
Time: 13.5029
Split Ratios: 1 1 1 1 0.997 1 1 1 1 0.994 0.006 1 0.035 0.965 1 0.138 0.862 1 1 1 0.827 0.173 0.892 0.108 1 0.219 0.781 1 0.917 0.083 1 1 0.048 0.952 1 1 1 1 
Delays: 0.0227787 0.0189482 0.0105519 0.00587096 0.0194277 0.0230232 0.0307924 0.0093116 0.0198157 0.0282024 0.0258888 0.0426888 0.0177071 0.0331863 0.0187134 0.0145286 0.0203907 0.020688 0.0268704 0.0274635 0.0328926 0.00764696 0.0173048 0.0111302 0.00926622 0.0119449 0.00946831 0.0157875 0.0201113 0.0214442 
Throughputs: 1.80224 1.81862 1.78586 1.93331 1.88416 1.72032 1.52371 1.91693 1.93331 1.72032 1.83501 1.76947 1.85139 1.90054 2.048 1.80224 1.65478 1.98246 1.55648 1.98246 1.75309 1.50733 1.72032 1.7367 1.7367 1.50733 1.57286 1.96608 1.70394 1.67117 
Utility: 4.37096 4.56413 5.13134 5.79697 4.57454 4.31376 3.90164 5.32722 4.58051 4.11086 4.26099 3.7245 4.64973 4.04776 4.69538 4.82067 4.39635 4.56254 4.05916 4.27924 3.97589 5.28379 4.59928 5.05009 5.23337 4.83779 5.1127 4.82458 4.43941 4.35582 

--------------------------------------
Time: 14.003
Split Ratios: 1 1 1 1 0.997 1 1 1 1 0.994 0.006 1 0.035 0.965 1 0.138 0.862 1 1 1 0.827 0.173 0.892 0.108 1 0.219 0.781 1 0.917 0.083 1 1 0.048 0.952 1 1 1 1 
Delays: 0.0214117 0.0185641 0.0105754 0.00581152 0.0197427 0.0218833 0.0313318 0.0092948 0.0196109 0.0277713 0.0251479 0.0422561 0.017401 0.0329195 0.0180396 0.0144359 0.0203355 0.0203646 0.0267445 0.0276939 0.0333169 0.00772354 0.0160894 0.01117 0.00934618 0.012072 0.00938152 0.0158527 0.0200523 0.0212618 
Throughputs: 1.99885 2.01523 1.58925 1.70394 1.76947 1.47456 1.7367 1.60563 1.72032 1.80224 1.7367 1.75309 1.6384 1.85139 1.83501 1.85139 1.47456 1.58925 1.75309 2.01523 1.93331 1.65478 1.6384 1.70394 2.12992 1.70394 1.6384 1.80224 1.40902 1.68755 
Utility: 4.53639 4.68726 5.01249 5.68085 4.49565 4.21039 4.01511 5.15182 4.47418 4.17278 4.23497 3.72538 4.54495 4.02963 4.62223 4.85398 4.28375 4.35722 4.18281 4.28728 4.06093 5.36715 4.62331 5.02746 5.42887 4.94981 5.16273 4.73345 4.25231 4.37412 

--------------------------------------
Time: 14.5033
Split Ratios: 1 1 1 1 0.997 1 1 1 1 0.994 0.006 1 0.035 0.965 1 0.138 0.862 1 1 1 0.827 0.173 0.892 0.108 1 0.219 0.781 1 0.917 0.083 1 1 0.048 0.952 1 1 1 1 
Delays: 0.0230771 0.019228 0.0101512 0.00573235 0.0193511 0.0223101 0.0309127 0.0093321 0.0209729 0.0283968 0.025019 0.0422053 0.0185876 0.0337465 0.0183307 0.0142327 0.0195694 0.0207782 0.0262756 0.0273433 0.032889 0.00765066 0.0182701 0.0112079 0.00934582 0.0117586 0.00941193 0.0159997 0.0199467 0.0202604 
Throughputs: 2.06438 1.75309 1.57286 1.49094 1.75309 1.5401 1.55648 1.80224 1.76947 1.75309 1.70394 1.6384 1.75309 2.1463 1.7367 1.93331 1.65478 2.21184 1.81862 1.80224 1.81862 1.55648 2.09715 1.91693 2.11354 1.5401 1.67117 1.68755 1.62202 1.78586 
Utility: 4.49375 4.51277 5.04306 5.56104 4.50638 4.23456 3.91901 5.26333 4.43521 4.12286 4.22106 3.65893 4.54664 4.15263 4.55117 4.91144 4.43746 4.66767 4.23719 4.18831 4.0127 5.31539 4.74307 5.14186 5.42119 4.87501 5.1793 4.65846 4.39836 4.47899 

--------------------------------------
Time: 15.0034
Split Ratios: 1 1 1 1 0.997 1 1 1 1 0.994 0.006 1 0.035 0.965 1 0.138 0.862 1 1 1 0.827 0.173 0.892 0.108 1 0.219 0.781 1 0.917 0.083 1 1 0.048 0.952 1 1 1 1 
Delays: 0.0213628 0.0183926 0.010446 0.00574231 0.0190943 0.0215093 0.0297459 0.00926839 0.0200425 0.0276202 0.0253775 0.0432301 0.0166966 0.0333127 0.0181195 0.014391 0.0199724 0.0207507 0.0279664 0.0271634 0.034579 0.00794248 0.0165306 0.0112083 0.00937641 0.0119338 0.00946682 0.0157985 0.0209905 0.0216443 
Throughputs: 2.01523 2.048 1.99885 1.55648 1.65478 1.57286 1.34349 1.70394 1.62202 1.67117 1.99885 1.81862 1.81862 1.98246 1.78586 1.83501 1.55648 1.67117 1.5401 1.7367 1.68755 1.98246 1.62202 1.76947 1.96608 1.9497 1.58925 1.78586 1.90054 1.75309 
Utility: 4.54684 4.71267 5.25411 5.60232 4.46204 4.29217 3.81033 5.21409 4.39357 4.10273 4.36646 3.7393 4.69063 4.08616 4.59066 4.8482 4.35583 4.3887 4.00859 4.15787 3.88779 5.51987 4.58621 5.06178 5.3456 5.09606 5.12322 4.72774 4.50582 4.39439 

--------------------------------------
Time: 15.5035
Split Ratios: 1 1 1 1 0.997 1 1 1 1 0.994 0.006 1 0.035 0.965 1 0.138 0.862 1 1 1 0.827 0.173 0.892 0.108 1 0.219 0.781 1 0.917 0.083 1 1 0.048 0.952 1 1 1 1 
Delays: 0.0208411 0.018416 0.0103693 0.00575969 0.0195791 0.0219988 0.0308004 0.00934898 0.0197209 0.028442 0.0251332 0.0421834 0.0167327 0.0327267 0.0187342 0.0143351 0.0199684 0.0206056 0.0259199 0.0271508 0.0336876 0.00782019 0.0160521 0.0111941 0.00928573 0.0119241 0.00942317 0.0156872 0.0200376 0.0203123 
Throughputs: 1.67117 2.12992 1.70394 1.75309 1.80224 1.76947 1.47456 1.57286 1.60563 1.80224 1.6384 1.75309 1.60563 1.6384 2.21184 2.11354 1.83501 1.86778 1.78586 1.75309 1.80224 1.80224 1.50733 1.67117 1.96608 1.9497 1.50733 1.68755 1.78586 1.58925 
Utility: 4.38435 4.75062 5.10184 5.71825 4.52232 4.38745 3.86859 5.12539 4.39959 4.14892 4.17729 3.72711 4.56391 3.91328 4.77123 4.99341 4.52065 4.50694 4.23264 4.16773 3.97965 5.44008 4.54225 5.00589 5.35532 5.09687 5.07492 4.67819 4.49004 4.35979 

--------------------------------------
Time: 16.0035
Split Ratios: 1 1 1 1 0.997 1 1 1 1 0.994 0.006 1 0.035 0.965 1 0.138 0.862 1 1 1 0.827 0.173 0.892 0.108 1 0.219 0.781 1 0.917 0.083 1 1 0.048 0.952 1 1 1 1 
Delays: 0.0209985 0.0182745 0.0104904 0.00572392 0.019404 0.0217557 0.0300815 0.00935597 0.0195848 0.0277416 0.0247142 0.0418582 0.0168419 0.0329055 0.0178598 0.0140058 0.0198251 0.0205423 0.0265019 0.0272746 0.0330575 0.00788856 0.0160939 0.0111436 0.00924103 0.0122202 0.00941119 0.0157547 0.0198195 0.0198739 
Throughputs: 1.76947 1.81862 1.90054 1.45818 1.70394 1.44179 1.93331 1.65478 1.52371 1.52371 1.76947 1.88416 1.7367 1.98246 1.70394 1.7367 1.60563 1.81862 1.9497 1.72032 1.6384 1.76947 2.03162 1.62202 1.78586 1.88416 1.65478 1.88416 1.40902 1.57286 
Utility: 4.43399 4.60033 5.19943 5.54029 4.47521 4.19377 4.16308 5.17541 4.35415 4.00597 4.27106 3.80695 4.63587 4.09846 4.55814 4.82027 4.39432 4.48335 4.29821 4.14431 3.90323 5.41302 4.83814 4.98056 5.264 5.03815 5.16953 4.7841 4.26399 4.37124 

--------------------------------------
Time: 16.5037
Split Ratios: 1 1 1 1 0.997 1 1 1 1 0.994 0.006 1 0.035 0.965 1 0.138 0.862 1 1 1 0.827 0.173 0.892 0.108 1 0.219 0.781 1 0.917 0.083 1 1 0.048 0.952 1 1 1 1 
Delays: 0.0209626 0.0183028 0.0105714 0.00581145 0.0194222 0.0217567 0.0303774 0.00934049 0.0196006 0.0275274 0.0256079 0.0435476 0.0165944 0.0329693 0.0176621 0.0145167 0.0203332 0.0205493 0.0275832 0.0277778 0.0349037 0.00776435 0.0164727 0.0111287 0.0093573 0.0121064 0.00934784 0.0156943 0.020285 0.021797 
Throughputs: 2.06438 1.83501 1.85139 1.78586 1.90054 1.70394 1.65478 1.7367 1.72032 1.99885 1.9497 1.80224 1.37626 1.85139 1.49094 1.80224 1.60563 1.67117 1.91693 1.68755 1.98246 1.76947 1.70394 1.68755 1.96608 1.72032 1.49094 1.85139 1.57286 1.68755 
Utility: 4.58985 4.60775 5.16554 5.72782 4.58348 4.36077 3.99773 5.22539 4.4747 4.28515 4.33253 3.72293 4.41806 4.02811 4.43575 4.82149 4.36902 4.39845 4.24127 4.1068 4.0395 5.42889 4.63899 5.02151 5.34764 4.95653 5.07202 4.77039 4.35077 4.34926 

--------------------------------------
Time: 17.004
Split Ratios: 1 1 1 1 0.997 1 1 1 1 0.994 0.006 1 0.035 0.965 1 0.138 0.862 1 1 1 0.827 0.173 0.892 0.108 1 0.219 0.781 1 0.917 0.083 1 1 0.048 0.952 1 1 1 1 
Delays: 0.0204699 0.0180812 0.0105284 0.00590369 0.0190585 0.0224071 0.0301495 0.00934017 0.0195916 0.028643 0.0247854 0.042165 0.0166025 0.0325654 0.0188223 0.0145484 0.0200705 0.0204244 0.0256559 0.0271805 0.0332247 0.00786212 0.0161345 0.011122 0.00930087 0.0121129 0.00947816 0.0156872 0.0201334 0.020605 
Throughputs: 1.78586 1.83501 1.57286 1.81862 1.65478 1.6384 1.57286 1.67117 1.6384 1.75309 1.96608 1.5401 1.78586 2.22822 1.83501 1.86778 1.50733 1.62202 1.93331 1.83501 1.88416 1.6384 1.72032 1.5401 1.80224 1.88416 1.86778 1.58925 1.86778 1.50733 
Utility: 4.4687 4.61993 5.00658 5.73026 4.46391 4.2921 3.95448 5.18695 4.42638 4.11423 4.37354 3.59801 4.6781 4.22571 4.57976 4.85502 4.31884 4.37469 4.32221 4.2123 4.03794 5.33942 4.66931 4.93067 5.26668 5.04697 5.28351 4.61817 4.53012 4.29256 

--------------------------------------
Time: 17.504
Split Ratios: 1 1 1 1 0.997 1 1 1 1 0.994 0.006 1 0.035 0.965 1 0.138 0.862 1 1 1 0.827 0.173 0.892 0.108 1 0.219 0.781 1 0.917 0.083 1 1 0.048 0.952 1 1 1 1 
Delays: 0.0219827 0.0181091 0.0106963 0.00579555 0.0202966 0.0218439 0.0315751 0.00931444 0.0196401 0.0273588 0.0252687 0.0424288 0.0172157 0.0328125 0.0178845 0.0145743 0.0202141 0.0205375 0.0266724 0.0271696 0.0338685 0.00787868 0.0161132 0.0111372 0.00927367 0.0118043 0.00943557 0.0153953 0.0203357 0.021661 
Throughputs: 1.86778 1.86778 1.52371 2.09715 1.75309 1.62202 1.76947 1.76947 1.90054 1.55648 1.91693 1.70394 1.80224 1.55648 1.85139 1.96608 1.72032 1.80224 1.47456 1.72032 1.80224 2.08077 1.65478 1.78586 1.81862 1.42541 1.55648 1.60563 1.68755 1.85139 
Utility: 4.44225 4.63609 4.95901 5.89124 4.45868 4.3075 4.02607 5.24687 4.57232 4.04114 4.32891 3.69287 4.65097 3.85937 4.63976 4.90454 4.44388 4.47454 4.01249 4.14817 3.9743 5.57633 4.63179 5.07737 5.27866 4.79375 5.1057 4.64721 4.41866 4.44818 

--------------------------------------
Time: 18.0042
Split Ratios: 1 1 1 1 0.997 1 1 1 1 0.994 0.006 1 0.035 0.965 1 0.138 0.862 1 1 1 0.827 0.173 0.892 0.108 1 0.219 0.781 1 0.917 0.083 1 1 0.048 0.952 1 1 1 1 
Delays: 0.0203423 0.0179743 0.0102106 0.00579889 0.0193332 0.021837 0.0300861 0.00932089 0.0192676 0.0280979 0.0251113 0.0432494 0.0169207 0.0323205 0.0178831 0.0141102 0.0198432 0.0204787 0.0268884 0.027498 0.0343326 0.00771692 0.0158705 0.011157 0.00930146 0.0117238 0.00948247 0.0161593 0.0206125 0.0215729 
Throughputs: 1.68755 1.98246 1.57286 1.75309 1.83501 1.62202 1.75309 2.01523 1.50733 1.7367 1.81862 2.048 1.81862 1.47456 1.70394 1.91693 1.55648 1.86778 1.81862 1.65478 1.80224 1.91693 1.49094 1.98246 1.72032 1.76947 1.70394 1.98246 1.68755 1.58925 
Utility: 4.41833 4.70315 5.03723 5.71147 4.55298 4.30782 4.06507 5.37623 4.35967 4.12405 4.28252 3.85764 4.6773 3.82041 4.55684 4.91158 4.36232 4.51312 4.21414 4.09731 3.96069 5.51506 4.5427 5.18003 5.22009 5.01682 5.19125 4.8096 4.40514 4.29958 

--------------------------------------
Time: 18.5044
Split Ratios: 1 1 1 1 0.997 1 1 1 1 0.994 0.006 1 0.035 0.965 1 0.138 0.862 1 1 1 0.827 0.173 0.892 0.108 1 0.219 0.781 1 0.917 0.083 1 1 0.048 0.952 1 1 1 1 
Delays: 0.021411 0.0187574 0.0102184 0.00594259 0.0190244 0.0223273 0.0308735 0.00930007 0.0195077 0.0280082 0.0343604 0.0535355 0.0170311 0.0329042 0.0182437 0.0143972 0.0198085 0.0207381 0.0366355 0.0280576 0.0441413 0.0077275 0.0161708 0.0111745 0.0093071 0.0121506 0.00952914 0.0161466 0.0229685 0.0314528 
Throughputs: 1.6384 1.75309 1.96608 1.52371 1.72032 1.90054 1.49094 1.70394 1.76947 1.70394 1.96608 1.90054 1.91693 1.83501 1.75309 1.83501 1.67117 1.7367 1.99885 1.85139 2.19546 1.49094 1.49094 1.58925 1.76947 1.7367 1.67117 1.78586 1.99885 1.90054 
Utility: 4.33757 4.53754 5.2596 5.54676 4.50454 4.44408 3.87727 5.21067 4.50762 4.1082 4.04689 3.56955 4.72344 4.0212 4.56532 4.84777 4.43517 4.42777 3.99931 4.18943 3.90675 5.26238 4.52396 4.95738 5.24766 4.96236 5.16692 4.70595 4.4662 4.10141 

--------------------------------------
Time: 19.0044
Split Ratios: 1 1 1 1 0.997 1 1 1 1 0.994 0.006 1 0.035 0.965 1 0.138 0.862 1 1 1 0.827 0.173 0.892 0.108 1 0.219 0.781 1 0.917 0.083 1 1 0.048 0.952 1 1 1 1 
Delays: 0.0207624 0.0185905 0.0104845 0.00575681 0.0190246 0.0215098 0.0299885 0.00928548 0.0196679 0.0279071 0.0325106 0.0495383 0.0169302 0.032699 0.0180063 0.0144966 0.0200667 0.021108 0.0341201 0.0269404 0.0420069 0.00764131 0.0163562 0.0111382 0.00929511 0.0118548 0.0094043 0.0155843 0.0216678 0.0289292 
Throughputs: 1.80224 1.90054 1.78586 1.67117 1.72032 1.45818 1.39264 1.65478 1.6384 1.7367 1.80224 1.90054 1.7367 2.01523 1.67117 1.55648 1.81862 1.83501 1.9497 1.57286 1.76947 1.67117 1.57286 1.85139 1.72032 1.5401 1.85139 1.91693 2.11354 1.98246 
Utility: 4.46364 4.62725 5.13775 5.6709 4.50453 4.21643 3.83814 5.18297 4.42249 4.13086 4.01522 3.64715 4.63065 4.12114 4.53056 4.67627 4.50677 4.46515 4.04554 4.06703 3.7406 5.38771 4.56604 5.11331 5.22078 4.86687 5.28253 4.81221 4.58029 4.22725 

--------------------------------------
Time: 19.5045
Split Ratios: 1 1 1 1 0.997 1 1 1 1 0.994 0.006 1 0.035 0.965 1 0.138 0.862 1 1 1 0.827 0.173 0.892 0.108 1 0.219 0.781 1 0.917 0.083 1 1 0.048 0.952 1 1 1 1 
Delays: 0.0206585 0.0183136 0.0106564 0.0058358 0.019004 0.0221168 0.030101 0.00930709 0.0197569 0.0278504 0.0254803 0.0440959 0.0168658 0.0329846 0.0180072 0.0146714 0.0205517 0.0203124 0.0281904 0.0270403 0.0341229 0.00779568 0.015875 0.0111277 0.00944766 0.0119406 0.0095366 0.0159398 0.0209811 0.0215441 
Throughputs: 1.78586 1.93331 1.86778 1.58925 1.7367 1.5401 1.67117 1.96608 1.62202 1.70394 1.81862 1.86778 2.03162 1.83501 1.57286 1.75309 1.68755 1.68755 1.80224 1.58925 1.96608 1.7367 1.6384 1.76947 1.93331 2.03162 1.67117 1.83501 1.86778 1.6384 
Utility: 4.45953 4.65934 5.16634 5.60701 4.5151 4.24326 4.01672 5.35302 4.40792 4.11385 4.26793 3.74614 4.7913 4.01876 4.46988 4.78324 4.40809 4.4198 4.1578 4.07369 4.05383 5.40617 4.63673 5.069 5.32122 5.13665 5.16614 4.74598 4.48888 4.33137 

--------------------------------------
Time: 20.0047
Split Ratios: 1 1 1 1 0.997 1 1 1 1 0.994 0.006 1 0.035 0.965 1 0.138 0.862 1 1 1 0.827 0.173 0.892 0.108 1 0.219 0.781 1 0.917 0.083 1 1 0.048 0.952 1 1 1 1 
Delays: 0.0208513 0.0181753 0.0100377 0.00579833 0.0198285 0.021883 0.0305418 0.00930988 0.0195962 0.028316 0.0280547 0.043602 0.016953 0.0326332 0.017794 0.0145961 0.0201919 0.0208664 0.0280577 0.0270443 0.0359161 0.00770825 0.0159508 0.011147 0.00928177 0.0125593 0.00950302 0.0156584 0.0203149 0.0229415 
Throughputs: 1.58925 1.85139 1.70394 1.72032 1.90054 1.72032 1.7367 1.5401 1.75309 1.67117 1.9497 1.88416 1.78586 1.9497 1.52371 1.93331 1.67117 1.93331 1.76947 1.50733 1.88416 1.90054 1.37626 1.9497 1.72032 1.93331 1.83501 2.03162 1.6384 1.58925 
Utility: 4.3336 4.62363 5.13435 5.6927 4.56278 4.36456 4.04065 5.10852 4.4938 4.07785 4.24127 3.76613 4.65721 4.0901 4.45004 4.88624 4.41599 4.52885 4.14417 4.02062 3.96005 5.5076 4.45761 5.16426 5.22221 5.03653 5.26319 4.86558 4.39012 4.23807 

--------------------------------------
Time: 20.5047
Split Ratios: 1 1 1 1 0.997 1 1 1 1 0.994 0.006 1 0.035 0.965 1 0.138 0.862 1 1 1 0.827 0.173 0.892 0.108 1 0.219 0.781 1 0.917 0.083 1 1 0.048 0.952 1 1 1 1 
Delays: 0.0205565 0.0182413 0.0101299 0.00602085 0.0188616 0.0216514 0.029745 0.00928099 0.0196244 0.0279004 0.0295621 0.0480914 0.0170021 0.033053 0.017796 0.0139864 0.0196925 0.0206401 0.0319538 0.0276856 0.039311 0.00778562 0.0163787 0.0111229 0.00930524 0.0121335 0.00939693 0.0157777 0.0213998 0.0263874 
Throughputs: 1.65478 1.5401 1.81862 1.9497 1.49094 1.44179 1.67117 1.86778 1.62202 1.9497 1.76947 1.78586 1.88416 2.16269 1.65478 1.93331 1.27795 1.68755 2.03162 1.86778 2.048 1.68755 1.70394 1.60563 1.83501 1.90054 1.67117 1.86778 1.65478 1.85139 
Utility: 4.38825 4.43591 5.19035 5.7802 4.37004 4.19857 4.02862 5.30454 4.41465 4.24679 4.09194 3.61455 4.7079 4.181 4.53245 4.9289 4.17278 4.4038 4.1523 4.21159 3.95311 5.37876 4.64472 4.97227 5.28423 5.05392 5.18089 4.77391 4.34804 4.2508 

--------------------------------------
Time: 21.0047
Split Ratios: 1 1 1 1 0.997 1 1 1 1 0.994 0.006 1 0.035 0.965 1 0.138 0.862 1 1 1 0.827 0.173 0.892 0.108 1 0.219 0.781 1 0.917 0.083 1 1 0.048 0.952 1 1 1 1 
Delays: 0.0222197 0.0185901 0.0102972 0.00580761 0.0201696 0.0227037 0.0318911 0.00931112 0.0205546 0.0292171 0.0262272 0.0434509 0.0169117 0.0332763 0.0186911 0.0144811 0.0201908 0.0210104 0.0269482 0.0271478 0.0342576 0.0078835 0.0176143 0.0111392 0.00928696 0.0122057 0.0093559 0.0156877 0.0202452 0.0208171 
Throughputs: 1.9497 1.98246 1.86778 1.40902 1.72032 1.62202 1.68755 1.70394 1.67117 1.7367 1.91693 1.83501 1.55648 1.7367 1.72032 1.98246 1.7367 2.03162 1.86778 1.76947 1.80224 2.17907 1.67117 1.88416 1.76947 1.68755 1.27795 1.88416 1.9497 1.70394 
Utility: 4.47445 4.66947 5.20063 5.49148 4.44609 4.2689 3.96871 5.20949 4.39819 4.08499 4.29168 3.74317 4.52218 3.9549 4.52222 4.91925 4.45452 4.57157 4.23859 4.17714 3.96288 5.62188 4.55256 5.13077 5.24983 4.92913 4.91701 4.78836 4.56751 4.40492 

--------------------------------------
Time: 21.5049
Split Ratios: 1 1 1 1 0.997 1 1 1 1 0.994 0.006 1 0.035 0.965 1 0.138 0.862 1 1 1 0.827 0.173 0.892 0.108 1 0.219 0.781 1 0.917 0.083 1 1 0.048 0.952 1 1 1 1 
Delays: 0.0211513 0.0183825 0.00995577 0.00574307 0.0196005 0.0221786 0.0300533 0.00931676 0.0195723 0.0278044 0.0252155 0.042222 0.0171238 0.0329303 0.0179121 0.0141516 0.0196982 0.0206442 0.0267608 0.0269367 0.0330559 0.00776514 0.0163633 0.0111482 0.00933176 0.0121346 0.00947196 0.0156068 0.020402 0.0202688 
Throughputs: 1.6384 1.70394 1.42541 1.39264 1.81862 1.49094 1.49094 1.57286 1.62202 1.93331 1.75309 1.47456 1.91693 1.91693 1.72032 1.67117 1.85139 1.90054 1.70394 1.50733 1.90054 1.52371 1.83501 1.60563 1.98246 1.65478 1.7367 1.86778 1.83501 1.45818 
Utility: 4.34977 4.52929 4.96406 5.49096 4.53028 4.20804 3.90419 5.12884 4.41731 4.2418 4.24168 3.55317 4.71801 4.06408 4.56479 4.77145 4.54316 4.52246 4.15376 4.0246 4.0517 5.27926 4.71976 4.97 5.35867 4.91537 5.21141 4.7848 4.49917 4.27586 

--------------------------------------
Time: 22.0049
Split Ratios: 1 1 1 1 0.997 1 1 1 1 0.994 0.006 1 0.035 0.965 1 0.138 0.862 1 1 1 0.827 0.173 0.892 0.108 1 0.219 0.781 1 0.917 0.083 1 1 0.048 0.952 1 1 1 1 
Delays: 0.0211204 0.0185532 0.0104015 0.00583603 0.0194987 0.0223077 0.0307196 0.00933326 0.0197921 0.0279832 0.0265968 0.0444452 0.0170716 0.0327734 0.0180096 0.0140813 0.020225 0.0209203 0.0287497 0.0274679 0.0345996 0.00779776 0.0164326 0.0112234 0.00934505 0.0121211 0.00950292 0.0158925 0.0210846 0.0219024 
Throughputs: 1.70394 1.91693 1.75309 1.70394 1.67117 1.68755 1.58925 1.98246 1.76947 2.12992 1.76947 1.76947 1.86778 2.09715 1.6384 1.78586 1.90054 1.91693 1.98246 1.93331 1.96608 1.90054 1.39264 1.7367 1.86778 1.88416 1.58925 1.99885 1.78586 1.86778 
Utility: 4.39045 4.63784 5.12718 5.67665 4.45093 4.3261 3.94612 5.35851 4.49315 4.33223 4.19765 3.68418 4.69509 4.15872 4.51057 4.84281 4.54298 4.51776 4.23347 4.25397 4.03995 5.49606 4.43969 5.04174 5.29766 5.04629 5.11942 4.83448 4.43911 4.44591 

--------------------------------------
Time: 22.505
Split Ratios: 1 1 1 1 0.997 1 1 1 1 0.994 0.006 1 0.035 0.965 1 0.138 0.862 1 1 1 0.827 0.173 0.892 0.108 1 0.219 0.781 1 0.917 0.083 1 1 0.048 0.952 1 1 1 1 
Delays: 0.0207558 0.0188667 0.010272 0.00591839 0.0197799 0.0221066 0.0307761 0.00931377 0.0195653 0.02815 0.027921 0.0459424 0.0168923 0.0325029 0.0183739 0.0142163 0.0202901 0.020738 0.0307382 0.0269276 0.0381762 0.00802563 0.0166232 0.0111361 0.00932009 0.0122718 0.00936212 0.0155672 0.0215784 0.0246224 
Throughputs: 1.88416 1.72032 1.5401 1.85139 1.85139 1.57286 1.7367 1.62202 1.67117 1.75309 1.93331 1.78586 1.55648 1.62202 1.68755 1.9497 1.7367 1.83501 2.3593 1.93331 2.08077 1.65478 1.83501 1.60563 1.81862 1.80224 1.68755 1.44179 1.91693 1.49094 
Utility: 4.50841 4.51287 5.01017 5.74563 4.53902 4.26478 4.03301 5.15993 4.44752 4.13159 4.23761 3.66026 4.52333 3.9101 4.5201 4.92104 4.44961 4.48284 4.34061 4.27384 3.99828 5.32879 4.704 4.97108 5.27366 4.98948 5.19436 4.52847 4.48679 4.10351 

--------------------------------------
Time: 23.0051
Split Ratios: 1 1 1 1 0.997 1 1 1 1 0.994 0.006 1 0.035 0.965 1 0.138 0.862 1 1 1 0.827 0.173 0.892 0.108 1 0.219 0.781 1 0.917 0.083 1 1 0.048 0.952 1 1 1 1 
Delays: 0.0205821 0.0206217 0.0103971 0.00585075 0.0193677 0.0223654 0.0301002 0.00934226 0.019623 0.029879 0.0286759 0.0430805 0.0168931 0.0330611 0.0185828 0.014394 0.0202792 0.0218003 0.0280043 0.0270193 0.0347606 0.00800864 0.0163233 0.0111541 0.00929775 0.0120383 0.00937171 0.0156177 0.0200912 0.0226483 
Throughputs: 1.7367 1.93331 1.75309 1.6384 1.91693 1.76947 1.55648 1.83501 1.88416 2.03162 1.9497 1.86778 1.58925 1.93331 1.80224 1.75309 1.58925 1.7367 2.048 1.70394 1.67117 2.08077 1.88416 1.7367 1.93331 1.7367 1.7367 1.57286 1.52371 1.78586 
Utility: 4.43532 4.54065 5.1276 5.63491 4.59487 4.37092 3.94565 5.28026 4.56453 4.21943 4.21937 3.76943 4.54411 4.06863 4.57455 4.80232 4.36142 4.37782 4.29226 4.14415 3.87279 5.55997 4.74864 5.04794 5.33722 4.97165 5.22205 4.61225 4.32862 4.36757 

--------------------------------------
Time: 23.5052
Split Ratios: 1 1 1 1 0.997 1 1 1 1 0.994 0.006 1 0.035 0.965 1 0.138 0.862 1 1 1 0.827 0.173 0.892 0.108 1 0.219 0.781 1 0.917 0.083 1 1 0.048 0.952 1 1 1 1 
Delays: 0.0214624 0.0181547 0.0104974 0.00589859 0.0196821 0.0215971 0.0309761 0.00926637 0.0199067 0.0275554 0.0253759 0.0501234 0.0168341 0.03324 0.0180593 0.0145469 0.0204979 0.0206264 0.0314094 0.0284227 0.0408774 0.00775506 0.0165526 0.011177 0.00928014 0.0118926 0.00943552 0.016537 0.0262979 0.0282402 
Throughputs: 2.048 1.9497 1.55648 1.57286 1.68755 1.47456 1.7367 1.83501 1.7367 1.75309 1.70394 1.78586 1.62202 1.75309 1.83501 1.65478 1.9497 1.58925 1.68755 2.31014 1.93331 1.81862 1.55648 2.31014 1.83501 1.78586 1.65478 1.93331 1.91693 1.90054 
Utility: 4.55832 4.6765 4.99906 5.58594 4.45132 4.22356 4.02653 5.28841 4.46869 4.15294 4.2069 3.57317 4.56802 3.96538 4.62115 4.73405 4.5551 4.34444 3.98393 4.39788 3.85641 5.45749 4.54364 5.33121 5.28693 5.01173 5.16694 4.76139 4.28899 4.20915 

--------------------------------------
Time: 24.0052
Split Ratios: 1 1 1 1 0.997 1 1 1 1 0.994 0.006 1 0.035 0.965 1 0.138 0.862 1 1 1 0.827 0.173 0.892 0.108 1 0.219 0.781 1 0.917 0.083 1 1 0.048 0.952 1 1 1 1 
Delays: 0.0215506 0.0190469 0.0102521 0.00574625 0.0198405 0.0219371 0.0309701 0.00930191 0.0200612 0.0279234 0.0265808 0.0469598 0.017431 0.0331817 0.0178147 0.0140874 0.0200847 0.0209183 0.0312562 0.0277751 0.0385834 0.0076671 0.0163923 0.0111623 0.00928861 0.0124302 0.00947715 0.0160415 0.0237036 0.0240317 
Throughputs: 1.91693 1.7367 1.67117 1.55648 1.93331 1.7367 1.7367 1.98246 1.91693 1.6384 1.7367 1.80224 1.76947 1.80224 1.5401 1.76947 1.57286 1.98246 1.90054 1.76947 2.01523 1.83501 2.01523 1.75309 1.75309 1.90054 1.78586 1.86778 1.85139 1.72032 
Utility: 4.48807 4.51284 5.0938 5.60163 4.57926 4.37157 4.02672 5.36188 4.55969 4.07201 4.17956 3.64749 4.62019 3.99479 4.45958 4.83316 4.36069 4.55147 4.10768 4.1543 3.95567 5.47787 4.81168 5.0566 5.24035 5.02976 5.23877 4.75732 4.35806 4.27089 

--------------------------------------
Time: 24.5053
Split Ratios: 1 1 1 1 0.997 1 1 1 1 0.994 0.006 1 0.035 0.965 1 0.138 0.862 1 1 1 0.827 0.173 0.892 0.108 1 0.219 0.781 1 0.917 0.083 1 1 0.048 0.952 1 1 1 1 
Delays: 0.0203313 0.0185112 0.0107777 0.00580037 0.0191602 0.0226901 0.0305468 0.00929616 0.0194782 0.028506 0.0259037 0.0426884 0.0170502 0.0331105 0.0184544 0.0148754 0.0199613 0.0206841 0.0270918 0.0271821 0.0338717 0.00781069 0.0160272 0.0111198 0.00930029 0.0125338 0.00944068 0.0154736 0.0203844 0.021022 
Throughputs: 1.60563 1.90054 1.70394 1.65478 1.80224 1.72032 1.67117 1.75309 1.60563 1.67117 1.91693 1.70394 1.68755 2.03162 2.03162 1.96608 1.49094 1.9497 1.78586 1.27795 1.80224 1.78586 1.78586 1.78586 2.01523 1.67117 1.67117 1.68755 1.7367 1.50733 
Utility: 4.36911 4.63152 5.06322 5.6535 4.54395 4.32834 4.00202 5.23953 4.41198 4.07116 4.3041 3.68677 4.59487 4.11674 4.70128 4.88409 4.31337 4.54606 4.18842 3.85046 3.9742 5.43216 4.71336 5.07893 5.37844 4.89285 5.17625 4.6919 4.44497 4.27253 

--------------------------------------
Time: 25.0055
Split Ratios: 1 1 1 1 0.997 1 1 1 1 0.994 0.006 1 0.035 0.965 1 0.138 0.862 1 1 1 0.827 0.173 0.892 0.108 1 0.219 0.781 1 0.917 0.083 1 1 0.048 0.952 1 1 1 1 
Delays: 0.0207662 0.0180537 0.0101183 0.00581389 0.0189321 0.0220172 0.0305236 0.00930338 0.0195137 0.0278657 0.0256707 0.0433797 0.0163832 0.0326116 0.0181264 0.0141953 0.0201857 0.0209292 0.0268217 0.0272898 0.0341706 0.00764153 0.0157604 0.0110872 0.00931666 0.0119799 0.00955389 0.0156668 0.0205654 0.0207626 
Throughputs: 1.68755 1.91693 1.62202 1.65478 1.58925 1.50733 1.68755 1.72032 1.45818 1.85139 1.70394 1.75309 1.90054 1.72032 1.90054 1.80224 1.81862 1.68755 1.93331 1.7367 1.81862 1.86778 1.90054 1.44179 1.85139 1.76947 1.76947 1.90054 1.72032 1.72032 
Utility: 4.39771 4.66513 5.07708 5.65118 4.43016 4.22627 4.01253 5.21989 4.31383 4.19629 4.19534 3.69914 4.75364 3.9656 4.65253 4.84387 4.50086 4.38989 4.27778 4.15323 3.97447 5.49891 4.7924 4.86785 5.29189 4.99521 5.22149 4.79835 4.42665 4.41711 

--------------------------------------
Time: 25.5057
Split Ratios: 1 1 1 1 0.997 1 1 1 1 0.994 0.006 1 0.035 0.965 1 0.138 0.862 1 1 1 0.827 0.173 0.892 0.108 1 0.219 0.781 1 0.917 0.083 1 1 0.048 0.952 1 1 1 1 
Delays: 0.0221873 0.0190898 0.0103945 0.00579528 0.019238 0.0219861 0.0306375 0.00928662 0.0202508 0.0276319 0.0252406 0.0454987 0.0174484 0.0330801 0.0180102 0.0144085 0.0205409 0.0205257 0.0292453 0.0278454 0.036098 0.00779948 0.0170506 0.0111384 0.0093258 0.0119301 0.00938639 0.0160356 0.0223952 0.0229401 
Throughputs: 1.60563 2.22822 1.50733 1.65478 1.58925 1.68755 1.88416 1.91693 1.44179 1.60563 1.57286 1.85139 1.78586 1.99885 1.85139 1.86778 1.85139 2.19546 1.65478 1.80224 1.98246 1.62202 1.99885 1.86778 1.88416 1.85139 1.60563 1.81862 1.98246 1.67117 
Utility: 4.28175 4.75981 4.97682 5.65438 4.41413 4.34062 4.11901 5.32991 4.26545 4.0623 4.1322 3.70601 4.62841 4.1014 4.63275 4.86469 4.50128 4.67247 4.03571 4.17012 4.00586 5.33737 4.76414 5.12211 5.30845 5.04463 5.14201 4.73102 4.48325 4.28839 

--------------------------------------
Time: 26.0062
Split Ratios: 1 1 1 1 0.997 1 1 1 1 0.994 0.006 1 0.035 0.965 1 0.138 0.862 1 1 1 0.827 0.173 0.892 0.108 1 0.219 0.781 1 0.917 0.083 1 1 0.048 0.952 1 1 1 1 
Delays: 0.0208536 0.018096 0.0107169 0.00583993 0.0199042 0.0220449 0.0307637 0.00929519 0.0196224 0.0278548 0.026349 0.0434462 0.016608 0.0329674 0.0177656 0.0147843 0.0206831 0.0207536 0.0275974 0.0272986 0.0348886 0.00764003 0.0160703 0.011146 0.00932881 0.012236 0.00951893 0.0158826 0.0205548 0.022165 
Throughputs: 1.6384 1.81862 1.78586 1.57286 1.67117 1.55648 1.65478 1.96608 1.68755 1.70394 1.96608 1.86778 1.86778 1.86778 1.52371 1.90054 1.70394 1.7367 1.81862 1.58925 1.83501 1.70394 1.52371 1.76947 1.76947 1.83501 1.60563 1.7367 1.85139 1.75309 
Utility: 4.36395 4.61014 5.11583 5.59594 4.43035 4.2571 3.98509 5.3543 4.45436 4.11369 4.31237 3.76098 4.72262 4.03699 4.45164 4.85633 4.41138 4.42702 4.18811 4.06418 3.96264 5.40729 4.55193 5.06735 5.24533 5.01043 5.12799 4.69452 4.5006 4.37062 

--------------------------------------
Time: 26.5065
Split Ratios: 1 1 1 1 0.997 1 1 1 1 0.994 0.006 1 0.035 0.965 1 0.138 0.862 1 1 1 0.827 0.173 0.892 0.108 1 0.219 0.781 1 0.917 0.083 1 1 0.048 0.952 1 1 1 1 
Delays: 0.0210557 0.0180897 0.0105444 0.00582945 0.0199447 0.0222616 0.0313262 0.00928459 0.0195416 0.0284122 0.0255665 0.0435931 0.0172404 0.0326378 0.0190088 0.0153718 0.0209214 0.0204536 0.0284561 0.027747 0.0362342 0.00768621 0.0159707 0.0111791 0.00929977 0.0123148 0.00947544 0.0159157 0.0211374 0.0231119 
Throughputs: 1.96608 1.68755 1.72032 1.81862 1.9497 1.83501 1.88416 1.47456 1.52371 1.93331 1.55648 1.99885 1.75309 1.68755 1.80224 1.75309 1.57286 1.72032 1.68755 1.6384 1.91693 1.85139 1.88416 1.80224 1.5401 1.93331 1.90054 1.96608 1.7367 1.83501 
Utility: 4.53663 4.53569 5.09467 5.74291 4.58246 4.41194 4.09678 5.06776 4.35636 4.22017 4.1089 3.82543 4.62188 3.94556 4.55188 4.7366 4.31988 4.43211 4.08267 4.07835 3.96848 5.48427 4.77048 5.08274 5.10961 5.05619 5.30119 4.81649 4.4087 4.37446 

--------------------------------------
Time: 27.0067
Split Ratios: 1 1 1 1 0.997 1 1 1 1 0.994 0.006 1 0.035 0.965 1 0.138 0.862 1 1 1 0.827 0.173 0.892 0.108 1 0.219 0.781 1 0.917 0.083 1 1 0.048 0.952 1 1 1 1 
Delays: 0.0206251 0.0182539 0.0103811 0.00572583 0.0194046 0.0225337 0.0308111 0.0093479 0.0198188 0.0283301 0.0268335 0.044524 0.016653 0.0327951 0.018125 0.0142741 0.0200751 0.0209771 0.0277697 0.0274713 0.0364994 0.00770878 0.01634 0.0111561 0.00935427 0.0125611 0.00947101 0.0161619 0.0211764 0.0221076 
Throughputs: 1.85139 1.52371 1.52371 1.42541 1.70394 1.72032 1.6384 2.048 1.70394 1.96608 1.76947 1.42541 1.75309 1.83501 1.65478 1.90054 1.65478 1.78586 2.11354 1.75309 1.99885 1.7367 1.70394 1.85139 2.08077 1.93331 1.81862 2.21184 1.72032 1.96608 
Utility: 4.49718 4.42453 4.98892 5.51723 4.47519 4.33525 3.9736 5.38947 4.45407 4.23987 4.18879 3.46619 4.65654 4.02452 4.51413 4.89145 4.41195 4.44422 4.33217 4.15599 4.00303 5.41738 4.64708 5.11171 5.40466 5.03639 5.2576 4.91893 4.39738 4.48788 

--------------------------------------
Time: 27.5068
Split Ratios: 1 1 1 1 0.997 1 1 1 1 0.994 0.006 1 0.035 0.965 1 0.138 0.862 1 1 1 0.827 0.173 0.892 0.108 1 0.219 0.781 1 0.917 0.083 1 1 0.048 0.952 1 1 1 1 
Delays: 0.0206499 0.0181925 0.0101898 0.00583236 0.019295 0.0218731 0.030635 0.0093087 0.0196907 0.0280365 0.0262283 0.0437744 0.0166797 0.0328155 0.0178002 0.0142388 0.019885 0.0206237 0.0282117 0.0273376 0.0344996 0.00782558 0.0161036 0.0111461 0.00928478 0.0118953 0.00937028 0.0159482 0.0204518 0.0215089 
Throughputs: 1.72032 1.70394 1.60563 1.68755 1.67117 1.72032 1.67117 1.7367 1.68755 1.72032 2.01523 1.85139 1.68755 1.80224 1.68755 1.70394 1.76947 1.72032 1.96608 1.5401 1.86778 1.99885 1.5401 1.81862 1.75309 1.76947 1.39264 2.09715 1.70394 1.55648 
Utility: 4.42256 4.53969 5.05988 5.66761 4.46143 4.36501 3.99914 5.22879 4.45089 4.11676 4.34165 3.74464 4.61684 4.00588 4.55182 4.78473 4.48847 4.42383 4.24406 4.03134 3.99156 5.54293 4.56056 5.09474 5.24076 5.00229 5.00141 4.87899 4.42263 4.28171 

--------------------------------------
Time: 28.007
Split Ratios: 1 1 1 1 0.997 1 1 1 1 0.994 0.006 1 0.035 0.965 1 0.138 0.862 1 1 1 0.827 0.173 0.892 0.108 1 0.219 0.781 1 0.917 0.083 1 1 0.048 0.952 1 1 1 1 
Delays: 0.0213673 0.0182428 0.010304 0.00590206 0.0191359 0.0219546 0.0309921 0.00931781 0.0196819 0.0282916 0.025406 0.0428877 0.0171256 0.0333033 0.0180834 0.0143331 0.0202487 0.0208213 0.0288763 0.0269645 0.0334267 0.00764739 0.016583 0.0111615 0.00932864 0.0119772 0.00947108 0.0155 0.0214199 0.0219732 
Throughputs: 1.90054 1.86778 1.75309 1.80224 1.70394 1.88416 1.7367 1.49094 1.6384 1.76947 1.70394 1.67117 1.96608 2.22822 1.68755 1.80224 1.62202 1.72032 1.35987 1.50733 1.7367 1.67117 1.57286 1.80224 1.91693 1.47456 1.75309 2.048 2.1463 1.9497 
Utility: 4.48803 4.62873 5.13661 5.72148 4.48913 4.45226 4.02601 5.07524 4.42178 4.13587 4.20571 3.66269 4.74322 4.20331 4.53604 4.83421 4.38334 4.41429 3.85212 4.02357 3.95039 5.38691 4.55228 5.08432 5.32539 4.81311 5.22089 4.88378 4.60718 4.4856 

--------------------------------------
Time: 28.5072
Split Ratios: 1 1 1 1 0.997 1 1 1 1 0.994 0.006 1 0.035 0.965 1 0.138 0.862 1 1 1 0.827 0.173 0.892 0.108 1 0.219 0.781 1 0.917 0.083 1 1 0.048 0.952 1 1 1 1 
Delays: 0.0214959 0.0183302 0.00996903 0.00575818 0.0196376 0.0220359 0.0302651 0.00928002 0.0194381 0.028019 0.0255467 0.0427829 0.0167102 0.0327621 0.0181347 0.0141067 0.019781 0.0204591 0.0279311 0.0273729 0.0335921 0.00803903 0.0162055 0.0111394 0.00929493 0.0119155 0.0094544 0.0157138 0.0205005 0.0208068 
Throughputs: 1.86778 1.75309 1.76947 1.6384 1.72032 1.75309 1.60563 1.90054 1.65478 1.67117 1.70394 1.70394 2.09715 1.65478 1.96608 1.76947 1.47456 1.68755 1.58925 1.90054 1.91693 1.99885 1.55648 1.6384 1.78586 1.93331 1.62202 2.16269 1.78586 1.68755 
Utility: 4.46464 4.56059 5.17895 5.65085 4.47282 4.37646 3.97128 5.32203 4.44419 4.08839 4.20019 3.68456 4.83231 3.92215 4.68597 4.83178 4.31139 4.41261 4.04128 4.24034 4.04419 5.51602 4.56483 4.99098 5.25818 5.08915 5.14494 4.92457 4.46721 4.39576 

--------------------------------------
Time: 29.0078
Split Ratios: 1 1 1 1 0.997 1 1 1 1 0.994 0.006 1 0.035 0.965 1 0.138 0.862 1 1 1 0.827 0.173 0.892 0.108 1 0.219 0.781 1 0.917 0.083 1 1 0.048 0.952 1 1 1 1 
Delays: 0.0209901 0.0181865 0.0107553 0.00577888 0.0186635 0.0220524 0.0303806 0.0093273 0.019362 0.0283082 0.0264402 0.0438552 0.016813 0.0326341 0.0185532 0.0143226 0.019801 0.0209418 0.0279665 0.0274268 0.0353933 0.00773696 0.0158766 0.0110959 0.00933988 0.0119847 0.00939399 0.0156745 0.0213769 0.0225392 
Throughputs: 1.85139 1.83501 1.75309 1.6384 1.44179 1.67117 1.62202 1.85139 1.72032 1.67117 1.81862 1.60563 1.78586 1.98246 1.72032 1.58925 1.40902 2.048 1.75309 1.55648 1.9497 1.81862 1.34349 1.42541 1.83501 1.5401 1.67117 1.75309 1.78586 1.85139 
Utility: 4.47964 4.61412 5.09374 5.64727 4.34707 4.32785 3.97762 5.29075 4.48695 4.07812 4.23095 3.60038 4.6655 4.10674 4.52962 4.70918 4.26492 4.58287 4.13813 4.03866 4.00891 5.45983 4.43818 4.85563 5.28051 4.85597 5.18121 4.7171 4.42534 4.40844 

--------------------------------------
Time: 29.5079
Split Ratios: 1 1 1 1 0.997 1 1 1 1 0.994 0.006 1 0.035 0.965 1 0.138 0.862 1 1 1 0.827 0.173 0.892 0.108 1 0.219 0.781 1 0.917 0.083 1 1 0.048 0.952 1 1 1 1 
Delays: 0.0211249 0.0184651 0.0100292 0.00572441 0.0187677 0.0218505 0.0300816 0.00928973 0.0194222 0.0277572 0.0268447 0.0449625 0.0170774 0.0324878 0.0179175 0.01417 0.0198548 0.0207042 0.0292094 0.0272034 0.0363059 0.00769111 0.0159327 0.0111239 0.00930939 0.0120269 0.00944719 0.0156059 0.0218852 0.0229265 
Throughputs: 1.81862 2.31014 1.52371 1.62202 1.70394 1.42541 1.50733 1.81862 1.55648 1.57286 1.65478 1.7367 1.98246 1.90054 1.81862 1.68755 1.50733 1.62202 1.7367 1.57286 1.85139 1.58925 1.57286 1.65478 1.80224 1.40902 1.58925 1.67117 1.90054 1.58925 
Utility: 4.45538 4.82918 5.0234 5.64668 4.50856 4.17799 3.91418 5.27693 4.38376 4.03716 4.12136 3.65392 4.75434 4.06903 4.62006 4.77991 4.32965 4.36109 4.08525 4.05731 3.93171 5.33095 4.59228 5.00233 5.26576 4.76351 5.1253 4.67363 4.46409 4.23872 

--------------------------------------
Time: 30.0081
Split Ratios: 1 1 1 1 0.997 1 1 1 1 0.994 0.006 1 0.035 0.965 1 0.138 0.862 1 1 1 0.827 0.173 0.892 0.108 1 0.219 0.781 1 0.917 0.083 1 1 0.048 0.952 1 1 1 1 
Delays: 0.0212408 0.0188155 0.0111414 0.00575502 0.0193185 0.0220561 0.0304451 0.00931278 0.0197121 0.0281268 0.0322501 0.0517266 0.0170173 0.0328263 0.0180116 0.0143606 0.0213399 0.020704 0.0352377 0.0278018 0.0426859 0.00776433 0.0164043 0.0111583 0.00930463 0.0121355 0.00931485 0.0162108 0.0227535 0.0308049 
Throughputs: 1.81862 1.98246 2.12992 1.6384 1.68755 1.70394 1.75309 1.90054 1.80224 1.75309 2.03162 1.96608 1.75309 1.72032 1.99885 1.65478 1.81862 1.7367 2.048 1.98246 1.93331 1.91693 1.90054 1.96608 1.83501 1.85139 1.5401 2.08077 1.83501 1.68755 
Utility: 4.44991 4.65742 5.25317 5.6514 4.46997 4.34711 4.05321 5.31851 4.51555 4.13241 4.14306 3.63782 4.6349 3.95904 4.70931 4.74694 4.44526 4.42942 4.0625 4.267 3.81312 5.50894 4.75235 5.17161 5.28429 5.02756 5.10799 4.85481 4.39008 4.00336 

--------------------------------------
Time: 30.5081
Split Ratios: 1 1 1 1 0.997 1 1 1 1 0.994 0.006 1 0.035 0.965 1 0.138 0.862 1 1 1 0.827 0.173 0.892 0.108 1 0.219 0.781 1 0.917 0.083 1 1 0.048 0.952 1 1 1 1 
Delays: 0.0205541 0.0187231 0.0100561 0.00575281 0.0188978 0.0220615 0.0294973 0.00935329 0.0195728 0.028325 0.0267481 0.0463409 0.0165503 0.0327817 0.0179027 0.0142423 0.019946 0.0209346 0.0297809 0.027362 0.0371673 0.00776692 0.0162115 0.0111325 0.00927107 0.0122456 0.00938833 0.0161582 0.0225463 0.0245695 
Throughputs: 1.72032 1.96608 1.68755 1.58925 1.31072 1.85139 1.35987 2.06438 1.67117 1.81862 1.72032 1.9497 1.7367 1.83501 1.76947 1.93331 1.57286 1.98246 1.70394 1.47456 2.12992 2.01523 1.80224 1.70394 1.60563 2.01523 1.42541 1.98246 1.7367 1.67117 
Utility: 4.4272 4.65404 5.12285 5.62133 4.23928 4.42986 3.83085 5.39686 4.44714 4.16209 4.1638 3.7394 4.65334 4.02493 4.59349 4.91078 4.36763 4.55069 4.04683 3.98696 4.04841 5.55862 4.71106 5.03083 5.15437 5.10333 5.02275 4.80967 4.34417 4.21977 

--------------------------------------
Time: 31.0082
Split Ratios: 1 1 1 1 0.997 1 1 1 1 0.994 0.006 1 0.035 0.965 1 0.138 0.862 1 1 1 0.827 0.173 0.892 0.108 1 0.219 0.781 1 0.917 0.083 1 1 0.048 0.952 1 1 1 1 
Delays: 0.0216037 0.0186603 0.0101175 0.00581975 0.0193268 0.0219087 0.0310733 0.00934121 0.0196068 0.0282015 0.0279254 0.0455191 0.016776 0.0328068 0.0179777 0.0141258 0.0196788 0.0208196 0.0287353 0.0274891 0.0362006 0.00787392 0.016531 0.0110932 0.00931137 0.0121044 0.00938277 0.0161943 0.020979 0.0244763 
Throughputs: 1.96608 1.72032 1.55648 1.5401 1.76947 1.78586 1.76947 1.72032 1.57286 1.75309 2.11354 1.90054 1.78586 1.75309 1.68755 1.76947 1.70394 1.90054 1.83501 1.75309 1.90054 1.68755 1.72032 1.80224 1.9497 1.78586 1.60563 2.12992 1.83501 1.70394 
Utility: 4.51093 4.52387 5.03592 5.57834 4.51694 4.40077 4.04209 5.21583 4.38478 4.12976 4.32658 3.73176 4.6677 3.9785 4.5419 4.83043 4.46116 4.514 4.15668 4.15534 3.96082 5.36748 4.64503 5.09045 5.34419 4.99408 5.1424 4.87918 4.47128 4.24299 

--------------------------------------
Time: 31.5085
Split Ratios: 1 1 1 1 0.997 1 1 1 1 0.994 0.006 1 0.035 0.965 1 0.138 0.862 1 1 1 0.827 0.173 0.892 0.108 1 0.219 0.781 1 0.917 0.083 1 1 0.048 0.952 1 1 1 1 
Delays: 0.0208216 0.0186009 0.0101999 0.00579582 0.0194616 0.0225321 0.0305253 0.00934915 0.0197731 0.0286735 0.0256839 0.0428982 0.0168917 0.0329674 0.0181141 0.0144744 0.0198434 0.021295 0.027346 0.0273726 0.0334494 0.00770833 0.0163663 0.0111503 0.00926467 0.0122348 0.00946967 0.0155042 0.0199861 0.0203504 
Throughputs: 1.80224 1.86778 1.81862 1.83501 1.83501 1.78586 1.67117 1.81862 1.80224 1.86778 1.88416 1.62202 1.5401 1.72032 1.88416 1.67117 1.67117 2.048 1.83501 1.86778 1.70394 1.78586 1.75309 1.55648 1.68755 1.90054 1.49094 1.86778 1.70394 1.65478 
Utility: 4.46079 4.60929 5.18346 5.75767 4.54636 4.37271 4.00272 5.27055 4.51246 4.17653 4.29537 3.6326 4.51278 3.95475 4.64455 4.7489 4.43341 4.56615 4.20623 4.22296 3.93066 5.44535 4.67391 4.93872 5.20483 5.04561 5.05907 4.79139 4.44566 4.39833 

--------------------------------------
Time: 32.0089
Split Ratios: 1 1 1 1 0.997 1 1 1 1 0.994 0.006 1 0.035 0.965 1 0.138 0.862 1 1 1 0.827 0.173 0.892 0.108 1 0.219 0.781 1 0.917 0.083 1 1 0.048 0.952 1 1 1 1 
Delays: 0.0214589 0.0188265 0.0108187 0.00580893 0.0188951 0.0222092 0.0307681 0.00936988 0.0197889 0.0284759 0.0269525 0.0438504 0.0172386 0.033193 0.0182974 0.0149359 0.0201372 0.0207858 0.0275576 0.0274422 0.0351101 0.00770409 0.0163863 0.0111509 0.00931741 0.0120348 0.00939337 0.0159468 0.0208309 0.0231858 
Throughputs: 1.80224 2.11354 1.78586 1.60563 1.7367 1.6384 1.62202 1.83501 2.09715 1.91693 1.75309 1.93331 1.6384 1.96608 2.048 1.9497 1.62202 1.80224 1.75309 1.7367 1.83501 1.5401 1.80224 1.76947 1.72032 1.65478 1.76947 2.08077 1.58925 1.98246 
Utility: 4.43065 4.72085 5.10638 5.62188 4.52084 4.30097 3.96495 5.2773 4.66321 4.20942 4.17506 3.78621 4.55433 4.08146 4.71786 4.87166 4.38886 4.46252 4.15286 4.14766 3.95631 5.29785 4.70034 5.06691 5.21838 4.92362 5.23843 4.87124 4.33458 4.44856 

--------------------------------------
Time: 32.5089
Split Ratios: 1 1 1 1 0.997 1 1 1 1 0.994 0.006 1 0.035 0.965 1 0.138 0.862 1 1 1 0.827 0.173 0.892 0.108 1 0.219 0.781 1 0.917 0.083 1 1 0.048 0.952 1 1 1 1 
Delays: 0.020975 0.0189149 0.0102531 0.00587018 0.019385 0.0224703 0.0305171 0.00932923 0.0197705 0.0286117 0.0277909 0.0444867 0.0171485 0.0327288 0.0183636 0.0146896 0.0202655 0.0212387 0.02825 0.0277346 0.0351868 0.00770684 0.0163007 0.0111706 0.00932275 0.0117793 0.00951029 0.0157875 0.0208906 0.0233065 
Throughputs: 1.76947 1.91693 1.83501 1.72032 1.5401 1.91693 1.52371 1.75309 1.67117 1.72032 1.86778 1.76947 2.12992 2.06438 1.83501 2.12992 2.03162 1.83501 1.81862 1.86778 1.96608 1.88416 1.72032 1.7367 1.72032 1.67117 1.42541 1.80224 1.70394 1.80224 
Utility: 4.4351 4.61853 5.18722 5.68038 4.3751 4.44628 3.91062 5.23598 4.43709 4.09645 4.20779 3.68325 4.82193 4.14433 4.60444 4.9767 4.60767 4.45898 4.16474 4.20982 4.02313 5.49913 4.65906 5.04646 5.21781 4.95493 5.00984 4.73757 4.4014 4.34805 

--------------------------------------
Time: 33.0089
Split Ratios: 1 1 1 1 0.997 1 1 1 1 0.994 0.006 1 0.035 0.965 1 0.138 0.862 1 1 1 0.827 0.173 0.892 0.108 1 0.219 0.781 1 0.917 0.083 1 1 0.048 0.952 1 1 1 1 
Delays: 0.0212675 0.0182556 0.010219 0.00579931 0.0190101 0.021696 0.0305478 0.00927608 0.0198016 0.028017 0.0264825 0.0453337 0.0169319 0.0327575 0.0177918 0.0137926 0.0195498 0.0206959 0.0298004 0.0270076 0.0381059 0.00772113 0.0160429 0.0111013 0.00929178 0.0124499 0.00942661 0.0156502 0.0208797 0.0236965 
Throughputs: 1.83501 2.048 1.50733 1.88416 1.78586 1.72032 1.65478 1.76947 1.5401 1.65478 1.6384 1.80224 1.6384 1.65478 1.55648 1.55648 1.50733 1.76947 2.06438 1.5401 1.86778 1.70394 1.70394 1.68755 1.80224 1.67117 1.6384 1.68755 1.7367 1.55648 
Utility: 4.45762 4.72015 4.99384 5.7835 4.54268 4.37314 3.99213 5.251 4.35384 4.07862 4.12499 3.68273 4.57228 3.92229 4.47145 4.72605 4.34513 4.4485 4.23806 4.04348 3.89214 5.39674 4.66543 5.02397 5.26766 4.89956 5.15794 4.68055 4.42097 4.18485 

--------------------------------------
Time: 33.509
Split Ratios: 1 1 1 1 0.997 1 1 1 1 0.994 0.006 1 0.035 0.965 1 0.138 0.862 1 1 1 0.827 0.173 0.892 0.108 1 0.219 0.781 1 0.917 0.083 1 1 0.048 0.952 1 1 1 1 
Delays: 0.0210292 0.0186735 0.0106651 0.00575519 0.019846 0.0222111 0.0306997 0.00937886 0.0196949 0.0285871 0.0261611 0.0432926 0.0167392 0.0326476 0.0180358 0.0142944 0.0200331 0.0210667 0.0266491 0.0275819 0.0343923 0.00779669 0.0163287 0.0111184 0.00931122 0.0118504 0.00942999 0.0159943 0.0201459 0.0216121 
Throughputs: 2.048 1.81862 1.76947 1.65478 1.98246 1.5401 1.86778 2.08077 1.50733 1.78586 1.86778 1.60563 1.68755 1.55648 1.81862 1.88416 1.58925 2.12992 1.88416 1.67117 1.60563 1.98246 1.40902 1.57286 1.93331 1.72032 1.99885 1.81862 1.6384 1.6384 
Utility: 4.57871 4.57873 5.11146 5.66132 4.60409 4.23901 4.10825 5.40203 4.33773 4.1347 4.26823 3.61329 4.61328 3.86441 4.61348 4.88137 4.37363 4.61614 4.25848 4.10412 3.84344 5.5384 4.45773 4.95205 5.33577 4.9779 5.35643 4.7336 4.39848 4.32822 

--------------------------------------
Time: 34.0092
Split Ratios: 1 1 1 1 0.997 1 1 1 1 0.994 0.006 1 0.035 0.965 1 0.138 0.862 1 1 1 0.827 0.173 0.892 0.108 1 0.219 0.781 1 0.917 0.083 1 1 0.048 0.952 1 1 1 1 
Delays: 0.0205067 0.0182769 0.0106312 0.00580402 0.0189562 0.0219547 0.0302717 0.0092854 0.0195819 0.0276896 0.0256967 0.0426746 0.0162952 0.0326686 0.0177063 0.0146488 0.02057 0.0204918 0.0273367 0.0275614 0.0345421 0.00765369 0.0160474 0.011124 0.00930061 0.0119591 0.00938518 0.0159682 0.0204769 0.0217619 
Throughputs: 1.85139 1.70394 1.83501 1.57286 1.70394 1.65478 1.47456 1.72032 2.09715 1.68755 1.86778 1.6384 1.40902 1.75309 1.60563 1.76947 1.60563 1.90054 1.62202 1.86778 1.72032 1.70394 1.3271 1.72032 1.85139 1.76947 1.52371 1.70394 1.83501 1.85139 
Utility: 4.50294 4.53506 5.15101 5.6021 4.49856 4.32244 3.8859 5.22182 4.67373 4.10998 4.28614 3.64787 4.45978 3.98272 4.50735 4.79408 4.35744 4.52987 4.08319 4.21609 3.90809 5.40551 4.41521 5.04116 5.29361 4.99694 5.08977 4.6701 4.49551 4.44353 

--------------------------------------
Time: 34.5093
Split Ratios: 1 1 1 1 0.997 1 1 1 1 0.994 0.006 1 0.035 0.965 1 0.138 0.862 1 1 1 0.827 0.173 0.892 0.108 1 0.219 0.781 1 0.917 0.083 1 1 0.048 0.952 1 1 1 1 
Delays: 0.0205082 0.0181586 0.0102275 0.00574919 0.0199698 0.0216372 0.0303009 0.00926964 0.0195288 0.0277747 0.0267031 0.0438098 0.0166069 0.0329202 0.0177797 0.0143466 0.0201717 0.020682 0.0290506 0.0275243 0.0367234 0.00786678 0.0160521 0.0111081 0.00927105 0.0129195 0.00949715 0.0159729 0.0206034 0.022213 
Throughputs: 1.93331 1.55648 1.72032 1.85139 2.08077 1.5401 1.47456 2.06438 1.62202 1.62202 2.03162 1.86778 1.7367 1.85139 1.7367 1.93331 1.90054 1.80224 1.85139 1.47456 2.03162 1.86778 1.5401 1.68755 1.52371 1.83501 1.47456 2.22822 1.78586 1.72032 
Utility: 4.54617 4.45104 5.12518 5.77463 4.64627 4.26519 3.88494 5.40584 4.41953 4.0673 4.33181 3.75265 4.64993 4.02961 4.58169 4.90347 4.54561 4.46752 4.15465 3.98104 4.01317 5.46985 4.56376 5.02336 5.10201 4.95607 5.04512 4.93806 4.4622 4.34959 

--------------------------------------
Time: 35.0094
Split Ratios: 1 1 1 1 0.997 1 1 1 1 0.994 0.006 1 0.035 0.965 1 0.138 0.862 1 1 1 0.827 0.173 0.892 0.108 1 0.219 0.781 1 0.917 0.083 1 1 0.048 0.952 1 1 1 1 
Delays: 0.0213171 0.0182146 0.0109888 0.00580382 0.0194411 0.0216279 0.0307305 0.0092684 0.0201837 0.0277495 0.0265722 0.0438744 0.0163714 0.0332782 0.017827 0.0148029 0.0206005 0.0204027 0.0273967 0.0272298 0.0343508 0.00762662 0.0166426 0.0111243 0.00927138 0.0117794 0.00948449 0.0155898 0.0202275 0.0222896 
Throughputs: 1.85139 1.67117 2.01523 1.50733 1.76947 1.78586 1.45818 1.57286 1.80224 1.57286 1.83501 1.85139 1.67117 2.08077 1.45818 1.85139 1.78586 1.85139 1.93331 1.39264 1.75309 1.75309 1.65478 1.45818 1.78586 1.76947 1.72032 1.7367 1.57286 1.83501 
Utility: 4.46418 4.51906 5.21162 5.55958 4.51105 4.41367 3.85968 5.13404 4.49191 4.03743 4.23494 3.74236 4.62574 4.13559 4.40423 4.82887 4.46234 4.50803 4.25657 3.93465 3.93251 5.43749 4.59946 4.87581 5.26072 5.01209 5.20061 4.71313 4.35361 4.41068 

--------------------------------------
Time: 35.5095
Split Ratios: 1 1 1 1 0.997 1 1 1 1 0.994 0.006 1 0.035 0.965 1 0.138 0.862 1 1 1 0.827 0.173 0.892 0.108 1 0.219 0.781 1 0.917 0.083 1 1 0.048 0.952 1 1 1 1 
Delays: 0.0211759 0.0183382 0.0102024 0.00583755 0.0193824 0.0220538 0.0309786 0.0093186 0.0198019 0.0278305 0.0254114 0.0424709 0.016656 0.0328673 0.0181219 0.0143778 0.0202237 0.0207638 0.0264808 0.0271317 0.0330851 0.00768256 0.015925 0.0111339 0.00938484 0.0117421 0.00935956 0.0156995 0.0195564 0.0201725 
Throughputs: 1.67117 1.85139 1.80224 1.50733 1.83501 1.76947 1.76947 1.6384 1.58925 1.67117 1.90054 1.70394 1.7367 1.88416 2.22822 1.62202 1.62202 2.01523 1.70394 1.47456 1.6384 1.7367 1.62202 1.65478 1.99885 1.60563 1.80224 1.93331 1.45818 1.57286 
Utility: 4.36841 4.6147 5.17416 5.55378 4.55044 4.38495 4.04514 5.16946 4.38524 4.09514 4.3147 3.69188 4.64698 4.04876 4.81184 4.72574 4.38457 4.57528 4.16428 3.99541 3.90239 5.42079 4.62353 5.00143 5.36123 4.91809 5.26039 4.81336 4.31164 4.35633 

--------------------------------------
Time: 36.0095
Split Ratios: 1 1 1 1 0.997 1 1 1 1 0.994 0.006 1 0.035 0.965 1 0.138 0.862 1 1 1 0.827 0.173 0.892 0.108 1 0.219 0.781 1 0.917 0.083 1 1 0.048 0.952 1 1 1 1 
Delays: 0.0207104 0.0181159 0.0101299 0.00586417 0.0187496 0.0214237 0.0299433 0.0092963 0.0197107 0.0274587 0.0252033 0.0422557 0.0163282 0.0330889 0.0178833 0.0140197 0.0198057 0.0206544 0.0267326 0.0277906 0.0331787 0.00769832 0.0160375 0.0111604 0.00931504 0.0120925 0.0093856 0.0161752 0.02001 0.0203492 
Throughputs: 1.90054 1.70394 1.6384 1.72032 1.52371 1.47456 1.76947 1.83501 1.86778 1.75309 1.81862 2.03162 1.65478 1.83501 1.72032 1.75309 1.57286 2.08077 1.78586 1.80224 1.60563 1.72032 1.86778 1.62202 1.80224 1.6384 1.83501 2.01523 1.7367 1.65478 
Utility: 4.51926 4.54391 5.08598 5.6814 4.39773 4.23161 4.07913 5.28519 4.55134 4.15645 4.27886 3.87285 4.61853 4.01561 4.5664 4.82867 4.37468 4.61256 4.20177 4.17209 3.87936 5.40926 4.75757 4.97905 5.26516 4.90889 5.27563 4.82501 4.46351 4.39838 

