--------------------------------------
Time: 5.50001
Split Ratios: 1 0.333333 0.333333 0.333333 0.5 0.5 0.333333 0.333333 0.333333 0.2 0.2 0.2 0.2 0.2 0.2 0.2 0.2 0.2 0.2 1 0.25 0.25 0.25 0.25 0.5 0.5 1 1 1 0.333333 0.333333 0.333333 1 1 0.333333 0.333333 0.333333 0.5 0.5 0.25 0.25 0.25 0.25 1 0.5 0.5 0.5 0.5 0.5 0.5 0.5 0.5 0.5 0.5 0.5 0.5 0.5 0.5 1 1 1 0.333333 0.333333 0.333333 1 0.5 0.5 1 0.5 0.5 0.5 0.5 1 0.2 0.2 0.2 0.2 0.2 1 1 0.5 0.5 
Delays: 0.0158517 0.0130811 0.0125071 0.0131378 0.0243773 0.0145679 0.0144167 0.0164872 0.0143158 0.00720433 0.010109 0.0087084 0.025613 0.0101395 0.00715974 0.0174928 0.0136769 0.0263735 0.00576453 0.0080888 0.00948074 0.0212184 0.0126702 0.0108124 0.0255448 0.0221318 0.00442212 0.00855723 0.00578332 0.0139788 0.0130137 0.022557 0.00719993 0.0127821 0.014361 0.0100101 0.018387 0.00878508 0.00434812 0.0183623 
Throughputs: 3.06381 2.68698 2.53952 3.75194 2.62144 3.14573 2.01523 3.65363 2.71974 3.1785 3.76832 2.06438 2.16269 2.01523 3.60448 2.42483 2.57229 3.44064 2.52314 2.16269 3.16211 2.65421 3.53894 2.01523 2.1463 2.40845 2.1463 2.44122 2.85082 3.63725 3.42426 2.34291 2.93274 2.01523 3.1785 2.4576 3.57171 2.70336 3.96493 2.58867 
Utility: 5.26414 5.32501 5.31344 5.65453 4.67783 5.37498 4.9401 5.40089 5.24693 6.08948 5.92096 5.4683 4.43601 5.29206 6.22146 4.93173 5.23685 4.87105 6.08153 5.58863 5.80973 4.82903 5.63233 5.2278 4.43107 4.68972 6.18488 5.65347 6.20038 5.56144 5.57264 4.6431 6.00962 5.06044 5.39965 5.50334 5.26916 5.7292 6.8155 4.9486 

--------------------------------------
Time: 6.00008
Split Ratios: 1 0.532 0.175 0.293 0.117 0.883 0.374 0.152 0.473 0.214 0.548 0.075 0.145 0.017 0.184 0.188 0.216 0.044 0.368 1 0.158 0.135 0.176 0.532 0.569 0.431 1 1 1 0.065 0.796 0.138 1 1 0.075 0.385 0.539 0.331 0.669 0.466 0.329 0.069 0.135 1 0.278 0.722 0.123 0.877 0.988 0.012 0.383 0.617 0.34 0.66 0.781 0.219 0.21 0.79 1 1 1 0.476 0.291 0.234 1 0.828 0.172 1 0.289 0.711 0.969 0.031 1 0.022 0.134 0.802 0.036 0.006 1 1 0.34 0.66 
Delays: 0.0159213 0.0127928 0.012803 0.0124321 0.0252607 0.0139059 0.0143145 0.0163339 0.0132751 0.00720721 0.0100776 0.00863624 0.0268475 0.0102052 0.00714857 0.0166928 0.0139388 0.0249919 0.00580792 0.00818511 0.00884317 0.0229936 0.0137797 0.0118258 0.0224471 0.0195203 0.0043611 0.00855086 0.00576701 0.0134741 0.0129077 0.0220453 0.00719305 0.0143357 0.0131541 0.0100162 0.0151809 0.00869792 0.00432114 0.0178852 
Throughputs: 2.88358 2.5559 2.16269 4.03046 2.58867 3.89939 2.42483 3.5881 2.34291 3.1785 3.39149 2.12992 2.17907 1.78586 3.19488 2.52314 2.3593 3.22765 2.68698 2.03162 3.03104 2.19546 3.96493 2.29376 1.91693 2.34291 2.60506 2.24461 3.21126 3.45702 3.34234 2.24461 3.44064 2.24461 3.53894 2.09715 4.48922 2.8672 3.62086 2.44122 
Utility: 5.19913 5.29728 5.12943 5.78135 4.62965 5.63626 5.13225 5.39213 5.17326 6.08908 5.81871 5.50787 4.39648 5.16476 6.10239 5.01828 5.13144 4.86096 6.13695 5.51427 5.83702 4.55893 5.66205 5.26766 4.44732 4.7877 6.39249 5.57025 6.32227 5.5474 5.5566 4.62319 6.1703 5.05353 5.59485 5.34414 5.68939 5.79801 6.73095 4.91628 

--------------------------------------
Time: 6.5001
Split Ratios: 1 0.532 0.175 0.293 0.117 0.883 0.374 0.152 0.473 0.214 0.548 0.075 0.145 0.017 0.184 0.188 0.216 0.044 0.368 1 0.158 0.135 0.176 0.532 0.569 0.431 1 1 1 0.065 0.796 0.138 1 1 0.075 0.385 0.539 0.331 0.669 0.466 0.329 0.069 0.135 1 0.278 0.722 0.123 0.877 0.988 0.012 0.383 0.617 0.34 0.66 0.781 0.219 0.21 0.79 1 1 1 0.476 0.291 0.234 1 0.828 0.172 1 0.289 0.711 0.969 0.031 1 0.022 0.134 0.802 0.036 0.006 1 1 0.34 0.66 
Delays: 0.0158842 0.012554 0.0129316 0.012233 0.0253832 0.0140408 0.0143456 0.0162239 0.0135008 0.00722901 0.0100638 0.00863844 0.0269508 0.0101734 0.00714726 0.0168238 0.0139424 0.0247438 0.00578313 0.00832218 0.00888685 0.0229531 0.0137359 0.0116172 0.0226792 0.0197408 0.00434061 0.00856415 0.00575762 0.0133573 0.0129128 0.0220305 0.00718876 0.0144412 0.0131624 0.0100607 0.0148737 0.00874052 0.00435222 0.0178002 
Throughputs: 3.01466 2.83443 2.19546 3.60448 3.04742 3.70278 2.21184 3.96493 2.53952 3.16211 3.06381 1.99885 2.80166 2.26099 3.48979 2.34291 2.37568 3.47341 2.52314 2.12992 2.8672 2.42483 4.04685 2.26099 1.88416 2.65421 2.12992 2.49037 2.63782 3.26042 3.47341 2.34291 3.1785 2.26099 3.63725 2.75251 3.71917 2.62144 3.55533 2.9655 
Utility: 5.24591 5.41956 5.13447 5.6858 4.78796 5.57487 5.03813 5.49876 5.23698 6.08089 5.71847 5.4441 4.64396 5.40379 6.19087 4.93635 5.1381 4.94432 6.07831 5.54491 5.77652 4.66007 5.68568 5.27107 4.41979 4.90122 6.19583 5.6726 6.12719 5.49754 5.59468 4.66672 6.09165 5.05347 5.62162 5.61163 5.52166 5.70351 6.70552 5.11559 

--------------------------------------
Time: 7.0001
Split Ratios: 1 0.532 0.175 0.293 0.117 0.883 0.374 0.152 0.473 0.214 0.548 0.075 0.145 0.017 0.184 0.188 0.216 0.044 0.368 1 0.158 0.135 0.176 0.532 0.569 0.431 1 1 1 0.065 0.796 0.138 1 1 0.075 0.385 0.539 0.331 0.669 0.466 0.329 0.069 0.135 1 0.278 0.722 0.123 0.877 0.988 0.012 0.383 0.617 0.34 0.66 0.781 0.219 0.21 0.79 1 1 1 0.476 0.291 0.234 1 0.828 0.172 1 0.289 0.711 0.969 0.031 1 0.022 0.134 0.802 0.036 0.006 1 1 0.34 0.66 
Delays: 0.0159505 0.0127271 0.0129353 0.0121909 0.0255523 0.0141605 0.0143374 0.0162324 0.0137262 0.00723816 0.0100918 0.0086761 0.0269748 0.0101825 0.00715496 0.0167322 0.0139779 0.0242363 0.00578926 0.00835545 0.00892488 0.0229764 0.0136046 0.0114525 0.0223916 0.0197911 0.00435992 0.00856336 0.00579046 0.0134426 0.0129672 0.0220002 0.00716659 0.014333 0.0131895 0.0100494 0.0148786 0.00869501 0.0043134 0.0178997 
Throughputs: 2.7689 2.4576 2.24461 3.91578 3.01466 3.89939 2.1463 4.1943 2.3593 3.63725 3.24403 2.19546 2.37568 2.08077 3.60448 2.81805 2.40845 3.50618 2.52314 2.01523 2.98189 2.52314 3.7847 2.52314 2.37568 2.65421 2.24461 2.37568 2.80166 3.5881 3.81747 2.42483 3.06381 2.40845 3.3751 2.60506 3.83386 2.57229 3.48979 2.7689 
Utility: 5.15671 5.2632 5.15633 5.77208 4.77052 5.61812 5.00863 5.55448 5.14681 6.21962 5.77284 5.53357 4.47814 5.31982 6.22213 5.12646 5.14926 4.97443 6.07725 5.48558 5.81147 4.69879 5.62831 5.39505 4.66435 4.89867 6.24383 5.62555 6.18176 5.58695 5.68492 4.70247 6.05798 5.12418 5.54476 5.5577 5.55171 5.6898 6.69587 5.04142 

--------------------------------------
Time: 7.50012
Split Ratios: 1 0.532 0.175 0.293 0.117 0.883 0.374 0.152 0.473 0.214 0.548 0.075 0.145 0.017 0.184 0.188 0.216 0.044 0.368 1 0.158 0.135 0.176 0.532 0.569 0.431 1 1 1 0.065 0.796 0.138 1 1 0.075 0.385 0.539 0.331 0.669 0.466 0.329 0.069 0.135 1 0.278 0.722 0.123 0.877 0.988 0.012 0.383 0.617 0.34 0.66 0.781 0.219 0.21 0.79 1 1 1 0.476 0.291 0.234 1 0.828 0.172 1 0.289 0.711 0.969 0.031 1 0.022 0.134 0.802 0.036 0.006 1 1 0.34 0.66 
Delays: 0.0158619 0.0127209 0.0128664 0.0122645 0.0253972 0.0142503 0.0143861 0.0163392 0.0138996 0.00720328 0.0100825 0.00863491 0.026912 0.0101519 0.00714654 0.0168582 0.0139737 0.0246292 0.00577935 0.00837648 0.00882957 0.0230183 0.0136745 0.0117287 0.0222241 0.019309 0.00434274 0.00855355 0.00576025 0.0130747 0.0129173 0.0218622 0.00719914 0.0142016 0.0130734 0.0100438 0.0146602 0.00871654 0.00433158 0.0179348 
Throughputs: 2.8672 2.53952 2.27738 3.81747 2.68698 3.42426 2.50675 3.83386 2.88358 3.60448 3.19488 1.72032 1.96608 2.01523 3.5881 2.31014 2.40845 3.67002 2.49037 2.11354 3.04742 2.57229 3.47341 2.31014 2.048 2.70336 2.01523 2.29376 2.8672 3.1785 3.50618 2.06438 3.26042 2.1463 3.3751 2.11354 3.73555 2.50675 3.88301 2.88358 
Utility: 5.19717 5.29649 5.17616 5.74064 4.66153 5.48186 5.16048 5.45806 5.33493 6.2154 5.7585 5.29445 4.29123 5.29083 6.21875 4.92023 5.14956 5.00402 6.06589 5.53069 5.84395 4.71626 5.53736 5.28302 4.52344 4.94168 6.13998 5.5916 6.21011 5.49348 5.60371 4.54783 6.11565 5.01815 5.5536 5.34916 5.54052 5.66152 6.79843 5.08004 

--------------------------------------
Time: 8.00021
Split Ratios: 1 0.532 0.175 0.293 0.117 0.883 0.374 0.152 0.473 0.214 0.548 0.075 0.145 0.017 0.184 0.188 0.216 0.044 0.368 1 0.158 0.135 0.176 0.532 0.569 0.431 1 1 1 0.065 0.796 0.138 1 1 0.075 0.385 0.539 0.331 0.669 0.466 0.329 0.069 0.135 1 0.278 0.722 0.123 0.877 0.988 0.012 0.383 0.617 0.34 0.66 0.781 0.219 0.21 0.79 1 1 1 0.476 0.291 0.234 1 0.828 0.172 1 0.289 0.711 0.969 0.031 1 0.022 0.134 0.802 0.036 0.006 1 1 0.34 0.66 
Delays: 0.0159296 0.0126858 0.0129661 0.012186 0.0252341 0.0144057 0.0143717 0.0163688 0.0132654 0.00729132 0.0101049 0.00872919 0.0267698 0.0101798 0.00714261 0.0168714 0.0140371 0.0249862 0.00578996 0.00830911 0.00884501 0.0228997 0.0138105 0.0115783 0.0223757 0.0187704 0.00436396 0.00857497 0.0057732 0.0132707 0.0129593 0.0220411 0.00719941 0.0141982 0.0131749 0.0100524 0.0147466 0.0087273 0.00431626 0.0178094 
Throughputs: 3.1785 2.53952 2.53952 3.94854 2.93274 3.85024 2.1463 3.76832 2.53952 3.75194 3.45702 2.16269 2.16269 1.7367 3.96493 2.19546 2.5559 3.48979 2.7689 2.32653 3.1785 2.27738 3.63725 2.27738 2.11354 2.32653 2.37568 2.11354 2.99827 3.6864 3.70278 2.44122 3.60448 2.11354 3.65363 2.65421 4.06323 2.58867 3.57171 2.67059 
Utility: 5.29598 5.29925 5.27739 5.78081 4.75549 5.58826 5.00624 5.43901 5.25457 6.24334 5.83514 5.51244 4.39183 5.13934 6.31916 4.86853 5.20446 4.93927 6.17008 5.63478 5.88431 4.59966 5.57355 5.28164 4.54814 4.81985 6.29966 5.50727 6.25256 5.62685 5.65503 4.70734 6.21593 5.003 5.62517 5.57609 5.61872 5.69244 6.71841 5.01033 

--------------------------------------
Time: 8.50022
Split Ratios: 1 0.532 0.175 0.293 0.117 0.883 0.374 0.152 0.473 0.214 0.548 0.075 0.145 0.017 0.184 0.188 0.216 0.044 0.368 1 0.158 0.135 0.176 0.532 0.569 0.431 1 1 1 0.065 0.796 0.138 1 1 0.075 0.385 0.539 0.331 0.669 0.466 0.329 0.069 0.135 1 0.278 0.722 0.123 0.877 0.988 0.012 0.383 0.617 0.34 0.66 0.781 0.219 0.21 0.79 1 1 1 0.476 0.291 0.234 1 0.828 0.172 1 0.289 0.711 0.969 0.031 1 0.022 0.134 0.802 0.036 0.006 1 1 0.34 0.66 
Delays: 0.0158546 0.0125633 0.0128751 0.0120633 0.0252056 0.0138853 0.0143873 0.0162819 0.0135874 0.00722067 0.0100849 0.00866376 0.0268822 0.0102006 0.00712883 0.016887 0.0139678 0.0244749 0.00579379 0.00830856 0.00880388 0.023021 0.0133627 0.0116876 0.0221131 0.0196239 0.00436354 0.00856254 0.00575238 0.0133925 0.0129369 0.0219598 0.00720773 0.0141662 0.0131864 0.0100798 0.0149499 0.00872297 0.00430073 0.017872 
Throughputs: 2.80166 2.60506 2.65421 3.7847 2.98189 3.6864 2.31014 3.5881 2.73613 2.98189 2.93274 2.01523 2.4576 1.85139 3.29318 2.26099 2.44122 3.60448 2.40845 2.08077 2.68698 2.60506 3.62086 2.12992 2.37568 2.63782 1.90054 2.53952 2.93274 3.08019 3.6864 2.12992 3.2768 2.40845 3.63725 2.60506 3.81747 2.83443 3.3751 2.81805 
Utility: 5.17451 5.33443 5.32861 5.74855 4.77324 5.58158 5.07872 5.39532 5.30516 6.02336 5.67265 5.44934 4.51548 5.20125 6.13546 4.89702 5.1635 4.99228 6.02995 5.52321 5.72098 4.7288 5.602 5.20531 4.67687 4.90096 6.07661 5.69233 6.23408 5.43805 5.65232 4.57463 6.11947 5.13588 5.61979 5.55468 5.54264 5.78364 6.6654 5.06057 

--------------------------------------
Time: 9.00036
Split Ratios: 1 0.532 0.175 0.293 0.117 0.883 0.374 0.152 0.473 0.214 0.548 0.075 0.145 0.017 0.184 0.188 0.216 0.044 0.368 1 0.158 0.135 0.176 0.532 0.569 0.431 1 1 1 0.065 0.796 0.138 1 1 0.075 0.385 0.539 0.331 0.669 0.466 0.329 0.069 0.135 1 0.278 0.722 0.123 0.877 0.988 0.012 0.383 0.617 0.34 0.66 0.781 0.219 0.21 0.79 1 1 1 0.476 0.291 0.234 1 0.828 0.172 1 0.289 0.711 0.969 0.031 1 0.022 0.134 0.802 0.036 0.006 1 1 0.34 0.66 
Delays: 0.0159575 0.0128047 0.0129443 0.0121695 0.0252159 0.0142433 0.0143221 0.0162034 0.013172 0.00720531 0.0100716 0.00873307 0.026942 0.0100992 0.00714704 0.0167354 0.0140183 0.0246317 0.00578496 0.00828726 0.00887879 0.0230196 0.013715 0.0119064 0.0229428 0.0197438 0.00435075 0.00856748 0.00576995 0.0132297 0.0129253 0.0218932 0.0072376 0.0143136 0.0130999 0.0100278 0.0148835 0.00875882 0.00432081 0.0178063 
Throughputs: 3.29318 2.65421 2.40845 4.07962 3.11296 3.52256 2.5559 3.5881 2.19546 3.16211 3.24403 2.58867 2.26099 2.06438 3.47341 2.24461 2.42483 4.03046 2.58867 1.98246 3.09658 2.63782 3.40787 2.17907 2.08077 2.1463 2.52314 2.22822 2.88358 3.96493 3.62086 2.26099 3.01466 2.42483 3.08019 2.71974 3.71917 2.58867 3.63725 3.14573 
Utility: 5.32968 5.33409 5.22608 5.81482 4.81586 5.51066 5.18436 5.40016 5.11606 6.08418 5.77485 5.69178 4.42987 5.32013 6.18619 4.89876 5.15316 5.0976 6.10364 5.47738 5.85439 4.74136 5.51536 5.20958 4.50749 4.68866 6.36291 5.56099 6.21413 5.70278 5.63528 4.63738 6.03195 5.13231 5.46015 5.60293 5.521 5.68884 6.73554 5.17425 

--------------------------------------
Time: 9.50042
Split Ratios: 1 0.532 0.175 0.293 0.117 0.883 0.374 0.152 0.473 0.214 0.548 0.075 0.145 0.017 0.184 0.188 0.216 0.044 0.368 1 0.158 0.135 0.176 0.532 0.569 0.431 1 1 1 0.065 0.796 0.138 1 1 0.075 0.385 0.539 0.331 0.669 0.466 0.329 0.069 0.135 1 0.278 0.722 0.123 0.877 0.988 0.012 0.383 0.617 0.34 0.66 0.781 0.219 0.21 0.79 1 1 1 0.476 0.291 0.234 1 0.828 0.172 1 0.289 0.711 0.969 0.031 1 0.022 0.134 0.802 0.036 0.006 1 1 0.34 0.66 
Delays: 0.0158569 0.0126613 0.0128195 0.0121667 0.0253511 0.0142728 0.0143709 0.0164274 0.0134891 0.00722915 0.0101131 0.0086467 0.0269829 0.0101896 0.00716164 0.0167774 0.014028 0.024572 0.00575654 0.00831009 0.0088718 0.0230614 0.0134846 0.0112177 0.0227951 0.0191512 0.00437055 0.00855193 0.00575355 0.013615 0.0129098 0.0219991 0.0072014 0.0143423 0.013154 0.0100498 0.0147265 0.00876535 0.00430949 0.0180232 
Throughputs: 2.65421 2.40845 2.03162 4.06323 2.89997 3.81747 2.29376 4.04685 2.44122 3.21126 3.22765 1.99885 2.50675 2.11354 4.27622 2.37568 2.70336 3.81747 2.1463 2.01523 2.85082 2.70336 3.96493 2.24461 2.21184 2.49037 2.1463 2.40845 2.58867 3.30957 3.26042 2.22822 3.35872 2.26099 3.40787 2.1463 3.88301 2.70336 3.60448 3.35872 
Utility: 5.12029 5.24819 5.06562 5.81103 4.73963 5.58899 5.07274 5.50674 5.19837 6.0963 5.76567 5.44315 4.53154 5.33475 6.39209 4.95301 5.2612 5.04573 5.92117 5.49102 5.77248 4.76409 5.68369 5.2988 4.57504 4.86782 6.19661 5.64058 6.10908 5.4934 5.53162 4.61796 6.14504 5.06035 5.55712 5.36395 5.57472 5.73144 6.72911 5.22765 

--------------------------------------
Time: 10.0006
Split Ratios: 1 0.532 0.175 0.293 0.117 0.883 0.374 0.152 0.473 0.214 0.548 0.075 0.145 0.017 0.184 0.188 0.216 0.044 0.368 1 0.158 0.135 0.176 0.532 0.569 0.431 1 1 1 0.065 0.796 0.138 1 1 0.075 0.385 0.539 0.331 0.669 0.466 0.329 0.069 0.135 1 0.278 0.722 0.123 0.877 0.988 0.012 0.383 0.617 0.34 0.66 0.781 0.219 0.21 0.79 1 1 1 0.476 0.291 0.234 1 0.828 0.172 1 0.289 0.711 0.969 0.031 1 0.022 0.134 0.802 0.036 0.006 1 1 0.34 0.66 
Delays: 0.0158818 0.0127189 0.0129591 0.0121432 0.0252997 0.0143371 0.0143729 0.0163065 0.0133896 0.00721226 0.0101117 0.00867156 0.0269295 0.0102398 0.00714569 0.0166847 0.014084 0.0246754 0.00579517 0.00831441 0.00887395 0.023001 0.0135642 0.0117582 0.0222488 0.0192009 0.00432361 0.00856176 0.00576115 0.0134445 0.0129355 0.0219318 0.0071779 0.0144081 0.0131025 0.0100638 0.0148431 0.00877223 0.00431162 0.017871 
Throughputs: 2.9655 1.98246 2.29376 4.17792 2.75251 4.14515 2.44122 3.6864 2.85082 3.1785 3.47341 1.85139 2.42483 1.70394 3.65363 1.98246 2.3593 3.35872 2.52314 1.9497 3.01466 2.37568 4.21069 2.47398 1.9497 2.24461 2.21184 2.17907 2.89997 3.63725 3.5881 2.34291 3.29318 2.34291 3.26042 2.21184 3.93216 2.65421 3.57171 2.68698 
Utility: 5.22963 5.049 5.17615 5.8408 4.68948 5.66685 5.13491 5.42084 5.36088 6.08838 5.8392 5.36364 4.50029 5.11442 6.23697 4.77761 5.12108 4.91351 6.07623 5.45744 5.82812 4.6375 5.73795 5.34903 4.47314 4.76133 6.23749 5.53935 6.22132 5.60041 5.6254 4.67121 6.1286 5.09136 5.5168 5.39263 5.57941 5.71231 6.71949 5.01299 

--------------------------------------
Time: 10.5007
Split Ratios: 1 0.532 0.175 0.293 0.117 0.883 0.374 0.152 0.473 0.214 0.548 0.075 0.145 0.017 0.184 0.188 0.216 0.044 0.368 1 0.158 0.135 0.176 0.532 0.569 0.431 1 1 1 0.065 0.796 0.138 1 1 0.075 0.385 0.539 0.331 0.669 0.466 0.329 0.069 0.135 1 0.278 0.722 0.123 0.877 0.988 0.012 0.383 0.617 0.34 0.66 0.781 0.219 0.21 0.79 1 1 1 0.476 0.291 0.234 1 0.828 0.172 1 0.289 0.711 0.969 0.031 1 0.022 0.134 0.802 0.036 0.006 1 1 0.34 0.66 
Delays: 0.0159446 0.0124721 0.0128347 0.0120973 0.0251915 0.0143516 0.0144024 0.0163122 0.0132372 0.00723924 0.0101335 0.00875294 0.0269647 0.0102092 0.0071514 0.0168071 0.014012 0.0244683 0.00579262 0.00829425 0.00890106 0.0229048 0.0136982 0.0114713 0.0229191 0.0194766 0.00439085 0.00856912 0.00576636 0.0132879 0.0129268 0.0219916 0.00721347 0.0145434 0.0130824 0.0100431 0.0149747 0.00871813 0.00431868 0.0179128 
Throughputs: 3.16211 2.5559 2.42483 3.6864 3.06381 3.9977 2.29376 3.9977 2.5559 3.35872 2.98189 2.09715 2.40845 2.22822 3.39149 2.16269 2.42483 3.29318 2.58867 1.99885 2.94912 2.32653 3.65363 2.37568 2.34291 2.34291 2.29376 2.3593 2.78528 3.80109 3.06381 2.34291 3.75194 1.99885 3.34234 2.32653 4.07962 2.4576 3.42426 3.12934 
Utility: 5.28988 5.32267 5.24137 5.71943 4.80091 5.62961 5.07055 5.50156 5.26313 6.1398 5.68447 5.47895 4.49221 5.38567 6.16172 4.85731 5.1536 4.90223 6.10232 5.48476 5.80309 4.62078 5.58621 5.33319 4.62718 4.78993 6.25843 5.61795 6.18006 5.65619 5.46811 4.66849 6.25408 4.92319 5.54316 5.44525 5.60739 5.64154 6.67569 5.16306 

--------------------------------------
Time: 11.0009
Split Ratios: 1 0.532 0.175 0.293 0.117 0.883 0.374 0.152 0.473 0.214 0.548 0.075 0.145 0.017 0.184 0.188 0.216 0.044 0.368 1 0.158 0.135 0.176 0.532 0.569 0.431 1 1 1 0.065 0.796 0.138 1 1 0.075 0.385 0.539 0.331 0.669 0.466 0.329 0.069 0.135 1 0.278 0.722 0.123 0.877 0.988 0.012 0.383 0.617 0.34 0.66 0.781 0.219 0.21 0.79 1 1 1 0.476 0.291 0.234 1 0.828 0.172 1 0.289 0.711 0.969 0.031 1 0.022 0.134 0.802 0.036 0.006 1 1 0.34 0.66 
Delays: 0.0158757 0.012617 0.0128107 0.0118206 0.0251858 0.0143098 0.0143566 0.0163475 0.0136904 0.00724352 0.0101102 0.00870413 0.0267618 0.0102134 0.00715511 0.0166028 0.0140112 0.0243657 0.00574522 0.00832047 0.00882801 0.0229707 0.0139287 0.0117052 0.0230845 0.0194258 0.00435857 0.00856008 0.00576551 0.0136768 0.0129179 0.0220112 0.0072084 0.0141151 0.0131135 0.0100524 0.0145631 0.00875422 0.00430326 0.0179501 
Throughputs: 2.83443 2.78528 2.50675 3.86662 2.65421 3.93216 2.31014 3.70278 2.5559 3.53894 3.35872 1.88416 2.09715 1.96608 3.26042 2.24461 2.17907 3.67002 2.50675 2.4576 3.39149 2.47398 3.67002 2.12992 1.91693 2.32653 1.99885 2.58867 2.67059 3.91578 3.32595 2.40845 3.19488 2.048 2.81805 2.71974 3.93216 3.03104 3.71917 2.89997 
Utility: 5.18481 5.39706 5.27646 5.7903 4.65762 5.616 5.08086 5.42277 5.22947 6.19148 5.80577 5.37744 4.36136 5.26009 6.12178 4.90672 5.04679 5.01477 6.07838 5.68822 5.95109 4.67937 5.574 5.2038 4.41932 4.78553 6.12818 5.71179 6.13816 5.65707 5.5509 4.69519 6.09406 4.97737 5.37016 5.60048 5.59845 5.84713 6.76188 5.08486 

--------------------------------------
Time: 11.501
Split Ratios: 1 0.532 0.175 0.293 0.117 0.883 0.374 0.152 0.473 0.214 0.548 0.075 0.145 0.017 0.184 0.188 0.216 0.044 0.368 1 0.158 0.135 0.176 0.532 0.569 0.431 1 1 1 0.065 0.796 0.138 1 1 0.075 0.385 0.539 0.331 0.669 0.466 0.329 0.069 0.135 1 0.278 0.722 0.123 0.877 0.988 0.012 0.383 0.617 0.34 0.66 0.781 0.219 0.21 0.79 1 1 1 0.476 0.291 0.234 1 0.828 0.172 1 0.289 0.711 0.969 0.031 1 0.022 0.134 0.802 0.036 0.006 1 1 0.34 0.66 
Delays: 0.0158777 0.0125823 0.0127943 0.0122354 0.0253891 0.0141143 0.0143558 0.0162056 0.0138588 0.00721533 0.0101028 0.00869143 0.0269534 0.010163 0.0071549 0.0168159 0.0139406 0.0247686 0.00579755 0.0083468 0.00886545 0.0229057 0.0136313 0.0118154 0.0224596 0.0196373 0.00437349 0.00856479 0.00577894 0.0132407 0.0129278 0.0220206 0.00719646 0.0143597 0.0131489 0.0100758 0.0146715 0.00871563 0.00431994 0.0178567 
Throughputs: 2.80166 2.52314 2.44122 3.98131 2.93274 3.81747 2.39206 4.07962 2.40845 3.16211 3.06381 2.19546 2.44122 2.22822 3.39149 2.048 2.22822 3.19488 2.98189 2.29376 3.21126 2.3593 3.81747 2.22822 2.11354 2.49037 2.17907 2.42483 3.22765 3.60448 3.71917 2.29376 3.08019 1.98246 3.11296 2.44122 3.93216 2.78528 3.6864 2.81805 
Utility: 5.17305 5.30097 5.25125 5.78503 4.74937 5.60016 5.11576 5.5284 5.15782 6.08279 5.71461 5.53181 4.50614 5.39021 6.16123 4.80229 5.07416 4.85973 6.24288 5.61607 5.89226 4.63473 5.63497 5.23956 4.5444 4.84275 6.21109 5.64586 6.32529 5.60664 5.66188 4.64597 6.05916 4.92767 5.46699 5.49011 5.59104 5.76699 6.74916 5.06142 

--------------------------------------
Time: 12.0011
Split Ratios: 1 0.532 0.175 0.293 0.117 0.883 0.374 0.152 0.473 0.214 0.548 0.075 0.145 0.017 0.184 0.188 0.216 0.044 0.368 1 0.158 0.135 0.176 0.532 0.569 0.431 1 1 1 0.065 0.796 0.138 1 1 0.075 0.385 0.539 0.331 0.669 0.466 0.329 0.069 0.135 1 0.278 0.722 0.123 0.877 0.988 0.012 0.383 0.617 0.34 0.66 0.781 0.219 0.21 0.79 1 1 1 0.476 0.291 0.234 1 0.828 0.172 1 0.289 0.711 0.969 0.031 1 0.022 0.134 0.802 0.036 0.006 1 1 0.34 0.66 
Delays: 0.0158982 0.0124655 0.0128458 0.0120753 0.025381 0.014341 0.014358 0.0163115 0.0136565 0.00723908 0.0100934 0.00866736 0.0268714 0.010195 0.00715684 0.0166656 0.0139829 0.0245408 0.00577244 0.0083882 0.00888198 0.0228931 0.0140383 0.0116808 0.0227043 0.0192783 0.00436611 0.00857296 0.00577744 0.0134432 0.0129169 0.0219196 0.00718384 0.0140912 0.013133 0.0100376 0.0148022 0.00870059 0.00432062 0.0178229 
Throughputs: 2.75251 2.42483 2.22822 4.21069 3.03104 3.98131 2.24461 4.07962 2.52314 3.47341 3.39149 1.98246 2.17907 1.88416 4.096 2.03162 2.57229 3.3751 2.50675 1.98246 3.08019 2.4576 3.98131 2.27738 2.21184 2.57229 2.19546 2.47398 3.24403 3.45702 3.06381 1.98246 3.26042 2.34291 3.62086 2.50675 4.01408 2.62144 3.5881 2.68698 
Utility: 5.15406 5.27055 5.15594 5.85422 4.78266 5.62625 5.05198 5.52189 5.21904 6.1734 5.81715 5.43253 4.39559 5.21934 6.3497 4.80324 5.21472 4.92384 6.07365 5.46527 5.84872 4.6761 5.64758 5.27283 4.57902 4.89357 6.22027 5.66497 6.33061 5.54969 5.46888 4.50471 6.11778 5.1136 5.61934 5.52041 5.60279 5.70809 6.72198 5.01569 

--------------------------------------
Time: 12.5011
Split Ratios: 1 0.532 0.175 0.293 0.117 0.883 0.374 0.152 0.473 0.214 0.548 0.075 0.145 0.017 0.184 0.188 0.216 0.044 0.368 1 0.158 0.135 0.176 0.532 0.569 0.431 1 1 1 0.065 0.796 0.138 1 1 0.075 0.385 0.539 0.331 0.669 0.466 0.329 0.069 0.135 1 0.278 0.722 0.123 0.877 0.988 0.012 0.383 0.617 0.34 0.66 0.781 0.219 0.21 0.79 1 1 1 0.476 0.291 0.234 1 0.828 0.172 1 0.289 0.711 0.969 0.031 1 0.022 0.134 0.802 0.036 0.006 1 1 0.34 0.66 
Delays: 0.0159338 0.0125464 0.0128877 0.0122208 0.0253794 0.0139791 0.0143604 0.016397 0.013514 0.00719925 0.0100769 0.00864801 0.0266265 0.010171 0.00715136 0.0166851 0.0140777 0.0244083 0.00578808 0.00831394 0.00894369 0.0230488 0.0136024 0.0116835 0.0227158 0.0194211 0.00432559 0.00857843 0.00576687 0.0132175 0.0129286 0.0219506 0.00721174 0.0143836 0.0130955 0.0100361 0.014992 0.00872188 0.00432161 0.0180097 
Throughputs: 2.99827 2.4576 2.21184 3.88301 2.68698 3.83386 2.57229 3.47341 2.37568 3.26042 3.14573 2.08077 2.29376 2.09715 3.91578 2.34291 2.57229 3.55533 2.67059 2.22822 3.26042 2.40845 3.83386 2.26099 2.19546 2.49037 2.39206 2.49037 2.85082 3.48979 3.50618 1.96608 3.62086 2.31014 3.2768 2.40845 4.22707 2.50675 3.55533 2.49037 
Utility: 5.23735 5.27751 5.14531 5.76123 4.66223 5.61406 5.18807 5.3558 5.16931 6.11563 5.74355 5.48316 4.45604 5.32879 6.30547 4.94463 5.20796 4.98128 6.13425 5.59103 5.89866 4.64913 5.64138 5.26538 4.57108 4.85383 6.31536 5.67093 6.20323 5.57606 5.60284 4.495 6.21876 5.07898 5.52236 5.48055 5.64175 5.66091 6.71258 4.92928 

--------------------------------------
Time: 13.0011
Split Ratios: 1 0.532 0.175 0.293 0.117 0.883 0.374 0.152 0.473 0.214 0.548 0.075 0.145 0.017 0.184 0.188 0.216 0.044 0.368 1 0.158 0.135 0.176 0.532 0.569 0.431 1 1 1 0.065 0.796 0.138 1 1 0.075 0.385 0.539 0.331 0.669 0.466 0.329 0.069 0.135 1 0.278 0.722 0.123 0.877 0.988 0.012 0.383 0.617 0.34 0.66 0.781 0.219 0.21 0.79 1 1 1 0.476 0.291 0.234 1 0.828 0.172 1 0.289 0.711 0.969 0.031 1 0.022 0.134 0.802 0.036 0.006 1 1 0.34 0.66 
Delays: 0.0158839 0.0125933 0.0128526 0.0120823 0.025387 0.0143866 0.014383 0.0163397 0.0138287 0.00728693 0.0100948 0.00869399 0.0268389 0.0101755 0.00716912 0.016586 0.0140275 0.0239129 0.00578228 0.00844739 0.00893143 0.0230427 0.0136895 0.0120199 0.0229181 0.0197826 0.00432672 0.00859472 0.00576255 0.0135172 0.0129342 0.0219815 0.00718952 0.014013 0.0130607 0.0100517 0.0144663 0.00874366 0.00433211 0.0180012 
Throughputs: 3.11296 2.83443 1.90054 3.93216 3.1785 3.94854 2.21184 3.73555 2.42483 3.53894 3.5881 2.16269 2.1463 2.19546 3.83386 2.19546 2.26099 2.98189 2.58867 2.03162 2.73613 2.70336 3.57171 2.34291 1.99885 2.68698 2.32653 2.39206 2.88358 3.83386 3.73555 1.98246 3.04742 1.96608 3.09658 2.57229 3.67002 2.63782 4.07962 2.80166 
Utility: 5.27802 5.41643 4.99635 5.7852 4.82993 5.61481 5.03553 5.43205 5.16677 6.1855 5.87336 5.51648 4.38165 5.37417 6.28184 4.88559 5.08254 4.82589 6.1041 5.48273 5.72472 4.7649 5.56417 5.27259 4.4684 4.91137 6.28732 5.62876 6.21541 5.64766 5.66577 4.50189 6.04943 4.94381 5.46844 5.54481 5.53613 5.70938 6.8477 5.04753 

--------------------------------------
Time: 13.5013
Split Ratios: 1 0.532 0.175 0.293 0.117 0.883 0.374 0.152 0.473 0.214 0.548 0.075 0.145 0.017 0.184 0.188 0.216 0.044 0.368 1 0.158 0.135 0.176 0.532 0.569 0.431 1 1 1 0.065 0.796 0.138 1 1 0.075 0.385 0.539 0.331 0.669 0.466 0.329 0.069 0.135 1 0.278 0.722 0.123 0.877 0.988 0.012 0.383 0.617 0.34 0.66 0.781 0.219 0.21 0.79 1 1 1 0.476 0.291 0.234 1 0.828 0.172 1 0.289 0.711 0.969 0.031 1 0.022 0.134 0.802 0.036 0.006 1 1 0.34 0.66 
Delays: 0.0158781 0.0125834 0.0128593 0.0118909 0.0254779 0.0140385 0.014327 0.0163069 0.0137339 0.00725406 0.0100757 0.00869479 0.0269247 0.0101657 0.00714915 0.0167627 0.0138716 0.0240938 0.00580422 0.00840428 0.00896023 0.0229654 0.0140168 0.0116257 0.0230489 0.0193804 0.00438474 0.00857478 0.00576193 0.0134578 0.0129475 0.0220848 0.00719508 0.0140978 0.0131862 0.0100237 0.0149525 0.00874473 0.00433981 0.0179414 
Throughputs: 2.99827 2.67059 2.42483 4.14515 3.06381 4.096 2.16269 3.75194 2.7689 3.24403 3.83386 2.11354 2.57229 2.17907 3.85024 2.5559 2.06438 3.44064 2.65421 2.22822 3.35872 2.31014 3.85024 2.34291 2.19546 2.22822 1.96608 2.60506 2.91635 3.75194 3.53894 1.93331 2.9655 2.12992 3.04742 2.42483 3.85024 2.85082 3.88301 3.08019 
Utility: 5.24085 5.35768 5.23945 5.85392 4.7896 5.67597 5.01696 5.43844 5.30633 6.10301 5.9415 5.49339 4.55951 5.36763 6.2889 5.02701 5.00274 4.96146 6.12532 5.58022 5.92652 4.61108 5.61563 5.30593 4.55653 4.7447 6.10567 5.71638 6.22682 5.63047 5.61068 4.4721 6.0214 5.01782 5.44288 5.48857 5.55101 5.78691 6.79654 5.14564 

--------------------------------------
Time: 14.0014
Split Ratios: 1 0.532 0.175 0.293 0.117 0.883 0.374 0.152 0.473 0.214 0.548 0.075 0.145 0.017 0.184 0.188 0.216 0.044 0.368 1 0.158 0.135 0.176 0.532 0.569 0.431 1 1 1 0.065 0.796 0.138 1 1 0.075 0.385 0.539 0.331 0.669 0.466 0.329 0.069 0.135 1 0.278 0.722 0.123 0.877 0.988 0.012 0.383 0.617 0.34 0.66 0.781 0.219 0.21 0.79 1 1 1 0.476 0.291 0.234 1 0.828 0.172 1 0.289 0.711 0.969 0.031 1 0.022 0.134 0.802 0.036 0.006 1 1 0.34 0.66 
Delays: 0.0159289 0.0126375 0.012888 0.0122844 0.0254231 0.0142574 0.0143483 0.0163726 0.0134385 0.00719057 0.0100555 0.00866144 0.0268658 0.0102125 0.00716933 0.0168231 0.0139433 0.0245634 0.00577761 0.00839565 0.00886141 0.0229537 0.0137121 0.0117289 0.0226485 0.0200909 0.00434372 0.00859085 0.00575607 0.0133126 0.0129232 0.0219317 0.00721776 0.014205 0.0131416 0.0100276 0.0146444 0.00875785 0.00432775 0.0178644 
Throughputs: 2.71974 2.68698 2.7689 3.57171 3.26042 3.98131 2.4576 3.75194 2.63782 3.3751 3.14573 1.9497 2.09715 2.03162 3.5881 2.34291 2.39206 3.44064 2.8672 2.16269 3.14573 2.50675 3.86662 2.01523 2.34291 2.39206 1.91693 2.29376 2.94912 3.45702 3.52256 2.16269 3.34234 2.08077 3.32595 2.3593 3.44064 2.9655 4.04685 2.94912 
Utility: 5.14016 5.3595 5.36991 5.67247 4.85395 5.63209 5.14331 5.43442 5.27958 6.15141 5.74568 5.41655 4.35748 5.29298 6.21556 4.9364 5.14491 4.94216 6.2071 5.55139 5.8721 4.69326 5.64186 5.14643 4.63906 4.77964 6.08975 5.58725 6.23901 5.55945 5.60792 4.59117 6.13788 4.98689 5.53373 5.46078 5.45935 5.82485 6.84064 5.10645 

--------------------------------------
Time: 14.5014
Split Ratios: 1 0.532 0.175 0.293 0.117 0.883 0.374 0.152 0.473 0.214 0.548 0.075 0.145 0.017 0.184 0.188 0.216 0.044 0.368 1 0.158 0.135 0.176 0.532 0.569 0.431 1 1 1 0.065 0.796 0.138 1 1 0.075 0.385 0.539 0.331 0.669 0.466 0.329 0.069 0.135 1 0.278 0.722 0.123 0.877 0.988 0.012 0.383 0.617 0.34 0.66 0.781 0.219 0.21 0.79 1 1 1 0.476 0.291 0.234 1 0.828 0.172 1 0.289 0.711 0.969 0.031 1 0.022 0.134 0.802 0.036 0.006 1 1 0.34 0.66 
Delays: 0.0158819 0.012546 0.01291 0.0122619 0.0253139 0.0142228 0.0143643 0.0163701 0.0135716 0.00721227 0.0100852 0.00868659 0.0268726 0.0102014 0.00714808 0.0166909 0.0139794 0.0244825 0.00578387 0.00841488 0.00887087 0.0229992 0.013366 0.0119748 0.0231524 0.0196777 0.00438779 0.00858156 0.00577774 0.0135701 0.0128959 0.0220002 0.00722097 0.0148034 0.0131514 0.0100364 0.0147381 0.00872995 0.00432146 0.0179082 
Throughputs: 2.52314 2.68698 2.50675 3.65363 2.93274 3.93216 2.63782 3.93216 2.27738 3.22765 2.89997 1.99885 2.27738 1.72032 3.50618 2.31014 2.71974 3.39149 2.47398 2.34291 3.01466 2.70336 3.80109 2.22822 2.12992 2.75251 2.21184 2.62144 3.11296 3.60448 3.11296 2.27738 3.76832 2.09715 3.47341 2.58867 3.73555 2.71974 3.65363 2.70336 
Utility: 5.06808 5.36677 5.26874 5.69698 4.75234 5.6221 5.21297 5.48149 5.1228 6.10372 5.66139 5.43855 4.43967 5.12774 6.19544 4.9302 5.27071 4.93106 6.05851 5.62915 5.82847 4.76679 5.65033 5.22616 4.52174 4.94078 6.22276 5.72186 6.28932 5.58206 5.48642 4.63973 6.25739 4.95348 5.57636 5.55268 5.53522 5.74153 6.73988 5.01699 

--------------------------------------
Time: 15.0015
Split Ratios: 1 0.532 0.175 0.293 0.117 0.883 0.374 0.152 0.473 0.214 0.548 0.075 0.145 0.017 0.184 0.188 0.216 0.044 0.368 1 0.158 0.135 0.176 0.532 0.569 0.431 1 1 1 0.065 0.796 0.138 1 1 0.075 0.385 0.539 0.331 0.669 0.466 0.329 0.069 0.135 1 0.278 0.722 0.123 0.877 0.988 0.012 0.383 0.617 0.34 0.66 0.781 0.219 0.21 0.79 1 1 1 0.476 0.291 0.234 1 0.828 0.172 1 0.289 0.711 0.969 0.031 1 0.022 0.134 0.802 0.036 0.006 1 1 0.34 0.66 
Delays: 0.0159352 0.0125249 0.012958 0.0120758 0.0251559 0.0138014 0.014346 0.0162224 0.0133274 0.00723267 0.0100963 0.00873194 0.0268444 0.0102052 0.00714835 0.0167949 0.0140326 0.0244904 0.00580622 0.0084402 0.00886372 0.0230401 0.0136227 0.0114486 0.0229775 0.0202784 0.00437502 0.00856178 0.00579281 0.0132694 0.0129304 0.0220007 0.0071987 0.0142707 0.0130694 0.0100513 0.0146436 0.00873066 0.00431282 0.0178071 
Throughputs: 2.89997 2.85082 2.29376 3.85024 2.75251 3.91578 2.52314 3.71917 2.68698 2.99827 3.21126 2.06438 2.22822 1.86778 3.55533 2.048 2.52314 3.45702 2.8672 2.34291 3.14573 2.60506 3.83386 2.09715 1.91693 2.57229 2.26099 2.42483 3.35872 3.3751 3.42426 2.12992 2.88358 2.21184 3.1785 2.17907 3.96493 3.09658 3.86662 2.68698 
Utility: 5.20393 5.42764 5.17624 5.76469 4.69518 5.648 5.16978 5.43487 5.30635 6.02718 5.76225 5.4656 4.4189 5.20961 6.20932 4.80354 5.19188 4.94988 6.20216 5.62614 5.87183 4.72798 5.63989 5.21046 4.42397 4.84299 6.24765 5.64621 6.3627 5.53872 5.57906 4.57276 5.99289 5.04337 5.49389 5.37895 5.60124 5.87121 6.79855 5.01657 

--------------------------------------
Time: 15.5015
Split Ratios: 1 0.532 0.175 0.293 0.117 0.883 0.374 0.152 0.473 0.214 0.548 0.075 0.145 0.017 0.184 0.188 0.216 0.044 0.368 1 0.158 0.135 0.176 0.532 0.569 0.431 1 1 1 0.065 0.796 0.138 1 1 0.075 0.385 0.539 0.331 0.669 0.466 0.329 0.069 0.135 1 0.278 0.722 0.123 0.877 0.988 0.012 0.383 0.617 0.34 0.66 0.781 0.219 0.21 0.79 1 1 1 0.476 0.291 0.234 1 0.828 0.172 1 0.289 0.711 0.969 0.031 1 0.022 0.134 0.802 0.036 0.006 1 1 0.34 0.66 
Delays: 0.0158956 0.0125982 0.0128563 0.0119337 0.0251562 0.0143249 0.0143701 0.0161888 0.0135037 0.00720615 0.0100916 0.00868733 0.0269518 0.0101816 0.00714897 0.0167755 0.0140664 0.0242784 0.00578291 0.00842485 0.0088838 0.0229951 0.0135011 0.0115911 0.0227795 0.0193885 0.00434204 0.00856995 0.00574061 0.013486 0.012961 0.0219419 0.00722009 0.0145337 0.013123 0.0100413 0.0147244 0.00873279 0.00430103 0.0179841 
Throughputs: 2.3593 2.50675 2.34291 3.7847 2.8672 3.70278 2.44122 3.7847 2.73613 3.29318 3.53894 2.24461 2.37568 1.93331 3.71917 1.85139 2.32653 3.45702 2.70336 1.93331 3.24403 2.4576 3.88301 2.29376 2.01523 2.71974 1.86778 2.44122 2.81805 3.6864 3.01466 1.93331 3.55533 2.47398 3.22765 2.60506 4.22707 3.08019 3.55533 2.9655 
Utility: 5.00007 5.29319 5.20532 5.75935 4.73599 5.55484 5.1351 5.45441 5.31133 6.12468 5.85988 5.55442 4.47899 5.24641 6.25429 4.70377 5.10835 4.95858 6.14734 5.4358 5.90034 4.67166 5.66159 5.28771 4.48263 4.94361 6.06416 5.65199 6.19623 5.61075 5.4493 4.47859 6.19934 5.13712 5.50514 5.5585 5.65976 5.86566 6.71735 5.10531 

--------------------------------------
Time: 16.0016
Split Ratios: 1 0.532 0.175 0.293 0.117 0.883 0.374 0.152 0.473 0.214 0.548 0.075 0.145 0.017 0.184 0.188 0.216 0.044 0.368 1 0.158 0.135 0.176 0.532 0.569 0.431 1 1 1 0.065 0.796 0.138 1 1 0.075 0.385 0.539 0.331 0.669 0.466 0.329 0.069 0.135 1 0.278 0.722 0.123 0.877 0.988 0.012 0.383 0.617 0.34 0.66 0.781 0.219 0.21 0.79 1 1 1 0.476 0.291 0.234 1 0.828 0.172 1 0.289 0.711 0.969 0.031 1 0.022 0.134 0.802 0.036 0.006 1 1 0.34 0.66 
Delays: 0.015926 0.0124462 0.0128579 0.0121295 0.0252524 0.0141626 0.0143582 0.0164439 0.0134925 0.00723599 0.0100818 0.00868833 0.0270902 0.0101984 0.00713912 0.0167036 0.0139811 0.0245935 0.00578547 0.00837287 0.0088287 0.0231349 0.013799 0.0115587 0.0224213 0.0195183 0.00434733 0.00857133 0.0057876 0.0134819 0.0129264 0.0219871 0.00722739 0.0143435 0.0131253 0.0100089 0.0146603 0.00870948 0.00430857 0.0179235 
Throughputs: 3.11296 2.71974 2.70336 3.71917 2.93274 3.39149 2.29376 4.11238 2.60506 3.26042 3.29318 2.1463 2.16269 1.91693 3.29318 2.21184 2.39206 3.11296 2.63782 1.96608 2.98189 2.73613 3.91578 2.048 1.93331 2.63782 2.26099 2.44122 3.19488 3.44064 3.55533 2.27738 3.3751 2.34291 3.24403 2.12992 3.55533 2.7689 3.1785 3.19488 
Utility: 5.27538 5.38688 5.34829 5.72561 4.75477 5.47842 5.07363 5.5218 5.26308 6.11054 5.78888 5.50952 4.37994 5.23625 6.13402 4.88595 5.14221 4.84085 6.12236 5.4588 5.8223 4.77296 5.64817 5.17718 4.45698 4.90636 6.254 5.65183 6.31359 5.54206 5.61693 4.64032 6.1463 5.09585 5.51003 5.36036 5.49106 5.76179 6.60356 5.18319 

--------------------------------------
Time: 16.5016
Split Ratios: 1 0.532 0.175 0.293 0.117 0.883 0.374 0.152 0.473 0.214 0.548 0.075 0.145 0.017 0.184 0.188 0.216 0.044 0.368 1 0.158 0.135 0.176 0.532 0.569 0.431 1 1 1 0.065 0.796 0.138 1 1 0.075 0.385 0.539 0.331 0.669 0.466 0.329 0.069 0.135 1 0.278 0.722 0.123 0.877 0.988 0.012 0.383 0.617 0.34 0.66 0.781 0.219 0.21 0.79 1 1 1 0.476 0.291 0.234 1 0.828 0.172 1 0.289 0.711 0.969 0.031 1 0.022 0.134 0.802 0.036 0.006 1 1 0.34 0.66 
Delays: 0.0159 0.0125561 0.0128996 0.0120904 0.0254814 0.0142818 0.0143511 0.0164361 0.0134937 0.00727015 0.0101107 0.00863049 0.0268337 0.0101676 0.00713049 0.0167035 0.0138928 0.024621 0.00576591 0.0082918 0.00879686 0.0229398 0.0135958 0.0116343 0.0224635 0.0194391 0.00435468 0.00858273 0.0057708 0.013177 0.0129358 0.0219984 0.00722985 0.0143342 0.0130764 0.0100372 0.0147756 0.0087249 0.00431908 0.0178204 
Throughputs: 2.85082 2.70336 2.39206 4.34176 3.01466 3.44064 2.16269 3.6864 2.49037 3.40787 3.32595 1.91693 2.26099 2.11354 3.2768 2.40845 2.4576 3.32595 2.7689 2.09715 2.93274 2.24461 4.096 2.22822 2.01523 2.42483 2.21184 2.73613 2.5559 3.44064 3.06381 2.16269 3.19488 2.12992 3.12934 2.12992 4.21069 2.81805 3.76832 2.9655 
Utility: 5.18904 5.37204 5.22272 5.88363 4.77329 5.48443 5.01528 5.41293 5.21796 6.15007 5.79591 5.40318 4.4339 5.33691 6.13024 4.97112 5.17557 4.90591 6.17424 5.53307 5.8093 4.58341 5.708 5.255 4.4966 4.82623 6.23033 5.76455 6.09335 5.56494 5.46742 4.58814 6.09109 5.00119 5.47777 5.35754 5.65241 5.77762 6.77134 5.11446 

--------------------------------------
Time: 17.0017
Split Ratios: 1 0.532 0.175 0.293 0.117 0.883 0.374 0.152 0.473 0.214 0.548 0.075 0.145 0.017 0.184 0.188 0.216 0.044 0.368 1 0.158 0.135 0.176 0.532 0.569 0.431 1 1 1 0.065 0.796 0.138 1 1 0.075 0.385 0.539 0.331 0.669 0.466 0.329 0.069 0.135 1 0.278 0.722 0.123 0.877 0.988 0.012 0.383 0.617 0.34 0.66 0.781 0.219 0.21 0.79 1 1 1 0.476 0.291 0.234 1 0.828 0.172 1 0.289 0.711 0.969 0.031 1 0.022 0.134 0.802 0.036 0.006 1 1 0.34 0.66 
Delays: 0.0158678 0.0124906 0.0128136 0.0123491 0.0254472 0.0141428 0.014364 0.0162904 0.0137086 0.00726747 0.0101052 0.00868936 0.0268468 0.0101932 0.00714564 0.0168742 0.0140918 0.0240386 0.00575917 0.00844896 0.00892156 0.0230583 0.0137781 0.0112859 0.0233493 0.0195633 0.00432941 0.00857407 0.00576667 0.0135034 0.012955 0.0219117 0.00720503 0.0147199 0.0131029 0.0100534 0.0147193 0.00872464 0.00432185 0.0179664 
Throughputs: 2.7689 2.71974 2.42483 3.6864 3.32595 3.83386 2.4576 3.85024 2.40845 3.98131 3.5881 2.29376 2.16269 2.08077 3.57171 2.06438 2.65421 3.39149 2.73613 2.29376 3.12934 2.73613 3.85024 1.88416 2.24461 2.50675 2.11354 2.71974 3.39149 3.44064 3.24403 1.99885 3.52256 1.9497 3.19488 2.4576 3.73555 2.63782 3.71917 2.81805 
Utility: 5.16191 5.38331 5.24301 5.69883 4.87291 5.60242 5.14222 5.46532 5.16871 6.30596 5.87233 5.57585 4.38896 5.31877 6.2143 4.8068 5.23831 4.94936 6.16351 5.6039 5.86011 4.77627 5.63281 5.11768 4.56572 4.85309 6.19069 5.75955 6.37693 5.54047 5.52309 4.51331 6.19216 4.88623 5.49647 5.49903 5.53649 5.71156 6.75757 5.0553 

--------------------------------------
Time: 17.5018
Split Ratios: 1 0.532 0.175 0.293 0.117 0.883 0.374 0.152 0.473 0.214 0.548 0.075 0.145 0.017 0.184 0.188 0.216 0.044 0.368 1 0.158 0.135 0.176 0.532 0.569 0.431 1 1 1 0.065 0.796 0.138 1 1 0.075 0.385 0.539 0.331 0.669 0.466 0.329 0.069 0.135 1 0.278 0.722 0.123 0.877 0.988 0.012 0.383 0.617 0.34 0.66 0.781 0.219 0.21 0.79 1 1 1 0.476 0.291 0.234 1 0.828 0.172 1 0.289 0.711 0.969 0.031 1 0.022 0.134 0.802 0.036 0.006 1 1 0.34 0.66 
Delays: 0.0159138 0.0126705 0.0128452 0.0120536 0.0251737 0.0141597 0.014394 0.01642 0.0136121 0.00723581 0.0100654 0.00871827 0.0267808 0.0101613 0.0071652 0.0166973 0.0139862 0.0245012 0.00578561 0.00846322 0.0088436 0.0228931 0.0138445 0.0116265 0.0227286 0.0192837 0.00437719 0.0085703 0.0057792 0.0134633 0.01296 0.0218586 0.00720906 0.0144419 0.0130449 0.0100509 0.0145078 0.00874098 0.00431784 0.0177757 
Throughputs: 3.08019 2.60506 2.3593 3.9977 2.71974 3.86662 2.47398 4.04685 2.40845 3.35872 2.9655 2.4576 2.17907 1.93331 3.42426 2.22822 2.88358 3.16211 2.65421 2.22822 3.11296 2.40845 3.93216 2.09715 2.01523 2.4576 2.4576 2.65421 2.93274 3.47341 4.04685 2.06438 3.83386 2.34291 2.91635 2.22822 3.85024 2.88358 3.67002 2.88358 
Utility: 5.26556 5.32593 5.21315 5.80411 4.68249 5.60974 5.14677 5.50719 5.17578 6.14027 5.6857 5.64152 4.39897 5.2484 6.1694 4.89371 5.32871 4.86027 6.12853 5.57323 5.86363 4.6559 5.64906 5.19505 4.48487 4.84768 6.33053 5.7356 6.22943 5.55292 5.74383 4.54799 6.27629 5.08901 5.40969 5.4013 5.5812 5.79877 6.7452 5.08896 

--------------------------------------
Time: 18.0018
Split Ratios: 1 0.532 0.175 0.293 0.117 0.883 0.374 0.152 0.473 0.214 0.548 0.075 0.145 0.017 0.184 0.188 0.216 0.044 0.368 1 0.158 0.135 0.176 0.532 0.569 0.431 1 1 1 0.065 0.796 0.138 1 1 0.075 0.385 0.539 0.331 0.669 0.466 0.329 0.069 0.135 1 0.278 0.722 0.123 0.877 0.988 0.012 0.383 0.617 0.34 0.66 0.781 0.219 0.21 0.79 1 1 1 0.476 0.291 0.234 1 0.828 0.172 1 0.289 0.711 0.969 0.031 1 0.022 0.134 0.802 0.036 0.006 1 1 0.34 0.66 
Delays: 0.0158913 0.0126826 0.0129352 0.0122264 0.0254278 0.0140864 0.0143594 0.0164173 0.0135259 0.00723409 0.0101013 0.00872485 0.026986 0.0101764 0.00715352 0.0167988 0.0138749 0.0242284 0.00575352 0.00829148 0.00892055 0.0230308 0.0134582 0.011563 0.0221625 0.0193021 0.00433528 0.00858617 0.00579844 0.0134296 0.0129036 0.0219798 0.00718971 0.0142791 0.0130853 0.0100221 0.0146932 0.00876648 0.00431718 0.0178494 
Throughputs: 2.44122 2.67059 2.37568 3.9977 3.03104 4.14515 2.29376 4.1943 2.9655 3.2768 3.06381 1.96608 2.42483 1.96608 3.21126 2.19546 2.53952 3.19488 2.44122 2.17907 2.8672 2.7689 3.63725 2.37568 2.31014 2.63782 2.31014 2.34291 2.70336 3.1785 3.45702 2.03162 3.11296 2.16269 3.47341 2.57229 3.63725 2.7689 3.6864 2.73613 
Utility: 5.03448 5.34982 5.21309 5.78988 4.78082 5.68449 5.07354 5.54315 5.39019 6.11582 5.71474 5.41762 4.4982 5.26373 6.10682 4.87283 5.20965 4.88178 6.05044 5.57143 5.77273 4.78937 5.5994 5.32523 4.64666 4.9175 6.27828 5.609 6.14466 5.46671 5.59066 4.52646 6.07068 5.02031 5.5814 5.54776 5.5116 5.75527 6.7498 5.03233 

--------------------------------------
Time: 18.5018
Split Ratios: 1 0.532 0.175 0.293 0.117 0.883 0.374 0.152 0.473 0.214 0.548 0.075 0.145 0.017 0.184 0.188 0.216 0.044 0.368 1 0.158 0.135 0.176 0.532 0.569 0.431 1 1 1 0.065 0.796 0.138 1 1 0.075 0.385 0.539 0.331 0.669 0.466 0.329 0.069 0.135 1 0.278 0.722 0.123 0.877 0.988 0.012 0.383 0.617 0.34 0.66 0.781 0.219 0.21 0.79 1 1 1 0.476 0.291 0.234 1 0.828 0.172 1 0.289 0.711 0.969 0.031 1 0.022 0.134 0.802 0.036 0.006 1 1 0.34 0.66 
Delays: 0.015866 0.0126518 0.0128513 0.0119929 0.0253231 0.014196 0.014376 0.016421 0.0135071 0.0072438 0.0100371 0.00864586 0.0267463 0.0101414 0.00718864 0.0168299 0.0139759 0.0248055 0.00577192 0.00841663 0.00897945 0.0229879 0.0135354 0.0117197 0.0225121 0.0190553 0.00433544 0.00857608 0.00579249 0.0134018 0.012895 0.0219365 0.00722608 0.0139665 0.0131439 0.010023 0.0150768 0.00870952 0.0043186 0.0178168 
Throughputs: 2.93274 2.60506 2.16269 3.39149 2.73613 4.11238 2.39206 3.7847 2.57229 3.21126 3.16211 1.85139 2.31014 1.7367 3.63725 2.1463 2.62144 3.47341 2.81805 1.98246 2.99827 2.27738 3.67002 2.58867 2.08077 2.21184 2.01523 2.60506 2.94912 3.48979 3.48979 2.06438 3.42426 2.49037 3.96493 2.27738 3.62086 2.7689 3.71917 2.7689 
Utility: 5.21951 5.32741 5.12566 5.64471 4.68258 5.6688 5.11435 5.44016 5.24933 6.09427 5.7527 5.36661 4.45867 5.14311 6.22648 4.84835 5.23414 4.94183 6.19079 5.46189 5.81085 4.59581 5.60264 5.39763 4.52644 4.75423 6.14167 5.71623 6.2327 5.56221 5.60076 4.54443 6.16094 5.18352 5.70929 5.4259 5.48131 5.76179 6.75832 5.04606 

--------------------------------------
Time: 19.0019
Split Ratios: 1 0.532 0.175 0.293 0.117 0.883 0.374 0.152 0.473 0.214 0.548 0.075 0.145 0.017 0.184 0.188 0.216 0.044 0.368 1 0.158 0.135 0.176 0.532 0.569 0.431 1 1 1 0.065 0.796 0.138 1 1 0.075 0.385 0.539 0.331 0.669 0.466 0.329 0.069 0.135 1 0.278 0.722 0.123 0.877 0.988 0.012 0.383 0.617 0.34 0.66 0.781 0.219 0.21 0.79 1 1 1 0.476 0.291 0.234 1 0.828 0.172 1 0.289 0.711 0.969 0.031 1 0.022 0.134 0.802 0.036 0.006 1 1 0.34 0.66 
Delays: 0.0158539 0.0125811 0.0128309 0.0123244 0.0253422 0.0140592 0.0143378 0.0162896 0.0134436 0.00724199 0.010105 0.00869016 0.0269487 0.010116 0.00714678 0.0165095 0.0140781 0.0246559 0.00575474 0.00836949 0.00900222 0.022928 0.0138649 0.0118775 0.0226996 0.0200033 0.00436173 0.00854634 0.00577316 0.0134891 0.0129191 0.021959 0.00721731 0.0143526 0.0130796 0.0100381 0.0148093 0.00874366 0.00430233 0.0178206 
Throughputs: 2.58867 2.68698 2.08077 4.14515 2.99827 3.81747 2.24461 3.83386 2.99827 3.04742 2.78528 1.83501 2.40845 1.88416 3.57171 2.21184 2.49037 3.29318 2.60506 2.27738 3.12934 2.5559 3.53894 2.21184 1.93331 2.5559 2.40845 2.3593 2.89997 3.16211 3.52256 2.37568 3.3751 2.42483 3.14573 2.4576 3.81747 2.53952 3.57171 2.88358 
Utility: 5.09548 5.36398 5.08864 5.81811 4.77332 5.60407 5.05339 5.4611 5.40729 6.04216 5.61907 5.35261 4.4928 5.22712 6.21414 4.89764 5.17557 4.89459 6.11519 5.60619 5.85111 4.7138 5.54223 5.22693 4.44464 4.85027 6.31387 5.62062 6.21924 5.45711 5.60824 4.68386 6.1477 5.12958 5.48275 5.50055 5.55209 5.6714 6.72164 5.08643 

--------------------------------------
Time: 19.5019
Split Ratios: 1 0.532 0.175 0.293 0.117 0.883 0.374 0.152 0.473 0.214 0.548 0.075 0.145 0.017 0.184 0.188 0.216 0.044 0.368 1 0.158 0.135 0.176 0.532 0.569 0.431 1 1 1 0.065 0.796 0.138 1 1 0.075 0.385 0.539 0.331 0.669 0.466 0.329 0.069 0.135 1 0.278 0.722 0.123 0.877 0.988 0.012 0.383 0.617 0.34 0.66 0.781 0.219 0.21 0.79 1 1 1 0.476 0.291 0.234 1 0.828 0.172 1 0.289 0.711 0.969 0.031 1 0.022 0.134 0.802 0.036 0.006 1 1 0.34 0.66 
Delays: 0.0158677 0.0126874 0.0129898 0.0121818 0.0251872 0.0143554 0.0143726 0.016336 0.0133463 0.00717492 0.0100923 0.00868276 0.026878 0.0101717 0.00715611 0.0167551 0.0139237 0.0242794 0.00580418 0.00836911 0.00891001 0.0230016 0.013792 0.0115938 0.0227289 0.0193015 0.00436727 0.00858327 0.00576577 0.0134538 0.0129283 0.0219992 0.00721734 0.0141833 0.0131543 0.0100389 0.0147894 0.00869092 0.00430406 0.0177408 
Throughputs: 2.65421 2.68698 1.98246 3.55533 3.03104 3.6864 2.40845 3.75194 2.3593 2.68698 3.04742 2.08077 2.37568 1.67117 3.45702 2.4576 2.89997 3.6864 2.78528 2.19546 3.1785 2.73613 4.14515 2.37568 2.17907 2.60506 2.08077 2.4576 2.85082 3.3751 3.29318 2.52314 3.39149 1.93331 3.19488 2.16269 4.17792 2.29376 3.19488 2.94912 
Utility: 5.11962 5.35556 5.02793 5.67626 4.79032 5.54828 5.12141 5.43666 5.17488 5.92558 5.71028 5.47915 4.48173 5.10166 6.1802 4.98824 5.33886 5.02278 6.17353 5.5696 5.87699 4.77874 5.70561 5.32257 4.56302 4.90503 6.16635 5.65713 6.20342 5.52492 5.54019 4.74225 6.15254 4.91493 5.49256 5.37264 5.64366 5.57567 6.60975 5.1134 

--------------------------------------
Time: 20.0021
Split Ratios: 1 0.532 0.175 0.293 0.117 0.883 0.374 0.152 0.473 0.214 0.548 0.075 0.145 0.017 0.184 0.188 0.216 0.044 0.368 1 0.158 0.135 0.176 0.532 0.569 0.431 1 1 1 0.065 0.796 0.138 1 1 0.075 0.385 0.539 0.331 0.669 0.466 0.329 0.069 0.135 1 0.278 0.722 0.123 0.877 0.988 0.012 0.383 0.617 0.34 0.66 0.781 0.219 0.21 0.79 1 1 1 0.476 0.291 0.234 1 0.828 0.172 1 0.289 0.711 0.969 0.031 1 0.022 0.134 0.802 0.036 0.006 1 1 0.34 0.66 
Delays: 0.0159589 0.012747 0.0128826 0.0122844 0.0253523 0.0141992 0.0143629 0.0163827 0.0134966 0.00723764 0.0100835 0.00869726 0.0269969 0.0102151 0.0071475 0.016814 0.0140387 0.0246933 0.00578015 0.0084006 0.00895065 0.0230463 0.0134453 0.011934 0.0224358 0.0194154 0.00433857 0.00854507 0.00579973 0.0132312 0.0129089 0.0220098 0.0071824 0.0141129 0.0132531 0.0100656 0.0146368 0.00879465 0.00431168 0.0178525 
Throughputs: 2.78528 2.50675 2.03162 4.01408 3.11296 3.52256 2.44122 3.91578 2.71974 3.26042 3.24403 2.12992 2.32653 2.31014 3.45702 2.24461 2.80166 3.24403 2.42483 2.1463 3.29318 2.37568 3.83386 2.11354 2.21184 1.98246 2.37568 2.32653 3.11296 3.62086 3.5881 2.27738 3.44064 2.06438 3.67002 2.52314 3.93216 2.37568 3.45702 2.57229 
Utility: 5.16209 5.28144 5.06071 5.78923 4.81046 5.51376 5.1356 5.47654 5.30586 6.11031 5.77367 5.50083 4.45641 5.42119 6.1814 4.89408 5.29615 4.87804 6.03909 5.5432 5.90788 4.63553 5.653 5.17673 4.59092 4.62603 6.30549 5.60678 6.28552 5.61189 5.62746 4.63929 6.17178 4.9855 5.62372 5.52414 5.5934 5.59889 6.68684 4.97041 

--------------------------------------
Time: 20.5021
Split Ratios: 1 0.532 0.175 0.293 0.117 0.883 0.374 0.152 0.473 0.214 0.548 0.075 0.145 0.017 0.184 0.188 0.216 0.044 0.368 1 0.158 0.135 0.176 0.532 0.569 0.431 1 1 1 0.065 0.796 0.138 1 1 0.075 0.385 0.539 0.331 0.669 0.466 0.329 0.069 0.135 1 0.278 0.722 0.123 0.877 0.988 0.012 0.383 0.617 0.34 0.66 0.781 0.219 0.21 0.79 1 1 1 0.476 0.291 0.234 1 0.828 0.172 1 0.289 0.711 0.969 0.031 1 0.022 0.134 0.802 0.036 0.006 1 1 0.34 0.66 
Delays: 0.0159891 0.012468 0.0128196 0.0124238 0.0254445 0.0141516 0.0144219 0.016375 0.0131968 0.0072146 0.0101186 0.00866812 0.0269355 0.010158 0.0071481 0.016922 0.0140325 0.0242638 0.00578625 0.00833992 0.0089505 0.0229954 0.0139768 0.0118387 0.0224527 0.0193665 0.00435438 0.00856528 0.00576218 0.013212 0.0129015 0.0220388 0.00718969 0.0140045 0.0132722 0.0100528 0.0149037 0.0087685 0.00431761 0.0178709 
Throughputs: 2.7689 2.63782 2.47398 3.34234 3.08019 3.94854 2.34291 3.88301 2.50675 3.50618 3.65363 2.16269 2.4576 1.9497 3.30957 2.26099 2.58867 3.57171 2.65421 2.42483 2.98189 2.4576 3.80109 2.26099 2.09715 2.65421 2.31014 2.39206 2.93274 3.52256 3.53894 2.37568 3.16211 2.12992 3.76832 2.50675 3.96493 3.04742 3.70278 3.08019 
Utility: 5.1543 5.35455 5.26261 5.59481 4.79625 5.63128 5.09041 5.46861 5.24677 6.18617 5.8891 5.51945 4.51349 5.25717 6.13773 4.89495 5.21752 4.99182 6.12842 5.67246 5.8086 4.67165 5.60565 5.25218 4.53692 4.92036 6.27388 5.6322 6.23237 5.58582 5.61424 4.68024 6.08635 5.02446 5.64872 5.51889 5.58363 5.85089 6.75414 5.14957 

--------------------------------------
Time: 21.0021
Split Ratios: 1 0.532 0.175 0.293 0.117 0.883 0.374 0.152 0.473 0.214 0.548 0.075 0.145 0.017 0.184 0.188 0.216 0.044 0.368 1 0.158 0.135 0.176 0.532 0.569 0.431 1 1 1 0.065 0.796 0.138 1 1 0.075 0.385 0.539 0.331 0.669 0.466 0.329 0.069 0.135 1 0.278 0.722 0.123 0.877 0.988 0.012 0.383 0.617 0.34 0.66 0.781 0.219 0.21 0.79 1 1 1 0.476 0.291 0.234 1 0.828 0.172 1 0.289 0.711 0.969 0.031 1 0.022 0.134 0.802 0.036 0.006 1 1 0.34 0.66 
Delays: 0.0158403 0.0126357 0.0128985 0.0124632 0.0253826 0.0140502 0.0143731 0.0163782 0.0135117 0.00724334 0.0101084 0.00868116 0.0269048 0.0101995 0.00716695 0.0166404 0.0140099 0.0249038 0.00577091 0.00828803 0.00894082 0.0230072 0.0139133 0.0117729 0.0223688 0.0192597 0.00433287 0.00857588 0.00577696 0.0133663 0.0129831 0.0220333 0.00722452 0.0146641 0.013121 0.0100587 0.0145521 0.00874611 0.00431805 0.0179264 
Throughputs: 2.9655 2.57229 2.19546 3.96493 3.06381 3.52256 2.57229 3.70278 2.81805 3.14573 3.30957 2.31014 2.048 2.17907 3.80109 2.37568 2.37568 3.60448 2.4576 2.29376 3.16211 2.37568 3.67002 2.19546 2.048 2.70336 2.49037 2.26099 2.89997 3.63725 3.35872 2.31014 3.24403 2.08077 3.12934 2.39206 3.76832 2.75251 3.62086 2.70336 
Utility: 5.23225 5.31602 5.13704 5.76246 4.79335 5.52431 5.18719 5.42089 5.34024 6.07372 5.79121 5.58391 4.33231 5.36431 6.27356 4.9612 5.13328 4.97491 6.05411 5.62314 5.86837 4.63723 5.57511 5.22834 4.51695 4.94424 6.35396 5.5746 6.21858 5.60625 5.55567 4.65251 6.10709 4.95509 5.47436 5.47148 5.55665 5.75166 6.73166 5.01598 

--------------------------------------
Time: 21.5021
Split Ratios: 1 0.532 0.175 0.293 0.117 0.883 0.374 0.152 0.473 0.214 0.548 0.075 0.145 0.017 0.184 0.188 0.216 0.044 0.368 1 0.158 0.135 0.176 0.532 0.569 0.431 1 1 1 0.065 0.796 0.138 1 1 0.075 0.385 0.539 0.331 0.669 0.466 0.329 0.069 0.135 1 0.278 0.722 0.123 0.877 0.988 0.012 0.383 0.617 0.34 0.66 0.781 0.219 0.21 0.79 1 1 1 0.476 0.291 0.234 1 0.828 0.172 1 0.289 0.711 0.969 0.031 1 0.022 0.134 0.802 0.036 0.006 1 1 0.34 0.66 
Delays: 0.0158254 0.0126523 0.012896 0.0120879 0.025637 0.0143502 0.0143505 0.0164244 0.0135762 0.00726689 0.0101032 0.00866709 0.0269256 0.0101364 0.00717444 0.0167059 0.013921 0.0245837 0.00579687 0.0083508 0.00889527 0.0229403 0.0135223 0.0112661 0.022432 0.0193823 0.00442644 0.00856815 0.00575315 0.013485 0.0129184 0.0218383 0.00720632 0.0141766 0.0130593 0.010013 0.0147319 0.008752 0.00433082 0.01793 
Throughputs: 2.9655 2.47398 1.98246 3.67002 3.09658 3.88301 2.44122 3.55533 2.21184 3.48979 3.32595 2.09715 2.21184 2.1463 3.83386 2.42483 2.68698 3.57171 2.73613 2.08077 2.93274 2.49037 3.55533 2.08077 2.34291 2.21184 2.58867 2.50675 3.14573 3.62086 3.42426 2.27738 3.48979 2.048 3.06381 2.32653 3.81747 2.47398 3.75194 2.89997 
Utility: 5.23318 5.27575 5.03518 5.71574 4.79401 5.6006 5.13647 5.37743 5.09326 6.17427 5.79666 5.4888 4.4085 5.35537 6.2811 4.97775 5.26277 4.97872 6.15698 5.51814 5.79817 4.68729 5.57186 5.21869 4.64866 4.73722 6.37131 5.67869 6.30405 5.59289 5.57998 4.64711 6.18264 4.97302 5.45791 5.44825 5.55733 5.6443 6.76427 5.08598 

--------------------------------------
Time: 22.0023
Split Ratios: 1 0.532 0.175 0.293 0.117 0.883 0.374 0.152 0.473 0.214 0.548 0.075 0.145 0.017 0.184 0.188 0.216 0.044 0.368 1 0.158 0.135 0.176 0.532 0.569 0.431 1 1 1 0.065 0.796 0.138 1 1 0.075 0.385 0.539 0.331 0.669 0.466 0.329 0.069 0.135 1 0.278 0.722 0.123 0.877 0.988 0.012 0.383 0.617 0.34 0.66 0.781 0.219 0.21 0.79 1 1 1 0.476 0.291 0.234 1 0.828 0.172 1 0.289 0.711 0.969 0.031 1 0.022 0.134 0.802 0.036 0.006 1 1 0.34 0.66 
Delays: 0.0159458 0.0128213 0.012962 0.0120406 0.0255599 0.0143465 0.0143881 0.0163087 0.0136312 0.00725847 0.0100877 0.00870233 0.0268477 0.0101971 0.00716751 0.0168812 0.0140215 0.0244639 0.00578023 0.00838509 0.00879834 0.022947 0.014059 0.0117722 0.0220597 0.0202122 0.00434091 0.00856342 0.00575596 0.0132066 0.0129099 0.0219289 0.00717816 0.0142839 0.0130922 0.0100551 0.014887 0.00871039 0.00430734 0.0178906 
Throughputs: 2.71974 2.65421 2.42483 3.50618 2.8672 3.71917 2.22822 3.50618 2.60506 3.80109 3.09658 2.09715 2.24461 1.98246 3.94854 2.53952 2.22822 3.71917 2.57229 2.31014 2.58867 2.5559 4.07962 2.1463 1.86778 1.9497 2.11354 2.17907 3.04742 3.30957 3.14573 2.49037 3.21126 2.3593 3.39149 2.22822 3.98131 2.53952 3.65363 2.58867 
Utility: 5.1391 5.33279 5.23149 5.674 4.72007 5.55775 5.04256 5.37058 5.25285 6.26087 5.72674 5.48474 4.42611 5.26999 6.31154 5.01353 5.06837 5.02406 6.09811 5.61861 5.68434 4.71297 5.6705 5.20577 4.43875 4.56914 6.18803 5.53916 6.27182 5.52386 5.4958 4.73238 6.10338 5.10699 5.557 5.40088 5.58888 5.67521 6.74316 4.97463 

--------------------------------------
Time: 22.5024
Split Ratios: 1 0.532 0.175 0.293 0.117 0.883 0.374 0.152 0.473 0.214 0.548 0.075 0.145 0.017 0.184 0.188 0.216 0.044 0.368 1 0.158 0.135 0.176 0.532 0.569 0.431 1 1 1 0.065 0.796 0.138 1 1 0.075 0.385 0.539 0.331 0.669 0.466 0.329 0.069 0.135 1 0.278 0.722 0.123 0.877 0.988 0.012 0.383 0.617 0.34 0.66 0.781 0.219 0.21 0.79 1 1 1 0.476 0.291 0.234 1 0.828 0.172 1 0.289 0.711 0.969 0.031 1 0.022 0.134 0.802 0.036 0.006 1 1 0.34 0.66 
Delays: 0.0158726 0.0125422 0.0129237 0.0123232 0.0253425 0.0141533 0.0143245 0.0162687 0.0132765 0.00726594 0.0100901 0.00868996 0.0267393 0.0101568 0.00714488 0.0168484 0.013902 0.0243862 0.00581249 0.00842297 0.00890526 0.0229864 0.0138878 0.0117412 0.0228697 0.0193383 0.00435642 0.00854752 0.00573729 0.0133685 0.0129198 0.021997 0.00720236 0.0140527 0.01326 0.0100686 0.0149207 0.00876969 0.00431319 0.0177272 
Throughputs: 2.80166 2.50675 2.65421 3.73555 2.80166 3.67002 2.1463 3.75194 2.37568 3.2768 3.06381 1.88416 2.60506 2.1463 3.40787 2.17907 2.52314 3.2768 2.52314 2.26099 2.91635 2.5559 3.71917 2.19546 2.4576 2.49037 2.78528 2.31014 3.12934 3.71917 3.48979 2.11354 3.35872 2.21184 3.50618 2.49037 4.07962 2.80166 3.34234 2.81805 
Utility: 5.17337 5.29765 5.32484 5.71416 4.70549 5.558 5.00953 5.44079 5.18704 6.11143 5.71586 5.37907 4.57908 5.35336 6.16745 4.8624 5.20122 4.9006 6.07325 5.5926 5.79145 4.71126 5.59025 5.23104 4.67713 4.8581 6.46045 5.59942 6.30159 5.62835 5.59883 4.56521 6.14491 5.05877 5.57753 5.51077 5.61101 5.76667 6.65275 5.0687 

--------------------------------------
Time: 23.0024
Split Ratios: 1 0.532 0.175 0.293 0.117 0.883 0.374 0.152 0.473 0.214 0.548 0.075 0.145 0.017 0.184 0.188 0.216 0.044 0.368 1 0.158 0.135 0.176 0.532 0.569 0.431 1 1 1 0.065 0.796 0.138 1 1 0.075 0.385 0.539 0.331 0.669 0.466 0.329 0.069 0.135 1 0.278 0.722 0.123 0.877 0.988 0.012 0.383 0.617 0.34 0.66 0.781 0.219 0.21 0.79 1 1 1 0.476 0.291 0.234 1 0.828 0.172 1 0.289 0.711 0.969 0.031 1 0.022 0.134 0.802 0.036 0.006 1 1 0.34 0.66 
Delays: 0.0159209 0.0127155 0.0128231 0.012093 0.0251125 0.0144133 0.0144492 0.0163856 0.0136901 0.00721508 0.0100563 0.00868261 0.0270123 0.0102248 0.00716567 0.0167909 0.0140375 0.0244518 0.0057586 0.00833789 0.00886783 0.0229725 0.0136652 0.0116963 0.0228962 0.0194109 0.00435673 0.00857301 0.00576621 0.0134401 0.0129703 0.0219559 0.00720159 0.014293 0.0131565 0.0100491 0.0149402 0.00873064 0.00430533 0.017998 
Throughputs: 2.9655 2.7689 2.49037 3.80109 2.75251 3.81747 2.29376 3.89939 2.34291 3.57171 2.94912 2.03162 2.3593 2.11354 3.5881 1.99885 2.68698 3.60448 2.65421 2.22822 2.8672 2.75251 3.65363 2.4576 2.24461 2.63782 2.40845 2.71974 2.88358 3.47341 3.86662 2.09715 3.32595 2.26099 3.16211 2.47398 3.83386 2.71974 3.21126 2.9655 
Utility: 5.22717 5.38338 5.26894 5.75041 4.69691 5.57919 5.06731 5.47217 5.14248 6.20463 5.68107 5.45526 4.46982 5.33131 6.21608 4.77949 5.25444 4.99323 6.13321 5.58815 5.77866 4.78597 5.58863 5.34767 4.58531 4.91188 6.31502 5.75967 6.21477 5.55465 5.69747 4.5593 6.13521 5.06379 5.48208 5.50611 5.54757 5.74145 6.61457 5.10454 

--------------------------------------
Time: 23.5024
Split Ratios: 1 0.532 0.175 0.293 0.117 0.883 0.374 0.152 0.473 0.214 0.548 0.075 0.145 0.017 0.184 0.188 0.216 0.044 0.368 1 0.158 0.135 0.176 0.532 0.569 0.431 1 1 1 0.065 0.796 0.138 1 1 0.075 0.385 0.539 0.331 0.669 0.466 0.329 0.069 0.135 1 0.278 0.722 0.123 0.877 0.988 0.012 0.383 0.617 0.34 0.66 0.781 0.219 0.21 0.79 1 1 1 0.476 0.291 0.234 1 0.828 0.172 1 0.289 0.711 0.969 0.031 1 0.022 0.134 0.802 0.036 0.006 1 1 0.34 0.66 
Delays: 0.0159206 0.0125985 0.0128522 0.0119758 0.0250741 0.0142225 0.0143661 0.0163924 0.0134458 0.00722866 0.0100864 0.0086587 0.0269321 0.0101555 0.00716123 0.016667 0.0139238 0.0243575 0.00580044 0.00838013 0.00883254 0.0230249 0.0135759 0.0118429 0.0225702 0.0198254 0.00433617 0.00855487 0.00575955 0.0135015 0.0129148 0.0219949 0.00717406 0.0138573 0.0131573 0.0100367 0.0148334 0.00877535 0.00431054 0.017913 
Throughputs: 2.89997 2.62144 2.12992 4.27622 2.88358 3.86662 2.32653 3.62086 2.53952 3.34234 3.03104 2.09715 2.34291 2.03162 3.2768 2.3593 2.58867 3.53894 2.75251 1.85139 3.03104 2.63782 3.80109 2.21184 2.11354 2.11354 2.12992 2.83443 2.98189 3.75194 3.24403 2.11354 2.81805 2.32653 3.08019 2.34291 3.53894 2.83443 3.60448 2.81805 
Utility: 5.20484 5.3379 5.11033 5.87794 4.74496 5.60531 5.08726 5.39765 5.24107 6.13637 5.70547 5.48977 4.46583 5.29858 6.12594 4.95269 5.2253 4.97874 6.16234 5.39783 5.83822 4.74113 5.63475 5.22985 4.53949 4.66916 6.19685 5.8031 6.24945 5.62723 5.5262 4.5653 5.97333 5.12332 5.45577 5.4529 5.4747 5.77765 6.72887 5.05828 

--------------------------------------
Time: 24.0024
Split Ratios: 1 0.532 0.175 0.293 0.117 0.883 0.374 0.152 0.473 0.214 0.548 0.075 0.145 0.017 0.184 0.188 0.216 0.044 0.368 1 0.158 0.135 0.176 0.532 0.569 0.431 1 1 1 0.065 0.796 0.138 1 1 0.075 0.385 0.539 0.331 0.669 0.466 0.329 0.069 0.135 1 0.278 0.722 0.123 0.877 0.988 0.012 0.383 0.617 0.34 0.66 0.781 0.219 0.21 0.79 1 1 1 0.476 0.291 0.234 1 0.828 0.172 1 0.289 0.711 0.969 0.031 1 0.022 0.134 0.802 0.036 0.006 1 1 0.34 0.66 
Delays: 0.015908 0.0125289 0.012914 0.0118334 0.0251447 0.0142547 0.0143499 0.0163084 0.0135291 0.00723956 0.0101242 0.00869788 0.0266513 0.0101856 0.00715292 0.0169203 0.0139962 0.0245076 0.00574565 0.00837626 0.0088797 0.0230856 0.0140089 0.0114868 0.0231356 0.0192931 0.00435689 0.00855258 0.00575873 0.0134236 0.0128959 0.0219565 0.00719859 0.0146783 0.0131166 0.0100362 0.0146872 0.00872398 0.00433477 0.0179124 
Throughputs: 3.24403 2.67059 2.17907 4.14515 2.67059 4.29261 2.16269 3.96493 2.32653 3.19488 3.26042 2.09715 2.09715 2.08077 3.3751 2.42483 2.67059 3.45702 2.39206 2.11354 2.89997 2.65421 3.93216 1.91693 2.26099 2.75251 2.19546 2.31014 2.94912 3.50618 3.22765 2.1463 3.11296 2.29376 3.48979 2.50675 4.04685 2.57229 4.04685 2.63782 
Utility: 5.31775 5.36202 5.12834 5.85877 4.66541 5.70756 5.01537 5.49356 5.14729 6.08974 5.77469 5.48526 4.3655 5.31952 6.15666 4.965 5.25127 4.94918 6.03147 5.53072 5.78869 4.74469 5.63725 5.11728 4.58219 4.96052 6.22239 5.59883 6.23855 5.56527 5.5226 4.58244 6.06944 5.05158 5.58372 5.52054 5.61872 5.68648 6.83903 4.99222 

--------------------------------------
Time: 24.5026
Split Ratios: 1 0.532 0.175 0.293 0.117 0.883 0.374 0.152 0.473 0.214 0.548 0.075 0.145 0.017 0.184 0.188 0.216 0.044 0.368 1 0.158 0.135 0.176 0.532 0.569 0.431 1 1 1 0.065 0.796 0.138 1 1 0.075 0.385 0.539 0.331 0.669 0.466 0.329 0.069 0.135 1 0.278 0.722 0.123 0.877 0.988 0.012 0.383 0.617 0.34 0.66 0.781 0.219 0.21 0.79 1 1 1 0.476 0.291 0.234 1 0.828 0.172 1 0.289 0.711 0.969 0.031 1 0.022 0.134 0.802 0.036 0.006 1 1 0.34 0.66 
Delays: 0.0159001 0.0125498 0.0128017 0.0120577 0.0254484 0.0143196 0.0143519 0.0163404 0.0136135 0.00727381 0.0100969 0.00866197 0.0266673 0.0101564 0.0071669 0.0169042 0.0139482 0.024635 0.00578112 0.00829328 0.0089079 0.0229683 0.0138136 0.0116046 0.0228008 0.0198217 0.00437828 0.00856697 0.00578163 0.0135687 0.012933 0.0219417 0.00721182 0.0141704 0.0131481 0.0100528 0.0145645 0.00875445 0.00432452 0.017978 
Throughputs: 2.99827 2.70336 1.9497 3.98131 3.03104 3.71917 2.47398 4.4073 2.52314 3.53894 3.21126 2.08077 1.91693 2.21184 3.80109 2.39206 2.47398 3.1785 2.73613 2.22822 3.22765 2.26099 4.14515 2.40845 2.16269 2.65421 2.24461 2.19546 3.2768 3.96493 3.7847 2.60506 3.26042 2.22822 3.50618 2.49037 3.81747 2.70336 4.17792 2.83443 
Utility: 5.23947 5.37255 5.02585 5.79966 4.78001 5.55962 5.1497 5.59738 5.2222 6.1873 5.76219 5.48155 4.27504 5.38347 6.27357 4.95235 5.17824 4.85999 6.1597 5.59352 5.89257 4.58944 5.70404 5.33533 4.55231 4.89713 6.23963 5.54623 6.33994 5.67748 5.67894 4.77682 6.11389 5.0578 5.58601 5.51234 5.56876 5.73269 6.87327 5.06045 

--------------------------------------
Time: 25.0026
Split Ratios: 1 0.532 0.175 0.293 0.117 0.883 0.374 0.152 0.473 0.214 0.548 0.075 0.145 0.017 0.184 0.188 0.216 0.044 0.368 1 0.158 0.135 0.176 0.532 0.569 0.431 1 1 1 0.065 0.796 0.138 1 1 0.075 0.385 0.539 0.331 0.669 0.466 0.329 0.069 0.135 1 0.278 0.722 0.123 0.877 0.988 0.012 0.383 0.617 0.34 0.66 0.781 0.219 0.21 0.79 1 1 1 0.476 0.291 0.234 1 0.828 0.172 1 0.289 0.711 0.969 0.031 1 0.022 0.134 0.802 0.036 0.006 1 1 0.34 0.66 
Delays: 0.0158343 0.0124304 0.0128721 0.0119601 0.0252946 0.0142016 0.0143518 0.0162465 0.0135883 0.00726188 0.0101302 0.00875912 0.0269668 0.010211 0.00715161 0.0167469 0.0139809 0.0245825 0.00578118 0.00832301 0.00890442 0.0229153 0.0138162 0.0119286 0.0226363 0.019182 0.00435215 0.00856331 0.00575326 0.0136735 0.0129498 0.0219805 0.0071758 0.0143389 0.0130752 0.0100285 0.0147028 0.00874718 0.00433288 0.0179063 
Throughputs: 2.89997 2.27738 1.81862 3.65363 3.06381 3.5881 2.47398 3.80109 2.53952 3.03104 3.62086 2.26099 2.40845 1.93331 4.14515 2.67059 2.57229 3.67002 2.62144 2.12992 2.81805 2.40845 4.096 2.34291 1.7367 2.68698 2.09715 2.21184 2.67059 3.32595 3.65363 2.29376 3.3751 2.11354 3.29318 2.50675 3.35872 3.06381 3.55533 2.8672 
Utility: 5.21028 5.21064 4.95078 5.7219 4.79682 5.53202 5.14971 5.45517 5.23052 6.03402 5.87895 5.55346 4.49213 5.24352 6.36236 5.07184 5.21486 5.00592 6.11687 5.54482 5.75725 4.65494 5.69193 5.28021 4.34019 4.9422 6.17766 5.55409 6.14029 5.49405 5.64239 4.64779 6.15347 4.99314 5.52889 5.52131 5.43128 5.85868 6.70997 5.07594 

--------------------------------------
Time: 25.5026
Split Ratios: 1 0.532 0.175 0.293 0.117 0.883 0.374 0.152 0.473 0.214 0.548 0.075 0.145 0.017 0.184 0.188 0.216 0.044 0.368 1 0.158 0.135 0.176 0.532 0.569 0.431 1 1 1 0.065 0.796 0.138 1 1 0.075 0.385 0.539 0.331 0.669 0.466 0.329 0.069 0.135 1 0.278 0.722 0.123 0.877 0.988 0.012 0.383 0.617 0.34 0.66 0.781 0.219 0.21 0.79 1 1 1 0.476 0.291 0.234 1 0.828 0.172 1 0.289 0.711 0.969 0.031 1 0.022 0.134 0.802 0.036 0.006 1 1 0.34 0.66 
Delays: 0.0158501 0.0124382 0.0128812 0.0123023 0.0252079 0.0141563 0.014364 0.0162366 0.0135664 0.00723678 0.0100926 0.00867484 0.026653 0.0101797 0.0071466 0.016903 0.014027 0.0240462 0.00575174 0.00838077 0.00886752 0.0230075 0.0141188 0.0115554 0.0224432 0.0196228 0.00436815 0.00855084 0.00575467 0.0135012 0.0129704 0.0219405 0.00719319 0.01455 0.013164 0.0100387 0.0147562 0.00877094 0.00430541 0.0179252 
Throughputs: 3.16211 2.62144 2.40845 3.83386 2.67059 3.89939 2.83443 3.75194 2.5559 3.50618 3.44064 2.09715 2.01523 2.08077 3.76832 2.06438 2.53952 3.48979 2.81805 2.29376 3.11296 2.7689 3.98131 2.12992 2.08077 2.5559 2.60506 2.40845 3.09658 3.55533 3.63725 2.22822 3.30957 2.16269 3.24403 2.52314 3.76832 2.71974 3.65363 2.89997 
Utility: 5.29582 5.3507 5.23097 5.74184 4.6629 5.61842 5.28487 5.44276 5.23857 6.18311 5.83161 5.48791 4.32559 5.3201 6.26775 4.8051 5.19874 4.97762 6.1943 5.61201 5.86093 4.79039 5.64186 5.21669 4.5295 4.86947 6.39087 5.64071 6.28804 5.57342 5.63632 4.62062 6.13144 5.00152 5.50709 5.52681 5.54272 5.73685 6.74361 5.08625 

--------------------------------------
Time: 26.0027
Split Ratios: 1 0.532 0.175 0.293 0.117 0.883 0.374 0.152 0.473 0.214 0.548 0.075 0.145 0.017 0.184 0.188 0.216 0.044 0.368 1 0.158 0.135 0.176 0.532 0.569 0.431 1 1 1 0.065 0.796 0.138 1 1 0.075 0.385 0.539 0.331 0.669 0.466 0.329 0.069 0.135 1 0.278 0.722 0.123 0.877 0.988 0.012 0.383 0.617 0.34 0.66 0.781 0.219 0.21 0.79 1 1 1 0.476 0.291 0.234 1 0.828 0.172 1 0.289 0.711 0.969 0.031 1 0.022 0.134 0.802 0.036 0.006 1 1 0.34 0.66 
Delays: 0.0158393 0.0127754 0.0128635 0.0121554 0.0254438 0.014228 0.0144039 0.0161926 0.0139238 0.0072316 0.01004 0.00865218 0.0269031 0.0101628 0.00715649 0.0168133 0.0139949 0.02424 0.00578381 0.00837193 0.0088674 0.0229501 0.013837 0.011663 0.0223484 0.0197705 0.00432655 0.00856363 0.00576866 0.0134006 0.0128923 0.0220464 0.00719299 0.0141535 0.013097 0.0100712 0.0147038 0.0087523 0.00430408 0.01797 
Throughputs: 2.80166 2.70336 2.32653 4.35814 3.03104 3.67002 2.3593 3.94854 2.57229 3.11296 3.22765 2.19546 2.1463 2.03162 3.57171 2.21184 2.67059 3.34234 2.37568 1.93331 3.14573 2.31014 4.04685 1.93331 1.6384 2.24461 2.03162 2.42483 3.29318 3.5881 3.81747 2.19546 3.50618 2.31014 3.42426 2.53952 4.12877 2.67059 3.42426 2.7689 
Utility: 5.17547 5.35473 5.19774 5.88203 4.78019 5.55274 5.09862 5.49655 5.21895 6.06487 5.77293 5.53633 4.37926 5.29785 6.21278 4.87941 5.25136 4.92642 6.01798 5.44211 5.87142 4.61174 5.67834 5.11057 4.29472 4.7321 6.15182 5.64599 6.34717 5.59007 5.69071 4.60099 6.18917 5.0951 5.56625 5.53005 5.63763 5.72074 6.67908 5.0375 

--------------------------------------
Time: 26.5027
Split Ratios: 1 0.532 0.175 0.293 0.117 0.883 0.374 0.152 0.473 0.214 0.548 0.075 0.145 0.017 0.184 0.188 0.216 0.044 0.368 1 0.158 0.135 0.176 0.532 0.569 0.431 1 1 1 0.065 0.796 0.138 1 1 0.075 0.385 0.539 0.331 0.669 0.466 0.329 0.069 0.135 1 0.278 0.722 0.123 0.877 0.988 0.012 0.383 0.617 0.34 0.66 0.781 0.219 0.21 0.79 1 1 1 0.476 0.291 0.234 1 0.828 0.172 1 0.289 0.711 0.969 0.031 1 0.022 0.134 0.802 0.036 0.006 1 1 0.34 0.66 
Delays: 0.0158639 0.0126563 0.0127514 0.0120097 0.0252762 0.0144088 0.0143576 0.0163496 0.0133463 0.00725724 0.0101206 0.00873055 0.0269886 0.0101471 0.0071514 0.016658 0.0139673 0.0245921 0.00576975 0.00841695 0.00885949 0.0229287 0.0138351 0.0119283 0.0220381 0.0197297 0.00435014 0.00857161 0.00575652 0.0132237 0.0129195 0.0219712 0.00720823 0.0148247 0.0131272 0.0100206 0.0149154 0.00875254 0.00429131 0.017861 
Throughputs: 2.8672 2.63782 2.09715 4.37453 3.21126 3.85024 2.75251 3.5881 2.70336 3.75194 3.29318 2.40845 1.9497 2.06438 3.65363 2.47398 2.3593 3.45702 2.62144 2.67059 3.09658 2.70336 3.85024 2.06438 1.86778 2.62144 2.40845 2.47398 2.50675 3.32595 3.32595 2.44122 3.42426 2.26099 3.32595 2.24461 3.5881 2.9655 3.6864 2.85082 
Utility: 5.19704 5.33955 5.1027 5.89784 4.84455 5.58805 5.25599 5.39117 5.31101 6.24803 5.78504 5.61991 4.28001 5.3154 6.23617 5.0007 5.1294 4.94574 6.11885 5.75981 5.85656 4.76986 5.62868 5.15367 4.43973 4.88935 6.31653 5.66513 6.07641 5.5275 5.55078 4.71052 6.16342 5.02727 5.53483 5.41165 5.48298 5.82546 6.75581 5.07274 

--------------------------------------
Time: 27.0028
Split Ratios: 1 0.532 0.175 0.293 0.117 0.883 0.374 0.152 0.473 0.214 0.548 0.075 0.145 0.017 0.184 0.188 0.216 0.044 0.368 1 0.158 0.135 0.176 0.532 0.569 0.431 1 1 1 0.065 0.796 0.138 1 1 0.075 0.385 0.539 0.331 0.669 0.466 0.329 0.069 0.135 1 0.278 0.722 0.123 0.877 0.988 0.012 0.383 0.617 0.34 0.66 0.781 0.219 0.21 0.79 1 1 1 0.476 0.291 0.234 1 0.828 0.172 1 0.289 0.711 0.969 0.031 1 0.022 0.134 0.802 0.036 0.006 1 1 0.34 0.66 
Delays: 0.0159406 0.0125471 0.0129644 0.0122235 0.025235 0.0143707 0.0143596 0.0164014 0.0136434 0.00722113 0.0100675 0.00866297 0.0267857 0.0101855 0.00717007 0.0167909 0.0138856 0.0244834 0.00579541 0.00831704 0.00885994 0.0229634 0.0133973 0.0117304 0.0220626 0.0197579 0.00433208 0.00857655 0.00576696 0.0135036 0.0129237 0.0219561 0.00719773 0.0144062 0.013151 0.0100308 0.0148443 0.00870037 0.00433425 0.0178432 
Throughputs: 2.8672 2.65421 2.32653 3.80109 2.44122 3.91578 2.40845 3.76832 2.37568 3.3751 3.09658 2.29376 2.26099 1.78586 3.9977 2.32653 2.09715 3.45702 2.32653 2.24461 3.21126 2.49037 3.73555 1.80224 1.86778 2.42483 2.34291 2.44122 2.93274 3.75194 3.62086 1.9497 2.99827 2.26099 3.09658 2.44122 3.89939 2.83443 3.70278 2.7689 
Utility: 5.19222 5.35441 5.18992 5.73969 4.57202 5.60758 5.12232 5.43702 5.15978 6.14717 5.72874 5.57889 4.43569 5.16669 6.32356 4.93129 5.01748 4.95017 5.99507 5.59798 5.89288 4.68629 5.63059 5.0346 4.43862 4.80997 6.2931 5.65122 6.23155 5.62707 5.63541 4.48638 6.03203 5.0559 5.46156 5.49459 5.57096 5.78623 6.75029 5.04458 

--------------------------------------
Time: 27.5031
Split Ratios: 1 0.532 0.175 0.293 0.117 0.883 0.374 0.152 0.473 0.214 0.548 0.075 0.145 0.017 0.184 0.188 0.216 0.044 0.368 1 0.158 0.135 0.176 0.532 0.569 0.431 1 1 1 0.065 0.796 0.138 1 1 0.075 0.385 0.539 0.331 0.669 0.466 0.329 0.069 0.135 1 0.278 0.722 0.123 0.877 0.988 0.012 0.383 0.617 0.34 0.66 0.781 0.219 0.21 0.79 1 1 1 0.476 0.291 0.234 1 0.828 0.172 1 0.289 0.711 0.969 0.031 1 0.022 0.134 0.802 0.036 0.006 1 1 0.34 0.66 
Delays: 0.0158371 0.0126791 0.0128885 0.0122549 0.0252979 0.0138956 0.0143394 0.0163684 0.0133896 0.00722566 0.0100354 0.00866525 0.0268247 0.0102412 0.00716053 0.0166662 0.0140559 0.0243784 0.00575747 0.00841861 0.00887014 0.02291 0.0136516 0.0116011 0.0224333 0.0199123 0.0043687 0.00859936 0.00574659 0.0132498 0.0128921 0.0219193 0.00722878 0.0147378 0.0131913 0.0100337 0.0146791 0.00872731 0.00432265 0.0179572 
Throughputs: 2.85082 2.57229 2.50675 4.096 3.24403 4.25984 1.98246 4.11238 2.39206 3.32595 3.14573 2.4576 2.22822 1.96608 3.50618 1.96608 2.68698 3.47341 2.32653 2.03162 2.89997 2.73613 3.96493 1.96608 2.29376 2.63782 2.32653 2.60506 3.08019 3.30957 3.12934 1.86778 3.5881 2.24461 3.16211 2.65421 4.22707 2.52314 3.85024 2.44122 
Utility: 5.19301 5.31259 5.2704 5.81184 4.85385 5.72541 4.92908 5.5264 5.18544 6.13187 5.74768 5.64762 4.41964 5.25737 6.1937 4.77042 5.25313 4.9592 6.00163 5.48614 5.78976 4.78273 5.67138 5.13269 4.6274 4.88637 6.27767 5.71352 6.28414 5.52059 5.49196 4.44513 6.20731 5.02587 5.47944 5.57795 5.66284 5.6668 6.79202 4.91226 

--------------------------------------
Time: 28.0031
Split Ratios: 1 0.532 0.175 0.293 0.117 0.883 0.374 0.152 0.473 0.214 0.548 0.075 0.145 0.017 0.184 0.188 0.216 0.044 0.368 1 0.158 0.135 0.176 0.532 0.569 0.431 1 1 1 0.065 0.796 0.138 1 1 0.075 0.385 0.539 0.331 0.669 0.466 0.329 0.069 0.135 1 0.278 0.722 0.123 0.877 0.988 0.012 0.383 0.617 0.34 0.66 0.781 0.219 0.21 0.79 1 1 1 0.476 0.291 0.234 1 0.828 0.172 1 0.289 0.711 0.969 0.031 1 0.022 0.134 0.802 0.036 0.006 1 1 0.34 0.66 
Delays: 0.0158701 0.0127194 0.0128642 0.0119864 0.0252683 0.014354 0.0143386 0.0162597 0.0135695 0.00724298 0.0100636 0.00868655 0.0269099 0.0101958 0.00714815 0.0167562 0.0138899 0.0243117 0.00575324 0.00840218 0.00887562 0.0229433 0.0138621 0.0115832 0.0228277 0.0190466 0.00438724 0.00856031 0.00579143 0.0136334 0.0129411 0.0218766 0.00718135 0.0141262 0.0131727 0.0100193 0.0146216 0.00875647 0.00432414 0.0178924 
Throughputs: 2.81805 2.70336 2.11354 3.76832 3.24403 3.70278 1.85139 3.91578 2.67059 3.11296 3.19488 2.06438 2.26099 2.12992 3.6864 2.19546 2.52314 3.29318 2.49037 2.27738 2.99827 2.32653 3.63725 2.4576 1.9497 2.37568 2.62144 2.3593 3.24403 3.5881 3.26042 1.90054 3.26042 2.32653 3.35872 2.60506 3.98131 2.81805 3.45702 2.78528 
Utility: 5.17936 5.35912 5.10167 5.75061 4.85502 5.55281 4.86074 5.48408 5.28223 6.0633 5.76038 5.47081 4.43106 5.34186 6.24555 4.87538 5.2021 4.90865 6.07042 5.60229 5.82248 4.6191 5.56982 5.35739 4.44745 4.82615 6.39278 5.61898 6.32819 5.57286 5.5292 4.46448 6.11812 5.1041 5.54117 5.5607 5.60687 5.77401 6.68395 5.04773 

--------------------------------------
Time: 28.5032
Split Ratios: 1 0.532 0.175 0.293 0.117 0.883 0.374 0.152 0.473 0.214 0.548 0.075 0.145 0.017 0.184 0.188 0.216 0.044 0.368 1 0.158 0.135 0.176 0.532 0.569 0.431 1 1 1 0.065 0.796 0.138 1 1 0.075 0.385 0.539 0.331 0.669 0.466 0.329 0.069 0.135 1 0.278 0.722 0.123 0.877 0.988 0.012 0.383 0.617 0.34 0.66 0.781 0.219 0.21 0.79 1 1 1 0.476 0.291 0.234 1 0.828 0.172 1 0.289 0.711 0.969 0.031 1 0.022 0.134 0.802 0.036 0.006 1 1 0.34 0.66 
Delays: 0.0158869 0.0125479 0.0129128 0.0121275 0.0253015 0.014345 0.0143477 0.0163749 0.0136338 0.007239 0.0100582 0.00868863 0.0268636 0.0101636 0.00714866 0.0167315 0.0140335 0.0243322 0.0058093 0.00840341 0.00884993 0.0229611 0.0135062 0.0118114 0.0224074 0.0191034 0.00436559 0.0085739 0.00576819 0.0135953 0.0129485 0.0219232 0.00722627 0.0146177 0.0131459 0.0100482 0.0148738 0.00872186 0.00430906 0.0179134 
Throughputs: 2.89997 2.68698 2.29376 3.81747 2.98189 3.6864 2.26099 3.67002 2.93274 3.63725 3.2768 2.01523 2.11354 1.90054 3.12934 2.31014 2.75251 3.29318 2.89997 2.03162 2.99827 2.70336 3.2768 2.16269 2.52314 2.68698 2.58867 2.37568 2.85082 3.50618 3.55533 2.08077 3.16211 2.06438 3.75194 2.68698 3.93216 2.78528 4.30899 2.67059 
Utility: 5.20696 5.36662 5.17973 5.75187 4.76945 5.549 5.05997 5.4122 5.37114 6.2195 5.78624 5.44647 4.36534 5.23109 6.08165 4.92777 5.27882 4.90781 6.21299 5.48795 5.82538 4.76845 5.49147 5.21004 4.72387 4.94631 6.38515 5.62432 6.203 5.55255 5.61522 4.55295 6.08127 4.95035 5.65391 5.58878 5.57734 5.76627 6.90774 5.00451 

--------------------------------------
Time: 29.0033
Split Ratios: 1 0.532 0.175 0.293 0.117 0.883 0.374 0.152 0.473 0.214 0.548 0.075 0.145 0.017 0.184 0.188 0.216 0.044 0.368 1 0.158 0.135 0.176 0.532 0.569 0.431 1 1 1 0.065 0.796 0.138 1 1 0.075 0.385 0.539 0.331 0.669 0.466 0.329 0.069 0.135 1 0.278 0.722 0.123 0.877 0.988 0.012 0.383 0.617 0.34 0.66 0.781 0.219 0.21 0.79 1 1 1 0.476 0.291 0.234 1 0.828 0.172 1 0.289 0.711 0.969 0.031 1 0.022 0.134 0.802 0.036 0.006 1 1 0.34 0.66 
Delays: 0.0159103 0.0125636 0.0129181 0.0119276 0.0251984 0.0140808 0.0143717 0.0164542 0.0139459 0.00723408 0.0100847 0.00866525 0.0267809 0.0101668 0.00717381 0.0167283 0.0139521 0.0244573 0.00574465 0.00838543 0.0089059 0.0230157 0.0138094 0.0115924 0.022449 0.0197037 0.00438626 0.00857977 0.00576564 0.0133781 0.0129265 0.0220209 0.00722783 0.0143165 0.0131139 0.0100254 0.0147137 0.008724 0.00430307 0.0177882 
Throughputs: 2.75251 2.49037 2.22822 4.03046 2.78528 4.21069 2.70336 3.53894 2.39206 3.34234 3.16211 1.99885 2.08077 2.01523 3.39149 2.27738 2.29376 3.40787 2.29376 2.26099 3.09658 2.26099 4.1943 2.12992 1.99885 2.22822 2.27738 2.65421 3.03104 3.2768 3.44064 2.44122 3.14573 2.37568 2.9655 2.47398 3.70278 2.75251 3.48979 2.88358 
Utility: 5.1533 5.28938 5.15033 5.82278 4.70532 5.70057 5.23699 5.37101 5.14473 6.13562 5.74798 5.44101 4.3528 5.28937 6.15859 4.91368 5.10231 4.93691 5.98968 5.59706 5.85134 4.58738 5.71613 5.21349 4.48908 4.72815 6.2523 5.73449 6.26474 5.501 5.58414 4.70826 6.07586 5.11163 5.42113 5.50846 5.52806 5.75419 6.69827 5.08826 

--------------------------------------
Time: 29.5033
Split Ratios: 1 0.532 0.175 0.293 0.117 0.883 0.374 0.152 0.473 0.214 0.548 0.075 0.145 0.017 0.184 0.188 0.216 0.044 0.368 1 0.158 0.135 0.176 0.532 0.569 0.431 1 1 1 0.065 0.796 0.138 1 1 0.075 0.385 0.539 0.331 0.669 0.466 0.329 0.069 0.135 1 0.278 0.722 0.123 0.877 0.988 0.012 0.383 0.617 0.34 0.66 0.781 0.219 0.21 0.79 1 1 1 0.476 0.291 0.234 1 0.828 0.172 1 0.289 0.711 0.969 0.031 1 0.022 0.134 0.802 0.036 0.006 1 1 0.34 0.66 
Delays: 0.0159043 0.0126242 0.012928 0.0120977 0.0251661 0.0143838 0.0143392 0.0163431 0.0133571 0.00722044 0.0101001 0.00871414 0.0266502 0.0101645 0.00715225 0.0169038 0.0140151 0.0245529 0.00574816 0.00838426 0.00887927 0.0229585 0.013647 0.0118016 0.0219224 0.0195854 0.00434744 0.00857053 0.00576498 0.0134037 0.0129843 0.0220106 0.00725094 0.0140166 0.0131055 0.0100171 0.0148567 0.00877092 0.0042944 0.0178009 
Throughputs: 3.01466 2.37568 2.3593 3.55533 2.98189 3.71917 2.52314 3.76832 2.22822 3.03104 3.1785 1.98246 2.31014 1.98246 3.55533 2.53952 2.40845 3.62086 2.08077 2.048 3.21126 2.40845 3.88301 2.34291 2.40845 2.78528 1.83501 2.75251 3.1785 4.03046 3.60448 2.01523 3.24403 2.11354 3.08019 2.19546 3.52256 2.68698 3.7847 3.16211 
Utility: 5.24465 5.23743 5.20672 5.68318 4.77481 5.55515 5.17026 5.44058 5.11691 6.03975 5.75162 5.42715 4.46227 5.27319 6.20877 5.01219 5.1466 4.99364 5.89161 5.49826 5.8907 4.65305 5.65084 5.29092 4.69923 4.95732 6.04522 5.77194 6.31236 5.70611 5.62619 4.51696 6.10344 5.01588 5.45971 5.38985 5.46849 5.72473 6.78141 5.17975 

--------------------------------------
Time: 30.0033
Split Ratios: 1 0.532 0.175 0.293 0.117 0.883 0.374 0.152 0.473 0.214 0.548 0.075 0.145 0.017 0.184 0.188 0.216 0.044 0.368 1 0.158 0.135 0.176 0.532 0.569 0.431 1 1 1 0.065 0.796 0.138 1 1 0.075 0.385 0.539 0.331 0.669 0.466 0.329 0.069 0.135 1 0.278 0.722 0.123 0.877 0.988 0.012 0.383 0.617 0.34 0.66 0.781 0.219 0.21 0.79 1 1 1 0.476 0.291 0.234 1 0.828 0.172 1 0.289 0.711 0.969 0.031 1 0.022 0.134 0.802 0.036 0.006 1 1 0.34 0.66 
Delays: 0.0159794 0.0125258 0.0128818 0.012174 0.0251421 0.0144426 0.0143315 0.016301 0.0135891 0.00721915 0.0100841 0.00869265 0.0268156 0.0101449 0.00715058 0.0167807 0.013921 0.0238961 0.00577504 0.00835226 0.00896697 0.0230153 0.0139643 0.0114448 0.0217131 0.0193345 0.00439964 0.00858689 0.00580029 0.0132332 0.0129311 0.0220778 0.00719072 0.0142356 0.0131538 0.0100328 0.0147915 0.0086916 0.00431433 0.0178091 
Throughputs: 2.81805 2.58867 2.27738 3.83386 2.57229 3.94854 2.26099 3.83386 2.62144 3.35872 3.19488 1.96608 2.11354 1.98246 3.67002 2.19546 2.52314 3.1785 2.53952 2.22822 3.35872 2.24461 3.60448 2.32653 2.37568 2.78528 2.19546 2.52314 2.94912 3.65363 3.55533 2.19546 3.2768 2.048 3.24403 2.16269 3.89939 2.32653 3.76832 2.52314 
Utility: 5.1725 5.33111 5.17496 5.75232 4.62801 5.61092 5.0611 5.4604 5.26221 6.14258 5.75835 5.42132 4.36713 5.27513 6.24076 4.87392 5.19986 4.89045 6.08619 5.58643 5.92577 4.58013 5.55343 5.3146 4.69512 4.97021 6.21262 5.68302 6.23135 5.62075 5.61656 4.59957 6.12183 4.96887 5.50786 5.37324 5.57453 5.58978 6.77244 4.95355 

--------------------------------------
Time: 30.5033
Split Ratios: 1 0.532 0.175 0.293 0.117 0.883 0.374 0.152 0.473 0.214 0.548 0.075 0.145 0.017 0.184 0.188 0.216 0.044 0.368 1 0.158 0.135 0.176 0.532 0.569 0.431 1 1 1 0.065 0.796 0.138 1 1 0.075 0.385 0.539 0.331 0.669 0.466 0.329 0.069 0.135 1 0.278 0.722 0.123 0.877 0.988 0.012 0.383 0.617 0.34 0.66 0.781 0.219 0.21 0.79 1 1 1 0.476 0.291 0.234 1 0.828 0.172 1 0.289 0.711 0.969 0.031 1 0.022 0.134 0.802 0.036 0.006 1 1 0.34 0.66 
Delays: 0.0158861 0.0127197 0.0128393 0.0123657 0.0254176 0.0144593 0.0143712 0.0162713 0.0134467 0.00719948 0.0100661 0.0086919 0.0269697 0.0101974 0.00715474 0.0168675 0.0139912 0.0247717 0.00578837 0.00830199 0.0088168 0.0229357 0.0139122 0.0114929 0.0221197 0.020574 0.00436176 0.00856879 0.0057631 0.0132601 0.0128879 0.0219557 0.00723211 0.0146181 0.0131437 0.0100664 0.0147793 0.00872306 0.00429958 0.0179178 
Throughputs: 3.03104 2.12992 2.34291 4.06323 2.75251 3.91578 2.42483 3.67002 2.34291 3.12934 2.94912 2.03162 2.3593 2.06438 4.01408 2.24461 2.34291 3.06381 2.71974 1.88416 2.91635 2.50675 3.85024 2.4576 2.39206 2.53952 2.19546 2.37568 3.16211 3.48979 3.35872 2.12992 3.67002 2.24461 3.12934 2.5559 3.48979 2.65421 3.40787 2.63782 
Utility: 5.25122 5.12069 5.20664 5.79481 4.68483 5.60143 5.12829 5.41855 5.16041 6.07457 5.68009 5.4542 4.47141 5.31045 6.32979 4.8909 5.12072 4.81771 6.15244 5.42474 5.80143 4.69405 5.62313 5.36521 4.68344 4.8157 6.22127 5.62491 6.30752 5.57284 5.56303 4.57482 6.22942 5.03403 5.47264 5.53696 5.46437 5.71793 6.67533 4.99191 

--------------------------------------
Time: 31.0034
Split Ratios: 1 0.532 0.175 0.293 0.117 0.883 0.374 0.152 0.473 0.214 0.548 0.075 0.145 0.017 0.184 0.188 0.216 0.044 0.368 1 0.158 0.135 0.176 0.532 0.569 0.431 1 1 1 0.065 0.796 0.138 1 1 0.075 0.385 0.539 0.331 0.669 0.466 0.329 0.069 0.135 1 0.278 0.722 0.123 0.877 0.988 0.012 0.383 0.617 0.34 0.66 0.781 0.219 0.21 0.79 1 1 1 0.476 0.291 0.234 1 0.828 0.172 1 0.289 0.711 0.969 0.031 1 0.022 0.134 0.802 0.036 0.006 1 1 0.34 0.66 
Delays: 0.0159211 0.0128413 0.012782 0.0122363 0.0253176 0.0139709 0.0143534 0.0164565 0.013439 0.00725859 0.0101148 0.00870252 0.0268975 0.0101547 0.00713793 0.0166333 0.0138969 0.0243526 0.00580596 0.00825401 0.00881547 0.0229943 0.0136225 0.011822 0.0228234 0.0191766 0.00435831 0.00856861 0.00574889 0.0134664 0.012928 0.0220564 0.0072147 0.0141722 0.0131208 0.0100777 0.0146614 0.00877333 0.004321 0.0178619 
Throughputs: 2.98189 2.78528 2.1463 3.88301 2.98189 3.7847 2.21184 3.86662 2.57229 3.19488 3.26042 2.03162 2.34291 1.91693 3.45702 2.06438 2.50675 3.19488 2.7689 2.17907 2.8672 2.49037 3.52256 2.09715 2.09715 2.4576 2.29376 2.32653 3.03104 3.1785 3.5881 2.08077 3.65363 2.09715 3.16211 2.47398 3.80109 3.09658 3.70278 2.81805 
Utility: 5.23266 5.37944 5.12347 5.75996 4.76881 5.60175 5.03759 5.45942 5.25439 6.08712 5.77561 5.45297 4.46712 5.24054 6.18274 4.82118 5.19508 4.87666 6.16732 5.57596 5.78458 4.68494 5.55522 5.17837 4.52055 4.85325 6.26586 5.60403 6.26765 5.46397 5.62598 4.54689 6.22736 4.99705 5.48479 5.50326 5.55783 5.86634 6.75335 5.06113 

--------------------------------------
Time: 31.5034
Split Ratios: 1 0.532 0.175 0.293 0.117 0.883 0.374 0.152 0.473 0.214 0.548 0.075 0.145 0.017 0.184 0.188 0.216 0.044 0.368 1 0.158 0.135 0.176 0.532 0.569 0.431 1 1 1 0.065 0.796 0.138 1 1 0.075 0.385 0.539 0.331 0.669 0.466 0.329 0.069 0.135 1 0.278 0.722 0.123 0.877 0.988 0.012 0.383 0.617 0.34 0.66 0.781 0.219 0.21 0.79 1 1 1 0.476 0.291 0.234 1 0.828 0.172 1 0.289 0.711 0.969 0.031 1 0.022 0.134 0.802 0.036 0.006 1 1 0.34 0.66 
Delays: 0.0158812 0.0126044 0.0128534 0.0122234 0.0251283 0.0141921 0.014385 0.0162535 0.0136661 0.00722627 0.0100874 0.00867516 0.027059 0.0101912 0.00716894 0.0167835 0.0139239 0.0245437 0.00573932 0.00830339 0.00886677 0.0230015 0.013737 0.0112959 0.0220453 0.0198599 0.00436399 0.00856062 0.00578056 0.0134593 0.012897 0.0220616 0.00718645 0.0140304 0.0131021 0.0100491 0.0149345 0.00869421 0.00432344 0.017963 
Throughputs: 3.01466 2.53952 2.47398 4.42368 2.98189 3.7847 2.5559 4.21069 2.53952 3.44064 3.2768 2.08077 1.96608 2.24461 3.65363 2.40845 2.37568 3.32595 2.80166 2.32653 2.85082 2.22822 3.45702 2.08077 1.99885 2.67059 2.29376 2.24461 3.21126 3.71917 3.24403 2.22822 3.21126 2.12992 3.14573 2.34291 3.7847 2.68698 3.85024 2.68698 
Utility: 5.2461 5.30568 5.25998 5.89138 4.77632 5.58604 5.17998 5.55708 5.22481 6.16569 5.78334 5.48003 4.28578 5.39476 6.23372 4.96634 5.13943 4.90906 6.19063 5.63547 5.77305 4.5734 5.52807 5.21606 4.50723 4.90135 6.26456 5.56911 6.31992 5.62158 5.52758 4.61512 6.10222 5.02262 5.48103 5.45167 5.53505 5.73351 6.79184 5.00786 

--------------------------------------
Time: 32.0035
Split Ratios: 1 0.532 0.175 0.293 0.117 0.883 0.374 0.152 0.473 0.214 0.548 0.075 0.145 0.017 0.184 0.188 0.216 0.044 0.368 1 0.158 0.135 0.176 0.532 0.569 0.431 1 1 1 0.065 0.796 0.138 1 1 0.075 0.385 0.539 0.331 0.669 0.466 0.329 0.069 0.135 1 0.278 0.722 0.123 0.877 0.988 0.012 0.383 0.617 0.34 0.66 0.781 0.219 0.21 0.79 1 1 1 0.476 0.291 0.234 1 0.828 0.172 1 0.289 0.711 0.969 0.031 1 0.022 0.134 0.802 0.036 0.006 1 1 0.34 0.66 
Delays: 0.0158667 0.012433 0.0128501 0.0119647 0.0253284 0.0142747 0.014382 0.0162691 0.0139018 0.00724934 0.0101003 0.00867435 0.0269865 0.0101524 0.00715529 0.0167347 0.0140254 0.0244502 0.00575614 0.0084033 0.00888611 0.0229485 0.0140156 0.0117596 0.0221765 0.0194714 0.00435109 0.00858976 0.00576311 0.0134469 0.0129029 0.022021 0.00718655 0.014069 0.0130781 0.0100722 0.0148981 0.00869213 0.00431661 0.0180497 
Throughputs: 2.93274 2.44122 2.39206 3.35872 2.8672 3.81747 2.52314 3.60448 2.80166 3.29318 3.14573 1.98246 1.86778 1.9497 3.83386 2.22822 2.44122 3.32595 2.78528 2.19546 3.11296 2.53952 3.45702 2.03162 2.09715 2.32653 1.78586 2.50675 2.73613 3.55533 3.55533 2.06438 3.40787 2.16269 3.30957 2.70336 3.9977 2.75251 3.40787 3.60448 
Utility: 5.21947 5.2799 5.22656 5.63735 4.72917 5.58886 5.16728 5.40067 5.30595 6.1187 5.74124 5.43173 4.23717 5.25772 6.28377 4.89148 5.15938 4.91287 6.18184 5.56552 5.85884 4.70648 5.50799 5.15192 4.5493 4.78318 6.01723 5.67617 6.16282 5.57746 5.61875 4.54059 6.16163 5.03513 5.53364 5.59247 5.59224 5.75785 6.67137 5.2968 

--------------------------------------
Time: 32.5037
Split Ratios: 1 0.532 0.175 0.293 0.117 0.883 0.374 0.152 0.473 0.214 0.548 0.075 0.145 0.017 0.184 0.188 0.216 0.044 0.368 1 0.158 0.135 0.176 0.532 0.569 0.431 1 1 1 0.065 0.796 0.138 1 1 0.075 0.385 0.539 0.331 0.669 0.466 0.329 0.069 0.135 1 0.278 0.722 0.123 0.877 0.988 0.012 0.383 0.617 0.34 0.66 0.781 0.219 0.21 0.79 1 1 1 0.476 0.291 0.234 1 0.828 0.172 1 0.289 0.711 0.969 0.031 1 0.022 0.134 0.802 0.036 0.006 1 1 0.34 0.66 
Delays: 0.0158215 0.0127591 0.012891 0.0122642 0.0252349 0.0141454 0.0144012 0.0163868 0.0135438 0.00723822 0.0100744 0.00866711 0.0269975 0.0102942 0.00715462 0.0167098 0.0139436 0.0244229 0.00579846 0.00850882 0.00896224 0.0229033 0.01387 0.0116958 0.0229211 0.0197082 0.00441842 0.0085804 0.00575101 0.0134245 0.0130099 0.0219487 0.00722129 0.0144799 0.0131171 0.0100208 0.0149663 0.00878622 0.00431966 0.0179675 
Throughputs: 2.71974 2.52314 2.52314 3.85024 3.09658 3.93216 2.47398 4.01408 2.27738 2.94912 2.8672 1.90054 2.27738 1.81862 3.62086 2.3593 2.65421 3.62086 2.62144 2.3593 3.16211 2.67059 3.80109 2.22822 2.29376 2.78528 2.40845 2.60506 3.03104 3.16211 3.93216 1.90054 3.16211 2.32653 3.65363 2.4576 4.06323 2.91635 3.6864 2.73613 
Utility: 5.14692 5.28701 5.27673 5.74921 4.80983 5.62755 5.14627 5.50108 5.12485 6.00989 5.6511 5.39036 4.43503 5.17426 6.22671 4.95012 5.24888 4.99895 6.11389 5.62502 5.86598 4.75878 5.61331 5.24973 4.60589 4.95107 6.30096 5.71573 6.26729 5.46191 5.71124 4.46119 6.08196 5.07937 5.62956 5.50228 5.60393 5.8049 6.74923 5.02573 

--------------------------------------
Time: 33.0037
Split Ratios: 1 0.532 0.175 0.293 0.117 0.883 0.374 0.152 0.473 0.214 0.548 0.075 0.145 0.017 0.184 0.188 0.216 0.044 0.368 1 0.158 0.135 0.176 0.532 0.569 0.431 1 1 1 0.065 0.796 0.138 1 1 0.075 0.385 0.539 0.331 0.669 0.466 0.329 0.069 0.135 1 0.278 0.722 0.123 0.877 0.988 0.012 0.383 0.617 0.34 0.66 0.781 0.219 0.21 0.79 1 1 1 0.476 0.291 0.234 1 0.828 0.172 1 0.289 0.711 0.969 0.031 1 0.022 0.134 0.802 0.036 0.006 1 1 0.34 0.66 
Delays: 0.0159106 0.012577 0.0130081 0.0124564 0.0253022 0.0143646 0.0143305 0.0162979 0.013538 0.00732874 0.0100972 0.00869137 0.0271414 0.0101441 0.00715761 0.0167812 0.0139702 0.0247221 0.00574611 0.00830953 0.00890836 0.0229488 0.0134954 0.0116439 0.0218125 0.0190018 0.00438694 0.00859157 0.00577909 0.013455 0.0129341 0.0219913 0.00720717 0.0143087 0.0132169 0.0100363 0.0147925 0.00869952 0.00430939 0.0177991 
Throughputs: 3.19488 2.39206 2.26099 3.7847 2.52314 3.67002 2.60506 4.04685 2.75251 2.9655 3.08019 2.048 2.21184 1.80224 3.70278 2.53952 2.57229 3.63725 2.4576 2.29376 3.09658 2.29376 3.71917 1.86778 2.40845 2.26099 2.67059 2.8672 2.93274 3.62086 3.06381 2.44122 3.34234 2.1463 3.62086 2.53952 3.32595 2.62144 3.62086 2.52314 
Utility: 5.30232 5.24804 5.15799 5.71649 4.60237 5.54318 5.20282 5.51466 5.31477 6.003 5.72049 5.46229 4.40052 5.17989 6.24866 5.01947 5.21562 4.99128 6.05842 5.62054 5.85106 4.60468 5.61891 5.07773 4.70425 4.77903 6.41142 5.81031 6.22944 5.59511 5.46754 4.7096 6.13935 5.01064 5.61298 5.53352 5.41539 5.70821 6.73367 4.95411 

--------------------------------------
Time: 33.5039
Split Ratios: 1 0.532 0.175 0.293 0.117 0.883 0.374 0.152 0.473 0.214 0.548 0.075 0.145 0.017 0.184 0.188 0.216 0.044 0.368 1 0.158 0.135 0.176 0.532 0.569 0.431 1 1 1 0.065 0.796 0.138 1 1 0.075 0.385 0.539 0.331 0.669 0.466 0.329 0.069 0.135 1 0.278 0.722 0.123 0.877 0.988 0.012 0.383 0.617 0.34 0.66 0.781 0.219 0.21 0.79 1 1 1 0.476 0.291 0.234 1 0.828 0.172 1 0.289 0.711 0.969 0.031 1 0.022 0.134 0.802 0.036 0.006 1 1 0.34 0.66 
Delays: 0.015962 0.0126431 0.0127908 0.0119951 0.0253006 0.0142522 0.0143605 0.016381 0.0134865 0.00723898 0.01006 0.00874694 0.0270581 0.01015 0.00714285 0.0168903 0.0139614 0.0247602 0.00580009 0.00823589 0.00891108 0.0229889 0.0136655 0.0119413 0.0224732 0.0198406 0.00434754 0.00856989 0.00579094 0.0131513 0.0129538 0.0220449 0.00721447 0.0143417 0.0131778 0.0100224 0.0147958 0.00872419 0.0042928 0.0178559 
Throughputs: 2.81805 2.3593 1.98246 3.52256 2.94912 3.63725 2.19546 3.83386 2.68698 3.21126 3.03104 2.11354 2.34291 1.76947 3.62086 2.26099 2.5559 3.40787 3.11296 1.99885 2.8672 2.26099 3.62086 2.11354 2.12992 2.40845 2.44122 2.81805 3.22765 3.73555 3.53894 2.22822 3.22765 2.17907 3.1785 2.32653 3.45702 2.63782 3.42426 2.52314 
Utility: 5.17359 5.229 5.04337 5.68245 4.75844 5.54207 5.02967 5.45551 5.29448 6.09494 5.7081 5.48741 4.46116 5.16096 6.22836 4.89682 5.20986 4.92461 6.28546 5.49183 5.7738 4.58855 5.57959 5.17611 4.55152 4.79901 6.33064 5.79554 6.32321 5.64913 5.6102 4.61588 6.10342 5.02348 5.48563 5.44731 5.45382 5.71161 6.6817 4.95092 

--------------------------------------
Time: 34.0039
Split Ratios: 1 0.532 0.175 0.293 0.117 0.883 0.374 0.152 0.473 0.214 0.548 0.075 0.145 0.017 0.184 0.188 0.216 0.044 0.368 1 0.158 0.135 0.176 0.532 0.569 0.431 1 1 1 0.065 0.796 0.138 1 1 0.075 0.385 0.539 0.331 0.669 0.466 0.329 0.069 0.135 1 0.278 0.722 0.123 0.877 0.988 0.012 0.383 0.617 0.34 0.66 0.781 0.219 0.21 0.79 1 1 1 0.476 0.291 0.234 1 0.828 0.172 1 0.289 0.711 0.969 0.031 1 0.022 0.134 0.802 0.036 0.006 1 1 0.34 0.66 
Delays: 0.0158192 0.0126835 0.0128423 0.0120795 0.0253282 0.0144123 0.0143698 0.0162001 0.0134997 0.00725729 0.0100791 0.00873509 0.0268543 0.0101401 0.00715704 0.0168805 0.0139702 0.0243738 0.00578329 0.00837969 0.00887388 0.0230451 0.0136296 0.0113412 0.0226698 0.0191843 0.004353 0.00858298 0.0057741 0.0134105 0.0128954 0.0219485 0.00721038 0.0143007 0.0131793 0.0100432 0.0149463 0.0087072 0.00431748 0.0178694 
Throughputs: 2.57229 2.7689 2.21184 3.94854 3.16211 3.86662 2.048 4.096 2.60506 3.34234 3.12934 1.99885 2.17907 1.88416 3.80109 2.42483 3.06381 3.40787 2.39206 2.06438 3.12934 2.5559 3.60448 2.1463 2.06438 2.52314 2.24461 2.37568 3.29318 3.67002 3.21126 2.22822 3.1785 2.21184 3.75194 2.32653 3.86662 2.67059 3.85024 2.85082 
Utility: 5.09132 5.3859 5.14884 5.7896 4.82708 5.59206 4.95949 5.53275 5.26254 6.13242 5.73811 5.43298 4.39623 5.22473 6.27495 4.96736 5.39049 4.94034 6.02494 5.50678 5.86547 4.70871 5.57769 5.24306 4.51156 4.87916 6.24542 5.62326 6.34623 5.61191 5.51755 4.62026 6.08864 5.04127 5.65138 5.44524 5.55567 5.7259 6.79322 5.07227 

--------------------------------------
Time: 34.504
Split Ratios: 1 0.532 0.175 0.293 0.117 0.883 0.374 0.152 0.473 0.214 0.548 0.075 0.145 0.017 0.184 0.188 0.216 0.044 0.368 1 0.158 0.135 0.176 0.532 0.569 0.431 1 1 1 0.065 0.796 0.138 1 1 0.075 0.385 0.539 0.331 0.669 0.466 0.329 0.069 0.135 1 0.278 0.722 0.123 0.877 0.988 0.012 0.383 0.617 0.34 0.66 0.781 0.219 0.21 0.79 1 1 1 0.476 0.291 0.234 1 0.828 0.172 1 0.289 0.711 0.969 0.031 1 0.022 0.134 0.802 0.036 0.006 1 1 0.34 0.66 
Delays: 0.015873 0.0128389 0.0128689 0.0121612 0.0254953 0.0142861 0.0143494 0.0162705 0.0136446 0.0072268 0.010082 0.0086446 0.0268994 0.0102702 0.00715159 0.0168198 0.0139795 0.0243936 0.00576851 0.00823695 0.00884389 0.0229681 0.0135493 0.0113589 0.0222689 0.0193354 0.0043892 0.00855241 0.00577876 0.013241 0.0129292 0.0219343 0.00721821 0.0142567 0.0131332 0.0100546 0.0144882 0.0087164 0.00432626 0.017885 
Throughputs: 2.68698 2.63782 2.49037 3.98131 3.04742 3.80109 2.42483 4.03046 2.32653 3.26042 3.03104 1.67117 2.19546 1.86778 3.6864 2.21184 2.53952 3.63725 2.5559 2.01523 3.12934 2.47398 3.93216 1.7367 2.22822 2.91635 2.03162 2.65421 2.9655 3.81747 3.63725 2.31014 3.76832 2.19546 3.22765 2.49037 3.91578 2.62144 3.67002 2.53952 
Utility: 5.13155 5.32523 5.26537 5.79112 4.78356 5.58376 5.12981 5.51229 5.13879 6.11181 5.70591 5.26434 4.40204 5.20326 6.24507 4.87902 5.20214 5.00466 6.09375 5.49986 5.86885 4.67948 5.67061 5.02974 4.60577 5.01615 6.13744 5.73769 6.24061 5.66403 5.63949 4.65702 6.25778 5.03692 5.50437 5.51215 5.59943 5.70627 6.74325 4.95577 

--------------------------------------
Time: 35.004
Split Ratios: 1 0.532 0.175 0.293 0.117 0.883 0.374 0.152 0.473 0.214 0.548 0.075 0.145 0.017 0.184 0.188 0.216 0.044 0.368 1 0.158 0.135 0.176 0.532 0.569 0.431 1 1 1 0.065 0.796 0.138 1 1 0.075 0.385 0.539 0.331 0.669 0.466 0.329 0.069 0.135 1 0.278 0.722 0.123 0.877 0.988 0.012 0.383 0.617 0.34 0.66 0.781 0.219 0.21 0.79 1 1 1 0.476 0.291 0.234 1 0.828 0.172 1 0.289 0.711 0.969 0.031 1 0.022 0.134 0.802 0.036 0.006 1 1 0.34 0.66 
Delays: 0.0158945 0.0126564 0.0128035 0.0121808 0.0254186 0.0141906 0.0143557 0.0162402 0.0131267 0.00721033 0.0100886 0.00867572 0.0268994 0.010256 0.00715588 0.0167363 0.013982 0.0241309 0.0057819 0.00829837 0.00892738 0.0228836 0.0139508 0.0111823 0.0224197 0.0190687 0.00437909 0.00857241 0.0057665 0.0134167 0.0129119 0.0219425 0.00720465 0.0143171 0.01309 0.0100274 0.0147048 0.00874611 0.00429759 0.0178699 
Throughputs: 2.58867 2.73613 2.34291 4.32538 3.29318 3.63725 2.44122 3.89939 2.34291 3.22765 3.16211 2.08077 2.06438 1.86778 3.55533 2.1463 2.39206 3.39149 2.63782 2.47398 3.35872 2.60506 3.80109 2.048 1.65478 2.53952 2.27738 2.32653 3.08019 3.57171 3.29318 2.06438 3.39149 2.08077 3.16211 2.3593 3.70278 2.65421 3.42426 2.57229 
Utility: 5.09293 5.37613 5.20943 5.8724 4.86413 5.54641 5.1361 5.48109 5.18451 6.10399 5.74759 5.47996 4.34048 5.20464 6.20827 4.85392 5.14214 4.94553 6.12298 5.69753 5.93019 4.73479 5.60751 5.21028 4.30149 4.89168 6.25394 5.60358 6.28068 5.5843 5.54146 4.54416 6.1543 4.97904 5.48714 5.4608 5.52867 5.71529 6.68059 4.96943 

--------------------------------------
Time: 35.504
Split Ratios: 1 0.532 0.175 0.293 0.117 0.883 0.374 0.152 0.473 0.214 0.548 0.075 0.145 0.017 0.184 0.188 0.216 0.044 0.368 1 0.158 0.135 0.176 0.532 0.569 0.431 1 1 1 0.065 0.796 0.138 1 1 0.075 0.385 0.539 0.331 0.669 0.466 0.329 0.069 0.135 1 0.278 0.722 0.123 0.877 0.988 0.012 0.383 0.617 0.34 0.66 0.781 0.219 0.21 0.79 1 1 1 0.476 0.291 0.234 1 0.828 0.172 1 0.289 0.711 0.969 0.031 1 0.022 0.134 0.802 0.036 0.006 1 1 0.34 0.66 
Delays: 0.0159315 0.0125762 0.0129246 0.0119729 0.0252972 0.0140476 0.014358 0.0163175 0.0136341 0.00727175 0.0100694 0.00873242 0.0267847 0.0102133 0.00716503 0.0167047 0.013924 0.0244233 0.00576925 0.00832474 0.00890986 0.0229748 0.0138158 0.0117953 0.0231795 0.0193307 0.00434111 0.00855912 0.00578165 0.01341 0.0129074 0.021984 0.00721156 0.0145535 0.0130931 0.010029 0.0145749 0.00871824 0.00430693 0.0179249 
Throughputs: 3.01466 2.53952 2.52314 3.70278 2.9655 4.30899 2.68698 3.60448 2.44122 3.86662 3.21126 2.11354 2.52314 2.3593 3.86662 2.11354 2.37568 3.86662 2.44122 1.80224 3.32595 2.17907 3.98131 2.048 2.21184 2.39206 2.39206 2.49037 3.35872 3.48979 3.3751 2.24461 3.48979 2.17907 2.91635 2.32653 3.67002 2.65421 3.67002 2.70336 
Utility: 5.24294 5.30792 5.27413 5.73419 4.76411 5.72601 5.23187 5.3977 5.18768 6.27614 5.76492 5.48907 4.54543 5.44243 6.29092 4.84043 5.13943 5.0646 6.04771 5.37755 5.92235 4.55226 5.66356 5.15692 4.55831 4.81822 6.31178 5.67319 6.36463 5.56159 5.56638 4.62597 6.18191 5.00882 5.40601 5.44666 5.52865 5.71848 6.74773 5.01606 

--------------------------------------
Time: 36.0041
Split Ratios: 1 0.532 0.175 0.293 0.117 0.883 0.374 0.152 0.473 0.214 0.548 0.075 0.145 0.017 0.184 0.188 0.216 0.044 0.368 1 0.158 0.135 0.176 0.532 0.569 0.431 1 1 1 0.065 0.796 0.138 1 1 0.075 0.385 0.539 0.331 0.669 0.466 0.329 0.069 0.135 1 0.278 0.722 0.123 0.877 0.988 0.012 0.383 0.617 0.34 0.66 0.781 0.219 0.21 0.79 1 1 1 0.476 0.291 0.234 1 0.828 0.172 1 0.289 0.711 0.969 0.031 1 0.022 0.134 0.802 0.036 0.006 1 1 0.34 0.66 
Delays: 0.0159601 0.0125193 0.0129272 0.0121528 0.0255724 0.013928 0.0143915 0.0163714 0.0136428 0.00727636 0.0100937 0.00865819 0.0268571 0.0101217 0.00713585 0.016945 0.0141137 0.0245756 0.00579351 0.0082889 0.00891337 0.0229334 0.0138834 0.0113207 0.0220187 0.0198276 0.00435402 0.0085745 0.0057661 0.0131881 0.0129537 0.022122 0.00722962 0.0142107 0.0130131 0.0100343 0.0145885 0.00869773 0.00431985 0.0178554 
Throughputs: 3.1785 3.06381 2.39206 3.73555 2.58867 3.85024 2.01523 4.04685 2.40845 3.35872 3.26042 2.03162 2.048 1.72032 3.35872 2.40845 2.91635 3.62086 2.57229 2.03162 3.01466 2.68698 3.86662 2.1463 1.86778 2.39206 2.4576 2.4576 3.12934 3.76832 3.35872 2.58867 3.09658 2.26099 3.03104 2.39206 3.76832 2.52314 3.70278 2.91635 
Utility: 5.29407 5.50015 5.22058 5.72809 4.61739 5.62199 4.94185 5.51016 5.17352 6.13468 5.7777 5.45808 4.33409 5.13559 6.15418 4.95676 5.33094 4.99272 6.09581 5.50167 5.82369 4.76358 5.62944 5.24487 4.44061 4.79283 6.33584 5.65815 6.29658 5.65507 5.55793 4.76233 6.05987 5.06957 5.4507 5.4739 5.55415 5.6702 6.75362 5.09578 

