--------------------------------------
Time: 5.50004
Split Ratios: 1 1 1 1 1 1 1 1 1 1 1 1 1 1 1 1 1 1 1 1 1 1 1 1 1 1 1 1 1 1 1 1 1 1 1 1 1 1 1 1 
Delays: 0.0144107 0.0102389 0.0102008 0.00863768 0.0118285 0.0124259 0.0130049 0.0154951 0.0150588 0.00573251 0.00728463 0.0106044 0.014507 0.0130703 0.00722867 0.010205 0.00872947 0.0107099 0.00575785 0.00868566 0.00880182 0.0102231 0.0102724 0.00729813 0.0119533 0.0144375 0.00445174 0.00723298 0.00571651 0.0101528 0.0115395 0.0115032 0.00578653 0.0100804 0.0132254 0.010341 0.0130341 0.00866124 0.00434764 0.0118621 
Throughputs: 2.62144 2.68698 2.50675 3.71917 2.67059 3.80109 2.048 3.35872 2.40845 3.48979 3.52256 2.01523 2.03162 1.75309 3.34234 2.29376 2.32653 3.52256 2.60506 1.86778 3.26042 2.16269 4.34176 2.1463 2.26099 2.58867 2.34291 2.70336 2.8672 3.76832 3.73555 2.19546 3.40787 1.98246 3.55533 2.47398 3.06381 2.67059 3.63725 2.8672 
Utility: 5.20351 5.56998 5.50428 6.06512 5.41954 5.72326 5.05929 5.37879 5.07477 6.41144 6.18118 5.24722 4.94195 4.89879 6.13637 5.41507 5.58543 5.79578 6.11465 5.37083 5.91465 5.35446 6.04657 5.68388 5.24255 5.18907 6.26585 5.9236 6.21773 5.91664 5.77988 5.25152 6.37831 5.2815 5.59406 5.47747 5.45984 5.7312 6.72935 5.48775 

--------------------------------------
Time: 6.00008
Split Ratios: 1 1 1 1 1 1 1 1 1 1 1 1 1 1 1 1 1 1 1 1 1 1 1 1 1 1 1 1 1 1 1 1 1 1 1 1 1 1 1 1 
Delays: 0.0144521 0.010174 0.0101429 0.00863279 0.0117046 0.0125368 0.0130034 0.015426 0.0150615 0.00573723 0.00728743 0.0108399 0.0144939 0.0130528 0.0072304 0.0101565 0.0087657 0.0108639 0.00573818 0.00870566 0.00889061 0.0101834 0.0102109 0.00728412 0.0119204 0.0143976 0.00438416 0.00723859 0.00572524 0.0101334 0.0115746 0.0115318 0.00579168 0.0100284 0.0132642 0.0102151 0.0131355 0.00861666 0.00429866 0.011893 
Throughputs: 2.88358 2.99827 2.01523 3.75194 2.85082 3.91578 2.4576 3.3751 2.5559 3.24403 3.14573 2.22822 2.5559 1.86778 3.63725 2.048 2.40845 3.91578 2.50675 1.96608 3.03104 2.44122 3.81747 2.37568 1.88416 2.67059 1.90054 1.99885 2.94912 3.50618 3.93216 1.83501 3.19488 2.17907 3.57171 2.32653 3.83386 2.73613 3.48979 2.78528 
Utility: 5.29595 5.68595 5.29171 6.07446 5.49538 5.7441 5.24173 5.38813 5.13402 6.3376 6.06765 5.32572 5.17243 4.9635 6.22069 5.3065 5.61589 5.88732 6.0796 5.41982 5.83167 5.4795 5.92389 5.78734 5.06299 5.22299 6.0719 5.6209 6.24438 5.84645 5.82813 5.0697 6.31288 5.38124 5.59573 5.42826 5.67631 5.7606 6.69929 5.45615 

--------------------------------------
Time: 6.50011
Split Ratios: 1 1 1 1 1 1 1 1 1 1 1 1 1 1 1 1 1 1 1 1 1 1 1 1 1 1 1 1 1 1 1 1 1 1 1 1 1 1 1 1 
Delays: 0.0144949 0.0101842 0.0101945 0.00865311 0.0118787 0.0127812 0.0129802 0.0157868 0.0153517 0.00571445 0.00730525 0.010868 0.0145208 0.0130112 0.00723771 0.0101966 0.00874993 0.0110859 0.00575728 0.00878988 0.00875637 0.0101962 0.0102211 0.00728084 0.0121524 0.0145031 0.00444556 0.00726956 0.00572037 0.0101475 0.0115549 0.0115484 0.00579706 0.0100743 0.0132047 0.01021 0.0131632 0.00862199 0.00430426 0.0119962 
Throughputs: 3.5881 2.75251 2.53952 3.48979 2.73613 4.16154 2.21184 4.04685 2.70336 3.22765 2.8672 1.93331 2.19546 1.80224 3.91578 2.24461 2.60506 3.44064 2.78528 2.42483 2.9655 2.22822 3.71917 2.06438 2.01523 2.81805 2.16269 2.16269 2.71974 3.62086 3.53894 2.29376 3.52256 2.24461 3.34234 2.47398 3.67002 2.8672 3.30957 2.75251 
Utility: 5.51158 5.59943 5.51789 5.99968 5.43955 5.78567 5.13815 5.54652 5.17103 6.33651 5.9725 5.18116 5.01856 4.93097 6.29346 5.39423 5.69616 5.73773 6.18164 5.61992 5.82502 5.38694 5.8968 5.64734 5.11097 5.26944 6.1872 5.69541 6.16426 5.87724 5.72447 5.2914 6.40959 5.4063 5.53385 5.49022 5.63053 5.80678 6.64497 5.43568 

--------------------------------------
Time: 7.00031
Split Ratios: 1 1 1 1 1 1 1 1 1 1 1 1 1 1 1 1 1 1 1 1 1 1 1 1 1 1 1 1 1 1 1 1 1 1 1 1 1 1 1 1 
Delays: 0.0144746 0.0102119 0.0101243 0.00861359 0.0118773 0.0125247 0.0130713 0.015487 0.0150264 0.00572081 0.00732758 0.0106798 0.0144844 0.0130011 0.00720949 0.0101826 0.0088351 0.0107812 0.00575344 0.0087429 0.00891005 0.0101996 0.0102153 0.00725807 0.0120302 0.0144459 0.00442456 0.00724643 0.00574028 0.0100996 0.0116113 0.0115157 0.0057932 0.0100643 0.0131753 0.0102462 0.0130749 0.00862919 0.0043153 0.0118827 
Throughputs: 2.99827 2.5559 2.7689 3.53894 3.1785 3.94854 2.29376 3.48979 2.32653 3.32595 3.5881 2.21184 2.19546 1.88416 3.76832 2.44122 2.47398 3.55533 2.65421 2.06438 3.39149 2.57229 3.86662 2.24461 2.048 2.68698 1.86778 2.34291 3.09658 3.55533 3.55533 2.32653 3.3751 2.1463 3.32595 2.17907 3.73555 2.88358 3.5881 3.09658 
Utility: 5.3334 5.52261 5.61127 6.01824 5.58953 5.7534 5.16753 5.4176 5.04233 6.3654 6.19373 5.33323 5.02107 4.9762 6.25899 5.47957 5.63485 5.7984 6.1341 5.46435 5.94184 5.5302 5.93625 5.73417 5.1372 5.22576 6.04533 5.77864 6.29054 5.8637 5.72423 5.30842 6.3675 5.36251 5.53117 5.35975 5.65496 5.81164 6.72321 5.56297 

--------------------------------------
Time: 7.50036
Split Ratios: 1 1 1 1 1 1 1 1 1 1 1 1 1 1 1 1 1 1 1 1 1 1 1 1 1 1 1 1 1 1 1 1 1 1 1 1 1 1 1 1 
Delays: 0.014424 0.0102092 0.0101678 0.00864802 0.0118873 0.0123527 0.0130352 0.0153419 0.0149192 0.00571812 0.00734871 0.0105596 0.0144725 0.0130309 0.00722805 0.0101255 0.00878336 0.0106491 0.00574061 0.00869821 0.0088191 0.0101912 0.0103312 0.00735958 0.011966 0.0144249 0.00438676 0.00724284 0.00572309 0.0100992 0.0115813 0.0115344 0.00578089 0.0100199 0.0131985 0.0102412 0.0131128 0.00860051 0.00432774 0.0118657 
Throughputs: 2.75251 2.31014 2.29376 3.89939 2.99827 3.76832 2.31014 3.7847 2.47398 3.26042 3.26042 1.99885 2.42483 1.62202 3.32595 2.24461 2.60506 3.3751 2.31014 1.70394 2.9655 2.67059 4.53837 2.39206 1.98246 2.34291 2.12992 2.60506 3.09658 3.44064 3.88301 1.99885 3.42426 1.76947 3.04742 2.32653 3.32595 3.01466 3.67002 2.65421 
Utility: 5.25137 5.42178 5.41872 6.11125 5.53032 5.72051 5.17741 5.50814 5.11094 6.34597 6.09509 5.24329 5.12127 4.82411 6.13154 5.40123 5.69235 5.75871 5.9975 5.27758 5.81788 5.56853 6.08515 5.78391 5.11003 5.0902 6.18525 5.8852 6.29354 5.83096 5.81497 5.15499 6.38408 5.17387 5.44195 5.42572 5.53592 5.85942 6.74291 5.41025 

--------------------------------------
Time: 8.00038
Split Ratios: 1 1 1 1 1 1 1 1 1 1 1 1 1 1 1 1 1 1 1 1 1 1 1 1 1 1 1 1 1 1 1 1 1 1 1 1 1 1 1 1 
Delays: 0.0144134 0.0102297 0.0102324 0.00863786 0.0118494 0.0128232 0.0129931 0.0157985 0.0152799 0.00572522 0.00727289 0.0107789 0.0145595 0.0130783 0.00721013 0.0101509 0.00878432 0.0112017 0.00576746 0.00870871 0.00887989 0.0102436 0.0102727 0.00729105 0.0119157 0.0144621 0.00440679 0.00726217 0.00571474 0.010117 0.0115301 0.0115558 0.00579099 0.0100981 0.0132079 0.0102107 0.0130994 0.00866043 0.00430939 0.0120694 
Throughputs: 2.8672 2.75251 2.21184 4.32538 2.80166 3.94854 2.048 4.35814 2.34291 3.11296 3.08019 2.08077 2.1463 2.29376 3.50618 2.58867 2.81805 3.40787 2.83443 2.06438 3.30957 2.50675 3.81747 2.12992 1.98246 2.58867 2.01523 2.62144 2.83443 3.94854 3.42426 1.78586 3.2768 2.3593 3.35872 2.29376 4.14515 3.04742 3.3751 3.1785 
Utility: 5.29293 5.59497 5.37602 6.2161 5.46569 5.72984 5.0602 5.61988 5.03261 6.29845 6.04859 5.2629 4.99326 5.167 6.18679 5.54133 5.77083 5.71778 6.19736 5.46826 5.92078 5.50009 5.91785 5.67719 5.11424 5.18737 6.12534 5.8888 6.20655 5.96689 5.69368 5.04047 6.33832 5.45378 5.5385 5.41451 5.75713 5.86329 6.66339 5.57349 

--------------------------------------
Time: 8.50046
Split Ratios: 1 1 1 1 1 1 1 1 1 1 1 1 1 1 1 1 1 1 1 1 1 1 1 1 1 1 1 1 1 1 1 1 1 1 1 1 1 1 1 1 
Delays: 0.0144594 0.0102573 0.0101716 0.00863433 0.011798 0.0128576 0.0130221 0.0157468 0.0154522 0.00571835 0.00730498 0.0112155 0.0145923 0.0130771 0.00719979 0.0101754 0.00878664 0.0112274 0.00576584 0.00872718 0.00886714 0.010183 0.0102464 0.00727927 0.0118671 0.014489 0.00440714 0.00720832 0.00571593 0.0101255 0.0115496 0.0115432 0.00577099 0.0100547 0.0132564 0.0103455 0.0131437 0.00860122 0.0042985 0.0119197 
Throughputs: 2.88358 2.65421 2.42483 3.89939 2.83443 3.9977 2.5559 4.01408 2.67059 2.9655 2.89997 2.39206 2.4576 1.78586 3.40787 2.29376 2.39206 3.7847 2.44122 2.21184 2.7689 2.31014 3.57171 2.40845 2.29376 2.49037 2.048 2.32653 2.9655 3.40787 3.21126 2.60506 3.32595 2.31014 3.48979 2.47398 3.67002 2.5559 3.6864 2.53952 
Utility: 5.29545 5.55591 5.47391 6.11283 5.48167 5.73954 5.27951 5.54093 5.1523 6.25112 5.9839 5.36262 5.12645 4.91679 6.15979 5.41797 5.60668 5.82037 6.0483 5.53514 5.74385 5.42435 5.85387 5.80171 5.26418 5.1468 6.14139 5.7769 6.25155 5.81878 5.62776 5.41911 6.35667 5.43703 5.57311 5.47703 5.63201 5.69426 6.75414 5.36154 

--------------------------------------
Time: 9.00048
Split Ratios: 1 1 1 1 1 1 1 1 1 1 1 1 1 1 1 1 1 1 1 1 1 1 1 1 1 1 1 1 1 1 1 1 1 1 1 1 1 1 1 1 
Delays: 0.0144164 0.0101944 0.0101971 0.00863631 0.0118685 0.0124515 0.0129767 0.0153897 0.0149416 0.00572966 0.00728842 0.0105711 0.0146126 0.0130431 0.00722674 0.0101712 0.00876704 0.0106143 0.00575159 0.00871976 0.00884086 0.0101952 0.010271 0.00728431 0.0120317 0.014483 0.00442823 0.00722526 0.00572844 0.0101413 0.0115474 0.0114988 0.00580235 0.0100781 0.013277 0.0102738 0.013177 0.00861885 0.00431836 0.0119339 
Throughputs: 2.81805 2.67059 2.78528 3.50618 2.83443 3.98131 2.5559 3.7847 2.60506 3.26042 3.50618 2.1463 2.048 1.86778 3.67002 2.27738 2.08077 3.40787 2.24461 2.06438 3.21126 2.88358 4.04685 2.24461 2.24461 2.75251 2.40845 2.50675 3.04742 3.29318 3.44064 1.93331 3.52256 2.24461 3.35872 2.44122 3.83386 2.58867 3.81747 2.91635 
Utility: 5.27543 5.56822 5.61 6.00631 5.47571 5.76752 5.28301 5.50502 5.16106 6.34395 6.17599 5.31338 4.94274 4.96424 6.23016 5.41122 5.46949 5.77164 5.96681 5.467 5.89504 5.64487 5.97636 5.73056 5.22874 5.24729 6.29874 5.84916 6.27661 5.78299 5.69695 5.12474 6.40868 5.40592 5.53328 5.47065 5.67315 5.70495 6.78447 5.4987 

--------------------------------------
Time: 9.50048
Split Ratios: 1 1 1 1 1 1 1 1 1 1 1 1 1 1 1 1 1 1 1 1 1 1 1 1 1 1 1 1 1 1 1 1 1 1 1 1 1 1 1 1 
Delays: 0.0143894 0.0102306 0.0102036 0.00865688 0.0118836 0.0125707 0.01306 0.0156399 0.0151052 0.00572089 0.00735086 0.0107968 0.0144622 0.013007 0.00723078 0.0101145 0.00876827 0.0107856 0.00575139 0.00871767 0.00885876 0.0102272 0.0102216 0.00729227 0.0119335 0.0144102 0.00444454 0.00724698 0.00574568 0.0101553 0.0115842 0.0115327 0.00576616 0.010074 0.0131675 0.0102517 0.0130887 0.00863644 0.00431174 0.0119513 
Throughputs: 2.80166 2.29376 2.24461 3.9977 3.16211 3.81747 2.34291 3.73555 2.81805 3.08019 3.55533 2.29376 2.4576 1.83501 3.89939 2.11354 2.60506 3.55533 2.57229 2.21184 3.42426 2.27738 4.07962 1.75309 1.85139 2.22822 2.27738 2.52314 3.34234 3.5881 3.62086 2.09715 3.11296 2.22822 3.21126 2.08077 3.73555 2.78528 3.7847 2.7689 
Utility: 5.27148 5.41257 5.39355 6.13512 5.58384 5.71598 5.18959 5.47582 5.22876 6.28862 6.18138 5.3587 5.1354 4.94931 6.29023 5.34215 5.69407 5.79799 6.10311 5.53623 5.95723 5.40573 5.98925 5.48232 5.04434 5.04103 6.2391 5.85267 6.36598 5.86738 5.74483 5.20315 6.29132 5.399 5.49667 5.31305 5.6539 5.77611 6.77738 5.44536 

--------------------------------------
Time: 10.0005
Split Ratios: 1 1 1 1 1 1 1 1 1 1 1 1 1 1 1 1 1 1 1 1 1 1 1 1 1 1 1 1 1 1 1 1 1 1 1 1 1 1 1 1 
Delays: 0.0144446 0.0101894 0.010156 0.00863813 0.0117638 0.0126393 0.0129899 0.0154614 0.0150854 0.0057307 0.00728368 0.0106783 0.0144811 0.0130475 0.00720306 0.0101357 0.00886234 0.0107674 0.0057598 0.00875426 0.00878607 0.0101737 0.0102365 0.00728495 0.0119424 0.0144164 0.00446927 0.00722283 0.00574094 0.0101352 0.0115583 0.0114942 0.00575184 0.010079 0.0132004 0.0102872 0.0130571 0.00864934 0.00429709 0.0118814 
Throughputs: 3.30957 2.5559 2.29376 3.76832 2.68698 3.93216 2.37568 3.80109 2.39206 3.26042 3.3751 2.06438 2.31014 1.80224 3.50618 2.24461 2.42483 3.30957 2.57229 2.06438 2.93274 2.16269 3.86662 2.09715 2.08077 2.31014 2.21184 2.58867 3.35872 3.62086 3.52256 2.1463 3.22765 1.96608 2.99827 2.62144 3.50618 2.60506 3.75194 2.67059 
Utility: 5.43425 5.52481 5.41988 6.0782 5.43115 5.74013 5.20886 5.5047 5.06618 6.34377 6.13854 5.26437 5.07222 4.92819 6.18777 5.40022 5.61171 5.72805 6.10165 5.46305 5.81052 5.3593 5.93418 5.66252 5.16039 5.0767 6.20436 5.88165 6.37169 5.87845 5.71954 5.22966 6.32999 5.27334 5.42554 5.54058 5.59295 5.70773 6.77209 5.41508 

--------------------------------------
Time: 10.5008
Split Ratios: 1 1 1 1 1 1 1 1 1 1 1 1 1 1 1 1 1 1 1 1 1 1 1 1 1 1 1 1 1 1 1 1 1 1 1 1 1 1 1 1 
Delays: 0.014489 0.0102312 0.0101622 0.00862017 0.0118854 0.012623 0.0130152 0.0156003 0.0151415 0.00572116 0.00730003 0.0106935 0.0145484 0.0130037 0.00723111 0.0101699 0.00879234 0.0106672 0.00574106 0.00872831 0.0088433 0.0102274 0.0101645 0.0073186 0.0123416 0.0144598 0.00441098 0.00727386 0.00572653 0.0101281 0.0115761 0.0115162 0.00577781 0.0100489 0.0132126 0.0102776 0.0131286 0.00864799 0.00431565 0.0121873 
Throughputs: 2.9655 2.5559 2.26099 4.1943 2.88358 3.91578 2.39206 4.39091 2.73613 3.29318 3.19488 2.1463 2.21184 2.048 3.40787 2.39206 2.62144 3.12934 2.42483 2.17907 2.85082 2.40845 3.52256 2.31014 2.09715 2.1463 2.11354 2.63782 2.8672 3.44064 4.32538 1.99885 3.11296 2.17907 3.03104 2.44122 4.03046 2.68698 3.5881 3.19488 
Utility: 5.32141 5.52072 5.40488 6.18738 5.49148 5.73725 5.2138 5.64 5.19686 6.35544 6.08143 5.30186 5.0241 5.05938 6.15545 5.46048 5.6976 5.6814 6.04587 5.52008 5.7757 5.46167 5.84805 5.75465 5.13536 5.00013 6.17202 5.89342 6.21598 5.8281 5.92331 5.15657 6.2893 5.37919 5.43549 5.47028 5.72684 5.73884 6.72313 5.56891 

--------------------------------------
Time: 11.0009
Split Ratios: 1 1 1 1 1 1 1 1 1 1 1 1 1 1 1 1 1 1 1 1 1 1 1 1 1 1 1 1 1 1 1 1 1 1 1 1 1 1 1 1 
Delays: 0.0144942 0.0101893 0.0101705 0.00862618 0.0118225 0.0124475 0.0129843 0.0153175 0.0149119 0.0057483 0.00726239 0.0105457 0.0145102 0.0131004 0.0071955 0.0101378 0.00879534 0.0106481 0.00576349 0.00870995 0.00886834 0.0102079 0.0102422 0.00721457 0.0119247 0.0144257 0.0044717 0.00724477 0.00572961 0.0101692 0.0115875 0.0115026 0.00578931 0.0100625 0.0132063 0.0102642 0.0131104 0.0086409 0.00431082 0.0119879 
Throughputs: 2.5559 2.80166 2.11354 3.7847 2.42483 3.86662 2.37568 3.76832 2.65421 3.45702 3.09658 1.83501 2.32653 1.9497 3.63725 2.01523 2.62144 3.21126 2.60506 2.32653 2.73613 2.26099 3.76832 2.03162 2.32653 2.73613 2.34291 2.8672 3.04742 3.35872 3.50618 2.53952 3.57171 2.24461 3.52256 2.27738 3.5881 2.53952 3.86662 2.71974 
Utility: 5.17241 5.61663 5.33662 6.08392 5.32351 5.73862 5.20929 5.50539 5.18174 6.39926 6.05534 5.15908 5.07728 5.00278 6.22553 5.29222 5.69726 5.70904 6.11367 5.58767 5.73181 5.4004 5.90786 5.64048 5.27352 5.24529 6.26138 5.98081 6.2764 5.79995 5.71236 5.39716 6.42479 5.40747 5.58625 5.40212 5.61197 5.68322 6.79901 5.42439 

--------------------------------------
Time: 11.5009
Split Ratios: 1 1 1 1 1 1 1 1 1 1 1 1 1 1 1 1 1 1 1 1 1 1 1 1 1 1 1 1 1 1 1 1 1 1 1 1 1 1 1 1 
Delays: 0.014524 0.0101609 0.0101564 0.00865604 0.0118021 0.0125496 0.0129754 0.0155896 0.0149388 0.00573811 0.00727309 0.0108023 0.0145507 0.0130303 0.00721497 0.0101656 0.00877678 0.0108012 0.00577898 0.00870749 0.00882737 0.0101865 0.010292 0.00727833 0.0122302 0.0144345 0.0044338 0.00725905 0.00570676 0.0101272 0.0115424 0.0115166 0.0057767 0.0100483 0.01318 0.0102456 0.0130638 0.0086664 0.00430049 0.0120842 
Throughputs: 3.11296 2.75251 2.4576 3.57171 3.08019 3.9977 2.39206 3.85024 2.42483 3.30957 3.16211 2.11354 2.60506 1.96608 3.50618 2.11354 2.50675 3.73555 2.58867 2.17907 2.88358 2.47398 3.80109 2.12992 2.06438 2.26099 2.22822 2.65421 2.78528 3.75194 3.35872 1.99885 3.22765 2.32653 3.08019 2.1463 4.01408 2.91635 3.29318 2.99827 
Utility: 5.36753 5.60172 5.48884 6.02254 5.56447 5.76378 5.21686 5.50928 5.08955 6.35744 6.07481 5.27636 5.18757 5.01652 6.18612 5.3371 5.65463 5.84599 6.10467 5.52247 5.78893 5.49252 5.91168 5.67894 5.12868 5.05394 6.2197 5.90165 6.19045 5.9148 5.67329 5.15653 6.32568 5.44473 5.45405 5.34466 5.72772 5.81864 6.64088 5.51389 

--------------------------------------
Time: 12.001
Split Ratios: 1 1 1 1 1 1 1 1 1 1 1 1 1 1 1 1 1 1 1 1 1 1 1 1 1 1 1 1 1 1 1 1 1 1 1 1 1 1 1 1 
Delays: 0.0144712 0.0102874 0.0102044 0.00863386 0.0118606 0.0125434 0.0129944 0.0155977 0.0150065 0.00571892 0.00731097 0.0107141 0.0145131 0.0130502 0.00718092 0.0101547 0.00875382 0.0107648 0.00573098 0.00871364 0.00877824 0.0101531 0.0102543 0.00731651 0.0119932 0.0144666 0.0044496 0.00722175 0.00572667 0.0101196 0.0115514 0.0115434 0.00579286 0.0100813 0.0132491 0.0102825 0.0131573 0.00862241 0.00433429 0.0119728 
Throughputs: 2.75251 3.06381 2.32653 4.07962 2.94912 4.06323 2.12992 3.88301 2.47398 3.01466 3.03104 2.1463 2.048 1.98246 3.26042 2.37568 2.71974 3.21126 2.60506 1.86778 2.78528 2.58867 3.94854 2.34291 2.26099 2.40845 2.24461 2.29376 3.29318 3.63725 3.55533 2.34291 3.04742 2.1463 3.48979 2.68698 3.86662 3.06381 3.53894 3.21126 
Utility: 5.24811 5.6965 5.42931 6.15807 5.51604 5.78054 5.09932 5.51724 5.1051 6.26746 6.02729 5.29994 4.94957 5.02329 6.11818 5.4551 5.7388 5.69814 6.11932 5.36761 5.75983 5.54112 5.9534 5.76902 5.23922 5.11489 6.22347 5.76085 6.35448 5.88451 5.7294 5.31303 6.26543 5.36082 5.57367 5.56572 5.68316 5.87305 6.70503 5.59178 

--------------------------------------
Time: 12.5013
Split Ratios: 1 1 1 1 1 1 1 1 1 1 1 1 1 1 1 1 1 1 1 1 1 1 1 1 1 1 1 1 1 1 1 1 1 1 1 1 1 1 1 1 
Delays: 0.0144033 0.0102137 0.0101189 0.00864758 0.0118675 0.0126226 0.0130703 0.0155131 0.0151541 0.00571842 0.0072705 0.0106902 0.0145651 0.0131326 0.00725299 0.0101728 0.0088066 0.0107364 0.00576497 0.00871864 0.00883807 0.0101749 0.0102746 0.007308 0.0119956 0.0145205 0.00442344 0.00725338 0.00573037 0.0101102 0.0115386 0.011511 0.00575946 0.010071 0.0132007 0.0102829 0.0131092 0.00862281 0.00431314 0.0119793 
Throughputs: 3.06381 2.67059 2.34291 3.81747 2.91635 3.91578 2.49037 3.53894 2.21184 3.22765 3.04742 2.24461 2.22822 1.75309 3.91578 2.31014 2.58867 3.50618 2.7689 2.27738 3.06381 1.90054 3.9977 2.24461 2.32653 2.22822 2.3593 2.4576 3.08019 3.45702 3.71917 2.57229 3.1785 2.44122 3.08019 2.12992 4.01408 2.67059 3.88301 2.81805 
Utility: 5.35996 5.56633 5.44474 6.09006 5.50429 5.73728 5.24984 5.4299 4.98331 6.33582 6.03823 5.34696 5.03033 4.89403 6.29136 5.42535 5.6834 5.78864 6.1744 5.56532 5.84835 5.22998 5.9638 5.72732 5.26759 5.0334 6.2792 5.82547 6.28697 5.83462 5.77555 5.40925 6.31332 5.49059 5.45248 5.33336 5.72425 5.73564 6.8027 5.46062 

--------------------------------------
Time: 13.0013
Split Ratios: 1 1 1 1 1 1 1 1 1 1 1 1 1 1 1 1 1 1 1 1 1 1 1 1 1 1 1 1 1 1 1 1 1 1 1 1 1 1 1 1 
Delays: 0.0144342 0.0102457 0.0102187 0.00861176 0.011968 0.0132177 0.0129399 0.0159966 0.015458 0.00572847 0.00732008 0.011069 0.014478 0.0130285 0.00722937 0.0102012 0.00875571 0.0115104 0.00575221 0.0087532 0.00881874 0.0102161 0.0102048 0.00730671 0.0120972 0.0144164 0.00450036 0.00722641 0.00571953 0.0101164 0.0115162 0.0115417 0.00578585 0.0100934 0.0131842 0.0102741 0.0131313 0.00862029 0.00430737 0.0121144 
Throughputs: 2.85082 2.37568 2.21184 4.16154 3.2768 3.83386 2.1463 3.70278 2.7689 3.29318 3.11296 2.26099 2.49037 2.048 3.62086 2.53952 2.4576 3.35872 2.47398 2.16269 3.29318 2.60506 3.89939 2.21184 2.31014 2.40845 2.12992 2.42483 2.62144 3.24403 3.45702 1.83501 2.9655 2.22822 3.39149 2.26099 3.71917 2.67059 3.70278 3.03104 
Utility: 5.28576 5.44618 5.37736 6.18051 5.61238 5.67007 5.11118 5.44446 5.18808 6.35416 6.05271 5.31941 5.14756 5.05748 6.21632 5.51723 5.63724 5.67606 6.064 5.50969 5.92273 5.54125 5.94572 5.71279 5.25209 5.11837 6.15968 5.81577 6.12759 5.77041 5.70441 5.06884 6.23939 5.39708 5.55 5.39394 5.64626 5.73594 6.75651 5.52227 

--------------------------------------
Time: 13.5014
Split Ratios: 1 1 1 1 1 1 1 1 1 1 1 1 1 1 1 1 1 1 1 1 1 1 1 1 1 1 1 1 1 1 1 1 1 1 1 1 1 1 1 1 
Delays: 0.0144261 0.0102583 0.0101508 0.00862784 0.0119788 0.0122743 0.0129581 0.0152183 0.0149095 0.00572938 0.00724986 0.010681 0.0145195 0.0131055 0.00725153 0.0101615 0.00876033 0.0106567 0.00576278 0.00871739 0.00884902 0.0102382 0.01023 0.00731942 0.0121822 0.0144233 0.0045044 0.00728196 0.00571425 0.0101968 0.011557 0.0115511 0.00577406 0.0101146 0.0132086 0.0103222 0.0131426 0.00863283 0.00431109 0.011893 
Throughputs: 2.67059 2.81805 2.09715 3.6864 3.26042 3.85024 2.44122 3.80109 2.68698 3.60448 3.14573 1.88416 2.21184 1.91693 4.03046 2.12992 2.5559 3.42426 2.57229 2.21184 3.22765 2.37568 3.91578 2.12992 2.08077 2.3593 2.31014 2.70336 3.14573 3.81747 3.80109 2.26099 3.63725 2.37568 3.44064 2.32653 4.1943 2.75251 3.65363 2.65421 
Utility: 5.22102 5.61571 5.33078 6.05741 5.60647 5.74838 5.23853 5.52054 5.19418 6.44433 6.07282 5.17277 5.02609 4.98544 6.32042 5.34524 5.67593 5.77245 6.10113 5.53626 5.8992 5.44691 5.94744 5.67331 5.14052 5.09727 6.24001 5.91685 6.31084 5.92527 5.79575 5.27678 6.44561 5.45906 5.56254 5.41784 5.76563 5.7647 6.74229 5.40795 

--------------------------------------
Time: 14.0015
Split Ratios: 1 1 1 1 1 1 1 1 1 1 1 1 1 1 1 1 1 1 1 1 1 1 1 1 1 1 1 1 1 1 1 1 1 1 1 1 1 1 1 1 
Delays: 0.0145382 0.0102 0.0102167 0.00863975 0.011782 0.012592 0.0130117 0.0153904 0.0149899 0.00572748 0.00730157 0.0105947 0.0145228 0.0130718 0.00722119 0.0102103 0.00883692 0.0107529 0.00576469 0.0086835 0.00885646 0.0102942 0.0102717 0.00728355 0.0119302 0.0144462 0.00440537 0.00727966 0.00572621 0.0101383 0.011554 0.0115395 0.00579291 0.0100621 0.0131852 0.0102996 0.0130544 0.0086343 0.00431498 0.0118566 
Throughputs: 2.63782 2.80166 2.50675 3.89939 2.67059 3.55533 2.32653 3.71917 2.83443 3.52256 3.1785 2.3593 2.5559 2.09715 3.57171 2.12992 2.57229 3.21126 2.78528 1.88416 3.14573 2.73613 3.57171 2.21184 2.01523 2.70336 2.24461 2.62144 3.21126 3.30957 3.09658 2.22822 3.63725 2.01523 3.04742 2.4576 3.47341 3.2768 4.04685 2.60506 
Utility: 5.20093 5.61559 5.50272 6.1122 5.42348 5.64314 5.18628 5.48751 5.24222 6.42167 6.07607 5.40576 5.17044 5.07788 6.20378 5.34044 5.67361 5.69924 6.18035 5.37981 5.87265 5.58272 5.85141 5.71596 5.12942 5.23182 6.23346 5.8864 6.32937 5.78825 5.59102 5.26319 6.44235 5.29972 5.44295 5.47484 5.58376 5.93888 6.8436 5.39232 

--------------------------------------
Time: 14.5015
Split Ratios: 1 1 1 1 1 1 1 1 1 1 1 1 1 1 1 1 1 1 1 1 1 1 1 1 1 1 1 1 1 1 1 1 1 1 1 1 1 1 1 1 
Delays: 0.0143965 0.0102288 0.0101738 0.00865235 0.011823 0.0123755 0.013032 0.0152686 0.0149411 0.00572703 0.0073146 0.0106191 0.014522 0.0130583 0.00723919 0.0101016 0.00882036 0.010617 0.00573199 0.00874829 0.00883554 0.0101795 0.0102225 0.00728137 0.0119073 0.0144471 0.00439003 0.00726878 0.00571979 0.0101621 0.0115929 0.0115639 0.00576612 0.0100702 0.0132516 0.0102604 0.0131065 0.00867565 0.0043138 0.0118601 
Throughputs: 2.91635 2.50675 2.4576 4.16154 2.94912 4.03046 2.7689 3.48979 2.50675 3.5881 3.39149 2.21184 2.63782 1.78586 3.67002 2.09715 2.42483 3.24403 2.85082 2.49037 3.11296 2.42483 3.48979 2.048 2.40845 2.49037 1.9497 2.58867 2.4576 3.62086 3.6864 2.31014 3.14573 2.11354 3.11296 2.47398 3.57171 3.01466 3.50618 2.4576 
Utility: 5.3111 5.50154 5.48712 6.17581 5.51922 5.78592 5.3588 5.4318 5.12263 6.44018 6.13915 5.33892 5.20205 4.91823 6.22844 5.33564 5.61645 5.72212 6.2093 5.65133 5.86455 5.47315 5.83301 5.6393 5.30959 5.14969 6.09609 5.87531 6.06301 5.8758 5.76201 5.29718 6.3018 5.34654 5.45921 5.48529 5.60769 5.85072 6.70046 5.33376 

--------------------------------------
Time: 15.0016
Split Ratios: 1 1 1 1 1 1 1 1 1 1 1 1 1 1 1 1 1 1 1 1 1 1 1 1 1 1 1 1 1 1 1 1 1 1 1 1 1 1 1 1 
Delays: 0.0144423 0.0102212 0.0101773 0.00863237 0.0117503 0.0128288 0.0130291 0.0157609 0.0153692 0.00573235 0.00730003 0.0110009 0.0144768 0.0129667 0.00720538 0.0102054 0.00877746 0.010915 0.00576467 0.00874486 0.00886759 0.0102898 0.0102543 0.00729576 0.0120271 0.0144239 0.00441217 0.007223 0.00571163 0.0101604 0.0115247 0.0115135 0.00577671 0.0100646 0.0132459 0.0103337 0.0130856 0.00862949 0.00432682 0.0120359 
Throughputs: 2.99827 2.60506 2.75251 3.71917 2.85082 4.12877 2.29376 3.6864 2.68698 3.63725 3.21126 1.98246 2.06438 1.96608 3.34234 2.11354 2.53952 3.44064 2.70336 2.11354 2.85082 2.70336 3.45702 2.12992 1.99885 2.27738 2.26099 2.3593 2.7689 3.73555 3.73555 2.19546 3.22765 2.3593 3.21126 2.17907 4.01408 3.04742 3.52256 3.04742 
Utility: 5.33563 5.54074 5.60011 6.06574 5.49148 5.77404 5.17076 5.45487 5.16381 6.45286 6.08654 5.19412 4.96004 5.02141 6.1396 5.3332 5.66754 5.75327 6.1505 5.48765 5.77296 5.5711 5.82046 5.67655 5.11316 5.0619 6.23919 5.78885 6.1837 5.90715 5.78116 5.25062 6.32568 5.4571 5.49073 5.35125 5.72605 5.86687 6.70211 5.53416 

--------------------------------------
Time: 15.5016
Split Ratios: 1 1 1 1 1 1 1 1 1 1 1 1 1 1 1 1 1 1 1 1 1 1 1 1 1 1 1 1 1 1 1 1 1 1 1 1 1 1 1 1 
Delays: 0.0144874 0.010156 0.0102239 0.00862942 0.0118513 0.0124521 0.0130564 0.0154129 0.014881 0.00573492 0.00737886 0.010677 0.0144496 0.0130977 0.00720519 0.0102426 0.00884969 0.010764 0.00575013 0.00872313 0.00890157 0.0102413 0.0102119 0.00729427 0.0120041 0.014451 0.00443905 0.00722781 0.00570741 0.0101651 0.0115446 0.0114573 0.00576263 0.0100395 0.0132719 0.010292 0.0130667 0.00862305 0.00431775 0.0118762 
Throughputs: 2.9655 2.68698 2.40845 3.65363 2.99827 3.89939 2.29376 3.85024 2.39206 3.26042 3.3751 2.26099 2.32653 1.88416 3.63725 2.12992 2.3593 3.48979 2.39206 2.21184 3.24403 2.75251 3.88301 2.34291 2.47398 2.42483 2.47398 2.58867 2.9655 3.67002 3.45702 1.98246 3.21126 2.06438 3.14573 2.58867 3.44064 2.68698 3.47341 2.67059 
Utility: 5.32152 5.57811 5.46201 6.0483 5.53335 5.74669 5.16867 5.52069 5.07983 6.34304 6.12556 5.35546 5.08146 4.9688 6.22418 5.33728 5.58574 5.78139 6.03069 5.5356 5.89834 5.59384 5.94081 5.77206 5.32833 5.12275 6.32315 5.88096 6.25304 5.88899 5.70194 5.15347 6.32303 5.32606 5.46815 5.52754 5.57334 5.74173 6.69016 5.41552 

--------------------------------------
Time: 16.0017
Split Ratios: 1 1 1 1 1 1 1 1 1 1 1 1 1 1 1 1 1 1 1 1 1 1 1 1 1 1 1 1 1 1 1 1 1 1 1 1 1 1 1 1 
Delays: 0.014441 0.0102009 0.0101771 0.00867174 0.0117562 0.0126161 0.0130064 0.0155051 0.0149139 0.00572293 0.00733552 0.0106838 0.0145212 0.0129964 0.00722397 0.01019 0.00878846 0.0106866 0.00572973 0.00876289 0.00880285 0.010167 0.0102511 0.00727033 0.0121256 0.0143811 0.00447818 0.0072265 0.00575182 0.0101347 0.0115313 0.0115124 0.00579945 0.0100661 0.0131439 0.0102671 0.0131385 0.00862745 0.004291 0.011984 
Throughputs: 2.65421 2.88358 2.29376 3.76832 2.83443 3.89939 1.90054 3.67002 2.39206 2.85082 3.06381 2.24461 2.44122 1.88416 3.63725 2.048 2.42483 3.39149 2.44122 2.4576 3.3751 2.47398 4.04685 1.96608 1.9497 2.24461 2.19546 2.53952 3.26042 3.60448 3.52256 2.08077 3.67002 2.32653 3.06381 2.63782 4.04685 2.70336 3.45702 2.9655 
Utility: 5.21383 5.64431 5.41781 6.07431 5.48522 5.7336 4.98446 5.46679 5.07762 6.21088 6.03469 5.34756 5.12464 4.97657 6.22158 5.30321 5.62008 5.76003 6.05458 5.63642 5.94911 5.49444 5.97831 5.6 5.08011 5.05037 6.19493 5.86198 6.34009 5.87397 5.72187 5.19707 6.45019 5.44295 5.45145 5.54877 5.73015 5.7473 6.69164 5.51123 

--------------------------------------
Time: 16.5017
Split Ratios: 1 1 1 1 1 1 1 1 1 1 1 1 1 1 1 1 1 1 1 1 1 1 1 1 1 1 1 1 1 1 1 1 1 1 1 1 1 1 1 1 
Delays: 0.0144261 0.0102247 0.0102048 0.00863405 0.0117217 0.0123841 0.0129677 0.0153658 0.0151803 0.00571943 0.00726911 0.0108509 0.014494 0.0130739 0.00722174 0.0101422 0.00883205 0.0107096 0.00573924 0.00872865 0.00885095 0.0102246 0.0102301 0.00731491 0.0118967 0.0144413 0.00438855 0.00725681 0.00574693 0.0101145 0.0115503 0.0114816 0.0058129 0.0100703 0.0132589 0.0102416 0.0131041 0.00865622 0.00431375 0.0118663 
Throughputs: 2.88358 2.70336 2.09715 4.12877 2.88358 3.63725 2.57229 3.52256 2.26099 3.09658 3.48979 2.16269 2.4576 1.93331 3.70278 2.09715 2.53952 3.47341 2.5559 1.98246 2.93274 2.37568 3.85024 1.90054 2.08077 2.31014 1.93331 2.67059 2.98189 3.40787 3.50618 2.22822 3.22765 2.26099 3.88301 2.1463 3.76832 2.4576 3.6864 3.03104 
Utility: 5.29775 5.57744 5.32548 6.17002 5.50535 5.68257 5.29009 5.4348 5.00356 6.29418 6.17396 5.29486 5.1332 4.99637 6.23974 5.33163 5.66134 5.78175 6.09883 5.42548 5.80317 5.44824 5.93056 5.55998 5.16423 5.07497 6.08799 5.90811 6.25165 5.81987 5.71557 5.26822 6.31943 5.41397 5.6797 5.34504 5.66146 5.64866 6.7506 5.54296 

--------------------------------------
Time: 17.0017
Split Ratios: 1 1 1 1 1 1 1 1 1 1 1 1 1 1 1 1 1 1 1 1 1 1 1 1 1 1 1 1 1 1 1 1 1 1 1 1 1 1 1 1 
Delays: 0.0144471 0.0101278 0.0101891 0.00862982 0.0118549 0.0124993 0.0130039 0.0153758 0.0149987 0.00572835 0.00732122 0.0106713 0.0145633 0.0130073 0.00724406 0.0101722 0.00876666 0.0106815 0.00575874 0.00878381 0.00883045 0.0101799 0.0103047 0.00729939 0.0119859 0.01443 0.00444095 0.007208 0.00571293 0.0101298 0.0115695 0.0115415 0.00582672 0.0100774 0.0132544 0.0101934 0.0132272 0.00862299 0.00431216 0.0118844 
Throughputs: 3.01466 2.3593 2.68698 3.94854 2.93274 3.89939 2.57229 3.86662 2.34291 3.47341 3.35872 2.34291 2.16269 1.90054 3.88301 2.03162 2.44122 3.14573 2.4576 2.27738 3.06381 2.29376 4.1943 2.32653 2.29376 2.53952 2.22822 2.34291 2.67059 3.47341 3.89939 2.3593 3.34234 2.42483 3.67002 2.52314 3.93216 2.7689 3.71917 2.47398 
Utility: 5.34075 5.45084 5.57485 6.12588 5.51095 5.74291 5.2873 5.52734 5.05118 6.40746 6.12854 5.39159 5.00061 4.98439 6.28418 5.29692 5.6293 5.68529 6.05622 5.55787 5.84921 5.41754 6.00888 5.76434 5.25421 5.17042 6.21809 5.78396 6.14732 5.83741 5.8202 5.32017 6.35197 5.48322 5.62363 5.51152 5.69467 5.77177 6.75982 5.33836 

--------------------------------------
Time: 17.5018
Split Ratios: 1 1 1 1 1 1 1 1 1 1 1 1 1 1 1 1 1 1 1 1 1 1 1 1 1 1 1 1 1 1 1 1 1 1 1 1 1 1 1 1 
Delays: 0.0145517 0.0101771 0.010234 0.00861498 0.0118756 0.0124516 0.0130035 0.0155382 0.0151847 0.00572821 0.00730973 0.0107885 0.014504 0.013 0.00722369 0.0101667 0.0087758 0.0109894 0.00578716 0.00874166 0.00884426 0.0102698 0.0102245 0.00730225 0.0120897 0.0145178 0.00442096 0.00721476 0.00571697 0.0101416 0.0115399 0.0115217 0.00581107 0.0100752 0.0131649 0.0102833 0.0131193 0.00862325 0.00430035 0.0120485 
Throughputs: 3.04742 2.53952 2.40845 3.7847 2.52314 3.83386 2.06438 3.75194 2.49037 3.44064 3.01466 2.29376 2.39206 2.22822 3.7847 2.44122 2.57229 3.3751 2.57229 2.17907 3.12934 2.50675 3.6864 2.17907 2.12992 2.5559 2.048 2.63782 3.21126 3.47341 3.73555 2.49037 3.48979 2.16269 3.48979 2.3593 3.98131 2.50675 3.65363 2.71974 
Utility: 5.34434 5.51959 5.46102 6.08522 5.35877 5.72978 5.06737 5.48673 5.0999 6.39801 6.02203 5.35947 5.10549 5.14401 6.26136 5.48114 5.68055 5.72725 6.09691 5.51855 5.86881 5.49754 5.88762 5.69847 5.17149 5.17079 6.13826 5.90158 6.33098 5.83624 5.77984 5.37595 6.39783 5.36903 5.58004 5.43559 5.71528 5.67228 6.74478 5.41935 

--------------------------------------
Time: 18.0019
Split Ratios: 1 1 1 1 1 1 1 1 1 1 1 1 1 1 1 1 1 1 1 1 1 1 1 1 1 1 1 1 1 1 1 1 1 1 1 1 1 1 1 1 
Delays: 0.0144953 0.0102166 0.0102306 0.00864724 0.011805 0.0127849 0.0130803 0.0157219 0.01528 0.00573113 0.00727926 0.0108382 0.0145537 0.0131711 0.00723187 0.010184 0.00882438 0.0111588 0.00576548 0.00871564 0.00891016 0.0102883 0.0101832 0.00729143 0.0119932 0.0144407 0.00444627 0.00723297 0.00572303 0.0101776 0.0115485 0.0115122 0.00589835 0.0100589 0.0133423 0.0103079 0.013089 0.00861368 0.00431832 0.0118836 
Throughputs: 3.06381 2.68698 2.4576 3.65363 2.93274 3.9977 2.58867 3.6864 2.8672 3.21126 3.19488 2.19546 2.44122 1.88416 3.19488 2.49037 2.50675 3.26042 2.39206 2.3593 3.1785 2.70336 3.60448 1.86778 2.29376 2.40845 2.27738 2.47398 2.71974 3.57171 3.2768 2.21184 3.3751 1.99885 3.44064 2.50675 3.40787 2.52314 4.06323 2.93274 
Utility: 5.35359 5.57216 5.48156 6.04624 5.51517 5.74521 5.28779 5.45735 5.23455 6.32851 6.08428 5.31107 5.12241 4.96322 6.09081 5.49937 5.64922 5.67738 6.02802 5.601 5.87697 5.57124 5.86919 5.5458 5.25361 5.11669 6.23871 5.83494 6.16379 5.86061 5.64807 5.25818 6.34951 5.29187 5.55248 5.49384 5.56207 5.67991 6.84687 5.50853 

--------------------------------------
Time: 18.502
Split Ratios: 1 1 1 1 1 1 1 1 1 1 1 1 1 1 1 1 1 1 1 1 1 1 1 1 1 1 1 1 1 1 1 1 1 1 1 1 1 1 1 1 
Delays: 0.0143805 0.0102469 0.0101819 0.00864367 0.0118522 0.0126896 0.0129837 0.0156288 0.0150969 0.00571364 0.00725911 0.0109172 0.0144905 0.013077 0.00725902 0.0101189 0.00878205 0.0108963 0.00573314 0.00869061 0.00885299 0.0101658 0.0102374 0.00728883 0.0119631 0.0144206 0.00443471 0.00722322 0.00573504 0.0101203 0.0115531 0.0114955 0.00578898 0.0100546 0.0132023 0.010173 0.0131328 0.00862325 0.00431278 0.0119114 
Throughputs: 2.60506 2.57229 2.3593 3.93216 2.68698 3.96493 2.16269 3.50618 2.75251 3.60448 2.93274 2.37568 2.16269 1.62202 3.62086 1.88416 2.40845 3.44064 2.57229 1.91693 3.39149 2.08077 3.76832 1.99885 1.96608 2.62144 2.09715 2.5559 3.26042 3.45702 3.85024 2.27738 3.40787 2.08077 3.42426 2.37568 4.24346 2.40845 3.98131 2.60506 
Utility: 5.19934 5.52558 5.44551 6.12012 5.42366 5.74446 5.11541 5.41317 5.20578 6.44708 6.00143 5.3827 5.00561 4.82057 6.21222 5.22683 5.61403 5.75499 6.10629 5.39624 5.94827 5.32147 5.90834 5.61398 5.10197 5.20282 6.15887 5.86886 6.34302 5.83362 5.80893 5.28883 6.37789 5.33247 5.55825 5.4533 5.77802 5.63228 6.82778 5.38771 

--------------------------------------
Time: 19.002
Split Ratios: 1 1 1 1 1 1 1 1 1 1 1 1 1 1 1 1 1 1 1 1 1 1 1 1 1 1 1 1 1 1 1 1 1 1 1 1 1 1 1 1 
Delays: 0.014397 0.010154 0.0101893 0.00867485 0.0117898 0.0125505 0.0129971 0.0155947 0.0151592 0.00574082 0.00736664 0.0107538 0.0145047 0.0130323 0.00719366 0.0101529 0.00872947 0.0109 0.00576817 0.0087596 0.00887246 0.0101803 0.0102637 0.00732129 0.0119163 0.0144377 0.00443687 0.00723887 0.00570783 0.0101508 0.0115066 0.0115131 0.00578816 0.0100776 0.0132324 0.0102752 0.0130721 0.008663 0.00429596 0.0118401 
Throughputs: 2.80166 2.57229 2.24461 4.21069 2.53952 3.83386 2.39206 3.93216 2.4576 3.42426 3.04742 2.08077 2.16269 2.12992 3.09658 2.09715 2.40845 3.44064 2.7689 2.22822 2.93274 2.4576 3.71917 2.31014 2.1463 2.44122 2.11354 2.81805 3.12934 3.7847 2.98189 1.93331 3.55533 2.1463 3.16211 2.34291 3.94854 2.78528 3.53894 2.39206 
Utility: 5.27095 5.53469 5.39495 6.18495 5.37249 5.72187 5.21519 5.53001 5.08833 6.39104 6.02509 5.26523 5.00463 5.09641 6.06485 5.33058 5.62003 5.75465 6.17385 5.53881 5.80074 5.48648 5.89264 5.75428 5.1936 5.13041 6.16617 5.96434 6.30674 5.92117 5.55739 5.1235 6.42039 5.36119 5.47633 5.42941 5.71062 5.77304 6.71391 5.30842 

--------------------------------------
Time: 19.502
Split Ratios: 1 1 1 1 1 1 1 1 1 1 1 1 1 1 1 1 1 1 1 1 1 1 1 1 1 1 1 1 1 1 1 1 1 1 1 1 1 1 1 1 
Delays: 0.0144059 0.0101605 0.0101853 0.00863284 0.0117469 0.0124075 0.0130815 0.0154933 0.0150046 0.00574204 0.00729517 0.0108214 0.014653 0.013045 0.00724357 0.0101533 0.00875384 0.0107343 0.00575097 0.00870372 0.00888227 0.0102606 0.010159 0.00731962 0.0118579 0.0144292 0.00439379 0.00726433 0.00570392 0.0101261 0.0115598 0.0115189 0.00578476 0.0100401 0.0132735 0.0102271 0.0130876 0.00865237 0.00429174 0.0118834 
Throughputs: 2.57229 2.88358 2.26099 3.89939 2.8672 3.98131 2.40845 3.47341 2.31014 3.16211 3.1785 2.1463 2.31014 1.88416 3.76832 2.24461 2.52314 3.34234 2.70336 2.17907 3.11296 2.78528 3.55533 1.93331 1.93331 2.53952 1.80224 2.24461 3.01466 3.3751 3.5881 2.50675 3.29318 2.09715 3.42426 3.03104 3.6864 2.50675 3.63725 2.57229 
Utility: 5.18491 5.64828 5.40262 6.113 5.4975 5.77107 5.21554 5.41248 5.03671 6.31118 6.07695 5.28997 5.06042 4.97284 6.25427 5.39849 5.66377 5.74098 6.15288 5.5229 5.85927 5.6038 5.85784 5.57643 5.094 5.17048 6.01659 5.73331 6.27009 5.80907 5.73784 5.38275 6.34438 5.34175 5.55287 5.69162 5.64074 5.66891 6.74229 5.37741 

--------------------------------------
Time: 20.002
Split Ratios: 1 1 1 1 1 1 1 1 1 1 1 1 1 1 1 1 1 1 1 1 1 1 1 1 1 1 1 1 1 1 1 1 1 1 1 1 1 1 1 1 
Delays: 0.0145325 0.0102514 0.0101419 0.00861801 0.0118896 0.0125077 0.0130267 0.0152832 0.0149149 0.00575206 0.00730026 0.0104787 0.0146044 0.013129 0.00720269 0.0101866 0.00882626 0.0106276 0.00575344 0.00870443 0.00886754 0.010239 0.0102073 0.00727189 0.0120101 0.0144127 0.0044237 0.00725044 0.00573098 0.0101722 0.0115068 0.0115207 0.00581041 0.0100338 0.0132823 0.0102607 0.0131635 0.00864001 0.00429367 0.0120207 
Throughputs: 2.80166 2.73613 2.42483 4.24346 2.94912 3.55533 2.37568 3.63725 2.63782 3.40787 2.8672 2.01523 2.57229 1.85139 2.99827 2.29376 2.52314 3.39149 2.7689 2.3593 3.19488 2.65421 3.86662 1.99885 2.03162 2.3593 2.08077 2.42483 2.99827 3.32595 3.26042 2.3593 3.76832 1.99885 3.70278 2.26099 3.76832 2.75251 3.3751 2.81805 
Utility: 5.26158 5.58688 5.47684 6.19928 5.51359 5.64986 5.20604 5.47223 5.17535 6.38429 5.97318 5.25914 5.17123 4.94887 6.03134 5.41688 5.65553 5.76557 6.17641 5.60229 5.88691 5.55769 5.93703 5.61631 5.13084 5.09801 6.15352 5.81246 6.2599 5.78985 5.64667 5.32197 6.47473 5.29437 5.6304 5.39524 5.65694 5.76387 6.66704 5.45717 

--------------------------------------
Time: 20.502
Split Ratios: 1 1 1 1 1 1 1 1 1 1 1 1 1 1 1 1 1 1 1 1 1 1 1 1 1 1 1 1 1 1 1 1 1 1 1 1 1 1 1 1 
Delays: 0.0144553 0.0102545 0.0101738 0.00861953 0.0118176 0.0123385 0.0129856 0.0154127 0.0151087 0.00573897 0.00727433 0.0108236 0.0144532 0.0130395 0.00723604 0.0101627 0.00878104 0.0108184 0.0057446 0.00871066 0.00884967 0.010222 0.0102704 0.00730898 0.0119466 0.0144614 0.00444908 0.00724718 0.00571259 0.0101286 0.0115374 0.0115506 0.00577218 0.010082 0.0132013 0.01032 0.0130254 0.00864756 0.00431334 0.0119347 
Throughputs: 3.26042 2.80166 2.31014 3.91578 2.80166 3.86662 2.31014 3.76832 2.75251 3.53894 3.19488 2.21184 2.16269 1.98246 3.62086 2.21184 2.63782 3.12934 2.88358 2.37568 3.34234 2.68698 4.32538 2.32653 2.44122 2.58867 2.24461 2.31014 2.88358 3.80109 3.55533 1.96608 3.32595 2.39206 3.35872 2.47398 3.70278 3.04742 3.50618 2.5559 
Utility: 5.41855 5.61025 5.42525 6.11874 5.46838 5.74741 5.18122 5.49919 5.205 6.4243 6.08495 5.31985 5.00819 5.02411 6.21539 5.38286 5.70511 5.66733 6.21853 5.60849 5.93405 5.57163 6.04299 5.76303 5.3198 5.18742 6.22359 5.76445 6.22412 5.92768 5.73061 5.13706 6.35646 5.46916 5.539 5.4795 5.64994 5.86477 6.70057 5.36671 

--------------------------------------
Time: 21.0021
Split Ratios: 1 1 1 1 1 1 1 1 1 1 1 1 1 1 1 1 1 1 1 1 1 1 1 1 1 1 1 1 1 1 1 1 1 1 1 1 1 1 1 1 
Delays: 0.0144596 0.0101863 0.0102019 0.00865583 0.0117736 0.0125242 0.0129965 0.0154364 0.015151 0.00572322 0.00727422 0.0105765 0.0144854 0.0130792 0.00720003 0.010198 0.00872791 0.0107868 0.00576111 0.00874991 0.00892029 0.0102262 0.0102139 0.00729952 0.0119132 0.0144792 0.00444368 0.00722578 0.00573671 0.0100965 0.0115528 0.0115082 0.00581177 0.0100587 0.0132374 0.0103145 0.013159 0.00865996 0.00430802 0.011856 
Throughputs: 3.32595 2.7689 2.17907 3.86662 3.3751 3.50618 2.5559 4.07962 2.57229 3.21126 2.9655 2.22822 2.44122 2.16269 3.30957 2.27738 2.11354 3.19488 2.58867 2.47398 2.98189 2.58867 3.83386 2.01523 1.86778 2.57229 2.06438 2.5559 3.14573 3.57171 3.12934 2.08077 3.40787 2.58867 3.30957 2.44122 3.45702 2.63782 3.75194 2.89997 
Utility: 5.43816 5.60516 5.36408 6.1019 5.65832 5.63462 5.28148 5.57703 5.13449 6.32989 6.01047 5.35032 5.12711 5.10808 6.13049 5.40859 5.48959 5.69098 6.10777 5.64454 5.81198 5.53394 5.92788 5.62068 5.05485 5.17984 6.1411 5.86851 6.30691 5.86861 5.60165 5.19743 6.37396 5.55046 5.52152 5.4667 5.57106 5.719 6.76955 5.49962 

--------------------------------------
Time: 21.5021
Split Ratios: 1 1 1 1 1 1 1 1 1 1 1 1 1 1 1 1 1 1 1 1 1 1 1 1 1 1 1 1 1 1 1 1 1 1 1 1 1 1 1 1 
Delays: 0.0144141 0.0102152 0.0102017 0.00862156 0.0118512 0.0122544 0.0129647 0.0151977 0.0148145 0.00572855 0.00735661 0.0104272 0.0145298 0.0130142 0.00720885 0.0101294 0.00877924 0.0104627 0.00573411 0.00871813 0.00887783 0.0102015 0.0102351 0.00727556 0.0119164 0.0144122 0.00440581 0.00724051 0.00572392 0.0101538 0.0115753 0.0115162 0.0057804 0.0100929 0.0132309 0.0103589 0.0131506 0.00860531 0.0043124 0.0118699 
Throughputs: 2.62144 2.71974 2.49037 3.86662 2.68698 3.73555 2.1463 3.63725 2.40845 3.1785 3.24403 2.24461 2.22822 2.11354 3.35872 2.32653 2.40845 3.16211 2.50675 2.06438 3.21126 2.85082 4.24346 2.24461 2.49037 2.40845 2.22822 2.60506 3.04742 3.29318 3.52256 2.1463 3.44064 2.09715 3.29318 2.3593 3.98131 2.91635 3.85024 2.47398 
Utility: 5.20327 5.58442 5.49763 6.10587 5.42374 5.71977 5.10927 5.47784 5.09113 6.3187 6.08897 5.37186 5.03276 5.09008 6.14401 5.43669 5.61435 5.71118 6.08031 5.46718 5.89086 5.63283 6.02731 5.73177 5.34227 5.11866 6.22604 5.88552 6.2774 5.78177 5.71807 5.22775 6.38894 5.3365 5.51705 5.42827 5.7129 5.82571 6.7944 5.33958 

--------------------------------------
Time: 22.0023
Split Ratios: 1 1 1 1 1 1 1 1 1 1 1 1 1 1 1 1 1 1 1 1 1 1 1 1 1 1 1 1 1 1 1 1 1 1 1 1 1 1 1 1 
Delays: 0.0144381 0.0101954 0.0101724 0.00860949 0.0117526 0.012807 0.0130247 0.0156972 0.0150291 0.00574427 0.00729773 0.0106581 0.0146192 0.0130492 0.00721606 0.0101338 0.00881125 0.0109094 0.0057417 0.00871216 0.0088388 0.0102147 0.0102789 0.00724598 0.0120941 0.0144507 0.00442303 0.00721702 0.00572508 0.010166 0.0115644 0.0115138 0.00582728 0.0100984 0.0133076 0.0102965 0.0131108 0.00861675 0.00430334 0.0121535 
Throughputs: 2.8672 2.89997 2.16269 3.7847 2.93274 3.9977 2.31014 4.06323 2.65421 3.21126 3.04742 1.99885 2.08077 2.12992 2.91635 2.24461 2.06438 3.30957 2.68698 2.09715 3.21126 2.40845 3.75194 2.06438 1.88416 2.26099 2.048 2.4576 2.9655 3.91578 3.50618 2.22822 3.40787 1.78586 3.29318 2.37568 3.85024 2.71974 3.52256 2.88358 
Utility: 5.29122 5.65052 5.35943 6.08586 5.51962 5.74348 5.17822 5.55625 5.17391 6.32622 6.03449 5.23401 4.95816 5.09511 6.00178 5.40041 5.45656 5.71495 6.14842 5.48362 5.89527 5.46291 5.89993 5.65214 5.04852 5.05282 6.13779 5.8305 6.24995 5.95372 5.71435 5.26542 6.37129 5.17527 5.51127 5.44124 5.68245 5.75459 6.70755 5.46918 

--------------------------------------
Time: 22.5023
Split Ratios: 1 1 1 1 1 1 1 1 1 1 1 1 1 1 1 1 1 1 1 1 1 1 1 1 1 1 1 1 1 1 1 1 1 1 1 1 1 1 1 1 
Delays: 0.0144207 0.0101966 0.0101405 0.00863577 0.0118543 0.0129395 0.0129977 0.0157647 0.015374 0.00574132 0.00731432 0.011103 0.0144859 0.0130286 0.00722445 0.0101719 0.00878493 0.0110425 0.0057322 0.00868184 0.00884124 0.0102304 0.0102364 0.00726233 0.0120976 0.0144555 0.00443726 0.00724941 0.00572222 0.010141 0.0115209 0.0114943 0.00584271 0.0100384 0.0132797 0.0102355 0.0131212 0.00861641 0.00429553 0.0120554 
Throughputs: 3.22765 2.49037 2.57229 3.98131 2.8672 3.88301 2.42483 3.80109 2.50675 3.32595 3.09658 2.29376 2.50675 2.01523 3.29318 2.16269 2.53952 3.24403 2.53952 1.68755 2.94912 2.47398 3.7847 2.09715 2.16269 2.53952 2.27738 2.49037 3.22765 3.3751 3.67002 2.3593 3.50618 1.96608 3.29318 2.58867 3.86662 2.7689 3.42426 2.71974 
Utility: 5.41084 5.49813 5.53601 6.13345 5.4884 5.70408 5.22875 5.48527 5.09406 6.36182 6.04822 5.33073 5.15356 5.04134 6.12214 5.35947 5.66669 5.68282 6.09363 5.2698 5.80984 5.48822 5.91277 5.66564 5.1861 5.16866 6.24074 5.83927 6.33515 5.8076 5.76379 5.32426 6.39709 5.27738 5.51338 5.53304 5.68591 5.77254 6.68106 5.41878 

--------------------------------------
Time: 23.0024
Split Ratios: 1 1 1 1 1 1 1 1 1 1 1 1 1 1 1 1 1 1 1 1 1 1 1 1 1 1 1 1 1 1 1 1 1 1 1 1 1 1 1 1 
Delays: 0.0144334 0.010213 0.0101927 0.00860387 0.0118088 0.0124777 0.0129878 0.0154577 0.0148686 0.00574087 0.00731841 0.0105969 0.0145083 0.0130339 0.00723412 0.0101942 0.00878369 0.0106002 0.0057547 0.00872463 0.00883418 0.0102125 0.0102098 0.00732181 0.0119784 0.0144288 0.00447799 0.00723211 0.00572106 0.0101521 0.0115431 0.0115329 0.00577513 0.0100628 0.0132085 0.0102309 0.0132066 0.00863093 0.00429513 0.0119467 
Throughputs: 2.91635 2.67059 2.03162 3.71917 3.08019 3.67002 2.27738 4.096 2.31014 3.3751 3.47341 1.86778 2.52314 1.99885 3.93216 2.27738 2.70336 3.50618 2.47398 2.24461 3.03104 2.73613 4.06323 2.21184 1.98246 2.57229 2.21184 2.1463 2.9655 3.83386 3.29318 2.19546 3.50618 2.40845 2.88358 2.29376 4.37453 2.78528 3.53894 3.06381 
Utility: 5.30854 5.5664 5.29492 6.06904 5.5639 5.68401 5.16677 5.57966 5.04581 6.37657 6.1625 5.17195 5.15853 5.03277 6.29814 5.40896 5.72935 5.80141 6.06357 5.55014 5.83803 5.59069 5.98638 5.71072 5.10899 5.18333 6.20241 5.69297 6.25065 5.93394 5.65352 5.24894 6.40872 5.4779 5.38593 5.41253 5.80284 5.77675 6.7141 5.54696 

--------------------------------------
Time: 23.5025
Split Ratios: 1 1 1 1 1 1 1 1 1 1 1 1 1 1 1 1 1 1 1 1 1 1 1 1 1 1 1 1 1 1 1 1 1 1 1 1 1 1 1 1 
Delays: 0.0144907 0.01015 0.0101647 0.00864991 0.0117583 0.0123735 0.013035 0.0152279 0.0149417 0.00573965 0.00729842 0.0106864 0.014452 0.0130465 0.0072281 0.0102087 0.00878378 0.0107779 0.00573533 0.00874017 0.00888479 0.0101904 0.0102573 0.00727152 0.0118495 0.0144125 0.00440777 0.00720066 0.00573153 0.0101359 0.0115095 0.0115295 0.00577264 0.0100737 0.0131736 0.0102528 0.0131073 0.00860025 0.00430581 0.0118456 
Throughputs: 3.04742 2.3593 2.44122 3.63725 2.80166 4.16154 2.34291 3.5881 2.53952 3.50618 2.85082 2.27738 1.98246 1.65478 3.73555 2.40845 2.57229 3.24403 2.71974 2.1463 3.14573 2.70336 3.57171 2.21184 2.27738 2.57229 2.19546 2.34291 2.94912 3.88301 3.45702 1.93331 3.39149 2.32653 3.11296 2.21184 3.76832 2.71974 3.55533 2.73613 
Utility: 5.34855 5.44864 5.48133 6.04143 5.47341 5.81808 5.19151 5.46225 5.13557 6.41488 5.9677 5.3618 4.92126 4.8429 6.24767 5.4635 5.67964 5.70708 6.16165 5.50357 5.86946 5.5808 5.85282 5.71761 5.25849 5.18445 6.21078 5.78498 6.24328 5.94828 5.70499 5.12208 6.3759 5.44221 5.46511 5.37403 5.66122 5.7565 6.71624 5.44234 

--------------------------------------
Time: 24.0026
Split Ratios: 1 1 1 1 1 1 1 1 1 1 1 1 1 1 1 1 1 1 1 1 1 1 1 1 1 1 1 1 1 1 1 1 1 1 1 1 1 1 1 1 
Delays: 0.014423 0.0103604 0.0101756 0.0086025 0.0119717 0.0128392 0.0129977 0.0158647 0.0149471 0.00573081 0.00731861 0.0109284 0.0145392 0.0130797 0.00720335 0.0101726 0.00881905 0.0109918 0.00574814 0.0087276 0.0088583 0.0102222 0.0102639 0.00729553 0.0121243 0.014445 0.00444143 0.00720915 0.00573317 0.0101349 0.0115402 0.0115282 0.00578044 0.0100595 0.0131977 0.010215 0.0132173 0.00861045 0.00430496 0.0120752 
Throughputs: 3.11296 2.83443 2.53952 3.7847 3.14573 4.17792 2.39206 3.42426 2.49037 3.01466 3.11296 2.22822 2.57229 1.86778 3.86662 2.34291 2.63782 3.71917 2.57229 2.26099 2.80166 2.24461 3.93216 2.06438 2.03162 2.29376 2.16269 2.57229 3.06381 3.60448 3.24403 2.27738 3.08019 2.048 3.14573 2.29376 3.91578 2.81805 3.22765 2.7689 
Utility: 5.37451 5.61161 5.51973 6.08667 5.57125 5.78507 5.21514 5.37454 5.11567 6.26538 6.05291 5.31759 5.1757 4.96144 6.28559 5.43945 5.7008 5.8241 6.10367 5.55707 5.75661 5.39172 5.94832 5.64533 5.12138 5.0676 6.18813 5.8772 6.28115 5.87395 5.63873 5.28599 6.27827 5.3161 5.47376 5.41409 5.69124 5.79082 6.61974 5.43505 

--------------------------------------
Time: 24.5026
Split Ratios: 1 1 1 1 1 1 1 1 1 1 1 1 1 1 1 1 1 1 1 1 1 1 1 1 1 1 1 1 1 1 1 1 1 1 1 1 1 1 1 1 
Delays: 0.0144352 0.0101785 0.0101684 0.00868212 0.0118948 0.012874 0.0130201 0.015691 0.0153882 0.00574291 0.00732589 0.0110089 0.0144266 0.0130803 0.00725133 0.0102299 0.00884651 0.0112362 0.00577579 0.00874169 0.00886961 0.0102251 0.010236 0.00733858 0.0120119 0.0145154 0.00444462 0.00724179 0.00573451 0.0101425 0.0115481 0.0115198 0.00581091 0.0100733 0.0132037 0.0102753 0.0130828 0.00864971 0.00429526 0.011858 
Throughputs: 2.68698 2.65421 2.32653 4.06323 3.12934 3.50618 2.5559 4.16154 2.81805 3.26042 3.2768 2.29376 2.40845 2.24461 4.06323 2.40845 2.1463 3.96493 2.98189 1.98246 3.16211 2.57229 3.81747 2.16269 2.26099 2.85082 2.1463 2.21184 3.57171 3.08019 3.85024 2.24461 3.04742 2.4576 3.67002 2.3593 3.96493 2.85082 3.45702 2.83443 
Utility: 5.2265 5.56363 5.43285 6.14847 5.57248 5.60707 5.27967 5.58055 5.2102 6.34164 6.10321 5.33924 5.11767 5.14518 6.32855 5.46142 5.49148 5.8661 6.24664 5.42399 5.87636 5.52771 5.92143 5.68596 5.23766 5.28015 6.17981 5.72171 6.4343 5.71601 5.80937 5.27222 6.26232 5.49705 5.62746 5.43638 5.71394 5.79783 6.69065 5.4766 

--------------------------------------
Time: 25.0026
Split Ratios: 1 1 1 1 1 1 1 1 1 1 1 1 1 1 1 1 1 1 1 1 1 1 1 1 1 1 1 1 1 1 1 1 1 1 1 1 1 1 1 1 
Delays: 0.0144065 0.0101233 0.0101667 0.00864868 0.0118819 0.012704 0.0129826 0.0155865 0.0153292 0.00571987 0.00728718 0.0108539 0.014511 0.0130914 0.00720283 0.0101347 0.00880737 0.0108155 0.00574023 0.0087297 0.0088563 0.0102076 0.0102324 0.00729698 0.0120522 0.0144029 0.00445079 0.00724704 0.00571289 0.010145 0.0115674 0.0115126 0.00578047 0.0100993 0.0132303 0.0102431 0.0131481 0.00864705 0.0042943 0.0119231 
Throughputs: 3.11296 2.67059 2.06438 3.98131 2.85082 3.94854 2.44122 4.07962 2.40845 3.52256 3.2768 2.12992 2.34291 1.68755 3.26042 2.27738 2.65421 3.48979 2.37568 2.17907 2.94912 2.65421 3.62086 2.34291 2.1463 2.29376 2.19546 2.68698 3.19488 3.3751 3.89939 1.93331 3.45702 2.21184 3.32595 2.03162 3.55533 2.53952 3.65363 2.65421 
Utility: 5.37565 5.57522 5.31347 6.13196 5.48034 5.73919 5.23664 5.56735 5.05698 6.423 6.10851 5.27931 5.08424 4.85908 6.11514 5.41481 5.70831 5.77661 6.02554 5.51992 5.80813 5.56077 5.86891 5.77169 5.18226 5.07052 6.20106 5.91558 6.32658 5.8072 5.82039 5.12355 6.39368 5.38911 5.527 5.28999 5.59993 5.68251 6.74619 5.40542 

--------------------------------------
Time: 25.5026
Split Ratios: 1 1 1 1 1 1 1 1 1 1 1 1 1 1 1 1 1 1 1 1 1 1 1 1 1 1 1 1 1 1 1 1 1 1 1 1 1 1 1 1 
Delays: 0.0143914 0.0101457 0.0102421 0.00860829 0.0117767 0.0127135 0.0130201 0.0156681 0.0151583 0.00572554 0.00731296 0.0108633 0.0146015 0.0130466 0.00721402 0.0101488 0.00877163 0.0109635 0.00576133 0.00869122 0.0088845 0.0101822 0.010215 0.00731272 0.0120611 0.0144686 0.00450736 0.00726021 0.00572933 0.0101973 0.0115192 0.0115415 0.00582186 0.0100569 0.0133423 0.0103205 0.0130748 0.00862295 0.00429233 0.0120512 
Throughputs: 2.98189 2.67059 2.21184 4.25984 2.42483 3.80109 2.62144 4.04685 2.75251 3.40787 3.32595 2.048 2.31014 1.85139 3.45702 2.50675 2.70336 3.80109 2.88358 1.86778 3.48979 2.37568 3.55533 1.99885 2.03162 2.21184 2.47398 2.39206 3.47341 3.85024 3.45702 2.11354 3.5881 2.01523 3.94854 2.71974 3.96493 2.8672 3.19488 2.85082 
Utility: 5.33368 5.573 5.37507 6.20426 5.32739 5.70038 5.30499 5.55406 5.20172 6.38891 6.11986 5.23923 5.06394 4.95517 6.17214 5.50939 5.73073 5.84847 6.21562 5.37019 5.97329 5.45239 5.85234 5.61071 5.1266 5.0296 6.30787 5.7975 6.40729 5.93376 5.70415 5.21017 6.42376 5.30023 5.69016 5.57416 5.71456 5.80666 6.61248 5.46619 

--------------------------------------
Time: 26.0027
Split Ratios: 1 1 1 1 1 1 1 1 1 1 1 1 1 1 1 1 1 1 1 1 1 1 1 1 1 1 1 1 1 1 1 1 1 1 1 1 1 1 1 1 
Delays: 0.0144124 0.0101929 0.010252 0.00865401 0.0118268 0.012226 0.0129468 0.0152096 0.0147809 0.00571526 0.00731617 0.0106608 0.01448 0.0130185 0.00722977 0.0101713 0.00875121 0.0105978 0.00575681 0.0087211 0.00886893 0.0102343 0.0102106 0.00735126 0.0119646 0.0144239 0.00443251 0.00722679 0.00572707 0.0101676 0.0115277 0.0114926 0.00579377 0.0100444 0.0131567 0.0102364 0.0131115 0.00862824 0.00430574 0.0119298 
Throughputs: 3.03104 2.49037 2.08077 4.21069 3.32595 3.63725 2.4576 3.6864 2.71974 3.03104 3.14573 2.09715 2.19546 1.75309 3.7847 2.19546 2.49037 3.11296 2.50675 2.34291 3.24403 2.58867 3.9977 2.3593 2.08077 2.52314 2.048 2.49037 2.89997 3.73555 3.88301 2.12992 3.53894 1.9497 3.14573 2.50675 3.89939 2.37568 3.6864 2.63782 
Utility: 5.34857 5.49849 5.31302 6.18736 5.63914 5.69542 5.24609 5.49048 5.21496 6.27352 6.06371 5.28176 5.02137 4.90276 6.26052 5.37457 5.65099 5.68268 6.07636 5.5934 5.90202 5.53315 5.97005 5.77125 5.15854 5.16437 6.13565 5.84239 6.22725 5.90645 5.81961 5.22213 6.4148 5.26842 5.47687 5.5008 5.69509 5.618 6.75246 5.39867 

--------------------------------------
Time: 26.5027
Split Ratios: 1 1 1 1 1 1 1 1 1 1 1 1 1 1 1 1 1 1 1 1 1 1 1 1 1 1 1 1 1 1 1 1 1 1 1 1 1 1 1 1 
Delays: 0.0144197 0.0101504 0.0101696 0.00861324 0.0118323 0.0126866 0.0130776 0.0156829 0.0150726 0.00571273 0.00730932 0.0108057 0.0145047 0.0131362 0.00723081 0.0101554 0.00874941 0.0108263 0.00575105 0.00867919 0.00884553 0.0101613 0.010184 0.00728633 0.0118711 0.0144587 0.00443662 0.00724237 0.00572081 0.0101056 0.0115658 0.0115468 0.00580369 0.0100706 0.0132291 0.0102199 0.0130752 0.00862205 0.0043223 0.0119682 
Throughputs: 2.89997 2.7689 2.52314 4.096 3.03104 4.06323 2.32653 4.07962 2.60506 3.16211 3.2768 1.75309 2.1463 1.81862 3.63725 2.1463 2.58867 3.85024 2.99827 1.99885 3.21126 2.32653 3.65363 2.60506 2.08077 2.40845 2.53952 2.62144 2.9655 3.21126 3.35872 2.53952 3.53894 2.31014 3.50618 2.26099 3.83386 2.60506 3.62086 2.85082 
Utility: 5.30386 5.60869 5.51385 6.16447 5.54583 5.76918 5.18123 5.56119 5.15233 6.3163 6.10547 5.08906 4.99703 4.93047 6.22063 5.3535 5.68991 5.87391 6.25641 5.4394 5.89451 5.43354 5.88266 5.87921 5.16639 5.11544 6.34984 5.89153 6.25069 5.76133 5.67126 5.39332 6.41309 5.43544 5.57987 5.39922 5.68091 5.71089 6.73068 5.4731 

--------------------------------------
Time: 27.0028
Split Ratios: 1 1 1 1 1 1 1 1 1 1 1 1 1 1 1 1 1 1 1 1 1 1 1 1 1 1 1 1 1 1 1 1 1 1 1 1 1 1 1 1 
Delays: 0.0144012 0.0102138 0.0101526 0.00862823 0.0119706 0.012661 0.0129598 0.0155505 0.0152887 0.00572795 0.00734338 0.0109732 0.014469 0.0130363 0.00722595 0.0101915 0.0087752 0.0109879 0.00573028 0.0087322 0.00878078 0.0101931 0.0102249 0.00729624 0.0121464 0.0144109 0.00447771 0.0072348 0.00571725 0.010133 0.0115769 0.0115302 0.00582157 0.0100891 0.0132394 0.0102958 0.0130967 0.00863735 0.00431167 0.011979 
Throughputs: 3.11296 2.57229 2.47398 3.80109 2.98189 3.98131 2.1463 3.73555 2.9655 3.09658 3.21126 2.32653 2.01523 1.60563 3.39149 2.03162 2.58867 3.34234 2.21184 1.78586 2.75251 2.34291 3.88301 2.24461 2.24461 2.81805 2.27738 2.80166 2.8672 3.53894 3.53894 2.39206 3.29318 2.09715 3.57171 2.47398 3.50618 2.32653 3.50618 2.80166 
Utility: 5.37602 5.52882 5.49585 6.088 5.51786 5.75084 5.10965 5.48156 5.26769 6.2927 6.08062 5.35668 4.93648 4.81353 6.15134 5.29504 5.68697 5.71763 5.95582 5.32064 5.7477 5.43744 5.93954 5.72893 5.21925 5.27581 6.23167 5.95907 6.2176 5.85578 5.72257 5.33494 6.33804 5.33688 5.59761 5.48185 5.58992 5.59604 6.70096 5.45481 

--------------------------------------
Time: 27.503
Split Ratios: 1 1 1 1 1 1 1 1 1 1 1 1 1 1 1 1 1 1 1 1 1 1 1 1 1 1 1 1 1 1 1 1 1 1 1 1 1 1 1 1 
Delays: 0.0144135 0.0102308 0.010135 0.00868679 0.011868 0.0123358 0.0130177 0.0153989 0.0149473 0.00573019 0.00732287 0.0106155 0.0145023 0.0131023 0.00722909 0.0101477 0.00880585 0.0106302 0.00575788 0.0087109 0.00888431 0.0101661 0.010182 0.00739458 0.0118174 0.014466 0.00443492 0.00724468 0.00572291 0.0101256 0.0115357 0.0115165 0.00581748 0.0100661 0.0132371 0.0102354 0.0131495 0.00863174 0.00432851 0.0119254 
Throughputs: 2.73613 2.98189 2.29376 3.93216 3.12934 3.85024 2.01523 3.30957 2.53952 3.50618 3.57171 2.26099 2.31014 1.99885 3.75194 2.11354 2.4576 3.2768 2.75251 2.17907 3.45702 2.42483 3.76832 2.39206 2.11354 2.5559 2.49037 2.44122 2.81805 3.57171 3.40787 2.03162 3.47341 2.12992 3.3751 2.34291 3.75194 2.65421 3.53894 2.75251 
Utility: 5.24613 5.67491 5.42196 6.11514 5.57474 5.74338 5.04218 5.37027 5.1352 6.41653 6.1898 5.36124 5.07076 5.02754 6.25191 5.33887 5.63152 5.73093 6.1697 5.52208 5.96388 5.47446 5.91377 5.77917 5.18654 5.17436 6.33068 5.81998 6.19932 5.86573 5.68839 5.1728 6.39202 5.35467 5.54115 5.43329 5.65365 5.72846 6.70636 5.4416 

--------------------------------------
Time: 28.0033
Split Ratios: 1 1 1 1 1 1 1 1 1 1 1 1 1 1 1 1 1 1 1 1 1 1 1 1 1 1 1 1 1 1 1 1 1 1 1 1 1 1 1 1 
Delays: 0.014489 0.0102611 0.0101659 0.00863011 0.0119364 0.0124415 0.0130149 0.015312 0.0148647 0.0057318 0.0073315 0.0104957 0.0145003 0.0130499 0.00724964 0.010155 0.008798 0.0106404 0.00575206 0.00872157 0.00882806 0.0102021 0.0102029 0.00736074 0.0120385 0.0144514 0.00444742 0.00723105 0.005722 0.0101717 0.0115814 0.0115171 0.00576934 0.0100442 0.013194 0.0102223 0.0130884 0.00861128 0.0043072 0.0120594 
Throughputs: 2.8672 2.67059 2.34291 3.40787 3.16211 3.83386 2.24461 3.93216 2.37568 3.32595 3.24403 2.22822 2.29376 1.68755 3.88301 2.4576 2.67059 3.22765 2.24461 2.1463 2.88358 2.65421 3.63725 1.90054 2.21184 2.62144 1.88416 2.4576 2.83443 3.76832 3.81747 2.34291 3.06381 2.048 3.39149 2.31014 3.89939 2.75251 3.63725 2.85082 
Utility: 5.2877 5.5617 5.44011 5.97859 5.5794 5.73058 5.15019 5.54831 5.07405 6.36348 6.09239 5.35799 5.06378 4.86225 6.28341 5.48897 5.71553 5.71486 5.96673 5.5057 5.78885 5.5613 5.87631 5.55374 5.21347 5.20069 6.04891 5.82856 6.20528 5.91478 5.79795 5.31532 6.27486 5.31762 5.54926 5.42049 5.69685 5.7672 6.7387 5.46551 

--------------------------------------
Time: 28.5034
Split Ratios: 1 1 1 1 1 1 1 1 1 1 1 1 1 1 1 1 1 1 1 1 1 1 1 1 1 1 1 1 1 1 1 1 1 1 1 1 1 1 1 1 
Delays: 0.0144126 0.0101416 0.0101754 0.00866821 0.0119455 0.0126521 0.0129951 0.0155999 0.0151997 0.00573831 0.0072977 0.0111442 0.014461 0.013046 0.00724401 0.010176 0.00878162 0.0110199 0.00575493 0.00880946 0.0088593 0.0102664 0.0102081 0.0072813 0.0119542 0.0144301 0.00441587 0.00721924 0.00571269 0.0100875 0.0115248 0.011503 0.00578061 0.0100991 0.0131983 0.0102422 0.0131854 0.00865837 0.00430583 0.0118746 
Throughputs: 2.8672 2.40845 2.29376 3.65363 3.03104 3.81747 2.29376 4.03046 2.5559 3.52256 3.12934 2.31014 2.49037 1.9497 3.75194 2.4576 2.49037 3.57171 2.65421 1.99885 2.9655 2.37568 3.62086 2.32653 2.16269 2.21184 2.11354 2.57229 3.06381 3.3751 3.52256 2.03162 3.3751 2.42483 3.1785 2.65421 4.76774 2.89997 3.70278 2.88358 
Utility: 5.29299 5.4701 5.41797 6.04382 5.53631 5.70952 5.17337 5.55437 5.12489 6.41978 6.06102 5.33414 5.14873 5.00695 6.24985 5.4869 5.64752 5.7811 6.13384 5.4245 5.81333 5.44416 5.87128 5.76682 5.19802 5.03226 6.17091 5.8758 6.28472 5.81288 5.72244 5.17398 6.36967 5.48107 5.48407 5.55738 5.89052 5.81393 6.75687 5.49239 

--------------------------------------
Time: 29.0035
Split Ratios: 1 1 1 1 1 1 1 1 1 1 1 1 1 1 1 1 1 1 1 1 1 1 1 1 1 1 1 1 1 1 1 1 1 1 1 1 1 1 1 1 
Delays: 0.0144351 0.0101779 0.0101877 0.00863889 0.0118052 0.0125307 0.0129488 0.0156641 0.0152009 0.0057234 0.00728613 0.0108171 0.0145263 0.013004 0.00718905 0.0101666 0.00875133 0.011035 0.00574675 0.00874604 0.00878354 0.010158 0.0102205 0.0072823 0.011896 0.0143944 0.00441834 0.00724105 0.00570814 0.0101702 0.0115643 0.0115643 0.00581035 0.0100843 0.0133125 0.0102296 0.0131183 0.00863743 0.00430118 0.011857 
Throughputs: 2.50675 2.62144 1.99885 4.096 3.22765 3.57171 2.3593 4.04685 2.60506 3.30957 3.04742 2.17907 2.16269 1.42541 3.19488 2.17907 2.7689 3.75194 2.65421 1.83501 3.11296 2.40845 3.81747 2.06438 2.09715 2.27738 1.90054 2.71974 2.91635 3.35872 3.70278 2.57229 3.53894 2.32653 2.99827 2.37568 3.83386 2.3593 3.85024 2.80166 
Utility: 5.15708 5.55126 5.27914 6.16149 5.61097 5.65262 5.20511 5.55432 5.14385 6.36001 6.03608 5.30552 5.00315 4.69696 6.09675 5.36755 5.757 5.82895 6.13527 5.3462 5.87045 5.46848 5.92295 5.64714 5.17213 5.06394 6.06413 5.92853 6.2362 5.79985 5.76891 5.40463 6.41194 5.44115 5.41708 5.44775 5.67761 5.61001 6.797 5.46505 

--------------------------------------
Time: 29.5036
Split Ratios: 1 1 1 1 1 1 1 1 1 1 1 1 1 1 1 1 1 1 1 1 1 1 1 1 1 1 1 1 1 1 1 1 1 1 1 1 1 1 1 1 
Delays: 0.0144114 0.0101926 0.0100984 0.00859981 0.0117979 0.0127875 0.0131301 0.0154171 0.0150191 0.00571051 0.0072823 0.0107037 0.0145211 0.0131108 0.00722785 0.0102262 0.00888629 0.0108876 0.00578547 0.00867692 0.00893817 0.0101749 0.0102278 0.00728277 0.0120513 0.0144906 0.00442327 0.00721615 0.00572117 0.0101372 0.0115206 0.011547 0.00580827 0.0100802 0.0132309 0.0102016 0.0130477 0.00865705 0.00430525 0.0119172 
Throughputs: 2.85082 2.73613 2.26099 3.62086 2.94912 4.07962 2.39206 3.89939 2.5559 3.35872 3.12934 2.08077 2.11354 1.90054 3.39149 2.37568 3.03104 3.75194 2.50675 1.76947 2.9655 2.58867 3.88301 2.08077 1.80224 2.53952 2.16269 2.44122 2.99827 3.80109 3.22765 2.40845 3.81747 2.1463 3.22765 2.19546 3.55533 2.71974 3.03104 3.14573 
Utility: 5.28734 5.59263 5.41118 6.04273 5.52134 5.76529 5.205 5.5331 5.13684 6.37701 6.06313 5.2699 4.98051 4.97646 6.15108 5.44809 5.83215 5.8424 6.07139 5.31777 5.80447 5.53898 5.93926 5.65498 5.00762 5.16623 6.19223 5.82393 6.26162 5.92683 5.63538 5.34031 6.48806 5.36093 5.49695 5.3716 5.60759 5.74992 6.55683 5.57582 

--------------------------------------
Time: 30.0037
Split Ratios: 1 1 1 1 1 1 1 1 1 1 1 1 1 1 1 1 1 1 1 1 1 1 1 1 1 1 1 1 1 1 1 1 1 1 1 1 1 1 1 1 
Delays: 0.0144675 0.0101635 0.0101837 0.00866299 0.0118062 0.0123929 0.012978 0.0153055 0.0150227 0.00572175 0.00731087 0.0107033 0.0144945 0.012957 0.0072309 0.0101881 0.0087648 0.0107299 0.00575476 0.00875372 0.0088585 0.0103562 0.0101483 0.0072911 0.0119631 0.014461 0.00444706 0.00724651 0.00572616 0.0101768 0.0115355 0.0115521 0.00577585 0.0101019 0.0132231 0.0102574 0.0131302 0.00865295 0.00431054 0.0118893 
Throughputs: 2.62144 2.83443 2.53952 4.04685 2.75251 3.63725 2.22822 4.12877 2.99827 3.11296 3.26042 2.34291 2.53952 1.90054 3.09658 2.27738 2.58867 3.04742 2.12992 2.03162 2.81805 2.57229 3.5881 2.21184 1.98246 2.49037 2.27738 2.24461 3.09658 3.50618 3.44064 2.08077 3.63725 1.98246 3.14573 2.4576 3.91578 2.68698 3.73555 2.63782 
Utility: 5.19957 5.63079 5.51894 6.14663 5.45164 5.68186 5.1457 5.59752 5.29623 6.29906 6.10025 5.3886 5.16596 4.98826 6.05969 5.40956 5.68816 5.64902 5.91381 5.44711 5.76242 5.51497 5.86807 5.71493 5.11027 5.14873 6.23854 5.73577 6.29301 5.84217 5.69798 5.19363 6.4453 5.27937 5.47184 5.47894 5.69785 5.73827 6.76459 5.40207 

--------------------------------------
Time: 30.5037
Split Ratios: 1 1 1 1 1 1 1 1 1 1 1 1 1 1 1 1 1 1 1 1 1 1 1 1 1 1 1 1 1 1 1 1 1 1 1 1 1 1 1 1 
Delays: 0.0143957 0.0101461 0.0101341 0.00864071 0.0118171 0.0124423 0.0129862 0.0153277 0.0149141 0.00574391 0.00728246 0.0106646 0.014475 0.0130964 0.00722473 0.0101375 0.00877564 0.0107295 0.00575057 0.00870645 0.00883731 0.0102073 0.0101965 0.00728358 0.0119629 0.0144481 0.0043972 0.00724911 0.0057104 0.0101495 0.0115516 0.0115175 0.00578814 0.0100393 0.0131917 0.0102821 0.0130993 0.00861006 0.00432191 0.0118119 
Throughputs: 2.67059 2.3593 2.1463 3.94854 3.03104 3.63725 2.3593 3.76832 2.75251 3.47341 3.12934 2.12992 2.44122 1.76947 3.6864 2.01523 2.5559 3.32595 2.49037 2.21184 2.99827 2.57229 4.04685 2.27738 2.048 2.60506 2.12992 2.42483 2.57229 3.53894 3.26042 2.08077 3.11296 2.11354 3.32595 2.47398 3.67002 2.65421 3.86662 2.89997 
Utility: 5.22313 5.44903 5.35559 6.12462 5.54711 5.67788 5.20223 5.50472 5.21796 6.40475 6.06311 5.29691 5.12783 4.9061 6.2349 5.29225 5.67418 5.73652 6.07089 5.53752 5.82681 5.52945 5.98365 5.74516 5.14281 5.19465 6.18287 5.81264 6.11026 5.85416 5.64279 5.19662 6.28752 5.34961 5.52992 5.48319 5.63539 5.73097 6.79644 5.50335 

--------------------------------------
Time: 31.0037
Split Ratios: 1 1 1 1 1 1 1 1 1 1 1 1 1 1 1 1 1 1 1 1 1 1 1 1 1 1 1 1 1 1 1 1 1 1 1 1 1 1 1 1 
Delays: 0.014425 0.0101965 0.0101741 0.00862044 0.011823 0.0123754 0.0130705 0.0152623 0.0149425 0.00571517 0.00731407 0.0106509 0.0144812 0.0130676 0.00722101 0.0101714 0.00879104 0.0106632 0.00576037 0.00870158 0.00889541 0.0101777 0.0102352 0.0072867 0.0119279 0.0144176 0.00443249 0.00718886 0.00571683 0.0101376 0.0115585 0.0115417 0.00575985 0.0100598 0.0132511 0.0102562 0.0130857 0.00861059 0.00429868 0.0120644 
Throughputs: 2.85082 2.53952 2.12992 3.80109 3.11296 4.06323 2.21184 3.86662 2.49037 3.29318 3.52256 1.93331 2.12992 2.08077 3.50618 2.47398 2.71974 3.14573 2.71974 2.16269 3.53894 2.5559 3.60448 1.76947 2.27738 2.22822 2.47398 2.1463 2.8672 3.57171 4.04685 2.16269 3.08019 2.01523 3.35872 2.37568 3.7847 2.53952 3.55533 2.67059 
Utility: 5.2864 5.51769 5.34399 6.08891 5.57328 5.79403 5.13122 5.53475 5.11598 6.35649 6.17714 5.20134 4.99099 5.07035 6.18529 5.49401 5.73456 5.687 6.15729 5.5156 5.98605 5.52596 5.8641 5.49239 5.2519 5.04051 6.32462 5.69897 6.21768 5.86455 5.85827 5.23314 6.28184 5.29994 5.53523 5.44516 5.6672 5.68674 6.7179 5.39979 

--------------------------------------
Time: 31.5039
Split Ratios: 1 1 1 1 1 1 1 1 1 1 1 1 1 1 1 1 1 1 1 1 1 1 1 1 1 1 1 1 1 1 1 1 1 1 1 1 1 1 1 1 
Delays: 0.0144606 0.0102403 0.0101796 0.00864416 0.0119759 0.0124757 0.0130904 0.0154486 0.0149625 0.00573289 0.00729141 0.0107406 0.0144831 0.0131791 0.00724641 0.0101453 0.00887006 0.0109267 0.00571906 0.00872088 0.00889914 0.0101594 0.0101728 0.00727981 0.0119885 0.0144076 0.00448662 0.00721935 0.00571133 0.0101317 0.0115774 0.0115378 0.00576539 0.010044 0.0131516 0.0102635 0.0130956 0.00863508 0.00431812 0.0119988 
Throughputs: 2.94912 2.53952 2.1463 3.93216 3.24403 3.83386 2.49037 3.86662 2.47398 3.7847 3.21126 2.34291 2.01523 1.78586 3.53894 2.44122 2.9655 3.34234 2.47398 1.93331 3.08019 2.31014 3.55533 2.26099 2.11354 3.06381 2.09715 2.3593 2.9655 3.63725 3.50618 2.17907 3.19488 2.24461 3.21126 2.44122 3.47341 2.70336 3.53894 2.9655 
Utility: 5.31784 5.5134 5.35112 6.12006 5.60168 5.72785 5.24831 5.52262 5.10804 6.4925 6.08772 5.38512 4.93551 4.90902 6.19108 5.48324 5.81212 5.72321 6.06978 5.40127 5.84679 5.42667 5.85648 5.73845 5.17217 5.35965 6.14724 5.78935 6.25235 5.88331 5.71323 5.24103 6.31743 5.40931 5.49788 5.47166 5.58062 5.74642 6.70876 5.51 

--------------------------------------
Time: 32.0039
Split Ratios: 1 1 1 1 1 1 1 1 1 1 1 1 1 1 1 1 1 1 1 1 1 1 1 1 1 1 1 1 1 1 1 1 1 1 1 1 1 1 1 1 
Delays: 0.0144222 0.0102512 0.0101846 0.00863861 0.0118487 0.0124968 0.0130184 0.0154357 0.0149925 0.00572989 0.00730488 0.0107644 0.0144685 0.0130304 0.00718448 0.0101434 0.00876453 0.0106606 0.00573719 0.00869564 0.00881853 0.0101774 0.010274 0.00730298 0.0119547 0.0144102 0.00442755 0.00721604 0.005712 0.0101133 0.0115344 0.0115306 0.00576886 0.0100583 0.0132105 0.010201 0.0131329 0.00861246 0.0042997 0.0119146 
Throughputs: 2.75251 2.47398 2.37568 3.98131 2.68698 4.096 2.27738 3.55533 2.42483 3.63725 3.26042 1.98246 2.47398 1.90054 3.53894 2.19546 2.32653 3.24403 2.44122 1.83501 3.21126 2.29376 3.93216 2.08077 2.16269 2.27738 2.63782 2.32653 2.99827 3.83386 3.6864 2.40845 3.14573 1.91693 3.26042 2.34291 3.71917 2.71974 3.34234 2.99827 
Utility: 5.2515 5.48619 5.45216 6.13313 5.42395 5.7923 5.16442 5.43952 5.08597 6.45329 6.10107 5.21585 5.14161 4.98261 6.19966 5.37732 5.58142 5.71802 6.05328 5.35198 5.89757 5.41778 5.94732 5.65221 5.19799 5.06284 6.38986 5.77583 6.26322 5.93778 5.76707 5.34173 6.30133 5.25008 5.5086 5.43666 5.64614 5.75508 6.65588 5.52802 

--------------------------------------
Time: 32.504
Split Ratios: 1 1 1 1 1 1 1 1 1 1 1 1 1 1 1 1 1 1 1 1 1 1 1 1 1 1 1 1 1 1 1 1 1 1 1 1 1 1 1 1 
Delays: 0.0143918 0.0101857 0.0101721 0.00861688 0.0118822 0.012356 0.0130444 0.0151886 0.0149368 0.00572834 0.00730172 0.0105778 0.0145101 0.0130803 0.00724967 0.0101219 0.0088186 0.0106481 0.00575952 0.0087053 0.00890902 0.0102079 0.0102288 0.00729297 0.0119543 0.0144222 0.00450539 0.00723339 0.00570543 0.0100934 0.0115612 0.0115106 0.00579541 0.010091 0.0132167 0.0102647 0.0131397 0.00859856 0.00429666 0.0119466 
Throughputs: 2.88358 2.52314 2.37568 3.76832 3.1785 3.60448 2.42483 3.80109 2.91635 3.53894 2.85082 2.27738 2.40845 2.09715 4.14515 2.52314 2.44122 3.40787 2.63782 2.31014 3.03104 2.44122 3.83386 2.31014 2.16269 2.57229 2.50675 2.24461 2.99827 3.39149 3.7847 2.11354 3.48979 2.58867 3.44064 2.12992 3.63725 2.52314 3.62086 2.67059 
Utility: 5.30013 5.51228 5.45339 6.08066 5.58912 5.67579 5.22516 5.5225 5.27426 6.42616 5.96725 5.37203 5.1119 5.07723 6.34874 5.51856 5.62339 5.76847 6.12685 5.58113 5.8296 5.47709 5.92642 5.75815 5.19802 5.18378 6.32147 5.73758 6.26437 5.81714 5.79107 5.21285 6.40053 5.54725 5.56193 5.33513 5.62335 5.68166 6.73663 5.4096 

--------------------------------------
Time: 33.0041
Split Ratios: 1 1 1 1 1 1 1 1 1 1 1 1 1 1 1 1 1 1 1 1 1 1 1 1 1 1 1 1 1 1 1 1 1 1 1 1 1 1 1 1 
Delays: 0.0144579 0.010161 0.0102066 0.00865651 0.0119236 0.0125137 0.0129749 0.0154299 0.0151705 0.00572129 0.00729957 0.0108536 0.0145597 0.0130004 0.00730658 0.0101829 0.00876014 0.0109284 0.00574238 0.00877188 0.00876789 0.0101983 0.010225 0.0072751 0.012071 0.0144726 0.00441918 0.00720029 0.00573396 0.010105 0.0115317 0.0115513 0.00579492 0.0100625 0.0132753 0.0102477 0.0131427 0.00864745 0.00430197 0.0121079 
Throughputs: 2.85082 2.67059 2.71974 3.88301 2.7689 3.98131 2.1463 3.7847 2.68698 3.21126 3.2768 2.08077 2.1463 2.01523 3.45702 2.11354 2.42483 3.5881 3.03104 2.24461 3.03104 2.34291 3.34234 2.22822 2.09715 2.57229 2.12992 2.31014 2.99827 3.52256 3.71917 2.12992 3.11296 2.3593 3.29318 2.52314 3.86662 2.50675 3.42426 2.93274 
Utility: 5.28412 5.5715 5.58526 6.10605 5.44768 5.76254 5.10849 5.50241 5.17682 6.33023 6.10681 5.25599 4.99324 5.04351 6.15939 5.3354 5.62331 5.79401 6.26879 5.54473 5.84557 5.43692 5.78959 5.7245 5.15753 5.18029 6.17788 5.77094 6.25939 5.85391 5.77615 5.21704 6.28635 5.45731 5.5137 5.5062 5.68427 5.66948 6.67957 5.48983 

--------------------------------------
Time: 33.5041
Split Ratios: 1 1 1 1 1 1 1 1 1 1 1 1 1 1 1 1 1 1 1 1 1 1 1 1 1 1 1 1 1 1 1 1 1 1 1 1 1 1 1 1 
Delays: 0.0144696 0.0102127 0.0101781 0.00862698 0.011857 0.0125572 0.0129327 0.015375 0.0150703 0.00573887 0.00726919 0.0106644 0.0145073 0.0130641 0.00722901 0.0101355 0.00873617 0.0106383 0.00578152 0.00870554 0.00887227 0.0102064 0.0102196 0.00733417 0.0119876 0.0144342 0.00441986 0.00723548 0.00571147 0.0101073 0.0115458 0.0114697 0.00581182 0.0100577 0.0131635 0.0101528 0.0130654 0.00860886 0.00430088 0.0119043 
Throughputs: 3.29318 2.53952 2.42483 3.81747 2.80166 3.6864 2.16269 3.85024 2.65421 3.88301 3.03104 2.01523 1.91693 1.90054 3.83386 2.40845 2.08077 3.21126 2.53952 1.98246 2.93274 2.60506 3.96493 2.24461 1.9497 2.44122 2.32653 2.06438 3.09658 3.29318 3.06381 2.17907 3.6864 2.27738 2.94912 2.26099 3.88301 2.53952 3.44064 2.5559 
Utility: 5.42756 5.5161 5.47327 6.09245 5.46505 5.68211 5.11935 5.52315 5.17118 6.5171 6.03302 5.24158 4.88383 4.98003 6.27352 5.47069 5.47302 5.70996 6.08506 5.42814 5.80076 5.5422 5.96094 5.72374 5.09155 5.13065 6.26602 5.65359 6.29558 5.78635 5.58109 5.24695 6.45251 5.42245 5.41181 5.40581 5.6944 5.68694 6.68459 5.36926 

--------------------------------------
Time: 34.0041
Split Ratios: 1 1 1 1 1 1 1 1 1 1 1 1 1 1 1 1 1 1 1 1 1 1 1 1 1 1 1 1 1 1 1 1 1 1 1 1 1 1 1 1 
Delays: 0.0144431 0.0102448 0.01024 0.00863168 0.0117473 0.0124308 0.0130438 0.0152652 0.01496 0.00575157 0.00729259 0.0106702 0.0145011 0.0130827 0.00722415 0.0101882 0.00877273 0.010727 0.00576401 0.00870165 0.00894384 0.0101965 0.0102698 0.00730628 0.012 0.01446 0.00441654 0.00720778 0.00573134 0.0101382 0.0115039 0.0114902 0.00579621 0.010066 0.0131673 0.0102752 0.0130838 0.00861169 0.00430602 0.0120697 
Throughputs: 2.65421 2.52314 2.12992 3.88301 2.71974 4.1943 2.42483 3.52256 2.57229 3.70278 3.29318 2.09715 2.40845 1.96608 3.48979 2.11354 2.62144 3.52256 2.81805 1.80224 2.9655 2.60506 3.65363 2.16269 2.11354 2.70336 2.21184 2.58867 3.29318 3.19488 3.35872 2.47398 3.34234 2.09715 3.24403 2.73613 4.06323 2.73613 3.48979 3.12934 
Utility: 5.21369 5.50649 5.33754 6.10893 5.44467 5.82131 5.2252 5.44137 5.14717 6.46737 6.11275 5.28088 5.11251 5.01251 6.18017 5.33489 5.69983 5.79418 6.19217 5.33327 5.80384 5.54317 5.87427 5.69037 5.17121 5.23086 6.21622 5.88374 6.35366 5.75299 5.67663 5.37209 6.35722 5.33917 5.50684 5.58457 5.73836 5.76118 6.69758 5.55788 

--------------------------------------
Time: 34.5043
Split Ratios: 1 1 1 1 1 1 1 1 1 1 1 1 1 1 1 1 1 1 1 1 1 1 1 1 1 1 1 1 1 1 1 1 1 1 1 1 1 1 1 1 
Delays: 0.0144591 0.0102083 0.0102017 0.00861711 0.0118925 0.0126529 0.0130554 0.0155617 0.0151775 0.00572242 0.00729276 0.010928 0.0145503 0.0130709 0.00721724 0.0101528 0.00885727 0.0110011 0.00574966 0.00872209 0.008911 0.0102009 0.0102423 0.00732112 0.0118937 0.0144296 0.00439804 0.00724374 0.00572269 0.0100976 0.0115031 0.0115285 0.00577819 0.0100807 0.0131916 0.0102576 0.0131099 0.00864188 0.00431385 0.0118756 
Throughputs: 3.03104 2.62144 2.11354 3.93216 3.29318 3.88301 2.63782 3.96493 2.75251 3.34234 3.11296 2.09715 2.12992 2.12992 3.70278 2.22822 2.31014 3.5881 2.52314 2.048 3.34234 2.42483 3.50618 2.16269 2.24461 2.47398 1.80224 2.42483 3.14573 3.24403 3.57171 2.21184 3.60448 1.85139 3.39149 2.4576 3.88301 2.7689 3.73555 2.63782 
Utility: 5.34534 5.54827 5.33356 6.12319 5.6237 5.72648 5.30851 5.54043 5.20046 6.37003 6.05645 5.25701 4.98623 5.09345 6.24037 5.39121 5.56383 5.78738 6.08412 5.45876 5.92714 5.47104 5.83575 5.68834 5.24028 5.1443 6.01563 5.81338 6.30936 5.77228 5.73818 5.25676 6.43584 5.21307 5.54945 5.47892 5.691 5.76958 6.76382 5.40322 

--------------------------------------
Time: 35.0043
Split Ratios: 1 1 1 1 1 1 1 1 1 1 1 1 1 1 1 1 1 1 1 1 1 1 1 1 1 1 1 1 1 1 1 1 1 1 1 1 1 1 1 1 
Delays: 0.0144237 0.0101695 0.0101086 0.00862585 0.011782 0.0125665 0.0129819 0.0156748 0.0151544 0.00572508 0.00727948 0.0108175 0.0144786 0.0130075 0.00724762 0.0101322 0.00879777 0.0108888 0.00575831 0.00871873 0.0088088 0.0101277 0.0102162 0.00726237 0.01191 0.0144048 0.00440057 0.00724697 0.00572933 0.0101251 0.011574 0.0115168 0.00577081 0.0100468 0.0132167 0.0102215 0.0130961 0.00862198 0.00431245 0.0119155 
Throughputs: 2.85082 2.53952 2.11354 3.53894 2.57229 3.88301 2.37568 4.14515 2.7689 3.06381 3.3751 2.3593 2.32653 1.96608 3.45702 2.37568 2.16269 3.19488 2.70336 2.32653 2.89997 2.37568 4.29261 1.9497 2.29376 2.21184 2.19546 2.4576 3.32595 3.48979 3.75194 1.83501 3.52256 2.08077 3.22765 2.39206 3.85024 2.34291 3.44064 2.70336 
Utility: 5.28649 5.52034 5.34273 6.01682 5.38598 5.73333 5.20948 5.57764 5.20791 6.28256 6.13912 5.38496 5.07946 5.01827 6.16749 5.45732 5.50461 5.68157 6.15161 5.58666 5.7967 5.45777 6.04068 5.59272 5.26057 5.03402 6.21241 5.82636 6.36391 5.84258 5.78126 5.071 6.41413 5.33324 5.49803 5.45542 5.68358 5.60484 6.68191 5.42441 

--------------------------------------
Time: 35.5044
Split Ratios: 1 1 1 1 1 1 1 1 1 1 1 1 1 1 1 1 1 1 1 1 1 1 1 1 1 1 1 1 1 1 1 1 1 1 1 1 1 1 1 1 
Delays: 0.0144601 0.0102141 0.0101828 0.0086354 0.0118915 0.0125493 0.0130192 0.0155414 0.015075 0.00572383 0.00727779 0.0106896 0.0144571 0.0130691 0.00722379 0.0101719 0.00881378 0.010761 0.00579076 0.00871458 0.00885301 0.0102048 0.0102644 0.00730564 0.0119416 0.0144605 0.00443403 0.00724108 0.00571864 0.010194 0.0115575 0.011507 0.0058338 0.0100708 0.0132004 0.0102694 0.0130691 0.00862127 0.00430652 0.0119444 
Throughputs: 2.88358 2.63782 2.5559 3.86662 2.81805 4.01408 2.01523 3.70278 2.67059 3.34234 3.29318 2.01523 2.24461 2.048 3.48979 2.49037 2.52314 3.32595 2.75251 2.39206 3.12934 2.27738 3.88301 2.27738 2.22822 2.57229 2.3593 2.89997 2.98189 3.29318 3.52256 2.12992 3.45702 2.32653 3.50618 2.27738 4.1943 2.42483 3.6864 2.81805 
Utility: 5.2954 5.55394 5.52546 6.10427 5.46798 5.76789 5.04206 5.47333 5.17702 6.36979 6.11478 5.23922 5.0451 5.05437 6.18022 5.50056 5.65694 5.73358 6.16401 5.61491 5.86782 5.40792 5.93568 5.74213 5.22894 5.18113 6.27681 5.99268 6.25658 5.77781 5.71961 5.22088 6.38449 5.44249 5.58203 5.40161 5.77123 5.63929 6.75227 5.46354 

--------------------------------------
Time: 36.0046
Split Ratios: 1 1 1 1 1 1 1 1 1 1 1 1 1 1 1 1 1 1 1 1 1 1 1 1 1 1 1 1 1 1 1 1 1 1 1 1 1 1 1 1 
Delays: 0.0144714 0.0101908 0.0101348 0.00864618 0.0118034 0.0122167 0.0129872 0.0151174 0.0146874 0.0057261 0.00728969 0.0104067 0.0145888 0.01306 0.00722187 0.0101482 0.00877502 0.0104839 0.00576059 0.00873134 0.00879719 0.0102245 0.0101813 0.00729749 0.0121574 0.0144737 0.00444155 0.00723059 0.00571058 0.0101401 0.0115325 0.0115401 0.00577757 0.0100583 0.0132091 0.0102763 0.0132667 0.00861897 0.00432082 0.0120306 
Throughputs: 2.73613 2.53952 2.29376 3.89939 2.91635 3.93216 2.21184 3.35872 2.34291 3.73555 3.47341 1.98246 2.03162 2.08077 3.47341 2.5559 2.50675 3.09658 2.44122 1.99885 2.89997 2.44122 4.24346 2.048 2.29376 2.63782 2.11354 2.65421 2.99827 3.40787 3.11296 2.11354 3.70278 1.80224 3.60448 2.39206 4.22707 2.81805 3.98131 3.03104 
Utility: 5.24213 5.51824 5.42198 6.11146 5.5097 5.77414 5.13761 5.40347 5.07216 6.48062 6.16643 5.24965 4.93633 5.07093 6.17578 5.52887 5.65483 5.68821 6.04921 5.43341 5.79802 5.47546 6.03258 5.63709 5.24001 5.20538 6.16511 5.90558 6.26347 5.81734 5.59816 5.21029 6.46286 5.18839 5.60903 5.45008 5.76401 5.78983 6.82592 5.52921 

