--------------------------------------
Time: 5.50021
Split Ratios: 0.25 0.25 0.25 0.25 0.2 0.2 0.2 0.2 0.2 0.5 0.5 0.166667 0.166667 0.166667 0.166667 0.166667 0.166667 0.2 0.2 0.2 0.2 0.2 0.2 0.2 0.2 0.2 0.2 0.5 0.5 0.333333 0.333333 0.333333 0.5 0.5 0.333333 0.333333 0.333333 
Delays: 0.0137275 0.0237083 0.00499566 0.0127019 0.0182777 0.0200993 0.00781084 0.0139792 0.00717923 0.0141157 
Throughputs: 1.96608 3.12934 2.88358 2.9655 3.44064 2.19546 2.58867 2.70336 3.80109 2.47398 
Utility: 4.96439 4.88275 6.35822 5.45305 5.23773 4.69346 5.80339 5.26468 6.27185 5.1663 

--------------------------------------
Time: 6.00117
Split Ratios: 0.13 0.359 0.179 0.332 0.208 0.376 0.133 0.225 0.058 0.238 0.762 0.046 0.16 0.169 0.017 0.375 0.233 0.048 0.118 0.216 0.237 0.382 0.206 0.089 0.572 0.049 0.084 0.883 0.117 0.185 0.53 0.285 0.406 0.591 0.109 0.782 0.109 
Delays: 0.0151555 0.0221249 0.0054239 0.0120464 0.017964 0.0192908 0.0060596 0.0134462 0.00680016 0.0131662 
Throughputs: 2.11354 3.80109 2.81805 3.19488 3.81747 1.86778 2.63782 2.63782 3.62086 2.37568 
Utility: 4.93775 5.14634 6.25298 5.58054 5.35897 4.57287 6.07607 5.27901 6.27752 5.19539 

--------------------------------------
Time: 6.50156
Split Ratios: 0.13 0.359 0.179 0.332 0.208 0.376 0.133 0.225 0.058 0.238 0.762 0.046 0.16 0.169 0.017 0.375 0.233 0.048 0.118 0.216 0.237 0.382 0.206 0.089 0.572 0.049 0.084 0.883 0.117 0.185 0.53 0.285 0.406 0.591 0.109 0.782 0.109 
Delays: 0.0156862 0.0223534 0.00540251 0.0117338 0.0177465 0.0192177 0.00617728 0.0140431 0.00689056 0.0134113 
Throughputs: 2.26099 3.83386 2.88358 3.47341 3.55533 1.75309 2.39206 2.71974 3.76832 2.49037 
Utility: 4.97078 5.14465 6.27993 5.69042 5.30002 4.5133 5.95903 5.26616 6.30423 5.22409 

--------------------------------------
Time: 7.00181
Split Ratios: 0.13 0.359 0.179 0.332 0.208 0.376 0.133 0.225 0.058 0.238 0.762 0.046 0.16 0.169 0.017 0.375 0.233 0.048 0.118 0.216 0.237 0.382 0.206 0.089 0.572 0.049 0.084 0.883 0.117 0.185 0.53 0.285 0.406 0.591 0.109 0.782 0.109 
Delays: 0.0149685 0.0218254 0.00543784 0.0116749 0.0176396 0.0192572 0.00654736 0.0140008 0.00691999 0.0131688 
Throughputs: 2.1463 3.7847 3.34234 3.7847 3.47341 1.81862 2.29376 2.57229 4.04685 2.47398 
Utility: 4.96556 5.15565 6.42104 5.78128 5.28275 4.54795 5.85889 5.21344 6.37128 5.23574 

--------------------------------------
Time: 7.50195
Split Ratios: 0.13 0.359 0.179 0.332 0.208 0.376 0.133 0.225 0.058 0.238 0.762 0.046 0.16 0.169 0.017 0.375 0.233 0.048 0.118 0.216 0.237 0.382 0.206 0.089 0.572 0.049 0.084 0.883 0.117 0.185 0.53 0.285 0.406 0.591 0.109 0.782 0.109 
Delays: 0.0158279 0.0220862 0.00538832 0.0117109 0.017994 0.0192675 0.00617545 0.0146097 0.00687753 0.013277 
Throughputs: 2.01523 3.5881 2.94912 3.21126 3.62086 2.22822 2.60506 2.58867 3.60448 2.16269 
Utility: 4.84672 5.09042 6.30503 5.6139 5.30443 4.75054 6.04463 5.17721 6.26167 5.09308 

--------------------------------------
Time: 8.00221
Split Ratios: 0.13 0.359 0.179 0.332 0.208 0.376 0.133 0.225 0.058 0.238 0.762 0.046 0.16 0.169 0.017 0.375 0.233 0.048 0.118 0.216 0.237 0.382 0.206 0.089 0.572 0.049 0.084 0.883 0.117 0.185 0.53 0.285 0.406 0.591 0.109 0.782 0.109 
Delays: 0.0154678 0.0218565 0.0053286 0.0117741 0.017501 0.0194186 0.00635508 0.013847 0.00689942 0.0134305 
Throughputs: 1.6384 3.71917 3.2768 3.62086 3.29318 1.91693 2.7689 2.62144 3.45702 2.17907 
Utility: 4.66271 5.13676 6.42153 5.72856 5.23735 4.59225 6.07695 5.24341 6.21673 5.08912 

--------------------------------------
Time: 8.50271
Split Ratios: 0.13 0.359 0.179 0.332 0.208 0.376 0.133 0.225 0.058 0.238 0.762 0.046 0.16 0.169 0.017 0.375 0.233 0.048 0.118 0.216 0.237 0.382 0.206 0.089 0.572 0.049 0.084 0.883 0.117 0.185 0.53 0.285 0.406 0.591 0.109 0.782 0.109 
Delays: 0.0148908 0.0216034 0.00536067 0.0118204 0.0180701 0.0191594 0.00621662 0.013717 0.00667292 0.0132911 
Throughputs: 1.99885 3.89939 2.7689 3.75194 3.73555 1.76947 2.49037 2.65421 3.48979 2.21184 
Utility: 4.89958 5.19573 6.24711 5.7602 5.33139 4.52564 5.99296 5.26527 6.25954 5.11448 

--------------------------------------
Time: 9.00302
Split Ratios: 0.13 0.359 0.179 0.332 0.208 0.376 0.133 0.225 0.058 0.238 0.762 0.046 0.16 0.169 0.017 0.375 0.233 0.048 0.118 0.216 0.237 0.382 0.206 0.089 0.572 0.049 0.084 0.883 0.117 0.185 0.53 0.285 0.406 0.591 0.109 0.782 0.109 
Delays: 0.0150068 0.0219523 0.00541388 0.0119746 0.0181207 0.0192744 0.00612573 0.0134459 0.00686187 0.0132828 
Throughputs: 1.83501 3.6864 2.68698 3.91578 3.55533 2.08077 2.34291 2.99827 3.75194 2.49037 
Utility: 4.8063 5.12353 6.20721 5.78998 5.27915 4.68171 5.94665 5.40712 6.30405 5.23372 

--------------------------------------
Time: 9.50452
Split Ratios: 0.13 0.359 0.179 0.332 0.208 0.376 0.133 0.225 0.058 0.238 0.762 0.046 0.16 0.169 0.017 0.375 0.233 0.048 0.118 0.216 0.237 0.382 0.206 0.089 0.572 0.049 0.084 0.883 0.117 0.185 0.53 0.285 0.406 0.591 0.109 0.782 0.109 
Delays: 0.0154702 0.0223937 0.00537885 0.0118119 0.0178112 0.0192573 0.00612354 0.0135256 0.00696946 0.0134658 
Throughputs: 1.86778 3.47341 3.04742 3.65363 3.89939 1.96608 2.26099 2.34291 3.94854 2.5559 
Utility: 4.79359 5.04411 6.33958 5.73437 5.38875 4.62591 5.91142 5.15457 6.33956 5.24601 

--------------------------------------
Time: 10.0047
Split Ratios: 0.13 0.359 0.179 0.332 0.208 0.376 0.133 0.225 0.058 0.238 0.762 0.046 0.16 0.169 0.017 0.375 0.233 0.048 0.118 0.216 0.237 0.382 0.206 0.089 0.572 0.049 0.084 0.883 0.117 0.185 0.53 0.285 0.406 0.591 0.109 0.782 0.109 
Delays: 0.0156793 0.0220002 0.00538847 0.011927 0.0177295 0.0191049 0.00629039 0.0136939 0.00690761 0.01324 
Throughputs: 2.1463 3.63725 3.03104 3.62086 3.21126 1.78586 2.26099 2.63782 3.70278 2.42483 
Utility: 4.91916 5.10793 6.3324 5.71566 5.19919 4.53771 5.88454 5.26076 6.28422 5.21028 

--------------------------------------
Time: 10.5048
Split Ratios: 0.13 0.359 0.179 0.332 0.208 0.376 0.133 0.225 0.058 0.238 0.762 0.046 0.16 0.169 0.017 0.375 0.233 0.048 0.118 0.216 0.237 0.382 0.206 0.089 0.572 0.049 0.084 0.883 0.117 0.185 0.53 0.285 0.406 0.591 0.109 0.782 0.109 
Delays: 0.0153548 0.0218264 0.00540142 0.0116685 0.017627 0.0193786 0.00629048 0.0136231 0.00692063 0.0131892 
Throughputs: 2.01523 3.81747 2.44122 3.45702 3.89939 2.09715 2.49037 2.75251 3.5881 2.17907 
Utility: 4.87706 5.16423 6.11359 5.69127 5.39914 4.68417 5.98115 5.3085 6.25087 5.10726 

--------------------------------------
Time: 11.0051
Split Ratios: 0.13 0.359 0.179 0.332 0.208 0.376 0.133 0.225 0.058 0.238 0.762 0.046 0.16 0.169 0.017 0.375 0.233 0.048 0.118 0.216 0.237 0.382 0.206 0.089 0.572 0.049 0.084 0.883 0.117 0.185 0.53 0.285 0.406 0.591 0.109 0.782 0.109 
Delays: 0.0157626 0.0220205 0.00537897 0.0119009 0.017814 0.0192766 0.00619697 0.0139715 0.006819 0.0131603 
Throughputs: 2.01523 3.80109 3.21126 3.5881 3.75194 1.81862 2.34291 2.53952 3.57171 2.85082 
Utility: 4.85085 5.15107 6.39192 5.70877 5.35004 4.54694 5.93509 5.20271 6.26109 5.37815 

--------------------------------------
Time: 11.5051
Split Ratios: 0.13 0.359 0.179 0.332 0.208 0.376 0.133 0.225 0.058 0.238 0.762 0.046 0.16 0.169 0.017 0.375 0.233 0.048 0.118 0.216 0.237 0.382 0.206 0.089 0.572 0.049 0.084 0.883 0.117 0.185 0.53 0.285 0.406 0.591 0.109 0.782 0.109 
Delays: 0.0153408 0.0225897 0.00544515 0.0119167 0.0175699 0.0192181 0.00623985 0.0137117 0.00694691 0.0132786 
Throughputs: 2.09715 4.17792 2.52314 3.55533 3.67002 2.03162 2.3593 2.88358 3.85024 2.49037 
Utility: 4.91782 5.22007 6.13853 5.69826 5.34176 4.66074 5.93516 5.34854 6.31759 5.23403 

--------------------------------------
Time: 12.0058
Split Ratios: 0.13 0.359 0.179 0.332 0.208 0.376 0.133 0.225 0.058 0.238 0.762 0.046 0.16 0.169 0.017 0.375 0.233 0.048 0.118 0.216 0.237 0.382 0.206 0.089 0.572 0.049 0.084 0.883 0.117 0.185 0.53 0.285 0.406 0.591 0.109 0.782 0.109 
Delays: 0.015187 0.0217737 0.0053365 0.0118105 0.0178196 0.0192092 0.00618739 0.0139986 0.00695728 0.0132576 
Throughputs: 2.31014 4.01408 2.70336 3.5881 3.93216 1.76947 2.58867 2.40845 3.50618 2.70336 
Utility: 5.02463 5.21686 6.22768 5.71639 5.39665 4.52305 6.03639 5.14778 6.22249 5.31768 

--------------------------------------
Time: 12.5058
Split Ratios: 0.13 0.359 0.179 0.332 0.208 0.376 0.133 0.225 0.058 0.238 0.762 0.046 0.16 0.169 0.017 0.375 0.233 0.048 0.118 0.216 0.237 0.382 0.206 0.089 0.572 0.049 0.084 0.883 0.117 0.185 0.53 0.285 0.406 0.591 0.109 0.782 0.109 
Delays: 0.0148114 0.0217547 0.00536869 0.0118268 0.0180597 0.0193741 0.00623589 0.0135477 0.00691848 0.0131971 
Throughputs: 1.96608 3.50618 2.78528 4.04685 3.32595 1.85139 2.53952 2.65421 4.03046 2.60506 
Utility: 4.8884 5.08245 6.25152 5.83533 5.21583 4.55975 6.00941 5.27768 6.36744 5.28521 

--------------------------------------
Time: 13.0075
Split Ratios: 0.13 0.359 0.179 0.332 0.208 0.376 0.133 0.225 0.058 0.238 0.762 0.046 0.16 0.169 0.017 0.375 0.233 0.048 0.118 0.216 0.237 0.382 0.206 0.089 0.572 0.049 0.084 0.883 0.117 0.185 0.53 0.285 0.406 0.591 0.109 0.782 0.109 
Delays: 0.0152454 0.0217226 0.0053226 0.0116241 0.0179273 0.0191982 0.0060421 0.0142049 0.0069182 0.0134277 
Throughputs: 2.17907 4.16154 2.70336 3.47341 3.47341 2.1463 2.52314 2.80166 3.62086 2.50675 
Utility: 4.96238 5.25529 6.23029 5.69981 5.26657 4.71668 6.03451 5.28438 6.26031 5.22942 

--------------------------------------
Time: 13.5077
Split Ratios: 0.13 0.359 0.179 0.332 0.208 0.376 0.133 0.225 0.058 0.238 0.762 0.046 0.16 0.169 0.017 0.375 0.233 0.048 0.118 0.216 0.237 0.382 0.206 0.089 0.572 0.049 0.084 0.883 0.117 0.185 0.53 0.285 0.406 0.591 0.109 0.782 0.109 
Delays: 0.0153708 0.0218721 0.00538712 0.0116307 0.0175244 0.0191442 0.00599774 0.0142007 0.00701551 0.0132372 
Throughputs: 1.85139 3.75194 2.7689 3.80109 3.53894 2.12992 2.39206 2.47398 3.42426 2.21184 
Utility: 4.79123 5.14482 6.24219 5.78939 5.30799 4.71184 5.98853 5.1603 6.19052 5.11855 

--------------------------------------
Time: 14.0077
Split Ratios: 0.13 0.359 0.179 0.332 0.208 0.376 0.133 0.225 0.058 0.238 0.762 0.046 0.16 0.169 0.017 0.375 0.233 0.048 0.118 0.216 0.237 0.382 0.206 0.089 0.572 0.049 0.084 0.883 0.117 0.185 0.53 0.285 0.406 0.591 0.109 0.782 0.109 
Delays: 0.0152667 0.0218584 0.00533506 0.0118055 0.017741 0.0192056 0.00638459 0.013627 0.00676782 0.0131725 
Throughputs: 2.03162 3.7847 2.78528 3.35872 3.48979 2.4576 2.40845 2.44122 3.88301 2.34291 
Utility: 4.89091 5.15414 6.2578 5.65075 5.28172 4.85174 5.93285 5.1882 6.35219 5.18102 

--------------------------------------
Time: 14.5077
Split Ratios: 0.13 0.359 0.179 0.332 0.208 0.376 0.133 0.225 0.058 0.238 0.762 0.046 0.16 0.169 0.017 0.375 0.233 0.048 0.118 0.216 0.237 0.382 0.206 0.089 0.572 0.049 0.084 0.883 0.117 0.185 0.53 0.285 0.406 0.591 0.109 0.782 0.109 
Delays: 0.0151664 0.0214892 0.00539026 0.0116528 0.0183195 0.0193153 0.0062406 0.014369 0.00688951 0.0132217 
Throughputs: 1.93331 3.60448 2.93274 2.9655 3.21126 1.91693 2.53952 2.3593 3.80109 2.62144 
Utility: 4.84791 5.12238 6.2991 5.53926 5.16645 4.59758 6.00865 5.10105 6.31304 5.28962 

--------------------------------------
Time: 15.0082
Split Ratios: 0.13 0.359 0.179 0.332 0.208 0.376 0.133 0.225 0.058 0.238 0.762 0.046 0.16 0.169 0.017 0.375 0.233 0.048 0.118 0.216 0.237 0.382 0.206 0.089 0.572 0.049 0.084 0.883 0.117 0.185 0.53 0.285 0.406 0.591 0.109 0.782 0.109 
Delays: 0.0152573 0.0217381 0.00534479 0.0118318 0.0177405 0.019217 0.00642609 0.0140005 0.00679784 0.0133041 
Throughputs: 2.11354 3.12934 2.71974 3.08019 3.89939 2.1463 2.63782 3.01466 3.71917 2.4576 
Utility: 4.93106 4.96951 6.23217 5.56195 5.39273 4.71571 6.01734 5.37215 6.30465 5.21886 

--------------------------------------
Time: 15.5083
Split Ratios: 0.13 0.359 0.179 0.332 0.208 0.376 0.133 0.225 0.058 0.238 0.762 0.046 0.16 0.169 0.017 0.375 0.233 0.048 0.118 0.216 0.237 0.382 0.206 0.089 0.572 0.049 0.084 0.883 0.117 0.185 0.53 0.285 0.406 0.591 0.109 0.782 0.109 
Delays: 0.0154573 0.0224787 0.00534884 0.0118217 0.0178823 0.019221 0.00624328 0.0139697 0.0070471 0.0131749 
Throughputs: 1.85139 3.7847 2.91635 3.85024 3.75194 1.98246 2.98189 2.57229 3.73555 2.50675 
Utility: 4.78561 5.12615 6.30121 5.78595 5.34622 4.63609 6.16881 5.21566 6.27304 5.24843 

--------------------------------------
Time: 16.0084
Split Ratios: 0.13 0.359 0.179 0.332 0.208 0.376 0.133 0.225 0.058 0.238 0.762 0.046 0.16 0.169 0.017 0.375 0.233 0.048 0.118 0.216 0.237 0.382 0.206 0.089 0.572 0.049 0.084 0.883 0.117 0.185 0.53 0.285 0.406 0.591 0.109 0.782 0.109 
Delays: 0.0151124 0.0219346 0.00536278 0.0117093 0.0179859 0.0191957 0.00620311 0.0137192 0.00682225 0.0133157 
Throughputs: 2.19546 3.47341 2.70336 3.50618 3.71917 2.048 2.29376 2.65421 3.67002 2.75251 
Utility: 4.97863 5.06483 6.22277 5.7019 5.33167 4.66993 5.9129 5.2651 6.28776 5.33133 

--------------------------------------
Time: 16.5084
Split Ratios: 0.13 0.359 0.179 0.332 0.208 0.376 0.133 0.225 0.058 0.238 0.762 0.046 0.16 0.169 0.017 0.375 0.233 0.048 0.118 0.216 0.237 0.382 0.206 0.089 0.572 0.049 0.084 0.883 0.117 0.185 0.53 0.285 0.406 0.591 0.109 0.782 0.109 
Delays: 0.0151112 0.0221795 0.00540883 0.0117224 0.0178361 0.019266 0.00610889 0.014344 0.00702171 0.0132421 
Throughputs: 2.26099 3.57171 3.30957 3.42426 3.30957 2.08077 2.75251 2.73613 3.63725 2.39206 
Utility: 5.00812 5.08163 6.41654 5.67713 5.22335 4.68215 6.11052 5.25097 6.24998 5.19651 

--------------------------------------
Time: 17.0087
Split Ratios: 0.13 0.359 0.179 0.332 0.208 0.376 0.133 0.225 0.058 0.238 0.762 0.046 0.16 0.169 0.017 0.375 0.233 0.048 0.118 0.216 0.237 0.382 0.206 0.089 0.572 0.049 0.084 0.883 0.117 0.185 0.53 0.285 0.406 0.591 0.109 0.782 0.109 
Delays: 0.0152483 0.0217719 0.0053731 0.0118366 0.0177741 0.0192408 0.00625232 0.0137431 0.00679553 0.013165 
Throughputs: 1.90054 3.81747 2.94912 3.71917 3.53894 2.34291 2.40845 2.9655 3.44064 2.50675 
Utility: 4.82543 5.16672 6.30786 5.75006 5.29384 4.80212 5.95379 5.37426 6.22715 5.24918 

--------------------------------------
Time: 17.5087
Split Ratios: 0.13 0.359 0.179 0.332 0.208 0.376 0.133 0.225 0.058 0.238 0.762 0.046 0.16 0.169 0.017 0.375 0.233 0.048 0.118 0.216 0.237 0.382 0.206 0.089 0.572 0.049 0.084 0.883 0.117 0.185 0.53 0.285 0.406 0.591 0.109 0.782 0.109 
Delays: 0.0145749 0.0219712 0.00541579 0.0118296 0.0179135 0.019391 0.00627623 0.0137166 0.00679643 0.0132736 
Throughputs: 1.93331 3.96493 2.62144 3.62086 3.6864 1.86778 2.57229 2.71974 3.11296 2.4576 
Utility: 4.88769 5.19551 6.18216 5.72387 5.32685 4.56769 6.01578 5.28969 6.12693 5.22117 

--------------------------------------
Time: 18.009
Split Ratios: 0.13 0.359 0.179 0.332 0.208 0.376 0.133 0.225 0.058 0.238 0.762 0.046 0.16 0.169 0.017 0.375 0.233 0.048 0.118 0.216 0.237 0.382 0.206 0.089 0.572 0.049 0.084 0.883 0.117 0.185 0.53 0.285 0.406 0.591 0.109 0.782 0.109 
Delays: 0.0143709 0.0221292 0.00546498 0.0118697 0.0175169 0.0193215 0.00627456 0.0137033 0.00694462 0.0131878 
Throughputs: 2.06438 3.63725 2.89997 3.63725 3.40787 1.88416 2.50675 2.93274 3.52256 2.60506 
Utility: 4.96738 5.10208 6.27409 5.72499 5.27068 4.58002 5.99024 5.36605 6.22898 5.28592 

--------------------------------------
Time: 18.5094
Split Ratios: 0.13 0.359 0.179 0.332 0.208 0.376 0.133 0.225 0.058 0.238 0.762 0.046 0.16 0.169 0.017 0.375 0.233 0.048 0.118 0.216 0.237 0.382 0.206 0.089 0.572 0.049 0.084 0.883 0.117 0.185 0.53 0.285 0.406 0.591 0.109 0.782 0.109 
Delays: 0.0149532 0.0218606 0.00536896 0.0116845 0.0175913 0.0191268 0.00615668 0.0140617 0.00689273 0.0133277 
Throughputs: 1.88416 3.85024 2.93274 3.47341 3.32595 2.21184 2.50675 2.65421 3.63725 2.47398 
Utility: 4.83631 5.17121 6.30306 5.69463 5.24211 4.75049 6.00921 5.24044 6.26851 5.22374 

--------------------------------------
Time: 19.0094
Split Ratios: 0.13 0.359 0.179 0.332 0.208 0.376 0.133 0.225 0.058 0.238 0.762 0.046 0.16 0.169 0.017 0.375 0.233 0.048 0.118 0.216 0.237 0.382 0.206 0.089 0.572 0.049 0.084 0.883 0.117 0.185 0.53 0.285 0.406 0.591 0.109 0.782 0.109 
Delays: 0.0149141 0.0219416 0.00531891 0.0116476 0.0182421 0.0192583 0.0062114 0.0140558 0.00689467 0.013605 
Throughputs: 2.06438 3.93216 2.83443 3.70278 3.62086 2.01523 2.53952 2.93274 3.3751 1.98246 
Utility: 4.93028 5.18856 6.27833 5.76174 5.29074 4.65055 6.01334 5.34066 6.19343 4.98166 

--------------------------------------
Time: 19.5098
Split Ratios: 0.13 0.359 0.179 0.332 0.208 0.376 0.133 0.225 0.058 0.238 0.762 0.046 0.16 0.169 0.017 0.375 0.233 0.048 0.118 0.216 0.237 0.382 0.206 0.089 0.572 0.049 0.084 0.883 0.117 0.185 0.53 0.285 0.406 0.591 0.109 0.782 0.109 
Delays: 0.0153308 0.0217391 0.00537845 0.0119159 0.0178747 0.0191491 0.00620217 0.013813 0.00689161 0.0135153 
Throughputs: 1.96608 3.67002 2.58867 3.98131 4.03046 1.99885 2.62144 2.67059 3.81747 2.42483 
Utility: 4.85393 5.12884 6.1765 5.81149 5.41825 4.64807 6.04658 5.26445 6.31704 5.18969 

--------------------------------------
Time: 20.01
Split Ratios: 0.13 0.359 0.179 0.332 0.208 0.376 0.133 0.225 0.058 0.238 0.762 0.046 0.16 0.169 0.017 0.375 0.233 0.048 0.118 0.216 0.237 0.382 0.206 0.089 0.572 0.049 0.084 0.883 0.117 0.185 0.53 0.285 0.406 0.591 0.109 0.782 0.109 
Delays: 0.0157055 0.02221 0.00539897 0.0119664 0.0176711 0.0192251 0.00638455 0.0139025 0.00694927 0.0132839 
Throughputs: 1.98246 3.71917 2.78528 3.93216 3.76832 2.21184 2.47398 2.58867 3.81747 2.68698 
Utility: 4.83808 5.12071 6.2459 5.79484 5.36245 4.74537 5.9597 5.22683 6.30871 5.30962 

--------------------------------------
Time: 20.5101
Split Ratios: 0.13 0.359 0.179 0.332 0.208 0.376 0.133 0.225 0.058 0.238 0.762 0.046 0.16 0.169 0.017 0.375 0.233 0.048 0.118 0.216 0.237 0.382 0.206 0.089 0.572 0.049 0.084 0.883 0.117 0.185 0.53 0.285 0.406 0.591 0.109 0.782 0.109 
Delays: 0.0149504 0.0221575 0.00531024 0.0117266 0.0177784 0.0192535 0.00623875 0.0141416 0.00698836 0.0133751 
Throughputs: 1.98246 3.83386 2.99827 3.55533 3.47341 1.99885 2.21184 2.57229 3.52256 2.26099 
Utility: 4.88736 5.15345 6.33615 5.71435 5.27491 4.64263 5.8708 5.20343 6.2227 5.13016 

--------------------------------------
Time: 21.0102
Split Ratios: 0.13 0.359 0.179 0.332 0.208 0.376 0.133 0.225 0.058 0.238 0.762 0.046 0.16 0.169 0.017 0.375 0.233 0.048 0.118 0.216 0.237 0.382 0.206 0.089 0.572 0.049 0.084 0.883 0.117 0.185 0.53 0.285 0.406 0.591 0.109 0.782 0.109 
Delays: 0.015158 0.0219308 0.00532168 0.0118806 0.0178734 0.019113 0.00625658 0.0137071 0.00691335 0.013392 
Throughputs: 2.27738 3.81747 3.01466 3.35872 3.21126 1.96608 2.73613 2.60506 3.52256 2.37568 
Utility: 5.01225 5.15945 6.33945 5.64441 5.19111 4.63343 6.08066 5.2473 6.23349 5.17838 

--------------------------------------
Time: 21.5106
Split Ratios: 0.13 0.359 0.179 0.332 0.208 0.376 0.133 0.225 0.058 0.238 0.762 0.046 0.16 0.169 0.017 0.375 0.233 0.048 0.118 0.216 0.237 0.382 0.206 0.089 0.572 0.049 0.084 0.883 0.117 0.185 0.53 0.285 0.406 0.591 0.109 0.782 0.109 
Delays: 0.0159698 0.0224519 0.00537867 0.0119466 0.0177478 0.0193037 0.00626372 0.0137989 0.00697761 0.013224 
Throughputs: 2.12992 3.65363 2.93274 3.88301 3.47341 1.72032 2.53952 2.49037 3.45702 2.26099 
Utility: 4.89314 5.0921 6.30125 5.78392 5.27663 4.48997 6.00496 5.19559 6.20546 5.14153 

--------------------------------------
Time: 22.011
Split Ratios: 0.13 0.359 0.179 0.332 0.208 0.376 0.133 0.225 0.058 0.238 0.762 0.046 0.16 0.169 0.017 0.375 0.233 0.048 0.118 0.216 0.237 0.382 0.206 0.089 0.572 0.049 0.084 0.883 0.117 0.185 0.53 0.285 0.406 0.591 0.109 0.782 0.109 
Delays: 0.0149093 0.0215367 0.00540228 0.0119375 0.0175087 0.0191207 0.00614097 0.0135422 0.00686572 0.0134039 
Throughputs: 2.11354 3.7847 2.89997 3.7847 3.16211 2.03162 2.9655 2.70336 3.63725 2.58867 
Utility: 4.95413 5.16897 6.28563 5.75903 5.1963 4.66582 6.17982 5.29644 6.27244 5.26335 

--------------------------------------
Time: 22.5111
Split Ratios: 0.13 0.359 0.179 0.332 0.208 0.376 0.133 0.225 0.058 0.238 0.762 0.046 0.16 0.169 0.017 0.375 0.233 0.048 0.118 0.216 0.237 0.382 0.206 0.089 0.572 0.049 0.084 0.883 0.117 0.185 0.53 0.285 0.406 0.591 0.109 0.782 0.109 
Delays: 0.014833 0.0216419 0.00549205 0.0117753 0.0180572 0.0194111 0.00603717 0.0133352 0.00689364 0.0130951 
Throughputs: 1.76947 3.71917 3.01466 4.04685 3.62086 2.06438 2.67059 2.32653 3.6864 2.3593 
Utility: 4.78158 5.14662 6.30794 5.83969 5.30092 4.66674 6.09212 5.16172 6.28181 5.19388 

--------------------------------------
Time: 23.0121
Split Ratios: 0.13 0.359 0.179 0.332 0.208 0.376 0.133 0.225 0.058 0.238 0.762 0.046 0.16 0.169 0.017 0.375 0.233 0.048 0.118 0.216 0.237 0.382 0.206 0.089 0.572 0.049 0.084 0.883 0.117 0.185 0.53 0.285 0.406 0.591 0.109 0.782 0.109 
Delays: 0.014753 0.0217608 0.00532649 0.0117876 0.0178716 0.0194968 0.00622588 0.0140811 0.00685982 0.0135098 
Throughputs: 2.08077 3.30957 2.85082 3.5881 3.48979 1.9497 2.88358 2.60506 3.45702 2.4576 
Utility: 4.94905 5.02446 6.28267 5.71833 5.27439 4.60518 6.13807 5.22038 6.22248 5.20353 

--------------------------------------
Time: 23.5121
Split Ratios: 0.13 0.359 0.179 0.332 0.208 0.376 0.133 0.225 0.058 0.238 0.762 0.046 0.16 0.169 0.017 0.375 0.233 0.048 0.118 0.216 0.237 0.382 0.206 0.089 0.572 0.049 0.084 0.883 0.117 0.185 0.53 0.285 0.406 0.591 0.109 0.782 0.109 
Delays: 0.0149279 0.0220912 0.00537945 0.0117537 0.0178918 0.0192423 0.00610029 0.0133379 0.00683693 0.0132293 
Throughputs: 2.06438 4.06323 2.80166 3.60448 3.48979 2.11354 2.39206 2.4576 3.70278 2.4576 
Utility: 4.92936 5.21455 6.25538 5.72577 5.27326 4.69901 5.97158 5.21633 6.2945 5.22451 

--------------------------------------
Time: 24.0124
Split Ratios: 0.13 0.359 0.179 0.332 0.208 0.376 0.133 0.225 0.058 0.238 0.762 0.046 0.16 0.169 0.017 0.375 0.233 0.048 0.118 0.216 0.237 0.382 0.206 0.089 0.572 0.049 0.084 0.883 0.117 0.185 0.53 0.285 0.406 0.591 0.109 0.782 0.109 
Delays: 0.0154677 0.0220301 0.00540083 0.0118019 0.0180696 0.0193083 0.00619069 0.0137072 0.00694504 0.0133838 
Throughputs: 2.26099 3.6864 2.9655 3.57171 3.50618 1.98246 2.52314 2.63782 3.34234 2.58867 
Utility: 4.9848 5.12 6.30825 5.71254 5.26805 4.63156 6.01021 5.25979 6.1764 5.26486 

--------------------------------------
Time: 24.513
Split Ratios: 0.13 0.359 0.179 0.332 0.208 0.376 0.133 0.225 0.058 0.238 0.762 0.046 0.16 0.169 0.017 0.375 0.233 0.048 0.118 0.216 0.237 0.382 0.206 0.089 0.572 0.049 0.084 0.883 0.117 0.185 0.53 0.285 0.406 0.591 0.109 0.782 0.109 
Delays: 0.0155745 0.0222962 0.0053672 0.0116379 0.0178178 0.0193772 0.0062401 0.0138679 0.00691796 0.0131041 
Throughputs: 1.72032 3.81747 2.60506 3.48979 3.47341 1.75309 2.67059 2.39206 3.53894 2.22822 
Utility: 4.70463 5.14293 6.1849 5.70333 5.27269 4.50504 6.05906 5.15034 6.23746 5.13603 

--------------------------------------
Time: 25.0133
Split Ratios: 0.13 0.359 0.179 0.332 0.208 0.376 0.133 0.225 0.058 0.238 0.762 0.046 0.16 0.169 0.017 0.375 0.233 0.048 0.118 0.216 0.237 0.382 0.206 0.089 0.572 0.049 0.084 0.883 0.117 0.185 0.53 0.285 0.406 0.591 0.109 0.782 0.109 
Delays: 0.0158123 0.0222764 0.00539081 0.011975 0.0179587 0.0194356 0.00609766 0.013643 0.0068597 0.0132835 
Throughputs: 2.06438 3.30957 2.80166 3.65363 3.63725 2.24461 2.71974 3.16211 3.75194 2.11354 
Utility: 4.8718 5.00104 6.25327 5.72066 5.31091 4.74918 6.10039 5.44577 6.30436 5.06959 

--------------------------------------
Time: 25.5133
Split Ratios: 0.13 0.359 0.179 0.332 0.208 0.376 0.133 0.225 0.058 0.238 0.762 0.046 0.16 0.169 0.017 0.375 0.233 0.048 0.118 0.216 0.237 0.382 0.206 0.089 0.572 0.049 0.084 0.883 0.117 0.185 0.53 0.285 0.406 0.591 0.109 0.782 0.109 
Delays: 0.0148794 0.0214191 0.00541572 0.0116203 0.0177549 0.0194166 0.00596961 0.0139093 0.00686629 0.0133315 
Throughputs: 1.80224 3.85024 3.06381 3.39149 3.86662 1.98246 2.32653 2.62144 3.32595 2.19546 
Utility: 4.79681 5.19161 6.33811 5.67627 5.38347 4.62597 5.96545 5.23892 6.18289 5.10401 

--------------------------------------
Time: 26.0134
Split Ratios: 0.13 0.359 0.179 0.332 0.208 0.376 0.133 0.225 0.058 0.238 0.762 0.046 0.16 0.169 0.017 0.375 0.233 0.048 0.118 0.216 0.237 0.382 0.206 0.089 0.572 0.049 0.084 0.883 0.117 0.185 0.53 0.285 0.406 0.591 0.109 0.782 0.109 
Delays: 0.0151889 0.0216551 0.00544567 0.011726 0.0175409 0.0192083 0.00598598 0.0137095 0.00699249 0.0132854 
Throughputs: 2.048 3.93216 2.99827 3.42426 3.6864 1.90054 1.99885 2.75251 4.06323 2.58867 
Utility: 4.90405 5.2017 6.31097 5.67683 5.34787 4.59455 5.81091 5.30218 6.3649 5.27224 

--------------------------------------
Time: 26.5138
Split Ratios: 0.13 0.359 0.179 0.332 0.208 0.376 0.133 0.225 0.058 0.238 0.762 0.046 0.16 0.169 0.017 0.375 0.233 0.048 0.118 0.216 0.237 0.382 0.206 0.089 0.572 0.049 0.084 0.883 0.117 0.185 0.53 0.285 0.406 0.591 0.109 0.782 0.109 
Delays: 0.0149036 0.0223377 0.00542867 0.0117937 0.018119 0.0193575 0.0061707 0.0138458 0.0069159 0.0133662 
Throughputs: 2.01523 3.5881 3.04742 3.91578 3.39149 1.98246 2.39206 2.5559 3.5881 2.47398 
Utility: 4.90689 5.0791 6.33036 5.80521 5.23206 4.62902 5.9601 5.21818 6.25155 5.22086 

--------------------------------------
Time: 27.0141
Split Ratios: 0.13 0.359 0.179 0.332 0.208 0.376 0.133 0.225 0.058 0.238 0.762 0.046 0.16 0.169 0.017 0.375 0.233 0.048 0.118 0.216 0.237 0.382 0.206 0.089 0.572 0.049 0.084 0.883 0.117 0.185 0.53 0.285 0.406 0.591 0.109 0.782 0.109 
Delays: 0.0152392 0.0213966 0.00544351 0.011683 0.0177785 0.0190897 0.00611005 0.0141856 0.00678398 0.0133276 
Throughputs: 2.34291 3.50618 3.03104 3.47341 3.30957 1.98246 2.11354 2.22822 3.88301 2.39206 
Utility: 5.03528 5.09905 6.32224 5.69476 5.22658 4.64295 5.84618 5.05673 6.3498 5.19008 

--------------------------------------
Time: 27.5142
Split Ratios: 0.13 0.359 0.179 0.332 0.208 0.376 0.133 0.225 0.058 0.238 0.762 0.046 0.16 0.169 0.017 0.375 0.233 0.048 0.118 0.216 0.237 0.382 0.206 0.089 0.572 0.049 0.084 0.883 0.117 0.185 0.53 0.285 0.406 0.591 0.109 0.782 0.109 
Delays: 0.0156135 0.0222914 0.0054211 0.0117943 0.0178875 0.0193419 0.00609327 0.0141412 0.00702736 0.0131298 
Throughputs: 2.22822 3.83386 2.75251 3.76832 3.21126 2.1463 2.40845 2.70336 3.80109 2.71974 
Utility: 4.96083 5.14743 6.22997 5.76677 5.19032 4.70923 5.97955 5.25316 6.29323 5.33341 

--------------------------------------
Time: 28.0143
Split Ratios: 0.13 0.359 0.179 0.332 0.208 0.376 0.133 0.225 0.058 0.238 0.762 0.046 0.16 0.169 0.017 0.375 0.233 0.048 0.118 0.216 0.237 0.382 0.206 0.089 0.572 0.049 0.084 0.883 0.117 0.185 0.53 0.285 0.406 0.591 0.109 0.782 0.109 
Delays: 0.0150537 0.0229579 0.00535868 0.011975 0.0173999 0.0194187 0.00599743 0.0136978 0.00686508 0.0131264 
Throughputs: 2.27738 3.71917 2.93274 3.35872 3.76832 2.01523 2.4576 2.85082 3.62086 2.44122 
Utility: 5.01916 5.08759 6.30497 5.6365 5.37792 4.64225 6.01561 5.33812 6.26802 5.22562 

--------------------------------------
Time: 28.5147
Split Ratios: 0.13 0.359 0.179 0.332 0.208 0.376 0.133 0.225 0.058 0.238 0.762 0.046 0.16 0.169 0.017 0.375 0.233 0.048 0.118 0.216 0.237 0.382 0.206 0.089 0.572 0.049 0.084 0.883 0.117 0.185 0.53 0.285 0.406 0.591 0.109 0.782 0.109 
Delays: 0.0152942 0.0218913 0.00533498 0.011803 0.0177658 0.0192036 0.00618269 0.0138456 0.00674654 0.0134057 
Throughputs: 2.11354 3.75194 2.81805 3.44064 3.40787 1.83501 2.78528 2.53952 3.30957 2.26099 
Utility: 4.92864 5.14394 6.26952 5.67506 5.25657 4.55971 6.11035 5.21177 6.19554 5.12788 

--------------------------------------
Time: 29.0153
Split Ratios: 0.13 0.359 0.179 0.332 0.208 0.376 0.133 0.225 0.058 0.238 0.762 0.046 0.16 0.169 0.017 0.375 0.233 0.048 0.118 0.216 0.237 0.382 0.206 0.089 0.572 0.049 0.084 0.883 0.117 0.185 0.53 0.285 0.406 0.591 0.109 0.782 0.109 
Delays: 0.0153494 0.0224136 0.00539064 0.0120386 0.0179581 0.0192104 0.00599942 0.0144723 0.00695947 0.0134083 
Throughputs: 1.99885 4.04685 2.67059 3.32595 3.34234 1.90054 2.4576 2.71974 3.57171 2.91635 
Utility: 4.86925 5.19603 6.20539 5.62139 5.22638 4.59444 6.01528 5.23605 6.2407 5.38222 

--------------------------------------
Time: 29.5153
Split Ratios: 0.13 0.359 0.179 0.332 0.208 0.376 0.133 0.225 0.058 0.238 0.762 0.046 0.16 0.169 0.017 0.375 0.233 0.048 0.118 0.216 0.237 0.382 0.206 0.089 0.572 0.049 0.084 0.883 0.117 0.185 0.53 0.285 0.406 0.591 0.109 0.782 0.109 
Delays: 0.0153779 0.0219312 0.00541225 0.0117864 0.0176838 0.0193206 0.00619575 0.0139038 0.00681336 0.0132789 
Throughputs: 1.90054 3.5881 2.73613 3.60448 4.1943 2.03162 2.60506 2.57229 4.12877 2.44122 
Utility: 4.81696 5.09747 6.22563 5.72298 5.46883 4.65542 6.04135 5.22039 6.40685 5.21408 

--------------------------------------
Time: 30.0156
Split Ratios: 0.13 0.359 0.179 0.332 0.208 0.376 0.133 0.225 0.058 0.238 0.762 0.046 0.16 0.169 0.017 0.375 0.233 0.048 0.118 0.216 0.237 0.382 0.206 0.089 0.572 0.049 0.084 0.883 0.117 0.185 0.53 0.285 0.406 0.591 0.109 0.782 0.109 
Delays: 0.0152852 0.021496 0.00543854 0.0117622 0.0178144 0.0192983 0.00627374 0.0141119 0.00687389 0.0131037 
Throughputs: 2.01523 3.88301 2.99827 3.44064 3.53894 2.11354 2.24461 2.68698 3.70278 2.60506 
Utility: 4.8816 5.1965 6.31228 5.67853 5.29157 4.6961 5.87991 5.24915 6.28911 5.29232 

--------------------------------------
Time: 30.5157
Split Ratios: 0.13 0.359 0.179 0.332 0.208 0.376 0.133 0.225 0.058 0.238 0.762 0.046 0.16 0.169 0.017 0.375 0.233 0.048 0.118 0.216 0.237 0.382 0.206 0.089 0.572 0.049 0.084 0.883 0.117 0.185 0.53 0.285 0.406 0.591 0.109 0.782 0.109 
Delays: 0.0148061 0.021822 0.00535105 0.0119034 0.0178514 0.019176 0.00618189 0.014075 0.00697297 0.0131491 
Throughputs: 2.11354 3.29318 2.62144 3.67002 3.26042 2.08077 2.75251 2.4576 4.03046 2.22822 
Utility: 4.96108 5.01669 6.19419 5.73112 5.20753 4.68683 6.09865 5.16254 6.3596 5.13261 

--------------------------------------
Time: 31.0163
Split Ratios: 0.13 0.359 0.179 0.332 0.208 0.376 0.133 0.225 0.058 0.238 0.762 0.046 0.16 0.169 0.017 0.375 0.233 0.048 0.118 0.216 0.237 0.382 0.206 0.089 0.572 0.049 0.084 0.883 0.117 0.185 0.53 0.285 0.406 0.591 0.109 0.782 0.109 
Delays: 0.0153904 0.0220082 0.00541576 0.0118991 0.0177597 0.0192392 0.00623422 0.0137982 0.00680377 0.0131222 
Throughputs: 1.88416 4.4073 3.1785 3.85024 3.40787 2.27738 2.57229 2.53952 3.76832 1.99885 
Utility: 4.80749 5.2996 6.37485 5.77943 5.25691 4.77383 6.0225 5.21519 6.31691 5.02602 

--------------------------------------
Time: 31.5165
Split Ratios: 0.13 0.359 0.179 0.332 0.208 0.376 0.133 0.225 0.058 0.238 0.762 0.046 0.16 0.169 0.017 0.375 0.233 0.048 0.118 0.216 0.237 0.382 0.206 0.089 0.572 0.049 0.084 0.883 0.117 0.185 0.53 0.285 0.406 0.591 0.109 0.782 0.109 
Delays: 0.0141621 0.0221036 0.00538821 0.0117768 0.0177889 0.0192056 0.0061518 0.0139709 0.00698693 0.0130039 
Throughputs: 2.26099 3.83386 2.98189 3.52256 3.70278 1.86778 2.09715 2.52314 3.89939 2.22822 
Utility: 5.07299 5.15589 6.3161 5.70081 5.33827 4.5773 5.83159 5.19628 6.32453 5.14371 

--------------------------------------
Time: 32.0167
Split Ratios: 0.13 0.359 0.179 0.332 0.208 0.376 0.133 0.225 0.058 0.238 0.762 0.046 0.16 0.169 0.017 0.375 0.233 0.048 0.118 0.216 0.237 0.382 0.206 0.089 0.572 0.049 0.084 0.883 0.117 0.185 0.53 0.285 0.406 0.591 0.109 0.782 0.109 
Delays: 0.0159368 0.0219324 0.00543599 0.0115907 0.0176644 0.0193054 0.00635904 0.0139586 0.00691218 0.0132382 
Throughputs: 1.98246 3.86662 2.63782 3.45702 3.35872 1.81862 2.47398 3.11296 3.5881 2.31014 
Utility: 4.82347 5.17217 6.18467 5.69796 5.24777 4.54545 5.96371 5.40723 6.25209 5.16196 

--------------------------------------
Time: 32.5169
Split Ratios: 0.13 0.359 0.179 0.332 0.208 0.376 0.133 0.225 0.058 0.238 0.762 0.046 0.16 0.169 0.017 0.375 0.233 0.048 0.118 0.216 0.237 0.382 0.206 0.089 0.572 0.049 0.084 0.883 0.117 0.185 0.53 0.285 0.406 0.591 0.109 0.782 0.109 
Delays: 0.0151955 0.0215425 0.00533784 0.0119058 0.0176982 0.0191962 0.00629804 0.0143621 0.00717893 0.0135825 
Throughputs: 2.06438 3.89939 2.63782 3.75194 3.55533 2.08077 2.63782 2.58867 3.86662 2.39206 
Utility: 4.91159 5.19855 6.20289 5.753 5.30274 4.68578 6.03747 5.19431 6.28899 5.17113 

--------------------------------------
Time: 33.0172
Split Ratios: 0.13 0.359 0.179 0.332 0.208 0.376 0.133 0.225 0.058 0.238 0.762 0.046 0.16 0.169 0.017 0.375 0.233 0.048 0.118 0.216 0.237 0.382 0.206 0.089 0.572 0.049 0.084 0.883 0.117 0.185 0.53 0.285 0.406 0.591 0.109 0.782 0.109 
Delays: 0.0153325 0.0220028 0.0053719 0.0115953 0.0179551 0.0192935 0.0060543 0.0141556 0.00677105 0.0133323 
Throughputs: 1.86778 3.50618 3.01466 3.67002 3.75194 1.81862 2.21184 2.73613 3.94854 2.67059 
Utility: 4.80253 5.07111 6.33006 5.75736 5.34215 4.54607 5.90081 5.26419 6.36845 5.29986 

--------------------------------------
Time: 33.5172
Split Ratios: 0.13 0.359 0.179 0.332 0.208 0.376 0.133 0.225 0.058 0.238 0.762 0.046 0.16 0.169 0.017 0.375 0.233 0.048 0.118 0.216 0.237 0.382 0.206 0.089 0.572 0.049 0.084 0.883 0.117 0.185 0.53 0.285 0.406 0.591 0.109 0.782 0.109 
Delays: 0.0146077 0.0216006 0.00538259 0.011781 0.0176235 0.0192751 0.0063107 0.0135814 0.00687981 0.0135856 
Throughputs: 2.29376 3.98131 2.99827 3.65363 3.3751 1.9497 2.09715 2.65421 3.93216 2.29376 
Utility: 5.0564 5.21664 6.32262 5.73699 5.25495 4.61662 5.80609 5.2752 6.34835 5.12894 

--------------------------------------
Time: 34.0174
Split Ratios: 0.13 0.359 0.179 0.332 0.208 0.376 0.133 0.225 0.058 0.238 0.762 0.046 0.16 0.169 0.017 0.375 0.233 0.048 0.118 0.216 0.237 0.382 0.206 0.089 0.572 0.049 0.084 0.883 0.117 0.185 0.53 0.285 0.406 0.591 0.109 0.782 0.109 
Delays: 0.0159056 0.0222884 0.00535925 0.0117545 0.0177606 0.0194301 0.00624674 0.0138259 0.00677491 0.0135615 
Throughputs: 1.9497 3.2768 2.50675 3.6864 3.21126 2.34291 2.58867 2.63782 3.81747 2.78528 
Utility: 4.80876 4.99055 6.14792 5.74817 5.19744 4.79233 6.02684 5.25116 6.33412 5.32487 

--------------------------------------
Time: 34.5175
Split Ratios: 0.13 0.359 0.179 0.332 0.208 0.376 0.133 0.225 0.058 0.238 0.762 0.046 0.16 0.169 0.017 0.375 0.233 0.048 0.118 0.216 0.237 0.382 0.206 0.089 0.572 0.049 0.084 0.883 0.117 0.185 0.53 0.285 0.406 0.591 0.109 0.782 0.109 
Delays: 0.015089 0.0220071 0.00538254 0.0116477 0.017716 0.0190556 0.00607329 0.0140898 0.00686436 0.0130669 
Throughputs: 2.06438 3.94854 3.04742 3.70278 3.57171 1.91693 2.52314 2.75251 3.71917 2.21184 
Utility: 4.91862 5.18974 6.33889 5.76173 5.30633 4.61112 6.02936 5.27482 6.29491 5.1315 

--------------------------------------
Time: 35.0176
Split Ratios: 0.13 0.359 0.179 0.332 0.208 0.376 0.133 0.225 0.058 0.238 0.762 0.046 0.16 0.169 0.017 0.375 0.233 0.048 0.118 0.216 0.237 0.382 0.206 0.089 0.572 0.049 0.084 0.883 0.117 0.185 0.53 0.285 0.406 0.591 0.109 0.782 0.109 
Delays: 0.0152804 0.022149 0.00536194 0.011856 0.018066 0.0191488 0.00612332 0.0132532 0.00686145 0.0132388 
Throughputs: 1.96608 3.47341 2.70336 3.21126 3.48979 1.7367 2.40845 2.27738 3.2768 2.3593 
Utility: 4.85723 5.0551 6.22293 5.60159 5.26356 4.50751 5.97463 5.14654 6.1687 5.18297 

--------------------------------------
Time: 35.5179
Split Ratios: 0.13 0.359 0.179 0.332 0.208 0.376 0.133 0.225 0.058 0.238 0.762 0.046 0.16 0.169 0.017 0.375 0.233 0.048 0.118 0.216 0.237 0.382 0.206 0.089 0.572 0.049 0.084 0.883 0.117 0.185 0.53 0.285 0.406 0.591 0.109 0.782 0.109 
Delays: 0.0154791 0.0219199 0.00531731 0.0118102 0.0179922 0.0192622 0.00610902 0.0141773 0.00686141 0.0130941 
Throughputs: 2.47398 4.11238 2.80166 3.70278 3.32595 2.12992 2.67059 2.83443 3.62086 2.5559 
Utility: 5.0741 5.23436 6.267 5.74788 5.21957 4.70569 6.08029 5.29796 6.26856 5.274 

--------------------------------------
Time: 36.0182
Split Ratios: 0.13 0.359 0.179 0.332 0.208 0.376 0.133 0.225 0.058 0.238 0.762 0.046 0.16 0.169 0.017 0.375 0.233 0.048 0.118 0.216 0.237 0.382 0.206 0.089 0.572 0.049 0.084 0.883 0.117 0.185 0.53 0.285 0.406 0.591 0.109 0.782 0.109 
Delays: 0.0156965 0.0227324 0.00535591 0.0118533 0.0177176 0.0192759 0.00618386 0.014066 0.00687185 0.0133094 
Throughputs: 2.29376 3.75194 2.71974 3.44064 3.71917 1.78586 2.73613 2.99827 3.9977 2.5559 
Utility: 4.98451 5.10624 6.23009 5.67081 5.3467 4.5288 6.09236 5.36203 6.36604 5.25769 

