--------------------------------------
Time: 5.50003
Split Ratios: 1 0.333333 0.333333 0.333333 0.333333 0.333333 0.333333 1 0.333333 0.333333 0.333333 0.5 0.5 0.5 0.5 1 0.25 0.25 0.25 0.25 0.5 0.5 0.5 0.5 0.5 0.5 0.333333 0.333333 0.333333 1 1 0.5 0.5 1 0.125 0.125 0.125 0.125 0.125 0.125 0.125 0.125 0.5 0.5 0.25 0.25 0.25 0.25 0.5 0.5 1 1 1 0.25 0.25 0.25 0.25 0.5 0.5 0.25 0.25 0.25 0.25 1 1 0.5 0.5 
Delays: 0.00570747 0.0175594 0.0156903 0.00429268 0.0145447 0.0107992 0.00946611 0.00430191 0.0138361 0.0135996 0.00739747 0.0133135 0.0138166 0.00572556 0.00717589 0.0059614 0.00998008 0.0202827 0.00760441 0.0168786 0.00938748 0.00575631 0.00430308 0.0100121 0.0113278 0.014122 0.0118733 0.0114485 0.0128759 0.00719829 
Throughputs: 1.45818 1.3271 2.06438 2.048 1.6384 2.89997 2.32653 2.11354 1.85139 2.81805 2.08077 2.53952 2.78528 2.16269 2.88358 1.09773 2.11354 2.89997 2.03162 2.4576 3.03104 3.22765 1.44179 1.03219 1.6384 1.90054 2.71974 2.16269 1.98246 2.08077 
Utility: 5.54317 4.32517 4.87955 6.16771 4.72425 5.59298 5.50441 6.19706 4.89641 5.33376 5.63935 5.25095 5.30623 5.93417 5.99606 5.21569 5.35553 4.96269 5.58786 4.9809 5.77728 6.32921 5.81431 4.63565 4.97421 4.90216 5.434 5.24125 5.03674 5.66665 

--------------------------------------
Time: 6.00012
Split Ratios: 1 0.58 0.164 0.256 0.381 0.191 0.427 1 0.543 0.142 0.315 0.255 0.745 0.447 0.553 1 0.294 0.167 0.054 0.485 0.815 0.185 0.292 0.708 0.798 0.202 0.755 0.225 0.02 1 1 0.418 0.582 1 0.035 0.161 0.186 0.094 0.102 0.051 0.226 0.145 0.085 0.915 0.022 0.29 0.329 0.36 0.849 0.151 1 1 1 0.015 0.037 0.08 0.868 0.985 0.015 0.037 0.541 0.315 0.104 1 1 0.447 0.553 
Delays: 0.00570834 0.0184343 0.0156178 0.00428777 0.0142084 0.0104545 0.0097632 0.00428147 0.0136428 0.0131988 0.00655459 0.0112995 0.0136461 0.00572968 0.00714849 0.00561201 0.00997686 0.0206198 0.00603287 0.0171473 0.00881102 0.0057425 0.00429284 0.00999668 0.00782683 0.0128745 0.0102153 0.0114258 0.0128681 0.00716562 
Throughputs: 1.40902 1.50733 2.06438 1.7367 1.58925 2.83443 2.17907 1.91693 1.98246 2.88358 1.75309 2.60506 2.94912 2.60506 2.78528 1.57286 2.3593 3.09658 2.44122 2.63782 2.78528 3.24403 1.49094 0.851968 1.55648 2.03162 2.70336 1.96608 2.40845 1.58925 
Utility: 5.50872 4.40388 4.88418 6.00398 4.71718 5.60257 5.40803 6.10418 4.97888 5.38666 5.58897 5.44045 5.37581 6.11955 5.9652 5.63574 5.46585 5.0118 6.00303 5.03587 5.7561 6.33668 5.85022 4.4453 5.29263 5.06134 5.57837 5.14792 5.23198 5.40172 

--------------------------------------
Time: 6.50023
Split Ratios: 1 0.58 0.164 0.256 0.381 0.191 0.427 1 0.543 0.142 0.315 0.255 0.745 0.447 0.553 1 0.294 0.167 0.054 0.485 0.815 0.185 0.292 0.708 0.798 0.202 0.755 0.225 0.02 1 1 0.418 0.582 1 0.035 0.161 0.186 0.094 0.102 0.051 0.226 0.145 0.085 0.915 0.022 0.29 0.329 0.36 0.849 0.151 1 1 1 0.015 0.037 0.08 0.868 0.985 0.015 0.037 0.541 0.315 0.104 1 1 0.447 0.553 
Delays: 0.00569442 0.0185029 0.0152673 0.00429477 0.0140705 0.0103936 0.00942769 0.00429591 0.0134412 0.0131826 0.00659656 0.0111465 0.0136106 0.00572174 0.00713774 0.00551443 0.00998742 0.0207235 0.0060971 0.0174141 0.00878102 0.00574046 0.00430108 0.0100131 0.00772176 0.0128684 0.0104378 0.011425 0.012853 0.00716381 
Throughputs: 1.37626 1.60563 2.11354 1.91693 1.81862 2.65421 2.60506 2.60506 1.7367 2.71974 1.7367 2.37568 2.88358 2.62144 2.94912 1.26157 2.26099 2.78528 2.03162 2.37568 2.71974 3.19488 1.47456 1.26157 1.47456 2.09715 2.37568 2.01523 1.83501 1.62202 
Utility: 5.48764 4.46335 4.9304 6.10108 4.86175 5.54271 5.62156 6.40755 4.86142 5.32939 5.5732 5.36191 5.35594 6.12721 6.02387 5.43274 5.42223 4.90084 5.80877 4.91576 5.7357 6.32177 5.83725 4.83621 5.25207 5.09356 5.42761 5.17269 4.96123 5.42238 

--------------------------------------
Time: 7.00031
Split Ratios: 1 0.58 0.164 0.256 0.381 0.191 0.427 1 0.543 0.142 0.315 0.255 0.745 0.447 0.553 1 0.294 0.167 0.054 0.485 0.815 0.185 0.292 0.708 0.798 0.202 0.755 0.225 0.02 1 1 0.418 0.582 1 0.035 0.161 0.186 0.094 0.102 0.051 0.226 0.145 0.085 0.915 0.022 0.29 0.329 0.36 0.849 0.151 1 1 1 0.015 0.037 0.08 0.868 0.985 0.015 0.037 0.541 0.315 0.104 1 1 0.447 0.553 
Delays: 0.00571326 0.0184982 0.0158729 0.0042956 0.0142353 0.0103245 0.00957628 0.00429106 0.0135075 0.0131041 0.00654896 0.0109188 0.0137503 0.00571928 0.00713603 0.0053474 0.0099774 0.0208913 0.00611406 0.0172115 0.0087533 0.00571322 0.00430032 0.0100002 0.00751575 0.012908 0.0105932 0.011434 0.0128966 0.00716367 
Throughputs: 1.39264 1.5401 2.49037 1.76947 1.7367 2.91635 2.27738 2.21184 2.37568 2.80166 1.85139 2.34291 2.9655 2.26099 2.94912 1.1305 2.4576 2.88358 1.96608 2.58867 2.91635 3.12934 1.68755 1.06496 1.3271 2.24461 2.7689 1.80224 2.03162 1.99885 
Utility: 5.49617 4.42193 5.05557 6.02084 4.80402 5.64357 5.47149 6.24505 5.16979 5.36504 5.64439 5.36866 5.37374 5.97972 6.02411 5.3538 5.50662 4.92746 5.77321 5.01333 5.80866 6.3058 5.97234 4.66809 5.17375 5.15844 5.56599 5.0602 5.05962 5.6313 

--------------------------------------
Time: 7.50035
Split Ratios: 1 0.58 0.164 0.256 0.381 0.191 0.427 1 0.543 0.142 0.315 0.255 0.745 0.447 0.553 1 0.294 0.167 0.054 0.485 0.815 0.185 0.292 0.708 0.798 0.202 0.755 0.225 0.02 1 1 0.418 0.582 1 0.035 0.161 0.186 0.094 0.102 0.051 0.226 0.145 0.085 0.915 0.022 0.29 0.329 0.36 0.849 0.151 1 1 1 0.015 0.037 0.08 0.868 0.985 0.015 0.037 0.541 0.315 0.104 1 1 0.447 0.553 
Delays: 0.00570799 0.0184746 0.0157609 0.00428173 0.0140099 0.0104215 0.0095155 0.00430813 0.0132883 0.0132223 0.00652004 0.0112714 0.01369 0.00574209 0.00715602 0.00560548 0.00997031 0.0211769 0.00615054 0.0173509 0.00876964 0.00571937 0.00430052 0.0100254 0.0075205 0.0128767 0.0104881 0.0114203 0.0128835 0.00715048 
Throughputs: 1.5401 1.60563 1.86778 1.47456 1.78586 2.67059 2.1463 2.32653 2.048 2.98189 1.90054 2.57229 3.06381 2.7689 3.04742 1.34349 2.16269 2.57229 2.37568 2.73613 2.93274 3.01466 1.5401 0.851968 1.3271 1.99885 2.3593 1.44179 2.22822 1.9497 
Utility: 5.59773 4.46488 4.77497 5.84176 4.84789 5.54618 5.41858 6.29163 5.03773 5.41841 5.67502 5.43028 5.41075 6.17838 6.0541 5.47928 5.3795 4.79964 5.9565 5.06066 5.8124 6.26738 5.88086 4.44243 5.17312 5.0449 5.41588 4.83825 5.15301 5.60825 

--------------------------------------
Time: 8.00042
Split Ratios: 1 0.58 0.164 0.256 0.381 0.191 0.427 1 0.543 0.142 0.315 0.255 0.745 0.447 0.553 1 0.294 0.167 0.054 0.485 0.815 0.185 0.292 0.708 0.798 0.202 0.755 0.225 0.02 1 1 0.418 0.582 1 0.035 0.161 0.186 0.094 0.102 0.051 0.226 0.145 0.085 0.915 0.022 0.29 0.329 0.36 0.849 0.151 1 1 1 0.015 0.037 0.08 0.868 0.985 0.015 0.037 0.541 0.315 0.104 1 1 0.447 0.553 
Delays: 0.00570589 0.0183084 0.0154187 0.004293 0.0141308 0.0102823 0.00918969 0.00428745 0.0140403 0.0131355 0.00650198 0.01155 0.0136662 0.00573987 0.00714826 0.00557672 0.00997565 0.0204248 0.00615109 0.0173423 0.00881004 0.00571615 0.00429645 0.00999553 0.00773854 0.0128547 0.0102394 0.0114362 0.0128928 0.00718942 
Throughputs: 1.5401 1.42541 2.27738 1.80224 1.62202 2.47398 2.34291 2.19546 1.99885 3.09658 2.01523 2.65421 3.21126 2.68698 2.81805 1.35987 2.47398 2.78528 2.32653 2.65421 2.57229 2.67059 1.70394 1.08134 1.67117 1.90054 2.67059 2.17907 2.048 2.24461 
Utility: 5.5981 4.35485 4.9952 6.0398 4.74307 5.48316 5.54107 6.23845 4.95839 5.46274 5.73638 5.43722 5.4595 6.14874 5.97693 5.49654 5.51344 4.91535 5.9355 5.03075 5.67666 6.14676 5.98291 4.68382 5.37507 4.99619 5.56381 5.24987 5.06795 5.74368 

--------------------------------------
Time: 8.50044
Split Ratios: 1 0.58 0.164 0.256 0.381 0.191 0.427 1 0.543 0.142 0.315 0.255 0.745 0.447 0.553 1 0.294 0.167 0.054 0.485 0.815 0.185 0.292 0.708 0.798 0.202 0.755 0.225 0.02 1 1 0.418 0.582 1 0.035 0.161 0.186 0.094 0.102 0.051 0.226 0.145 0.085 0.915 0.022 0.29 0.329 0.36 0.849 0.151 1 1 1 0.015 0.037 0.08 0.868 0.985 0.015 0.037 0.541 0.315 0.104 1 1 0.447 0.553 
Delays: 0.00572213 0.0186602 0.0157872 0.00429792 0.0144511 0.0103424 0.0095749 0.00429667 0.013479 0.0131671 0.00656854 0.0111993 0.0136031 0.00572373 0.00713826 0.00546366 0.00998418 0.020441 0.00599893 0.0173832 0.00876618 0.00572429 0.00428862 0.00999957 0.00769871 0.0128574 0.0103012 0.011465 0.0129108 0.00719756 
Throughputs: 1.49094 1.68755 2.31014 1.9497 1.80224 2.57229 2.57229 2.37568 2.26099 3.30957 1.55648 2.3593 3.34234 2.4576 2.65421 1.24518 2.50675 2.88358 2.048 2.4576 2.67059 2.81805 1.50733 1.06496 1.83501 2.11354 2.50675 2.08077 2.01523 1.93331 
Utility: 5.56282 4.50464 4.98586 6.1173 4.82602 5.5163 5.59341 6.3152 5.12243 5.52685 5.46789 5.35027 5.50413 6.06232 5.91843 5.42892 5.52574 4.94925 5.83304 4.95144 5.71915 6.19908 5.86213 4.66815 5.47375 5.10219 5.49448 5.20119 5.05042 5.59325 

--------------------------------------
Time: 9.00046
Split Ratios: 1 0.58 0.164 0.256 0.381 0.191 0.427 1 0.543 0.142 0.315 0.255 0.745 0.447 0.553 1 0.294 0.167 0.054 0.485 0.815 0.185 0.292 0.708 0.798 0.202 0.755 0.225 0.02 1 1 0.418 0.582 1 0.035 0.161 0.186 0.094 0.102 0.051 0.226 0.145 0.085 0.915 0.022 0.29 0.329 0.36 0.849 0.151 1 1 1 0.015 0.037 0.08 0.868 0.985 0.015 0.037 0.541 0.315 0.104 1 1 0.447 0.553 
Delays: 0.00570232 0.0185918 0.0156873 0.00428627 0.0141777 0.0103323 0.00951264 0.00428666 0.0134699 0.0131742 0.00642006 0.0123308 0.0138524 0.00574055 0.00715382 0.00549158 0.00997985 0.0214406 0.00626242 0.017497 0.00872304 0.00572941 0.00427433 0.0100155 0.00777831 0.0128568 0.0102027 0.0114223 0.0128629 0.00715062 
Throughputs: 1.62202 1.31072 2.1463 1.98246 1.49094 2.57229 2.3593 2.06438 2.048 2.85082 1.78586 2.63782 3.03104 2.3593 3.06381 1.04858 2.40845 2.62144 2.22822 2.49037 2.71974 3.12934 1.6384 0.966656 1.70394 2.1463 2.40845 1.86778 1.85139 1.80224 
Utility: 5.65055 4.25561 4.91865 6.13668 4.6555 5.51727 5.5135 6.17708 5.02416 5.3771 5.62823 5.36561 5.38821 6.01856 6.05977 5.25197 5.48617 4.80619 5.87439 4.95816 5.74233 6.30297 5.94885 4.56971 5.38936 5.11763 5.46408 5.09694 4.96934 5.52959 

--------------------------------------
Time: 9.50058
Split Ratios: 1 0.58 0.164 0.256 0.381 0.191 0.427 1 0.543 0.142 0.315 0.255 0.745 0.447 0.553 1 0.294 0.167 0.054 0.485 0.815 0.185 0.292 0.708 0.798 0.202 0.755 0.225 0.02 1 1 0.418 0.582 1 0.035 0.161 0.186 0.094 0.102 0.051 0.226 0.145 0.085 0.915 0.022 0.29 0.329 0.36 0.849 0.151 1 1 1 0.015 0.037 0.08 0.868 0.985 0.015 0.037 0.541 0.315 0.104 1 1 0.447 0.553 
Delays: 0.00571333 0.0182576 0.0146769 0.00429249 0.014205 0.0104332 0.00953089 0.00428829 0.0137281 0.0131072 0.00659356 0.0114709 0.0137305 0.00573233 0.0071338 0.0054494 0.00998394 0.0206788 0.00623982 0.0171362 0.00876371 0.00572974 0.0043103 0.0100078 0.00786723 0.0128237 0.0101849 0.0114091 0.0128813 0.00714807 
Throughputs: 1.34349 1.49094 2.21184 1.47456 1.50733 2.34291 2.27738 2.19546 2.58867 2.71974 1.88416 2.57229 3.04742 2.53952 2.83443 1.47456 2.39206 2.7689 2.34291 2.29376 3.14573 3.14573 1.50733 1.26157 1.6384 1.72032 2.24461 1.76947 1.98246 1.88416 
Utility: 5.46022 4.40258 5.01531 5.83925 4.6645 5.41416 5.47624 6.23826 5.23945 5.33513 5.65514 5.41274 5.40243 6.09361 5.98475 5.60061 5.47893 4.89709 5.9282 4.89676 5.88318 6.30813 5.85709 4.83675 5.33877 4.89897 5.39538 5.04403 5.03632 5.57439 

--------------------------------------
Time: 10.0009
Split Ratios: 1 0.58 0.164 0.256 0.381 0.191 0.427 1 0.543 0.142 0.315 0.255 0.745 0.447 0.553 1 0.294 0.167 0.054 0.485 0.815 0.185 0.292 0.708 0.798 0.202 0.755 0.225 0.02 1 1 0.418 0.582 1 0.035 0.161 0.186 0.094 0.102 0.051 0.226 0.145 0.085 0.915 0.022 0.29 0.329 0.36 0.849 0.151 1 1 1 0.015 0.037 0.08 0.868 0.985 0.015 0.037 0.541 0.315 0.104 1 1 0.447 0.553 
Delays: 0.00569897 0.0185859 0.015205 0.00429701 0.0142927 0.0102855 0.00964606 0.00427656 0.0134622 0.0131116 0.00662638 0.0115218 0.0136549 0.00573514 0.00714841 0.00543 0.00999647 0.0209286 0.00610642 0.0173111 0.00878782 0.00571514 0.0042964 0.00998091 0.00768368 0.0128496 0.0100889 0.0114271 0.0128854 0.00718785 
Throughputs: 1.60563 1.42541 1.98246 1.99885 1.86778 2.50675 2.3593 2.24461 2.21184 3.19488 1.85139 2.39206 3.1785 2.52314 2.91635 1.16326 2.65421 2.98189 2.03162 2.5559 3.14573 2.68698 1.62202 1.06496 1.62202 1.96608 2.58867 1.98246 1.91693 2.03162 
Utility: 5.64099 4.33981 4.87047 6.14241 4.87275 5.49601 5.49957 6.26314 5.10169 5.49581 5.63263 5.33567 5.45007 6.08665 6.0112 5.36705 5.58167 4.95919 5.80725 4.99481 5.88043 6.15305 5.93365 4.67002 5.35233 5.03049 5.54746 5.1561 5.00238 5.64419 

--------------------------------------
Time: 10.5011
Split Ratios: 1 0.58 0.164 0.256 0.381 0.191 0.427 1 0.543 0.142 0.315 0.255 0.745 0.447 0.553 1 0.294 0.167 0.054 0.485 0.815 0.185 0.292 0.708 0.798 0.202 0.755 0.225 0.02 1 1 0.418 0.582 1 0.035 0.161 0.186 0.094 0.102 0.051 0.226 0.145 0.085 0.915 0.022 0.29 0.329 0.36 0.849 0.151 1 1 1 0.015 0.037 0.08 0.868 0.985 0.015 0.037 0.541 0.315 0.104 1 1 0.447 0.553 
Delays: 0.00570039 0.0183456 0.0155676 0.00429348 0.0144258 0.0102287 0.00947174 0.00427874 0.0135823 0.0130869 0.00645537 0.0110224 0.0137361 0.00573559 0.00714732 0.00559632 0.00997821 0.0205685 0.00627558 0.0173047 0.00875412 0.00573038 0.00430613 0.00996608 0.00752654 0.0128713 0.00987921 0.011426 0.0128896 0.0071526 
Throughputs: 1.52371 1.44179 2.01523 1.70394 1.52371 2.32653 2.57229 1.96608 2.03162 2.73613 2.09715 2.65421 2.91635 2.58867 3.21126 1.11411 2.67059 2.94912 2.52314 2.68698 3.03104 3.09658 1.67117 0.933888 1.67117 2.19546 2.29376 2.09715 1.9497 1.76947 
Utility: 5.58837 4.36425 4.86329 5.9836 4.65989 5.42694 5.60424 6.13014 5.00782 5.34269 5.78342 5.48397 5.35806 6.11221 6.10768 5.2937 5.58965 4.9655 5.99659 5.04519 5.84714 6.29227 5.96124 4.54017 5.40284 5.13915 5.44751 5.21244 5.01901 5.51096 

--------------------------------------
Time: 11.0011
Split Ratios: 1 0.58 0.164 0.256 0.381 0.191 0.427 1 0.543 0.142 0.315 0.255 0.745 0.447 0.553 1 0.294 0.167 0.054 0.485 0.815 0.185 0.292 0.708 0.798 0.202 0.755 0.225 0.02 1 1 0.418 0.582 1 0.035 0.161 0.186 0.094 0.102 0.051 0.226 0.145 0.085 0.915 0.022 0.29 0.329 0.36 0.849 0.151 1 1 1 0.015 0.037 0.08 0.868 0.985 0.015 0.037 0.541 0.315 0.104 1 1 0.447 0.553 
Delays: 0.0057044 0.0182911 0.0157077 0.00428304 0.0144935 0.0103367 0.00964413 0.00428831 0.01369 0.0131499 0.00663284 0.0114916 0.0136795 0.0057293 0.00717696 0.00549755 0.00997852 0.020007 0.00616572 0.0174158 0.00880391 0.0057216 0.00428252 0.0099857 0.00776372 0.0129713 0.0101985 0.0114499 0.012906 0.00721912 
Throughputs: 1.62202 1.34349 2.08077 1.86778 1.76947 2.19546 2.3593 2.27738 2.048 2.9655 1.81862 2.65421 2.83443 2.5559 3.12934 1.42541 2.16269 2.53952 2.27738 2.29376 3.11296 2.60506 1.60563 1.03219 1.68755 2.06438 2.37568 2.16269 2.1463 2.048 
Utility: 5.65019 4.29661 4.88634 6.07784 4.80474 5.35844 5.49977 6.27489 5.00796 5.41839 5.6138 5.44228 5.3337 6.10057 6.0777 5.55791 5.37867 4.84365 5.91178 4.88057 5.86813 6.12096 5.92673 4.63829 5.38157 5.06985 5.4508 5.24112 5.11381 5.64789 

--------------------------------------
Time: 11.5018
Split Ratios: 1 0.58 0.164 0.256 0.381 0.191 0.427 1 0.543 0.142 0.315 0.255 0.745 0.447 0.553 1 0.294 0.167 0.054 0.485 0.815 0.185 0.292 0.708 0.798 0.202 0.755 0.225 0.02 1 1 0.418 0.582 1 0.035 0.161 0.186 0.094 0.102 0.051 0.226 0.145 0.085 0.915 0.022 0.29 0.329 0.36 0.849 0.151 1 1 1 0.015 0.037 0.08 0.868 0.985 0.015 0.037 0.541 0.315 0.104 1 1 0.447 0.553 
Delays: 0.00570235 0.0186797 0.0159245 0.00428477 0.0141462 0.0104338 0.00950177 0.00427166 0.0135837 0.0131256 0.00676197 0.0112308 0.0137205 0.00575356 0.00714528 0.00555734 0.00998389 0.0207024 0.00611485 0.0172304 0.00882475 0.00571403 0.00429243 0.00999361 0.00774529 0.0128761 0.0103305 0.0114387 0.012899 0.00719468 
Throughputs: 1.35987 1.5401 2.22822 2.048 1.75309 2.42483 2.40845 2.16269 2.08077 3.12934 1.99885 2.22822 3.12934 2.63782 2.99827 1.21242 2.4576 2.81805 2.048 3.04742 2.7689 2.8672 1.3271 1.39264 1.85139 2.08077 2.57229 2.06438 1.90054 2.1463 
Utility: 5.47427 4.41217 4.9411 6.16955 4.81969 5.44847 5.53526 6.2271 5.03162 5.47401 5.68901 5.2903 5.42969 6.12789 6.03934 5.38525 5.50597 4.91355 5.8139 5.17538 5.74864 6.21817 5.7339 4.93701 5.47661 5.08512 5.51745 5.19559 4.99274 5.69816 

--------------------------------------
Time: 12.002
Split Ratios: 1 0.58 0.164 0.256 0.381 0.191 0.427 1 0.543 0.142 0.315 0.255 0.745 0.447 0.553 1 0.294 0.167 0.054 0.485 0.815 0.185 0.292 0.708 0.798 0.202 0.755 0.225 0.02 1 1 0.418 0.582 1 0.035 0.161 0.186 0.094 0.102 0.051 0.226 0.145 0.085 0.915 0.022 0.29 0.329 0.36 0.849 0.151 1 1 1 0.015 0.037 0.08 0.868 0.985 0.015 0.037 0.541 0.315 0.104 1 1 0.447 0.553 
Delays: 0.00571119 0.0184168 0.0152644 0.00431196 0.0144714 0.010347 0.00929207 0.00430322 0.013643 0.0131022 0.00665625 0.0118221 0.0136749 0.00575503 0.00713433 0.00564716 0.00999071 0.0206607 0.00606262 0.0172928 0.00878887 0.00572588 0.00437005 0.00998842 0.00770371 0.012915 0.0103733 0.0114297 0.012865 0.00718004 
Throughputs: 1.2288 1.24518 2.16269 1.90054 1.60563 2.53952 2.42483 2.24461 2.40845 3.09658 1.93331 2.60506 2.85082 2.50675 2.8672 1.19603 2.5559 2.88358 2.03162 2.5559 2.81805 3.01466 1.55648 1.04858 1.49094 1.9497 2.63782 1.86778 1.85139 1.96608 
Utility: 5.37137 4.21378 4.95358 6.0885 4.7091 5.50303 5.56436 6.25692 5.17351 5.46527 5.67143 5.39524 5.3398 6.07667 5.99617 5.35561 5.54451 4.93856 5.81444 4.99587 5.77031 6.26625 5.87541 4.65376 5.26546 5.01704 5.53847 5.09629 4.96919 5.61249 

--------------------------------------
Time: 12.5021
Split Ratios: 1 0.58 0.164 0.256 0.381 0.191 0.427 1 0.543 0.142 0.315 0.255 0.745 0.447 0.553 1 0.294 0.167 0.054 0.485 0.815 0.185 0.292 0.708 0.798 0.202 0.755 0.225 0.02 1 1 0.418 0.582 1 0.035 0.161 0.186 0.094 0.102 0.051 0.226 0.145 0.085 0.915 0.022 0.29 0.329 0.36 0.849 0.151 1 1 1 0.015 0.037 0.08 0.868 0.985 0.015 0.037 0.541 0.315 0.104 1 1 0.447 0.553 
Delays: 0.00570738 0.0182415 0.0155233 0.00429318 0.0144206 0.0103381 0.00965856 0.00429675 0.0133761 0.0131847 0.00663993 0.0121487 0.0137226 0.0057429 0.00715525 0.00548861 0.00998228 0.0214117 0.00616623 0.0173914 0.0087828 0.0057334 0.00431458 0.0100333 0.0077852 0.0129483 0.0103043 0.0114541 0.0128622 0.00718353 
Throughputs: 1.52371 1.27795 2.32653 1.75309 1.60563 2.24461 2.44122 2.58867 2.29376 2.89997 1.65478 2.32653 3.12934 2.49037 3.03104 1.39264 2.24461 3.03104 2.12992 2.27738 2.94912 2.81805 1.6384 1.04858 1.6384 2.11354 2.7689 1.91693 1.86778 1.93331 
Utility: 5.58714 4.24932 5.00979 6.01211 4.71261 5.38045 5.53241 6.40104 5.14448 5.3934 5.51832 5.25491 5.42953 6.07222 6.04881 5.53628 5.41547 4.95272 5.84475 4.8748 5.81647 6.19749 5.93948 4.64928 5.34925 5.09516 5.59364 5.12013 4.97821 5.5952 

--------------------------------------
Time: 13.0021
Split Ratios: 1 0.58 0.164 0.256 0.381 0.191 0.427 1 0.543 0.142 0.315 0.255 0.745 0.447 0.553 1 0.294 0.167 0.054 0.485 0.815 0.185 0.292 0.708 0.798 0.202 0.755 0.225 0.02 1 1 0.418 0.582 1 0.035 0.161 0.186 0.094 0.102 0.051 0.226 0.145 0.085 0.915 0.022 0.29 0.329 0.36 0.849 0.151 1 1 1 0.015 0.037 0.08 0.868 0.985 0.015 0.037 0.541 0.315 0.104 1 1 0.447 0.553 
Delays: 0.0057129 0.0182484 0.0160724 0.00429345 0.014165 0.0103851 0.00985994 0.00429298 0.0134652 0.0131295 0.00661049 0.0116322 0.0135177 0.00572724 0.00713946 0.00570375 0.00998703 0.0205296 0.00611145 0.0171803 0.00884391 0.00572336 0.00431023 0.00998805 0.00781454 0.0129013 0.00998798 0.0114194 0.012877 0.00718006 
Throughputs: 1.72032 1.29434 2.09715 1.85139 1.78586 2.40845 2.09715 2.44122 2.048 3.14573 1.90054 2.4576 3.04742 2.5559 2.5559 1.34349 2.60506 2.70336 2.22822 2.63782 3.09658 2.91635 1.52371 1.08134 1.55648 2.24461 2.4576 1.83501 1.99885 1.88416 
Utility: 5.70754 4.26168 4.87123 6.0666 4.83688 5.44637 5.35986 6.34327 5.02451 5.47894 5.66124 5.35317 5.41805 6.10093 5.88052 5.4619 5.56392 4.88038 5.8988 5.03394 5.85832 6.23353 5.86791 4.68457 5.2942 5.15896 5.50556 5.07949 5.04489 5.56993 

--------------------------------------
Time: 13.5021
Split Ratios: 1 0.58 0.164 0.256 0.381 0.191 0.427 1 0.543 0.142 0.315 0.255 0.745 0.447 0.553 1 0.294 0.167 0.054 0.485 0.815 0.185 0.292 0.708 0.798 0.202 0.755 0.225 0.02 1 1 0.418 0.582 1 0.035 0.161 0.186 0.094 0.102 0.051 0.226 0.145 0.085 0.915 0.022 0.29 0.329 0.36 0.849 0.151 1 1 1 0.015 0.037 0.08 0.868 0.985 0.015 0.037 0.541 0.315 0.104 1 1 0.447 0.553 
Delays: 0.0057091 0.0185744 0.0156013 0.00430813 0.0144101 0.0103513 0.00950952 0.00427731 0.0136458 0.0130262 0.006548 0.0116939 0.0137274 0.00573573 0.00714203 0.00545355 0.00999094 0.0202082 0.00626165 0.0172635 0.00881164 0.00573952 0.00427781 0.00998988 0.00792345 0.0129409 0.0102244 0.0114766 0.0128964 0.00718405 
Throughputs: 1.57286 1.55648 2.06438 2.12992 1.60563 2.39206 2.09715 2.37568 2.19546 2.7689 1.45818 2.42483 3.22765 2.26099 2.78528 1.21242 2.44122 3.47341 2.32653 2.50675 2.94912 3.01466 1.42541 1.1305 1.37626 2.27738 2.53952 1.70394 2.08077 2.11354 
Utility: 5.61859 4.4284 4.88523 6.20334 4.71334 5.4428 5.39604 6.31972 5.08071 5.35924 5.40578 5.33445 5.46011 5.97684 5.96611 5.4041 5.49857 5.1468 5.91769 4.97815 5.81319 6.26387 5.80877 4.72884 5.15729 5.17039 5.51495 5.00038 5.08354 5.68425 

--------------------------------------
Time: 14.0021
Split Ratios: 1 0.58 0.164 0.256 0.381 0.191 0.427 1 0.543 0.142 0.315 0.255 0.745 0.447 0.553 1 0.294 0.167 0.054 0.485 0.815 0.185 0.292 0.708 0.798 0.202 0.755 0.225 0.02 1 1 0.418 0.582 1 0.035 0.161 0.186 0.094 0.102 0.051 0.226 0.145 0.085 0.915 0.022 0.29 0.329 0.36 0.849 0.151 1 1 1 0.015 0.037 0.08 0.868 0.985 0.015 0.037 0.541 0.315 0.104 1 1 0.447 0.553 
Delays: 0.0056946 0.0180965 0.0161337 0.00429947 0.0144185 0.0104281 0.00979903 0.00430999 0.0135892 0.0131844 0.00646043 0.0110062 0.0137075 0.00571633 0.00713307 0.00518402 0.00997171 0.0208779 0.00594868 0.0172629 0.00874565 0.00571934 0.00432197 0.0100289 0.00778092 0.0129005 0.0103053 0.0113979 0.0128497 0.00717152 
Throughputs: 1.37626 1.3271 1.9497 1.83501 1.72032 2.4576 2.21184 2.4576 2.21184 2.80166 1.80224 2.22822 2.9655 2.60506 2.89997 1.06496 2.32653 2.91635 2.19546 2.73613 2.63782 2.9655 1.27795 1.14688 1.68755 1.88416 2.73613 1.86778 1.6384 1.96608 
Utility: 5.4876 4.29503 4.79452 6.05631 4.78176 5.46243 5.4193 6.346 5.09231 5.35894 5.63109 5.3105 5.37686 6.12188 6.00771 5.32511 5.45238 4.9394 5.91098 5.06574 5.70915 6.25095 5.6893 4.73933 5.37936 4.98397 5.58164 5.09908 4.84816 5.61368 

--------------------------------------
Time: 14.5024
Split Ratios: 1 0.58 0.164 0.256 0.381 0.191 0.427 1 0.543 0.142 0.315 0.255 0.745 0.447 0.553 1 0.294 0.167 0.054 0.485 0.815 0.185 0.292 0.708 0.798 0.202 0.755 0.225 0.02 1 1 0.418 0.582 1 0.035 0.161 0.186 0.094 0.102 0.051 0.226 0.145 0.085 0.915 0.022 0.29 0.329 0.36 0.849 0.151 1 1 1 0.015 0.037 0.08 0.868 0.985 0.015 0.037 0.541 0.315 0.104 1 1 0.447 0.553 
Delays: 0.00570233 0.0186889 0.01543 0.00430527 0.0142765 0.0102943 0.00954401 0.00429426 0.0136213 0.0130438 0.00648152 0.0110931 0.0136405 0.00573341 0.00714798 0.00550031 0.00997724 0.0208341 0.00602981 0.0173104 0.008764 0.00573156 0.00430313 0.00998811 0.00780272 0.0128825 0.0104685 0.0114085 0.0128846 0.00716784 
Throughputs: 1.34349 1.40902 1.96608 2.048 1.98246 2.26099 2.37568 2.19546 1.9497 3.04742 1.80224 2.60506 2.93274 2.68698 2.98189 1.19603 2.24461 2.94912 2.3593 2.50675 2.83443 3.04742 1.86778 0.999424 1.57286 2.048 2.50675 1.93331 2.19546 1.85139 
Utility: 5.46215 4.32272 4.84748 6.16478 4.93348 5.39196 5.51713 6.23687 4.9638 5.45374 5.62783 5.45888 5.37065 6.14986 6.03348 5.38196 5.41598 4.95267 5.9694 4.97543 5.77894 6.27606 6.07316 4.60578 5.30618 5.06875 5.47837 5.13263 5.13811 5.55409 

--------------------------------------
Time: 15.0024
Split Ratios: 1 0.58 0.164 0.256 0.381 0.191 0.427 1 0.543 0.142 0.315 0.255 0.745 0.447 0.553 1 0.294 0.167 0.054 0.485 0.815 0.185 0.292 0.708 0.798 0.202 0.755 0.225 0.02 1 1 0.418 0.582 1 0.035 0.161 0.186 0.094 0.102 0.051 0.226 0.145 0.085 0.915 0.022 0.29 0.329 0.36 0.849 0.151 1 1 1 0.015 0.037 0.08 0.868 0.985 0.015 0.037 0.541 0.315 0.104 1 1 0.447 0.553 
Delays: 0.00569702 0.0181282 0.0158964 0.00428995 0.0142374 0.0104271 0.00955252 0.00428652 0.0133263 0.0130885 0.00642625 0.0115341 0.0137232 0.00573804 0.007134 0.00519393 0.00996878 0.0208225 0.00603442 0.0171237 0.00882699 0.00574406 0.00430682 0.00998577 0.0076581 0.0128961 0.0100924 0.0114261 0.0128752 0.00718216 
Throughputs: 1.5401 1.40902 1.91693 1.96608 1.65478 2.3593 2.34291 2.27738 2.17907 3.21126 1.86778 2.3593 2.99827 2.81805 3.21126 1.45818 2.16269 2.9655 2.1463 2.21184 2.68698 2.85082 1.58925 1.19603 1.5401 1.88416 2.37568 1.88416 2.21184 2.06438 
Utility: 5.59966 4.35318 4.79239 6.12752 4.75555 5.42171 5.50234 6.2753 5.09691 5.50268 5.67211 5.32081 5.38671 6.19668 6.10955 5.63745 5.37965 4.95877 5.87402 4.86111 5.71836 6.20719 5.91082 4.7856 5.30384 4.98432 5.46126 5.10534 5.14628 5.66099 

--------------------------------------
Time: 15.5027
Split Ratios: 1 0.58 0.164 0.256 0.381 0.191 0.427 1 0.543 0.142 0.315 0.255 0.745 0.447 0.553 1 0.294 0.167 0.054 0.485 0.815 0.185 0.292 0.708 0.798 0.202 0.755 0.225 0.02 1 1 0.418 0.582 1 0.035 0.161 0.186 0.094 0.102 0.051 0.226 0.145 0.085 0.915 0.022 0.29 0.329 0.36 0.849 0.151 1 1 1 0.015 0.037 0.08 0.868 0.985 0.015 0.037 0.541 0.315 0.104 1 1 0.447 0.553 
Delays: 0.00571545 0.0185377 0.0157492 0.00429197 0.0142563 0.0103068 0.00989161 0.00429015 0.0135302 0.0131463 0.00654379 0.011409 0.0136576 0.00571734 0.00713917 0.00556354 0.00997152 0.0203119 0.00598412 0.0173861 0.00890803 0.00573729 0.00432809 0.00999236 0.00761335 0.0128558 0.0100771 0.0114175 0.0128702 0.00717576 
Throughputs: 1.42541 1.6384 2.03162 1.93331 1.86778 2.57229 2.09715 2.19546 2.22822 3.04742 1.90054 2.70336 3.08019 2.67059 2.98189 1.39264 2.03162 2.71974 1.91693 2.37568 3.03104 3.16211 1.60563 1.01581 1.55648 2.048 2.39206 1.90054 1.99885 1.67117 
Utility: 5.51904 4.48167 4.8598 6.11024 4.87531 5.51975 5.35665 6.23782 5.10403 5.44591 5.67138 5.46785 5.41845 6.14655 6.03472 5.52272 5.31685 4.89709 5.76937 4.91737 5.82971 6.31201 5.91615 4.62162 5.32028 5.07082 5.46964 5.11474 5.04541 5.45057 

--------------------------------------
Time: 16.0028
Split Ratios: 1 0.58 0.164 0.256 0.381 0.191 0.427 1 0.543 0.142 0.315 0.255 0.745 0.447 0.553 1 0.294 0.167 0.054 0.485 0.815 0.185 0.292 0.708 0.798 0.202 0.755 0.225 0.02 1 1 0.418 0.582 1 0.035 0.161 0.186 0.094 0.102 0.051 0.226 0.145 0.085 0.915 0.022 0.29 0.329 0.36 0.849 0.151 1 1 1 0.015 0.037 0.08 0.868 0.985 0.015 0.037 0.541 0.315 0.104 1 1 0.447 0.553 
Delays: 0.00569796 0.0180451 0.0152145 0.00429107 0.014095 0.0103384 0.00968166 0.00427901 0.0133848 0.0130357 0.00657763 0.0115634 0.0136986 0.00572605 0.0071378 0.00547459 0.00996849 0.020618 0.00605828 0.0173633 0.008796 0.00573047 0.0043096 0.0100169 0.00810096 0.0128567 0.00990463 0.0114322 0.0128798 0.00719185 
Throughputs: 1.60563 1.34349 2.09715 1.78586 1.70394 2.47398 2.49037 1.96608 1.88416 3.03104 1.70394 2.81805 3.09658 2.44122 2.81805 1.40902 2.048 2.71974 2.3593 2.81805 2.73613 3.22765 1.83501 0.851968 1.7367 2.39206 2.31014 2.09715 2.16269 1.70394 
Utility: 5.64116 4.31015 4.92609 6.03112 4.79488 5.47772 5.54995 6.13008 4.94712 5.44897 5.55702 5.49596 5.42076 6.05523 5.9784 5.55054 5.32519 4.88213 5.96469 5.08944 5.74 6.33371 6.05396 4.44327 5.36776 5.22604 5.45206 5.2119 5.12345 5.46775 

--------------------------------------
Time: 16.5028
Split Ratios: 1 0.58 0.164 0.256 0.381 0.191 0.427 1 0.543 0.142 0.315 0.255 0.745 0.447 0.553 1 0.294 0.167 0.054 0.485 0.815 0.185 0.292 0.708 0.798 0.202 0.755 0.225 0.02 1 1 0.418 0.582 1 0.035 0.161 0.186 0.094 0.102 0.051 0.226 0.145 0.085 0.915 0.022 0.29 0.329 0.36 0.849 0.151 1 1 1 0.015 0.037 0.08 0.868 0.985 0.015 0.037 0.541 0.315 0.104 1 1 0.447 0.553 
Delays: 0.00571749 0.0186497 0.0148544 0.00427948 0.0140625 0.0104307 0.00940636 0.00428595 0.0136498 0.013097 0.00631995 0.0117659 0.0137377 0.0057179 0.00715594 0.00536107 0.00998124 0.020461 0.00597811 0.0171363 0.00880452 0.00572316 0.00431179 0.0100176 0.0076638 0.0129302 0.0101885 0.0114179 0.0128565 0.00717414 
Throughputs: 1.47456 1.34349 2.17907 1.76947 1.6384 2.32653 2.12992 2.3593 2.21184 3.04742 1.9497 2.27738 3.09658 2.5559 2.94912 1.3271 2.58867 2.91635 2.08077 2.58867 2.67059 2.83443 1.65478 1.27795 1.68755 1.99885 2.70336 2.03162 1.99885 1.85139 
Utility: 5.55258 4.2772 4.98835 6.0246 4.75797 5.40738 5.42245 6.31078 5.08786 5.44967 5.73172 5.26557 5.41791 6.10256 6.02132 5.51159 5.55819 4.95957 5.85239 5.0177 5.71479 6.20508 5.95007 4.84867 5.39453 5.04076 5.58099 5.18141 5.04648 5.55321 

--------------------------------------
Time: 17.0028
Split Ratios: 1 0.58 0.164 0.256 0.381 0.191 0.427 1 0.543 0.142 0.315 0.255 0.745 0.447 0.553 1 0.294 0.167 0.054 0.485 0.815 0.185 0.292 0.708 0.798 0.202 0.755 0.225 0.02 1 1 0.418 0.582 1 0.035 0.161 0.186 0.094 0.102 0.051 0.226 0.145 0.085 0.915 0.022 0.29 0.329 0.36 0.849 0.151 1 1 1 0.015 0.037 0.08 0.868 0.985 0.015 0.037 0.541 0.315 0.104 1 1 0.447 0.553 
Delays: 0.00570031 0.018545 0.0153837 0.00430338 0.0142357 0.0103725 0.00980822 0.00427838 0.0136399 0.0131335 0.00653303 0.0119013 0.013703 0.00573189 0.00712756 0.00535816 0.00998343 0.0202034 0.00629296 0.0173112 0.00870052 0.00572856 0.0042798 0.0100061 0.00784824 0.012845 0.0103192 0.0114388 0.012902 0.00717516 
Throughputs: 1.47456 1.5401 2.12992 2.01523 1.72032 2.47398 1.9497 2.24461 1.98246 2.88358 2.08077 2.40845 3.48979 2.49037 2.65421 1.19603 2.09715 2.68698 2.42483 2.3593 2.67059 3.24403 1.39264 1.17965 1.57286 1.88416 2.8672 1.96608 2.3593 1.99885 
Utility: 5.55559 4.4194 4.93053 6.14909 4.79451 5.47443 5.29221 6.26271 4.97909 5.39162 5.76362 5.31009 5.53998 6.07414 5.91993 5.40814 5.34741 4.89032 5.95409 4.91477 5.72667 6.33911 5.78505 4.76977 5.30036 4.98828 5.62709 5.14679 5.20874 5.6297 

--------------------------------------
Time: 17.5029
Split Ratios: 1 0.58 0.164 0.256 0.381 0.191 0.427 1 0.543 0.142 0.315 0.255 0.745 0.447 0.553 1 0.294 0.167 0.054 0.485 0.815 0.185 0.292 0.708 0.798 0.202 0.755 0.225 0.02 1 1 0.418 0.582 1 0.035 0.161 0.186 0.094 0.102 0.051 0.226 0.145 0.085 0.915 0.022 0.29 0.329 0.36 0.849 0.151 1 1 1 0.015 0.037 0.08 0.868 0.985 0.015 0.037 0.541 0.315 0.104 1 1 0.447 0.553 
Delays: 0.00569661 0.0182714 0.0155305 0.00429458 0.0141877 0.0103285 0.00949778 0.00428664 0.0135747 0.0130373 0.00661589 0.0110712 0.0137303 0.00573664 0.00715634 0.00543718 0.00997315 0.020297 0.00620203 0.0172164 0.00880905 0.00570866 0.00430087 0.00997466 0.00805813 0.0128805 0.0103467 0.011424 0.0128657 0.00718884 
Throughputs: 1.44179 1.37626 2.11354 1.65478 1.83501 2.53952 2.40845 2.37568 2.1463 2.60506 2.06438 2.62144 3.03104 2.42483 3.03104 1.5401 2.1463 2.68698 2.52314 2.5559 2.94912 2.9655 1.57286 1.11411 1.83501 1.86778 2.21184 1.72032 1.9497 1.9497 
Utility: 5.53377 4.32178 4.91331 5.95407 4.86243 5.50483 5.53568 6.31754 5.06329 5.2974 5.74311 5.46713 5.39706 6.04664 6.04866 5.64634 5.37161 4.8857 6.00838 5.0003 5.81348 6.25282 5.90184 4.71576 5.42812 4.97679 5.36492 5.01455 5.02086 5.6029 

--------------------------------------
Time: 18.0029
Split Ratios: 1 0.58 0.164 0.256 0.381 0.191 0.427 1 0.543 0.142 0.315 0.255 0.745 0.447 0.553 1 0.294 0.167 0.054 0.485 0.815 0.185 0.292 0.708 0.798 0.202 0.755 0.225 0.02 1 1 0.418 0.582 1 0.035 0.161 0.186 0.094 0.102 0.051 0.226 0.145 0.085 0.915 0.022 0.29 0.329 0.36 0.849 0.151 1 1 1 0.015 0.037 0.08 0.868 0.985 0.015 0.037 0.541 0.315 0.104 1 1 0.447 0.553 
Delays: 0.00570632 0.0187675 0.0161613 0.00429379 0.0143868 0.0103249 0.00972804 0.00430158 0.0137301 0.0131392 0.00642174 0.0113472 0.0134381 0.00573912 0.00715464 0.00560146 0.00997201 0.0210045 0.0062256 0.0172529 0.00889265 0.00574015 0.0042936 0.0100029 0.00757887 0.012877 0.0104329 0.0114257 0.0128559 0.00717257 
Throughputs: 1.60563 1.52371 2.09715 1.91693 1.65478 2.58867 2.26099 2.03162 2.11354 2.91635 2.12992 2.26099 3.53894 2.47398 3.16211 1.24518 2.37568 3.12934 2.03162 2.44122 3.04742 3.35872 1.5401 0.770048 1.42541 2.01523 2.63782 2.1463 2.08077 1.75309 
Utility: 5.6397 4.39678 4.86572 6.10131 4.74512 5.52435 5.44855 6.15761 5.03652 5.40249 5.80415 5.29459 5.57349 6.06628 6.09123 5.40401 5.47326 5.00384 5.78792 4.95227 5.83683 6.37183 5.88247 4.34358 5.23685 5.05304 5.53275 5.23564 5.08669 5.49887 

--------------------------------------
Time: 18.503
Split Ratios: 1 0.58 0.164 0.256 0.381 0.191 0.427 1 0.543 0.142 0.315 0.255 0.745 0.447 0.553 1 0.294 0.167 0.054 0.485 0.815 0.185 0.292 0.708 0.798 0.202 0.755 0.225 0.02 1 1 0.418 0.582 1 0.035 0.161 0.186 0.094 0.102 0.051 0.226 0.145 0.085 0.915 0.022 0.29 0.329 0.36 0.849 0.151 1 1 1 0.015 0.037 0.08 0.868 0.985 0.015 0.037 0.541 0.315 0.104 1 1 0.447 0.553 
Delays: 0.00570222 0.0182286 0.015299 0.00429416 0.0143669 0.010328 0.00932114 0.00429098 0.0135239 0.0131086 0.00667568 0.0109838 0.0134752 0.00572693 0.00715334 0.00552207 0.00998611 0.0209232 0.00611253 0.0174132 0.00881605 0.00573079 0.00428637 0.00998173 0.00760847 0.0129054 0.0100864 0.0114444 0.0128692 0.00715406 
Throughputs: 1.37626 1.57286 2.03162 1.85139 1.99885 2.57229 2.12992 2.34291 2.08077 2.83443 1.86778 2.53952 2.91635 2.47398 3.16211 1.14688 2.53952 2.67059 2.24461 2.5559 2.34291 3.03104 1.3271 1.06496 1.16326 2.11354 2.63782 2.03162 1.70394 1.93331 
Utility: 5.48627 4.45766 4.8888 6.06644 4.9354 5.51769 5.43155 6.30264 5.03603 5.37633 5.63403 5.44331 5.37724 6.06841 6.09142 5.33605 5.53853 4.8492 5.90595 4.98893 5.58258 6.27081 5.73531 4.66994 5.02972 5.09847 5.56652 5.17908 4.88586 5.59931 

--------------------------------------
Time: 19.0031
Split Ratios: 1 0.58 0.164 0.256 0.381 0.191 0.427 1 0.543 0.142 0.315 0.255 0.745 0.447 0.553 1 0.294 0.167 0.054 0.485 0.815 0.185 0.292 0.708 0.798 0.202 0.755 0.225 0.02 1 1 0.418 0.582 1 0.035 0.161 0.186 0.094 0.102 0.051 0.226 0.145 0.085 0.915 0.022 0.29 0.329 0.36 0.849 0.151 1 1 1 0.015 0.037 0.08 0.868 0.985 0.015 0.037 0.541 0.315 0.104 1 1 0.447 0.553 
Delays: 0.0057131 0.0183865 0.0153316 0.00430347 0.0143744 0.0103564 0.00939658 0.00429713 0.0136879 0.0131249 0.00671136 0.0118302 0.0134904 0.00572982 0.00713209 0.00570796 0.00999516 0.020651 0.00619203 0.0174262 0.00889081 0.00572528 0.00431258 0.00999579 0.00770122 0.0128914 0.0101782 0.0114345 0.0128797 0.0071757 
Throughputs: 1.58925 1.3271 2.37568 1.49094 1.52371 2.80166 2.34291 2.44122 1.80224 2.7689 2.08077 2.44122 3.1785 2.65421 2.80166 1.03219 2.44122 2.98189 2.57229 2.75251 2.75251 3.48979 1.55648 1.11411 1.6384 1.7367 2.62144 2.048 2.03162 2.01523 
Utility: 5.62825 4.27914 5.04312 5.84774 4.66346 5.60037 5.5188 6.3423 4.88028 5.35169 5.73669 5.3296 5.46219 6.13822 5.97336 5.19758 5.49815 4.97255 6.02929 5.06229 5.73525 6.41271 5.88865 4.71365 5.3601 4.90318 5.55123 5.18798 5.06094 5.63779 

--------------------------------------
Time: 19.5032
Split Ratios: 1 0.58 0.164 0.256 0.381 0.191 0.427 1 0.543 0.142 0.315 0.255 0.745 0.447 0.553 1 0.294 0.167 0.054 0.485 0.815 0.185 0.292 0.708 0.798 0.202 0.755 0.225 0.02 1 1 0.418 0.582 1 0.035 0.161 0.186 0.094 0.102 0.051 0.226 0.145 0.085 0.915 0.022 0.29 0.329 0.36 0.849 0.151 1 1 1 0.015 0.037 0.08 0.868 0.985 0.015 0.037 0.541 0.315 0.104 1 1 0.447 0.553 
Delays: 0.00569688 0.018043 0.0152055 0.00427653 0.0141632 0.0104022 0.00936712 0.0042995 0.0133821 0.0131228 0.00653617 0.0119184 0.0135952 0.00571938 0.00716252 0.00554001 0.00998259 0.0205258 0.00593415 0.0172897 0.00886754 0.00574227 0.00434228 0.00999123 0.00763359 0.0128234 0.00998452 0.0114226 0.0128584 0.00717441 
Throughputs: 1.49094 1.45818 2.26099 1.88416 1.86778 2.63782 2.39206 2.27738 2.21184 2.99827 1.91693 2.22822 2.9655 2.3593 2.91635 1.44179 2.49037 2.80166 2.06438 2.80166 3.09658 2.93274 1.91693 1.37626 1.80224 1.90054 2.4576 1.86778 1.6384 2.01523 
Utility: 5.56725 4.39218 5.0019 6.08809 4.88185 5.53569 5.54271 6.27228 5.10766 5.43144 5.68113 5.23087 5.38508 6.02226 6.00923 5.56165 5.51934 4.91629 5.85186 5.08786 5.85566 6.23584 6.09008 4.92541 5.46423 4.99863 5.5059 5.09691 4.84748 5.63797 

--------------------------------------
Time: 20.0032
Split Ratios: 1 0.58 0.164 0.256 0.381 0.191 0.427 1 0.543 0.142 0.315 0.255 0.745 0.447 0.553 1 0.294 0.167 0.054 0.485 0.815 0.185 0.292 0.708 0.798 0.202 0.755 0.225 0.02 1 1 0.418 0.582 1 0.035 0.161 0.186 0.094 0.102 0.051 0.226 0.145 0.085 0.915 0.022 0.29 0.329 0.36 0.849 0.151 1 1 1 0.015 0.037 0.08 0.868 0.985 0.015 0.037 0.541 0.315 0.104 1 1 0.447 0.553 
Delays: 0.00569808 0.0185868 0.0158555 0.00428255 0.0142517 0.0103453 0.00958076 0.00429776 0.0134664 0.0130988 0.00645263 0.0112056 0.0136671 0.0057381 0.00714629 0.00575397 0.00997092 0.0202499 0.0061306 0.0172162 0.00877669 0.00572096 0.00430435 0.0100086 0.00779923 0.0128316 0.0102515 0.0114288 0.0129034 0.0071694 
Throughputs: 1.72032 1.5401 1.88416 1.99885 1.6384 2.67059 2.11354 2.39206 1.88416 3.09658 1.80224 2.57229 3.2768 2.34291 2.68698 1.08134 2.37568 2.9655 2.62144 2.39206 3.08019 2.93274 2.12992 1.06496 1.49094 2.1463 2.44122 2.03162 2.03162 2.21184 
Utility: 5.71014 4.41715 4.77772 6.14578 4.7446 5.55352 5.39636 6.32182 4.94104 5.46553 5.6323 5.43614 5.47963 6.01202 5.92958 5.23607 5.47337 4.98665 6.05819 4.93406 5.86065 6.23955 6.20421 4.66724 5.25314 5.11959 5.47283 5.18045 5.05909 5.73176 

--------------------------------------
Time: 20.5033
Split Ratios: 1 0.58 0.164 0.256 0.381 0.191 0.427 1 0.543 0.142 0.315 0.255 0.745 0.447 0.553 1 0.294 0.167 0.054 0.485 0.815 0.185 0.292 0.708 0.798 0.202 0.755 0.225 0.02 1 1 0.418 0.582 1 0.035 0.161 0.186 0.094 0.102 0.051 0.226 0.145 0.085 0.915 0.022 0.29 0.329 0.36 0.849 0.151 1 1 1 0.015 0.037 0.08 0.868 0.985 0.015 0.037 0.541 0.315 0.104 1 1 0.447 0.553 
Delays: 0.00569195 0.0188419 0.0156351 0.00428105 0.0144522 0.0103727 0.00974607 0.00430035 0.0134854 0.013223 0.0065457 0.0116397 0.0136861 0.00575232 0.0071596 0.00532724 0.00998901 0.0206478 0.00610803 0.0172757 0.00873811 0.00572922 0.00430636 0.00998818 0.00757439 0.0128688 0.0100065 0.0114565 0.0128669 0.00717593 
Throughputs: 1.37626 1.24518 1.98246 1.88416 1.85139 2.57229 2.47398 2.3593 2.06438 2.94912 1.81862 2.7689 3.08019 2.75251 3.16211 1.50733 2.27738 2.75251 2.12992 2.40845 3.01466 3.09658 1.49094 1.01581 1.70394 2.19546 2.34291 2.49037 2.1463 2.01523 
Utility: 5.48807 4.19095 4.84257 6.08704 4.85284 5.51337 5.53672 6.30742 5.03098 5.4073 5.62703 5.47178 5.41637 6.17067 6.09054 5.64526 5.42929 4.89266 5.85424 4.93743 5.84355 6.29247 5.84707 4.62204 5.41592 5.13934 5.45591 5.38163 5.11685 5.63776 

--------------------------------------
Time: 21.0033
Split Ratios: 1 0.58 0.164 0.256 0.381 0.191 0.427 1 0.543 0.142 0.315 0.255 0.745 0.447 0.553 1 0.294 0.167 0.054 0.485 0.815 0.185 0.292 0.708 0.798 0.202 0.755 0.225 0.02 1 1 0.418 0.582 1 0.035 0.161 0.186 0.094 0.102 0.051 0.226 0.145 0.085 0.915 0.022 0.29 0.329 0.36 0.849 0.151 1 1 1 0.015 0.037 0.08 0.868 0.985 0.015 0.037 0.541 0.315 0.104 1 1 0.447 0.553 
Delays: 0.00569648 0.018524 0.0152999 0.00429639 0.0143293 0.0103455 0.00971007 0.00428264 0.0135434 0.0132448 0.00672707 0.0112157 0.0137478 0.00573309 0.00715706 0.00517719 0.00997449 0.0210619 0.00609132 0.0173434 0.00876467 0.00573016 0.00428842 0.0100265 0.00763204 0.0129518 0.0102423 0.0114321 0.0128695 0.00718704 
Throughputs: 1.29434 1.52371 1.78586 1.6384 1.91693 2.44122 2.048 2.27738 2.09715 2.7689 1.70394 2.29376 2.80166 2.34291 2.62144 1.57286 2.52314 2.73613 2.22822 2.42483 2.58867 2.99827 1.65478 1.21242 1.45818 1.99885 2.70336 1.83501 1.99885 1.85139 
Utility: 5.42591 4.40984 4.75981 5.9437 4.89617 5.4637 5.35146 6.27621 5.04244 5.3426 5.53456 5.32064 5.31709 6.0129 5.90338 5.71639 5.53323 4.86684 5.9021 4.9403 5.68817 6.26005 5.95551 4.79514 5.25259 5.03909 5.57573 5.07838 5.04546 5.55141 

--------------------------------------
Time: 21.5034
Split Ratios: 1 0.58 0.164 0.256 0.381 0.191 0.427 1 0.543 0.142 0.315 0.255 0.745 0.447 0.553 1 0.294 0.167 0.054 0.485 0.815 0.185 0.292 0.708 0.798 0.202 0.755 0.225 0.02 1 1 0.418 0.582 1 0.035 0.161 0.186 0.094 0.102 0.051 0.226 0.145 0.085 0.915 0.022 0.29 0.329 0.36 0.849 0.151 1 1 1 0.015 0.037 0.08 0.868 0.985 0.015 0.037 0.541 0.315 0.104 1 1 0.447 0.553 
Delays: 0.00572707 0.0183965 0.0159149 0.00428586 0.0142618 0.0104114 0.00939847 0.00427894 0.0134783 0.0130782 0.00663605 0.0115568 0.0136552 0.00575067 0.0071461 0.00539284 0.00998892 0.0198096 0.00601004 0.0172649 0.00878256 0.00572441 0.00429805 0.00998546 0.00751852 0.0129031 0.010271 0.0114232 0.0128997 0.00717097 
Throughputs: 1.42541 1.49094 2.1463 1.52371 1.88416 2.88358 2.1463 2.39206 2.048 3.08019 1.98246 2.53952 2.67059 2.73613 3.06381 1.37626 2.53952 2.60506 2.26099 2.34291 2.81805 2.89997 1.47456 1.11411 2.11354 2.26099 2.65421 2.16269 2.08077 1.86778 
Utility: 5.51701 4.395 4.90425 5.87358 4.88365 5.62389 5.43096 6.32621 5.02354 5.4618 5.69958 5.39246 5.27593 6.16498 6.06085 5.54205 5.53825 4.87904 5.93013 4.91047 5.77103 6.22771 5.83795 4.71468 5.63875 5.16609 5.55457 5.24346 5.08328 5.56246 

--------------------------------------
Time: 22.0035
Split Ratios: 1 0.58 0.164 0.256 0.381 0.191 0.427 1 0.543 0.142 0.315 0.255 0.745 0.447 0.553 1 0.294 0.167 0.054 0.485 0.815 0.185 0.292 0.708 0.798 0.202 0.755 0.225 0.02 1 1 0.418 0.582 1 0.035 0.161 0.186 0.094 0.102 0.051 0.226 0.145 0.085 0.915 0.022 0.29 0.329 0.36 0.849 0.151 1 1 1 0.015 0.037 0.08 0.868 0.985 0.015 0.037 0.541 0.315 0.104 1 1 0.447 0.553 
Delays: 0.00569907 0.0182907 0.0153192 0.00428073 0.0140923 0.0103964 0.00946708 0.00428793 0.0136465 0.0131124 0.00648581 0.0116665 0.013598 0.00573792 0.00714771 0.00542644 0.00997501 0.0205125 0.00626596 0.0172976 0.00879202 0.00571711 0.00430763 0.0100153 0.00777725 0.0128935 0.0103655 0.0114197 0.0128427 0.0071785 
Throughputs: 1.39264 1.67117 1.93331 1.78586 1.47456 2.75251 2.49037 2.29376 1.90054 2.9655 1.91693 2.34291 2.7689 2.78528 3.04742 1.42541 2.03162 2.73613 2.39206 2.5559 2.81805 3.01466 1.5401 0.868352 1.81862 2.22822 2.9655 1.90054 1.99885 1.7367 
Utility: 5.49865 4.51489 4.83788 6.03353 4.65049 5.57881 5.57237 6.28214 4.93641 5.42125 5.68886 5.30243 5.31628 6.18501 6.05526 5.57093 5.3165 4.89326 5.94478 4.9956 5.76996 6.26778 5.87921 4.46248 5.45463 5.15224 5.65632 5.11455 5.04755 5.48865 

--------------------------------------
Time: 22.5036
Split Ratios: 1 0.58 0.164 0.256 0.381 0.191 0.427 1 0.543 0.142 0.315 0.255 0.745 0.447 0.553 1 0.294 0.167 0.054 0.485 0.815 0.185 0.292 0.708 0.798 0.202 0.755 0.225 0.02 1 1 0.418 0.582 1 0.035 0.161 0.186 0.094 0.102 0.051 0.226 0.145 0.085 0.915 0.022 0.29 0.329 0.36 0.849 0.151 1 1 1 0.015 0.037 0.08 0.868 0.985 0.015 0.037 0.541 0.315 0.104 1 1 0.447 0.553 
Delays: 0.00568985 0.0184642 0.0156929 0.00430882 0.0141121 0.0103817 0.00974189 0.00431113 0.0133813 0.0131957 0.00665164 0.0117776 0.0137224 0.00573298 0.00716441 0.00566477 0.00997665 0.0203093 0.00617279 0.0174278 0.00880778 0.00574122 0.00431689 0.0100179 0.00759441 0.0128611 0.00999766 0.0114423 0.0128694 0.0071519 
Throughputs: 1.26157 1.6384 2.21184 2.03162 1.60563 2.42483 2.5559 2.42483 1.7367 2.98189 1.80224 2.50675 2.70336 2.19546 2.9655 1.26157 2.53952 2.53952 2.19546 2.89997 2.58867 2.9655 1.55648 1.39264 1.58925 2.06438 2.40845 1.83501 2.31014 2.22822 
Utility: 5.40143 4.48564 4.94837 6.15592 4.73424 5.45348 5.56973 6.33232 4.86588 5.42042 5.60192 5.36055 5.28322 5.94791 6.02568 5.40584 5.53948 4.82865 5.87399 5.11439 5.68326 6.24713 5.88765 4.93459 5.3436 5.07838 5.48439 5.07748 5.19021 5.74158 

--------------------------------------
Time: 23.0038
Split Ratios: 1 0.58 0.164 0.256 0.381 0.191 0.427 1 0.543 0.142 0.315 0.255 0.745 0.447 0.553 1 0.294 0.167 0.054 0.485 0.815 0.185 0.292 0.708 0.798 0.202 0.755 0.225 0.02 1 1 0.418 0.582 1 0.035 0.161 0.186 0.094 0.102 0.051 0.226 0.145 0.085 0.915 0.022 0.29 0.329 0.36 0.849 0.151 1 1 1 0.015 0.037 0.08 0.868 0.985 0.015 0.037 0.541 0.315 0.104 1 1 0.447 0.553 
Delays: 0.00570947 0.018106 0.0160278 0.00428704 0.0141904 0.0103435 0.00972727 0.00430011 0.0137142 0.0130673 0.00663221 0.0113687 0.0135765 0.00574386 0.0071289 0.00554463 0.0100015 0.0210026 0.00606783 0.017423 0.00886656 0.00573771 0.00431536 0.0100366 0.00777021 0.0129758 0.0100541 0.0114339 0.0128992 0.00718612 
Throughputs: 1.6384 1.29434 2.1463 1.85139 1.80224 2.78528 2.60506 2.16269 2.21184 2.52314 1.83501 2.91635 3.04742 2.26099 2.93274 1.26157 2.52314 2.85082 2.048 2.53952 2.3593 3.53894 1.70394 1.16326 1.58925 1.83501 2.29376 2.06438 1.88416 1.96608 
Utility: 5.65935 4.26951 4.89718 6.0681 4.84422 5.59574 5.59028 6.22047 5.08315 5.26314 5.62287 5.54722 5.41371 5.97543 6.01953 5.42728 5.53052 4.91071 5.82162 4.98194 5.58383 6.42452 5.97852 4.75275 5.32072 4.95172 5.42997 5.19601 4.98407 5.61165 

--------------------------------------
Time: 23.5039
Split Ratios: 1 0.58 0.164 0.256 0.381 0.191 0.427 1 0.543 0.142 0.315 0.255 0.745 0.447 0.553 1 0.294 0.167 0.054 0.485 0.815 0.185 0.292 0.708 0.798 0.202 0.755 0.225 0.02 1 1 0.418 0.582 1 0.035 0.161 0.186 0.094 0.102 0.051 0.226 0.145 0.085 0.915 0.022 0.29 0.329 0.36 0.849 0.151 1 1 1 0.015 0.037 0.08 0.868 0.985 0.015 0.037 0.541 0.315 0.104 1 1 0.447 0.553 
Delays: 0.00569189 0.0180463 0.0150383 0.00427767 0.0143012 0.0103338 0.00964751 0.00430331 0.0136148 0.0132175 0.00645443 0.0115703 0.0137937 0.00573298 0.00715856 0.00549498 0.00997748 0.0207336 0.00617593 0.0172727 0.00875021 0.00572995 0.00429975 0.00998759 0.00785656 0.0129301 0.0103022 0.0114127 0.0128702 0.00717692 
Throughputs: 1.40902 1.37626 2.048 1.68755 1.39264 2.99827 2.63782 2.11354 1.72032 2.67059 1.68755 2.34291 3.21126 2.94912 2.94912 1.27795 2.50675 2.4576 2.3593 2.8672 2.93274 2.98189 1.35987 1.21242 1.42541 2.16269 2.58867 1.91693 1.75309 2.08077 
Utility: 5.51161 4.33418 4.91402 5.97763 4.57862 5.67037 5.61101 6.19673 4.83911 5.30851 5.56627 5.31071 5.45021 6.24303 6.02095 5.44918 5.52641 4.77518 5.94546 5.11196 5.81461 6.2546 5.75659 4.79903 5.20086 5.11955 5.52654 5.12375 4.91422 5.66962 

--------------------------------------
Time: 24.0043
Split Ratios: 1 0.58 0.164 0.256 0.381 0.191 0.427 1 0.543 0.142 0.315 0.255 0.745 0.447 0.553 1 0.294 0.167 0.054 0.485 0.815 0.185 0.292 0.708 0.798 0.202 0.755 0.225 0.02 1 1 0.418 0.582 1 0.035 0.161 0.186 0.094 0.102 0.051 0.226 0.145 0.085 0.915 0.022 0.29 0.329 0.36 0.849 0.151 1 1 1 0.015 0.037 0.08 0.868 0.985 0.015 0.037 0.541 0.315 0.104 1 1 0.447 0.553 
Delays: 0.00571007 0.0185438 0.0158276 0.00429527 0.0142065 0.01043 0.00963707 0.0042957 0.0135661 0.0132051 0.00676026 0.0111424 0.0135664 0.00575804 0.00716571 0.00557312 0.00996801 0.0206063 0.00601986 0.0173936 0.00876569 0.00570584 0.00429489 0.00998211 0.00776188 0.0128497 0.0102202 0.0114533 0.0128972 0.00717098 
Throughputs: 1.68755 1.40902 2.12992 1.86778 1.81862 2.5559 2.21184 2.24461 2.06438 2.78528 1.75309 2.65421 2.88358 2.99827 3.21126 1.29434 2.17907 2.53952 1.88416 2.63782 2.93274 2.99827 1.5401 1.01581 1.57286 1.7367 2.52314 2.26099 2.048 1.83501 
Utility: 5.6888 4.33052 4.90208 6.07499 4.85214 5.50148 5.43596 6.25867 5.02501 5.3515 5.55807 5.47314 5.3592 6.25519 6.10511 5.4478 5.38727 4.81413 5.74617 5.02161 5.81285 6.2643 5.88218 4.62264 5.31143 4.90642 5.5089 5.28528 5.06761 5.54476 

--------------------------------------
Time: 24.5044
Split Ratios: 1 0.58 0.164 0.256 0.381 0.191 0.427 1 0.543 0.142 0.315 0.255 0.745 0.447 0.553 1 0.294 0.167 0.054 0.485 0.815 0.185 0.292 0.708 0.798 0.202 0.755 0.225 0.02 1 1 0.418 0.582 1 0.035 0.161 0.186 0.094 0.102 0.051 0.226 0.145 0.085 0.915 0.022 0.29 0.329 0.36 0.849 0.151 1 1 1 0.015 0.037 0.08 0.868 0.985 0.015 0.037 0.541 0.315 0.104 1 1 0.447 0.553 
Delays: 0.00570823 0.018627 0.0157436 0.00427543 0.0142843 0.0103732 0.00936336 0.00430101 0.0136401 0.0131022 0.00653929 0.0116887 0.0137398 0.00571388 0.00714483 0.00560197 0.00997247 0.0203399 0.00591794 0.0172979 0.00878874 0.00572477 0.00430007 0.00999181 0.00762092 0.0129388 0.0103892 0.0114532 0.0128462 0.00716913 
Throughputs: 1.42541 1.29434 1.85139 1.78586 1.52371 2.53952 2.32653 2.27738 1.85139 2.94912 1.7367 2.75251 2.71974 2.34291 2.75251 1.3271 2.73613 2.65421 2.01523 2.49037 2.8672 3.06381 1.45818 0.917504 1.37626 2.31014 2.40845 1.91693 2.06438 1.68755 
Utility: 5.52031 4.24114 4.76726 6.03477 4.66974 5.50051 5.51533 6.27193 4.91068 5.41648 5.58192 5.46165 5.288 6.01625 5.95388 5.46764 5.61447 4.87131 5.8305 4.9696 5.78762 6.28261 5.82631 4.51989 5.19622 5.18483 5.44597 5.12021 5.07954 5.46125 

--------------------------------------
Time: 25.0044
Split Ratios: 1 0.58 0.164 0.256 0.381 0.191 0.427 1 0.543 0.142 0.315 0.255 0.745 0.447 0.553 1 0.294 0.167 0.054 0.485 0.815 0.185 0.292 0.708 0.798 0.202 0.755 0.225 0.02 1 1 0.418 0.582 1 0.035 0.161 0.186 0.094 0.102 0.051 0.226 0.145 0.085 0.915 0.022 0.29 0.329 0.36 0.849 0.151 1 1 1 0.015 0.037 0.08 0.868 0.985 0.015 0.037 0.541 0.315 0.104 1 1 0.447 0.553 
Delays: 0.00570178 0.0181742 0.0159874 0.00427719 0.0143432 0.0103322 0.00951477 0.00428991 0.0135595 0.0131193 0.00667978 0.0114778 0.0137641 0.00572758 0.0071295 0.00523875 0.00997886 0.0207679 0.00613152 0.0173562 0.00870764 0.00573143 0.00429311 0.00998366 0.0076331 0.012841 0.010127 0.0114246 0.01284 0.00717458 
Throughputs: 1.45818 1.29434 1.9497 1.68755 1.99885 2.44122 2.47398 2.21184 2.11354 2.71974 1.68755 2.7689 3.04742 3.04742 2.52314 1.44179 2.16269 2.73613 2.47398 2.58867 2.83443 3.3751 1.55648 0.999424 1.98246 2.16269 2.49037 1.83501 1.7367 1.99885 
Utility: 5.54416 4.26575 4.80363 5.97774 4.93705 5.46498 5.56074 6.24532 5.04903 5.33421 5.53195 5.48579 5.39999 6.27676 5.86902 5.61756 5.37864 4.88089 6.00014 5.00495 5.7854 6.37822 5.89317 4.60623 5.5596 5.12646 5.50498 5.07904 4.90718 5.62978 

--------------------------------------
Time: 25.5046
Split Ratios: 1 0.58 0.164 0.256 0.381 0.191 0.427 1 0.543 0.142 0.315 0.255 0.745 0.447 0.553 1 0.294 0.167 0.054 0.485 0.815 0.185 0.292 0.708 0.798 0.202 0.755 0.225 0.02 1 1 0.418 0.582 1 0.035 0.161 0.186 0.094 0.102 0.051 0.226 0.145 0.085 0.915 0.022 0.29 0.329 0.36 0.849 0.151 1 1 1 0.015 0.037 0.08 0.868 0.985 0.015 0.037 0.541 0.315 0.104 1 1 0.447 0.553 
Delays: 0.005689 0.0187519 0.0156691 0.00430767 0.0142952 0.0103323 0.00954332 0.00429761 0.0133758 0.0131486 0.00662275 0.0111572 0.0137217 0.0057347 0.00715279 0.00544008 0.00997652 0.0207121 0.00601216 0.0173602 0.00875688 0.00572145 0.00429408 0.00998816 0.0075417 0.0128974 0.0103724 0.0114383 0.0128391 0.00717763 
Throughputs: 1.3271 1.44179 1.88416 1.98246 1.6384 2.7689 2.3593 2.68698 2.09715 3.01466 1.86778 2.53952 3.24403 2.40845 3.01466 1.39264 2.44122 2.75251 2.27738 2.99827 2.70336 3.01466 1.45818 1.19603 1.49094 2.048 2.52314 1.72032 2.31014 1.47456 
Utility: 5.45222 4.34235 4.78955 6.1317 4.74155 5.59093 5.51028 6.43811 5.05489 5.43492 5.64199 5.42765 5.4656 6.0402 6.04374 5.54516 5.50002 4.88955 5.937 5.15161 5.73241 6.26702 5.8277 4.78536 5.28672 5.06759 5.49411 5.0133 5.19257 5.32515 

--------------------------------------
Time: 26.0046
Split Ratios: 1 0.58 0.164 0.256 0.381 0.191 0.427 1 0.543 0.142 0.315 0.255 0.745 0.447 0.553 1 0.294 0.167 0.054 0.485 0.815 0.185 0.292 0.708 0.798 0.202 0.755 0.225 0.02 1 1 0.418 0.582 1 0.035 0.161 0.186 0.094 0.102 0.051 0.226 0.145 0.085 0.915 0.022 0.29 0.329 0.36 0.849 0.151 1 1 1 0.015 0.037 0.08 0.868 0.985 0.015 0.037 0.541 0.315 0.104 1 1 0.447 0.553 
Delays: 0.00571809 0.0184831 0.015341 0.00427286 0.0144772 0.0103587 0.00962971 0.0042748 0.0136735 0.0132378 0.00661778 0.0116527 0.0135724 0.00575212 0.00713684 0.00557895 0.0099854 0.021194 0.00639407 0.0173142 0.00880762 0.00574018 0.00431335 0.0100209 0.00789034 0.0129128 0.0100907 0.0114218 0.0129134 0.00718287 
Throughputs: 1.40902 1.2288 2.3593 1.5401 1.65478 2.78528 2.37568 2.29376 1.99885 3.14573 1.83501 2.5559 2.75251 2.73613 2.8672 1.49094 2.37568 2.8672 2.31014 2.44122 3.32595 3.19488 1.52371 0.884736 1.96608 2.3593 2.40845 1.83501 2.16269 1.90054 
Utility: 5.50702 4.19694 5.03559 5.88732 4.73885 5.59428 5.50819 6.28521 4.98487 5.47073 5.62504 5.39062 5.31223 6.16473 5.99582 5.58817 5.47192 4.90737 5.88969 4.94873 5.93389 6.32181 5.86719 4.48062 5.51816 5.2079 5.47512 5.07928 5.12084 5.5782 

--------------------------------------
Time: 26.5046
Split Ratios: 1 0.58 0.164 0.256 0.381 0.191 0.427 1 0.543 0.142 0.315 0.255 0.745 0.447 0.553 1 0.294 0.167 0.054 0.485 0.815 0.185 0.292 0.708 0.798 0.202 0.755 0.225 0.02 1 1 0.418 0.582 1 0.035 0.161 0.186 0.094 0.102 0.051 0.226 0.145 0.085 0.915 0.022 0.29 0.329 0.36 0.849 0.151 1 1 1 0.015 0.037 0.08 0.868 0.985 0.015 0.037 0.541 0.315 0.104 1 1 0.447 0.553 
Delays: 0.00569957 0.018025 0.0152665 0.00427794 0.014144 0.0103826 0.00944949 0.00428513 0.0135693 0.0131117 0.0065152 0.0112658 0.013758 0.00574764 0.00713621 0.00535161 0.00997043 0.0208345 0.00606946 0.017308 0.00878508 0.00572831 0.00431705 0.0100218 0.00749537 0.0129002 0.0101285 0.011421 0.0128873 0.00717633 
Throughputs: 1.31072 1.78586 2.27738 1.50733 1.83501 2.44122 2.34291 2.048 1.90054 3.04742 2.21184 2.63782 3.04742 2.89997 2.68698 1.19603 2.34291 2.99827 1.67117 2.60506 2.94912 3.06381 1.47456 1.01581 1.6384 2.01523 2.22822 2.16269 1.99885 2.03162 
Utility: 5.43794 4.59589 5.00512 5.86462 4.86551 5.46012 5.51319 6.16947 4.94209 5.44855 5.82744 5.45594 5.40043 6.22367 5.93099 5.40937 5.45953 4.96918 5.61801 5.01404 5.81621 6.28199 5.83354 4.61868 5.38719 5.05125 5.3936 5.24365 5.04408 5.6458 

--------------------------------------
Time: 27.0049
Split Ratios: 1 0.58 0.164 0.256 0.381 0.191 0.427 1 0.543 0.142 0.315 0.255 0.745 0.447 0.553 1 0.294 0.167 0.054 0.485 0.815 0.185 0.292 0.708 0.798 0.202 0.755 0.225 0.02 1 1 0.418 0.582 1 0.035 0.161 0.186 0.094 0.102 0.051 0.226 0.145 0.085 0.915 0.022 0.29 0.329 0.36 0.849 0.151 1 1 1 0.015 0.037 0.08 0.868 0.985 0.015 0.037 0.541 0.315 0.104 1 1 0.447 0.553 
Delays: 0.0057027 0.0185955 0.0152931 0.00429831 0.0144986 0.0103387 0.00951079 0.00430158 0.013522 0.0131268 0.00642865 0.0115402 0.0136498 0.00572623 0.00713207 0.00540977 0.00997539 0.0208077 0.00597345 0.01728 0.00878642 0.00573919 0.00430398 0.0100006 0.00787692 0.0128896 0.0101505 0.0114053 0.0129287 0.00721389 
Throughputs: 1.39264 1.62202 2.22822 1.7367 1.90054 2.65421 2.50675 2.44122 1.98246 3.19488 1.98246 2.70336 2.81805 2.62144 3.04742 1.24518 2.12992 2.71974 2.67059 2.4576 3.19488 3.26042 1.55648 0.933888 1.47456 1.88416 2.91635 1.7367 1.90054 2.16269 
Utility: 5.49802 4.4685 4.98156 6.00152 4.87584 5.54801 5.57432 6.34127 4.98778 5.49465 5.73133 5.45642 5.33007 6.12642 6.05745 5.43883 5.36372 4.87297 6.10273 4.95739 5.8961 6.34229 5.89064 4.53671 5.23218 4.98482 5.66056 5.02566 4.99045 5.7031 

--------------------------------------
Time: 27.5049
Split Ratios: 1 0.58 0.164 0.256 0.381 0.191 0.427 1 0.543 0.142 0.315 0.255 0.745 0.447 0.553 1 0.294 0.167 0.054 0.485 0.815 0.185 0.292 0.708 0.798 0.202 0.755 0.225 0.02 1 1 0.418 0.582 1 0.035 0.161 0.186 0.094 0.102 0.051 0.226 0.145 0.085 0.915 0.022 0.29 0.329 0.36 0.849 0.151 1 1 1 0.015 0.037 0.08 0.868 0.985 0.015 0.037 0.541 0.315 0.104 1 1 0.447 0.553 
Delays: 0.00571097 0.0186378 0.0160659 0.00430234 0.0142385 0.0103714 0.00943279 0.00428588 0.0135263 0.0130879 0.00653007 0.0115209 0.0137503 0.00573269 0.00715725 0.00568526 0.00998799 0.0200858 0.0061285 0.0174263 0.00880161 0.00572575 0.00427537 0.00997246 0.00743925 0.012908 0.0101758 0.0114558 0.0128884 0.00718957 
Throughputs: 1.60563 1.58925 2.26099 1.67117 1.80224 2.49037 2.4576 2.17907 2.03162 3.03104 1.83501 2.4576 3.2768 2.39206 3.1785 1.44179 2.5559 2.80166 2.22822 2.62144 2.85082 2.78528 1.27795 1.01581 1.57286 1.91693 2.53952 1.93331 1.65478 1.80224 
Utility: 5.63888 4.44582 4.94686 5.96212 4.84083 5.48113 5.56275 6.23133 5.01195 5.44497 5.63839 5.36278 5.47356 6.03373 6.09604 5.53577 5.54478 4.93796 5.89601 5.0135 5.78043 6.18713 5.70014 4.62361 5.35388 5.00063 5.51971 5.1285 4.8551 5.52415 

--------------------------------------
Time: 28.005
Split Ratios: 1 0.58 0.164 0.256 0.381 0.191 0.427 1 0.543 0.142 0.315 0.255 0.745 0.447 0.553 1 0.294 0.167 0.054 0.485 0.815 0.185 0.292 0.708 0.798 0.202 0.755 0.225 0.02 1 1 0.418 0.582 1 0.035 0.161 0.186 0.094 0.102 0.051 0.226 0.145 0.085 0.915 0.022 0.29 0.329 0.36 0.849 0.151 1 1 1 0.015 0.037 0.08 0.868 0.985 0.015 0.037 0.541 0.315 0.104 1 1 0.447 0.553 
Delays: 0.00570837 0.0186283 0.0150259 0.00428674 0.0143281 0.0104816 0.00964825 0.00428839 0.0135575 0.0131608 0.0065088 0.0111689 0.0136605 0.00574176 0.00714667 0.00543891 0.00997325 0.021132 0.00603043 0.0172029 0.00876159 0.00573004 0.00429018 0.0100009 0.00783654 0.0129289 0.0104492 0.0114248 0.0128742 0.00716523 
Throughputs: 1.39264 1.39264 2.12992 1.62202 1.57286 2.73613 2.42483 2.75251 2.31014 3.12934 1.76947 2.26099 2.80166 2.85082 2.67059 1.21242 2.22822 2.5559 2.19546 2.62144 2.52314 2.94912 1.58925 1.08134 1.52371 2.40845 2.53952 2.19546 1.83501 1.83501 
Utility: 5.49702 4.31428 4.95407 5.9359 4.69843 5.56468 5.52674 6.46436 5.13813 5.47134 5.60528 5.31042 5.32346 6.2076 5.92341 5.40679 5.40905 4.79537 5.89733 5.0264 5.66288 6.24354 5.91469 4.68328 5.27011 5.22727 5.49321 5.25836 4.95958 5.54556 

--------------------------------------
Time: 28.505
Split Ratios: 1 0.58 0.164 0.256 0.381 0.191 0.427 1 0.543 0.142 0.315 0.255 0.745 0.447 0.553 1 0.294 0.167 0.054 0.485 0.815 0.185 0.292 0.708 0.798 0.202 0.755 0.225 0.02 1 1 0.418 0.582 1 0.035 0.161 0.186 0.094 0.102 0.051 0.226 0.145 0.085 0.915 0.022 0.29 0.329 0.36 0.849 0.151 1 1 1 0.015 0.037 0.08 0.868 0.985 0.015 0.037 0.541 0.315 0.104 1 1 0.447 0.553 
Delays: 0.00569486 0.018111 0.0154957 0.00428061 0.014398 0.0103079 0.00916293 0.00428954 0.0135775 0.0131876 0.0065322 0.0113624 0.0135368 0.00571817 0.00715383 0.00554127 0.00997001 0.0207128 0.00599846 0.0171914 0.00879975 0.0057243 0.00430611 0.00998647 0.00746287 0.0128705 0.0101881 0.0114434 0.0128679 0.00717027 
Throughputs: 1.42541 1.39264 1.90054 1.86778 1.81862 2.44122 2.11354 2.42483 2.09715 2.75251 1.96608 2.37568 3.14573 2.42483 3.04742 1.47456 2.29376 2.83443 2.12992 2.4576 3.03104 2.67059 1.39264 1.01581 1.31072 2.12992 2.31014 1.91693 1.75309 2.09715 
Utility: 5.52265 4.34244 4.80933 6.07841 4.83875 5.46734 5.44095 6.33734 5.03992 5.34099 5.70705 5.34273 5.44839 6.04987 6.0544 5.58389 5.43837 4.91885 5.87234 4.96253 5.84194 6.14534 5.77892 4.62221 5.16839 5.1089 5.42385 5.12107 4.9144 5.67839 

--------------------------------------
Time: 29.0051
Split Ratios: 1 0.58 0.164 0.256 0.381 0.191 0.427 1 0.543 0.142 0.315 0.255 0.745 0.447 0.553 1 0.294 0.167 0.054 0.485 0.815 0.185 0.292 0.708 0.798 0.202 0.755 0.225 0.02 1 1 0.418 0.582 1 0.035 0.161 0.186 0.094 0.102 0.051 0.226 0.145 0.085 0.915 0.022 0.29 0.329 0.36 0.849 0.151 1 1 1 0.015 0.037 0.08 0.868 0.985 0.015 0.037 0.541 0.315 0.104 1 1 0.447 0.553 
Delays: 0.00570314 0.0186031 0.0158948 0.00428337 0.0141958 0.0103115 0.00975791 0.00430342 0.013418 0.0131703 0.00653161 0.011329 0.0135629 0.00573141 0.0071557 0.00558935 0.00997629 0.0208131 0.00615343 0.0174071 0.00879369 0.00571815 0.00429438 0.0100252 0.00791785 0.0128343 0.0103939 0.0114411 0.012863 0.00716503 
Throughputs: 1.81862 1.58925 1.88416 2.34291 1.65478 2.52314 2.27738 2.24461 2.12992 2.73613 1.96608 2.89997 3.26042 2.53952 2.85082 1.21242 2.40845 2.65421 2.24461 2.4576 2.60506 2.80166 1.35987 1.11411 1.5401 1.85139 2.44122 2.12992 2.06438 1.67117 
Utility: 5.76482 4.44769 4.77524 6.30441 4.75848 5.5 5.4527 6.25688 5.06724 5.33634 5.70714 5.54509 5.48228 6.09377 5.98745 5.37951 5.48653 4.84832 5.89928 4.95006 5.69118 6.19432 5.75784 4.71071 5.27048 4.97158 5.45903 5.22662 5.07824 5.45207 

--------------------------------------
Time: 29.5053
Split Ratios: 1 0.58 0.164 0.256 0.381 0.191 0.427 1 0.543 0.142 0.315 0.255 0.745 0.447 0.553 1 0.294 0.167 0.054 0.485 0.815 0.185 0.292 0.708 0.798 0.202 0.755 0.225 0.02 1 1 0.418 0.582 1 0.035 0.161 0.186 0.094 0.102 0.051 0.226 0.145 0.085 0.915 0.022 0.29 0.329 0.36 0.849 0.151 1 1 1 0.015 0.037 0.08 0.868 0.985 0.015 0.037 0.541 0.315 0.104 1 1 0.447 0.553 
Delays: 0.00569181 0.0184859 0.0159544 0.00427164 0.0141365 0.010303 0.00968051 0.00429897 0.0135518 0.0130711 0.0063975 0.0112834 0.0136109 0.00572077 0.00713491 0.00542424 0.00999167 0.020603 0.00599224 0.0173428 0.00880595 0.0057314 0.00428676 0.0100123 0.00762981 0.0129148 0.0104481 0.0114321 0.0128631 0.00716305 
Throughputs: 1.17965 1.52371 2.1463 1.6384 1.58925 2.40845 2.06438 2.34291 2.01523 2.70336 1.6384 2.73613 2.99827 2.31014 2.9655 1.3271 2.47398 2.93274 2.27738 2.53952 2.93274 2.89997 1.37626 1.42541 1.39264 2.3593 2.70336 1.78586 2.21184 1.81862 
Utility: 5.33394 4.41189 4.90177 5.94948 4.72226 5.4543 5.36247 6.30077 5.00197 5.33185 5.54557 5.49097 5.39492 6.00096 6.0298 5.49988 5.51183 4.95826 5.94031 4.98656 5.80826 6.2265 5.77159 4.9584 5.20689 5.20774 5.55583 5.05123 5.14722 5.5369 

--------------------------------------
Time: 30.0055
Split Ratios: 1 0.58 0.164 0.256 0.381 0.191 0.427 1 0.543 0.142 0.315 0.255 0.745 0.447 0.553 1 0.294 0.167 0.054 0.485 0.815 0.185 0.292 0.708 0.798 0.202 0.755 0.225 0.02 1 1 0.418 0.582 1 0.035 0.161 0.186 0.094 0.102 0.051 0.226 0.145 0.085 0.915 0.022 0.29 0.329 0.36 0.849 0.151 1 1 1 0.015 0.037 0.08 0.868 0.985 0.015 0.037 0.541 0.315 0.104 1 1 0.447 0.553 
Delays: 0.00570233 0.0183409 0.0151011 0.00429679 0.0142582 0.0104281 0.00931234 0.004287 0.0134249 0.0131612 0.00655214 0.0110981 0.01385 0.00572197 0.00714878 0.00531014 0.00997757 0.0203339 0.00598734 0.0172591 0.00877861 0.00571324 0.00430289 0.0100177 0.00769473 0.0128387 0.0101066 0.0114126 0.0128672 0.00717289 
Throughputs: 1.44179 1.39264 1.91693 1.76947 1.65478 3.06381 2.3593 2.17907 2.01523 2.94912 1.76947 2.53952 3.09658 2.3593 3.16211 1.35987 2.048 2.58867 2.11354 2.81805 2.62144 2.8672 1.65478 1.04858 1.86778 2.08077 2.21184 1.88416 2.08077 1.96608 
Utility: 5.53277 4.32982 4.84371 6.02057 4.75409 5.68291 5.53478 6.23107 5.01138 5.41199 5.59864 5.43296 5.40976 6.02181 6.09205 5.54553 5.32428 4.84661 5.86647 5.09546 5.69916 6.21831 5.95214 4.65083 5.49197 5.08802 5.38839 5.10652 5.08581 5.61349 

--------------------------------------
Time: 30.5057
Split Ratios: 1 0.58 0.164 0.256 0.381 0.191 0.427 1 0.543 0.142 0.315 0.255 0.745 0.447 0.553 1 0.294 0.167 0.054 0.485 0.815 0.185 0.292 0.708 0.798 0.202 0.755 0.225 0.02 1 1 0.418 0.582 1 0.035 0.161 0.186 0.094 0.102 0.051 0.226 0.145 0.085 0.915 0.022 0.29 0.329 0.36 0.849 0.151 1 1 1 0.015 0.037 0.08 0.868 0.985 0.015 0.037 0.541 0.315 0.104 1 1 0.447 0.553 
Delays: 0.00570745 0.0190037 0.0159622 0.00428354 0.0143091 0.0103528 0.00978522 0.00428487 0.0136565 0.0131366 0.00653794 0.0114094 0.0136711 0.00573987 0.00713197 0.00537517 0.00997224 0.0203935 0.00625867 0.01722 0.00883753 0.00573342 0.0042895 0.00997394 0.00780603 0.0129026 0.0103316 0.0114336 0.0128835 0.00717189 
Throughputs: 1.27795 1.57286 2.048 1.57286 1.83501 2.7689 2.16269 2.47398 1.80224 2.67059 2.048 2.60506 2.5559 2.44122 2.75251 1.31072 2.4576 2.65421 2.22822 2.52314 2.81805 2.81805 1.34349 1.06496 1.68755 1.98246 2.52314 2.22822 1.76947 1.80224 
Utility: 5.41124 4.41602 4.85439 5.90587 4.85391 5.58894 5.39823 6.35849 4.88257 5.31465 5.747 5.43077 5.23088 6.05282 5.95568 5.49654 5.50714 4.86868 5.87499 4.98718 5.76479 6.19749 5.74685 4.67072 5.37614 5.03466 5.49805 5.2724 4.92249 5.52662 

--------------------------------------
Time: 31.0061
Split Ratios: 1 0.58 0.164 0.256 0.381 0.191 0.427 1 0.543 0.142 0.315 0.255 0.745 0.447 0.553 1 0.294 0.167 0.054 0.485 0.815 0.185 0.292 0.708 0.798 0.202 0.755 0.225 0.02 1 1 0.418 0.582 1 0.035 0.161 0.186 0.094 0.102 0.051 0.226 0.145 0.085 0.915 0.022 0.29 0.329 0.36 0.849 0.151 1 1 1 0.015 0.037 0.08 0.868 0.985 0.015 0.037 0.541 0.315 0.104 1 1 0.447 0.553 
Delays: 0.00574002 0.0183241 0.0157829 0.00428974 0.0143341 0.010456 0.00958882 0.00428513 0.0135689 0.0130074 0.00671046 0.0113473 0.0137576 0.00574416 0.00715129 0.00547886 0.0099809 0.0208971 0.0062041 0.0172722 0.0087627 0.00571753 0.00431167 0.00996857 0.00777252 0.0129231 0.0103307 0.0114108 0.0128893 0.00718854 
Throughputs: 1.49094 1.6384 2.03162 1.9497 1.5401 2.42483 2.24461 2.40845 1.83501 2.99827 1.98246 2.49037 3.08019 2.7689 2.85082 1.40902 2.11354 2.53952 2.09715 2.42483 2.73613 2.71974 1.78586 1.03219 1.65478 2.4576 2.47398 1.78586 2.16269 1.91693 
Utility: 5.5597 4.49326 4.85766 6.1192 4.67696 5.44634 5.45569 6.33159 4.90703 5.44027 5.68843 5.39121 5.41116 6.17802 5.98807 5.54975 5.35544 4.80012 5.82313 4.94442 5.74379 6.16476 6.02633 4.64 5.36083 5.24793 5.47847 5.05309 5.12271 5.58599 

--------------------------------------
Time: 31.5062
Split Ratios: 1 0.58 0.164 0.256 0.381 0.191 0.427 1 0.543 0.142 0.315 0.255 0.745 0.447 0.553 1 0.294 0.167 0.054 0.485 0.815 0.185 0.292 0.708 0.798 0.202 0.755 0.225 0.02 1 1 0.418 0.582 1 0.035 0.161 0.186 0.094 0.102 0.051 0.226 0.145 0.085 0.915 0.022 0.29 0.329 0.36 0.849 0.151 1 1 1 0.015 0.037 0.08 0.868 0.985 0.015 0.037 0.541 0.315 0.104 1 1 0.447 0.553 
Delays: 0.00569689 0.0182727 0.0159649 0.00429327 0.0144853 0.010424 0.00935543 0.00428193 0.0134898 0.0131346 0.00634218 0.0115495 0.0137747 0.00572949 0.00715497 0.00553586 0.00997518 0.0209788 0.00622708 0.0174384 0.00877986 0.00575399 0.00429153 0.0100196 0.00772176 0.0128712 0.0104572 0.0114255 0.012878 0.00720636 
Throughputs: 1.26157 1.5401 2.24461 1.70394 1.67117 2.68698 2.44122 1.96608 1.86778 2.75251 1.9497 2.89997 3.48979 2.65421 2.98189 1.3271 2.3593 3.26042 2.22822 2.91635 2.78528 3.29318 1.52371 1.04858 1.39264 2.16269 2.50675 2.06438 2.12992 2.01523 
Utility: 5.40019 4.43419 4.94589 5.98365 4.74814 5.55206 5.56429 6.12939 4.93057 5.34502 5.72821 5.52581 5.53476 6.13827 6.0325 5.47951 5.46602 5.0461 5.88005 5.11941 5.75964 6.34972 5.87226 4.65065 5.19491 5.12411 5.47946 5.19674 5.10832 5.63353 

--------------------------------------
Time: 32.0063
Split Ratios: 1 0.58 0.164 0.256 0.381 0.191 0.427 1 0.543 0.142 0.315 0.255 0.745 0.447 0.553 1 0.294 0.167 0.054 0.485 0.815 0.185 0.292 0.708 0.798 0.202 0.755 0.225 0.02 1 1 0.418 0.582 1 0.035 0.161 0.186 0.094 0.102 0.051 0.226 0.145 0.085 0.915 0.022 0.29 0.329 0.36 0.849 0.151 1 1 1 0.015 0.037 0.08 0.868 0.985 0.015 0.037 0.541 0.315 0.104 1 1 0.447 0.553 
Delays: 0.00569849 0.0183555 0.0168474 0.0042832 0.0142605 0.0103468 0.00939652 0.00429827 0.0135351 0.0131746 0.00670342 0.0113368 0.0137398 0.0057288 0.00716364 0.00548734 0.00996471 0.0206062 0.00605209 0.0173187 0.00885014 0.00572362 0.0042761 0.0100076 0.0077405 0.012905 0.0103936 0.0114541 0.0128702 0.007193 
Throughputs: 1.34349 1.60563 2.17907 2.1463 1.26157 2.75251 2.27738 2.37568 2.27738 2.63782 2.08077 2.62144 3.06381 2.4576 2.8672 1.16326 2.3593 2.91635 2.27738 2.53952 3.16211 3.24403 1.60563 1.35987 1.75309 2.11354 2.60506 1.85139 2.01523 1.93331 
Utility: 5.46282 4.47134 4.86246 6.2168 4.48261 5.58359 5.49044 6.31483 5.1255 5.29942 5.73787 5.44343 5.40712 6.06144 5.99207 5.35654 5.46707 4.95249 5.93038 4.98794 5.87856 6.33997 5.92823 4.9118 5.42267 5.0985 5.52402 5.08534 5.05357 5.59388 

--------------------------------------
Time: 32.5066
Split Ratios: 1 0.58 0.164 0.256 0.381 0.191 0.427 1 0.543 0.142 0.315 0.255 0.745 0.447 0.553 1 0.294 0.167 0.054 0.485 0.815 0.185 0.292 0.708 0.798 0.202 0.755 0.225 0.02 1 1 0.418 0.582 1 0.035 0.161 0.186 0.094 0.102 0.051 0.226 0.145 0.085 0.915 0.022 0.29 0.329 0.36 0.849 0.151 1 1 1 0.015 0.037 0.08 0.868 0.985 0.015 0.037 0.541 0.315 0.104 1 1 0.447 0.553 
Delays: 0.00571574 0.018173 0.015844 0.00430159 0.0141783 0.0104541 0.00936218 0.00429408 0.0135407 0.0131886 0.00651121 0.0108941 0.013638 0.00574383 0.00715242 0.00554045 0.00997651 0.0203814 0.00616023 0.0172981 0.00880684 0.00572009 0.00430464 0.00998959 0.00773589 0.0128569 0.0102852 0.0114188 0.0128613 0.00719046 
Throughputs: 1.62202 1.52371 1.98246 1.70394 1.5401 2.53952 2.49037 2.24461 2.11354 2.98189 1.78586 2.68698 2.98189 2.19546 2.8672 1.52371 2.60506 2.80166 2.34291 2.42483 2.40845 3.03104 1.52371 1.14688 1.88416 1.93331 2.49037 1.86778 2.11354 1.86778 
Utility: 5.6482 4.42897 4.82931 5.98171 4.68789 5.49273 5.58351 6.25905 5.05042 5.42096 5.61413 5.50795 5.38745 5.94602 5.99364 5.61683 5.56498 4.92334 5.94104 4.94292 5.61121 6.27268 5.86921 4.74326 5.49537 5.01311 5.48948 5.09724 5.1019 5.55975 

--------------------------------------
Time: 33.0066
Split Ratios: 1 0.58 0.164 0.256 0.381 0.191 0.427 1 0.543 0.142 0.315 0.255 0.745 0.447 0.553 1 0.294 0.167 0.054 0.485 0.815 0.185 0.292 0.708 0.798 0.202 0.755 0.225 0.02 1 1 0.418 0.582 1 0.035 0.161 0.186 0.094 0.102 0.051 0.226 0.145 0.085 0.915 0.022 0.29 0.329 0.36 0.849 0.151 1 1 1 0.015 0.037 0.08 0.868 0.985 0.015 0.037 0.541 0.315 0.104 1 1 0.447 0.553 
Delays: 0.0057036 0.0188478 0.0163252 0.00429146 0.0141799 0.0103288 0.00969268 0.00427999 0.0135047 0.0131837 0.00672139 0.0115261 0.0138501 0.00574553 0.00713477 0.00558726 0.0099841 0.0200392 0.00603786 0.0171989 0.00886931 0.00572031 0.00428261 0.0100275 0.00782278 0.0128973 0.0100815 0.011434 0.0128777 0.00717306 
Throughputs: 1.49094 1.40902 2.09715 1.78586 1.65478 2.39206 2.1463 2.24461 1.85139 3.1785 1.88416 2.5559 3.01466 2.71974 2.8672 1.29434 2.42483 3.21126 2.06438 2.40845 2.73613 2.81805 1.75309 1.2288 1.83501 1.9497 2.57229 1.90054 2.19546 2.21184 
Utility: 5.56607 4.31426 4.85563 6.03103 4.7596 5.44497 5.40013 6.26234 4.92066 5.48518 5.63594 5.40154 5.38295 6.15987 5.99611 5.44526 5.49252 5.07673 5.83454 4.94189 5.7317 6.19978 6.01457 4.80846 5.45776 5.01841 5.54185 5.1133 5.13865 5.73125 

--------------------------------------
Time: 33.5067
Split Ratios: 1 0.58 0.164 0.256 0.381 0.191 0.427 1 0.543 0.142 0.315 0.255 0.745 0.447 0.553 1 0.294 0.167 0.054 0.485 0.815 0.185 0.292 0.708 0.798 0.202 0.755 0.225 0.02 1 1 0.418 0.582 1 0.035 0.161 0.186 0.094 0.102 0.051 0.226 0.145 0.085 0.915 0.022 0.29 0.329 0.36 0.849 0.151 1 1 1 0.015 0.037 0.08 0.868 0.985 0.015 0.037 0.541 0.315 0.104 1 1 0.447 0.553 
Delays: 0.00570371 0.0187008 0.0154474 0.00426823 0.0143036 0.0103828 0.00974842 0.00428965 0.0137381 0.0130673 0.00652222 0.0115998 0.0136742 0.0057416 0.00714026 0.0058105 0.00996647 0.0205787 0.00625754 0.0171891 0.00876018 0.00571894 0.00430055 0.00998775 0.00821796 0.0128633 0.0102376 0.0114335 0.0128775 0.00717042 
Throughputs: 1.65478 1.60563 1.93331 1.81862 1.57286 2.58867 2.63782 2.01523 1.93331 2.81805 1.81862 2.68698 2.98189 2.39206 2.83443 1.37626 2.53952 2.58867 1.90054 2.49037 3.11296 2.75251 1.72032 1.29434 1.27795 1.90054 2.52314 1.83501 1.88416 1.85139 
Utility: 5.67031 4.4527 4.82955 6.05464 4.70014 5.51875 5.6006 6.15229 4.94682 5.37369 5.63062 5.44518 5.3848 6.03217 5.98385 5.46746 5.5405 4.83464 5.71611 4.97591 5.87311 6.17649 5.99152 4.86439 5.04669 4.99552 5.50719 5.07826 4.98576 5.55373 

--------------------------------------
Time: 34.0069
Split Ratios: 1 0.58 0.164 0.256 0.381 0.191 0.427 1 0.543 0.142 0.315 0.255 0.745 0.447 0.553 1 0.294 0.167 0.054 0.485 0.815 0.185 0.292 0.708 0.798 0.202 0.755 0.225 0.02 1 1 0.418 0.582 1 0.035 0.161 0.186 0.094 0.102 0.051 0.226 0.145 0.085 0.915 0.022 0.29 0.329 0.36 0.849 0.151 1 1 1 0.015 0.037 0.08 0.868 0.985 0.015 0.037 0.541 0.315 0.104 1 1 0.447 0.553 
Delays: 0.00570633 0.0184846 0.015661 0.00427904 0.0142384 0.0104224 0.00937189 0.00429766 0.0136062 0.0132007 0.00650581 0.0111934 0.0137729 0.00575077 0.00714612 0.00534609 0.00998447 0.0202288 0.00617118 0.0173278 0.0088752 0.00573645 0.00430077 0.00999379 0.00762926 0.0128961 0.0105757 0.0114046 0.0128791 0.00716558 
Throughputs: 1.39264 1.58925 2.34291 1.80224 1.50733 2.1463 1.96608 2.57229 2.08077 3.09658 2.01523 2.4576 2.67059 2.4576 2.93274 1.24518 2.39206 2.52314 2.26099 2.53952 3.09658 3.2768 1.55648 0.999424 1.68755 2.09715 2.78528 1.91693 2.09715 1.96608 
Utility: 5.49738 4.45408 5.00798 6.04306 4.66215 5.32755 5.34608 6.39448 5.02997 5.45778 5.73579 5.39161 5.26736 6.05761 6.01712 5.45067 5.47888 4.82615 5.90367 4.98742 5.85479 6.34778 5.89139 4.60522 5.39904 5.09141 5.57354 5.12447 5.09273 5.61451 

--------------------------------------
Time: 34.5069
Split Ratios: 1 0.58 0.164 0.256 0.381 0.191 0.427 1 0.543 0.142 0.315 0.255 0.745 0.447 0.553 1 0.294 0.167 0.054 0.485 0.815 0.185 0.292 0.708 0.798 0.202 0.755 0.225 0.02 1 1 0.418 0.582 1 0.035 0.161 0.186 0.094 0.102 0.051 0.226 0.145 0.085 0.915 0.022 0.29 0.329 0.36 0.849 0.151 1 1 1 0.015 0.037 0.08 0.868 0.985 0.015 0.037 0.541 0.315 0.104 1 1 0.447 0.553 
Delays: 0.00571833 0.0183528 0.0156358 0.00427929 0.0141064 0.0104306 0.0096668 0.00429993 0.0134157 0.0131266 0.00667646 0.011235 0.0135948 0.00574641 0.00715283 0.0056202 0.00997762 0.0208163 0.0059601 0.017177 0.00876627 0.00572778 0.00429076 0.0100049 0.00743439 0.0129305 0.0101506 0.0114246 0.0128597 0.00718934 
Throughputs: 1.52371 1.35987 1.76947 2.12992 1.57286 2.5559 2.4576 2.1463 1.91693 2.89997 1.83501 2.39206 2.89997 2.53952 3.01466 1.19603 2.1463 2.73613 1.96608 2.47398 2.93274 2.99827 1.83501 1.06496 1.67117 2.1463 2.5559 1.9497 2.048 1.86778 
Utility: 5.58523 4.30536 4.72887 6.21005 4.71402 5.50141 5.53824 6.2129 4.96205 5.39781 5.61622 5.36087 5.36277 6.09115 6.04373 5.3604 5.37116 4.87857 5.79871 4.97001 5.81278 6.26046 6.05834 4.66762 5.41516 5.11191 5.52863 5.13966 5.07052 5.5599 

--------------------------------------
Time: 35.0071
Split Ratios: 1 0.58 0.164 0.256 0.381 0.191 0.427 1 0.543 0.142 0.315 0.255 0.745 0.447 0.553 1 0.294 0.167 0.054 0.485 0.815 0.185 0.292 0.708 0.798 0.202 0.755 0.225 0.02 1 1 0.418 0.582 1 0.035 0.161 0.186 0.094 0.102 0.051 0.226 0.145 0.085 0.915 0.022 0.29 0.329 0.36 0.849 0.151 1 1 1 0.015 0.037 0.08 0.868 0.985 0.015 0.037 0.541 0.315 0.104 1 1 0.447 0.553 
Delays: 0.00570817 0.0185901 0.0158914 0.00428691 0.0141336 0.0104026 0.00957823 0.00429173 0.0134088 0.0131479 0.00644398 0.0114782 0.0136618 0.00573042 0.00715083 0.00536123 0.00997798 0.0207855 0.00619027 0.0173781 0.00877106 0.00572591 0.00429271 0.0100273 0.00791099 0.0129192 0.0105163 0.011414 0.0128646 0.00716367 
Throughputs: 1.65478 1.55648 1.88416 1.76947 1.83501 2.39206 2.29376 2.11354 2.24461 2.5559 2.12992 2.4576 3.21126 2.49037 2.73613 1.49094 2.22822 2.89997 2.57229 2.52314 2.89997 2.93274 1.50733 1.06496 1.50733 2.19546 2.34291 1.40902 1.80224 1.6384 
Utility: 5.66953 4.42755 4.77546 6.02287 4.86625 5.43786 5.47846 6.19943 5.12038 5.2699 5.80069 5.36649 5.45982 6.0744 5.94707 5.62797 5.40858 4.9382 6.02957 4.97805 5.801 6.23869 5.86118 4.66538 5.24984 5.13543 5.40622 4.81582 4.94231 5.43245 

--------------------------------------
Time: 35.5071
Split Ratios: 1 0.58 0.164 0.256 0.381 0.191 0.427 1 0.543 0.142 0.315 0.255 0.745 0.447 0.553 1 0.294 0.167 0.054 0.485 0.815 0.185 0.292 0.708 0.798 0.202 0.755 0.225 0.02 1 1 0.418 0.582 1 0.035 0.161 0.186 0.094 0.102 0.051 0.226 0.145 0.085 0.915 0.022 0.29 0.329 0.36 0.849 0.151 1 1 1 0.015 0.037 0.08 0.868 0.985 0.015 0.037 0.541 0.315 0.104 1 1 0.447 0.553 
Delays: 0.00570676 0.0181896 0.0151936 0.00428846 0.0144173 0.0102192 0.00949953 0.00430347 0.0139433 0.0130981 0.00672343 0.011701 0.0136633 0.00574486 0.00716211 0.0051631 0.00997214 0.0205015 0.0060305 0.0170717 0.00878639 0.00572896 0.00429501 0.0100017 0.00791921 0.0129571 0.0101992 0.0114408 0.0128908 0.00715155 
Throughputs: 1.80224 1.60563 2.17907 1.9497 1.75309 2.5559 2.60506 1.9497 2.01523 2.81805 2.08077 2.5559 2.99827 2.47398 2.75251 1.37626 2.37568 2.57229 2.16269 2.7689 2.68698 2.9655 1.49094 1.17965 1.31072 1.99885 2.93274 2.19546 2.1463 1.83501 
Utility: 5.75513 4.48043 4.96578 6.1195 4.8007 5.52189 5.61397 6.11601 4.97349 5.37133 5.73489 5.38649 5.39108 6.06528 5.95146 5.58559 5.47324 4.83205 5.88228 5.08878 5.72297 6.24927 5.84971 4.77021 5.10904 5.03868 5.66138 5.25696 5.11499 5.54747 

--------------------------------------
Time: 36.0072
Split Ratios: 1 0.58 0.164 0.256 0.381 0.191 0.427 1 0.543 0.142 0.315 0.255 0.745 0.447 0.553 1 0.294 0.167 0.054 0.485 0.815 0.185 0.292 0.708 0.798 0.202 0.755 0.225 0.02 1 1 0.418 0.582 1 0.035 0.161 0.186 0.094 0.102 0.051 0.226 0.145 0.085 0.915 0.022 0.29 0.329 0.36 0.849 0.151 1 1 1 0.015 0.037 0.08 0.868 0.985 0.015 0.037 0.541 0.315 0.104 1 1 0.447 0.553 
Delays: 0.00572438 0.0182982 0.015875 0.00428884 0.0143257 0.0104187 0.00977437 0.00429343 0.0134386 0.0131157 0.00658595 0.0113936 0.013712 0.00571847 0.00714268 0.00537125 0.00997634 0.0207475 0.00616098 0.0172629 0.0088734 0.00573047 0.00428444 0.0099803 0.0076445 0.0128745 0.0103525 0.0114423 0.0128892 0.00717007 
Throughputs: 1.60563 1.52371 1.88416 1.85139 1.70394 2.60506 2.47398 2.16269 1.93331 2.47398 1.90054 2.63782 3.21126 2.39206 2.83443 1.44179 2.58867 3.35872 2.26099 2.5559 2.80166 3.24403 1.39264 1.01581 1.72032 1.96608 2.50675 1.9497 1.83501 2.42483 
Utility: 5.63654 4.4221 4.77649 6.06768 4.77864 5.52161 5.53382 6.22202 4.96886 5.23978 5.66496 5.44466 5.45615 6.03621 5.98351 5.59258 5.55868 5.08689 5.90532 4.9976 5.75491 6.33877 5.78397 4.62283 5.41628 5.02855 5.48952 5.13811 4.95841 5.8236 

