--------------------------------------
Time: 5.50005
Split Ratios: 0.5 0.5 0.5 0.5 1 1 0.5 0.5 1 1 1 1 1 1 1 1 1 0.5 0.5 0.5 0.5 1 0.5 0.5 0.2 0.2 0.2 0.2 0.2 1 1 0.5 0.5 1 1 1 1 0.333333 0.333333 0.333333 0.5 0.5 1 1 
Delays: 0.00940408 0.0149567 0.0191431 0.0101687 0.0326618 0.00875434 0.0161429 0.0104534 0.0304882 0.0130966 0.0145302 0.00877144 0.0101434 0.0291692 0.0203685 0.0184293 0.0218098 0.0276195 0.0231129 0.0144958 0.00877399 0.00867051 0.00874371 0.0102123 0.0130491 0.00580604 0.0125559 0.017555 0.0103308 0.0115953 
Throughputs: 2.91635 3.55533 2.08077 3.16211 3.26042 2.32653 2.91635 4.03046 2.37568 3.39149 1.90054 3.16211 1.98246 2.49037 3.44064 3.01466 3.5881 2.12992 3.21126 2.85082 3.44064 2.63782 2.26099 3.06381 2.4576 3.83386 3.01466 2.34291 2.44122 3.21126 
Utility: 5.73695 5.47104 4.68855 5.73968 4.6034 5.58258 5.19661 5.95471 4.3557 5.55667 4.87367 5.88749 5.27527 4.44707 5.12942 5.0973 5.10302 4.34532 4.93403 5.2815 5.97162 5.71778 5.55522 5.70382 5.23822 6.49273 5.48105 4.89381 5.46512 5.62382 

--------------------------------------
Time: 6.00014
Split Ratios: 0.186 0.814 0.665 0.335 1 1 0.426 0.574 1 1 1 1 1 1 1 1 1 0.038 0.962 0.604 0.396 1 0.923 0.077 0.442 0.212 0.019 0.115 0.212 1 1 0.716 0.284 1 1 1 1 0.132 0.673 0.195 0.716 0.284 1 1 
Delays: 0.00889905 0.0155313 0.0190469 0.0101313 0.0328605 0.00873029 0.0161592 0.0102833 0.0303856 0.0131221 0.0145111 0.00883899 0.0100926 0.0289581 0.0128651 0.0168249 0.0218175 0.0275883 0.0238866 0.0144914 0.00869842 0.00783926 0.0087591 0.0102117 0.0131002 0.00578787 0.0121161 0.0174462 0.0102629 0.0115531 
Throughputs: 3.03104 3.91578 2.01523 3.40787 3.44064 2.24461 3.08019 3.24403 2.80166 3.32595 1.91693 3.09658 1.90054 2.63782 4.03046 2.98189 3.81747 2.06438 3.2768 2.99827 3.1785 2.68698 2.44122 2.68698 2.93274 3.89939 3.29318 2.42483 2.65421 2.91635 
Utility: 5.83072 5.52991 4.66159 5.81822 4.65114 5.54949 5.25026 5.75405 4.524 5.53521 4.88356 5.85888 5.23809 4.51186 5.74712 5.17745 5.16463 4.3152 4.9213 5.33224 5.90102 5.83703 5.63016 5.57264 5.41106 6.51281 5.60507 4.93439 5.55537 5.53114 

--------------------------------------
Time: 6.50024
Split Ratios: 0.186 0.814 0.665 0.335 1 1 0.426 0.574 1 1 1 1 1 1 1 1 1 0.038 0.962 0.604 0.396 1 0.923 0.077 0.442 0.212 0.019 0.115 0.212 1 1 0.716 0.284 1 1 1 1 0.132 0.673 0.195 0.716 0.284 1 1 
Delays: 0.0089361 0.0157588 0.0190332 0.010135 0.0328624 0.00875063 0.0160621 0.0102636 0.030341 0.0131401 0.0144129 0.00884658 0.0101219 0.0289654 0.0122384 0.0165953 0.0219517 0.0276402 0.0246374 0.0145089 0.00874111 0.00804577 0.00873118 0.0102933 0.0131065 0.00579536 0.0122072 0.0173995 0.010256 0.0115702 
Throughputs: 2.73613 3.86662 2.17907 3.48979 3.12934 2.71974 2.71974 3.45702 2.34291 3.45702 1.80224 3.45702 2.1463 2.88358 3.80109 3.26042 3.89939 1.9497 3.47341 2.98189 3.26042 2.57229 2.39206 3.19488 3.1785 3.63725 2.99827 2.24461 2.40845 3.34234 
Utility: 5.7242 5.50274 4.74047 5.8416 4.55625 5.73917 5.13183 5.81956 4.34665 5.5725 4.82866 5.96813 5.3568 4.60069 5.73846 5.28049 5.17973 4.25616 4.94863 5.32555 5.92157 5.76741 5.61301 5.73781 5.49106 6.44193 5.50377 4.85984 5.45888 5.66599 

--------------------------------------
Time: 7.00041
Split Ratios: 0.186 0.814 0.665 0.335 1 1 0.426 0.574 1 1 1 1 1 1 1 1 1 0.038 0.962 0.604 0.396 1 0.923 0.077 0.442 0.212 0.019 0.115 0.212 1 1 0.716 0.284 1 1 1 1 0.132 0.673 0.195 0.716 0.284 1 1 
Delays: 0.00883871 0.0156174 0.0189939 0.0101226 0.032987 0.00873454 0.0161604 0.0103542 0.0303798 0.0132172 0.0145061 0.00881001 0.0101208 0.0290509 0.0121085 0.0166654 0.0218531 0.027668 0.0242661 0.0144448 0.00872087 0.00804773 0.00873346 0.0102037 0.0131639 0.00585286 0.0122194 0.0175224 0.0102676 0.0115891 
Throughputs: 3.03104 3.40787 1.85139 3.16211 3.12934 2.42483 2.31014 3.5881 3.11296 3.12934 2.49037 3.52256 2.32653 2.65421 3.57171 2.73613 3.6864 2.50675 3.1785 2.37568 3.16211 2.73613 2.71974 2.71974 3.22765 4.34176 3.19488 2.5559 2.42483 2.78528 
Utility: 5.83752 5.38546 4.57957 5.74423 4.55246 5.62623 4.9625 5.84799 4.62955 5.46706 5.14562 5.99105 5.43754 4.51485 5.68689 5.10097 5.12806 4.50647 4.87508 5.10271 5.89328 5.82891 5.74113 5.58554 5.50203 6.6091 5.56628 4.98268 5.46453 5.48204 

--------------------------------------
Time: 7.50043
Split Ratios: 0.186 0.814 0.665 0.335 1 1 0.426 0.574 1 1 1 1 1 1 1 1 1 0.038 0.962 0.604 0.396 1 0.923 0.077 0.442 0.212 0.019 0.115 0.212 1 1 0.716 0.284 1 1 1 1 0.132 0.673 0.195 0.716 0.284 1 1 
Delays: 0.00888606 0.0159071 0.0190089 0.0101342 0.0327809 0.00877127 0.0161703 0.0103252 0.030527 0.0131896 0.014494 0.00883467 0.0101389 0.0290185 0.0117059 0.0166459 0.0219331 0.0275202 0.0239303 0.0144852 0.0088161 0.00819226 0.00876871 0.0103509 0.013077 0.00582921 0.011933 0.017555 0.0103056 0.0116289 
Throughputs: 3.08019 4.37453 1.98246 3.3751 2.9655 2.34291 3.1785 3.32595 2.62144 3.21126 2.19546 3.34234 2.21184 2.27738 3.35872 3.39149 3.86662 2.048 3.21126 2.73613 3.32595 3.01466 2.16269 3.14573 3.08019 4.21069 3.30957 2.89997 2.73613 3.67002 
Utility: 5.84826 5.61679 4.64719 5.80827 4.50495 5.58767 5.28099 5.77492 4.45287 5.49499 5.02041 5.93574 5.3852 4.36285 5.65922 5.31686 5.17214 4.3097 4.89927 5.24117 5.93293 5.90805 5.50792 5.71673 5.46189 6.5825 5.62527 5.10712 5.58161 5.75446 

--------------------------------------
Time: 8.00051
Split Ratios: 0.186 0.814 0.665 0.335 1 1 0.426 0.574 1 1 1 1 1 1 1 1 1 0.038 0.962 0.604 0.396 1 0.923 0.077 0.442 0.212 0.019 0.115 0.212 1 1 0.716 0.284 1 1 1 1 0.132 0.673 0.195 0.716 0.284 1 1 
Delays: 0.00892474 0.0156648 0.0190538 0.0101307 0.0327717 0.00875895 0.0161856 0.010309 0.0304517 0.0131192 0.0143965 0.00894061 0.0100983 0.0289473 0.0122857 0.0166248 0.0218346 0.027708 0.0244808 0.0145192 0.00874676 0.00806917 0.00876278 0.0102851 0.0130082 0.0058188 0.0121175 0.0174212 0.0103358 0.0115591 
Throughputs: 3.1785 3.48979 2.32653 3.39149 2.99827 2.29376 2.78528 3.16211 2.78528 2.99827 1.96608 3.26042 2.11354 2.49037 3.48979 2.88358 3.5881 2.24461 3.1785 2.89997 3.01466 2.67059 2.52314 2.99827 2.71974 4.16154 3.34234 2.44122 2.85082 3.22765 
Utility: 5.87534 5.40618 4.80487 5.81345 4.51623 5.56787 5.14798 5.72598 4.51596 5.43172 4.91681 5.89901 5.34375 4.45471 5.64916 5.15589 5.10188 4.39457 4.86628 5.29698 5.84256 5.80201 5.66274 5.6751 5.34272 6.57254 5.61977 4.94256 5.61975 5.63204 

--------------------------------------
Time: 8.50073
Split Ratios: 0.186 0.814 0.665 0.335 1 1 0.426 0.574 1 1 1 1 1 1 1 1 1 0.038 0.962 0.604 0.396 1 0.923 0.077 0.442 0.212 0.019 0.115 0.212 1 1 0.716 0.284 1 1 1 1 0.132 0.673 0.195 0.716 0.284 1 1 
Delays: 0.00883359 0.0156486 0.0191144 0.0101382 0.0329131 0.00872569 0.0161254 0.010366 0.0303814 0.0132092 0.0145088 0.00879012 0.0101405 0.0289939 0.0121804 0.0170267 0.021908 0.0276224 0.0244537 0.0145861 0.00870284 0.00797567 0.00879864 0.0102855 0.013033 0.00581953 0.0121406 0.0174394 0.0102218 0.0116376 
Throughputs: 2.60506 3.57171 2.29376 3.45702 3.24403 2.57229 2.67059 3.5881 2.94912 3.22765 2.17907 3.35872 2.06438 2.58867 3.65363 3.19488 4.11238 1.88416 3.01466 2.88358 3.29318 2.52314 2.37568 2.89997 2.7689 3.88301 3.50618 2.27738 2.68698 3.53894 
Utility: 5.68665 5.43042 4.7875 5.83185 4.5907 5.68628 5.10966 5.84685 4.57543 5.4986 5.0119 5.94569 5.31605 4.49181 5.70365 5.23452 5.23491 4.22261 4.81446 5.28672 5.93596 5.75686 5.59844 5.64172 5.35872 6.50315 5.66573 4.87205 5.57165 5.71734 

--------------------------------------
Time: 9.00075
Split Ratios: 0.186 0.814 0.665 0.335 1 1 0.426 0.574 1 1 1 1 1 1 1 1 1 0.038 0.962 0.604 0.396 1 0.923 0.077 0.442 0.212 0.019 0.115 0.212 1 1 0.716 0.284 1 1 1 1 0.132 0.673 0.195 0.716 0.284 1 1 
Delays: 0.00885486 0.0155058 0.0190256 0.0101356 0.0327234 0.00876559 0.0160899 0.0103032 0.0302768 0.0131635 0.0144353 0.00888848 0.0101028 0.0290374 0.0124892 0.0168534 0.0217707 0.0276111 0.0245192 0.0145339 0.00871168 0.00788142 0.00870347 0.0101828 0.0130424 0.00582166 0.0121871 0.0174411 0.0102262 0.0116662 
Throughputs: 2.9655 3.94854 2.49037 3.3751 3.14573 2.42483 2.58867 3.80109 2.65421 3.39149 1.49094 3.32595 2.12992 2.63782 3.70278 2.80166 3.39149 2.3593 3.06381 3.11296 3.29318 2.99827 2.94912 2.83443 2.9655 4.096 2.9655 2.50675 2.44122 3.26042 
Utility: 5.81384 5.53989 4.8744 5.80813 4.56571 5.62268 5.08071 5.91059 4.47352 5.55158 4.63749 5.92475 5.35103 4.50913 5.69197 5.11342 5.04846 4.4479 4.82796 5.36684 5.93495 5.94128 5.82554 5.6289 5.4266 6.55618 5.49442 4.96792 5.4753 5.63292 

--------------------------------------
Time: 9.5008
Split Ratios: 0.186 0.814 0.665 0.335 1 1 0.426 0.574 1 1 1 1 1 1 1 1 1 0.038 0.962 0.604 0.396 1 0.923 0.077 0.442 0.212 0.019 0.115 0.212 1 1 0.716 0.284 1 1 1 1 0.132 0.673 0.195 0.716 0.284 1 1 
Delays: 0.00885533 0.0160543 0.0189976 0.0101453 0.0328725 0.00878232 0.0161066 0.010314 0.0303579 0.0131526 0.0145107 0.00882212 0.0101443 0.0290013 0.0124357 0.016651 0.0219164 0.0276032 0.024448 0.0144456 0.00872685 0.00806119 0.00874599 0.0102297 0.0130864 0.00583404 0.0120288 0.0174838 0.010204 0.0115971 
Throughputs: 2.91635 4.11238 2.09715 3.3751 3.30957 2.52314 2.80166 3.52256 2.57229 3.03104 2.16269 3.24403 1.99885 2.34291 3.67002 3.06381 4.12877 2.22822 3.22765 2.89997 3.53894 3.08019 2.5559 2.8672 2.75251 3.50618 3.26042 2.09715 2.53952 3.24403 
Utility: 5.79707 5.54578 4.70402 5.80717 4.61194 5.66052 5.15874 5.83344 4.43949 5.44004 5.00422 5.90731 5.28341 4.39181 5.68738 5.21495 5.2385 4.39103 4.88296 5.30206 6.00518 5.94569 5.67757 5.6358 5.3487 6.39857 5.60231 4.78706 5.51695 5.63381 

--------------------------------------
Time: 10.0009
Split Ratios: 0.186 0.814 0.665 0.335 1 1 0.426 0.574 1 1 1 1 1 1 1 1 1 0.038 0.962 0.604 0.396 1 0.923 0.077 0.442 0.212 0.019 0.115 0.212 1 1 0.716 0.284 1 1 1 1 0.132 0.673 0.195 0.716 0.284 1 1 
Delays: 0.00885692 0.015633 0.0190032 0.0101164 0.0328099 0.00877961 0.0161035 0.0102673 0.030427 0.013184 0.0144952 0.0089164 0.0101061 0.0290329 0.0124188 0.0167159 0.0219416 0.0276896 0.0243413 0.0144442 0.00877297 0.00796965 0.00881184 0.0102441 0.0131189 0.00581586 0.0119226 0.0175322 0.0102823 0.0115495 
Throughputs: 2.85082 4.06323 1.99885 2.98189 3.39149 2.57229 2.78528 3.2768 3.06381 3.52256 2.03162 3.1785 2.12992 2.80166 4.47283 2.93274 3.47341 2.34291 3.14573 2.50675 3.63725 3.1785 2.89997 3.08019 3.14573 3.5881 3.35872 2.34291 2.58867 3.26042 
Utility: 5.77416 5.56035 4.65572 5.68615 4.63829 5.68012 5.15307 5.76566 4.61208 5.58794 4.94277 5.87627 5.3507 4.56954 5.88656 5.16733 5.06451 4.43809 4.86162 5.15645 6.02731 5.98852 5.79636 5.70605 5.47974 6.42479 5.64088 4.89511 5.52848 5.64297 

--------------------------------------
Time: 10.5011
Split Ratios: 0.186 0.814 0.665 0.335 1 1 0.426 0.574 1 1 1 1 1 1 1 1 1 0.038 0.962 0.604 0.396 1 0.923 0.077 0.442 0.212 0.019 0.115 0.212 1 1 0.716 0.284 1 1 1 1 0.132 0.673 0.195 0.716 0.284 1 1 
Delays: 0.00888581 0.0156039 0.0190329 0.0101054 0.0327994 0.00874443 0.0161058 0.0104134 0.0304073 0.0131669 0.0143888 0.00883494 0.0100932 0.0289523 0.0118058 0.0171161 0.0218846 0.0276175 0.0247648 0.0145394 0.0087339 0.00829103 0.00875329 0.0102724 0.0130928 0.00583812 0.0119958 0.0174784 0.0102108 0.0115757 
Throughputs: 3.12934 4.04685 2.26099 3.50618 3.50618 2.37568 2.62144 3.39149 2.5559 3.11296 1.55648 3.03104 2.06438 2.47398 3.55533 3.03104 3.63725 2.19546 3.21126 3.09658 3.35872 2.60506 2.68698 2.8672 2.58867 3.96493 3.32595 2.39206 2.31014 3.19488 
Utility: 5.86412 5.55817 4.77739 5.84921 4.67187 5.60462 5.0923 5.78593 4.43148 5.46563 4.68373 5.83795 5.32072 4.44793 5.70761 5.17664 5.1132 4.3757 4.865 5.36119 5.9521 5.75004 5.72674 5.63164 5.28684 6.52083 5.62495 4.91895 5.42162 5.6204 

--------------------------------------
Time: 11.0011
Split Ratios: 0.186 0.814 0.665 0.335 1 1 0.426 0.574 1 1 1 1 1 1 1 1 1 0.038 0.962 0.604 0.396 1 0.923 0.077 0.442 0.212 0.019 0.115 0.212 1 1 0.716 0.284 1 1 1 1 0.132 0.673 0.195 0.716 0.284 1 1 
Delays: 0.00879341 0.015607 0.0190735 0.0101411 0.0328306 0.00879948 0.0161695 0.0103786 0.0305214 0.0131572 0.014491 0.00883345 0.0101616 0.0289397 0.0120992 0.0160518 0.0220146 0.0275786 0.0249216 0.0145707 0.00876172 0.00799927 0.00883202 0.0102773 0.0130375 0.00580042 0.0123336 0.0175158 0.0103811 0.0115924 
Throughputs: 3.06381 3.85024 2.27738 3.47341 3.52256 2.31014 2.78528 3.26042 2.91635 3.32595 1.80224 3.19488 2.16269 2.57229 3.63725 3.39149 4.21069 2.11354 2.85082 2.7689 3.26042 2.60506 2.49037 2.7689 2.81805 3.9977 3.30957 2.5559 2.5559 3.08019 
Utility: 5.85341 5.50817 4.78248 5.8363 4.67558 5.57037 5.14898 5.74987 4.55966 5.53254 4.82326 5.89076 5.36049 4.48734 5.70584 5.3532 5.25368 4.33908 4.73963 5.24719 5.91922 5.78586 5.6418 5.59627 5.37597 6.53554 5.59225 4.98306 5.50618 5.5824 

--------------------------------------
Time: 11.5012
Split Ratios: 0.186 0.814 0.665 0.335 1 1 0.426 0.574 1 1 1 1 1 1 1 1 1 0.038 0.962 0.604 0.396 1 0.923 0.077 0.442 0.212 0.019 0.115 0.212 1 1 0.716 0.284 1 1 1 1 0.132 0.673 0.195 0.716 0.284 1 1 
Delays: 0.00888465 0.0154906 0.0191669 0.0100852 0.0327315 0.00871222 0.0161142 0.0103966 0.0303292 0.0132166 0.0144065 0.00887785 0.0101176 0.0289299 0.0122086 0.0166037 0.0219827 0.0274721 0.0242554 0.0145517 0.00868624 0.00797925 0.00879308 0.0103286 0.0130253 0.0058053 0.0122984 0.0174688 0.0103396 0.0116424 
Throughputs: 2.57229 3.6864 2.19546 2.99827 3.04742 2.09715 2.62144 3.1785 2.8672 3.34234 1.80224 3.34234 2.32653 2.68698 3.5881 2.73613 3.94854 2.40845 3.50618 2.71974 3.34234 2.98189 2.91635 2.9655 2.80166 3.81747 3.53894 2.24461 2.68698 2.88358 
Utility: 5.66823 5.47217 4.74096 5.69472 4.53371 5.48361 5.09178 5.72269 4.54898 5.53295 4.82911 5.93087 5.43785 4.5313 5.68323 5.10468 5.19084 4.47357 4.97364 5.23058 5.95269 5.92347 5.80412 5.65989 5.37108 6.48857 5.66212 4.85587 5.56019 5.51214 

--------------------------------------
Time: 12.0012
Split Ratios: 0.186 0.814 0.665 0.335 1 1 0.426 0.574 1 1 1 1 1 1 1 1 1 0.038 0.962 0.604 0.396 1 0.923 0.077 0.442 0.212 0.019 0.115 0.212 1 1 0.716 0.284 1 1 1 1 0.132 0.673 0.195 0.716 0.284 1 1 
Delays: 0.00897943 0.0157892 0.0191288 0.0101277 0.0329679 0.0087554 0.0162438 0.010382 0.030347 0.0132199 0.014525 0.00882125 0.0101121 0.0290119 0.0124894 0.016843 0.0218097 0.0276467 0.0239218 0.0145348 0.00869083 0.00813513 0.00889077 0.0102229 0.0131054 0.00581772 0.0122099 0.0174409 0.0102368 0.0116231 
Throughputs: 2.80166 3.91578 2.5559 3.22765 3.35872 2.47398 3.34234 3.6864 2.53952 3.60448 2.17907 3.63725 2.09715 2.44122 3.45702 2.68698 3.62086 1.98246 3.14573 2.57229 3.3751 2.40845 2.89997 2.88358 2.89997 3.80109 3.45702 2.24461 2.3593 2.99827 
Utility: 5.74303 5.51345 4.89496 5.76423 4.62378 5.64391 5.32671 5.87233 4.42703 5.60821 5.01078 6.02182 5.33461 4.43255 5.62328 5.07224 5.11211 4.27259 4.87901 5.176 5.96191 5.69055 5.78744 5.64216 5.39943 6.48213 5.64592 4.85747 5.44013 5.55279 

--------------------------------------
Time: 12.5014
Split Ratios: 0.186 0.814 0.665 0.335 1 1 0.426 0.574 1 1 1 1 1 1 1 1 1 0.038 0.962 0.604 0.396 1 0.923 0.077 0.442 0.212 0.019 0.115 0.212 1 1 0.716 0.284 1 1 1 1 0.132 0.673 0.195 0.716 0.284 1 1 
Delays: 0.00884118 0.0157725 0.0190098 0.0101055 0.032759 0.00873428 0.016028 0.0102549 0.0303207 0.0132658 0.0144723 0.00885326 0.0101128 0.0290032 0.0122693 0.0166641 0.0218848 0.0276348 0.0240918 0.0144873 0.00872639 0.00815181 0.00875102 0.0102359 0.0130727 0.00580643 0.0118796 0.0174296 0.0103666 0.0116172 
Throughputs: 3.16211 3.63725 2.31014 3.04742 2.88358 1.99885 2.7689 3.26042 3.03104 3.53894 2.09715 3.53894 2.16269 2.93274 3.83386 3.08019 3.70278 1.80224 3.14573 2.73613 3.57171 2.57229 2.50675 2.99827 2.89997 3.65363 3.22765 2.39206 2.67059 3.29318 
Utility: 5.87958 5.44072 4.80011 5.70897 4.47761 5.43307 5.15187 5.76186 4.60483 5.5864 4.9761 5.9908 5.3653 4.61628 5.74453 5.21949 5.13105 4.17771 4.87193 5.24103 6.01445 5.75431 5.65757 5.67989 5.40193 6.44451 5.60469 4.92174 5.55147 5.64712 

--------------------------------------
Time: 13.0014
Split Ratios: 0.186 0.814 0.665 0.335 1 1 0.426 0.574 1 1 1 1 1 1 1 1 1 0.038 0.962 0.604 0.396 1 0.923 0.077 0.442 0.212 0.019 0.115 0.212 1 1 0.716 0.284 1 1 1 1 0.132 0.673 0.195 0.716 0.284 1 1 
Delays: 0.00878096 0.0160859 0.0190455 0.0101501 0.0328196 0.00873677 0.0161126 0.0103007 0.0303862 0.0133087 0.0144828 0.00883556 0.0101335 0.0290385 0.012354 0.016155 0.0219224 0.0275604 0.0239371 0.0144969 0.00868753 0.00812084 0.00876086 0.0103463 0.0131035 0.00583446 0.0120213 0.0174365 0.0101833 0.0116156 
Throughputs: 2.50675 3.63725 2.12992 3.42426 3.44064 2.62144 2.32653 3.80109 2.68698 3.73555 1.88416 3.35872 2.06438 2.75251 4.17792 2.81805 4.06323 1.83501 3.09658 2.8672 3.14573 2.75251 2.47398 2.9655 2.9655 4.22707 3.14573 2.42483 2.52314 3.2768 
Utility: 5.65416 5.42104 4.71701 5.82115 4.65239 5.70394 4.97253 5.91083 4.48218 5.63723 4.86828 5.94053 5.31674 4.55165 5.82359 5.16157 5.22222 4.19842 4.86262 5.28716 5.89191 5.82584 5.64329 5.65817 5.42192 6.58548 5.56712 4.93495 5.51251 5.64228 

--------------------------------------
Time: 13.5014
Split Ratios: 0.186 0.814 0.665 0.335 1 1 0.426 0.574 1 1 1 1 1 1 1 1 1 0.038 0.962 0.604 0.396 1 0.923 0.077 0.442 0.212 0.019 0.115 0.212 1 1 0.716 0.284 1 1 1 1 0.132 0.673 0.195 0.716 0.284 1 1 
Delays: 0.00885349 0.0159318 0.0190548 0.0100905 0.0329035 0.00875742 0.0162173 0.010378 0.0303796 0.0131733 0.0144557 0.00887026 0.0101207 0.0289293 0.0122485 0.0163634 0.0219385 0.0275865 0.0240231 0.0145216 0.00875113 0.00802653 0.00881492 0.0102753 0.0130412 0.00581009 0.0122114 0.0174417 0.0102797 0.0116047 
Throughputs: 2.93274 3.88301 2.12992 2.99827 3.48979 2.57229 2.75251 3.81747 2.57229 3.5881 2.09715 3.03104 2.29376 2.60506 3.71917 3.21126 3.81747 2.11354 3.09658 2.75251 3.12934 3.04742 2.73613 2.75251 3.04742 3.83386 3.1785 2.11354 2.65421 3.09658 
Utility: 5.80288 5.49605 4.71652 5.6942 4.66402 5.68265 5.13419 5.90765 4.43878 5.60718 4.97725 5.83396 5.42336 4.50036 5.71585 5.27937 5.1591 4.33879 4.85903 5.24463 5.8794 5.9393 5.73785 5.59053 5.45394 6.49203 5.5618 4.79725 5.55373 5.58665 

--------------------------------------
Time: 14.0014
Split Ratios: 0.186 0.814 0.665 0.335 1 1 0.426 0.574 1 1 1 1 1 1 1 1 1 0.038 0.962 0.604 0.396 1 0.923 0.077 0.442 0.212 0.019 0.115 0.212 1 1 0.716 0.284 1 1 1 1 0.132 0.673 0.195 0.716 0.284 1 1 
Delays: 0.00885887 0.0156505 0.0190281 0.0101294 0.0325971 0.00871967 0.0161055 0.010415 0.030386 0.013161 0.0144181 0.00883097 0.0101024 0.0289776 0.0119068 0.0169294 0.0218506 0.0276035 0.0234732 0.0144918 0.00874984 0.00819429 0.00876539 0.0103377 0.0130525 0.00578027 0.0120928 0.017496 0.0102747 0.0115972 
Throughputs: 2.91635 3.9977 2.1463 3.40787 3.50618 2.11354 2.5559 3.91578 2.94912 2.98189 2.17907 3.06381 2.12992 2.47398 3.75194 3.2768 3.40787 2.40845 3.14573 2.67059 3.06381 2.75251 2.62144 2.78528 2.78528 3.6864 3.39149 2.42483 2.83443 3.32595 
Utility: 5.79667 5.54297 4.72559 5.8184 4.67806 5.49054 5.067 5.92952 4.57528 5.42306 5.01817 5.84915 5.35106 4.44706 5.75292 5.26557 5.04962 4.4688 4.89794 5.21647 5.85838 5.81683 5.70067 5.5963 5.36312 6.45796 5.63642 4.93155 5.61991 5.65875 

--------------------------------------
Time: 14.5015
Split Ratios: 0.186 0.814 0.665 0.335 1 1 0.426 0.574 1 1 1 1 1 1 1 1 1 0.038 0.962 0.604 0.396 1 0.923 0.077 0.442 0.212 0.019 0.115 0.212 1 1 0.716 0.284 1 1 1 1 0.132 0.673 0.195 0.716 0.284 1 1 
Delays: 0.00880677 0.0153793 0.0190705 0.0101113 0.0327638 0.00876319 0.0161347 0.0103394 0.0303013 0.0132376 0.0144141 0.00883095 0.0101454 0.029031 0.0122368 0.0160905 0.0219836 0.0276317 0.024109 0.0145778 0.00872938 0.00809099 0.00872595 0.0102442 0.0130978 0.00578988 0.0123509 0.0173989 0.0102414 0.0115974 
Throughputs: 2.7689 3.88301 2.34291 3.01466 3.42426 2.19546 2.67059 3.55533 2.7689 3.67002 1.75309 2.93274 2.17907 2.39206 3.45702 3.19488 4.11238 2.22822 3.3751 3.09658 3.75194 2.83443 2.78528 2.75251 2.9655 3.47341 3.26042 2.5559 2.37568 2.9655 
Utility: 5.75068 5.53135 4.81101 5.69759 4.64931 5.52359 5.10908 5.84024 4.51501 5.62489 4.80093 5.80543 5.36964 4.41155 5.64372 5.29108 5.23146 4.39 4.9416 5.35856 6.06333 5.85885 5.7658 5.59355 5.42236 6.39678 5.57588 4.98975 5.4466 5.54403 

--------------------------------------
Time: 15.0017
Split Ratios: 0.186 0.814 0.665 0.335 1 1 0.426 0.574 1 1 1 1 1 1 1 1 1 0.038 0.962 0.604 0.396 1 0.923 0.077 0.442 0.212 0.019 0.115 0.212 1 1 0.716 0.284 1 1 1 1 0.132 0.673 0.195 0.716 0.284 1 1 
Delays: 0.00889739 0.0156508 0.0190637 0.0100909 0.0327522 0.00879311 0.0160651 0.0103781 0.0304007 0.0131434 0.0143853 0.00886311 0.0100971 0.0289764 0.0120518 0.0168897 0.0219822 0.0276848 0.0241619 0.0144669 0.00870617 0.00790906 0.00867513 0.0102473 0.0130598 0.00577803 0.0119426 0.0174475 0.0102898 0.0115723 
Throughputs: 2.71974 4.1943 2.3593 3.45702 3.08019 2.5559 3.04742 3.44064 2.71974 3.32595 1.86778 2.98189 2.27738 2.62144 4.04685 2.9655 4.24346 1.99885 2.78528 2.57229 3.24403 2.93274 2.31014 2.93274 2.7689 3.53894 3.19488 2.24461 2.24461 3.42426 
Utility: 5.72253 5.59096 4.81833 5.83653 4.54378 5.67219 5.2454 5.80372 4.49383 5.53359 4.86629 5.81841 5.41853 4.505 5.81648 5.1681 5.2629 4.27944 4.74733 5.18069 5.92054 5.91568 5.5846 5.65667 5.35666 6.41752 5.58919 4.85709 5.38514 5.69003 

--------------------------------------
Time: 15.5018
Split Ratios: 0.186 0.814 0.665 0.335 1 1 0.426 0.574 1 1 1 1 1 1 1 1 1 0.038 0.962 0.604 0.396 1 0.923 0.077 0.442 0.212 0.019 0.115 0.212 1 1 0.716 0.284 1 1 1 1 0.132 0.673 0.195 0.716 0.284 1 1 
Delays: 0.00892181 0.0158271 0.0191238 0.01009 0.0331838 0.00880021 0.0161985 0.010312 0.0304338 0.0131479 0.0143903 0.0087995 0.0100943 0.0289319 0.0123911 0.0164158 0.021958 0.0276941 0.0243703 0.014444 0.00873471 0.00801952 0.00875268 0.0103015 0.0131344 0.00586061 0.012293 0.0175616 0.0102274 0.0115717 
Throughputs: 2.88358 3.91578 1.88416 3.04742 3.52256 2.98189 3.06381 3.55533 2.4576 3.22765 1.85139 3.26042 2.21184 2.22822 3.98131 3.2768 3.67002 2.11354 3.24403 2.83443 3.42426 2.81805 2.27738 2.81805 2.8672 4.17792 3.55533 2.62144 2.4576 3.14573 
Utility: 5.77829 5.51104 4.59031 5.71051 4.66488 5.82554 5.2425 5.8429 4.39139 5.50325 4.85714 5.91492 5.3896 4.34402 5.77239 5.29638 5.11882 4.3349 4.89121 5.27932 5.97133 5.86192 5.56142 5.61151 5.38585 6.56931 5.66717 5.00577 5.48187 5.60523 

--------------------------------------
Time: 16.002
Split Ratios: 0.186 0.814 0.665 0.335 1 1 0.426 0.574 1 1 1 1 1 1 1 1 1 0.038 0.962 0.604 0.396 1 0.923 0.077 0.442 0.212 0.019 0.115 0.212 1 1 0.716 0.284 1 1 1 1 0.132 0.673 0.195 0.716 0.284 1 1 
Delays: 0.00887346 0.015451 0.0190299 0.0101303 0.0327977 0.00871672 0.0163001 0.0102676 0.0303589 0.0132627 0.0143953 0.00882671 0.0100987 0.0290322 0.0125448 0.0163949 0.0218659 0.0276311 0.0242595 0.0145823 0.00876316 0.00791196 0.00878069 0.0102176 0.0131124 0.00578533 0.0120194 0.0174638 0.0102652 0.0116298 
Throughputs: 3.12934 3.6864 2.17907 3.34234 3.2768 2.42483 3.19488 3.32595 2.80166 3.98131 2.09715 2.7689 2.09715 2.94912 3.88301 3.16211 3.9977 1.9497 3.60448 2.99827 3.39149 3.01466 2.73613 3.1785 3.11296 3.6864 3.24403 2.19546 2.39206 3.1785 
Utility: 5.86551 5.47473 4.74064 5.7989 4.60426 5.62827 5.27814 5.78052 4.52488 5.70441 4.98143 5.74842 5.33593 4.62086 5.73506 5.26202 5.20854 4.25649 5.00112 5.32599 5.95847 5.94287 5.74174 5.74006 5.46977 6.45708 5.59805 4.83402 5.45115 5.61059 

--------------------------------------
Time: 16.502
Split Ratios: 0.186 0.814 0.665 0.335 1 1 0.426 0.574 1 1 1 1 1 1 1 1 1 0.038 0.962 0.604 0.396 1 0.923 0.077 0.442 0.212 0.019 0.115 0.212 1 1 0.716 0.284 1 1 1 1 0.132 0.673 0.195 0.716 0.284 1 1 
Delays: 0.00885351 0.0155868 0.0190184 0.0101527 0.0328428 0.00879992 0.0161914 0.0102926 0.0303547 0.0132601 0.0144681 0.00885593 0.0101174 0.0290121 0.012298 0.0169185 0.0218794 0.0277989 0.0247404 0.0145036 0.00875472 0.00810511 0.0087247 0.0101915 0.0130397 0.00582889 0.0122756 0.017458 0.0102877 0.0115765 
Throughputs: 2.89997 3.98131 1.9497 3.75194 3.44064 2.58867 2.80166 3.60448 2.94912 3.24403 1.60563 3.30957 2.17907 2.62144 3.89939 3.40787 3.67002 2.39206 3.12934 2.80166 3.53894 3.16211 2.58867 2.67059 2.60506 3.75194 3.45702 2.31014 2.5559 3.16211 
Utility: 5.79164 5.54294 4.63002 5.91229 4.65168 5.68416 5.15349 5.8585 4.57631 5.49982 4.70932 5.92349 5.3724 4.50377 5.75914 5.30543 5.12241 4.45491 4.84014 5.26357 6.00199 5.9665 5.69274 5.5685 5.29721 6.4672 5.64055 4.88527 5.51522 5.61002 

--------------------------------------
Time: 17.002
Split Ratios: 0.186 0.814 0.665 0.335 1 1 0.426 0.574 1 1 1 1 1 1 1 1 1 0.038 0.962 0.604 0.396 1 0.923 0.077 0.442 0.212 0.019 0.115 0.212 1 1 0.716 0.284 1 1 1 1 0.132 0.673 0.195 0.716 0.284 1 1 
Delays: 0.00883953 0.0155767 0.0190056 0.0101242 0.0330108 0.00870454 0.0161575 0.0102894 0.030314 0.0131477 0.0144208 0.0088643 0.0101184 0.0289491 0.0124097 0.016661 0.0218973 0.027545 0.0245238 0.014488 0.00874573 0.00798154 0.00869667 0.0103222 0.0130443 0.00582132 0.0122803 0.0174158 0.010217 0.0116465 
Throughputs: 2.8672 3.6864 2.24461 3.32595 3.42426 2.50675 2.62144 3.40787 2.88358 3.26042 2.08077 2.85082 2.1463 2.44122 4.14515 3.09658 3.94854 1.85139 3.30957 2.62144 3.57171 2.80166 2.4576 2.7689 2.8672 3.91578 3.14573 2.24461 2.24461 3.29318 
Utility: 5.78186 5.46663 4.77155 5.79459 4.6418 5.6629 5.0891 5.80273 4.55518 5.51336 4.97182 5.77333 5.35715 4.43471 5.81122 5.22498 5.19474 4.20787 4.90493 5.19816 6.01223 5.86084 5.644 5.59191 5.39274 6.51124 5.5458 4.85891 5.39224 5.64461 

--------------------------------------
Time: 17.5021
Split Ratios: 0.186 0.814 0.665 0.335 1 1 0.426 0.574 1 1 1 1 1 1 1 1 1 0.038 0.962 0.604 0.396 1 0.923 0.077 0.442 0.212 0.019 0.115 0.212 1 1 0.716 0.284 1 1 1 1 0.132 0.673 0.195 0.716 0.284 1 1 
Delays: 0.00885107 0.01538 0.0189844 0.0100937 0.0329708 0.00877226 0.0161344 0.0102603 0.0303272 0.0132129 0.0144831 0.00894453 0.0101007 0.0290357 0.0120619 0.0161446 0.0219437 0.0277143 0.0241467 0.0144957 0.0087438 0.00784739 0.00878437 0.0102149 0.0131027 0.00581114 0.0121501 0.0174321 0.0102878 0.011619 
Throughputs: 3.08019 4.17792 2.39206 3.30957 3.29318 2.1463 2.67059 3.30957 2.94912 3.2768 1.9497 3.39149 2.01523 2.58867 4.12877 2.73613 3.91578 2.22822 3.1785 2.89997 3.40787 2.58867 2.57229 2.70336 2.9655 3.75194 3.39149 2.17907 2.4576 3.32595 
Utility: 5.85221 5.6045 4.83629 5.79266 4.60399 5.49991 5.1091 5.77629 4.57722 5.51343 4.90245 5.93798 5.29589 4.49037 5.83569 5.13271 5.18429 4.38701 4.88002 5.29861 5.9655 5.79872 5.67958 5.57841 5.42199 6.47025 5.63169 4.82834 5.47598 5.65687 

--------------------------------------
Time: 18.0021
Split Ratios: 0.186 0.814 0.665 0.335 1 1 0.426 0.574 1 1 1 1 1 1 1 1 1 0.038 0.962 0.604 0.396 1 0.923 0.077 0.442 0.212 0.019 0.115 0.212 1 1 0.716 0.284 1 1 1 1 0.132 0.673 0.195 0.716 0.284 1 1 
Delays: 0.00885934 0.0155932 0.0190568 0.0101094 0.0327692 0.00881838 0.0161252 0.0103766 0.0302744 0.0131735 0.0145059 0.00882472 0.0101288 0.029017 0.0125121 0.0162693 0.0219202 0.0276113 0.0237212 0.0145261 0.00872942 0.00817712 0.00877721 0.0102323 0.0131208 0.00580106 0.0122519 0.017531 0.0102102 0.0116491 
Throughputs: 2.91635 3.7847 2.27738 3.08019 3.29318 2.16269 2.78528 3.94854 2.67059 3.16211 2.19546 3.04742 1.9497 2.39206 3.53894 3.30957 3.81747 2.31014 3.48979 2.8672 3.32595 2.71974 2.63782 2.85082 2.98189 4.14515 3.1785 2.57229 2.58867 3.76832 
Utility: 5.79662 5.49189 4.78336 5.71928 4.61012 5.50227 5.15172 5.94155 4.47975 5.48079 5.01959 5.84449 5.26005 4.41203 5.64489 5.31529 5.15993 4.42684 4.99123 5.28514 5.94281 5.80695 5.70555 5.62981 5.42611 6.57165 5.55848 4.98858 5.53552 5.77915 

--------------------------------------
Time: 18.5022
Split Ratios: 0.186 0.814 0.665 0.335 1 1 0.426 0.574 1 1 1 1 1 1 1 1 1 0.038 0.962 0.604 0.396 1 0.923 0.077 0.442 0.212 0.019 0.115 0.212 1 1 0.716 0.284 1 1 1 1 0.132 0.673 0.195 0.716 0.284 1 1 
Delays: 0.00880087 0.0155593 0.019061 0.0101259 0.0329897 0.00878408 0.0161314 0.0102951 0.0303737 0.0131234 0.0144126 0.008801 0.0101011 0.0289895 0.0116552 0.0166739 0.0219896 0.0276063 0.0242942 0.0145574 0.00871348 0.0080276 0.00875413 0.0102465 0.0130461 0.00581064 0.0119572 0.0174014 0.0102725 0.0116134 
Throughputs: 2.83443 3.85024 2.22822 3.26042 3.14573 2.49037 2.73613 3.76832 2.47398 3.01466 1.96608 2.98189 2.26099 2.58867 3.73555 2.75251 3.85024 2.19546 3.19488 2.85082 3.16211 2.67059 2.60506 2.88358 2.8672 4.42368 3.09658 2.44122 2.5559 3.12934 
Utility: 5.77475 5.51123 4.76132 5.77451 4.55761 5.64724 5.13353 5.90271 4.40001 5.43685 4.91569 5.82545 5.41091 4.49197 5.7699 5.10642 5.16532 4.3761 4.87907 5.27726 5.89412 5.80717 5.69568 5.63985 5.3926 6.63504 5.55672 4.9437 5.51669 5.59642 

--------------------------------------
Time: 19.0024
Split Ratios: 0.186 0.814 0.665 0.335 1 1 0.426 0.574 1 1 1 1 1 1 1 1 1 0.038 0.962 0.604 0.396 1 0.923 0.077 0.442 0.212 0.019 0.115 0.212 1 1 0.716 0.284 1 1 1 1 0.132 0.673 0.195 0.716 0.284 1 1 
Delays: 0.00887141 0.0155402 0.0190822 0.010083 0.0327674 0.00876482 0.0160556 0.0103223 0.0303706 0.013128 0.0144356 0.00883566 0.0101335 0.0290477 0.0123204 0.0165401 0.0219494 0.0275894 0.0236104 0.0145123 0.00870419 0.00796346 0.0087041 0.0102725 0.0130198 0.00581403 0.0122678 0.0174221 0.0102504 0.0115877 
Throughputs: 3.34234 3.94854 2.40845 3.44064 2.70336 2.49037 2.63782 3.26042 3.06381 3.14573 1.62202 3.32595 2.40845 2.73613 4.06323 3.01466 4.12877 2.01523 3.35872 2.91635 3.21126 2.50675 2.58867 2.8672 2.98189 3.96493 3.19488 2.09715 2.40845 3.08019 
Utility: 5.93159 5.53767 4.83798 5.83256 4.41282 5.64944 5.10165 5.75531 4.61394 5.47905 4.72172 5.93072 5.47089 4.54536 5.79848 5.20546 5.23699 4.29106 4.95763 5.30309 5.91062 5.75188 5.69511 5.63162 5.43384 6.52497 5.56232 4.7906 5.45942 5.58281 

--------------------------------------
Time: 19.5026
Split Ratios: 0.186 0.814 0.665 0.335 1 1 0.426 0.574 1 1 1 1 1 1 1 1 1 0.038 0.962 0.604 0.396 1 0.923 0.077 0.442 0.212 0.019 0.115 0.212 1 1 0.716 0.284 1 1 1 1 0.132 0.673 0.195 0.716 0.284 1 1 
Delays: 0.00888159 0.0156076 0.0189914 0.0101087 0.0326277 0.00879376 0.0161179 0.0103181 0.0303037 0.01312 0.0144117 0.00879013 0.0101239 0.0289912 0.0123389 0.0172044 0.0218444 0.0275383 0.0246779 0.0144347 0.00872244 0.00812243 0.0087307 0.0102762 0.0130217 0.00576918 0.0121942 0.0174689 0.0102572 0.0115325 
Throughputs: 2.65421 3.34234 2.01523 3.35872 2.9655 2.75251 2.93274 3.35872 2.83443 3.09658 1.93331 2.94912 1.98246 2.50675 4.04685 3.08019 3.86662 1.83501 2.9655 2.85082 2.91635 3.12934 2.42483 2.62144 2.75251 3.26042 3.21126 2.42483 2.40845 2.75251 
Utility: 5.69992 5.36666 4.6645 5.80592 4.50964 5.74623 5.20376 5.78542 4.53833 5.46391 4.89895 5.81563 5.27719 4.45975 5.79294 5.18758 5.17619 4.19922 4.7889 5.28573 5.81219 5.95395 5.62667 5.54165 5.35365 6.33708 5.57346 4.93309 5.45875 5.4751 

--------------------------------------
Time: 20.0028
Split Ratios: 0.186 0.814 0.665 0.335 1 1 0.426 0.574 1 1 1 1 1 1 1 1 1 0.038 0.962 0.604 0.396 1 0.923 0.077 0.442 0.212 0.019 0.115 0.212 1 1 0.716 0.284 1 1 1 1 0.132 0.673 0.195 0.716 0.284 1 1 
Delays: 0.00891874 0.0157095 0.0191043 0.0101624 0.0328407 0.0088299 0.0161585 0.0103057 0.0303601 0.0131955 0.0145191 0.00885912 0.0101185 0.0290392 0.0121347 0.0168858 0.0219486 0.0276688 0.0246725 0.014473 0.00870452 0.00788423 0.00874756 0.0103281 0.0131344 0.00582664 0.0121071 0.0175155 0.0102822 0.0116162 
Throughputs: 2.98189 4.37453 2.47398 3.3751 3.35872 2.63782 2.91635 3.63725 2.93274 3.35872 2.1463 3.30957 2.34291 2.58867 3.47341 3.11296 3.70278 2.58867 3.08019 3.11296 3.16211 2.83443 2.63782 2.93274 3.08019 4.27622 3.32595 2.37568 2.50675 2.9655 
Utility: 5.81216 5.62929 4.86367 5.80548 4.62765 5.69957 5.19564 5.86629 4.57056 5.53944 4.99604 5.92312 5.44478 4.49025 5.65683 5.21686 5.12813 4.5386 4.82706 5.37105 5.89515 5.88473 5.70894 5.64882 5.45752 6.59838 5.61572 4.90995 5.49633 5.5424 

--------------------------------------
Time: 20.5028
Split Ratios: 0.186 0.814 0.665 0.335 1 1 0.426 0.574 1 1 1 1 1 1 1 1 1 0.038 0.962 0.604 0.396 1 0.923 0.077 0.442 0.212 0.019 0.115 0.212 1 1 0.716 0.284 1 1 1 1 0.132 0.673 0.195 0.716 0.284 1 1 
Delays: 0.00888981 0.0158547 0.0190332 0.0100654 0.0328452 0.00875901 0.016106 0.0102674 0.0303235 0.0131429 0.0144189 0.0088411 0.0100857 0.02896 0.0120483 0.015924 0.0218705 0.0276004 0.0239239 0.014561 0.00873112 0.00803306 0.00874168 0.0102498 0.0131152 0.00579957 0.0118123 0.0174084 0.0102958 0.0116122 
Throughputs: 2.70336 3.96493 2.01523 3.1785 3.01466 2.29376 2.73613 3.76832 2.8672 3.29318 1.67117 3.48979 2.32653 2.70336 3.88301 3.03104 3.85024 2.19546 3.39149 3.29318 3.48979 2.93274 2.88358 2.73613 3.26042 3.42426 3.30957 2.22822 2.3593 3.2768 
Utility: 5.71734 5.52178 4.66231 5.75506 4.51944 5.56786 5.13511 5.90541 4.54917 5.52373 4.75274 5.97819 5.44101 4.53634 5.77545 5.24883 5.17075 4.37631 4.95414 5.42126 5.9907 5.90013 5.79869 5.58704 5.51584 6.38086 5.63544 4.85201 5.43438 5.64256 

--------------------------------------
Time: 21.0029
Split Ratios: 0.186 0.814 0.665 0.335 1 1 0.426 0.574 1 1 1 1 1 1 1 1 1 0.038 0.962 0.604 0.396 1 0.923 0.077 0.442 0.212 0.019 0.115 0.212 1 1 0.716 0.284 1 1 1 1 0.132 0.673 0.195 0.716 0.284 1 1 
Delays: 0.00894534 0.0155075 0.0190148 0.010125 0.032803 0.00874552 0.0161359 0.0103342 0.030409 0.0131478 0.0144596 0.00882923 0.0100936 0.0290876 0.0122594 0.0165193 0.0218667 0.0275907 0.0240133 0.0144347 0.00876412 0.0081634 0.00875379 0.0102408 0.0130945 0.00582661 0.0121734 0.0174712 0.0102694 0.0115879 
Throughputs: 2.98189 3.75194 2.09715 3.09658 3.35872 2.62144 3.16211 3.50618 2.80166 3.26042 2.09715 3.35872 2.1463 2.71974 3.67002 3.30957 3.70278 2.3593 3.24403 2.60506 3.22765 2.71974 2.85082 2.49037 2.8672 4.03046 3.14573 2.53952 2.81805 3.09658 
Utility: 5.80918 5.4887 4.70312 5.72304 4.6288 5.70294 5.27795 5.82682 4.52323 5.51336 4.97698 5.94125 5.3596 4.53798 5.70166 5.30005 5.13188 4.44864 4.90597 5.19557 5.90884 5.80863 5.78587 5.4938 5.3889 6.5392 5.55454 4.97918 5.61463 5.58809 

--------------------------------------
Time: 21.503
Split Ratios: 0.186 0.814 0.665 0.335 1 1 0.426 0.574 1 1 1 1 1 1 1 1 1 0.038 0.962 0.604 0.396 1 0.923 0.077 0.442 0.212 0.019 0.115 0.212 1 1 0.716 0.284 1 1 1 1 0.132 0.673 0.195 0.716 0.284 1 1 
Delays: 0.00891286 0.0155497 0.0191298 0.0101324 0.0327553 0.00880501 0.0161376 0.0103804 0.030384 0.0132098 0.014457 0.00882277 0.010102 0.0291563 0.0122706 0.0171803 0.0219032 0.0275286 0.0236468 0.0144843 0.00874941 0.00813646 0.00879039 0.0102234 0.0130576 0.00578556 0.0123722 0.0174633 0.0103839 0.0115571 
Throughputs: 2.85082 4.04685 2.34291 3.19488 3.21126 2.65421 2.85082 3.22765 2.83443 3.44064 2.19546 2.99827 2.12992 3.14573 4.39091 2.93274 3.88301 2.03162 2.83443 2.67059 3.52256 2.60506 2.91635 2.78528 3.34234 3.83386 3.63725 2.24461 2.47398 2.89997 
Utility: 5.76787 5.56165 4.8079 5.75357 4.58535 5.70858 5.17421 5.73959 4.53568 5.56245 5.02296 5.82846 5.3511 4.68113 5.88009 5.13993 5.17773 4.30136 4.78637 5.21699 5.99796 5.76885 5.80443 5.60742 5.54505 6.49626 5.68353 4.85618 5.47333 5.52515 

--------------------------------------
Time: 22.003
Split Ratios: 0.186 0.814 0.665 0.335 1 1 0.426 0.574 1 1 1 1 1 1 1 1 1 0.038 0.962 0.604 0.396 1 0.923 0.077 0.442 0.212 0.019 0.115 0.212 1 1 0.716 0.284 1 1 1 1 0.132 0.673 0.195 0.716 0.284 1 1 
Delays: 0.00886865 0.0156787 0.0191074 0.0101166 0.0327981 0.00872162 0.01616 0.0103178 0.030252 0.0131392 0.0144356 0.00888106 0.0100723 0.0290401 0.0123964 0.0157885 0.0218969 0.0275424 0.0247028 0.0144916 0.00873053 0.00805235 0.00876668 0.0101918 0.01301 0.00581193 0.0122119 0.0174879 0.0102231 0.0116067 
Throughputs: 2.88358 4.12877 2.11354 3.29318 3.1785 2.29376 2.75251 3.35872 2.50675 3.2768 2.12992 3.2768 2.21184 2.60506 3.71917 2.94912 3.45702 1.99885 3.32595 2.78528 3.26042 2.7689 2.4576 2.47398 2.7689 3.65363 3.71917 2.1463 2.44122 3.32595 
Utility: 5.78427 5.57343 4.70604 5.78543 4.57379 5.57214 5.13773 5.78544 4.41718 5.51902 4.99414 5.9107 5.39179 4.49653 5.70385 5.22998 5.06182 4.2846 4.90259 5.25854 5.92278 5.84024 5.63598 5.492 5.36048 6.44356 5.71884 4.80999 5.4756 5.65793 

--------------------------------------
Time: 22.5032
Split Ratios: 0.186 0.814 0.665 0.335 1 1 0.426 0.574 1 1 1 1 1 1 1 1 1 0.038 0.962 0.604 0.396 1 0.923 0.077 0.442 0.212 0.019 0.115 0.212 1 1 0.716 0.284 1 1 1 1 0.132 0.673 0.195 0.716 0.284 1 1 
Delays: 0.0088722 0.0157979 0.0189422 0.01009 0.032735 0.00877157 0.0160711 0.0103113 0.0304361 0.0132237 0.0144678 0.0088721 0.0101136 0.0290095 0.0123623 0.0168722 0.0219069 0.0275888 0.023711 0.0144545 0.0087674 0.00799359 0.00871874 0.0102758 0.0130473 0.00578583 0.0121762 0.0175177 0.0102604 0.0116327 
Throughputs: 2.88358 4.52198 1.88416 2.83443 3.22765 2.62144 2.4576 3.29318 3.04742 2.94912 1.98246 3.26042 2.21184 2.88358 3.80109 3.08019 4.03046 2.21184 3.11296 3.06381 3.29318 2.75251 2.85082 2.65421 3.14573 3.48979 2.93274 2.31014 2.39206 3.19488 
Utility: 5.78387 5.65683 4.59985 5.63805 4.59106 5.69996 5.02992 5.76637 4.60642 5.40725 4.92017 5.9067 5.3877 4.59917 5.72839 5.20708 5.21483 4.38417 4.87739 5.35641 5.92857 5.84163 5.78989 5.55411 5.48522 6.40219 5.48421 4.88185 5.45162 5.61549 

--------------------------------------
Time: 23.0032
Split Ratios: 0.186 0.814 0.665 0.335 1 1 0.426 0.574 1 1 1 1 1 1 1 1 1 0.038 0.962 0.604 0.396 1 0.923 0.077 0.442 0.212 0.019 0.115 0.212 1 1 0.716 0.284 1 1 1 1 0.132 0.673 0.195 0.716 0.284 1 1 
Delays: 0.00890938 0.0153844 0.0189914 0.0101292 0.0327419 0.00874407 0.0161348 0.0102521 0.0302957 0.0131514 0.014417 0.0088566 0.0100906 0.0289144 0.0118989 0.0173617 0.0219335 0.0276507 0.0237549 0.0144384 0.0087237 0.0080929 0.00870649 0.0102256 0.013046 0.00582403 0.0123578 0.0174025 0.0102373 0.0115988 
Throughputs: 2.7689 3.81747 1.9497 3.42426 2.9655 2.27738 2.8672 3.53894 2.70336 3.1785 1.91693 2.58867 2.29376 2.47398 3.86662 2.99827 3.60448 2.09715 2.91635 2.62144 3.19488 2.73613 2.75251 3.19488 3.04742 4.35814 2.88358 2.42483 2.24461 3.55533 
Utility: 5.7391 5.51399 4.63144 5.82322 4.50615 5.5624 5.18012 5.8441 4.49125 5.48763 4.89007 5.67774 5.42635 4.44924 5.78369 5.15153 5.10192 4.32869 4.8103 5.20159 5.90326 5.82331 5.7562 5.74441 5.45357 6.61781 5.4525 4.9369 5.39025 5.7253 

--------------------------------------
Time: 23.5032
Split Ratios: 0.186 0.814 0.665 0.335 1 1 0.426 0.574 1 1 1 1 1 1 1 1 1 0.038 0.962 0.604 0.396 1 0.923 0.077 0.442 0.212 0.019 0.115 0.212 1 1 0.716 0.284 1 1 1 1 0.132 0.673 0.195 0.716 0.284 1 1 
Delays: 0.00883896 0.0156652 0.019156 0.0101023 0.0329019 0.00876374 0.0160977 0.0102879 0.030268 0.0131836 0.0144357 0.00890962 0.0100996 0.0289126 0.0117795 0.0161965 0.0218874 0.0275257 0.0240107 0.0145589 0.00876388 0.00794501 0.0087858 0.0102682 0.013055 0.00578276 0.0119932 0.0173944 0.010177 0.0115919 
Throughputs: 3.22765 3.9977 2.24461 3.14573 3.14573 2.37568 2.8672 3.42426 2.42483 3.44064 2.11354 3.14573 2.57229 2.47398 3.50618 3.19488 3.55533 2.26099 2.91635 3.35872 3.1785 2.78528 2.49037 2.73613 2.91635 3.52256 3.26042 2.26099 2.29376 3.11296 
Utility: 5.90034 5.54203 4.76367 5.74104 4.56027 5.60242 5.18241 5.80767 4.38343 5.56444 4.98641 5.86667 5.54005 4.44931 5.69592 5.28451 5.09029 4.40844 4.79959 5.44111 5.89352 5.85956 5.64705 5.58525 5.40891 6.41206 5.60527 4.86741 5.41782 5.59302 

--------------------------------------
Time: 24.0034
Split Ratios: 0.186 0.814 0.665 0.335 1 1 0.426 0.574 1 1 1 1 1 1 1 1 1 0.038 0.962 0.604 0.396 1 0.923 0.077 0.442 0.212 0.019 0.115 0.212 1 1 0.716 0.284 1 1 1 1 0.132 0.673 0.195 0.716 0.284 1 1 
Delays: 0.00892154 0.0155761 0.0189914 0.0101592 0.0328549 0.00875001 0.0160907 0.0103152 0.0302335 0.0131262 0.0144258 0.00887499 0.0100878 0.0290513 0.0126783 0.0169404 0.0218067 0.0276793 0.0237082 0.0145152 0.00873698 0.00800336 0.0087505 0.0102432 0.0130945 0.00580352 0.0119014 0.0173869 0.0102407 0.0116036 
Throughputs: 2.91635 3.75194 2.19546 3.62086 3.11296 2.22822 2.62144 3.19488 2.29376 3.14573 2.09715 3.29318 2.26099 2.50675 3.34234 3.16211 3.85024 2.19546 3.45702 2.91635 3.29318 2.71974 2.65421 2.99827 2.57229 3.44064 3.21126 2.32653 2.78528 2.9655 
Utility: 5.78962 5.48429 4.75016 5.87609 4.55123 5.53991 5.09324 5.73569 4.329 5.47919 4.97932 5.91637 5.41223 4.45768 5.57453 5.2293 5.17367 4.37346 4.98234 5.30289 5.93205 5.82843 5.71479 5.67918 5.28036 6.38495 5.59776 4.89642 5.60573 5.54348 

--------------------------------------
Time: 24.5034
Split Ratios: 0.186 0.814 0.665 0.335 1 1 0.426 0.574 1 1 1 1 1 1 1 1 1 0.038 0.962 0.604 0.396 1 0.923 0.077 0.442 0.212 0.019 0.115 0.212 1 1 0.716 0.284 1 1 1 1 0.132 0.673 0.195 0.716 0.284 1 1 
Delays: 0.00886519 0.015864 0.0191844 0.0101655 0.0328447 0.00872079 0.0162329 0.0103594 0.0303573 0.0131575 0.0144733 0.00886257 0.0101291 0.0289782 0.0123353 0.0178811 0.0219994 0.0276308 0.0241355 0.0145498 0.00873067 0.00818886 0.00882853 0.010274 0.0130871 0.0058221 0.0120504 0.0175461 0.0103758 0.0115894 
Throughputs: 2.98189 3.7847 2.12992 3.24403 3.30957 2.37568 3.19488 3.71917 2.65421 3.3751 1.86778 3.08019 1.98246 2.5559 4.01408 3.48979 4.04685 1.91693 3.06381 2.85082 3.22765 2.94912 2.75251 2.89997 3.06381 4.17792 3.42426 2.34291 2.62144 3.19488 
Utility: 5.81818 5.47467 4.70974 5.76558 4.61278 5.60733 5.28226 5.88336 4.47087 5.54719 4.8602 5.85091 5.27668 4.47962 5.7851 5.27385 5.21468 4.23955 4.84373 5.27778 5.91267 5.88649 5.74228 5.64283 5.45578 6.57591 5.64954 4.89432 5.532 5.61922 

--------------------------------------
Time: 25.0035
Split Ratios: 0.186 0.814 0.665 0.335 1 1 0.426 0.574 1 1 1 1 1 1 1 1 1 0.038 0.962 0.604 0.396 1 0.923 0.077 0.442 0.212 0.019 0.115 0.212 1 1 0.716 0.284 1 1 1 1 0.132 0.673 0.195 0.716 0.284 1 1 
Delays: 0.00883866 0.0157747 0.0191442 0.010149 0.032842 0.00883855 0.0160989 0.0103625 0.0303444 0.0131589 0.0144413 0.00883225 0.0101101 0.0289738 0.012174 0.0163573 0.0219623 0.0277028 0.0240935 0.0144235 0.00871106 0.00789799 0.00879949 0.0101846 0.0130846 0.00582858 0.0118528 0.0174535 0.0103071 0.0116811 
Throughputs: 2.89997 3.85024 2.58867 3.24403 3.2768 2.67059 2.67059 3.24403 2.75251 3.03104 2.01523 3.30957 2.16269 2.47398 4.14515 3.2768 3.93216 2.24461 3.2768 2.89997 3.52256 3.01466 2.60506 3.08019 3.21126 3.7847 3.21126 2.58867 2.70336 3.09658 
Utility: 5.79332 5.49748 4.9069 5.76719 4.60292 5.71093 5.11131 5.74637 4.50766 5.43956 4.9384 5.92616 5.36558 4.44719 5.83039 5.29995 5.18761 4.39475 4.91268 5.3036 6.00235 5.94463 5.69052 5.71187 5.50299 6.47595 5.60186 4.99936 5.56942 5.58008 

--------------------------------------
Time: 25.5036
Split Ratios: 0.186 0.814 0.665 0.335 1 1 0.426 0.574 1 1 1 1 1 1 1 1 1 0.038 0.962 0.604 0.396 1 0.923 0.077 0.442 0.212 0.019 0.115 0.212 1 1 0.716 0.284 1 1 1 1 0.132 0.673 0.195 0.716 0.284 1 1 
Delays: 0.00889562 0.0156194 0.0191257 0.0101262 0.0327855 0.00875238 0.0161559 0.0103133 0.0303275 0.0131346 0.0144301 0.00880574 0.0101196 0.0290169 0.0123893 0.0164941 0.0219727 0.0276596 0.0232177 0.01455 0.00872285 0.00804077 0.00879643 0.0102636 0.0130394 0.00578455 0.0120934 0.0175103 0.0103042 0.0115876 
Throughputs: 3.14573 3.73555 2.048 3.2768 3.50618 2.4576 2.8672 3.2768 2.50675 3.48979 1.98246 3.09658 2.048 2.8672 3.83386 2.94912 3.94854 2.19546 3.22765 2.80166 3.44064 2.80166 2.57229 2.91635 2.50675 3.65363 3.06381 2.70336 2.21184 3.26042 
Utility: 5.86824 5.47714 4.67358 5.7795 4.67229 5.63762 5.1788 5.76119 4.41469 5.58234 4.92278 5.86265 5.31014 4.59321 5.73479 5.18626 5.1913 4.37417 4.9346 5.26038 5.97747 5.85344 5.67821 5.64949 5.25877 6.44829 5.53476 5.03946 5.36903 5.63967 

--------------------------------------
Time: 26.0036
Split Ratios: 0.186 0.814 0.665 0.335 1 1 0.426 0.574 1 1 1 1 1 1 1 1 1 0.038 0.962 0.604 0.396 1 0.923 0.077 0.442 0.212 0.019 0.115 0.212 1 1 0.716 0.284 1 1 1 1 0.132 0.673 0.195 0.716 0.284 1 1 
Delays: 0.00881402 0.015668 0.0190464 0.0100922 0.0328894 0.00876859 0.0161577 0.0103273 0.0303411 0.0132222 0.0143988 0.00885946 0.0100818 0.028981 0.0123513 0.0157139 0.0220018 0.0275415 0.0242248 0.0145363 0.00876093 0.00789682 0.00876203 0.010202 0.013032 0.00579461 0.0121166 0.0174112 0.010235 0.0115976 
Throughputs: 2.80166 3.81747 2.08077 3.04742 3.03104 2.91635 2.8672 3.40787 2.60506 3.44064 1.81862 3.08019 1.60563 2.85082 3.57171 3.45702 3.6864 2.16269 3.24403 2.67059 3.30957 3.08019 2.58867 2.68698 2.89997 3.71917 3.55533 2.31014 2.26099 3.1785 
Utility: 5.76163 5.49572 4.69362 5.71029 4.52351 5.80691 5.17869 5.79906 4.45271 5.56152 4.83869 5.85126 5.07054 4.58872 5.66704 5.39362 5.12128 4.36341 4.8972 5.2134 5.93427 5.96629 5.68847 5.57359 5.40505 6.46433 5.68163 4.88795 5.39774 5.61336 

--------------------------------------
Time: 26.5037
Split Ratios: 0.186 0.814 0.665 0.335 1 1 0.426 0.574 1 1 1 1 1 1 1 1 1 0.038 0.962 0.604 0.396 1 0.923 0.077 0.442 0.212 0.019 0.115 0.212 1 1 0.716 0.284 1 1 1 1 0.132 0.673 0.195 0.716 0.284 1 1 
Delays: 0.00893939 0.0154423 0.0189917 0.0100947 0.0328807 0.00874932 0.0160838 0.0103983 0.0303268 0.0131841 0.0144094 0.00890845 0.0101096 0.0289644 0.0124116 0.0158987 0.0219212 0.0275274 0.0243255 0.0144785 0.00871606 0.00806834 0.00874031 0.0102964 0.0130892 0.00582039 0.0122404 0.0174484 0.0102494 0.0115712 
Throughputs: 2.89997 3.76832 1.9497 3.14573 3.21126 2.1463 2.62144 3.71917 2.63782 3.26042 1.9497 3.24403 1.88416 2.53952 3.75194 3.14573 3.89939 2.06438 3.21126 2.89997 3.19488 3.09658 2.71974 2.88358 3.26042 4.17792 3.40787 2.47398 2.58867 2.7689 
Utility: 5.78199 5.49727 4.63143 5.74179 4.58154 5.50253 5.09367 5.87961 4.46568 5.5106 4.90755 5.89757 5.22775 4.47366 5.7114 5.28756 5.18112 4.31741 4.8829 5.29979 5.90414 5.9501 5.74035 5.635 5.51782 6.5762 5.6291 4.95434 5.53168 5.47769 

--------------------------------------
Time: 27.004
Split Ratios: 0.186 0.814 0.665 0.335 1 1 0.426 0.574 1 1 1 1 1 1 1 1 1 0.038 0.962 0.604 0.396 1 0.923 0.077 0.442 0.212 0.019 0.115 0.212 1 1 0.716 0.284 1 1 1 1 0.132 0.673 0.195 0.716 0.284 1 1 
Delays: 0.00892026 0.0156467 0.0189757 0.0100936 0.0326235 0.00880926 0.0162226 0.0102286 0.0304864 0.0131931 0.0145122 0.00885399 0.010164 0.0290266 0.0122767 0.0163798 0.0219722 0.027649 0.0235243 0.0145256 0.00874591 0.00813596 0.00878231 0.0102304 0.0130702 0.00582865 0.0118314 0.0174777 0.0102892 0.0115777 
Throughputs: 3.03104 3.91578 2.048 2.9655 2.99827 2.75251 3.39149 2.98189 2.83443 3.35872 2.12992 3.30957 2.24461 2.34291 3.62086 3.06381 3.63725 2.08077 2.78528 2.67059 3.45702 3.03104 2.26099 3.08019 2.71974 3.73555 3.06381 2.11354 2.75251 3.52256 
Utility: 5.82834 5.52251 4.68146 5.6829 4.52076 5.74447 5.34262 5.67512 4.53232 5.53962 4.98885 5.9237 5.39744 4.39094 5.68676 5.23137 5.10921 4.3209 4.77407 5.21414 5.97958 5.92037 5.55082 5.70739 5.33796 6.46287 5.55666 4.79519 5.58918 5.71786 

--------------------------------------
Time: 27.504
Split Ratios: 0.186 0.814 0.665 0.335 1 1 0.426 0.574 1 1 1 1 1 1 1 1 1 0.038 0.962 0.604 0.396 1 0.923 0.077 0.442 0.212 0.019 0.115 0.212 1 1 0.716 0.284 1 1 1 1 0.132 0.673 0.195 0.716 0.284 1 1 
Delays: 0.00880265 0.0155487 0.0191333 0.0101303 0.032783 0.00873441 0.0161586 0.0103087 0.0302949 0.0131454 0.0144338 0.00882857 0.0101141 0.028953 0.0125094 0.0165701 0.0218585 0.0276128 0.0243181 0.0145465 0.00870345 0.00816818 0.00875065 0.0102052 0.0131173 0.00584294 0.0117993 0.0175067 0.0102681 0.0117107 
Throughputs: 2.70336 3.62086 2.17907 3.39149 3.3751 2.60506 2.85082 3.86662 2.62144 3.39149 1.90054 3.16211 2.048 2.52314 3.80109 3.06381 3.98131 2.27738 2.75251 2.89997 3.30957 2.63782 2.52314 3.12934 2.81805 4.07962 3.08019 2.60506 2.5559 3.22765 
Utility: 5.7272 5.45049 4.73522 5.81349 4.63427 5.69794 5.17291 5.92715 4.4605 5.55295 4.88033 5.881 5.31069 4.46758 5.71656 5.21981 5.20478 4.4125 4.72905 5.2951 5.94085 5.77746 5.66413 5.72568 5.36987 6.54852 5.5647 5.00263 5.51712 5.61901 

--------------------------------------
Time: 28.0042
Split Ratios: 0.186 0.814 0.665 0.335 1 1 0.426 0.574 1 1 1 1 1 1 1 1 1 0.038 0.962 0.604 0.396 1 0.923 0.077 0.442 0.212 0.019 0.115 0.212 1 1 0.716 0.284 1 1 1 1 0.132 0.673 0.195 0.716 0.284 1 1 
Delays: 0.00898966 0.0154478 0.0190404 0.0101435 0.0329068 0.00872783 0.0161861 0.0103721 0.0303418 0.0132697 0.0145335 0.00892613 0.0101384 0.0290131 0.0122274 0.0166093 0.0218172 0.0276978 0.0235169 0.0145333 0.00871174 0.00801213 0.00878401 0.0102741 0.0130449 0.00577293 0.0119568 0.0174939 0.0102099 0.0115886 
Throughputs: 2.93274 3.98131 2.22822 3.26042 3.26042 2.26099 2.89997 3.80109 2.80166 3.12934 1.96608 3.67002 2.21184 2.62144 3.98131 3.11296 3.88301 2.16269 2.99827 2.9655 3.19488 2.88358 2.5559 2.40845 2.80166 3.83386 3.09658 2.5559 2.32653 3.47341 
Utility: 5.78762 5.5519 4.7624 5.77278 4.59593 5.55704 5.1883 5.90392 4.52544 5.4631 4.90734 6.01897 5.38525 4.50373 5.78569 5.23337 5.18167 4.35775 4.84807 5.31836 5.90463 5.88583 5.67323 5.45712 5.36957 6.49845 5.55675 4.98431 5.42878 5.70287 

--------------------------------------
Time: 28.5042
Split Ratios: 0.186 0.814 0.665 0.335 1 1 0.426 0.574 1 1 1 1 1 1 1 1 1 0.038 0.962 0.604 0.396 1 0.923 0.077 0.442 0.212 0.019 0.115 0.212 1 1 0.716 0.284 1 1 1 1 0.132 0.673 0.195 0.716 0.284 1 1 
Delays: 0.00893414 0.0155705 0.0190695 0.0101143 0.0327585 0.00875905 0.0161209 0.01033 0.0303865 0.0131011 0.0144826 0.00885144 0.0101489 0.0291379 0.0125379 0.0168446 0.0218911 0.02756 0.0245738 0.0145347 0.00868329 0.00816305 0.00873788 0.0102452 0.0129996 0.00577159 0.0121421 0.0174123 0.0103032 0.0116056 
Throughputs: 3.22765 3.81747 2.06438 3.42426 2.8672 2.39206 2.85082 3.91578 2.52314 3.52256 2.17907 2.9655 2.37568 2.99827 3.85024 3.16211 3.98131 2.01523 2.8672 2.78528 3.34234 2.44122 2.62144 3.04742 2.91635 4.06323 3.35872 2.4576 2.62144 3.16211 
Utility: 5.88963 5.50197 4.6845 5.82469 4.47193 5.60982 5.17524 5.93772 4.41926 5.59425 5.01371 5.81422 5.45568 4.63375 5.72713 5.23496 5.20329 4.29212 4.75941 5.25557 5.95302 5.70063 5.70381 5.69525 5.41317 6.55679 5.62263 4.94976 5.53902 5.60751 

--------------------------------------
Time: 29.0043
Split Ratios: 0.186 0.814 0.665 0.335 1 1 0.426 0.574 1 1 1 1 1 1 1 1 1 0.038 0.962 0.604 0.396 1 0.923 0.077 0.442 0.212 0.019 0.115 0.212 1 1 0.716 0.284 1 1 1 1 0.132 0.673 0.195 0.716 0.284 1 1 
Delays: 0.00889487 0.0155352 0.0189849 0.0100837 0.0326506 0.008836 0.0161027 0.0103623 0.03036 0.0132725 0.0144297 0.00893521 0.0100745 0.0290275 0.0117965 0.0160643 0.0218407 0.0275878 0.0244674 0.0145319 0.00873059 0.00809454 0.00876275 0.0102971 0.0130279 0.00580165 0.01206 0.0174007 0.0102391 0.0115605 
Throughputs: 2.85082 3.86662 2.31014 3.06381 3.03104 2.65421 2.73613 3.63725 2.52314 3.2768 1.98246 2.9655 1.96608 2.42483 3.81747 2.85082 3.89939 2.40845 3.21126 3.04742 3.06381 2.94912 2.53952 2.75251 2.58867 3.55533 2.8672 2.42483 2.44122 2.98189 
Utility: 5.76989 5.51703 4.80142 5.71649 4.5308 5.70507 5.13531 5.86081 4.42013 5.50893 4.92281 5.8048 5.27379 4.42527 5.77954 5.17876 5.1848 4.46936 4.87708 5.3457 5.86058 5.89807 5.66922 5.5884 5.29181 6.41806 5.47119 4.93701 5.47403 5.55272 

--------------------------------------
Time: 29.5043
Split Ratios: 0.186 0.814 0.665 0.335 1 1 0.426 0.574 1 1 1 1 1 1 1 1 1 0.038 0.962 0.604 0.396 1 0.923 0.077 0.442 0.212 0.019 0.115 0.212 1 1 0.716 0.284 1 1 1 1 0.132 0.673 0.195 0.716 0.284 1 1 
Delays: 0.00892957 0.0155661 0.0189978 0.0101195 0.0327084 0.00876206 0.0160307 0.0103168 0.0303935 0.0131727 0.0144986 0.00886874 0.0100888 0.0290234 0.0129895 0.0154607 0.0219293 0.0276502 0.0243151 0.0145246 0.00877348 0.00809828 0.00870441 0.0102853 0.013111 0.00579414 0.012302 0.0174274 0.0102707 0.0116531 
Throughputs: 3.30957 3.81747 2.4576 3.7847 2.89997 2.44122 2.53952 3.29318 2.57229 3.65363 1.80224 3.21126 2.16269 2.8672 4.1943 3.09658 3.98131 1.93331 3.42426 2.78528 3.55533 2.91635 2.58867 2.62144 3.16211 4.55475 3.26042 2.27738 2.85082 2.98189 
Utility: 5.91521 5.50225 4.86262 5.92426 4.48482 5.62982 5.06522 5.76584 4.43832 5.62533 4.82273 5.89189 5.36768 4.59299 5.77734 5.29975 5.20154 4.24736 4.94754 5.25626 6.00447 5.88644 5.69507 5.54076 5.48554 6.66708 5.57985 4.87274 5.62606 5.54474 

--------------------------------------
Time: 30.0045
Split Ratios: 0.186 0.814 0.665 0.335 1 1 0.426 0.574 1 1 1 1 1 1 1 1 1 0.038 0.962 0.604 0.396 1 0.923 0.077 0.442 0.212 0.019 0.115 0.212 1 1 0.716 0.284 1 1 1 1 0.132 0.673 0.195 0.716 0.284 1 1 
Delays: 0.00893601 0.0157758 0.019233 0.0101208 0.0329282 0.00879373 0.016252 0.0102828 0.0304196 0.0132188 0.0144661 0.0088715 0.0100943 0.0289972 0.0122094 0.0162263 0.0219782 0.0276156 0.0245413 0.0145293 0.00872907 0.00792199 0.00876058 0.0103314 0.013078 0.00579117 0.0121945 0.0174712 0.0103171 0.0116004 
Throughputs: 3.08019 4.01408 2.24461 3.50618 3.06381 2.49037 2.93274 3.1785 2.52314 3.62086 1.93331 3.2768 2.32653 2.75251 4.14515 3.12934 4.25984 2.29376 3.53894 2.93274 3.39149 2.70336 2.62144 2.89997 2.7689 3.86662 3.47341 2.19546 2.75251 3.16211 
Utility: 5.84266 5.53909 4.75966 5.84769 4.53308 5.64615 5.19548 5.73369 4.41817 5.61283 4.89518 5.91178 5.44016 4.55307 5.82749 5.26195 5.26694 4.41957 4.97122 5.30752 5.96236 5.83261 5.70122 5.63726 5.35527 6.5038 5.65191 4.83359 5.58646 5.60795 

--------------------------------------
Time: 30.5045
Split Ratios: 0.186 0.814 0.665 0.335 1 1 0.426 0.574 1 1 1 1 1 1 1 1 1 0.038 0.962 0.604 0.396 1 0.923 0.077 0.442 0.212 0.019 0.115 0.212 1 1 0.716 0.284 1 1 1 1 0.132 0.673 0.195 0.716 0.284 1 1 
Delays: 0.00891523 0.0158541 0.0189912 0.0101373 0.0326835 0.0087415 0.0161432 0.0103307 0.0303006 0.0131307 0.0144807 0.00885343 0.0101177 0.0290596 0.0122352 0.0154851 0.0218911 0.0275523 0.0242317 0.0145013 0.00871491 0.0081376 0.00876854 0.0102515 0.0130585 0.00581082 0.0119874 0.0174913 0.0102969 0.011555 
Throughputs: 3.1785 3.9977 1.75309 3.55533 3.3751 2.09715 2.67059 3.50618 2.63782 3.12934 2.17907 2.94912 2.06438 2.68698 3.73555 3.04742 4.06323 1.99885 3.08019 3.16211 2.99827 2.73613 2.50675 2.8672 2.83443 3.80109 3.14573 2.52314 2.68698 3.03104 
Utility: 5.8764 5.53005 4.52516 5.85999 4.63731 5.48025 5.10855 5.82716 4.46654 5.47363 5.01384 5.80846 5.3183 4.52682 5.72134 5.28218 5.22365 4.28424 4.84509 5.38475 5.84076 5.8178 5.65557 5.63367 5.38016 6.48332 5.56994 4.97155 5.56433 5.56954 

--------------------------------------
Time: 31.0046
Split Ratios: 0.186 0.814 0.665 0.335 1 1 0.426 0.574 1 1 1 1 1 1 1 1 1 0.038 0.962 0.604 0.396 1 0.923 0.077 0.442 0.212 0.019 0.115 0.212 1 1 0.716 0.284 1 1 1 1 0.132 0.673 0.195 0.716 0.284 1 1 
Delays: 0.00888562 0.015754 0.0190172 0.0101437 0.0329072 0.00872614 0.0162213 0.0102955 0.0303837 0.0131504 0.0144685 0.00886562 0.0101444 0.0290508 0.012079 0.0165413 0.0220022 0.0276491 0.0243876 0.0145047 0.00875795 0.00804494 0.00873346 0.0103153 0.0130852 0.00578691 0.011965 0.0174978 0.0102462 0.0115862 
Throughputs: 3.80109 3.86662 2.5559 2.93274 3.22765 2.11354 2.81805 3.60448 2.75251 3.44064 1.9497 3.57171 2.08077 2.88358 4.70221 3.19488 4.34176 1.98246 3.24403 3.03104 3.19488 2.80166 2.62144 2.71974 2.8672 3.47341 3.52256 2.5559 2.22822 2.91635 
Utility: 6.05861 5.50304 4.90082 5.66684 4.58582 5.48979 5.15748 5.85822 4.50636 5.56696 4.90346 5.99862 5.32357 4.59774 5.96432 5.26345 5.28489 4.2725 4.8905 5.34219 5.89934 5.85293 5.70432 5.57466 5.38961 6.39729 5.68495 4.98409 5.38205 5.52828 

--------------------------------------
Time: 31.5046
Split Ratios: 0.186 0.814 0.665 0.335 1 1 0.426 0.574 1 1 1 1 1 1 1 1 1 0.038 0.962 0.604 0.396 1 0.923 0.077 0.442 0.212 0.019 0.115 0.212 1 1 0.716 0.284 1 1 1 1 0.132 0.673 0.195 0.716 0.284 1 1 
Delays: 0.00884668 0.0155667 0.0189923 0.0101044 0.0326209 0.00882331 0.0161947 0.0102849 0.0303581 0.0131933 0.0144635 0.00887947 0.0101236 0.0289524 0.0120787 0.017546 0.0218818 0.0276635 0.0246401 0.0144567 0.00873865 0.00798742 0.00875347 0.0102573 0.0130325 0.00582929 0.0120681 0.0174398 0.0102258 0.0115848 
Throughputs: 2.99827 3.80109 2.21184 2.94912 3.32595 2.57229 2.71974 3.65363 2.49037 3.1785 2.1463 3.21126 2.19546 2.52314 4.01408 3.21126 4.17792 2.31014 3.01466 2.71974 3.62086 2.94912 2.67059 2.67059 2.80166 4.04685 3.65363 2.12992 2.57229 2.8672 
Utility: 5.82575 5.49791 4.75755 5.6763 4.62456 5.67515 5.12361 5.8728 4.40712 5.48446 4.99987 5.89068 5.37927 4.46761 5.80612 5.20959 5.25192 4.42495 4.80687 5.23713 6.02671 5.91139 5.7206 5.56206 5.37052 6.5428 5.71291 4.80508 5.52764 5.5114 

--------------------------------------
Time: 32.0048
Split Ratios: 0.186 0.814 0.665 0.335 1 1 0.426 0.574 1 1 1 1 1 1 1 1 1 0.038 0.962 0.604 0.396 1 0.923 0.077 0.442 0.212 0.019 0.115 0.212 1 1 0.716 0.284 1 1 1 1 0.132 0.673 0.195 0.716 0.284 1 1 
Delays: 0.0089185 0.0158585 0.0190157 0.0100953 0.0328957 0.00876954 0.0161865 0.010286 0.0303841 0.0131576 0.0143951 0.00887289 0.0101245 0.0290116 0.0122869 0.0165777 0.021898 0.0276418 0.0244207 0.0144881 0.00872205 0.00810766 0.00878034 0.0102838 0.0131237 0.00578014 0.0123298 0.0174831 0.0102861 0.0116312 
Throughputs: 2.5559 4.03046 2.16269 2.88358 3.11296 2.73613 3.09658 3.62086 2.91635 3.19488 1.55648 3.22765 2.1463 2.71974 3.96493 3.12934 4.06323 1.9497 3.21126 2.75251 3.5881 2.89997 2.83443 2.83443 2.81805 3.86662 3.3751 2.26099 2.37568 3.21126 
Utility: 5.65803 5.53793 4.73384 5.65471 4.54999 5.74302 5.25387 5.86368 4.56417 5.4923 4.68329 5.89651 5.35654 4.5406 5.77671 5.24052 5.22334 4.2561 4.87899 5.24694 6.01952 5.87965 5.77708 5.61903 5.36938 6.50571 5.61216 4.86232 5.44224 5.62073 

--------------------------------------
Time: 32.5049
Split Ratios: 0.186 0.814 0.665 0.335 1 1 0.426 0.574 1 1 1 1 1 1 1 1 1 0.038 0.962 0.604 0.396 1 0.923 0.077 0.442 0.212 0.019 0.115 0.212 1 1 0.716 0.284 1 1 1 1 0.132 0.673 0.195 0.716 0.284 1 1 
Delays: 0.00877048 0.015866 0.0190339 0.0101162 0.0328121 0.00873977 0.0160976 0.0103277 0.0303849 0.0132617 0.0145376 0.008768 0.0101526 0.0290911 0.0122751 0.0168595 0.0218906 0.0275581 0.0240192 0.014517 0.00870185 0.00805263 0.00870217 0.0102405 0.0131451 0.00578862 0.0122092 0.0174544 0.010239 0.0116526 
Throughputs: 3.1785 3.9977 2.57229 3.65363 3.06381 2.44122 2.63782 3.6864 2.89997 3.47341 1.80224 2.71974 2.17907 2.78528 3.9977 3.03104 4.096 2.26099 3.16211 2.63782 3.16211 2.65421 2.5559 2.98189 2.9655 3.83386 3.14573 2.8672 2.4576 3.11296 
Utility: 5.89277 5.52929 4.90633 5.88934 4.53662 5.63237 5.09904 5.87758 4.55851 5.56801 4.82005 5.73718 5.36892 4.56167 5.7859 5.19174 5.23171 4.40726 4.88014 5.20239 5.89546 5.7979 5.68259 5.67397 5.41875 6.49573 5.55161 5.1015 5.48074 5.5878 

--------------------------------------
Time: 33.0051
Split Ratios: 0.186 0.814 0.665 0.335 1 1 0.426 0.574 1 1 1 1 1 1 1 1 1 0.038 0.962 0.604 0.396 1 0.923 0.077 0.442 0.212 0.019 0.115 0.212 1 1 0.716 0.284 1 1 1 1 0.132 0.673 0.195 0.716 0.284 1 1 
Delays: 0.00890135 0.0157012 0.0189552 0.0101588 0.0327735 0.00871577 0.0160692 0.0102787 0.0303984 0.0132178 0.0144388 0.00892194 0.0101111 0.02903 0.0123468 0.0164964 0.0218351 0.0276322 0.024748 0.0144396 0.00871798 0.00799686 0.00876865 0.0102157 0.0130452 0.00578271 0.0118294 0.0174228 0.0102333 0.0116117 
Throughputs: 2.98189 4.12877 2.22822 3.30957 3.12934 2.31014 2.60506 3.50618 2.73613 3.01466 1.90054 3.3751 1.90054 2.88358 4.24346 2.99827 3.63725 2.26099 2.99827 2.63782 3.47341 2.89997 2.58867 2.8672 2.85082 3.73555 3.14573 2.42483 2.57229 3.12934 
Utility: 5.81411 5.572 4.76688 5.78623 4.55896 5.57993 5.0883 5.83221 4.49991 5.42968 4.87997 5.93567 5.23626 4.59846 5.83974 5.20265 5.11547 4.40458 4.79705 5.20774 5.9875 5.89341 5.68772 5.63716 5.38694 6.47078 5.58321 4.93574 5.5269 5.59656 

--------------------------------------
Time: 33.5052
Split Ratios: 0.186 0.814 0.665 0.335 1 1 0.426 0.574 1 1 1 1 1 1 1 1 1 0.038 0.962 0.604 0.396 1 0.923 0.077 0.442 0.212 0.019 0.115 0.212 1 1 0.716 0.284 1 1 1 1 0.132 0.673 0.195 0.716 0.284 1 1 
Delays: 0.00887719 0.0156783 0.0190337 0.0101212 0.0329591 0.00873304 0.0161797 0.0102471 0.0303706 0.013223 0.0144473 0.00891711 0.0101315 0.0290683 0.0118631 0.0155975 0.0218314 0.0275876 0.0239326 0.0144533 0.00872838 0.00815306 0.00869728 0.0102606 0.0130567 0.00580612 0.0121016 0.0174664 0.0102846 0.0115384 
Throughputs: 3.1785 4.01408 2.37568 3.24403 3.22765 2.01523 3.04742 3.40787 2.49037 3.53894 1.98246 3.30957 2.19546 2.06438 3.80109 3.01466 3.67002 2.09715 3.47341 2.68698 3.44064 2.73613 2.22822 2.5559 3.08019 3.88301 2.9655 2.26099 2.5559 3.04742 
Utility: 5.88068 5.54529 4.82683 5.76994 4.58424 5.44138 5.23829 5.80685 4.40671 5.58963 4.92159 5.9166 5.3785 4.26294 5.76961 5.26413 5.1246 4.33097 4.97765 5.22525 5.97683 5.81591 5.54595 5.51785 5.46345 6.50545 5.50146 4.86328 5.51552 5.57637 

--------------------------------------
Time: 34.0055
Split Ratios: 0.186 0.814 0.665 0.335 1 1 0.426 0.574 1 1 1 1 1 1 1 1 1 0.038 0.962 0.604 0.396 1 0.923 0.077 0.442 0.212 0.019 0.115 0.212 1 1 0.716 0.284 1 1 1 1 0.132 0.673 0.195 0.716 0.284 1 1 
Delays: 0.00886011 0.0157172 0.0191239 0.0101203 0.0329905 0.00877566 0.0161652 0.0102865 0.0303627 0.0132494 0.0145177 0.00882821 0.0101384 0.0290052 0.0120453 0.0168253 0.0218861 0.0276078 0.0239281 0.0145024 0.00877764 0.00791109 0.00878937 0.010281 0.0130317 0.00579782 0.0121558 0.0174739 0.010183 0.0116561 
Throughputs: 2.83443 4.01408 2.17907 2.83443 3.40787 2.34291 2.78528 3.44064 2.89997 3.35872 2.27738 3.35872 2.17907 2.8672 3.71917 3.24403 3.83386 1.98246 3.45702 2.93274 3.55533 3.08019 2.70336 3.2768 3.12934 3.75194 3.03104 2.42483 2.1463 3.35872 
Utility: 5.76804 5.54281 4.73572 5.63505 4.63762 5.58717 5.14925 5.81258 4.55924 5.53536 5.05541 5.94136 5.37033 4.59361 5.73258 5.26169 5.16577 4.274 4.97311 5.30938 6.004 5.96448 5.72871 5.76433 5.4812 6.47255 5.51885 4.93281 5.35078 5.66349 

--------------------------------------
Time: 34.5057
Split Ratios: 0.186 0.814 0.665 0.335 1 1 0.426 0.574 1 1 1 1 1 1 1 1 1 0.038 0.962 0.604 0.396 1 0.923 0.077 0.442 0.212 0.019 0.115 0.212 1 1 0.716 0.284 1 1 1 1 0.132 0.673 0.195 0.716 0.284 1 1 
Delays: 0.00879405 0.0156408 0.0191114 0.010085 0.0328201 0.0087394 0.0163151 0.0103053 0.0303465 0.0131406 0.014584 0.00880126 0.0101365 0.0289759 0.0126579 0.016486 0.0219448 0.0276017 0.0238311 0.0145281 0.00869571 0.00808778 0.00875192 0.010232 0.0130514 0.00581667 0.0121276 0.0174699 0.0102693 0.0115748 
Throughputs: 2.75251 3.85024 2.17907 3.22765 3.26042 2.03162 2.89997 3.29318 2.50675 3.42426 2.08077 3.21126 2.24461 2.68698 3.83386 3.16211 3.76832 2.37568 3.11296 2.65421 3.30957 3.09658 2.52314 2.44122 2.8672 3.94854 3.21126 2.57229 2.4576 2.88358 
Utility: 5.74619 5.50601 4.73637 5.76846 4.59857 5.44874 5.18037 5.76696 4.41406 5.56294 4.96057 5.89952 5.40014 4.52971 5.71334 5.25648 5.14585 4.45516 4.87234 5.20782 5.94174 5.9477 5.66398 5.47473 5.3922 6.52037 5.57894 4.99207 5.47778 5.51796 

--------------------------------------
Time: 35.0057
Split Ratios: 0.186 0.814 0.665 0.335 1 1 0.426 0.574 1 1 1 1 1 1 1 1 1 0.038 0.962 0.604 0.396 1 0.923 0.077 0.442 0.212 0.019 0.115 0.212 1 1 0.716 0.284 1 1 1 1 0.132 0.673 0.195 0.716 0.284 1 1 
Delays: 0.00895375 0.0156912 0.0190703 0.0101245 0.0328417 0.00873855 0.0162497 0.0103412 0.0304546 0.0132774 0.0144611 0.00879675 0.0101236 0.0289992 0.0125503 0.0174613 0.0219249 0.0276903 0.0243401 0.0145648 0.0086892 0.00810795 0.00868182 0.0102265 0.0130299 0.00580208 0.0124124 0.0174677 0.0103472 0.0116647 
Throughputs: 2.80166 3.93216 2.4576 3.24403 3.01466 2.53952 2.78528 3.35872 2.60506 3.88301 1.78586 3.12934 2.09715 2.7689 3.75194 3.32595 3.70278 2.31014 3.12934 3.12934 3.19488 2.73613 2.68698 3.06381 2.70336 4.06323 3.6864 2.42483 2.50675 3.39149 
Utility: 5.7459 5.52384 4.85881 5.76961 4.51954 5.67199 5.14403 5.78318 4.44897 5.6783 4.81619 5.8742 5.33347 4.55894 5.70028 5.24952 5.12922 4.42398 4.85645 5.36997 5.90722 5.82145 5.73494 5.70243 5.33501 6.55152 5.69371 4.93317 5.49003 5.67245 

--------------------------------------
Time: 35.5058
Split Ratios: 0.186 0.814 0.665 0.335 1 1 0.426 0.574 1 1 1 1 1 1 1 1 1 0.038 0.962 0.604 0.396 1 0.923 0.077 0.442 0.212 0.019 0.115 0.212 1 1 0.716 0.284 1 1 1 1 0.132 0.673 0.195 0.716 0.284 1 1 
Delays: 0.00885086 0.0156808 0.0190798 0.0101105 0.0326042 0.00874914 0.0160407 0.0103104 0.0303071 0.0132401 0.0145149 0.00875505 0.0100875 0.0289964 0.0123823 0.0167414 0.0217951 0.0275689 0.0231729 0.0144963 0.00875695 0.00810779 0.00873426 0.0102459 0.0130084 0.00578834 0.0122616 0.0174664 0.0102601 0.0115747 
Throughputs: 3.01466 4.32538 2.27738 3.44064 2.94912 2.42483 2.81805 3.85024 2.62144 3.22765 1.9497 3.22765 2.17907 2.44122 3.88301 3.03104 3.24403 2.24461 3.09658 2.7689 3.08019 3.06381 2.62144 3.03104 2.81805 3.57171 3.30957 2.24461 2.73613 3.1785 
Utility: 5.83073 5.61982 4.78215 5.82984 4.50482 5.62456 5.16867 5.92274 4.4601 5.49626 4.90025 5.90988 5.37536 4.43308 5.7481 5.19878 5.00289 4.3996 4.89507 5.25231 5.8629 5.93459 5.70423 5.68979 5.37821 6.42495 5.5981 4.85601 5.58603 5.61534 

--------------------------------------
Time: 36.0059
Split Ratios: 0.186 0.814 0.665 0.335 1 1 0.426 0.574 1 1 1 1 1 1 1 1 1 0.038 0.962 0.604 0.396 1 0.923 0.077 0.442 0.212 0.019 0.115 0.212 1 1 0.716 0.284 1 1 1 1 0.132 0.673 0.195 0.716 0.284 1 1 
Delays: 0.00877868 0.0154694 0.0189436 0.0101116 0.0329998 0.00876137 0.0161031 0.0102678 0.0303908 0.0130988 0.0144148 0.00885304 0.0100764 0.0289988 0.012353 0.0160421 0.0219793 0.0275854 0.0247603 0.0144636 0.00870308 0.00818796 0.00870982 0.0102748 0.0131203 0.00582828 0.0123475 0.0174626 0.0101939 0.0115883 
Throughputs: 2.70336 3.86662 2.08077 3.24403 3.35872 2.11354 2.63782 3.62086 2.94912 2.94912 1.86778 3.04742 1.98246 2.65421 3.91578 2.67059 4.24346 2.3593 2.91635 2.47398 2.83443 2.7689 2.34291 2.53952 2.88358 4.01408 3.30957 2.24461 2.39206 3.22765 
Utility: 5.72992 5.52127 4.69903 5.77089 4.62281 5.48577 5.0987 5.86545 4.57512 5.41674 4.86425 5.84129 5.2819 4.51665 5.75887 5.11484 5.26303 4.44883 4.76885 5.14195 5.78592 5.82354 5.5947 5.51003 5.39263 6.53484 5.59112 4.85622 5.45812 5.62952 

