--------------------------------------
Time: 5.50024
Split Ratios: 1 1 1 1 1 1 1 1 1 1 1 1 1 1 1 1 1 1 1 1 1 1 1 1 1 1 1 1 1 1 
Delays: 0.00717738 0.0102127 0.0132891 0.0115617 0.0162079 0.0100502 0.0117925 0.00579094 0.0130498 0.0057189 0.0088381 0.00884657 0.00737648 0.0130862 0.0102143 0.0144323 0.00866007 0.0172068 0.00872548 0.0128896 0.00731207 0.00881354 0.00585236 0.0102471 0.00745546 0.00574717 0.00740209 0.0134476 0.00893335 0.00887445 
Throughputs: 2.94912 3.94854 2.34291 3.48979 3.08019 2.12992 2.65421 3.3751 2.3593 3.22765 2.06438 3.08019 2.52314 2.47398 4.17792 2.98189 3.76832 1.93331 3.03104 2.60506 3.39149 2.71974 2.44122 2.88358 2.57229 4.22707 3.3751 2.12992 2.60506 2.85082 
Utility: 6.01833 5.95747 5.17221 5.7099 5.24725 5.35625 5.41643 6.36789 5.19734 6.33573 5.45351 5.85272 5.83496 5.24203 6.01378 5.33084 6.07566 4.72168 5.85041 5.30879 6.1395 5.732 6.03341 5.63979 5.8436 6.60056 6.12242 5.06504 5.67542 5.77218 

--------------------------------------
Time: 6.00026
Split Ratios: 1 1 1 1 1 1 1 1 1 1 1 1 1 1 1 1 1 1 1 1 1 1 1 1 1 1 1 1 1 1 
Delays: 0.0071967 0.0101378 0.0133663 0.011529 0.0163385 0.0100634 0.0118884 0.00576693 0.0132173 0.00571981 0.00877856 0.00885215 0.00739053 0.013102 0.0101972 0.0143919 0.00863454 0.017209 0.00868947 0.0129315 0.00728248 0.00882669 0.00585123 0.0103006 0.00759775 0.00574676 0.00732427 0.0135294 0.00892518 0.00896369 
Throughputs: 2.89997 3.89939 2.63782 3.50618 2.68698 2.34291 2.98189 3.39149 2.78528 3.19488 1.96608 3.03104 2.11354 2.37568 4.16154 2.89997 3.73555 1.96608 3.08019 3.12934 3.01466 2.83443 2.11354 2.7689 3.03104 4.24346 3.09658 2.49037 2.52314 3.09658 
Utility: 5.99883 5.95231 5.28497 5.71742 5.10264 5.45025 5.52475 6.37688 5.35057 6.32537 5.41148 5.836 5.65592 5.20027 6.01152 5.30579 6.06988 4.73836 5.87064 5.48892 6.02577 5.77182 5.88947 5.594 5.98881 6.6045 6.04686 5.21532 5.64438 5.84487 

--------------------------------------
Time: 6.50062
Split Ratios: 1 1 1 1 1 1 1 1 1 1 1 1 1 1 1 1 1 1 1 1 1 1 1 1 1 1 1 1 1 1 
Delays: 0.00721669 0.0102333 0.0133907 0.011526 0.0164861 0.0100422 0.0119816 0.00577702 0.0131422 0.00573008 0.00877536 0.00884445 0.00745112 0.0131543 0.0101688 0.0143991 0.00863914 0.0172058 0.00868847 0.0129597 0.00730744 0.00878328 0.00593015 0.0103103 0.00750876 0.00572867 0.00731654 0.0136734 0.00895848 0.00888063 
Throughputs: 2.88358 3.89939 2.24461 2.94912 3.40787 2.16269 2.73613 3.52256 3.01466 3.53894 2.08077 2.98189 1.9497 2.53952 3.98131 3.08019 3.80109 2.29376 3.09658 2.99827 3.22765 2.70336 2.93274 2.9655 3.04742 3.81747 3.42426 2.63782 2.40845 2.67059 
Utility: 5.99039 5.94293 5.12173 5.54465 5.33133 5.37231 5.43093 6.41305 5.43541 6.42585 5.46854 5.82052 5.56706 5.26298 5.97004 5.36558 6.08674 4.8927 5.87606 5.44394 6.09062 5.7294 6.20364 5.66166 6.00598 6.50186 6.1485 5.26226 5.59414 5.70618 

--------------------------------------
Time: 7.00072
Split Ratios: 1 1 1 1 1 1 1 1 1 1 1 1 1 1 1 1 1 1 1 1 1 1 1 1 1 1 1 1 1 1 
Delays: 0.00718671 0.0102384 0.0134431 0.0115588 0.0163934 0.0100795 0.0119281 0.00578692 0.0131625 0.0057201 0.00886353 0.00881998 0.00752686 0.013156 0.0101933 0.0143838 0.00865744 0.017223 0.00873302 0.0128803 0.00730447 0.00880029 0.00588257 0.0102306 0.00752394 0.00571679 0.00735489 0.0135634 0.00903442 0.00896307 
Throughputs: 2.7689 4.03046 2.4576 3.2768 3.22765 2.11354 3.04742 3.5881 3.14573 3.26042 2.27738 3.22765 2.24461 2.63782 3.32595 2.85082 3.52256 1.93331 3.04742 2.8672 3.21126 2.93274 2.58867 2.65421 2.75251 3.67002 3.09658 2.37568 2.53952 3.48979 
Utility: 5.95397 5.9755 5.20847 5.64717 5.28263 5.34562 5.54316 6.42978 5.47643 6.34562 5.54883 5.90249 5.69781 5.30083 5.78778 5.28925 6.00852 4.72074 5.85494 5.40539 6.08593 5.80891 6.08691 5.55852 5.90218 6.46454 6.04269 5.16566 5.63869 5.96449 

--------------------------------------
Time: 7.50074
Split Ratios: 1 1 1 1 1 1 1 1 1 1 1 1 1 1 1 1 1 1 1 1 1 1 1 1 1 1 1 1 1 1 
Delays: 0.00719773 0.0101419 0.0133739 0.0115593 0.0164252 0.0100607 0.0119517 0.00577073 0.0131392 0.005736 0.00888088 0.008958 0.00744263 0.0132881 0.0101452 0.014435 0.0086577 0.017224 0.00872441 0.0129088 0.0073152 0.00878581 0.00591605 0.0102201 0.00768664 0.00576157 0.0073576 0.0137223 0.00895485 0.00904851 
Throughputs: 2.71974 3.62086 2.22822 3.50618 3.21126 2.39206 3.21126 3.81747 2.5559 3.76832 2.19546 3.57171 2.048 2.57229 4.01408 3.1785 3.93216 2.16269 3.19488 3.21126 2.94912 2.70336 2.58867 2.60506 2.99827 3.88301 2.99827 2.58867 2.52314 3.73555 
Utility: 5.93453 5.87779 5.11566 5.71479 5.2756 5.47127 5.59355 6.49455 5.27056 6.48762 5.51024 5.98825 5.61739 5.26568 5.98057 5.39451 6.11849 4.8328 5.90318 5.51651 5.99931 5.72911 6.08123 5.54085 5.96631 6.51316 6.01006 5.23988 5.64106 6.02305 

--------------------------------------
Time: 8.00075
Split Ratios: 1 1 1 1 1 1 1 1 1 1 1 1 1 1 1 1 1 1 1 1 1 1 1 1 1 1 1 1 1 1 
Delays: 0.00719591 0.0102217 0.013359 0.0115589 0.01634 0.0100603 0.0118391 0.00576333 0.0131239 0.00573272 0.00887941 0.00892885 0.00748131 0.0131973 0.0102469 0.0143972 0.00861401 0.0172665 0.00869677 0.0129257 0.00728051 0.008864 0.00586216 0.0103809 0.0074335 0.00572941 0.00735402 0.0135451 0.00900793 0.00882367 
Throughputs: 2.81805 3.75194 2.44122 3.11296 3.42426 2.40845 2.94912 3.53894 2.50675 3.39149 2.11354 3.34234 2.17907 2.32653 4.01408 3.22765 3.75194 2.048 3.32595 2.68698 3.06381 2.68698 2.19546 2.80166 2.34291 3.67002 3.2768 2.5559 2.29376 3.14573 
Utility: 5.97029 5.90552 5.20806 5.59587 5.34503 5.47815 5.51786 6.42007 5.25231 6.38283 5.47238 5.92514 5.67425 5.17212 5.97058 5.41247 6.07664 4.77585 5.94656 5.33695 6.04221 5.71417 5.92563 5.59801 5.75315 6.46234 6.09938 5.24014 5.53984 5.87636 

--------------------------------------
Time: 8.50077
Split Ratios: 1 1 1 1 1 1 1 1 1 1 1 1 1 1 1 1 1 1 1 1 1 1 1 1 1 1 1 1 1 1 
Delays: 0.00724338 0.0101502 0.0133836 0.0115653 0.0162555 0.010078 0.0119086 0.00578903 0.0131025 0.00571754 0.00886816 0.00888239 0.00742011 0.0131324 0.0101531 0.0144073 0.00863952 0.0172219 0.00873008 0.0129395 0.00727532 0.00885324 0.00597532 0.0103008 0.0075138 0.0057817 0.00739479 0.0134136 0.00888044 0.00888313 
Throughputs: 3.2768 3.7847 2.11354 3.62086 2.91635 2.80166 2.70336 3.24403 2.88358 3.24403 1.78586 3.11296 2.4576 2.4576 4.42368 2.62144 3.65363 2.21184 2.99827 2.83443 3.48979 2.75251 2.4576 2.80166 2.67059 3.85024 3.39149 2.44122 2.60506 3.34234 
Utility: 6.11453 5.92123 5.06209 5.74646 5.18966 5.62762 5.42499 6.32861 5.39399 6.34103 5.30519 5.85926 5.80275 5.23186 6.07695 5.20374 6.04713 4.8554 5.83902 5.38931 6.17311 5.73949 6.0193 5.60575 5.87331 6.50119 6.12825 5.20398 5.68136 5.93027 

--------------------------------------
Time: 9.00093
Split Ratios: 1 1 1 1 1 1 1 1 1 1 1 1 1 1 1 1 1 1 1 1 1 1 1 1 1 1 1 1 1 1 
Delays: 0.00719339 0.0101395 0.0132831 0.0115521 0.0163228 0.0100606 0.0118917 0.00581353 0.0130751 0.0057347 0.00896559 0.00881297 0.00737229 0.0131271 0.0101359 0.0144412 0.00864664 0.0172337 0.00873135 0.012936 0.00725361 0.00887303 0.00587231 0.0103623 0.00754524 0.00572693 0.00748661 0.0135181 0.00891535 0.00889814 
Throughputs: 2.99827 3.7847 1.96608 3.14573 3.14573 2.37568 2.60506 3.62086 2.8672 3.45702 2.03162 2.81805 2.03162 2.67059 3.6864 3.3751 3.83386 2.32653 3.30957 2.93274 3.06381 2.67059 2.65421 3.08019 2.89997 3.85024 3.65363 2.34291 2.71974 3.34234 
Utility: 6.03263 5.92229 4.99731 5.60694 5.26124 5.46441 5.38937 6.43428 5.39039 6.40163 5.42319 5.76758 5.61886 5.31538 5.89632 5.4541 6.09446 4.90527 5.93765 5.42367 6.04591 5.70704 6.11365 5.69457 5.95154 6.51071 6.19036 5.15512 5.72052 5.92858 

--------------------------------------
Time: 9.50169
Split Ratios: 1 1 1 1 1 1 1 1 1 1 1 1 1 1 1 1 1 1 1 1 1 1 1 1 1 1 1 1 1 1 
Delays: 0.00723204 0.0101819 0.0132906 0.0115583 0.0160924 0.0100518 0.0117912 0.00576678 0.0131887 0.00572303 0.00889647 0.00883761 0.00730452 0.0131503 0.0102133 0.0144403 0.00866513 0.017189 0.00873662 0.012926 0.00733491 0.00884228 0.00585628 0.0102748 0.0075723 0.00573455 0.00736835 0.0134195 0.00892283 0.00895364 
Throughputs: 3.3751 4.27622 2.39206 3.12934 2.91635 2.3593 2.78528 3.47341 2.3593 3.34234 1.99885 2.9655 1.9497 2.49037 3.89939 2.99827 3.89939 1.91693 3.39149 2.65421 3.22765 2.9655 2.27738 3.26042 2.93274 3.88301 3.22765 2.5559 2.34291 3.50618 
Utility: 6.14566 6.04022 5.19286 5.60118 5.19974 5.45836 5.46475 6.40078 5.18676 6.36993 5.41467 5.81579 5.58694 5.24374 5.94488 5.33577 6.10927 4.71421 5.9615 5.32466 6.08686 5.81526 5.96326 5.75992 5.95919 6.51786 6.08232 5.24945 5.57054 5.97022 

--------------------------------------
Time: 10.0017
Split Ratios: 1 1 1 1 1 1 1 1 1 1 1 1 1 1 1 1 1 1 1 1 1 1 1 1 1 1 1 1 1 1 
Delays: 0.00717937 0.0101829 0.0133622 0.0115279 0.0164112 0.0100423 0.0118739 0.00576354 0.0131248 0.00572383 0.00888686 0.0089265 0.0074815 0.0131807 0.0102729 0.0144759 0.0086358 0.0172637 0.00872433 0.0128956 0.00729088 0.00884263 0.00591145 0.0104123 0.00750783 0.00573127 0.00735895 0.0136765 0.00894955 0.00889996 
Throughputs: 3.06381 3.75194 2.3593 3.32595 3.48979 2.53952 3.12934 3.35872 2.70336 3.16211 2.01523 3.29318 2.048 2.39206 4.11238 2.98189 3.6864 2.17907 3.75194 2.83443 3.2768 2.63782 2.57229 2.94912 2.62144 4.21069 3.3751 2.49037 2.65421 3.47341 
Utility: 6.0562 5.90932 5.17369 5.66474 5.35963 5.53292 5.57424 6.36776 5.32775 6.31436 5.42392 5.91059 5.61219 5.20116 5.99225 5.32783 6.05649 4.83805 6.06391 5.39271 6.108 5.69812 6.07566 5.64627 5.85553 6.59944 6.12826 5.20451 5.6923 5.96685 

--------------------------------------
Time: 10.5017
Split Ratios: 1 1 1 1 1 1 1 1 1 1 1 1 1 1 1 1 1 1 1 1 1 1 1 1 1 1 1 1 1 1 
Delays: 0.00718474 0.0101929 0.0132934 0.0115471 0.0163537 0.0100383 0.0118907 0.00577635 0.0131127 0.005712 0.00884923 0.00884107 0.00746959 0.0132055 0.0101568 0.0144523 0.00864241 0.0172141 0.00875004 0.0129405 0.00728859 0.00878146 0.00589922 0.0103197 0.0075002 0.00572866 0.00736159 0.0134889 0.00888778 0.00889955 
Throughputs: 2.9655 3.70278 2.31014 3.08019 3.34234 2.22822 2.93274 3.22765 2.73613 3.09658 1.76947 3.40787 2.31014 2.49037 3.57171 2.80166 3.57171 2.44122 3.21126 3.01466 3.42426 2.57229 2.31014 2.78528 2.75251 3.85024 3.73555 2.34291 2.3593 3.01466 
Utility: 6.02284 5.89514 5.15779 5.58631 5.31997 5.40255 5.50794 6.32574 5.34072 6.29548 5.29811 5.95443 5.73423 5.23955 5.86266 5.26711 6.02412 4.95452 5.90536 5.45088 6.15233 5.67991 5.97024 5.59805 5.90534 6.51041 6.22937 5.15728 5.58144 5.82524 

--------------------------------------
Time: 11.0018
Split Ratios: 1 1 1 1 1 1 1 1 1 1 1 1 1 1 1 1 1 1 1 1 1 1 1 1 1 1 1 1 1 1 
Delays: 0.00720067 0.01024 0.0134469 0.0115244 0.016491 0.0100379 0.0120622 0.00580298 0.0133238 0.00571561 0.00883941 0.00888785 0.00752574 0.0132363 0.0101728 0.0144445 0.008655 0.0172543 0.00877615 0.0128892 0.0072703 0.00879982 0.00582019 0.010268 0.00777022 0.00575839 0.00734382 0.0135991 0.00892029 0.00903613 
Throughputs: 2.94912 4.07962 2.12992 3.30957 3.42426 1.98246 2.62144 3.6864 2.88358 3.16211 1.7367 3.50618 2.12992 2.60506 3.48979 3.34234 3.60448 2.29376 3.32595 3.03104 3.32595 2.42483 2.27738 2.9655 3.01466 3.86662 3.2768 2.7689 2.3593 3.67002 
Utility: 6.01509 5.98746 5.06509 5.66011 5.33582 5.28573 5.3814 6.45403 5.37723 6.3158 5.28052 5.9776 5.64551 5.28224 5.83788 5.44411 6.0318 4.88988 5.93747 5.46027 6.12571 5.61879 5.96945 5.66577 5.96094 6.50948 6.10076 5.3162 5.57779 6.00672 

--------------------------------------
Time: 11.5018
Split Ratios: 1 1 1 1 1 1 1 1 1 1 1 1 1 1 1 1 1 1 1 1 1 1 1 1 1 1 1 1 1 1 
Delays: 0.00720412 0.0101755 0.0133662 0.0115401 0.0163751 0.0100264 0.0118984 0.00577523 0.0132395 0.00572529 0.0089105 0.008934 0.00742728 0.0131788 0.01015 0.0144722 0.00864121 0.0171911 0.00876047 0.0129142 0.00725071 0.0088887 0.005835 0.0103951 0.00755194 0.00571537 0.00739889 0.0135238 0.00886373 0.00898878 
Throughputs: 2.94912 3.52256 2.11354 3.11296 3.1785 2.048 2.81805 3.5881 2.98189 3.16211 1.78586 3.14573 2.03162 2.49037 3.98131 3.01466 3.55533 1.96608 3.81747 2.68698 3.3751 2.75251 2.40845 2.85082 2.9655 3.73555 3.21126 2.60506 2.81805 3.08019 
Utility: 6.01461 5.84696 5.06339 5.5975 5.2684 5.3194 5.4674 6.4318 5.4171 6.3141 5.30042 5.86394 5.61143 5.24158 5.97189 5.33901 6.01966 4.7394 6.07709 5.33784 6.14308 5.73549 6.02286 5.61402 5.973 6.48249 6.07309 5.26076 5.76183 5.83677 

--------------------------------------
Time: 12.0019
Split Ratios: 1 1 1 1 1 1 1 1 1 1 1 1 1 1 1 1 1 1 1 1 1 1 1 1 1 1 1 1 1 1 
Delays: 0.00719091 0.0101802 0.0133545 0.0115342 0.0163932 0.0100228 0.0119234 0.00577774 0.0131634 0.00572023 0.00898349 0.00888902 0.00750186 0.013085 0.0101492 0.0144538 0.00865605 0.0172108 0.0087356 0.0128984 0.00730273 0.00886404 0.0058923 0.0103309 0.00753499 0.00575617 0.00736201 0.0134972 0.00882932 0.00896104 
Throughputs: 2.89997 3.88301 2.16269 3.3751 3.35872 2.39206 2.83443 3.44064 2.9655 3.14573 2.11354 3.22765 2.01523 2.5559 3.80109 3.19488 3.80109 2.01523 2.9655 2.70336 3.24403 2.78528 2.81805 2.8672 2.99827 3.86662 3.3751 2.62144 2.52314 2.80166 
Utility: 5.99964 5.94392 5.08725 5.67887 5.32245 5.47505 5.4711 6.3894 5.41736 6.30979 5.46073 5.89469 5.59334 5.27469 5.92565 5.39834 6.08478 4.76295 5.8274 5.34514 6.09632 5.7501 6.17015 5.62595 5.98623 6.50986 6.12785 5.26899 5.65518 5.74508 

--------------------------------------
Time: 12.5021
Split Ratios: 1 1 1 1 1 1 1 1 1 1 1 1 1 1 1 1 1 1 1 1 1 1 1 1 1 1 1 1 1 1 
Delays: 0.00719721 0.0102185 0.013301 0.0115528 0.0162726 0.0100588 0.0117886 0.00576587 0.0131782 0.00571865 0.00892992 0.00888478 0.00735134 0.013168 0.0102071 0.0144394 0.00863508 0.0172072 0.00878547 0.0129317 0.00732674 0.00890884 0.00585937 0.0104273 0.00746465 0.00573352 0.00752286 0.0134382 0.00888448 0.00886649 
Throughputs: 3.06381 3.7847 2.40845 3.22765 3.29318 2.37568 2.67059 3.5881 2.89997 3.21126 2.29376 3.08019 1.9497 2.80166 3.52256 3.16211 3.81747 2.06438 3.22765 2.91635 3.44064 2.88358 2.60506 2.78528 2.63782 3.76832 3.21126 2.29376 2.49037 2.93274 
Utility: 6.05372 5.91453 5.1989 5.63259 5.31013 5.46459 5.42292 6.43342 5.39389 6.33069 5.54854 5.84841 5.58055 5.36018 5.84386 5.38904 6.09151 4.78726 5.90641 5.4184 6.15188 5.77975 6.09717 5.58768 5.86753 6.48806 6.05647 5.13985 5.63588 5.80141 

--------------------------------------
Time: 13.0022
Split Ratios: 1 1 1 1 1 1 1 1 1 1 1 1 1 1 1 1 1 1 1 1 1 1 1 1 1 1 1 1 1 1 
Delays: 0.00724622 0.0102286 0.0134569 0.0115365 0.016377 0.0100464 0.0118857 0.00576129 0.0131056 0.00574702 0.00907693 0.00890148 0.00746481 0.0132096 0.0101939 0.0144395 0.00865105 0.0172185 0.0087333 0.0129017 0.0072731 0.00893028 0.00588155 0.0103935 0.00748693 0.00574086 0.00740733 0.0135457 0.00891742 0.00883612 
Throughputs: 2.88358 3.7847 1.98246 3.1785 3.32595 2.44122 2.98189 3.29318 2.39206 3.75194 1.96608 2.99827 1.9497 2.63782 3.83386 3.09658 3.71917 2.1463 3.21126 2.63782 3.39149 2.78528 2.53952 2.93274 2.99827 4.12877 3.42426 2.50675 2.89997 3.24403 
Utility: 5.98631 5.91354 4.9926 5.61864 5.31363 5.49304 5.52498 6.34845 5.20687 6.48135 5.37806 5.81957 5.56523 5.29677 5.92984 5.36809 6.06357 4.82552 5.90728 5.32035 6.14484 5.74266 6.06791 5.64251 5.99263 6.57813 6.13617 5.22067 5.78445 5.90572 

--------------------------------------
Time: 13.5022
Split Ratios: 1 1 1 1 1 1 1 1 1 1 1 1 1 1 1 1 1 1 1 1 1 1 1 1 1 1 1 1 1 1 
Delays: 0.00718097 0.0102163 0.0132993 0.0115441 0.0163402 0.0100513 0.0118268 0.0057571 0.0131247 0.00572414 0.00882877 0.00882188 0.00735939 0.0131213 0.0101854 0.014387 0.00868695 0.0172191 0.00873054 0.0129284 0.0072801 0.00883399 0.00581471 0.0102578 0.00748855 0.00574848 0.00732843 0.0135259 0.00893342 0.00891787 
Throughputs: 3.01466 4.01408 2.09715 3.3751 2.81805 2.17907 2.94912 3.34234 2.63782 3.24403 2.03162 3.11296 2.12992 2.89997 3.91578 3.09658 4.03046 2.19546 3.1785 2.65421 3.67002 2.53952 2.31014 3.14573 2.89997 3.98131 3.26042 2.29376 2.57229 3.1785 
Utility: 6.03981 5.97358 5.06063 5.67801 5.15017 5.37895 5.5189 6.36399 5.30322 6.33988 5.43857 5.86609 5.66786 5.39822 5.95181 5.37173 6.13981 4.84813 5.89734 5.32448 6.22281 5.66112 5.98467 5.72576 5.95908 6.54043 6.09785 5.13334 5.66275 5.87611 

--------------------------------------
Time: 14.0025
Split Ratios: 1 1 1 1 1 1 1 1 1 1 1 1 1 1 1 1 1 1 1 1 1 1 1 1 1 1 1 1 1 1 
Delays: 0.00719534 0.0101325 0.0133218 0.0116269 0.016404 0.0100678 0.0120123 0.00577773 0.0132251 0.00571435 0.00884894 0.0087834 0.0073776 0.0131059 0.010171 0.0143666 0.00862881 0.0172308 0.00870928 0.0129155 0.00726031 0.00893946 0.00588769 0.0103379 0.00770617 0.00574074 0.00741796 0.0135912 0.00890993 0.00903172 
Throughputs: 2.78528 3.9977 2.26099 3.14573 3.3751 2.27738 2.9655 3.70278 2.89997 3.26042 1.76947 2.98189 2.24461 2.5559 3.55533 3.14573 3.75194 2.11354 3.47341 2.75251 2.98189 3.24403 2.4576 2.83443 3.01466 4.27622 3.24403 2.32653 2.42483 3.47341 
Utility: 5.95867 5.97773 5.13416 5.60048 5.32666 5.42144 5.50887 6.46283 5.39034 6.34663 5.29814 5.82745 5.71784 5.2731 5.85667 5.38889 6.07492 4.80942 5.9885 5.36184 6.01789 5.8941 6.03408 5.61378 5.96922 6.61324 6.08067 5.14271 5.60635 5.95215 

--------------------------------------
Time: 14.5027
Split Ratios: 1 1 1 1 1 1 1 1 1 1 1 1 1 1 1 1 1 1 1 1 1 1 1 1 1 1 1 1 1 1 
Delays: 0.00720512 0.0101836 0.0134006 0.0115093 0.016369 0.0100508 0.0118691 0.00579657 0.0131275 0.0057324 0.00888811 0.00891107 0.00744017 0.0131939 0.0101266 0.0144134 0.00864817 0.0173221 0.00878365 0.0128761 0.00732668 0.00885227 0.00584639 0.0103048 0.0074692 0.00573207 0.00736482 0.0135471 0.00893617 0.00890665 
Throughputs: 3.01466 3.55533 2.29376 3.39149 3.34234 1.91693 2.88358 3.34234 2.63782 3.3751 2.03162 2.81805 2.40845 2.75251 3.63725 3.47341 4.096 2.22822 3.08019 2.31014 2.99827 2.83443 2.42483 3.06381 3.22765 4.11238 3.19488 2.5559 2.39206 3.24403 
Utility: 6.03645 5.85542 5.14265 5.68587 5.31904 5.25083 5.49285 6.35716 5.303 6.37805 5.43187 5.7565 5.77984 5.34051 5.88382 5.48474 6.16042 4.85698 5.85986 5.18969 6.01427 5.76892 6.02769 5.6948 6.06872 6.57568 6.07259 5.23999 5.58981 5.89777 

--------------------------------------
Time: 15.0029
Split Ratios: 1 1 1 1 1 1 1 1 1 1 1 1 1 1 1 1 1 1 1 1 1 1 1 1 1 1 1 1 1 1 
Delays: 0.00717502 0.0102171 0.013287 0.0114951 0.0163984 0.0100476 0.0119184 0.00577092 0.0130966 0.00572794 0.00884585 0.0088168 0.00746849 0.0130395 0.0101404 0.0144211 0.00863203 0.0172381 0.00876248 0.01292 0.00729789 0.00882289 0.00589543 0.0102427 0.0074884 0.00575532 0.00730741 0.0135594 0.00888782 0.00885164 
Throughputs: 3.1785 3.71917 2.21184 2.81805 3.26042 2.47398 3.35872 3.73555 2.52314 3.29318 1.93331 3.03104 2.12992 2.29376 3.9977 3.09658 3.86662 2.44122 3.55533 2.81805 3.73555 2.37568 2.44122 2.93274 2.91635 3.86662 3.16211 2.31014 2.27738 2.63782 
Utility: 6.09356 5.89719 5.1148 5.50187 5.29242 5.50625 5.64123 6.47282 5.2609 6.35425 5.38704 5.84 5.65315 5.16996 5.97695 5.36936 6.10466 4.95313 6.00572 5.38502 6.23807 5.59569 6.02607 5.65713 5.96473 6.51001 6.07011 5.13798 5.5461 5.69711 

--------------------------------------
Time: 15.5029
Split Ratios: 1 1 1 1 1 1 1 1 1 1 1 1 1 1 1 1 1 1 1 1 1 1 1 1 1 1 1 1 1 1 
Delays: 0.00719097 0.0101846 0.0132211 0.0115365 0.0162291 0.0100593 0.0118059 0.00580014 0.013117 0.00575054 0.0089197 0.00887516 0.00737037 0.0132476 0.0101756 0.0144345 0.00865724 0.0172244 0.00884053 0.0129354 0.00728179 0.0088216 0.00588351 0.0102468 0.0074918 0.00574936 0.00734273 0.0134943 0.00886089 0.00889041 
Throughputs: 2.9655 3.81747 1.98246 3.1785 3.40787 2.048 2.65421 3.50618 2.89997 3.3751 1.99885 3.29318 2.21184 2.70336 3.93216 3.30957 4.06323 1.9497 3.2768 2.8672 3.53894 2.91635 2.53952 2.80166 2.78528 4.22707 3.44064 2.03162 2.21184 3.35872 
Utility: 6.02198 5.92646 5.01028 5.61865 5.34704 5.31612 5.4153 6.4044 5.39854 6.37489 5.41206 5.91635 5.70411 5.31844 5.95695 5.43495 6.15134 4.7291 5.91528 5.40113 6.18621 5.80089 6.06758 5.611 5.9183 6.60018 6.1497 5.01432 5.51993 5.93434 

--------------------------------------
Time: 16.0029
Split Ratios: 1 1 1 1 1 1 1 1 1 1 1 1 1 1 1 1 1 1 1 1 1 1 1 1 1 1 1 1 1 1 
Delays: 0.00718773 0.010164 0.0133433 0.0115496 0.0164419 0.0100509 0.0119286 0.00577915 0.0131455 0.00572826 0.00879614 0.00886982 0.00745919 0.0132031 0.0102065 0.0144291 0.00865513 0.0172384 0.00872621 0.0129082 0.00730347 0.00880256 0.00585562 0.010215 0.00760241 0.00573064 0.00735749 0.0136134 0.00904838 0.00899689 
Throughputs: 3.08019 3.63725 2.22822 3.19488 3.2768 2.26099 2.7689 3.62086 2.63782 3.48979 1.98246 3.19488 2.03162 3.03104 4.22707 3.24403 4.12877 2.26099 3.29318 2.91635 2.99827 2.71974 2.5559 2.94912 2.99827 4.096 3.22765 2.78528 2.70336 3.14573 
Utility: 6.06037 5.88013 5.11795 5.62266 5.29479 5.41589 5.44727 6.44021 5.30163 6.41219 5.41778 5.88665 5.60714 5.43621 6.02624 5.41532 6.16758 4.87642 5.93328 5.42023 6.01744 5.73325 6.07876 5.6654 5.97733 6.57194 6.08379 5.32105 5.69967 5.85692 

--------------------------------------
Time: 16.5031
Split Ratios: 1 1 1 1 1 1 1 1 1 1 1 1 1 1 1 1 1 1 1 1 1 1 1 1 1 1 1 1 1 1 
Delays: 0.00719818 0.0101745 0.0133463 0.0115498 0.016551 0.0100545 0.0117975 0.00579105 0.0131174 0.00572557 0.00896321 0.0089464 0.00741958 0.0133761 0.010152 0.0144171 0.00865269 0.0172034 0.00875372 0.0129084 0.00728193 0.00895244 0.00589436 0.0103523 0.00745442 0.00574016 0.0073663 0.0137309 0.00888199 0.00887134 
Throughputs: 3.04742 3.53894 2.3593 3.30957 3.53894 2.52314 2.65421 3.7847 2.60506 3.52256 1.85139 3.39149 1.98246 2.62144 3.88301 3.30957 3.89939 2.24461 3.60448 2.57229 3.16211 2.7689 2.50675 3.03104 2.85082 3.93216 3.65363 2.37568 2.31014 3.24403 
Utility: 6.04822 5.8517 5.17488 5.65791 5.36514 5.52524 5.41601 6.48241 5.29127 6.422 5.33056 5.93777 5.58797 5.27801 5.9467 5.43616 6.11071 4.87118 6.02045 5.29467 6.0736 5.73428 6.05275 5.67945 5.94655 6.52946 6.20656 5.15339 5.56104 5.90175 

--------------------------------------
Time: 17.0031
Split Ratios: 1 1 1 1 1 1 1 1 1 1 1 1 1 1 1 1 1 1 1 1 1 1 1 1 1 1 1 1 1 1 
Delays: 0.00722245 0.0101439 0.0133326 0.0115076 0.01632 0.0100646 0.011802 0.00579315 0.0131171 0.00572945 0.00885794 0.00886876 0.00744055 0.0131071 0.0101343 0.014399 0.0086662 0.0172565 0.00874993 0.0128905 0.00730533 0.00883679 0.00591479 0.0102629 0.007412 0.0057162 0.00735203 0.0134532 0.00899957 0.00882709 
Throughputs: 2.68698 3.67002 2.37568 3.26042 3.35872 2.4576 2.80166 3.96493 2.67059 3.53894 2.11354 2.78528 2.24461 2.5559 3.88301 2.98189 3.89939 2.27738 3.39149 2.42483 3.57171 3.08019 2.31014 2.83443 2.85082 3.65363 2.89997 2.06438 2.60506 2.99827 
Utility: 5.91898 5.89108 5.18283 5.6466 5.32692 5.49791 5.4697 6.52857 5.31614 6.42596 5.4748 5.74957 5.70934 5.27301 5.94844 5.33316 6.10915 4.88259 5.95998 5.23702 6.1922 5.85382 5.96761 5.62106 5.95226 6.46017 5.97748 5.03337 5.66803 5.82797 

--------------------------------------
Time: 17.5031
Split Ratios: 1 1 1 1 1 1 1 1 1 1 1 1 1 1 1 1 1 1 1 1 1 1 1 1 1 1 1 1 1 1 
Delays: 0.00717435 0.0101555 0.0133157 0.0115533 0.0162831 0.0100908 0.0120069 0.00579495 0.0132262 0.0057229 0.00893206 0.00893316 0.00733057 0.0131568 0.0101445 0.0143888 0.00863688 0.017281 0.00877857 0.0129369 0.00729053 0.00890825 0.00587421 0.0102786 0.00765105 0.00575691 0.00737293 0.0135253 0.00890156 0.00904451 
Throughputs: 2.83443 3.75194 2.19546 3.3751 3.06381 2.81805 3.06381 3.3751 2.67059 3.26042 2.31014 3.26042 1.76947 2.75251 3.67002 3.06381 3.80109 2.34291 3.09658 2.94912 3.03104 3.03104 2.58867 2.7689 3.12934 3.88301 3.29318 2.21184 2.3593 3.19488 
Utility: 5.97908 5.91201 5.1052 5.67721 5.23729 5.63217 5.54193 6.36719 5.30786 6.34513 5.55542 5.89984 5.48638 5.34333 5.89102 5.36096 6.087 4.90954 5.86574 5.42918 6.03008 5.82968 6.08833 5.59614 6.01374 6.51397 6.10179 5.09702 5.57989 5.86715 

--------------------------------------
Time: 18.0031
Split Ratios: 1 1 1 1 1 1 1 1 1 1 1 1 1 1 1 1 1 1 1 1 1 1 1 1 1 1 1 1 1 1 
Delays: 0.00720271 0.0102501 0.0133334 0.0115739 0.0164129 0.0100454 0.0118796 0.00577861 0.0131034 0.00571547 0.00887416 0.00890738 0.00742226 0.0132422 0.0101622 0.0143668 0.00865947 0.0172352 0.00875257 0.0129342 0.00729887 0.00890105 0.00594139 0.0103239 0.00746826 0.00572883 0.00739303 0.0135066 0.00882347 0.00893139 
Throughputs: 2.94912 4.29261 2.31014 3.22765 3.40787 2.06438 2.70336 3.16211 3.14573 3.26042 1.75309 3.11296 2.01523 2.57229 3.5881 2.93274 4.03046 2.26099 3.45702 2.73613 3.09658 3.09658 2.4576 3.11296 3.09658 3.80109 3.83386 2.26099 2.65421 3.12934 
Utility: 6.0148 6.03736 5.1548 5.63075 5.33578 5.32547 5.42742 6.30483 5.48093 6.34643 5.28599 5.85645 5.60401 5.26914 5.8667 5.31877 6.14298 4.8766 5.97882 5.35443 6.05033 5.85188 6.025 5.70887 6.02739 6.49753 6.25109 5.12038 5.70649 5.85901 

--------------------------------------
Time: 18.5032
Split Ratios: 1 1 1 1 1 1 1 1 1 1 1 1 1 1 1 1 1 1 1 1 1 1 1 1 1 1 1 1 1 1 
Delays: 0.00718197 0.0101917 0.0133012 0.0114804 0.0163325 0.0101085 0.0118943 0.00578985 0.0131565 0.00571994 0.00897614 0.00883486 0.00743485 0.0131326 0.01019 0.0143861 0.00862871 0.0172521 0.00872266 0.0129629 0.00727655 0.00885669 0.00590938 0.0103636 0.00754642 0.00572717 0.00740543 0.0135397 0.00888545 0.00888684 
Throughputs: 2.94912 3.93216 1.91693 2.81805 2.91635 2.65421 3.11296 3.47341 2.98189 3.44064 1.93331 3.03104 2.12992 2.60506 3.81747 2.8672 3.60448 2.09715 3.19488 2.71974 3.52256 3.06381 2.32653 2.78528 2.71974 3.88301 3.52256 2.4576 2.53952 3.09658 
Utility: 6.01769 5.95537 4.97063 5.50316 5.18493 5.57052 5.56727 6.39678 5.4234 6.39946 5.37242 5.83796 5.65766 5.29011 5.92593 5.29483 6.03484 4.8004 5.90338 5.3462 6.18229 5.84624 5.97559 5.59381 5.88722 6.51914 6.16473 5.20132 5.65532 5.85348 

--------------------------------------
Time: 19.0033
Split Ratios: 1 1 1 1 1 1 1 1 1 1 1 1 1 1 1 1 1 1 1 1 1 1 1 1 1 1 1 1 1 1 
Delays: 0.00718598 0.0101473 0.0134146 0.0115238 0.0164717 0.010052 0.0119144 0.00576979 0.013077 0.00572049 0.00895635 0.00892426 0.00742622 0.013162 0.0101479 0.0144333 0.00865332 0.0172462 0.00874248 0.0129271 0.00730207 0.00881702 0.00588848 0.0104195 0.00746207 0.00572079 0.00741679 0.0136414 0.0089666 0.00888703 
Throughputs: 2.85082 3.60448 2.22822 2.80166 3.55533 2.32653 2.9655 3.60448 2.67059 3.47341 2.1463 3.57171 2.048 2.88358 3.75194 3.09658 4.03046 2.24461 3.40787 2.75251 2.98189 2.4576 2.7689 3.26042 2.5559 3.85024 3.22765 2.24461 2.31014 3.40787 
Utility: 5.98323 5.87272 5.11261 5.49356 5.37456 5.44436 5.51705 6.4373 5.3192 6.40884 5.47914 5.99203 5.6196 5.38946 5.91276 5.36852 6.14369 4.86869 5.96565 5.36095 6.01215 5.63026 6.15321 5.74594 5.83633 6.51178 6.07576 5.10318 5.55156 5.94925 

--------------------------------------
Time: 19.5034
Split Ratios: 1 1 1 1 1 1 1 1 1 1 1 1 1 1 1 1 1 1 1 1 1 1 1 1 1 1 1 1 1 1 
Delays: 0.00721421 0.0101291 0.0133072 0.0115242 0.016137 0.0100521 0.0118355 0.00578352 0.0131646 0.00573961 0.00876339 0.00880832 0.0073679 0.0131677 0.0101374 0.014413 0.00862451 0.0172109 0.00872076 0.0129268 0.00728114 0.00875887 0.00583286 0.0102274 0.00752121 0.00571796 0.00728872 0.013483 0.00886555 0.00888609 
Throughputs: 2.81805 3.80109 1.90054 3.2768 2.7689 2.37568 2.67059 3.65363 2.58867 3.24403 2.01523 2.98189 1.70394 2.5559 3.80109 3.45702 3.75194 1.99885 2.70336 2.53952 3.30957 2.67059 2.67059 3.09658 2.85082 3.48979 3.01466 2.17907 2.37568 2.98189 
Utility: 5.96775 5.92763 4.96159 5.65018 5.14509 5.46526 5.41895 6.44846 5.28137 6.33718 5.43791 5.82461 5.44356 5.26839 5.92682 5.48004 6.07542 4.75479 5.73654 5.28043 6.11929 5.71999 6.12655 5.71298 5.93763 6.41399 6.02491 5.08523 5.59087 5.81583 

--------------------------------------
Time: 20.0034
Split Ratios: 1 1 1 1 1 1 1 1 1 1 1 1 1 1 1 1 1 1 1 1 1 1 1 1 1 1 1 1 1 1 
Delays: 0.00719627 0.0101616 0.0134969 0.0115867 0.0164236 0.0100729 0.0118708 0.00578803 0.0130797 0.00572881 0.00884124 0.00894193 0.00751461 0.0131164 0.010252 0.0144413 0.0086579 0.0172326 0.00883011 0.012921 0.00725359 0.00887106 0.00587743 0.010287 0.00748579 0.00575111 0.00740321 0.0136521 0.00909371 0.00891166 
Throughputs: 2.60506 3.93216 2.4576 3.85024 3.34234 2.08077 2.98189 3.89939 2.7689 3.60448 1.85139 3.11296 2.57229 2.62144 4.11238 3.26042 3.73555 2.40845 3.44064 2.93274 3.16211 3.1785 2.70336 2.75251 2.70336 4.07962 3.40787 2.31014 2.42483 3.08019 
Utility: 5.89165 5.95833 5.20448 5.80603 5.31571 5.33064 5.52623 6.51278 5.35515 6.44442 5.34427 5.85258 5.8357 5.29761 5.99428 5.41952 6.06718 4.93994 5.96525 5.42484 6.0775 5.88137 6.13113 5.58939 5.88924 6.56437 6.13193 5.13117 5.58593 5.84539 

--------------------------------------
Time: 20.5035
Split Ratios: 1 1 1 1 1 1 1 1 1 1 1 1 1 1 1 1 1 1 1 1 1 1 1 1 1 1 1 1 1 1 
Delays: 0.00719908 0.0101377 0.0133131 0.0115654 0.0162585 0.0100598 0.0119554 0.00578343 0.0132232 0.00573178 0.00879474 0.00890821 0.00743359 0.0131635 0.0101727 0.0143922 0.00865978 0.0172273 0.00877049 0.0128858 0.00725786 0.00875498 0.0058514 0.0102596 0.00761884 0.00575317 0.00729156 0.0134931 0.00895144 0.00906208 
Throughputs: 3.03104 3.76832 2.31014 3.52256 3.08019 2.49037 3.24403 3.32595 2.34291 3.42426 2.01523 3.42426 2.08077 2.9655 4.01408 2.94912 3.60448 2.1463 3.24403 2.75251 3.1785 3.06381 2.44122 2.8672 3.14573 3.98131 3.09658 2.17907 2.68698 3.3751 
Utility: 6.04271 5.91813 5.15632 5.71892 5.24413 5.51163 5.60339 6.35451 5.17718 6.39261 5.43434 5.95167 5.63448 5.41736 5.97786 5.32257 6.03124 4.82501 5.91318 5.36414 6.08208 5.85779 6.03357 5.63287 6.02318 6.53962 6.05134 5.08448 5.70436 5.92008 

--------------------------------------
Time: 21.0036
Split Ratios: 1 1 1 1 1 1 1 1 1 1 1 1 1 1 1 1 1 1 1 1 1 1 1 1 1 1 1 1 1 1 
Delays: 0.00719909 0.010199 0.0134444 0.011537 0.0163029 0.0100588 0.0118636 0.00576387 0.0130676 0.00573876 0.00881079 0.0089804 0.00740088 0.0131769 0.0101544 0.0143916 0.00865329 0.0172248 0.0087458 0.0128974 0.00734294 0.00885357 0.00587643 0.0102642 0.00748336 0.00576117 0.00736941 0.0135067 0.00892083 0.00890459 
Throughputs: 3.16211 4.01408 2.34291 3.55533 3.42426 2.58867 2.91635 3.55533 2.16269 3.45702 1.76947 3.44064 2.09715 2.78528 3.50618 2.91635 3.76832 1.96608 3.21126 2.70336 3.24403 2.70336 2.42483 3.04742 3.06381 4.21069 3.50618 2.39206 2.40845 3.16211 
Utility: 6.08504 5.97528 5.16059 5.73064 5.34729 5.55045 5.50461 6.42459 5.10897 6.40092 5.30246 5.94837 5.64674 5.35364 5.84437 5.31145 6.07644 4.73745 5.90585 5.34523 6.09083 5.72143 6.02257 5.69339 6.01473 6.59424 6.16494 5.17673 5.59835 5.87243 

--------------------------------------
Time: 21.5038
Split Ratios: 1 1 1 1 1 1 1 1 1 1 1 1 1 1 1 1 1 1 1 1 1 1 1 1 1 1 1 1 1 1 
Delays: 0.00718209 0.0101982 0.0135283 0.0115203 0.0164046 0.0100901 0.0118375 0.00576213 0.0130359 0.00573802 0.00884408 0.00888977 0.00752965 0.0131876 0.0101933 0.0144167 0.0086763 0.01722 0.0087499 0.0129025 0.0072779 0.00890119 0.00589211 0.0103433 0.00745658 0.00573367 0.00741578 0.0136336 0.00901764 0.00887346 
Throughputs: 3.03104 3.65363 2.42483 3.35872 3.57171 2.29376 2.93274 3.73555 2.53952 3.08019 1.9497 3.08019 2.03162 2.42483 4.27622 2.83443 4.35814 2.12992 3.06381 2.88358 3.40787 2.67059 2.21184 3.03104 2.89997 4.07962 3.48979 2.49037 2.89997 3.30957 
Utility: 6.04507 5.88126 5.18873 5.67521 5.38324 5.4264 5.51242 6.47434 5.27202 6.28563 5.39568 5.84785 5.59774 5.21424 6.03909 5.28121 6.21921 4.81777 5.85837 5.40937 6.149 5.70387 5.92797 5.68033 5.96336 6.5674 6.15399 5.20765 5.77327 5.92151 

--------------------------------------
Time: 22.0038
Split Ratios: 1 1 1 1 1 1 1 1 1 1 1 1 1 1 1 1 1 1 1 1 1 1 1 1 1 1 1 1 1 1 
Delays: 0.00721233 0.0101886 0.013512 0.0114996 0.016533 0.0100715 0.0120682 0.00578454 0.013217 0.00572866 0.00887893 0.00882977 0.00760226 0.0131371 0.0101933 0.0143903 0.00863654 0.0171891 0.00869088 0.012917 0.00731321 0.00887897 0.0059023 0.0102841 0.00755773 0.00572513 0.00737368 0.0136068 0.0091574 0.0089784 
Throughputs: 2.80166 3.85024 2.16269 3.08019 3.53894 2.49037 2.70336 3.81747 2.93274 3.2768 2.06438 2.9655 1.99885 2.67059 3.57171 3.01466 3.40787 1.9497 3.01466 3.01466 3.26042 2.73613 2.39206 2.70336 2.80166 3.57171 3.29318 2.26099 2.57229 3.39149 
Utility: 5.96218 5.93462 5.07553 5.59044 5.36623 5.51047 5.41167 6.49216 5.40219 6.34914 5.44891 5.81667 5.57188 5.31462 5.85907 5.34469 5.97784 4.73115 5.84897 5.4527 6.09993 5.73061 6.00457 5.57165 5.9154 6.43594 6.10169 5.11299 5.63799 5.9342 

--------------------------------------
Time: 22.5039
Split Ratios: 1 1 1 1 1 1 1 1 1 1 1 1 1 1 1 1 1 1 1 1 1 1 1 1 1 1 1 1 1 1 
Delays: 0.00720518 0.0101635 0.0134338 0.0115147 0.0165271 0.0100464 0.0118183 0.00575066 0.0130891 0.00571127 0.00887321 0.0088158 0.00746545 0.0130796 0.0101799 0.0144244 0.00864722 0.0172218 0.00875897 0.0129209 0.00733037 0.00884613 0.00591968 0.0103271 0.00746016 0.00573985 0.00735228 0.0135244 0.00905917 0.0088366 
Throughputs: 2.89997 3.83386 1.96608 3.09658 3.09658 2.49037 2.50675 3.47341 2.57229 2.83443 1.99885 3.32595 2.12992 2.32653 3.63725 3.24403 4.30899 2.01523 3.16211 3.12934 3.1785 2.80166 2.71974 3.01466 2.93274 3.76832 3.35872 2.52314 2.67059 3.12934 
Utility: 5.99765 5.93282 4.98602 5.59443 5.23305 5.51297 5.3571 6.40358 5.28077 6.20716 5.41729 5.93297 5.65355 5.18108 5.87856 5.41565 6.21122 4.76231 5.88892 5.48973 6.07214 5.75799 6.13001 5.67647 5.97411 6.48695 6.12431 5.22877 5.68628 5.86968 

--------------------------------------
Time: 23.0039
Split Ratios: 1 1 1 1 1 1 1 1 1 1 1 1 1 1 1 1 1 1 1 1 1 1 1 1 1 1 1 1 1 1 
Delays: 0.00721103 0.0101866 0.0132776 0.0114832 0.0163757 0.0100673 0.0119209 0.00577762 0.0131179 0.00570736 0.00889539 0.00887366 0.00739818 0.0131558 0.0101682 0.0144214 0.00862028 0.0172419 0.00870167 0.0129121 0.00728746 0.00888645 0.0058688 0.0102745 0.00752601 0.00572636 0.00739351 0.0135884 0.00891573 0.00885777 
Throughputs: 2.47398 3.21126 2.44122 2.75251 3.50618 2.40845 3.24403 3.32595 2.88358 3.01466 1.9497 2.73613 2.01523 2.71974 3.57171 3.26042 3.6864 2.27738 3.40787 2.81805 3.65363 2.9655 2.57229 2.73613 2.47398 4.07962 3.1785 2.37568 2.67059 2.94912 
Utility: 5.83797 5.75334 5.21418 5.47939 5.36649 5.47744 5.60628 6.35552 5.39281 6.26948 5.3899 5.73121 5.60726 5.33143 5.86154 5.4209 6.05829 4.88344 5.97033 5.38563 6.21732 5.81028 6.0829 5.58464 5.79522 6.56868 6.06356 5.16383 5.70224 5.80797 

--------------------------------------
Time: 23.5039
Split Ratios: 1 1 1 1 1 1 1 1 1 1 1 1 1 1 1 1 1 1 1 1 1 1 1 1 1 1 1 1 1 1 
Delays: 0.00722715 0.0102286 0.0133192 0.0115334 0.0162579 0.010093 0.011937 0.00579326 0.0131464 0.00572695 0.00886767 0.00879802 0.00733368 0.0130945 0.0101722 0.0144278 0.00867694 0.0172085 0.00870303 0.012924 0.00733276 0.00874583 0.00586769 0.0102195 0.0075952 0.00573883 0.00731593 0.0134559 0.00888964 0.00891404 
Throughputs: 2.99827 4.04685 2.39206 3.22765 3.24403 2.47398 3.01466 3.57171 2.62144 3.39149 1.96608 2.93274 2.03162 2.57229 3.5881 3.16211 3.60448 1.98246 3.14573 2.68698 3.16211 2.68698 2.44122 2.73613 3.2768 3.63725 3.12934 2.19546 2.75251 3.11296 
Utility: 6.02795 5.98051 5.1907 5.63426 5.29599 5.50174 5.53159 6.4241 5.29533 6.38384 5.40138 5.80916 5.62411 5.28036 5.86572 5.38984 6.02926 4.74669 5.89013 5.33708 6.06664 5.72759 6.03079 5.59 6.06711 6.45173 6.05852 5.09472 5.73538 5.8557 

--------------------------------------
Time: 24.0045
Split Ratios: 1 1 1 1 1 1 1 1 1 1 1 1 1 1 1 1 1 1 1 1 1 1 1 1 1 1 1 1 1 1 
Delays: 0.00719141 0.0100903 0.013346 0.0115673 0.0163848 0.0100325 0.0119425 0.00578292 0.0131052 0.0057354 0.00881317 0.00880716 0.00755104 0.0131308 0.0101547 0.0143646 0.00863899 0.0172293 0.00875637 0.0129107 0.00724394 0.00878847 0.00588511 0.0102408 0.00754177 0.005733 0.00736346 0.0136513 0.0089962 0.0089184 
Throughputs: 3.06381 3.3751 2.24461 3.12934 3.48979 2.52314 3.04742 3.45702 2.44122 3.48979 1.88416 3.22765 2.44122 2.73613 3.93216 2.9655 3.47341 2.19546 2.9655 2.49037 3.12934 2.65421 2.52314 2.73613 3.12934 3.40787 3.22765 2.3593 2.39206 3.29318 
Utility: 6.05453 5.81261 5.12507 5.60039 5.36124 5.52743 5.54195 6.39325 5.22724 6.41094 5.36499 5.90394 5.77857 5.33934 5.959 5.33003 5.99661 4.84753 5.82502 5.26213 6.06841 5.71046 6.06083 5.58792 6.02812 6.3876 6.08298 5.15228 5.58311 5.91149 

--------------------------------------
Time: 24.5047
Split Ratios: 1 1 1 1 1 1 1 1 1 1 1 1 1 1 1 1 1 1 1 1 1 1 1 1 1 1 1 1 1 1 
Delays: 0.0072039 0.0102149 0.013354 0.0115443 0.0163018 0.0100923 0.0117716 0.0057968 0.0130643 0.00574778 0.00885769 0.00879924 0.00738243 0.0130917 0.0101366 0.0144341 0.00865322 0.017247 0.00876702 0.0129364 0.00729927 0.00884562 0.00583889 0.0102764 0.00752317 0.00572998 0.00735385 0.0135854 0.00895649 0.00891924 
Throughputs: 2.73613 3.88301 2.09715 3.19488 3.06381 2.44122 2.7689 3.29318 2.60506 3.47341 2.03162 3.35872 2.29376 2.83443 3.98131 3.26042 4.5056 2.16269 3.11296 3.06381 3.55533 2.37568 2.47398 2.63782 3.21126 4.1943 3.67002 2.19546 2.57229 3.2768 
Utility: 5.93968 5.94052 5.05652 5.62311 5.23614 5.48848 5.46051 6.3423 5.29533 6.40408 5.4353 5.94465 5.73885 5.37762 5.97321 5.42002 6.25514 4.83147 5.87233 5.46737 6.18843 5.59312 6.04904 5.54786 6.05643 6.59577 6.21273 5.08515 5.66017 5.90641 

--------------------------------------
Time: 25.0048
Split Ratios: 1 1 1 1 1 1 1 1 1 1 1 1 1 1 1 1 1 1 1 1 1 1 1 1 1 1 1 1 1 1 
Delays: 0.00720285 0.0102282 0.0133229 0.0115384 0.0163505 0.0100779 0.0120427 0.00582414 0.0131438 0.00571773 0.00888469 0.00894395 0.00730545 0.0131945 0.0101366 0.0144192 0.00863832 0.0172455 0.0087054 0.0129273 0.00731467 0.00888156 0.00595626 0.0103995 0.00755683 0.00573421 0.00741216 0.0135149 0.0089232 0.00891803 
Throughputs: 3.09658 4.37453 2.24461 3.12934 3.22765 2.34291 2.93274 3.5881 2.91635 2.98189 2.01523 2.99827 1.91693 2.8672 4.01408 3.14573 3.9977 2.17907 3.3751 2.99827 3.40787 2.85082 2.81805 3.24403 2.78528 3.98131 3.45702 2.39206 2.1463 3.45702 
Utility: 6.06357 6.0584 5.1268 5.6029 5.28525 5.44881 5.49524 6.42337 5.40214 6.25674 5.42416 5.81481 5.56986 5.38129 5.98141 5.38524 6.13727 4.8391 5.96024 5.44645 6.14396 5.77138 6.15936 5.74282 5.90965 6.54292 6.14504 5.17612 5.48285 5.96009 

--------------------------------------
Time: 25.5048
Split Ratios: 1 1 1 1 1 1 1 1 1 1 1 1 1 1 1 1 1 1 1 1 1 1 1 1 1 1 1 1 1 1 
Delays: 0.00718907 0.0102059 0.0133215 0.0114894 0.0162962 0.0100841 0.0118117 0.00582119 0.013033 0.00572267 0.00890912 0.00889029 0.00747942 0.0131618 0.010188 0.014407 0.00863051 0.0172607 0.00872003 0.0128843 0.00726864 0.00882499 0.00588503 0.0102774 0.00742218 0.0057541 0.00732498 0.0135802 0.00893306 0.00882524 
Throughputs: 2.7689 3.70278 2.11354 2.73613 3.71917 2.47398 2.3593 3.62086 2.65421 2.91635 1.98246 3.11296 2.06438 2.71974 3.81747 2.9655 3.9977 1.99885 3.34234 2.78528 3.08019 2.89997 2.39206 2.99827 2.81805 4.78413 3.24403 2.37568 2.78528 3.12934 
Utility: 5.95364 5.89388 5.06674 5.47288 5.43033 5.50262 5.29703 6.43296 5.31642 6.23365 5.40502 5.85837 5.62043 5.33097 5.92613 5.32709 6.13817 4.75189 5.9488 5.37609 6.04918 5.79487 6.0075 5.67584 5.93933 6.72315 6.09328 5.16443 5.74235 5.87096 

--------------------------------------
Time: 26.0049
Split Ratios: 1 1 1 1 1 1 1 1 1 1 1 1 1 1 1 1 1 1 1 1 1 1 1 1 1 1 1 1 1 1 
Delays: 0.00717872 0.0102225 0.0134348 0.0115283 0.0165372 0.010036 0.0119471 0.00577363 0.0130828 0.00572706 0.00884653 0.00888538 0.00753656 0.013124 0.0102427 0.0144014 0.00860898 0.0172656 0.00871418 0.0128711 0.00729606 0.00884905 0.0058689 0.0102493 0.00758475 0.00572127 0.00733506 0.0135712 0.00910299 0.00889475 
Throughputs: 3.01466 3.67002 2.26099 3.30957 3.1785 2.1463 3.09658 3.29318 2.19546 3.5881 1.80224 3.12934 2.1463 2.85082 3.98131 3.04742 3.52256 2.16269 3.34234 2.62144 3.29318 2.99827 2.75251 2.78528 2.32653 3.65363 3.22765 2.34291 2.63782 3.19488 
Utility: 6.04012 5.88336 5.12571 5.65977 5.25855 5.36532 5.55757 6.34631 5.12285 6.44017 5.31676 5.86417 5.65174 5.38092 5.9628 5.35473 6.01414 4.83039 5.94947 5.3165 6.11228 5.82548 6.1506 5.60489 5.72599 6.45929 6.08684 5.1512 5.66911 5.88384 

--------------------------------------
Time: 26.5049
Split Ratios: 1 1 1 1 1 1 1 1 1 1 1 1 1 1 1 1 1 1 1 1 1 1 1 1 1 1 1 1 1 1 
Delays: 0.00718897 0.0101998 0.0134217 0.0115002 0.0165012 0.0100493 0.0118761 0.00574765 0.0130546 0.00570651 0.00875198 0.00890728 0.00757245 0.0131726 0.0101437 0.0144075 0.00865496 0.0172416 0.00874134 0.0129316 0.00727475 0.00885758 0.00588808 0.0102628 0.00747228 0.00572717 0.00732989 0.013737 0.00899832 0.00892703 
Throughputs: 2.71974 3.85024 2.62144 3.09658 3.30957 2.49037 2.7689 3.40787 2.75251 3.12934 2.09715 3.26042 2.16269 2.37568 3.63725 3.45702 3.88301 2.21184 3.09658 2.85082 2.99827 2.65421 2.5559 2.83443 2.70336 3.88301 3.3751 2.53952 2.50675 3.1785 
Utility: 5.93575 5.93353 5.27461 5.59569 5.30114 5.51269 5.45168 6.38505 5.35113 6.30697 5.47906 5.90274 5.65459 5.1949 5.88213 5.48041 6.10623 4.85425 5.86999 5.39569 6.02138 5.70263 6.07323 5.62108 5.89105 6.51914 6.13222 5.21964 5.6297 5.87508 

--------------------------------------
Time: 27.0049
Split Ratios: 1 1 1 1 1 1 1 1 1 1 1 1 1 1 1 1 1 1 1 1 1 1 1 1 1 1 1 1 1 1 
Delays: 0.00718958 0.0103189 0.0135234 0.0115256 0.0163938 0.0101069 0.0119928 0.00579562 0.0131015 0.00572842 0.00896212 0.00886509 0.00739254 0.0131248 0.0101587 0.0144283 0.00862025 0.0172565 0.00878828 0.012895 0.00733956 0.00891169 0.00594245 0.0103805 0.00742919 0.00573961 0.00741464 0.0134838 0.00892563 0.00890436 
Throughputs: 2.94912 4.37453 2.11354 3.22765 3.30957 2.5559 2.88358 3.5881 2.29376 3.42426 2.19546 3.24403 2.06438 2.29376 3.67002 2.75251 3.7847 2.39206 2.89997 3.21126 3.35872 2.8672 2.57229 2.67059 2.81805 3.71917 3.03104 2.49037 2.3593 2.89997 
Utility: 6.01663 6.04958 5.0517 5.63494 5.30767 5.53294 5.48248 6.42827 5.16522 6.3932 5.50114 5.90245 5.63212 5.16344 5.88962 5.25107 6.08461 4.93172 5.79904 5.51758 6.12604 5.77373 6.07043 5.55013 5.93838 6.47386 6.0132 5.2187 5.57719 5.78591 

--------------------------------------
Time: 27.505
Split Ratios: 1 1 1 1 1 1 1 1 1 1 1 1 1 1 1 1 1 1 1 1 1 1 1 1 1 1 1 1 1 1 
Delays: 0.00722407 0.0101813 0.0133988 0.0115565 0.0162611 0.0100889 0.0117735 0.00579571 0.0130363 0.00572386 0.00884567 0.00882155 0.00741443 0.0130652 0.0101847 0.0145301 0.00866487 0.0172157 0.00872246 0.012927 0.00733024 0.00881956 0.00595878 0.0102795 0.0074472 0.00571742 0.00730449 0.0134221 0.00886247 0.0088132 
Throughputs: 2.99827 4.11238 2.08077 3.40787 3.63725 2.5559 2.63782 3.26042 2.5559 2.9655 1.81862 3.14573 2.06438 2.68698 4.04685 3.16211 4.24346 2.3593 3.53894 2.62144 3.30957 2.68698 2.50675 3.24403 2.53952 3.48979 3.21126 2.24461 2.44122 3.42426 
Utility: 6.02837 6.0012 5.04533 5.6866 5.41021 5.53472 5.41186 6.33249 5.27842 6.25016 5.32591 5.8766 5.62916 5.32622 5.98481 5.38278 6.19386 4.9203 6.00568 5.31216 6.11256 5.7192 6.04188 5.75442 5.83189 6.41408 6.08593 5.11938 5.61843 5.96239 

--------------------------------------
Time: 28.005
Split Ratios: 1 1 1 1 1 1 1 1 1 1 1 1 1 1 1 1 1 1 1 1 1 1 1 1 1 1 1 1 1 1 
Delays: 0.00721883 0.0102056 0.0133363 0.0115667 0.0163269 0.0100795 0.0119321 0.0057722 0.0131632 0.00571333 0.00885225 0.00885491 0.00741899 0.0131697 0.0101964 0.0144228 0.00865127 0.0172114 0.00871155 0.0129265 0.00731969 0.0088175 0.00584713 0.0102557 0.00754123 0.00572876 0.00731799 0.0134506 0.00897921 0.00888326 
Throughputs: 2.83443 3.62086 2.1463 3.50618 2.88358 2.83443 2.75251 3.22765 3.16211 3.47341 2.08077 3.14573 2.01523 2.9655 4.04685 2.98189 4.22707 2.09715 3.1785 2.8672 2.89997 3.09658 2.53952 2.47398 2.75251 3.6864 3.35872 2.5559 2.58867 3.1785 
Utility: 5.9729 5.87153 5.08101 5.71415 5.17398 5.63909 5.44104 6.32646 5.48157 6.41009 5.45982 5.87283 5.60445 5.41688 5.98366 5.3315 6.19156 4.80276 5.89951 5.40182 5.98189 5.86131 6.07378 5.48575 5.89988 6.46691 6.12898 5.24714 5.66399 5.88 

--------------------------------------
Time: 28.5051
Split Ratios: 1 1 1 1 1 1 1 1 1 1 1 1 1 1 1 1 1 1 1 1 1 1 1 1 1 1 1 1 1 1 
Delays: 0.00719315 0.0101629 0.01343 0.0115294 0.0164609 0.0100846 0.0119385 0.00579226 0.0131604 0.00572382 0.00897499 0.00885803 0.00750772 0.013142 0.0101768 0.0144314 0.00866868 0.0172157 0.00876774 0.0129166 0.00731142 0.00893324 0.00583099 0.0103056 0.00755353 0.005728 0.00743787 0.0134997 0.0089101 0.00897043 
Throughputs: 2.63782 3.60448 2.32653 3.30957 3.26042 2.42483 3.01466 3.6864 2.8672 3.12934 2.03162 3.1785 2.08077 2.98189 3.96493 3.08019 4.06323 2.50675 3.03104 2.57229 3.04742 2.71974 2.57229 2.68698 2.93274 3.85024 3.65363 2.85082 2.50675 3.42426 
Utility: 5.90458 5.87118 5.15464 5.65968 5.28862 5.48251 5.53147 6.45588 5.38388 6.30394 5.42215 5.88284 5.62456 5.4245 5.96513 5.36334 6.15002 4.98092 5.84558 5.29404 6.03262 5.71851 6.08936 5.56348 5.96168 6.51052 6.19689 5.35269 5.63956 5.94471 

--------------------------------------
Time: 29.0052
Split Ratios: 1 1 1 1 1 1 1 1 1 1 1 1 1 1 1 1 1 1 1 1 1 1 1 1 1 1 1 1 1 1 
Delays: 0.00720452 0.0101969 0.0132761 0.0115681 0.0162125 0.0100802 0.0118381 0.0058059 0.0131617 0.00572131 0.00886623 0.00882884 0.00735399 0.0131726 0.0101591 0.0143708 0.00866826 0.0172337 0.00873692 0.0128942 0.00734285 0.00884063 0.00587972 0.0102362 0.00752852 0.00574115 0.00732528 0.0133534 0.00887545 0.00895579 
Throughputs: 2.78528 3.63725 2.09715 3.16211 3.01466 2.12992 2.52314 3.81747 2.58867 3.14573 1.57286 3.2768 1.86778 2.67059 3.50618 3.26042 3.81747 1.81862 3.12934 2.67059 3.24403 2.73613 2.52314 2.9655 2.9655 3.7847 3.44064 2.42483 2.58867 3.3751 
Utility: 5.9574 5.8769 5.06237 5.61074 5.22546 5.35327 5.36194 6.48847 5.28159 6.3096 5.1784 5.9166 5.53726 5.31192 5.84391 5.42441 6.08768 4.65897 5.88102 5.33328 6.09085 5.73494 6.06175 5.66887 5.9761 6.49106 6.15208 5.20175 5.67561 5.93188 

--------------------------------------
Time: 29.5052
Split Ratios: 1 1 1 1 1 1 1 1 1 1 1 1 1 1 1 1 1 1 1 1 1 1 1 1 1 1 1 1 1 1 
Delays: 0.00719968 0.0101505 0.0132994 0.0115262 0.0165166 0.0100538 0.0120013 0.00579641 0.0131419 0.00572623 0.00893133 0.00890603 0.00740283 0.0132526 0.0101124 0.0144659 0.00865906 0.0172479 0.00876964 0.0129057 0.00720408 0.00883075 0.005899 0.0103636 0.00758398 0.00573134 0.00739284 0.0137854 0.00903512 0.00898184 
Throughputs: 2.8672 3.47341 2.06438 3.3751 3.3751 2.12992 3.01466 3.67002 2.65421 3.29318 2.06438 3.26042 2.31014 2.99827 3.55533 2.9655 3.94854 2.44122 3.5881 2.9655 3.32595 2.65421 2.57229 2.99827 3.22765 4.12877 3.55533 2.42483 2.63782 3.1785 
Utility: 5.98706 5.83537 5.04487 5.67956 5.31982 5.35589 5.52623 6.45071 5.3081 6.35455 5.44302 5.90288 5.7432 5.4216 5.86244 5.32301 6.1225 4.95256 6.01408 5.43714 6.13486 5.70566 6.07777 5.66749 6.05347 6.57978 6.17569 5.16991 5.67659 5.86896 

--------------------------------------
Time: 30.0052
Split Ratios: 1 1 1 1 1 1 1 1 1 1 1 1 1 1 1 1 1 1 1 1 1 1 1 1 1 1 1 1 1 1 
Delays: 0.00719616 0.0101871 0.013342 0.0115507 0.016435 0.0100747 0.0119907 0.00579193 0.0131446 0.00573067 0.00882707 0.00899029 0.00739223 0.0131509 0.0101939 0.0144442 0.00866091 0.0172453 0.00877405 0.012998 0.00733047 0.00877587 0.0059286 0.0102371 0.00749638 0.00572739 0.00733186 0.0134732 0.00891739 0.00887492 
Throughputs: 3.12934 3.88301 2.048 3.48979 3.52256 2.71974 2.89997 3.67002 2.9655 3.73555 2.06438 3.2768 2.1463 2.58867 3.80109 3.1785 3.67002 2.03162 3.5881 2.67059 3.44064 2.88358 2.63782 3.03104 2.7689 3.96493 3.22765 2.60506 2.80166 3.35872 
Utility: 6.07503 5.94324 5.0337 5.71085 5.36753 5.59826 5.48832 6.45148 5.41879 6.47982 5.45476 5.89848 5.67107 5.28241 5.92125 5.39387 6.04913 4.76905 6.01358 5.32526 6.15137 5.79478 6.09792 5.69065 5.91178 6.53998 6.08728 5.2645 5.74997 5.93609 

--------------------------------------
Time: 30.5053
Split Ratios: 1 1 1 1 1 1 1 1 1 1 1 1 1 1 1 1 1 1 1 1 1 1 1 1 1 1 1 1 1 1 
Delays: 0.00718853 0.0101599 0.0133609 0.0115668 0.0165575 0.0100677 0.0119603 0.00580389 0.0131076 0.00572535 0.00878222 0.00892397 0.00743969 0.0132297 0.0101914 0.0143182 0.00868933 0.0172019 0.00874728 0.0129165 0.00725737 0.008767 0.00598026 0.0102364 0.00747454 0.00573172 0.00735064 0.0137042 0.00896959 0.00891358 
Throughputs: 2.94912 3.47341 2.08077 3.32595 3.60448 2.24461 2.78528 3.19488 2.3593 3.06381 1.99885 3.39149 2.06438 2.19546 4.62029 2.88358 4.06323 2.19546 2.89997 2.58867 3.01466 2.94912 2.67059 2.71974 2.7689 3.89939 2.9655 2.65421 2.57229 3.1785 
Utility: 6.01677 5.83444 5.04816 5.66137 5.38309 5.40695 5.45051 6.31078 5.19293 6.28251 5.4276 5.94028 5.62576 5.11168 6.11667 5.30526 6.14764 4.84913 5.80371 5.3004 6.02922 5.81827 6.10159 5.58235 5.9147 6.52256 6.00002 5.2662 5.65871 5.87659 

--------------------------------------
Time: 31.0053
Split Ratios: 1 1 1 1 1 1 1 1 1 1 1 1 1 1 1 1 1 1 1 1 1 1 1 1 1 1 1 1 1 1 
Delays: 0.00719632 0.0102483 0.0133718 0.0115216 0.0163912 0.0100259 0.0119426 0.00581106 0.0131331 0.00571967 0.00879068 0.00891661 0.00744018 0.0131141 0.0102052 0.0143871 0.00864857 0.0172428 0.0087783 0.0128941 0.00727992 0.00884706 0.00587848 0.0103075 0.00748348 0.00573308 0.00735795 0.013596 0.00908288 0.00891497 
Throughputs: 2.83443 3.93216 2.39206 3.32595 3.2768 2.17907 2.83443 3.57171 2.71974 3.2768 1.70394 3.11296 2.24461 2.71974 4.07962 3.45702 3.89939 2.52314 3.42426 3.01466 3.6864 2.98189 2.39206 3.11296 2.9655 3.98131 3.44064 2.39206 2.71974 3.04742 
Utility: 5.97603 5.94984 5.18677 5.66529 5.29788 5.38148 5.46948 6.42104 5.33315 6.35071 5.267 5.85541 5.70939 5.3346 5.99086 5.48183 6.11118 4.98586 5.96636 5.45447 6.22729 5.82023 6.00861 5.71046 5.9821 6.54311 6.14763 5.17013 5.7019 5.83432 

--------------------------------------
Time: 31.5054
Split Ratios: 1 1 1 1 1 1 1 1 1 1 1 1 1 1 1 1 1 1 1 1 1 1 1 1 1 1 1 1 1 1 
Delays: 0.00719002 0.0101629 0.013362 0.0115589 0.0164297 0.0100463 0.0119763 0.00576963 0.0131822 0.00572569 0.00888657 0.00887968 0.00740676 0.0131513 0.010196 0.0143643 0.00869931 0.0171732 0.00875776 0.0129721 0.00729227 0.00887896 0.00590762 0.0103387 0.00756512 0.00573259 0.00733366 0.0134873 0.00892183 0.00885915 
Throughputs: 2.68698 4.11238 2.27738 3.32595 3.62086 2.44122 2.81805 3.55533 2.5559 3.3751 2.08077 3.09658 2.32653 2.53952 3.67002 2.7689 3.86662 1.99885 3.29318 3.01466 3.1785 2.7689 2.50675 3.09658 3.04742 3.83386 3.29318 2.32653 2.73613 3.2768 
Utility: 5.92348 6.00301 5.13836 5.66206 5.39538 5.49305 5.46087 6.42359 5.26729 6.37922 5.45595 5.85429 5.74974 5.26321 5.88595 5.26146 6.09689 4.75698 5.92967 5.44844 6.07735 5.74252 6.0505 5.70216 5.9985 6.50546 6.10714 5.15039 5.7258 5.91317 

--------------------------------------
Time: 32.0055
Split Ratios: 1 1 1 1 1 1 1 1 1 1 1 1 1 1 1 1 1 1 1 1 1 1 1 1 1 1 1 1 1 1 
Delays: 0.00719182 0.0102 0.0133287 0.0115553 0.0162472 0.0100942 0.0118179 0.00577652 0.0131796 0.00572411 0.00881996 0.00888024 0.00747654 0.0131694 0.0101348 0.0144103 0.00866562 0.0172674 0.00875664 0.0129349 0.00728883 0.00885436 0.00591715 0.0102531 0.00758413 0.00574407 0.00735727 0.0134201 0.00885618 0.00891842 
Throughputs: 2.70336 3.6864 1.96608 3.40787 3.19488 2.63782 2.47398 3.30957 2.99827 3.08019 1.70394 3.48979 2.22822 2.53952 3.83386 2.78528 3.81747 2.27738 3.5881 3.04742 3.11296 2.65421 2.52314 2.93274 3.06381 4.29261 3.42426 2.49037 2.53952 3.06381 
Utility: 5.92931 5.89002 4.99388 5.6867 5.28139 5.56574 5.34397 6.35077 5.42712 6.28806 5.26368 5.97377 5.69719 5.26184 5.93565 5.26416 6.08798 4.88196 6.01556 5.46212 6.05699 5.70299 6.0554 5.65611 6.00136 6.61648 6.14295 5.22343 5.65862 5.83929 

--------------------------------------
Time: 32.5056
Split Ratios: 1 1 1 1 1 1 1 1 1 1 1 1 1 1 1 1 1 1 1 1 1 1 1 1 1 1 1 1 1 1 
Delays: 0.00720726 0.0101605 0.013371 0.0115321 0.0164688 0.0100659 0.0118364 0.00579246 0.0130461 0.00571593 0.00892597 0.00890186 0.00742117 0.0132049 0.0101567 0.0143993 0.00863725 0.0172072 0.00873825 0.0128918 0.0073138 0.00887296 0.00587822 0.0102453 0.00738701 0.00575214 0.00735081 0.0136651 0.00902301 0.00884549 
Throughputs: 2.78528 3.94854 2.37568 3.26042 3.81747 2.21184 2.81805 3.67002 2.68698 2.9655 2.03162 3.3751 2.26099 2.91635 4.21069 3.35872 4.12877 2.34291 3.21126 2.81805 3.50618 2.39206 2.5559 2.81805 2.47398 3.81747 3.22765 2.71974 2.16269 3.22765 
Utility: 5.95701 5.96259 5.17995 5.64447 5.44588 5.39243 5.47262 6.4514 5.32768 6.25154 5.42762 5.93792 5.71922 5.3975 6.02725 5.45213 6.16965 4.91382 5.90671 5.38721 6.17252 5.5969 6.07491 5.61698 5.81386 6.49777 6.0847 5.29345 5.47933 5.8996 

--------------------------------------
Time: 33.0057
Split Ratios: 1 1 1 1 1 1 1 1 1 1 1 1 1 1 1 1 1 1 1 1 1 1 1 1 1 1 1 1 1 1 
Delays: 0.00720451 0.0101369 0.0133096 0.0115372 0.0162982 0.0100569 0.0119145 0.00577678 0.0130458 0.00573287 0.00886114 0.00882172 0.00744 0.0131442 0.0101474 0.014438 0.00870667 0.017204 0.00873776 0.0129344 0.00724713 0.00880135 0.00594303 0.0102995 0.00747728 0.00574489 0.00740163 0.0135136 0.00893897 0.00883755 
Throughputs: 3.01466 3.53894 2.03162 3.44064 3.1785 2.22822 2.91635 3.47341 2.52314 3.60448 2.12992 3.14573 2.1463 2.4576 3.71917 3.2768 3.83386 2.11354 3.48979 3.03104 3.06381 2.78528 2.71974 2.9655 2.81805 3.76832 2.98189 2.93274 2.29376 2.71974 
Utility: 6.03653 5.85541 5.0281 5.69783 5.27311 5.4007 5.50033 6.39904 5.26479 6.44372 5.48216 5.87658 5.66463 5.23096 5.90404 5.42476 6.08754 4.81098 5.98994 5.45677 6.04681 5.7572 6.12607 5.66271 5.93193 6.48607 5.99861 5.38 5.54753 5.72928 

--------------------------------------
Time: 33.5057
Split Ratios: 1 1 1 1 1 1 1 1 1 1 1 1 1 1 1 1 1 1 1 1 1 1 1 1 1 1 1 1 1 1 
Delays: 0.00718708 0.0101486 0.0132592 0.0115959 0.0163158 0.0101116 0.0120626 0.00577109 0.013128 0.0057294 0.00879692 0.00880948 0.00736846 0.013143 0.0101664 0.0143847 0.00864497 0.0172956 0.00874435 0.0129023 0.0072961 0.00875977 0.00591892 0.0102616 0.00751593 0.00573889 0.00729307 0.013476 0.00890057 0.00888364 
Throughputs: 2.70336 3.71917 1.9497 3.39149 3.03104 2.19546 2.83443 3.55533 2.40845 3.48979 1.99885 3.30957 1.96608 2.4576 3.7847 3.14573 3.88301 2.42483 3.12934 3.08019 3.12934 2.40845 2.63782 2.7689 2.73613 4.096 3.32595 2.22822 2.80166 3.2768 
Utility: 5.92997 5.90392 4.99074 5.67837 5.22452 5.38046 5.45949 6.42334 5.21199 6.41199 5.42593 5.92874 5.58659 5.23105 5.91964 5.38763 6.10739 4.94306 5.88017 5.47534 6.06124 5.61657 6.09956 5.5978 5.89727 6.5705 6.12259 5.10805 5.75185 5.91041 

--------------------------------------
Time: 34.0059
Split Ratios: 1 1 1 1 1 1 1 1 1 1 1 1 1 1 1 1 1 1 1 1 1 1 1 1 1 1 1 1 1 1 
Delays: 0.00720601 0.0101781 0.0133044 0.0115287 0.0163847 0.0100782 0.0119744 0.00580687 0.0131838 0.00573249 0.00885177 0.00886703 0.00747718 0.01315 0.0101812 0.0143899 0.00871547 0.0172389 0.00880419 0.0129151 0.00728158 0.00879337 0.0059365 0.0102087 0.00764668 0.00572274 0.00739985 0.0135807 0.00885473 0.00892562 
Throughputs: 2.99827 3.63725 2.1463 3.08019 2.99827 2.80166 2.70336 3.50618 3.11296 3.24403 1.5401 3.04742 2.32653 2.68698 3.63725 3.14573 3.91578 2.27738 3.7847 2.85082 3.52256 2.85082 2.70336 2.78528 3.08019 3.96493 3.60448 2.53952 2.5559 3.29318 
Utility: 6.03088 5.87874 5.08341 5.58791 5.20944 5.62759 5.41948 6.40324 5.46434 6.33842 5.15898 5.83971 5.74028 5.31975 5.87844 5.38727 6.10767 4.88361 6.0635 5.39696 6.1816 5.78136 6.12113 5.60886 5.99848 6.5408 6.18847 5.23108 5.66521 5.91068 

--------------------------------------
Time: 34.5059
Split Ratios: 1 1 1 1 1 1 1 1 1 1 1 1 1 1 1 1 1 1 1 1 1 1 1 1 1 1 1 1 1 1 
Delays: 0.00724382 0.0102267 0.0133315 0.0115962 0.0162394 0.0100588 0.0118968 0.00579103 0.0130703 0.00573072 0.00882827 0.00880804 0.00743937 0.0130859 0.0102064 0.01445 0.00865588 0.0172623 0.00873407 0.0129176 0.00733026 0.00887438 0.0058936 0.010306 0.00743939 0.00572576 0.00738511 0.0135245 0.0089354 0.00886695 
Throughputs: 3.03104 3.70278 2.49037 3.26042 3.08019 2.32653 2.75251 3.73555 2.62144 3.45702 1.98246 2.91635 2.03162 2.26099 3.80109 3.2768 4.14515 1.86778 3.03104 2.85082 3.29318 2.91635 2.65421 2.98189 3.09658 3.65363 2.9655 2.40845 2.52314 2.75251 
Utility: 6.03651 5.89184 5.23006 5.63894 5.2453 5.44368 5.444 6.46934 5.30114 6.40232 5.41414 5.80242 5.6098 5.15202 5.92003 5.42393 6.17146 4.68398 5.84943 5.39677 6.1076 5.79492 6.11003 5.66758 6.03126 6.4585 5.99534 5.18224 5.64324 5.73794 

--------------------------------------
Time: 35.0061
Split Ratios: 1 1 1 1 1 1 1 1 1 1 1 1 1 1 1 1 1 1 1 1 1 1 1 1 1 1 1 1 1 1 
Delays: 0.00718108 0.0102294 0.0135274 0.0115355 0.0164481 0.010041 0.0119594 0.00576997 0.0131932 0.00572138 0.0088716 0.00887188 0.00745448 0.0131571 0.010191 0.0143946 0.00864611 0.0172188 0.00871417 0.0129113 0.00732246 0.00887843 0.00591915 0.0103016 0.00751496 0.00574306 0.00737472 0.0135246 0.0089901 0.00892893 
Throughputs: 2.81805 3.55533 2.11354 3.39149 3.22765 2.44122 2.73613 3.44064 2.98189 3.22765 2.1463 3.16211 2.39206 2.83443 4.21069 3.14573 3.35872 2.24461 3.45702 2.75251 3.08019 2.57229 2.83443 3.09658 3.14573 3.98131 3.34234 2.52314 2.49037 3.32595 
Utility: 5.97235 5.85094 5.0514 5.68359 5.2793 5.49357 5.43278 6.39075 5.42061 6.3353 5.48865 5.87611 5.7711 5.37264 6.02388 5.38694 5.96221 4.87028 5.98321 5.36217 6.0418 5.66893 6.1714 5.70575 6.03691 6.54137 6.11637 5.22874 5.62406 5.92021 

--------------------------------------
Time: 35.5062
Split Ratios: 1 1 1 1 1 1 1 1 1 1 1 1 1 1 1 1 1 1 1 1 1 1 1 1 1 1 1 1 1 1 
Delays: 0.00720753 0.0102128 0.0135288 0.0115372 0.0162658 0.0100695 0.0118905 0.00576543 0.0131573 0.00572946 0.00886527 0.00880704 0.00757192 0.0131467 0.0102857 0.0143823 0.00866821 0.0172018 0.0087118 0.0129551 0.00730396 0.0088172 0.0058488 0.0102318 0.00750923 0.00574207 0.00732953 0.0135442 0.00913499 0.00881313 
Throughputs: 2.3593 3.70278 2.26099 3.06381 3.45702 2.52314 2.65421 3.01466 2.22822 3.83386 1.86778 3.29318 2.21184 2.68698 4.04685 2.93274 3.98131 2.21184 2.93274 3.04742 3.35872 3.3751 2.31014 2.98189 3.11296 4.06323 3.22765 2.39206 2.67059 2.99827 
Utility: 5.79099 5.8932 5.11873 5.58184 5.3591 5.52374 5.40816 6.25936 5.13199 6.506 5.35036 5.92406 5.67713 5.32 5.97493 5.31769 6.1297 4.85657 5.81901 5.46056 6.1309 5.94748 5.97883 5.67481 6.0272 6.56191 6.0876 5.17395 5.67794 5.82955 

--------------------------------------
Time: 36.0062
Split Ratios: 1 1 1 1 1 1 1 1 1 1 1 1 1 1 1 1 1 1 1 1 1 1 1 1 1 1 1 1 1 1 
Delays: 0.00720142 0.0101581 0.0133689 0.0114744 0.0164078 0.0100781 0.011893 0.0057675 0.0131416 0.00573124 0.00881075 0.00891567 0.00747961 0.013199 0.0101696 0.0143954 0.00866199 0.0172298 0.00874881 0.0128905 0.0072833 0.00880576 0.00585791 0.0102999 0.0074711 0.00572662 0.00737089 0.0135402 0.00894095 0.00888845 
Throughputs: 2.71974 3.48979 2.12992 3.01466 3.39149 2.40845 2.70336 3.32595 2.32653 3.34234 1.6384 3.21126 2.42483 2.47398 3.83386 2.98189 3.81747 2.21184 3.01466 2.83443 3.40787 2.78528 2.31014 2.68698 2.63782 3.75194 3.55533 2.62144 2.49037 2.80166 
Utility: 5.93402 5.83932 5.07091 5.57112 5.33127 5.47637 5.4263 6.35727 5.17635 6.36849 5.2255 5.88661 5.78134 5.23345 5.93222 5.3334 6.0884 4.85494 5.84232 5.39311 6.14826 5.7567 5.97727 5.56404 5.86667 6.4849 6.17866 5.26582 5.62954 5.75322 

