--------------------------------------
Time: 5.50007
Split Ratios: 1 1 1 1 1 1 1 1 1 1 1 1 1 1 1 1 1 1 1 1 1 1 1 1 1 1 1 1 1 1 
Delays: 0.0101624 0.00714728 0.0135441 0.0129562 0.00717011 0.0115289 0.0114911 0.0114206 0.00859253 0.0043641 0.00863329 0.0147625 0.0129419 0.00575436 0.0115406 0.0149477 0.011497 0.0100017 0.0100458 0.014946 0.011516 0.0101548 0.00723812 0.008601 0.00712893 0.0133145 0.00572583 0.00617982 0.00590276 0.00580408 
Throughputs: 1.90054 1.27795 2.71974 1.57286 1.49094 1.90054 3.44064 1.65478 1.58925 2.57229 1.9497 2.88358 2.27738 1.9497 2.9655 2.22822 2.62144 1.78586 2.49037 2.58867 3.34234 3.44064 2.08077 2.11354 2.22822 1.68755 2.75251 1.50733 3.42426 2.19546 
Utility: 5.23121 5.18628 5.30234 4.79908 5.33724 5.10504 5.70184 4.976 5.22012 6.37914 5.4198 5.2747 5.17031 5.82547 5.54893 5.0044 5.42939 5.18489 5.51303 5.15446 5.67069 5.82547 5.66113 5.50424 5.7448 4.84218 6.17528 5.4968 6.36322 5.93558 

--------------------------------------
Time: 6.00009
Split Ratios: 1 1 1 1 1 1 1 1 1 1 1 1 1 1 1 1 1 1 1 1 1 1 1 1 1 1 1 1 1 1 
Delays: 0.0101431 0.00715764 0.0134045 0.0129975 0.00716063 0.0115994 0.0114734 0.0114395 0.00856387 0.00437852 0.00865858 0.0146911 0.0129208 0.00573131 0.0115757 0.0148995 0.0114789 0.00999439 0.0100291 0.0148405 0.0114957 0.0101087 0.00723878 0.00859236 0.00714181 0.0133227 0.00572921 0.00622763 0.00584987 0.00580508 
Throughputs: 1.76947 1.60563 2.65421 1.60563 1.57286 2.19546 3.16211 1.6384 1.62202 2.83443 1.90054 3.04742 2.29376 1.91693 3.1785 2.88358 2.53952 1.99885 2.49037 2.34291 3.24403 3.67002 2.32653 1.96608 1.98246 1.7367 2.70336 1.76947 2.88358 2.01523 
Utility: 5.16165 5.41309 5.28831 4.81651 5.39206 5.24319 5.61896 4.9644 5.24387 6.47289 5.39135 5.33481 5.17911 5.81254 5.61526 5.26546 5.39922 5.2983 5.51469 5.06179 5.6426 5.89456 5.77268 5.43292 5.62613 4.87028 6.15667 5.64944 6.20037 5.84976 

--------------------------------------
Time: 6.50013
Split Ratios: 1 1 1 1 1 1 1 1 1 1 1 1 1 1 1 1 1 1 1 1 1 1 1 1 1 1 1 1 1 1 
Delays: 0.0101933 0.00713605 0.013499 0.0130056 0.00716262 0.0115095 0.011461 0.0114139 0.00856968 0.00433991 0.0086163 0.0147157 0.0128957 0.00575306 0.0115234 0.0149192 0.0114569 0.00999799 0.0100319 0.0148506 0.0114736 0.0101095 0.00729556 0.0085955 0.00712904 0.0133572 0.00571139 0.00617554 0.00585142 0.00583329 
Throughputs: 1.58925 1.52371 2.83443 1.58925 1.72032 2.03162 3.7847 1.49094 1.96608 2.08077 1.67117 3.42426 1.98246 2.31014 3.34234 2.85082 2.09715 2.09715 2.49037 2.29376 3.1785 3.1785 2.01523 2.19546 1.6384 1.45818 3.01466 1.52371 3.22765 2.08077 
Utility: 5.04929 5.36375 5.34698 4.80563 5.48139 5.17341 5.79978 4.87234 5.43557 6.17264 5.26762 5.44973 5.0352 5.99533 5.67005 5.25271 5.20974 5.34595 5.51442 5.03991 5.62412 5.75069 5.62122 5.54291 5.4373 4.69288 6.26878 5.50831 6.31282 5.87691 

--------------------------------------
Time: 7.0002
Split Ratios: 1 1 1 1 1 1 1 1 1 1 1 1 1 1 1 1 1 1 1 1 1 1 1 1 1 1 1 1 1 1 
Delays: 0.0101789 0.00713372 0.0133294 0.0129787 0.00717268 0.0115016 0.0114887 0.0114162 0.00858566 0.00434185 0.00859933 0.014693 0.0129487 0.00574955 0.0115256 0.0148861 0.0114951 0.00999118 0.00999735 0.014886 0.0114294 0.0101045 0.00726194 0.00862394 0.00714014 0.0134373 0.00572223 0.00614277 0.00585318 0.00581994 
Throughputs: 1.81862 1.49094 2.63782 1.72032 1.90054 2.26099 3.5881 1.34349 2.048 2.17907 1.75309 3.04742 2.1463 2.03162 2.89997 2.68698 2.31014 2.11354 2.27738 2.16269 2.7689 3.40787 2.31014 2.17907 2.22822 1.91693 2.99827 1.65478 3.39149 2.44122 
Utility: 5.18552 5.34233 5.28774 4.88696 5.57962 5.28108 5.74402 4.76799 5.47453 6.21835 5.31745 5.33468 5.11051 5.86746 5.52789 5.19574 5.30314 5.35442 5.42846 4.97869 5.49002 5.82086 5.76242 5.53211 5.74323 4.96045 6.26143 5.59615 6.36204 6.03896 

--------------------------------------
Time: 7.50042
Split Ratios: 1 1 1 1 1 1 1 1 1 1 1 1 1 1 1 1 1 1 1 1 1 1 1 1 1 1 1 1 1 1 
Delays: 0.010282 0.00716076 0.013669 0.0130872 0.00718124 0.0116182 0.0114971 0.0114481 0.0085762 0.00435905 0.00861403 0.0148542 0.0129331 0.00571312 0.0115223 0.0150377 0.0114571 0.0100018 0.0100573 0.0149932 0.011549 0.0101022 0.00728843 0.00859867 0.0071282 0.0135348 0.00571452 0.00625357 0.0058344 0.00581534 
Throughputs: 1.67117 1.62202 2.73613 1.7367 1.45818 2.06438 3.52256 1.62202 1.96608 2.62144 1.68755 2.94912 2.50675 1.5401 2.9655 2.67059 2.50675 2.048 2.34291 2.12992 3.55533 3.48979 2.21184 1.99885 1.98246 1.81862 2.73613 1.6384 3.29318 2.11354 
Utility: 5.09088 5.42281 5.29917 4.88811 5.31347 5.18001 5.72485 4.9536 5.43481 6.39923 5.27764 5.29098 5.26695 5.59684 5.55051 5.1795 5.38814 5.32186 5.45085 4.95625 5.72961 5.84485 5.71529 5.44872 5.62804 4.90057 6.17129 5.56832 6.33584 5.89562 

--------------------------------------
Time: 8.00055
Split Ratios: 1 1 1 1 1 1 1 1 1 1 1 1 1 1 1 1 1 1 1 1 1 1 1 1 1 1 1 1 1 1 
Delays: 0.0101307 0.00717778 0.0134441 0.013044 0.00717913 0.0115529 0.0115107 0.0114532 0.00857179 0.00438394 0.00867464 0.0147807 0.0129046 0.00574949 0.0115681 0.0148164 0.0114786 0.0100093 0.0100311 0.0148558 0.0114804 0.0101233 0.00720191 0.00862831 0.00713796 0.0133217 0.00573218 0.00618735 0.00584732 0.00588239 
Throughputs: 1.65478 1.72032 2.99827 1.96608 1.60563 2.048 3.91578 1.44179 1.86778 2.34291 1.88416 2.99827 2.24461 1.80224 2.94912 3.11296 2.58867 2.06438 2.53952 2.3593 3.53894 3.42426 1.86778 1.93331 1.67117 1.62202 3.1785 1.65478 3.34234 2.22822 
Utility: 5.09586 5.47928 5.40725 5.01547 5.4101 5.17769 5.82949 4.83537 5.38403 6.2812 5.38083 5.31247 5.1587 5.74768 5.54101 5.3476 5.41842 5.32907 5.53404 5.06773 5.73094 5.8238 5.55816 5.41194 5.45585 4.80203 6.31807 5.58892 6.34844 5.937 

--------------------------------------
Time: 8.50069
Split Ratios: 1 1 1 1 1 1 1 1 1 1 1 1 1 1 1 1 1 1 1 1 1 1 1 1 1 1 1 1 1 1 
Delays: 0.0101808 0.00716082 0.0133597 0.0131082 0.00717037 0.0115302 0.0115534 0.0114518 0.00857495 0.00435105 0.00865563 0.0146872 0.0129322 0.0057478 0.0115863 0.0149878 0.0115038 0.0100125 0.0100929 0.0148563 0.0115245 0.010093 0.00725316 0.00860383 0.00712107 0.0133373 0.00572039 0.00612083 0.00584781 0.00584689 
Throughputs: 1.85139 1.81862 2.52314 1.91693 1.58925 2.53952 3.94854 1.34349 1.57286 2.01523 1.93331 3.22765 2.22822 1.98246 3.09658 2.91635 2.62144 1.99885 2.68698 2.49037 3.26042 3.39149 2.1463 1.99885 1.70394 1.80224 3.03104 1.72032 2.83443 2.22822 
Utility: 5.20319 5.53721 5.24102 4.98524 5.40106 5.39476 5.83412 4.76488 5.21181 6.13807 5.40878 5.39253 5.14924 5.84328 5.58823 5.27085 5.4288 5.29649 5.58434 5.12176 5.64514 5.81718 5.69007 5.44812 5.47764 4.90622 6.27262 5.63857 6.18353 5.94305 

--------------------------------------
Time: 9.0007
Split Ratios: 1 1 1 1 1 1 1 1 1 1 1 1 1 1 1 1 1 1 1 1 1 1 1 1 1 1 1 1 1 1 
Delays: 0.0102068 0.00715659 0.013482 0.0130038 0.00714275 0.0115213 0.0114888 0.0114336 0.00860283 0.00433468 0.00860111 0.0148054 0.012925 0.00572184 0.0115414 0.0150086 0.0114818 0.0100018 0.0100443 0.0147804 0.0115113 0.010071 0.00722743 0.00861503 0.00712989 0.0134475 0.00570697 0.00635022 0.00581527 0.00581405 
Throughputs: 1.83501 1.49094 2.49037 1.40902 1.52371 2.09715 3.52256 1.35987 1.88416 2.49037 1.81862 3.08019 1.80224 2.29376 2.91635 2.53952 2.4576 2.06438 2.70336 2.1463 3.24403 3.2768 1.93331 1.91693 2.03162 1.57286 2.44122 1.58925 3.16211 2.29376 
Utility: 5.19175 5.33913 5.21883 4.68541 5.36281 5.20414 5.72557 4.77859 5.38915 6.35354 5.35394 5.33775 4.93762 5.99366 5.53215 5.13111 5.36618 5.32982 5.59524 4.9782 5.64124 5.78496 5.58911 5.40497 5.65229 4.76186 6.05856 5.52253 6.29851 5.97767 

--------------------------------------
Time: 9.50071
Split Ratios: 1 1 1 1 1 1 1 1 1 1 1 1 1 1 1 1 1 1 1 1 1 1 1 1 1 1 1 1 1 1 
Delays: 0.0102242 0.00715753 0.0134328 0.0130636 0.00715146 0.0115289 0.0115243 0.0114308 0.00856609 0.0043898 0.00866052 0.0147841 0.0129212 0.00575331 0.0115886 0.0149973 0.0114843 0.00999002 0.0100396 0.0147863 0.011505 0.0101109 0.00728083 0.00860908 0.00714237 0.0133421 0.00572425 0.00621932 0.0058412 0.00585794 
Throughputs: 1.81862 1.35987 2.53952 1.88416 1.55648 2.08077 3.65363 1.58925 1.9497 2.37568 2.09715 3.01466 2.39206 2.40845 3.21126 2.67059 2.52314 1.91693 2.65421 2.1463 3.32595 3.63725 1.76947 2.09715 1.88416 2.048 2.88358 1.7367 3.12934 1.9497 
Utility: 5.18108 5.24698 5.24203 4.97141 5.38287 5.19563 5.75902 4.93471 5.42762 6.29375 5.48956 5.31769 5.22105 6.03696 5.6244 5.18219 5.39228 5.25689 5.57737 4.9778 5.66673 5.88537 5.49319 5.49552 5.57519 5.03369 6.22208 5.63208 6.28364 5.80763 

--------------------------------------
Time: 10.0008
Split Ratios: 1 1 1 1 1 1 1 1 1 1 1 1 1 1 1 1 1 1 1 1 1 1 1 1 1 1 1 1 1 1 
Delays: 0.0101573 0.00715862 0.0135289 0.0130207 0.00716927 0.0115975 0.011514 0.011445 0.00857719 0.0043865 0.00864407 0.0149505 0.0129732 0.00576392 0.0115777 0.0149815 0.011526 0.00999355 0.0100572 0.01491 0.0114643 0.010054 0.00727463 0.00860597 0.00712736 0.0134527 0.00571097 0.00631861 0.00588749 0.00579427 
Throughputs: 1.58925 1.7367 2.83443 2.01523 1.49094 2.37568 3.26042 1.57286 2.06438 2.85082 2.048 3.12934 2.29376 2.048 3.21126 2.7689 2.62144 1.91693 2.47398 2.26099 3.12934 3.12934 1.9497 2.27738 1.93331 1.75309 2.71974 1.78586 3.55533 2.26099 
Utility: 5.05282 5.49143 5.34477 5.04195 5.33736 5.32225 5.64605 4.9231 5.48348 6.47683 5.46775 5.34383 5.17506 5.873 5.62534 5.21939 5.42688 5.25654 5.5053 5.02152 5.60934 5.74061 5.59104 5.57832 5.60305 4.86996 6.1659 5.64415 6.40337 5.96669 

--------------------------------------
Time: 10.5009
Split Ratios: 1 1 1 1 1 1 1 1 1 1 1 1 1 1 1 1 1 1 1 1 1 1 1 1 1 1 1 1 1 1 
Delays: 0.0102316 0.00714938 0.0133972 0.0131007 0.00715833 0.0116032 0.0115152 0.0114605 0.00859192 0.00436106 0.00861094 0.0148116 0.0128879 0.00573241 0.011577 0.0149058 0.0114723 0.010015 0.0100476 0.014816 0.0114796 0.0100929 0.00723178 0.00860021 0.00712589 0.0134027 0.00571475 0.00627278 0.00586875 0.00579299 
Throughputs: 1.78586 1.57286 2.5559 1.57286 1.47456 2.12992 3.53894 1.39264 1.86778 2.16269 1.7367 3.12934 2.26099 1.86778 3.30957 2.88358 2.5559 1.9497 2.98189 1.98246 3.14573 3.40787 2.01523 2.29376 1.80224 1.55648 2.78528 1.91693 3.40787 2.01523 
Utility: 5.16217 5.39363 5.25111 4.78799 5.32784 5.21256 5.72792 4.80005 5.38168 6.20639 5.30671 5.35317 5.16727 5.78637 5.65556 5.26504 5.40622 5.27135 5.69298 4.89639 5.61323 5.82201 5.63 5.58616 5.53305 4.75473 6.18905 5.72226 6.3642 5.85184 

--------------------------------------
Time: 11.001
Split Ratios: 1 1 1 1 1 1 1 1 1 1 1 1 1 1 1 1 1 1 1 1 1 1 1 1 1 1 1 1 1 1 
Delays: 0.010245 0.00714892 0.0134856 0.013039 0.0071546 0.0115251 0.011537 0.0114331 0.00857931 0.00434266 0.00860559 0.0147674 0.0129148 0.00571989 0.0115447 0.0150082 0.0114559 0.0100052 0.0100673 0.0148857 0.0114574 0.0100823 0.00732116 0.00860762 0.00712184 0.0134864 0.00571866 0.00609585 0.00580785 0.00585437 
Throughputs: 1.81862 1.49094 3.06381 1.85139 1.31072 2.048 3.70278 1.62202 1.9497 2.21184 2.12992 3.19488 2.17907 1.91693 3.09658 2.5559 2.52314 2.16269 2.8672 1.99885 3.3751 3.53894 2.32653 2.01523 1.58925 1.7367 2.4576 1.7367 3.24403 2.12992 
Utility: 5.17904 5.3402 5.42579 4.95575 5.21058 5.18009 5.77128 4.95491 5.42608 6.23309 5.51143 5.37688 5.12828 5.81453 5.59183 5.13757 5.39475 5.376 5.6518 4.89993 5.68554 5.8608 5.76136 5.45584 5.40785 4.85806 6.06321 5.65214 6.32536 5.89665 

--------------------------------------
Time: 11.5011
Split Ratios: 1 1 1 1 1 1 1 1 1 1 1 1 1 1 1 1 1 1 1 1 1 1 1 1 1 1 1 1 1 1 
Delays: 0.0101619 0.00715613 0.0134283 0.0130333 0.0071842 0.0115524 0.0114672 0.0114738 0.0085802 0.00436337 0.00863974 0.0148035 0.0129315 0.00574225 0.0115721 0.0149302 0.0114912 0.0100227 0.0100312 0.0148447 0.0115008 0.0101389 0.0072424 0.00859351 0.0071299 0.0134154 0.00570981 0.00614831 0.00587322 0.00582793 
Throughputs: 1.96608 1.75309 2.80166 1.62202 1.34349 1.78586 3.52256 1.6384 1.81862 2.58867 1.98246 3.06381 1.85139 2.12992 3.48979 3.11296 2.62144 1.75309 2.4576 2.19546 3.16211 3.40787 2.21184 1.96608 2.11354 1.86778 2.7689 1.60563 3.55533 2.19546 
Utility: 5.26515 5.50116 5.34061 4.82392 5.23114 5.04076 5.72745 4.96141 5.35638 6.38566 5.43572 5.33255 4.96402 5.91599 5.709 5.33994 5.4299 5.16428 5.50124 4.9965 5.61658 5.81746 5.72163 5.43279 5.69182 4.9361 6.18402 5.5651 6.4058 5.93148 

--------------------------------------
Time: 12.0011
Split Ratios: 1 1 1 1 1 1 1 1 1 1 1 1 1 1 1 1 1 1 1 1 1 1 1 1 1 1 1 1 1 1 
Delays: 0.0101291 0.00716233 0.0134471 0.013003 0.00717369 0.0115613 0.0114967 0.0114301 0.00859908 0.00434996 0.00858248 0.014742 0.0129066 0.00577624 0.0115388 0.0148121 0.0114567 0.00998882 0.0100505 0.0147492 0.0115088 0.0100885 0.00725797 0.00860555 0.00715044 0.0132974 0.00573518 0.00608946 0.00583807 0.00580378 
Throughputs: 1.55648 1.6384 2.63782 1.67117 1.78586 2.16269 3.75194 1.55648 1.80224 2.24461 1.9497 3.19488 2.09715 2.50675 3.24403 2.58867 2.19546 2.048 2.75251 2.26099 2.81805 3.3751 1.90054 2.1463 1.93331 1.68755 2.68698 1.49094 3.22765 2.22822 
Utility: 5.03477 5.43264 5.27894 4.85609 5.51723 5.23144 5.78796 4.91393 5.34513 6.24612 5.42571 5.3786 5.0906 6.07299 5.63886 5.16345 5.25557 5.32315 5.61265 5.03237 5.50069 5.81279 5.5678 5.51909 5.59982 4.84347 6.14955 5.50061 6.31511 5.95045 

--------------------------------------
Time: 12.5012
Split Ratios: 1 1 1 1 1 1 1 1 1 1 1 1 1 1 1 1 1 1 1 1 1 1 1 1 1 1 1 1 1 1 
Delays: 0.0102531 0.00714647 0.0133473 0.0129949 0.00717448 0.0115611 0.0115379 0.0114178 0.00857706 0.00439238 0.00864179 0.0146867 0.0129084 0.00573115 0.0115645 0.0147726 0.0114967 0.00997928 0.0100054 0.0147665 0.0114844 0.0101339 0.00723617 0.00859385 0.00712761 0.0133083 0.00573999 0.00607516 0.00589852 0.00585706 
Throughputs: 1.49094 1.70394 2.44122 1.57286 1.19603 1.9497 3.9977 1.49094 1.7367 2.53952 2.12992 3.03104 2.21184 1.9497 3.45702 2.94912 2.27738 1.80224 2.73613 2.08077 2.98189 3.76832 1.98246 2.03162 1.72032 1.78586 2.9655 1.80224 3.83386 2.048 
Utility: 4.97959 5.47408 5.20893 4.7961 5.11623 5.12778 5.84783 4.87199 5.31065 6.35986 5.50723 5.32972 5.1437 5.82951 5.70022 5.29649 5.28872 5.19627 5.61118 4.94813 5.55933 5.9185 5.613 5.46554 5.48629 4.89926 6.24735 5.69258 6.47692 5.85697 

--------------------------------------
Time: 13.0013
Split Ratios: 1 1 1 1 1 1 1 1 1 1 1 1 1 1 1 1 1 1 1 1 1 1 1 1 1 1 1 1 1 1 
Delays: 0.0102055 0.00713952 0.0132953 0.0130145 0.0072011 0.0115895 0.0114578 0.0114408 0.00856032 0.00435913 0.00866116 0.0146501 0.0129112 0.00573242 0.0116047 0.0147448 0.0114757 0.00999259 0.0100304 0.0147726 0.0114886 0.010094 0.00725533 0.00860594 0.00713692 0.0133032 0.00571326 0.00601508 0.00584276 0.00583424 
Throughputs: 1.80224 1.49094 2.5559 1.62202 1.70394 2.42483 2.98189 1.98246 1.52371 2.29376 1.99885 2.80166 2.12992 2.26099 3.45702 2.65421 2.98189 1.78586 2.52314 2.3593 3.2768 3.32595 2.01523 2.31014 2.32653 1.67117 2.5559 1.55648 3.40787 2.12992 
Utility: 5.17386 5.34152 5.25875 4.82536 5.46646 5.34342 5.56164 5.15491 5.18177 6.26568 5.44148 5.25352 5.10574 5.97742 5.69676 5.19301 5.56008 5.18581 5.52763 5.07334 5.65327 5.79757 5.62675 5.59261 5.78685 4.83327 6.10337 5.55591 6.36864 5.9001 

--------------------------------------
Time: 13.5014
Split Ratios: 1 1 1 1 1 1 1 1 1 1 1 1 1 1 1 1 1 1 1 1 1 1 1 1 1 1 1 1 1 1 
Delays: 0.0101318 0.00714135 0.0133921 0.0130165 0.00716115 0.0115103 0.0114607 0.011419 0.00856695 0.00436105 0.00863137 0.0147435 0.0129324 0.00573158 0.0115318 0.0148573 0.0114825 0.00999746 0.0100243 0.0149121 0.0114591 0.0100886 0.00728328 0.00860392 0.00713429 0.0133094 0.00571982 0.0062618 0.00585025 0.00577618 
Throughputs: 1.60563 1.49094 2.5559 1.47456 1.42541 2.32653 3.22765 1.44179 1.7367 2.31014 2.08077 3.01466 1.96608 2.17907 3.35872 2.67059 2.68698 1.80224 2.3593 2.65421 3.12934 3.67002 2.34291 1.78586 1.76947 1.86778 2.62144 1.49094 3.24403 1.96608 
Utility: 5.0656 5.34126 5.2515 4.72989 5.29354 5.30889 5.64058 4.83836 5.31183 6.27235 5.48509 5.32044 5.02406 5.94066 5.67421 5.19156 5.45534 5.19445 5.4611 5.18173 5.6098 5.89654 5.77357 5.33544 5.51352 4.94403 6.12754 5.4727 6.31809 5.83005 

--------------------------------------
Time: 14.0016
Split Ratios: 1 1 1 1 1 1 1 1 1 1 1 1 1 1 1 1 1 1 1 1 1 1 1 1 1 1 1 1 1 1 
Delays: 0.0101344 0.0071641 0.0136274 0.0129534 0.00715464 0.0115153 0.0114647 0.0114237 0.00857894 0.00433446 0.00864878 0.0148384 0.0129461 0.00573566 0.0115143 0.0149891 0.0114784 0.0100241 0.0100251 0.0149159 0.0114875 0.0101306 0.00729141 0.00860618 0.00712399 0.0133731 0.00571721 0.00614818 0.00584732 0.00580714 
Throughputs: 1.98246 1.81862 3.08019 1.52371 1.52371 2.01523 3.53894 1.5401 2.16269 2.12992 1.93331 3.22765 2.19546 2.06438 3.01466 3.01466 2.53952 2.06438 2.4576 1.93331 3.11296 3.44064 1.99885 1.85139 1.86778 1.67117 2.83443 1.42541 3.50618 2.26099 
Utility: 5.27616 5.53675 5.42067 4.76754 5.36114 5.16482 5.73231 4.90391 5.5298 6.19724 5.40957 5.38229 5.13335 5.88588 5.56765 5.30392 5.39927 5.3276 5.50185 4.86456 5.60207 5.82785 5.61363 5.37121 5.56904 4.82803 6.20612 5.44606 6.3963 5.96447 

--------------------------------------
Time: 14.5017
Split Ratios: 1 1 1 1 1 1 1 1 1 1 1 1 1 1 1 1 1 1 1 1 1 1 1 1 1 1 1 1 1 1 
Delays: 0.0101099 0.00716287 0.0135546 0.0129735 0.00718473 0.0115066 0.0115095 0.0114282 0.00858148 0.00437264 0.00863416 0.0147148 0.0129628 0.00573621 0.0115117 0.0148441 0.011498 0.0100026 0.0100092 0.0148616 0.0114639 0.0101781 0.00728833 0.00861146 0.00712014 0.013409 0.00574181 0.00616536 0.00580102 0.00583991 
Throughputs: 1.57286 1.68755 2.70336 1.70394 1.60563 1.81862 3.71917 1.40902 1.96608 2.22822 2.09715 3.03104 2.08077 1.90054 3.1785 3.1785 2.29376 1.91693 2.44122 2.09715 2.73613 3.57171 2.47398 2.01523 1.75309 1.78586 2.83443 1.70394 3.14573 2.32653 
Utility: 5.04714 5.46212 5.29553 4.87779 5.40931 5.06291 5.77808 4.81457 5.43419 6.23359 5.49261 5.32781 5.07841 5.8031 5.6208 5.36656 5.29578 5.25564 5.49675 4.94955 5.4751 5.86056 5.82731 5.4554 5.50621 4.89173 6.20182 5.62175 6.29577 5.98742 

--------------------------------------
Time: 15.0017
Split Ratios: 1 1 1 1 1 1 1 1 1 1 1 1 1 1 1 1 1 1 1 1 1 1 1 1 1 1 1 1 1 1 
Delays: 0.0101207 0.00714999 0.0134769 0.0129567 0.00720064 0.0115075 0.0114673 0.0114434 0.00857658 0.00437518 0.00863955 0.014649 0.0129369 0.00574103 0.0115755 0.0148278 0.011462 0.010028 0.0100323 0.014803 0.0114902 0.0101134 0.00723581 0.00862596 0.00712328 0.0133278 0.00571179 0.00614035 0.00585322 0.00590213 
Throughputs: 1.72032 1.5401 2.62144 1.52371 1.45818 2.22822 3.30957 1.93331 1.76947 2.3593 1.96608 3.24403 2.39206 2.048 3.24403 2.53952 2.58867 2.12992 2.5559 2.26099 3.12934 3.47341 1.81862 1.93331 1.86778 1.93331 2.91635 1.65478 2.89997 2.22822 
Utility: 5.13569 5.37249 5.2705 4.76729 5.31077 5.26596 5.66507 5.12958 5.3294 6.29017 5.42745 5.4002 5.21983 5.87698 5.63568 5.14323 5.41987 5.35846 5.54035 5.02873 5.60708 5.83903 5.52679 5.41221 5.56914 4.97714 6.23556 5.59654 6.20546 5.93365 

--------------------------------------
Time: 15.5017
Split Ratios: 1 1 1 1 1 1 1 1 1 1 1 1 1 1 1 1 1 1 1 1 1 1 1 1 1 1 1 1 1 1 
Delays: 0.0102485 0.00718094 0.0133789 0.0131213 0.00717694 0.0115824 0.0115223 0.0114518 0.00857723 0.0043823 0.00862831 0.0147579 0.0129343 0.00573977 0.011563 0.0147825 0.0114372 0.0100175 0.0100321 0.0148435 0.0115036 0.0101062 0.00718128 0.00861443 0.00713078 0.0132518 0.00571506 0.00613277 0.00589118 0.00584344 
Throughputs: 1.65478 1.65478 2.47398 1.83501 1.39264 2.048 3.06381 1.7367 1.98246 2.40845 1.96608 3.12934 1.81862 2.12992 3.76832 2.98189 2.47398 2.08077 2.62144 2.42483 3.16211 3.55533 2.21184 2.22822 2.06438 1.60563 2.49037 1.47456 3.65363 2.21184 
Utility: 5.08429 5.44 5.2199 4.94057 5.26808 5.17513 5.58313 5.0216 5.44299 6.30916 5.42875 5.3568 4.94595 5.91642 5.78657 5.30687 5.37671 5.33616 5.56569 5.09595 5.61634 5.86306 5.7301 5.55552 5.66817 4.79714 6.07708 5.48247 6.43002 5.93626 

--------------------------------------
Time: 16.0019
Split Ratios: 1 1 1 1 1 1 1 1 1 1 1 1 1 1 1 1 1 1 1 1 1 1 1 1 1 1 1 1 1 1 
Delays: 0.010171 0.00713361 0.0134413 0.0130362 0.00717886 0.0115559 0.0114733 0.0114376 0.00854821 0.00437112 0.00861938 0.0147739 0.0129299 0.0057539 0.0115742 0.0148845 0.0114543 0.00998937 0.0100577 0.0148536 0.0114896 0.0100948 0.00722805 0.00861109 0.0071247 0.0133683 0.00571362 0.00617023 0.00585627 0.00577781 
Throughputs: 1.9497 1.57286 2.63782 1.55648 1.44179 2.39206 3.48979 1.9497 1.80224 2.63782 2.08077 3.21126 2.27738 1.86778 3.19488 2.89997 2.21184 2.048 2.80166 2.31014 3.14573 3.50618 1.90054 2.16269 1.78586 1.6384 2.57229 1.5401 3.29318 1.80224 
Utility: 5.25589 5.39584 5.27938 4.78245 5.3025 5.33272 5.71757 5.13852 5.35106 6.40269 5.48648 5.38156 5.17124 5.78263 5.62053 5.27214 5.26322 5.3231 5.62963 5.04682 5.61235 5.85026 5.57193 5.52606 5.52409 4.80859 6.1097 5.51986 6.3321 5.74276 

--------------------------------------
Time: 16.5024
Split Ratios: 1 1 1 1 1 1 1 1 1 1 1 1 1 1 1 1 1 1 1 1 1 1 1 1 1 1 1 1 1 1 
Delays: 0.0102332 0.00714091 0.0135633 0.0130768 0.00714684 0.0115506 0.0115107 0.0114511 0.00858152 0.00439142 0.00871836 0.0148275 0.0129292 0.0057391 0.011525 0.0149321 0.0115058 0.0100083 0.0100372 0.0148533 0.0115123 0.0101247 0.00724974 0.00862433 0.00712527 0.0134445 0.00571927 0.00619503 0.00582039 0.00583895 
Throughputs: 1.78586 1.7367 2.88358 1.65478 1.60563 2.4576 3.65363 1.83501 1.62202 2.47398 2.048 3.04742 2.1463 2.048 3.16211 2.3593 2.44122 1.72032 2.89997 2.27738 3.29318 3.26042 2.1463 1.93331 1.58925 1.85139 2.70336 1.58925 3.29318 2.40845 
Utility: 5.16202 5.4939 5.35942 4.84059 5.4146 5.3602 5.7602 5.07672 5.24181 6.33393 5.45919 5.32557 5.11201 5.87732 5.61448 5.0626 5.3574 5.14685 5.66616 5.03255 5.65619 5.77463 5.69054 5.4124 5.40737 4.92513 6.15841 5.54727 6.33824 6.02219 

--------------------------------------
Time: 17.0028
Split Ratios: 1 1 1 1 1 1 1 1 1 1 1 1 1 1 1 1 1 1 1 1 1 1 1 1 1 1 1 1 1 1 
Delays: 0.0102002 0.00713248 0.0139347 0.0130438 0.00716771 0.0115528 0.0115169 0.0114463 0.00856034 0.0043456 0.00865343 0.01501 0.0129505 0.0057347 0.0115171 0.0152195 0.0114559 0.0100038 0.0100397 0.0152804 0.0114559 0.010126 0.00720324 0.00862174 0.0071369 0.0134843 0.00571687 0.00650596 0.00586567 0.00590425 
Throughputs: 1.81862 1.49094 2.75251 1.6384 1.45818 2.19546 3.81747 1.34349 1.88416 2.5559 1.93331 3.09658 2.24461 1.83501 3.09658 2.80166 2.34291 2.03162 2.58867 2.31014 3.12934 3.52256 1.96608 2.12992 1.98246 1.85139 2.68698 1.6384 3.42426 2.62144 
Utility: 5.18343 5.34251 5.28589 4.83317 5.31536 5.24721 5.80353 4.76536 5.3941 6.377 5.40903 5.32934 5.15515 5.76827 5.59422 5.21539 5.32064 5.31363 5.55235 5.01849 5.61008 5.85183 5.60927 5.50955 5.62682 4.92217 6.15275 5.52876 6.36952 6.09581 

--------------------------------------
Time: 17.5028
Split Ratios: 1 1 1 1 1 1 1 1 1 1 1 1 1 1 1 1 1 1 1 1 1 1 1 1 1 1 1 1 1 1 
Delays: 0.0101413 0.00719453 0.013613 0.0130045 0.00719765 0.0115175 0.0114996 0.0114423 0.00857309 0.00437652 0.00866296 0.014876 0.0129044 0.0057288 0.0115272 0.0150466 0.0115198 0.00998757 0.010017 0.0149383 0.0114487 0.0100934 0.00722824 0.00860232 0.00713271 0.013495 0.00571082 0.00616175 0.00587792 0.00580713 
Throughputs: 1.5401 1.45818 2.68698 1.72032 1.45818 2.06438 3.1785 1.50733 1.70394 2.60506 1.72032 3.30957 2.21184 2.06438 3.12934 2.67059 2.53952 1.78586 2.49037 2.29376 2.91635 3.5881 2.17907 1.80224 2.06438 1.62202 2.65421 1.52371 3.44064 1.80224 
Utility: 5.02298 5.31162 5.28515 4.88497 5.31119 5.18872 5.62185 4.88077 5.29207 6.38896 5.29121 5.40482 5.14401 5.88708 5.60387 5.1789 5.39567 5.18631 5.5159 5.03402 5.54022 5.8735 5.70866 5.34475 5.6679 4.78911 6.14154 5.51054 6.37221 5.7377 

--------------------------------------
Time: 18.0029
Split Ratios: 1 1 1 1 1 1 1 1 1 1 1 1 1 1 1 1 1 1 1 1 1 1 1 1 1 1 1 1 1 1 
Delays: 0.0102195 0.00714693 0.0136273 0.0130285 0.00716687 0.0116042 0.0115298 0.0114207 0.00856515 0.00436237 0.00866874 0.014789 0.0129248 0.00573229 0.0115606 0.0150763 0.0114968 0.00999696 0.0100501 0.0150272 0.0114653 0.0101654 0.00727144 0.00863142 0.00711993 0.0135945 0.00572563 0.00622534 0.00590812 0.0058387 
Throughputs: 1.75309 1.60563 2.70336 1.83501 1.55648 2.11354 3.71917 1.45818 1.70394 2.37568 1.6384 3.21126 2.06438 2.22822 3.35872 3.03104 2.99827 1.99885 2.7689 2.50675 3.09658 3.5881 2.01523 2.24461 2.01523 1.70394 2.88358 1.58925 3.40787 2.09715 
Utility: 5.14484 5.41459 5.29018 4.94766 5.38071 5.20475 5.77632 4.84952 5.29299 6.30002 5.24175 5.38053 5.07344 5.96284 5.67172 5.30354 5.56372 5.29804 5.61862 5.11688 5.59873 5.86639 5.62454 5.56088 5.64559 4.83103 6.22184 5.54239 6.35752 5.88383 

--------------------------------------
Time: 18.5029
Split Ratios: 1 1 1 1 1 1 1 1 1 1 1 1 1 1 1 1 1 1 1 1 1 1 1 1 1 1 1 1 1 1 
Delays: 0.01024 0.00716599 0.0135073 0.0129838 0.0071776 0.011591 0.0114785 0.011443 0.00859753 0.00435828 0.00862255 0.014792 0.0129301 0.00573021 0.0116033 0.0150142 0.0114816 0.00999281 0.0100577 0.015004 0.0114855 0.010119 0.0072467 0.00862082 0.00713648 0.0135161 0.00573356 0.00632152 0.00588125 0.00585416 
Throughputs: 1.50733 1.85139 2.7689 1.90054 1.47456 2.47398 3.45702 1.58925 1.83501 1.86778 1.75309 3.03104 1.83501 2.06438 3.3751 2.68698 2.73613 1.86778 2.57229 2.7689 3.06381 3.19488 2.11354 2.09715 2.22822 1.47456 2.58867 1.67117 3.57171 2.24461 
Utility: 4.99179 5.55435 5.32297 4.98619 5.32515 5.36336 5.70769 4.93364 5.36333 6.06043 5.31475 5.32257 4.95525 5.88684 5.67289 5.18718 5.47355 5.23064 5.54422 5.21789 5.58632 5.75489 5.67557 5.49416 5.74374 4.69223 6.11256 5.57732 6.40903 5.94913 

--------------------------------------
Time: 19.003
Split Ratios: 1 1 1 1 1 1 1 1 1 1 1 1 1 1 1 1 1 1 1 1 1 1 1 1 1 1 1 1 1 1 
Delays: 0.0101824 0.00717456 0.0133193 0.0130089 0.00716711 0.011539 0.011464 0.011428 0.00857188 0.00435306 0.00862511 0.0145796 0.0129368 0.00574172 0.0115866 0.0147118 0.0114603 0.0100248 0.0100588 0.0147103 0.0114739 0.0101379 0.00726252 0.00862204 0.007128 0.0133005 0.00573049 0.00603333 0.00585955 0.00586791 
Throughputs: 1.90054 1.75309 2.67059 1.75309 1.60563 2.4576 3.94854 1.67117 2.12992 2.22822 1.83501 3.14573 2.21184 2.16269 3.35872 3.04742 2.37568 1.75309 2.68698 2.03162 3.16211 3.3751 2.3593 2.31014 2.01523 1.52371 3.11296 1.40902 3.12934 2.22822 
Utility: 5.22924 5.49859 5.30084 4.9035 5.41177 5.36121 5.84189 4.98521 5.51535 6.23808 5.36013 5.37417 5.14151 5.93135 5.66947 5.3334 5.33415 5.16408 5.58772 4.92804 5.61892 5.8079 5.78339 5.59074 5.64446 4.7411 6.29753 5.45335 6.28051 5.93946 

--------------------------------------
Time: 19.5031
Split Ratios: 1 1 1 1 1 1 1 1 1 1 1 1 1 1 1 1 1 1 1 1 1 1 1 1 1 1 1 1 1 1 
Delays: 0.0101351 0.00713293 0.0136341 0.0130111 0.00715598 0.0115885 0.0114944 0.0114466 0.0085805 0.00440988 0.00869619 0.0148646 0.0129331 0.00576263 0.011553 0.0150851 0.0115414 0.0100039 0.0100953 0.0149849 0.0115174 0.0101366 0.00725353 0.00859168 0.0071319 0.0133915 0.00571942 0.00633284 0.00587964 0.00584517 
Throughputs: 1.81862 1.70394 2.98189 1.85139 1.65478 2.11354 3.63725 1.68755 1.72032 2.47398 1.99885 3.34234 2.4576 1.9497 3.45702 3.06381 2.40845 1.7367 3.1785 2.06438 3.34234 3.9977 2.09715 1.99885 1.86778 1.86778 2.47398 1.65478 3.32595 2.16269 
Utility: 5.18983 5.47597 5.38774 4.95789 5.44348 5.20611 5.75712 4.99334 5.30077 6.32974 5.43744 5.41544 5.24715 5.82403 5.70121 5.3137 5.3408 5.15677 5.7521 4.92555 5.67057 5.97732 5.66685 5.44953 5.56793 4.93789 6.06972 5.56568 6.33802 5.91349 

--------------------------------------
Time: 20.0033
Split Ratios: 1 1 1 1 1 1 1 1 1 1 1 1 1 1 1 1 1 1 1 1 1 1 1 1 1 1 1 1 1 1 
Delays: 0.0101845 0.00717874 0.0136364 0.0130107 0.00716102 0.0115887 0.0114806 0.0114468 0.00856441 0.00439964 0.00866389 0.0148089 0.012954 0.00572547 0.0115526 0.0149591 0.0115041 0.010007 0.0100382 0.015031 0.0114986 0.0100976 0.00724775 0.0085999 0.00712927 0.0134058 0.00572579 0.00625984 0.00584 0.00580168 
Throughputs: 1.85139 1.68755 2.5559 1.49094 1.50733 2.03162 3.08019 1.65478 1.83501 2.42483 1.75309 3.2768 2.06438 2.03162 3.04742 2.83443 2.52314 1.80224 2.52314 2.44122 2.94912 2.7689 2.34291 2.01523 1.65478 1.78586 2.62144 1.65478 3.09658 2.06438 
Utility: 5.20283 5.45991 5.23342 4.74139 5.34944 5.16656 5.59209 4.97371 5.36719 6.31199 5.30997 5.39939 5.07118 5.87166 5.57514 5.24428 5.39055 5.1935 5.52686 5.09014 5.54704 5.61391 5.77846 5.45674 5.44722 4.89197 6.1265 5.57727 6.27332 5.87444 

--------------------------------------
Time: 20.5034
Split Ratios: 1 1 1 1 1 1 1 1 1 1 1 1 1 1 1 1 1 1 1 1 1 1 1 1 1 1 1 1 1 1 
Delays: 0.0101823 0.00715106 0.0134874 0.0130214 0.00716824 0.0115209 0.0114796 0.0114447 0.00857503 0.00438894 0.00867997 0.0146529 0.0129392 0.00574712 0.0115487 0.0148714 0.0115262 0.0100377 0.0100522 0.0147983 0.0114514 0.0101276 0.00721596 0.00864415 0.00711679 0.0132771 0.0057225 0.00613098 0.00580349 0.00582592 
Throughputs: 1.6384 1.76947 2.8672 1.52371 1.5401 2.06438 4.01408 1.47456 1.91693 2.39206 1.85139 3.12934 2.17907 1.98246 3.2768 2.49037 2.98189 1.88416 2.53952 2.17907 3.30957 3.53894 2.048 2.31014 1.81862 1.81862 2.71974 1.60563 3.16211 2.65421 
Utility: 5.08083 5.51118 5.35934 4.76231 5.36994 5.18842 5.85699 4.85859 5.40963 6.30082 5.36268 5.36394 5.12639 5.8434 5.64805 5.12074 5.55569 5.23489 5.53193 4.99214 5.66646 5.85632 5.64832 5.58818 5.54338 4.9198 6.16389 5.56792 6.30054 6.12158 

--------------------------------------
Time: 21.0034
Split Ratios: 1 1 1 1 1 1 1 1 1 1 1 1 1 1 1 1 1 1 1 1 1 1 1 1 1 1 1 1 1 1 
Delays: 0.010203 0.00713823 0.0134717 0.013006 0.007146 0.0115614 0.0114658 0.0114301 0.00858807 0.00439041 0.00865659 0.0147637 0.01294 0.00572977 0.0115397 0.0148979 0.0114861 0.0100028 0.0100486 0.0147957 0.0115003 0.0101167 0.0072317 0.00862761 0.00712752 0.0133192 0.00572168 0.00619684 0.00579701 0.0058455 
Throughputs: 1.6384 1.44179 2.68698 1.62202 1.55648 2.31014 3.2768 1.58925 1.80224 2.68698 2.22822 3.04742 2.3593 2.08077 3.65363 2.47398 2.22822 1.81862 2.34291 2.048 3.22765 3.45702 2.1463 2.11354 1.50733 1.76947 2.98189 1.83501 3.50618 2.27738 
Utility: 5.0788 5.30818 5.29558 4.82601 5.38363 5.29739 5.65526 4.93477 5.34641 6.41675 5.55064 5.32988 5.2058 5.89482 5.75768 5.11236 5.26782 5.20297 5.45172 4.93028 5.63714 5.83398 5.69303 5.50115 5.35413 4.88923 6.25605 5.69076 6.40494 5.96511 

--------------------------------------
Time: 21.5034
Split Ratios: 1 1 1 1 1 1 1 1 1 1 1 1 1 1 1 1 1 1 1 1 1 1 1 1 1 1 1 1 1 1 
Delays: 0.010173 0.00715771 0.0135815 0.0129919 0.00715685 0.0116096 0.0114602 0.0114472 0.00858132 0.00436125 0.00862215 0.0148286 0.0128826 0.00575364 0.0115485 0.014986 0.0114912 0.00998626 0.0100471 0.0149496 0.0114844 0.0101188 0.00724263 0.00863452 0.0071363 0.0134595 0.00571866 0.00628374 0.00584922 0.00583311 
Throughputs: 1.55648 1.60563 2.98189 1.72032 1.6384 2.26099 3.30957 1.85139 1.75309 2.40845 1.57286 2.94912 2.06438 2.048 3.50618 2.50675 2.24461 1.83501 2.68698 2.1463 3.09658 3.3751 2.08077 2.03162 2.01523 2.1463 2.78528 1.57286 3.63725 2.09715 
Utility: 5.03044 5.41308 5.3916 4.88594 5.43341 5.27173 5.66569 5.08594 5.31955 6.31398 5.20632 5.2927 5.07671 5.87479 5.71573 5.11962 5.27471 5.21359 5.58888 4.96681 5.59706 5.80979 5.66051 5.46082 5.6433 5.07182 6.18837 5.52269 6.43267 5.88478 

--------------------------------------
Time: 22.0035
Split Ratios: 1 1 1 1 1 1 1 1 1 1 1 1 1 1 1 1 1 1 1 1 1 1 1 1 1 1 1 1 1 1 
Delays: 0.010133 0.00712443 0.0135062 0.0129775 0.00715523 0.0114941 0.0114957 0.0114519 0.00861287 0.00433563 0.00862725 0.0148589 0.0129744 0.00574603 0.0115503 0.0149827 0.0114818 0.0100242 0.0100412 0.0148959 0.0114903 0.0101121 0.0072027 0.00861023 0.00715246 0.0133575 0.00572488 0.00630102 0.0058671 0.00583065 
Throughputs: 1.91693 1.40902 2.67059 2.01523 1.47456 1.93331 3.83386 1.65478 2.11354 2.21184 1.68755 3.26042 1.91693 2.048 3.12934 3.29318 2.24461 2.01523 2.5559 2.3593 3.12934 3.62086 1.7367 2.1463 1.98246 1.67117 2.75251 1.62202 3.19488 2.21184 
Utility: 5.24268 5.28712 5.2869 5.04528 5.32827 5.12515 5.80965 4.97327 5.50286 6.23471 5.27611 5.39101 4.9955 5.87611 5.60187 5.39272 5.27552 5.30348 5.53947 5.06504 5.60708 5.88074 5.48529 5.51855 5.62464 4.8292 6.17545 5.55071 6.29994 5.93845 

--------------------------------------
Time: 22.5035
Split Ratios: 1 1 1 1 1 1 1 1 1 1 1 1 1 1 1 1 1 1 1 1 1 1 1 1 1 1 1 1 1 1 
Delays: 0.0102416 0.00717587 0.0134377 0.0130724 0.00718415 0.0115276 0.0114475 0.0114903 0.00858078 0.00435833 0.00864033 0.0148268 0.0129462 0.00573604 0.0115372 0.0149715 0.0114593 0.0100138 0.0100492 0.0148234 0.0115027 0.010143 0.00722592 0.0085946 0.00712176 0.013399 0.00571441 0.00616805 0.00585095 0.00588755 
Throughputs: 1.58925 1.55648 2.57229 1.70394 1.65478 2.048 3.21126 1.52371 1.96608 2.53952 1.88416 3.32595 2.08077 2.01523 3.14573 2.88358 2.32653 2.27738 2.70336 2.12992 3.71917 3.48979 2.5559 1.98246 1.60563 1.50733 3.01466 1.49094 3.03104 2.08077 
Utility: 5.04456 5.37946 5.25449 4.87019 5.43955 5.17988 5.63664 4.8874 5.43427 6.36764 5.3848 5.41307 5.07969 5.86172 5.60822 5.26064 5.31333 5.42682 5.59476 4.96763 5.77867 5.84081 5.86849 5.44096 5.41812 4.72291 6.26825 5.48778 6.25006 5.86765 

--------------------------------------
Time: 23.0036
Split Ratios: 1 1 1 1 1 1 1 1 1 1 1 1 1 1 1 1 1 1 1 1 1 1 1 1 1 1 1 1 1 1 
Delays: 0.0101335 0.00715316 0.0136183 0.0130291 0.00717083 0.0115396 0.0114905 0.0114114 0.00858353 0.0043987 0.00863907 0.0147883 0.0129664 0.00574412 0.0115356 0.0147784 0.0115092 0.0100051 0.0100297 0.0147719 0.0114954 0.010104 0.00726062 0.00861041 0.00711719 0.0133818 0.00571775 0.00611394 0.00581797 0.00583052 
Throughputs: 1.9497 1.5401 2.91635 1.49094 1.3271 2.12992 3.16211 1.27795 1.68755 2.5559 2.048 3.11296 2.17907 2.11354 2.83443 2.52314 2.99827 1.91693 2.68698 2.32653 2.70336 3.53894 2.1463 2.048 1.7367 1.50733 3.11296 1.47456 3.11296 2.37568 
Utility: 5.25959 5.37205 5.36667 4.73998 5.22073 5.21805 5.61748 4.7184 5.28119 6.36485 5.46832 5.34949 5.12429 5.90794 5.50416 5.14009 5.56265 5.25538 5.59063 5.0594 5.4603 5.85865 5.68904 5.47165 5.49723 4.7242 6.29975 5.48554 6.28238 6.00993 

--------------------------------------
Time: 23.5038
Split Ratios: 1 1 1 1 1 1 1 1 1 1 1 1 1 1 1 1 1 1 1 1 1 1 1 1 1 1 1 1 1 1 
Delays: 0.0101038 0.00715453 0.0132839 0.013005 0.0071609 0.0115002 0.0114698 0.011449 0.00857662 0.00435401 0.00861573 0.014671 0.0130018 0.0057414 0.0115352 0.014791 0.0115034 0.0100168 0.0100395 0.0147127 0.0114798 0.0100939 0.00721225 0.00859612 0.00711784 0.0132169 0.00572244 0.00613248 0.00579973 0.0058266 
Throughputs: 1.85139 1.80224 2.63782 1.5401 1.57286 1.9497 3.09658 1.37626 1.60563 2.62144 1.75309 3.32595 2.32653 1.78586 2.93274 2.26099 2.3593 2.01523 2.3593 2.26099 2.75251 2.98189 2.03162 2.06438 2.048 1.81862 2.68698 1.57286 3.34234 2.048 
Utility: 5.21079 5.52904 5.29115 4.77427 5.39202 5.13307 5.59834 4.78922 5.23223 6.40038 5.31554 5.42364 5.18705 5.73995 5.53829 5.02954 5.32348 5.30422 5.4596 5.03485 5.47968 5.68838 5.64081 5.48128 5.66201 4.92434 6.15178 5.54705 6.35661 5.86219 

--------------------------------------
Time: 24.0039
Split Ratios: 1 1 1 1 1 1 1 1 1 1 1 1 1 1 1 1 1 1 1 1 1 1 1 1 1 1 1 1 1 1 
Delays: 0.0101867 0.00714114 0.0134111 0.0130178 0.00717189 0.0115046 0.0115149 0.0114254 0.00856227 0.00434666 0.00861335 0.0147918 0.0129265 0.00576031 0.0115494 0.0150125 0.0114914 0.00998475 0.0100454 0.0148176 0.0115233 0.010128 0.00722705 0.00860651 0.00712783 0.013379 0.00571745 0.00617394 0.00587807 0.00583576 
Throughputs: 1.72032 1.7367 2.73613 1.68755 1.62202 2.29376 3.91578 1.6384 1.81862 2.3593 2.1463 3.08019 2.49037 2.40845 3.34234 2.78528 2.70336 2.21184 2.58867 2.29376 3.04742 3.65363 1.86778 2.24461 1.81862 1.96608 2.70336 1.75309 3.34234 2.3593 
Utility: 5.12918 5.49387 5.31822 4.86472 5.42126 5.2952 5.82913 4.96563 5.35847 6.29671 5.51819 5.33868 5.26091 6.03575 5.66779 5.22322 5.46065 5.40052 5.55179 5.04213 5.57768 5.88817 5.55467 5.56377 5.54183 4.99011 6.15873 5.6488 6.3432 6.00211 

--------------------------------------
Time: 24.5041
Split Ratios: 1 1 1 1 1 1 1 1 1 1 1 1 1 1 1 1 1 1 1 1 1 1 1 1 1 1 1 1 1 1 
Delays: 0.0101591 0.00714416 0.0136133 0.013065 0.00718433 0.0115313 0.0114667 0.0114172 0.00859005 0.00437203 0.00862342 0.0149164 0.0129726 0.00574966 0.0115515 0.0150232 0.0114772 0.0100113 0.0100299 0.0149649 0.011495 0.0101031 0.00722495 0.00862756 0.00713701 0.0133562 0.0057164 0.00621921 0.00583357 0.00583473 
Throughputs: 1.75309 1.3271 2.57229 1.49094 1.37626 2.24461 3.42426 1.49094 1.80224 2.67059 2.03162 3.04742 2.08077 1.91693 3.60448 2.98189 2.65421 1.93331 2.67059 2.4576 3.03104 3.48979 2.048 2.19546 1.86778 1.57286 2.93274 1.68755 3.29318 2.21184 
Utility: 5.15077 5.22446 5.2415 4.73723 5.25522 5.27122 5.6992 4.87204 5.34618 6.41483 5.46211 5.31959 5.07765 5.80934 5.74311 5.29071 5.44354 5.26327 5.58449 5.10123 5.57475 5.84475 5.64708 5.53918 5.56721 4.76867 6.24035 5.60339 6.33598 5.93775 

--------------------------------------
Time: 25.0042
Split Ratios: 1 1 1 1 1 1 1 1 1 1 1 1 1 1 1 1 1 1 1 1 1 1 1 1 1 1 1 1 1 1 
Delays: 0.0101841 0.00714903 0.0135431 0.0130308 0.0071822 0.0116129 0.0115011 0.0114291 0.00856053 0.00442467 0.00867875 0.014717 0.0129152 0.00574646 0.0115673 0.0148963 0.0114872 0.0100188 0.0100278 0.0148205 0.0114807 0.0101013 0.00726595 0.00862352 0.00712514 0.0133835 0.00571565 0.00618727 0.00584793 0.00582988 
Throughputs: 1.70394 1.55648 2.40845 1.9497 1.52371 2.37568 3.44064 1.60563 1.5401 2.67059 1.9497 3.14573 2.048 2.09715 3.55533 2.8672 2.47398 1.83501 2.1463 2.29376 3.42426 3.45702 2.50675 2.1463 2.03162 1.39264 2.9655 1.72032 3.35872 2.03162 
Utility: 5.11986 5.38321 5.18086 5.00811 5.3573 5.32093 5.70097 4.94511 5.19244 6.40286 5.41455 5.3648 5.06621 5.89975 5.72802 5.25998 5.37235 5.21034 5.36615 5.04194 5.69797 5.8355 5.84354 5.51701 5.65296 4.64493 6.25159 5.62777 6.35323 5.85359 

--------------------------------------
Time: 25.5042
Split Ratios: 1 1 1 1 1 1 1 1 1 1 1 1 1 1 1 1 1 1 1 1 1 1 1 1 1 1 1 1 1 1 
Delays: 0.0101916 0.00718421 0.013445 0.0129575 0.007166 0.0115122 0.0114956 0.0114124 0.00859434 0.00433763 0.00862812 0.0148192 0.0129188 0.00573181 0.0115525 0.0148177 0.0114663 0.0100222 0.0100416 0.014887 0.011516 0.0100973 0.00723346 0.00864335 0.00712693 0.0133186 0.00572726 0.00618711 0.00589674 0.00583988 
Throughputs: 2.03162 1.85139 2.62144 1.47456 1.60563 2.16269 3.73555 1.75309 1.6384 2.50675 1.88416 3.03104 2.34291 2.16269 3.67002 2.89997 2.44122 2.08077 2.67059 2.21184 3.22765 3.42426 1.91693 1.99885 1.9497 1.58925 2.63782 1.60563 3.42426 2.34291 
Utility: 5.29503 5.55181 5.27287 4.73444 5.41193 5.2357 5.78369 5.03443 5.25037 6.35941 5.38621 5.32074 5.20047 5.93308 5.76105 5.27663 5.36084 5.33569 5.58332 5.00109 5.63577 5.82638 5.57976 5.44354 5.61155 4.78185 6.13247 5.5588 6.36424 5.99444 

--------------------------------------
Time: 26.0049
Split Ratios: 1 1 1 1 1 1 1 1 1 1 1 1 1 1 1 1 1 1 1 1 1 1 1 1 1 1 1 1 1 1 
Delays: 0.0101905 0.00714289 0.0136265 0.013025 0.00718104 0.0115399 0.0115085 0.0114384 0.00857063 0.00436593 0.00864484 0.0149045 0.0130015 0.00575466 0.0115155 0.0149798 0.0114693 0.00999871 0.0100628 0.0150844 0.0114929 0.0101086 0.00725175 0.00860543 0.00712745 0.0136364 0.00571881 0.00627255 0.00587399 0.00584364 
Throughputs: 1.76947 1.57286 2.88358 1.39264 1.60563 2.1463 3.50618 1.58925 2.01523 2.47398 2.09715 3.32595 2.52314 1.96608 3.11296 2.80166 2.67059 2.01523 2.80166 2.22822 3.21126 3.42426 1.90054 1.86778 1.78586 1.72032 2.8672 1.55648 3.62086 2.01523 
Utility: 5.15698 5.39454 5.35478 4.67208 5.40983 5.22569 5.7192 4.93404 5.46015 6.33975 5.49137 5.40785 5.26819 5.83379 5.59963 5.23127 5.45038 5.30603 5.62913 4.9953 5.63269 5.82525 5.56865 5.38011 5.5237 4.83752 6.21733 5.514 6.42393 5.84314 

--------------------------------------
Time: 26.5052
Split Ratios: 1 1 1 1 1 1 1 1 1 1 1 1 1 1 1 1 1 1 1 1 1 1 1 1 1 1 1 1 1 1 
Delays: 0.010207 0.00714879 0.0134006 0.0130095 0.00717047 0.0116226 0.0114684 0.0114373 0.00855372 0.00435761 0.00863249 0.0147032 0.0128981 0.00573004 0.0115739 0.0149516 0.0115035 0.0100312 0.0100457 0.0149182 0.0115414 0.010114 0.0072191 0.00860532 0.00712739 0.0133061 0.00571928 0.00629902 0.00590309 0.00584692 
Throughputs: 1.72032 1.57286 2.8672 1.58925 1.50733 2.17907 3.47341 1.3271 1.62202 2.12992 1.88416 3.16211 1.88416 2.22822 3.34234 2.67059 2.3593 1.85139 2.58867 2.17907 3.32595 3.26042 2.37568 2.08077 1.88416 1.98246 2.93274 1.42541 3.42426 2.03162 
Utility: 5.12719 5.39371 5.36579 4.80534 5.34812 5.2337 5.71329 4.75387 5.24506 6.19192 5.3857 5.37093 4.98416 5.96324 5.66568 5.18524 5.32346 5.21799 5.55176 4.98407 5.66357 5.77569 5.79631 5.48811 5.57729 5.00387 6.23985 5.42182 6.36316 5.85067 

--------------------------------------
Time: 27.0052
Split Ratios: 1 1 1 1 1 1 1 1 1 1 1 1 1 1 1 1 1 1 1 1 1 1 1 1 1 1 1 1 1 1 
Delays: 0.0101385 0.00716566 0.0134782 0.0130127 0.00717523 0.0115296 0.0114809 0.0114075 0.00857049 0.00435359 0.00861345 0.0147098 0.0129029 0.00574915 0.0115842 0.0149958 0.0114784 0.00999842 0.0100238 0.0148836 0.0114659 0.0100799 0.0072223 0.0085718 0.00712784 0.013325 0.00572045 0.00605677 0.00586928 0.00581741 
Throughputs: 1.37626 1.52371 2.65421 1.67117 1.80224 2.3593 3.35872 1.47456 1.88416 2.53952 1.68755 2.94912 1.76947 2.03162 3.53894 2.42483 2.49037 1.88416 2.49037 2.26099 3.09658 3.55533 1.83501 1.91693 1.78586 1.7367 2.5559 1.68755 3.70278 2.19546 
Utility: 4.91079 5.3596 5.28282 4.85535 5.52615 5.3212 5.67863 4.86185 5.39291 6.36873 5.27771 5.30075 4.92098 5.86753 5.72194 5.08575 5.37972 5.23881 5.51523 5.0233 5.59867 5.86566 5.53763 5.41 5.52365 4.8701 6.10211 5.62986 6.44711 5.93329 

--------------------------------------
Time: 27.5054
Split Ratios: 1 1 1 1 1 1 1 1 1 1 1 1 1 1 1 1 1 1 1 1 1 1 1 1 1 1 1 1 1 1 
Delays: 0.0101334 0.00716003 0.0134966 0.0130364 0.00716179 0.0115538 0.0115024 0.0114364 0.00857409 0.00435982 0.00862174 0.0147271 0.01292 0.00574254 0.0115163 0.0148392 0.011504 0.00998744 0.0100277 0.0147604 0.0114787 0.0101151 0.00725816 0.0085889 0.00713868 0.0133009 0.00572595 0.00610956 0.00586409 0.00584764 
Throughputs: 1.57286 1.47456 2.70336 1.78586 1.58925 2.08077 3.75194 1.75309 1.78586 2.57229 1.80224 2.9655 1.99885 2.12992 3.40787 2.44122 2.40845 2.19546 2.31014 2.09715 3.19488 3.2768 2.37568 2.11354 1.80224 1.62202 3.14573 1.80224 2.9655 2.1463 
Utility: 5.04482 5.3276 5.29982 4.91991 5.40226 5.19347 5.78747 5.03234 5.33891 6.38012 5.3425 5.30512 5.04155 5.91594 5.69008 5.10298 5.34404 5.39282 5.43971 4.95639 5.62881 5.78059 5.79091 5.50565 5.53126 4.80359 6.30879 5.68693 6.22596 5.90546 

--------------------------------------
Time: 28.0054
Split Ratios: 1 1 1 1 1 1 1 1 1 1 1 1 1 1 1 1 1 1 1 1 1 1 1 1 1 1 1 1 1 1 
Delays: 0.0101697 0.00717366 0.0132879 0.0130489 0.00718649 0.0115322 0.0115055 0.0114375 0.00856946 0.00436304 0.00865185 0.0146229 0.0129109 0.00576942 0.0115718 0.0147577 0.0115159 0.0100143 0.0100299 0.0147435 0.0115038 0.0100872 0.0072278 0.00863829 0.00713161 0.0132696 0.00571611 0.00610837 0.00582363 0.0058011 
Throughputs: 1.75309 1.72032 2.4576 1.5401 1.42541 2.27738 3.24403 1.3271 1.76947 2.73613 1.81862 2.71974 2.27738 1.99885 3.57171 2.57229 2.39206 1.93331 2.88358 2.31014 3.11296 3.22765 2.16269 2.39206 1.7367 1.57286 2.58867 1.68755 3.22765 2.26099 
Utility: 5.14973 5.47985 5.22009 4.77089 5.29001 5.28564 5.64175 4.75386 5.33023 6.44113 5.34806 5.2257 5.1727 5.84775 5.73223 5.16079 5.33618 5.26298 5.66122 5.05426 5.60066 5.76824 5.70117 5.62371 5.49521 4.77518 6.11561 5.62137 6.31758 5.96551 

--------------------------------------
Time: 28.5055
Split Ratios: 1 1 1 1 1 1 1 1 1 1 1 1 1 1 1 1 1 1 1 1 1 1 1 1 1 1 1 1 1 1 
Delays: 0.0101705 0.00715247 0.0134688 0.0129907 0.00716385 0.0115247 0.0114953 0.0114242 0.00856198 0.00435395 0.00861312 0.0147924 0.0129216 0.0057287 0.0115672 0.0149454 0.0114584 0.0100018 0.0100471 0.0149244 0.0114714 0.0100597 0.00722268 0.0085881 0.00713384 0.013433 0.005712 0.00626295 0.00584932 0.00581261 
Throughputs: 1.72032 1.76947 2.63782 1.62202 1.39264 1.93331 3.09658 1.49094 1.90054 2.24461 1.76947 3.42426 2.29376 2.08077 3.19488 2.7689 2.57229 2.11354 2.88358 2.31014 3.03104 3.40787 2.06438 2.09715 1.85139 1.5401 3.14573 1.6384 3.47341 1.96608 
Utility: 5.13078 5.51098 5.27733 4.82719 5.26991 5.1225 5.59611 4.87143 5.40256 6.2452 5.32515 5.44453 5.17905 5.895 5.62113 5.2218 5.41383 5.35335 5.6595 5.04207 5.57681 5.8253 5.65536 5.49796 5.55884 4.74188 6.31123 5.56682 6.38657 5.82377 

--------------------------------------
Time: 29.0055
Split Ratios: 1 1 1 1 1 1 1 1 1 1 1 1 1 1 1 1 1 1 1 1 1 1 1 1 1 1 1 1 1 1 
Delays: 0.0101977 0.00715641 0.0136641 0.0129972 0.00717536 0.0115336 0.0115112 0.0114112 0.00857651 0.00437451 0.00862235 0.0148556 0.0129271 0.00575689 0.0115819 0.0149341 0.0114564 0.00999611 0.0100196 0.0149441 0.0114707 0.0101143 0.00727473 0.0086015 0.00712824 0.0134711 0.00571724 0.00618389 0.00583254 0.00581868 
Throughputs: 1.55648 1.60563 2.62144 1.86778 1.34349 2.19546 3.40787 1.49094 1.83501 2.21184 1.80224 3.2768 2.06438 1.99885 3.48979 2.78528 2.32653 1.75309 2.40845 1.96608 2.81805 3.39149 2.16269 2.11354 1.72032 1.75309 2.89997 1.80224 3.12934 2.17907 
Utility: 5.02802 5.41326 5.25671 4.96777 5.23237 5.24888 5.69052 4.87257 5.36578 6.22578 5.34243 5.39624 5.07326 5.84993 5.70815 5.22846 5.31359 5.16694 5.48219 4.87948 5.50401 5.81507 5.6947 5.50418 5.4862 4.86859 6.22897 5.67484 6.28513 5.92558 

--------------------------------------
Time: 29.5057
Split Ratios: 1 1 1 1 1 1 1 1 1 1 1 1 1 1 1 1 1 1 1 1 1 1 1 1 1 1 1 1 1 1 
Delays: 0.0101511 0.00717068 0.0133586 0.0130079 0.00716682 0.011543 0.0114844 0.01143 0.00856901 0.00438341 0.00863863 0.0146738 0.0129617 0.00574109 0.0115672 0.0149295 0.0115237 0.0100085 0.0100494 0.0147448 0.0114698 0.0101201 0.00720524 0.00861038 0.00713421 0.0132763 0.00571507 0.00623657 0.00584585 0.00581351 
Throughputs: 1.9497 1.60563 3.03104 1.78586 1.39264 2.22822 3.39149 1.72032 1.86778 2.75251 1.91693 2.98189 2.19546 2.17907 3.1785 2.53952 2.26099 1.96608 2.44122 2.29376 2.98189 3.48979 2.16269 2.01523 1.80224 1.76947 2.89997 1.5401 2.85082 2.03162 
Utility: 5.25784 5.41127 5.4245 4.9221 5.26949 5.26288 5.68803 5.01403 5.38435 6.44244 5.40223 5.31425 5.13214 5.939 5.61599 5.13639 5.27915 5.28036 5.49274 5.04706 5.56059 5.84308 5.7043 5.45552 5.53188 4.89246 6.22935 5.50917 6.18963 5.8564 

--------------------------------------
Time: 30.0059
Split Ratios: 1 1 1 1 1 1 1 1 1 1 1 1 1 1 1 1 1 1 1 1 1 1 1 1 1 1 1 1 1 1 
Delays: 0.0101501 0.00714448 0.0138295 0.0129902 0.00716085 0.0115177 0.0114854 0.0114515 0.00856344 0.00437483 0.00859315 0.0149161 0.0129054 0.00574738 0.0115369 0.0151247 0.0114989 0.00999791 0.0100455 0.0151196 0.0115238 0.0100959 0.0072216 0.00861344 0.00713582 0.0136658 0.00571961 0.00656883 0.00587837 0.00591076 
Throughputs: 1.76947 1.57286 2.91635 1.67117 1.5401 2.01523 3.60448 1.6384 1.55648 2.58867 2.24461 3.04742 2.17907 2.12992 3.12934 2.9655 2.49037 1.96608 2.4576 2.39206 3.21126 3.3751 1.93331 2.19546 1.9497 1.90054 2.7689 1.85139 3.81747 2.32653 
Utility: 5.16095 5.39431 5.35128 4.85709 5.37097 5.16461 5.74886 4.96336 5.20268 6.38303 5.56532 5.31961 5.12901 5.9151 5.60303 5.27847 5.37794 5.28142 5.49982 5.06392 5.63001 5.81206 5.58991 5.54082 5.6103 4.935 6.1823 5.64136 6.47606 5.97536 

--------------------------------------
Time: 30.5059
Split Ratios: 1 1 1 1 1 1 1 1 1 1 1 1 1 1 1 1 1 1 1 1 1 1 1 1 1 1 1 1 1 1 
Delays: 0.0102727 0.00716935 0.0134198 0.0130376 0.00716785 0.0115691 0.0114729 0.0114203 0.00861603 0.00438506 0.00864409 0.0147254 0.0129416 0.00575137 0.0116211 0.0148478 0.0114835 0.010034 0.0100473 0.0147893 0.0114636 0.0100799 0.0072461 0.00862642 0.00713398 0.0133329 0.00571842 0.00618741 0.00583405 0.00587404 
Throughputs: 1.78586 1.90054 2.91635 1.86778 1.65478 2.03162 3.60448 1.65478 2.32653 2.34291 2.09715 3.06381 1.91693 1.80224 3.63725 2.80166 2.62144 1.9497 2.94912 1.93331 3.16211 3.42426 2.57229 2.12992 1.9497 1.91693 2.83443 1.42541 3.48979 1.78586 
Utility: 5.15816 5.58008 5.38136 4.96467 5.44182 5.16825 5.74995 4.97603 5.59851 6.28095 5.49146 5.33784 4.99804 5.74735 5.74616 5.24011 5.43057 5.26945 5.68196 4.87308 5.61982 5.8281 5.87209 5.50901 5.61056 4.96824 6.2059 5.4397 6.39389 5.71711 

--------------------------------------
Time: 31.006
Split Ratios: 1 1 1 1 1 1 1 1 1 1 1 1 1 1 1 1 1 1 1 1 1 1 1 1 1 1 1 1 1 1 
Delays: 0.0101734 0.00715063 0.01335 0.0130123 0.00716611 0.0115358 0.0115061 0.0114364 0.00858533 0.00436549 0.00861634 0.0145919 0.012928 0.005741 0.0115189 0.0147888 0.0114803 0.00999802 0.0100092 0.0147419 0.0114754 0.0100945 0.00725248 0.00858976 0.00713598 0.0132356 0.00572679 0.0060986 0.00582947 0.00580893 
Throughputs: 1.83501 1.72032 2.57229 1.7367 1.39264 2.06438 3.93216 1.5401 1.67117 2.19546 1.78586 2.9655 2.32653 1.9497 3.12934 2.37568 2.71974 1.70394 2.47398 2.03162 3.03104 3.26042 2.06438 2.1463 1.96608 1.68755 2.71974 1.75309 3.65363 2.21184 
Utility: 5.19503 5.48307 5.26103 4.89385 5.26959 5.18713 5.83407 4.9028 5.27122 6.22042 5.33399 5.31433 5.19274 5.8278 5.60459 5.07917 5.46766 5.13831 5.51008 4.92589 5.57646 5.77761 5.65124 5.52093 5.61865 4.84812 6.16314 5.66107 6.44055 5.94218 

--------------------------------------
Time: 31.5061
Split Ratios: 1 1 1 1 1 1 1 1 1 1 1 1 1 1 1 1 1 1 1 1 1 1 1 1 1 1 1 1 1 1 
Delays: 0.0102055 0.00715437 0.0137531 0.0129904 0.00717575 0.0114829 0.0115163 0.0114498 0.00858997 0.00435467 0.00863986 0.0149955 0.012938 0.00573263 0.0115288 0.0150172 0.0114666 0.00999073 0.010035 0.0151465 0.011489 0.0101146 0.00722639 0.0085934 0.00713275 0.0135304 0.00571215 0.00640459 0.00583196 0.0058427 
Throughputs: 1.85139 1.80224 2.78528 1.5401 1.81862 2.06438 3.88301 1.70394 2.12992 2.3593 1.91693 3.01466 1.91693 2.1463 3.12934 2.57229 2.29376 1.72032 2.5559 2.5559 3.3751 3.48979 1.96608 2.17907 1.78586 1.58925 2.47398 1.76947 3.08019 2.16269 
Utility: 5.20077 5.52906 5.31084 4.77539 5.53513 5.19173 5.8206 5.00272 5.51324 6.29487 5.40209 5.30349 4.99831 5.92533 5.60373 5.14336 5.29851 5.14861 5.54008 5.12839 5.68279 5.84362 5.60606 5.53566 5.52296 4.76608 6.07099 5.62142 6.26939 5.91391 

--------------------------------------
Time: 32.0062
Split Ratios: 1 1 1 1 1 1 1 1 1 1 1 1 1 1 1 1 1 1 1 1 1 1 1 1 1 1 1 1 1 1 
Delays: 0.0101116 0.00714466 0.0134582 0.0129565 0.00720218 0.0115387 0.0114572 0.0114283 0.00858621 0.00437597 0.00865678 0.014723 0.0129205 0.00574624 0.0115561 0.0147505 0.0115635 0.00999987 0.0100685 0.0147609 0.0114892 0.0101027 0.00728942 0.00862922 0.00713227 0.0133795 0.00573948 0.00614059 0.00585227 0.00583087 
Throughputs: 1.85139 1.44179 2.8672 1.68755 1.7367 2.09715 3.30957 1.76947 1.85139 2.40845 2.11354 2.57229 2.26099 2.24461 3.04742 2.7689 2.83443 2.01523 2.91635 1.99885 2.93274 3.22765 2.3593 1.88416 1.93331 1.72032 2.63782 1.75309 3.26042 2.37568 
Utility: 5.21001 5.30728 5.3615 4.86943 5.48536 5.20263 5.66596 5.04234 5.37354 6.31061 5.49778 5.16314 5.16475 5.96774 5.57484 5.23493 5.50175 5.30592 5.66868 4.90835 5.54228 5.76671 5.77969 5.38608 5.60236 4.85654 6.13034 5.65421 6.32278 6.00987 

--------------------------------------
Time: 32.5062
Split Ratios: 1 1 1 1 1 1 1 1 1 1 1 1 1 1 1 1 1 1 1 1 1 1 1 1 1 1 1 1 1 1 
Delays: 0.0101704 0.00715082 0.0134096 0.0129927 0.00717672 0.0115818 0.0115101 0.0114347 0.00857942 0.00439193 0.00864727 0.0146734 0.0128712 0.00573014 0.0115425 0.014811 0.0114865 0.0100086 0.0100404 0.014673 0.0114837 0.0100751 0.00724883 0.00860392 0.00712103 0.0132769 0.00571651 0.00619761 0.00584213 0.00578857 
Throughputs: 1.70394 1.58925 2.70336 1.72032 1.78586 1.9497 3.60448 1.58925 1.60563 2.34291 1.99885 3.08019 1.88416 1.67117 3.39149 2.5559 2.52314 1.83501 2.83443 2.26099 3.06381 3.29318 2.16269 2.27738 2.1463 1.42541 2.8672 1.52371 3.14573 1.76947 
Utility: 5.12122 5.40379 5.30628 4.88588 5.51681 5.12599 5.74671 4.93436 5.23191 6.27938 5.44308 5.34671 4.98625 5.67554 5.68299 5.15079 5.39209 5.21136 5.64298 5.03755 5.58648 5.78954 5.69827 5.57856 5.70845 4.67619 6.21773 5.50474 6.2887 5.72255 

--------------------------------------
Time: 33.0062
Split Ratios: 1 1 1 1 1 1 1 1 1 1 1 1 1 1 1 1 1 1 1 1 1 1 1 1 1 1 1 1 1 1 
Delays: 0.0102106 0.00714155 0.013431 0.0130302 0.00717131 0.0114993 0.0114878 0.0114434 0.00857344 0.00437195 0.00865831 0.014711 0.012917 0.00575725 0.0115564 0.0148471 0.0115641 0.00999534 0.0100418 0.014791 0.0114668 0.0100859 0.007241 0.00861383 0.00712515 0.0133177 0.00571498 0.00617444 0.00592487 0.00583132 
Throughputs: 1.85139 1.50733 2.47398 1.45818 1.49094 2.16269 3.48979 1.78586 1.76947 2.44122 2.01523 2.99827 2.24461 1.65478 3.30957 2.78528 2.50675 1.88416 2.73613 2.4576 2.94912 3.12934 1.99885 2.16269 1.62202 1.80224 2.83443 1.35987 3.55533 2.52314 
Utility: 5.20027 5.35216 5.21602 4.71767 5.33708 5.23682 5.71631 5.05024 5.32977 6.32504 5.44997 5.3172 5.15775 5.66097 5.65733 5.2343 5.37883 5.23912 5.60754 5.11292 5.54981 5.73744 5.62057 5.52574 5.42779 4.90769 6.20651 5.39473 6.39704 6.07001 

--------------------------------------
Time: 33.5064
Split Ratios: 1 1 1 1 1 1 1 1 1 1 1 1 1 1 1 1 1 1 1 1 1 1 1 1 1 1 1 1 1 1 
Delays: 0.0101373 0.0071406 0.013526 0.0129874 0.00717235 0.0114818 0.0114889 0.0114244 0.00856857 0.00435804 0.00865059 0.014659 0.0129118 0.00575437 0.0115232 0.0148348 0.0114617 0.00999998 0.0100348 0.0148036 0.0114702 0.0101428 0.00726959 0.00859809 0.0071225 0.0134001 0.00572597 0.00615371 0.00583314 0.00588153 
Throughputs: 1.57286 1.52371 2.81805 1.60563 1.65478 1.90054 3.55533 1.3271 1.67117 2.29376 1.90054 2.94912 2.16269 1.6384 3.08019 2.80166 2.19546 1.78586 2.73613 2.17907 3.2768 3.55533 2.27738 2.01523 2.11354 1.88416 2.85082 1.6384 3.26042 2.44122 
Utility: 5.04443 5.36311 5.33918 4.81729 5.44119 5.10913 5.73482 4.755 5.27318 6.26593 5.39227 5.30421 5.12097 5.65152 5.58839 5.241 5.25514 5.18507 5.60824 4.99178 5.65487 5.85944 5.74708 5.45695 5.69286 4.94597 6.21035 5.58442 6.32605 6.02844 

--------------------------------------
Time: 34.0066
Split Ratios: 1 1 1 1 1 1 1 1 1 1 1 1 1 1 1 1 1 1 1 1 1 1 1 1 1 1 1 1 1 1 
Delays: 0.0101655 0.00716773 0.0137651 0.0130607 0.00717342 0.0115239 0.0115204 0.011428 0.00857885 0.00434472 0.00865222 0.0151326 0.0129263 0.00575659 0.0115704 0.0152542 0.0115204 0.01002 0.0100413 0.0151558 0.0114887 0.0101132 0.00722691 0.00864499 0.00711604 0.0135904 0.00573231 0.00658505 0.00589698 0.00579484 
Throughputs: 1.68755 1.81862 2.7689 1.76947 1.49094 2.32653 3.50618 1.70394 1.85139 2.11354 1.70394 3.44064 2.17907 1.98246 3.01466 2.99827 2.67059 2.06438 2.88358 2.5559 3.16211 3.35872 2.17907 2.12992 1.70394 1.47456 3.03104 1.47456 3.42426 2.1463 
Utility: 5.11203 5.53625 5.30407 4.90883 5.33678 5.30771 5.71816 5.00463 5.37439 6.18716 5.28288 5.42656 5.12739 5.84175 5.56279 5.28094 5.44593 5.32801 5.66008 5.12778 5.61763 5.80547 5.70884 5.50686 5.47834 4.68675 6.27054 5.41131 6.3642 5.91453 

--------------------------------------
Time: 34.5067
Split Ratios: 1 1 1 1 1 1 1 1 1 1 1 1 1 1 1 1 1 1 1 1 1 1 1 1 1 1 1 1 1 1 
Delays: 0.0101638 0.00715132 0.013586 0.01302 0.00717917 0.0115404 0.01151 0.0114286 0.00857401 0.00436924 0.00864036 0.0149687 0.0129054 0.00573219 0.0115479 0.0149972 0.0114993 0.00998481 0.0100234 0.0150955 0.011496 0.0101042 0.00727661 0.00860368 0.00712843 0.0134762 0.00572972 0.0063605 0.00587807 0.00585658 
Throughputs: 1.68755 1.76947 3.06381 1.67117 1.52371 2.048 3.98131 1.52371 2.06438 2.47398 1.88416 3.21126 2.21184 2.09715 3.32595 2.94912 2.3593 2.01523 2.29376 2.29376 3.29318 3.14573 2.24461 1.86778 1.60563 2.16269 2.60506 1.70394 3.5881 2.21184 
Utility: 5.1122 5.51114 5.41838 4.85479 5.35772 5.17877 5.84615 4.89278 5.48385 6.339 5.38479 5.36846 5.14393 5.90224 5.66301 5.2814 5.32383 5.30742 5.43303 5.02355 5.65761 5.74085 5.73162 5.38031 5.41718 5.07818 6.11954 5.59059 6.41415 5.93401 

--------------------------------------
Time: 35.0067
Split Ratios: 1 1 1 1 1 1 1 1 1 1 1 1 1 1 1 1 1 1 1 1 1 1 1 1 1 1 1 1 1 1 
Delays: 0.0102148 0.00716577 0.0133163 0.0129868 0.00718224 0.0115908 0.0115122 0.0114395 0.00856342 0.00436606 0.0086401 0.0146859 0.0129265 0.00574027 0.011592 0.0147994 0.0115473 0.00998949 0.0100474 0.0148357 0.0114578 0.0100684 0.00722459 0.00863419 0.00712803 0.0133992 0.00572844 0.00615858 0.00582187 0.00579269 
Throughputs: 1.85139 1.47456 2.44122 1.58925 1.58925 2.42483 3.76832 1.78586 1.86778 2.47398 1.88416 2.91635 2.16269 2.09715 3.45702 2.4576 2.3593 2.01523 2.50675 2.17907 3.22765 3.08019 2.11354 2.1463 1.88416 1.80224 2.99827 1.72032 3.47341 1.88416 
Utility: 5.19986 5.3268 5.21126 4.80708 5.39941 5.3433 5.79098 5.05058 5.385 6.33972 5.38482 5.2912 5.11983 5.90083 5.69785 5.11236 5.31966 5.30696 5.51943 4.98962 5.64084 5.72335 5.67863 5.51577 5.5772 4.90159 6.26035 5.63242 6.39127 5.78464 

--------------------------------------
Time: 35.5068
Split Ratios: 1 1 1 1 1 1 1 1 1 1 1 1 1 1 1 1 1 1 1 1 1 1 1 1 1 1 1 1 1 1 
Delays: 0.0101757 0.00713219 0.0133122 0.0130082 0.00717387 0.0115567 0.0114488 0.0114395 0.00857151 0.00440339 0.00863045 0.0146413 0.0129011 0.00574333 0.0115691 0.0147286 0.0114938 0.0100154 0.0100514 0.014802 0.0115062 0.0101142 0.00721515 0.00862177 0.00712752 0.0131901 0.00572504 0.00615266 0.00589434 0.00588605 
Throughputs: 2.19546 1.39264 2.37568 1.27795 1.44179 2.01523 3.1785 1.62202 1.52371 2.50675 2.11354 3.11296 2.29376 1.80224 3.04742 2.67059 2.57229 1.91693 2.52314 2.048 2.85082 3.55533 2.06438 2.47398 2.22822 1.70394 2.49037 1.52371 3.08019 2.03162 
Utility: 5.37414 5.27434 5.18436 4.58743 5.3032 5.16122 5.62628 4.95435 5.18046 6.34437 5.50082 5.35948 5.18064 5.74875 5.57372 5.20026 5.41074 5.25435 5.52555 4.92985 5.51248 5.86226 5.6564 5.6593 5.745 4.86123 6.07534 5.51202 6.25876 5.844 

--------------------------------------
Time: 36.0068
Split Ratios: 1 1 1 1 1 1 1 1 1 1 1 1 1 1 1 1 1 1 1 1 1 1 1 1 1 1 1 1 1 1 
Delays: 0.0102087 0.00714006 0.0136813 0.0130469 0.00715197 0.0115676 0.0114746 0.011416 0.00858371 0.00436447 0.00866221 0.0148321 0.0129212 0.00572084 0.0116301 0.0150259 0.0114928 0.0100086 0.0100366 0.0150086 0.0114919 0.0101276 0.0073146 0.00861599 0.0071383 0.0134489 0.00574258 0.00631256 0.00585508 0.00587726 
Throughputs: 1.62202 1.5401 2.93274 1.86778 1.45818 2.63782 3.44064 1.76947 1.86778 3.04742 2.1463 2.65421 2.048 1.80224 3.19488 2.98189 2.1463 2.048 2.78528 2.24461 2.73613 3.40787 2.11354 2.27738 1.78586 2.21184 2.81805 1.57286 3.19488 2.19546 
Utility: 5.06819 5.37388 5.36766 4.96395 5.31755 5.42951 5.70328 5.04342 5.38264 6.54856 5.51253 5.18711 5.06575 5.75267 5.61571 5.29054 5.22978 5.32118 5.62587 5.00766 5.47265 5.81858 5.66625 5.57716 5.52218 5.10268 6.19589 5.51811 6.30199 5.92305 

