--------------------------------------
Time: 5.50008
Split Ratios: 1 1 1 1 1 1 1 1 1 1 1 1 1 1 1 1 1 1 1 1 1 1 1 1 1 1 1 1 1 1 
Delays: 0.00931741 0.00857458 0.012299 0.00726731 0.0145303 0.00712927 0.00865238 0.00880014 0.0107326 0.0102651 0.0150566 0.0107572 0.00613635 0.00573377 0.0135721 0.0121271 0.00883669 0.0143802 0.00874168 0.0126087 0.00797939 0.011563 0.0139946 0.014556 0.0123903 0.00580765 0.00879505 0.00805983 0.00572235 0.0111591 
Throughputs: 4.07962 2.73613 2.80166 3.9977 3.21126 2.62144 4.39091 3.67002 2.81805 3.22765 3.04742 3.62086 4.86605 2.94912 4.63667 2.99827 4.17792 2.88358 3.96493 3.22765 3.29318 3.62086 4.1943 3.42426 3.91578 4.75136 2.75251 3.19488 3.76832 3.04742 
Utility: 6.08187 5.7655 5.42845 6.31009 5.39818 5.90727 6.22946 6.03318 5.57052 5.75075 5.31023 5.81889 6.67581 6.24289 5.83374 5.51035 6.15866 5.30094 6.11714 5.54512 6.02275 5.74666 5.70281 5.46064 5.75585 6.70701 5.74608 5.98241 6.49001 5.6098 

--------------------------------------
Time: 6.00011
Split Ratios: 1 1 1 1 1 1 1 1 1 1 1 1 1 1 1 1 1 1 1 1 1 1 1 1 1 1 1 1 1 1 
Delays: 0.00900806 0.00855637 0.0126399 0.00723553 0.0145059 0.00713177 0.00865373 0.00881256 0.0110192 0.0103131 0.0147755 0.0105619 0.00609748 0.005713 0.0137443 0.0119527 0.00887711 0.0142894 0.00876893 0.0127085 0.00827163 0.0115504 0.0140165 0.0145921 0.012593 0.00583531 0.00875528 0.00827969 0.00573428 0.0110783 
Throughputs: 3.81747 2.47398 2.57229 4.48922 3.19488 2.73613 4.8169 4.14515 2.9655 3.04742 2.81805 3.73555 5.09542 3.1785 4.6039 3.1785 3.71917 2.53952 4.04685 3.04742 3.65363 3.48979 3.89939 3.60448 4.24346 4.4073 2.47398 3.6864 3.83386 3.19488 
Utility: 6.04922 5.66691 5.31569 6.43043 5.39475 5.94974 6.32189 6.15352 5.59517 5.68864 5.25083 5.8684 6.72822 6.32142 5.81403 5.58321 6.03778 5.18021 6.13448 5.47978 6.09065 5.71088 5.62834 5.50945 5.81999 6.62709 5.64393 6.0986 6.50516 5.66432 

--------------------------------------
Time: 6.50018
Split Ratios: 1 1 1 1 1 1 1 1 1 1 1 1 1 1 1 1 1 1 1 1 1 1 1 1 1 1 1 1 1 1 
Delays: 0.00901715 0.00856782 0.0122334 0.00730579 0.0144876 0.00715147 0.00865584 0.00884885 0.0110787 0.010188 0.0147159 0.0106888 0.00607689 0.00571272 0.0138577 0.0118983 0.00890492 0.0142998 0.0087174 0.0125029 0.00832759 0.0115566 0.0139092 0.0145497 0.0126462 0.00582693 0.00874807 0.00810208 0.00572959 0.010989 
Throughputs: 3.57171 2.89997 2.85082 4.48922 3.26042 2.63782 4.25984 3.65363 3.3751 2.93274 2.9655 4.03046 4.84966 3.12934 4.30899 2.73613 4.07962 2.7689 3.98131 3.16211 3.52256 3.29318 4.21069 3.63725 4.47283 4.62029 2.73613 3.30957 3.57171 3.26042 
Utility: 5.98167 5.82444 5.45119 6.42077 5.41632 5.91039 6.19875 6.02319 5.71916 5.66248 5.30588 5.93244 6.68217 6.30588 5.73962 5.4379 6.12715 5.26596 6.12405 5.53303 6.04737 5.65235 5.71283 5.52141 5.86842 6.67572 5.74547 6.01245 6.43516 5.69272 

--------------------------------------
Time: 7.00018
Split Ratios: 1 1 1 1 1 1 1 1 1 1 1 1 1 1 1 1 1 1 1 1 1 1 1 1 1 1 1 1 1 1 
Delays: 0.00923631 0.00855554 0.0134898 0.00727647 0.0145114 0.00713908 0.00868324 0.00888534 0.0109192 0.01027 0.0148772 0.0106913 0.00605686 0.0057141 0.0135412 0.012056 0.00886753 0.0142766 0.00872251 0.0140068 0.00803083 0.0115627 0.0151941 0.0145878 0.0126074 0.00584191 0.00883748 0.00919208 0.00571849 0.012269 
Throughputs: 3.76832 2.5559 2.9655 4.5056 3.30957 2.47398 4.70221 4.01408 3.24403 2.80166 3.2768 3.81747 5.16096 3.2768 4.44006 3.12934 3.96493 2.57229 4.11238 3.55533 3.65363 3.5881 4.45645 3.44064 4.5056 4.73498 2.68698 3.26042 3.73555 3.42426 
Utility: 6.01124 5.69958 5.39287 6.42843 5.42964 5.848 6.29439 6.11316 5.69405 5.60874 5.39479 5.87791 6.74769 6.35169 5.79269 5.55902 6.10285 5.19393 6.15585 5.53666 6.12019 5.7376 5.6812 5.46322 5.8788 6.69767 5.71717 5.87127 6.48195 5.63157 

--------------------------------------
Time: 7.50021
Split Ratios: 1 1 1 1 1 1 1 1 1 1 1 1 1 1 1 1 1 1 1 1 1 1 1 1 1 1 1 1 1 1 
Delays: 0.00913436 0.00855478 0.0122982 0.00724 0.0144813 0.00712598 0.00869641 0.00877531 0.0108512 0.010205 0.0148906 0.0105208 0.00613435 0.00572623 0.0135825 0.0118315 0.00884128 0.0143297 0.00869755 0.0126271 0.00802117 0.0115513 0.0139575 0.0146124 0.0125329 0.00581328 0.00882543 0.00808426 0.00574861 0.011056 
Throughputs: 3.88301 2.5559 2.49037 4.24346 3.34234 2.4576 4.4073 3.83386 3.75194 3.06381 2.83443 3.50618 4.76774 3.45702 4.30899 2.9655 3.81747 2.88358 3.86662 3.83386 3.19488 3.6864 3.86662 3.50618 4.12877 4.53837 3.14573 3.19488 3.65363 2.91635 
Utility: 6.05232 5.69967 5.31073 6.37351 5.44157 5.84319 6.22811 6.07968 5.84575 5.70453 5.24887 5.80892 6.65572 6.40311 5.75967 5.52403 6.06791 5.30445 6.0971 5.71578 5.98722 5.76561 5.62412 5.48041 5.79738 6.66018 5.87616 5.97939 6.45452 5.57511 

--------------------------------------
Time: 8.00022
Split Ratios: 1 1 1 1 1 1 1 1 1 1 1 1 1 1 1 1 1 1 1 1 1 1 1 1 1 1 1 1 1 1 
Delays: 0.00911268 0.00854785 0.0130549 0.00726732 0.0145079 0.00714046 0.00864445 0.0087976 0.0110019 0.0103392 0.0147587 0.0106229 0.0061603 0.00571336 0.0139697 0.0119436 0.0088531 0.0142932 0.00878632 0.0132781 0.00819682 0.0115225 0.0145717 0.0145551 0.0126568 0.00583904 0.00873809 0.00862927 0.00574654 0.0114645 
Throughputs: 3.62086 2.5559 2.8672 4.47283 3.2768 2.73613 4.44006 3.35872 3.12934 3.47341 2.88358 3.81747 5.0135 3.14573 4.63667 2.93274 3.67002 2.85082 4.07962 3.3751 3.44064 3.50618 4.6039 3.5881 4.55475 4.80051 2.71974 3.35872 3.73555 3.06381 
Utility: 5.9848 5.70048 5.39193 6.42239 5.41993 5.94852 6.24151 5.94484 5.65051 5.81695 5.27496 5.88433 6.70177 6.31099 5.80486 5.50349 6.02718 5.29557 6.14056 5.53807 6.03967 5.71798 5.75558 5.50743 5.88573 6.71191 5.7406 5.96415 6.47705 5.58816 

--------------------------------------
Time: 8.50038
Split Ratios: 1 1 1 1 1 1 1 1 1 1 1 1 1 1 1 1 1 1 1 1 1 1 1 1 1 1 1 1 1 1 
Delays: 0.00914765 0.00855215 0.0122626 0.007273 0.0146643 0.00714252 0.00865211 0.00884597 0.0108533 0.0102033 0.0148454 0.010686 0.00606789 0.00572157 0.0135099 0.011931 0.00884019 0.0143117 0.00877747 0.0124103 0.00794872 0.0115459 0.0137951 0.0145002 0.0125803 0.00581628 0.00882208 0.00785847 0.00573544 0.010849 
Throughputs: 4.096 2.62144 3.22765 4.24346 3.32595 2.7689 4.52198 4.14515 3.30957 3.12934 2.9655 3.6864 4.80051 3.24403 4.65306 3.1785 3.88301 2.88358 3.96493 2.7689 3.45702 3.26042 4.66944 3.26042 4.25984 4.63667 2.93274 3.30957 3.76832 2.85082 
Utility: 6.10427 5.7253 5.57296 6.36896 5.4241 5.96014 6.2589 6.14973 5.7201 5.72587 5.29711 5.84348 6.67347 6.34033 5.84186 5.58502 6.08506 5.30571 6.11306 5.40768 6.07515 5.64328 5.82448 5.41544 5.82485 6.68109 5.80643 6.04298 6.48772 5.57129 

--------------------------------------
Time: 9.00042
Split Ratios: 1 1 1 1 1 1 1 1 1 1 1 1 1 1 1 1 1 1 1 1 1 1 1 1 1 1 1 1 1 1 
Delays: 0.00927029 0.00855174 0.0124806 0.00730475 0.0144359 0.00715849 0.00865925 0.00885605 0.0114961 0.0104052 0.0149504 0.0107019 0.00617383 0.00573032 0.0139912 0.0120543 0.00893683 0.0142875 0.0087553 0.0128263 0.00864504 0.0115853 0.0143072 0.0145994 0.0130633 0.00583809 0.00884001 0.00814229 0.00571946 0.011347 
Throughputs: 4.096 2.7689 3.12934 4.8169 2.65421 3.21126 4.47283 4.22707 3.1785 2.99827 2.93274 3.80109 4.76774 3.21126 4.75136 3.09658 3.93216 2.4576 3.9977 3.3751 3.88301 3.12934 4.98074 3.55533 4.63667 4.65306 3.01466 2.91635 3.45702 3.16211 
Utility: 6.09095 5.78007 5.5244 6.49136 5.21419 6.10612 6.24715 6.16816 5.62215 5.66348 5.27895 5.87262 6.64931 6.32865 5.82776 5.54863 6.08676 5.14755 6.12381 5.57268 6.10738 5.59884 5.85257 5.49522 5.87195 6.68088 5.83195 5.88102 6.40429 5.63004 

--------------------------------------
Time: 9.50063
Split Ratios: 1 1 1 1 1 1 1 1 1 1 1 1 1 1 1 1 1 1 1 1 1 1 1 1 1 1 1 1 1 1 
Delays: 0.00931133 0.00858059 0.0121051 0.00720522 0.0145303 0.00713656 0.008709 0.0088239 0.0105855 0.0102853 0.0149969 0.0106755 0.00607404 0.00574283 0.0134946 0.0121 0.00888317 0.0143301 0.00869249 0.0121979 0.00785162 0.0115332 0.0136855 0.0145818 0.0122945 0.00581996 0.00881618 0.00777919 0.00572437 0.0107902 
Throughputs: 3.98131 2.91635 2.53952 4.03046 2.99827 2.81805 4.98074 4.07962 3.03104 3.01466 3.04742 3.53894 4.22707 3.16211 4.5056 3.34234 3.85024 2.99827 4.06323 3.22765 3.62086 2.88358 4.27622 3.98131 4.27622 4.73498 2.78528 3.06381 3.45702 3.03104 
Utility: 6.05813 5.82859 5.34611 6.32683 5.32955 5.97857 6.34898 6.13629 5.65717 5.68053 5.31421 5.80363 6.54524 6.31104 5.81079 5.62122 6.07173 5.34343 6.14727 5.57825 6.13375 5.52156 5.74449 5.60959 5.85167 6.70144 5.75551 5.97596 6.40343 5.63802 

--------------------------------------
Time: 10.0007
Split Ratios: 1 1 1 1 1 1 1 1 1 1 1 1 1 1 1 1 1 1 1 1 1 1 1 1 1 1 1 1 1 1 
Delays: 0.00917979 0.00855074 0.0128153 0.00723864 0.0145194 0.00713938 0.00867634 0.00880803 0.0107144 0.0102567 0.014873 0.0107551 0.00620075 0.00573529 0.0135154 0.0120344 0.00886314 0.0143094 0.00875363 0.012899 0.00791592 0.011606 0.0144087 0.0145694 0.0123957 0.00588789 0.0088344 0.00837264 0.00572675 0.0113555 
Throughputs: 3.62086 2.62144 2.73613 4.29261 3.08019 2.83443 4.78413 3.63725 3.29318 2.81805 2.85082 4.04685 5.43949 3.11296 4.57114 3.12934 3.40787 2.89997 4.44006 3.1785 3.26042 2.91635 4.57114 3.73555 4.03046 4.96435 3.03104 3.62086 3.42426 3.21126 
Utility: 5.97746 5.72546 5.36366 6.38522 5.35726 5.98397 6.31246 6.02332 5.72802 5.61587 5.25582 5.93032 6.77677 6.29669 5.82369 5.56081 5.95194 5.31154 6.22896 5.50702 6.02073 5.52657 5.75969 5.54672 5.78429 6.73714 5.83801 6.0695 6.39349 5.64472 

--------------------------------------
Time: 10.5007
Split Ratios: 1 1 1 1 1 1 1 1 1 1 1 1 1 1 1 1 1 1 1 1 1 1 1 1 1 1 1 1 1 1 
Delays: 0.00908856 0.00855245 0.0123003 0.00727609 0.0146306 0.00714844 0.00872585 0.00882163 0.0108414 0.0103154 0.0148462 0.0106017 0.00605251 0.0057226 0.0135697 0.0119882 0.00878933 0.014299 0.00878145 0.0124663 0.00810685 0.0115608 0.0138344 0.0145102 0.0126388 0.00583289 0.00888068 0.00792847 0.0057576 0.0108847 
Throughputs: 4.12877 2.31014 3.06381 4.45645 3.06381 3.01466 4.6039 4.01408 3.44064 3.32595 2.4576 3.85024 4.88243 3.42426 4.35814 2.75251 3.6864 2.47398 3.7847 2.98189 3.52256 3.14573 4.07962 3.52256 4.6039 4.88243 2.68698 2.9655 4.01408 2.7689 
Utility: 6.11872 5.59885 5.51779 6.41751 5.3443 6.04435 6.26837 6.12036 5.76004 5.77587 5.1092 5.89488 6.69293 6.39422 5.77196 5.43634 6.03887 5.15339 6.06608 5.47728 6.07423 5.60618 5.6866 5.49209 5.89789 6.72989 5.71229 5.92434 6.54704 5.53885 

--------------------------------------
Time: 11.0007
Split Ratios: 1 1 1 1 1 1 1 1 1 1 1 1 1 1 1 1 1 1 1 1 1 1 1 1 1 1 1 1 1 1 
Delays: 0.00912437 0.00857491 0.0124746 0.00729437 0.0144894 0.00712676 0.00869302 0.00878538 0.0107054 0.0102487 0.014906 0.0106188 0.00610825 0.00572804 0.0134537 0.0119764 0.00892345 0.0143105 0.00871027 0.0124112 0.00779575 0.011566 0.0138543 0.0145238 0.0123287 0.00582947 0.00886416 0.00806109 0.00573929 0.0110279 
Throughputs: 3.62086 2.99827 2.60506 4.96435 3.29318 2.70336 4.93158 4.12877 3.34234 2.80166 3.11296 3.71917 4.75136 2.8672 4.1943 2.88358 4.17792 2.81805 4.24346 2.99827 3.5881 2.98189 4.53837 3.63725 4.21069 4.5056 2.98189 3.12934 3.71917 2.9655 
Utility: 5.98352 5.85695 5.34151 6.52294 5.42619 5.93839 6.3409 6.15265 5.74367 5.61082 5.34157 5.85863 6.65655 6.21572 5.74223 5.48385 6.14889 5.28281 6.18863 5.48719 6.1318 5.55224 5.79173 5.5232 5.83345 6.65015 5.8183 5.96153 6.47392 5.59438 

--------------------------------------
Time: 11.5008
Split Ratios: 1 1 1 1 1 1 1 1 1 1 1 1 1 1 1 1 1 1 1 1 1 1 1 1 1 1 1 1 1 1 
Delays: 0.00903616 0.00855966 0.0126149 0.0072703 0.0146095 0.00712462 0.00864489 0.00878763 0.0107167 0.0102912 0.0146612 0.0104891 0.00606497 0.00573767 0.0135172 0.01183 0.00881751 0.0143132 0.00874344 0.0126143 0.00793624 0.011497 0.0140995 0.0144879 0.0124991 0.00582578 0.00882889 0.00826076 0.00573956 0.0113835 
Throughputs: 4.11238 2.81805 3.2768 4.63667 3.30957 2.70336 4.4073 4.03046 3.11296 3.34234 2.83443 3.19488 5.12819 3.24403 4.35814 2.67059 3.62086 2.75251 3.55533 3.11296 3.67002 2.94912 4.66944 3.30957 4.37453 5.04627 2.80166 3.35872 3.39149 2.85082 
Utility: 6.12052 5.79674 5.55974 6.45795 5.4229 5.93869 6.23405 6.12829 5.67153 5.78314 5.2644 5.71897 6.73998 6.33752 5.77584 5.41942 6.01773 5.25909 6.0079 5.5085 6.13651 5.54718 5.80265 5.43126 5.8579 6.76411 5.75994 6.0078 6.38164 5.52319 

--------------------------------------
Time: 12.0009
Split Ratios: 1 1 1 1 1 1 1 1 1 1 1 1 1 1 1 1 1 1 1 1 1 1 1 1 1 1 1 1 1 1 
Delays: 0.00923714 0.00855759 0.0124554 0.00725333 0.0145234 0.00714216 0.00867143 0.00882765 0.010679 0.0102643 0.0150443 0.0106421 0.00610547 0.00572195 0.0134564 0.0119855 0.00899061 0.0143148 0.00877225 0.0128066 0.00794567 0.0115087 0.0142069 0.0146201 0.0123413 0.00582963 0.00887128 0.00828233 0.00573403 0.0112195 
Throughputs: 3.96493 2.94912 2.7689 4.66944 3.29318 2.70336 4.68582 3.96493 3.08019 2.89997 3.19488 3.5881 4.71859 3.40787 4.73498 2.85082 3.96493 2.91635 4.17792 2.99827 3.42426 3.1785 4.4073 3.67002 4.30899 4.58752 2.71974 3.40787 3.7847 3.26042 
Utility: 6.06201 5.84244 5.40405 6.46733 5.42385 5.93624 6.29226 6.10735 5.66447 5.64378 5.35831 5.82056 6.65008 6.38953 5.86328 5.47167 6.08906 5.31679 6.16598 5.45583 6.06601 5.62106 5.73729 5.52555 5.85551 6.66814 5.72547 6.01972 6.4923 5.67195 

--------------------------------------
Time: 12.501
Split Ratios: 1 1 1 1 1 1 1 1 1 1 1 1 1 1 1 1 1 1 1 1 1 1 1 1 1 1 1 1 1 1 
Delays: 0.009126 0.00854792 0.0128771 0.00728362 0.0145326 0.0071395 0.00868561 0.00887049 0.011202 0.0102563 0.0149432 0.0108761 0.00608821 0.00572814 0.0138081 0.0118325 0.00882483 0.0143066 0.00872102 0.0131521 0.00811511 0.0115417 0.0143413 0.0144829 0.0128211 0.00583058 0.0087611 0.00854961 0.00572384 0.0115145 
Throughputs: 3.94854 2.34291 3.48979 4.37453 3.11296 2.89997 4.70221 4.21069 3.35872 3.16211 2.99827 4.096 5.06266 3.30957 4.71859 2.81805 3.62086 2.81805 3.6864 3.21126 3.6864 2.91635 4.1943 3.52256 4.16154 4.44006 2.49037 3.53894 3.5881 3.1785 
Utility: 6.06997 5.61346 5.60215 6.39793 5.36693 6.00681 6.29412 6.16265 5.70322 5.7311 5.30154 5.9312 6.72329 6.35918 5.83401 5.47295 6.0169 5.28308 6.04667 5.49784 6.11868 5.53212 5.67834 5.49398 5.78255 6.63531 5.64986 6.0257 6.44074 5.62055 

--------------------------------------
Time: 13.0011
Split Ratios: 1 1 1 1 1 1 1 1 1 1 1 1 1 1 1 1 1 1 1 1 1 1 1 1 1 1 1 1 1 1 
Delays: 0.00917925 0.0085532 0.0140562 0.00726905 0.0145621 0.00712971 0.00869952 0.00878028 0.0108564 0.0103005 0.0147311 0.0106742 0.00605321 0.00572439 0.0135735 0.0119004 0.00884923 0.0143264 0.00879894 0.0137441 0.00800237 0.0115678 0.0153425 0.0144586 0.0124102 0.00584007 0.00878019 0.00956199 0.00573486 0.0126265 
Throughputs: 3.7847 2.50675 3.16211 5.02989 3.03104 2.63782 4.94797 3.67002 3.21126 2.93274 2.8672 3.88301 4.75136 3.14573 4.48922 3.01466 3.94854 2.88358 4.22707 3.12934 3.44064 3.19488 4.52198 3.30957 4.34176 4.55475 2.8672 3.24403 3.50618 3.3751 
Utility: 6.02178 5.68044 5.41593 6.53953 5.33824 5.91344 6.34346 6.03544 5.68966 5.6515 5.27113 5.89654 6.6656 6.30906 5.80131 5.53467 6.10077 5.30469 6.17463 5.42797 6.06367 5.62108 5.68608 5.43329 5.85752 6.65918 5.78859 5.82678 6.41572 5.58839 

--------------------------------------
Time: 13.5013
Split Ratios: 1 1 1 1 1 1 1 1 1 1 1 1 1 1 1 1 1 1 1 1 1 1 1 1 1 1 1 1 1 1 
Delays: 0.00913971 0.00855248 0.0122295 0.00728924 0.014581 0.0071293 0.00867267 0.00884993 0.0108831 0.0102518 0.0147315 0.0105803 0.0061898 0.00573233 0.0135105 0.0118641 0.0089437 0.0143165 0.00870684 0.0124568 0.00807045 0.0115839 0.0137685 0.0146055 0.0125399 0.00580034 0.00877553 0.00796088 0.00573249 0.0109633 
Throughputs: 4.03046 2.78528 2.75251 4.93158 3.32595 2.49037 5.07904 3.73555 2.85082 3.03104 3.08019 3.73555 4.93158 3.11296 4.44006 2.93274 3.9977 2.71974 3.85024 3.30957 3.45702 3.32595 4.11238 3.63725 4.47283 4.57114 3.08019 3.29318 3.44064 2.98189 
Utility: 6.08901 5.78588 5.41642 6.51702 5.42979 5.85597 6.3727 6.04524 5.56815 5.68921 5.34276 5.86665 6.68051 6.29721 5.79495 5.51018 6.10252 5.24688 6.09178 5.5823 6.05995 5.6599 5.69937 5.51758 5.87686 6.6696 5.86078 6.02507 6.39726 5.60576 

--------------------------------------
Time: 14.0013
Split Ratios: 1 1 1 1 1 1 1 1 1 1 1 1 1 1 1 1 1 1 1 1 1 1 1 1 1 1 1 1 1 1 
Delays: 0.00915017 0.00855568 0.0124589 0.00726098 0.0145473 0.00713509 0.00866325 0.00879102 0.0108091 0.0103159 0.0148561 0.0106316 0.00601524 0.00573978 0.0137814 0.0119936 0.00877927 0.0143099 0.00874175 0.012808 0.00800631 0.0115822 0.0140253 0.0144816 0.0125917 0.00582609 0.00880728 0.0081974 0.00575371 0.0112057 
Throughputs: 3.6864 2.81805 2.81805 4.78413 3.7847 2.91635 4.62029 4.07962 3.21126 3.01466 2.89997 3.70278 4.78413 3.30957 4.48922 2.81805 3.65363 2.80166 4.096 3.52256 3.65363 3.40787 4.4073 3.71917 4.25984 4.52198 3.21126 3.67002 3.9977 2.73613 
Utility: 5.99863 5.7972 5.42137 6.49054 5.56132 6.01306 6.27912 6.14003 5.69403 5.67755 5.27404 5.85301 6.67876 6.35715 5.78611 5.45943 6.03108 5.27702 6.14966 5.61687 6.12325 5.68438 5.75016 5.54838 5.82395 6.65436 5.89884 6.10413 6.54363 5.49787 

--------------------------------------
Time: 14.5013
Split Ratios: 1 1 1 1 1 1 1 1 1 1 1 1 1 1 1 1 1 1 1 1 1 1 1 1 1 1 1 1 1 1 
Delays: 0.00912838 0.00858466 0.0132437 0.00723204 0.0145651 0.00715928 0.00865433 0.0088001 0.0110856 0.0102974 0.0148161 0.0106159 0.00614657 0.00574509 0.0137785 0.0119393 0.00883438 0.0143142 0.00878218 0.013539 0.00848462 0.0115605 0.0147 0.0145425 0.0128393 0.00581223 0.00876836 0.00885342 0.00573948 0.0116356 
Throughputs: 4.04685 2.65421 3.30957 4.53837 3.14573 2.91635 4.93158 4.11238 3.09658 3.30957 2.9655 3.73555 4.8169 3.12934 4.37453 2.62144 3.91578 2.58867 4.21069 3.3751 3.75194 3.1785 4.55475 3.24403 4.58752 4.99712 2.81805 3.44064 3.42426 2.99827 
Utility: 6.09431 5.73392 5.52105 6.4418 5.37517 6.00968 6.34536 6.147 5.63241 5.77268 5.29909 5.8633 6.66399 6.30023 5.76044 5.39164 6.09412 5.19765 6.17266 5.51861 6.09177 5.61657 5.73608 5.4075 5.87858 6.75665 5.77265 5.96261 6.39127 5.55172 

--------------------------------------
Time: 15.0014
Split Ratios: 1 1 1 1 1 1 1 1 1 1 1 1 1 1 1 1 1 1 1 1 1 1 1 1 1 1 1 1 1 1 
Delays: 0.00934582 0.00855612 0.0127774 0.00728957 0.0145446 0.00713405 0.00866973 0.0088363 0.0111364 0.0102573 0.0150364 0.0106357 0.00607099 0.005724 0.013836 0.012202 0.00884253 0.0142932 0.00868424 0.012598 0.00821118 0.0115709 0.0140758 0.0145185 0.0127823 0.0058629 0.00896592 0.00825378 0.00571042 0.0112445 
Throughputs: 3.88301 2.89997 2.80166 4.68582 3.22765 2.8672 4.48922 3.88301 2.9655 2.83443 2.93274 3.47341 4.84966 3.16211 4.34176 2.98189 3.91578 2.99827 3.71917 3.34234 3.83386 3.09658 4.01408 3.48979 4.93158 4.93158 3.04742 3.53894 2.98189 3.14573 
Utility: 6.02944 5.82581 5.39029 6.46585 5.40229 5.99621 6.2496 6.0855 5.58458 5.6216 5.27322 5.78867 6.68314 6.31433 5.74876 5.49871 6.0932 5.346 6.05975 5.58089 6.14613 5.58956 5.65311 5.48217 5.95535 6.73477 5.82862 6.06091 6.25802 5.63392 

--------------------------------------
Time: 15.5014
Split Ratios: 1 1 1 1 1 1 1 1 1 1 1 1 1 1 1 1 1 1 1 1 1 1 1 1 1 1 1 1 1 1 
Delays: 0.00907814 0.00856179 0.0125568 0.00726531 0.0145318 0.00712694 0.00870861 0.00878111 0.0108333 0.0102575 0.0146829 0.0105773 0.00602824 0.00571855 0.0135334 0.0118867 0.00885826 0.0142935 0.00884572 0.0125007 0.00786914 0.0115737 0.0139989 0.014509 0.0123489 0.00583351 0.0087605 0.00838228 0.005758 0.0113688 
Throughputs: 4.21069 2.49037 2.78528 4.5056 3.86662 2.98189 4.6039 4.16154 3.16211 3.14573 3.22765 3.08019 4.44006 3.11296 4.42368 3.06381 4.14515 2.63782 4.096 3.12934 3.30957 3.2768 4.07962 3.80109 4.1943 4.83328 2.57229 3.2768 3.5881 3.08019 
Utility: 6.13951 5.67288 5.40184 6.42997 5.5838 6.03643 6.27035 6.16104 5.67637 5.72579 5.39283 5.67404 6.60197 6.29961 5.78957 5.55199 6.14834 5.21791 6.13783 5.5228 6.04162 5.64589 5.67478 5.56827 5.82792 6.71966 5.6823 5.9685 6.43479 5.60188 

--------------------------------------
Time: 16.0014
Split Ratios: 1 1 1 1 1 1 1 1 1 1 1 1 1 1 1 1 1 1 1 1 1 1 1 1 1 1 1 1 1 1 
Delays: 0.00914777 0.00857858 0.0126467 0.00722253 0.0145654 0.00713466 0.00876947 0.00882714 0.0108789 0.0102993 0.0147538 0.010545 0.00607488 0.00573725 0.0138651 0.011926 0.00885323 0.0143004 0.00873446 0.0129368 0.00826888 0.011578 0.0144305 0.0145265 0.0127725 0.00580684 0.00882528 0.00853418 0.00573853 0.0113125 
Throughputs: 3.96493 3.1785 2.8672 4.39091 3.39149 2.60506 4.66944 3.32595 2.78528 2.83443 2.78528 3.45702 4.86605 3.16211 4.96435 2.85082 4.17792 2.63782 3.83386 3.30957 3.81747 3.50618 4.57114 3.93216 4.47283 4.86605 2.80166 3.3751 3.62086 3.11296 
Utility: 6.07173 5.91489 5.42369 6.41009 5.45037 5.90024 6.27752 5.93168 5.54527 5.61752 5.2406 5.79251 6.68588 6.31201 5.88066 5.47664 6.15679 5.21743 6.08435 5.5445 6.13484 5.71317 5.75817 5.60097 5.85848 6.731 5.76035 5.9801 6.44727 5.61742 

--------------------------------------
Time: 16.5016
Split Ratios: 1 1 1 1 1 1 1 1 1 1 1 1 1 1 1 1 1 1 1 1 1 1 1 1 1 1 1 1 1 1 
Delays: 0.00932026 0.00857613 0.012929 0.00723836 0.0145582 0.0071541 0.00868449 0.00876229 0.010604 0.0102028 0.0150202 0.0106875 0.00602694 0.00574323 0.0135029 0.0120959 0.00876632 0.0143331 0.00870407 0.0130127 0.00798446 0.0115552 0.0143633 0.0144997 0.0122832 0.00583153 0.00892673 0.008511 0.0057377 0.0114811 
Throughputs: 4.35814 2.62144 3.11296 4.55475 3.16211 2.80166 4.53837 3.53894 3.09658 3.09658 2.99827 3.9977 4.52198 3.08019 4.30899 2.99827 3.62086 2.91635 3.65363 3.14573 3.44064 3.57171 4.03046 3.24403 4.25984 4.63667 3.14573 3.44064 3.7847 3.52256 
Utility: 6.14761 5.7225 5.48386 6.44453 5.38084 5.97028 6.25878 6.00113 5.67682 5.71539 5.2964 5.9244 6.62047 6.28472 5.76556 5.51292 6.02355 5.31552 6.03969 5.48788 6.06592 5.73367 5.63696 5.41044 5.84875 6.67847 5.86475 6.00205 6.49167 5.72624 

--------------------------------------
Time: 17.0016
Split Ratios: 1 1 1 1 1 1 1 1 1 1 1 1 1 1 1 1 1 1 1 1 1 1 1 1 1 1 1 1 1 1 
Delays: 0.0091558 0.00856959 0.0125694 0.00722744 0.0145659 0.00713713 0.00869334 0.00885551 0.0106764 0.0102918 0.0148179 0.0105483 0.00607114 0.00571836 0.0133336 0.0118964 0.00882059 0.0143065 0.00874518 0.0126924 0.00784717 0.0115304 0.0142606 0.0146165 0.0122853 0.00581536 0.00880934 0.00819151 0.00572275 0.0112791 
Throughputs: 3.55533 2.80166 2.89997 3.91578 3.48979 2.81805 4.96435 3.94854 2.8672 2.89997 2.65421 3.39149 4.5056 2.5559 4.12877 3.21126 3.83386 2.60506 3.83386 3.55533 3.44064 3.73555 3.86662 3.2768 4.07962 4.37453 2.62144 3.35872 3.75194 2.98189 
Utility: 5.96181 5.78975 5.44119 6.29488 5.47892 5.97849 6.34748 6.10006 5.59305 5.64111 5.18806 5.77306 6.60953 6.10248 5.73545 5.59818 6.07454 5.20449 6.08312 5.6352 6.08326 5.78066 5.60264 5.41247 5.80535 6.62305 5.69567 6.01622 6.48558 5.57736 

--------------------------------------
Time: 17.5018
Split Ratios: 1 1 1 1 1 1 1 1 1 1 1 1 1 1 1 1 1 1 1 1 1 1 1 1 1 1 1 1 1 1 
Delays: 0.00912218 0.0085629 0.0126658 0.00722744 0.0144943 0.00714718 0.00873946 0.00894333 0.0112536 0.010336 0.0146975 0.0106552 0.00623117 0.00572376 0.0138785 0.0119217 0.00896381 0.0143207 0.00876887 0.0129816 0.00831472 0.0116015 0.0145158 0.0147244 0.0129437 0.00589196 0.00877938 0.00857851 0.0057358 0.0119639 
Throughputs: 3.80109 2.99827 3.12934 4.71859 3.04742 2.8672 5.25926 3.91578 3.34234 3.06381 2.62144 3.6864 5.04627 3.2768 5.06266 2.99827 4.24346 2.94912 4.04685 3.57171 3.3751 3.08019 3.96493 3.65363 4.52198 4.83328 2.57229 3.44064 3.32595 3.14573 
Utility: 6.03233 5.85835 5.50967 6.48138 5.3483 5.99437 6.3999 6.08186 5.69373 5.69178 5.1838 5.84636 6.69684 6.35 5.8993 5.52743 6.15994 5.32755 6.13449 5.61727 6.00615 5.58161 5.61 5.51397 5.85609 6.70969 5.68015 5.99415 6.36278 5.57191 

--------------------------------------
Time: 18.0018
Split Ratios: 1 1 1 1 1 1 1 1 1 1 1 1 1 1 1 1 1 1 1 1 1 1 1 1 1 1 1 1 1 1 
Delays: 0.00911738 0.00856996 0.0123531 0.00724091 0.0144951 0.00715976 0.00868174 0.00879681 0.0108823 0.0103102 0.0147336 0.0106107 0.00608862 0.00573828 0.0136048 0.011859 0.00884305 0.0142933 0.00875316 0.0126051 0.00813623 0.0115268 0.0140262 0.0144994 0.0126212 0.00578306 0.00878251 0.00817944 0.00574207 0.0110338 
Throughputs: 3.93216 2.60506 2.91635 4.37453 3.12934 2.75251 4.83328 3.76832 3.26042 3.21126 2.98189 3.75194 4.53837 3.3751 4.57114 3.12934 3.96493 2.91635 3.91578 3.35872 3.44064 2.7689 4.8169 4.11238 4.84966 4.70221 2.71974 2.99827 3.94854 3.03104 
Utility: 6.06676 5.71695 5.46418 6.40381 5.37477 5.95179 6.32206 6.06 5.70247 5.74129 5.31018 5.86816 6.6139 6.37702 5.81709 5.5755 6.10561 5.3183 6.10335 5.58522 6.04709 5.48153 5.83896 5.64765 5.95129 6.70085 5.73553 5.90417 6.53328 5.6157 

--------------------------------------
Time: 18.5019
Split Ratios: 1 1 1 1 1 1 1 1 1 1 1 1 1 1 1 1 1 1 1 1 1 1 1 1 1 1 1 1 1 1 
Delays: 0.00923255 0.00855684 0.0129585 0.00724279 0.0146319 0.00713777 0.00863996 0.00886834 0.0111463 0.0103409 0.0148803 0.0105915 0.0061494 0.00571769 0.0138586 0.0118787 0.00892241 0.0143489 0.00874232 0.0130467 0.00855768 0.0116066 0.0145395 0.0145687 0.0129563 0.0058137 0.00880312 0.00843978 0.00573999 0.0116031 
Throughputs: 4.22707 2.85082 2.88358 3.93216 3.03104 3.1785 4.83328 4.14515 3.3751 3.04742 2.93274 3.70278 5.17734 3.11296 4.42368 3.09658 3.70278 2.75251 4.03046 3.30957 3.73555 3.35872 4.39091 3.9977 4.73498 4.96435 2.94912 3.35872 3.55533 2.91635 
Utility: 6.12653 5.80863 5.40504 6.29694 5.33346 6.09876 6.32688 6.14721 5.71308 5.68595 5.28365 5.85679 6.73569 6.29976 5.76582 5.5633 6.02827 5.2566 6.13346 5.53604 6.07882 5.66774 5.71042 5.6146 5.90115 6.74982 5.81416 5.98636 6.42874 5.52682 

--------------------------------------
Time: 19.0019
Split Ratios: 1 1 1 1 1 1 1 1 1 1 1 1 1 1 1 1 1 1 1 1 1 1 1 1 1 1 1 1 1 1 
Delays: 0.0092031 0.00856282 0.0124697 0.00729494 0.0145164 0.00713827 0.00868097 0.00887818 0.0109812 0.0102537 0.0148527 0.010692 0.00614538 0.00574961 0.0135354 0.0119366 0.00888294 0.014269 0.00873521 0.0125146 0.00800173 0.0115978 0.0140949 0.0145144 0.0125815 0.00578758 0.00883722 0.00810997 0.00575848 0.0111589 
Throughputs: 4.12877 2.78528 2.60506 4.83328 2.93274 2.63782 4.48922 4.30899 2.9655 2.80166 2.70336 3.62086 4.76774 3.14573 4.25984 2.88358 4.12877 2.75251 3.7847 3.24403 3.71917 3.09658 4.57114 2.98189 4.6039 4.48922 2.7689 3.22765 3.55533 3.12934 
Utility: 6.10619 5.78467 5.3419 6.4961 5.30841 5.91224 6.2483 6.18486 5.59862 5.61033 5.20407 5.82497 6.65393 6.30467 5.75168 5.48718 6.1416 5.26218 6.07136 5.55768 6.1416 5.58724 5.78171 5.32517 5.90243 6.65372 5.74723 5.98642 6.42553 5.63634 

--------------------------------------
Time: 19.5021
Split Ratios: 1 1 1 1 1 1 1 1 1 1 1 1 1 1 1 1 1 1 1 1 1 1 1 1 1 1 1 1 1 1 
Delays: 0.0091192 0.00854849 0.0122267 0.00726611 0.0144668 0.00713503 0.00870718 0.00885586 0.0108998 0.0102781 0.0147315 0.0106168 0.00601763 0.0057426 0.0137213 0.0119223 0.00881217 0.0143311 0.00880755 0.0124002 0.00804846 0.0115358 0.0138927 0.014494 0.0126475 0.00580961 0.00876709 0.00791222 0.00572472 0.0109439 
Throughputs: 3.75194 2.78528 2.50675 4.58752 2.75251 2.78528 4.68582 4.34176 3.42426 2.9655 3.11296 3.62086 4.14515 3.29318 4.89882 3.01466 4.16154 2.8672 3.9977 3.39149 3.62086 3.11296 4.12877 3.30957 4.27622 4.93158 2.75251 3.22765 3.63725 2.93274 
Utility: 6.01965 5.78635 5.32312 6.44787 5.24841 5.96709 6.28815 6.19496 5.7499 5.66478 5.35334 5.83203 6.535 6.3517 5.8778 5.53283 6.15751 5.29866 6.11786 5.61131 6.10899 5.59787 5.69437 5.43084 5.82336 6.7439 5.74926 6.0111 6.45419 5.59091 

--------------------------------------
Time: 20.0021
Split Ratios: 1 1 1 1 1 1 1 1 1 1 1 1 1 1 1 1 1 1 1 1 1 1 1 1 1 1 1 1 1 1 
Delays: 0.00930336 0.00854562 0.0124333 0.00724796 0.0144727 0.00713844 0.00868831 0.00884966 0.0109345 0.0102797 0.0148992 0.0107828 0.005989 0.00574029 0.013557 0.0119917 0.00883042 0.0143065 0.00874381 0.0126296 0.00807018 0.0115575 0.0140614 0.0144606 0.0125368 0.00579135 0.00877535 0.00818305 0.00572182 0.0111327 
Throughputs: 4.01408 2.29376 2.52314 4.27622 3.30957 3.08019 4.62029 3.86662 3.01466 3.30957 3.24403 3.86662 4.14515 3.01466 4.45645 3.04742 3.91578 2.52314 3.85024 3.04742 3.60448 2.8672 4.16154 3.39149 4.48922 4.44006 3.01466 3.22765 3.3751 3.19488 
Utility: 6.06719 5.59253 5.31288 6.38011 5.43231 6.06725 6.27623 6.07976 5.61932 5.77441 5.38326 5.88219 6.53977 6.26373 5.7952 5.53784 6.09457 5.17254 6.08754 5.48601 6.10176 5.51376 5.69021 5.4576 5.88076 6.64206 5.83929 5.97744 6.37989 5.65942 

--------------------------------------
Time: 20.5022
Split Ratios: 1 1 1 1 1 1 1 1 1 1 1 1 1 1 1 1 1 1 1 1 1 1 1 1 1 1 1 1 1 1 
Delays: 0.00921377 0.00855877 0.012831 0.00723593 0.0145354 0.00713085 0.00864241 0.00885853 0.0106762 0.0102646 0.0148609 0.010741 0.00609316 0.0057444 0.0134029 0.0119643 0.00884892 0.0142742 0.00867018 0.0126685 0.00788464 0.0115518 0.0142134 0.0145624 0.0124272 0.00582395 0.00878669 0.00847784 0.00574873 0.011526 
Throughputs: 3.85024 2.70336 3.3751 4.5056 3.24403 2.88358 4.29261 3.3751 3.09658 3.29318 2.94912 3.73555 4.88243 3.2768 4.11238 3.04742 4.01408 2.4576 3.52256 3.32595 3.73555 3.14573 3.91578 3.81747 4.39091 4.78413 2.60506 3.30957 3.3751 3.12934 
Utility: 6.03519 5.75529 5.57232 6.43402 5.40798 6.00236 6.20797 5.9428 5.67004 5.77091 5.29053 5.85159 6.68623 6.3464 5.72629 5.54013 6.11727 5.14849 6.00705 5.57039 6.16073 5.60696 5.61858 5.5689 5.86741 6.71108 5.69197 5.96712 6.3752 5.60397 

--------------------------------------
Time: 21.0023
Split Ratios: 1 1 1 1 1 1 1 1 1 1 1 1 1 1 1 1 1 1 1 1 1 1 1 1 1 1 1 1 1 1 
Delays: 0.00915102 0.00856703 0.0128304 0.00725036 0.0145059 0.00713062 0.00863969 0.00878498 0.0108843 0.0103207 0.0147357 0.0105748 0.00622463 0.00571514 0.0136344 0.01191 0.00892804 0.0143357 0.00882873 0.012856 0.00805892 0.0115338 0.0141944 0.014557 0.0124611 0.00581763 0.00874816 0.00842754 0.00573429 0.0113824 
Throughputs: 3.91578 3.19488 2.58867 4.47283 2.94912 2.50675 4.75136 3.7847 3.1785 3.39149 2.8672 3.5881 4.83328 2.89997 4.63667 2.91635 3.75194 2.37568 4.16154 3.42426 3.39149 3.1785 4.47283 3.65363 4.57114 4.45645 2.80166 3.6864 3.71917 3.3751 
Utility: 6.0589 5.92138 5.30708 6.42473 5.31471 5.86235 6.30982 6.06568 5.67684 5.79487 5.27082 5.8269 6.65477 6.22934 5.82916 5.50071 6.04083 5.11028 6.15563 5.58483 6.04224 5.61888 5.75293 5.52541 5.9049 6.64121 5.76913 6.0809 6.47479 5.69211 

--------------------------------------
Time: 21.5023
Split Ratios: 1 1 1 1 1 1 1 1 1 1 1 1 1 1 1 1 1 1 1 1 1 1 1 1 1 1 1 1 1 1 
Delays: 0.00908444 0.00855708 0.0125954 0.00724851 0.0145585 0.00713919 0.00865864 0.00877331 0.0109715 0.0103267 0.0147754 0.0105866 0.00617698 0.005714 0.0137078 0.0119765 0.00894285 0.0142931 0.00873021 0.0128446 0.00817541 0.0115589 0.0143251 0.0147007 0.0127702 0.00580177 0.00882768 0.00821761 0.00575287 0.0113038 
Throughputs: 3.6864 2.78528 2.62144 4.5056 3.55533 2.91635 4.9152 3.86662 3.42426 3.50618 2.85082 3.70278 4.68582 3.19488 4.75136 2.80166 4.55475 2.75251 3.85024 3.44064 3.89939 3.03104 4.06323 3.63725 4.57114 5.27565 2.85082 3.57171 3.45702 3.32595 
Utility: 6.00584 5.78534 5.33815 6.43228 5.49802 6.01249 6.34153 6.08842 5.74334 5.82754 5.26239 5.85725 6.63147 6.32639 5.84822 5.45502 6.23307 5.26049 6.0891 5.59049 6.16745 5.56921 5.64772 5.51109 5.8804 6.81269 5.77747 6.07452 6.39846 5.68438 

--------------------------------------
Time: 22.0023
Split Ratios: 1 1 1 1 1 1 1 1 1 1 1 1 1 1 1 1 1 1 1 1 1 1 1 1 1 1 1 1 1 1 
Delays: 0.00906253 0.0085468 0.0126506 0.00724721 0.0145311 0.00714912 0.00865109 0.00880183 0.0109265 0.0102344 0.0148201 0.0105893 0.00607846 0.00572373 0.0135943 0.0118942 0.00891206 0.0143163 0.00875706 0.0127447 0.00799684 0.0115629 0.014116 0.0145356 0.012436 0.00583634 0.00874756 0.00835177 0.00573508 0.0112946 
Throughputs: 3.81747 2.47398 3.1785 4.32538 3.14573 2.57229 4.78413 4.29261 3.12934 3.14573 2.93274 3.50618 4.8169 3.14573 4.30899 3.01466 3.91578 2.65421 3.91578 3.26042 3.80109 3.6864 3.93216 3.93216 4.04685 4.80051 2.58867 3.52256 3.67002 2.98189 
Utility: 6.04319 5.66803 5.52646 6.39164 5.37751 5.88556 6.31537 6.18969 5.65738 5.72805 5.28771 5.80244 6.67513 6.30918 5.75881 5.53519 6.08536 5.22251 6.10291 5.5445 6.164 5.76461 5.62963 5.60034 5.7851 6.71237 5.69013 6.04447 6.46135 5.57599 

--------------------------------------
Time: 22.5023
Split Ratios: 1 1 1 1 1 1 1 1 1 1 1 1 1 1 1 1 1 1 1 1 1 1 1 1 1 1 1 1 1 1 
Delays: 0.00905403 0.00855102 0.0122867 0.00727853 0.0145826 0.00716511 0.00864257 0.00888421 0.0110679 0.0102427 0.0148225 0.0106592 0.00614536 0.00571458 0.0136844 0.0118353 0.00886613 0.0142834 0.00875169 0.0122887 0.00830877 0.0115243 0.0137707 0.0145652 0.012798 0.00583382 0.00876728 0.00798029 0.00573652 0.0109783 
Throughputs: 3.86662 2.75251 2.88358 4.57114 3.24403 2.85082 4.42368 3.81747 3.24403 3.16211 2.85082 3.7847 4.99712 2.99827 4.52198 2.93274 4.03046 3.04742 3.9977 3.47341 3.24403 2.83443 3.93216 3.70278 5.0135 4.8169 2.60506 3.60448 3.52256 2.71974 
Utility: 6.05693 5.77422 5.45827 6.44259 5.40475 5.98614 6.23803 6.06307 5.68052 5.73243 5.25922 5.8723 6.70092 6.26277 5.80045 5.5126 6.1194 5.36295 6.12423 5.64421 5.96726 5.50514 5.6544 5.5382 5.9706 6.71621 5.69418 6.11296 6.42009 5.51237 

--------------------------------------
Time: 23.0024
Split Ratios: 1 1 1 1 1 1 1 1 1 1 1 1 1 1 1 1 1 1 1 1 1 1 1 1 1 1 1 1 1 1 
Delays: 0.00912601 0.00856364 0.0127939 0.00726607 0.0145152 0.00713713 0.0088073 0.00876548 0.0109504 0.0103312 0.014837 0.0107112 0.00611196 0.00572197 0.0137058 0.0119498 0.00883576 0.0143335 0.00873346 0.0127133 0.00823001 0.0115678 0.0142392 0.0145638 0.0126399 0.00581937 0.00878094 0.00842527 0.00572623 0.011372 
Throughputs: 3.75194 2.78528 2.89997 4.04685 2.88358 2.57229 4.55475 3.39149 3.11296 3.08019 2.9655 3.70278 4.78413 3.47341 4.52198 3.14573 3.96493 3.06381 3.98131 3.35872 3.55533 3.40787 4.35814 3.32595 4.1943 4.76774 2.73613 3.1785 3.35872 2.9655 
Utility: 6.0189 5.78458 5.42349 6.32248 5.29159 5.88724 6.24835 5.9582 5.64996 5.69758 5.29768 5.84555 6.66281 6.40858 5.79889 5.57308 6.10644 5.36482 6.1222 5.57666 6.06842 5.68562 5.7238 5.43097 5.80462 6.70844 5.74172 5.93293 6.37426 5.56365 

--------------------------------------
Time: 23.5025
Split Ratios: 1 1 1 1 1 1 1 1 1 1 1 1 1 1 1 1 1 1 1 1 1 1 1 1 1 1 1 1 1 1 
Delays: 0.00929498 0.00856221 0.0126149 0.00728674 0.0145158 0.00712598 0.00865431 0.00875286 0.0107633 0.0102361 0.0148601 0.0106454 0.00604416 0.00570998 0.0135353 0.0119984 0.00883475 0.0142954 0.0087592 0.0126379 0.00794635 0.0115116 0.0143129 0.0145152 0.0123017 0.00584226 0.0088436 0.00829911 0.00573231 0.0115602 
Throughputs: 3.91578 2.8672 3.08019 4.48922 3.3751 3.06381 4.48922 4.1943 3.01466 3.06381 2.99827 3.60448 4.71859 3.06381 4.83328 3.1785 3.75194 2.4576 4.37453 3.30957 3.42426 2.65421 4.096 3.08019 3.75194 4.4073 2.94912 2.94912 3.62086 3.2768 
Utility: 6.04329 5.81373 5.49787 6.42338 5.44894 6.06367 6.25138 6.1721 5.6351 5.7015 5.30711 5.82481 6.66017 6.2852 5.87798 5.57939 6.05133 5.147 6.21345 5.56787 6.06593 5.44055 5.6566 5.35755 5.72029 6.6259 5.80957 5.87311 6.44835 5.64705 

--------------------------------------
Time: 24.0026
Split Ratios: 1 1 1 1 1 1 1 1 1 1 1 1 1 1 1 1 1 1 1 1 1 1 1 1 1 1 1 1 1 1 
Delays: 0.00944486 0.00857078 0.0124842 0.00722637 0.0145483 0.00716449 0.00868894 0.00876918 0.010708 0.0102792 0.0152876 0.0108724 0.0060704 0.00573742 0.0134766 0.0122913 0.00886736 0.0143206 0.00874486 0.0126084 0.00798211 0.0115232 0.0141253 0.0145281 0.0125223 0.00583901 0.00879079 0.00830364 0.00575224 0.0112931 
Throughputs: 4.01408 2.7689 3.35872 4.12877 2.88358 2.71974 4.6039 4.39091 2.89997 3.24403 3.04742 4.35814 4.21069 3.30957 4.53837 3.30957 4.4073 2.89997 3.60448 3.03104 3.86662 3.08019 4.14515 3.53894 4.22707 5.04627 2.98189 3.19488 3.71917 3.48979 
Utility: 6.05209 5.77785 5.59485 6.348 5.28931 5.93916 6.27261 6.21605 5.60146 5.75445 5.29501 5.99358 6.54196 6.35756 5.81937 5.59568 6.20864 5.31076 6.02147 5.4823 6.18293 5.58838 5.68173 5.4955 5.82176 6.76184 5.82661 5.95261 6.47167 5.7334 

--------------------------------------
Time: 24.5028
Split Ratios: 1 1 1 1 1 1 1 1 1 1 1 1 1 1 1 1 1 1 1 1 1 1 1 1 1 1 1 1 1 1 
Delays: 0.00921852 0.00856944 0.0127901 0.00726198 0.0145113 0.00713871 0.00866215 0.00880229 0.0111462 0.0102525 0.0148348 0.0105763 0.00606522 0.00572367 0.0139557 0.0119848 0.00884892 0.014282 0.0087662 0.0129911 0.00838788 0.011547 0.0142478 0.014566 0.012815 0.00584307 0.00891684 0.00857801 0.00572652 0.011624 
Throughputs: 3.70278 2.83443 3.01466 4.57114 3.19488 2.85082 4.17792 3.75194 3.57171 3.04742 3.11296 3.48979 4.66944 3.09658 4.22707 3.21126 3.94854 2.80166 4.22707 3.39149 3.85024 3.12934 4.096 3.34234 4.4073 4.93158 2.93274 3.48979 3.2768 3.29318 
Utility: 5.99563 5.80139 5.46257 6.44486 5.39438 5.98983 6.17861 6.05502 5.76971 5.69453 5.34635 5.79898 6.64622 6.29344 5.71337 5.59078 6.10081 5.27897 6.17836 5.56476 6.1291 5.60215 5.66116 5.43574 5.8404 6.73816 5.79575 6.0084 6.34951 5.64654 

--------------------------------------
Time: 25.0032
Split Ratios: 1 1 1 1 1 1 1 1 1 1 1 1 1 1 1 1 1 1 1 1 1 1 1 1 1 1 1 1 1 1 
Delays: 0.00915124 0.00857281 0.0126252 0.00725169 0.0146089 0.00715463 0.00865661 0.00882715 0.0109046 0.0102666 0.0148643 0.010694 0.00606293 0.00573577 0.0135915 0.0119491 0.00882725 0.0143172 0.0087843 0.0126828 0.00820447 0.0115544 0.0140246 0.0145496 0.012721 0.00582661 0.00877009 0.00812403 0.005728 0.0111669 
Throughputs: 4.03046 2.11354 3.21126 4.14515 3.19488 2.88358 4.27622 4.11238 3.03104 3.09658 3.22765 3.91578 4.8169 2.94912 4.4073 2.8672 3.39149 2.70336 3.94854 3.57171 3.76832 3.32595 4.12877 3.9977 4.4073 4.57114 2.37568 3.08019 3.55533 3.22765 
Utility: 6.08775 5.50752 5.53873 6.34846 5.38767 5.99903 6.2025 6.14393 5.62747 5.70916 5.38054 5.90308 6.67769 6.24254 5.78157 5.48044 5.95118 5.24079 6.10814 5.64055 6.12971 5.66244 5.68492 5.61591 5.84776 6.66508 5.60169 5.93792 6.43084 5.66655 

--------------------------------------
Time: 25.5032
Split Ratios: 1 1 1 1 1 1 1 1 1 1 1 1 1 1 1 1 1 1 1 1 1 1 1 1 1 1 1 1 1 1 
Delays: 0.00931021 0.00857793 0.0126195 0.00723365 0.0145567 0.00715025 0.00867087 0.00886393 0.0108731 0.0102489 0.0149993 0.0107521 0.0060548 0.00572721 0.0136313 0.0120443 0.0088531 0.0143016 0.00875465 0.0128235 0.00813608 0.0115211 0.0144262 0.0145566 0.0125908 0.0058256 0.00878976 0.0084437 0.00576384 0.0114631 
Throughputs: 3.60448 2.94912 2.9655 4.04685 3.60448 3.14573 4.68582 4.52198 3.48979 3.1785 3.2768 3.89939 4.45645 3.5881 4.96435 3.34234 4.16154 2.85082 4.01408 3.12934 3.75194 3.11296 4.30899 3.57171 4.32538 4.86605 2.49037 3.47341 3.81747 2.8672 
Utility: 5.95882 5.84007 5.45956 6.32695 5.51188 6.08665 6.29233 6.23472 5.7713 5.73699 5.38662 5.89347 6.60126 6.44015 5.89767 5.62583 6.15287 5.29499 6.12798 5.4973 6.13372 5.59915 5.69941 5.50276 5.83929 6.72777 5.6466 6.01947 6.49574 5.52196 

--------------------------------------
Time: 26.0033
Split Ratios: 1 1 1 1 1 1 1 1 1 1 1 1 1 1 1 1 1 1 1 1 1 1 1 1 1 1 1 1 1 1 
Delays: 0.00925591 0.00856055 0.0124406 0.00726002 0.0145896 0.00714233 0.00870068 0.00887772 0.0109195 0.010216 0.0149234 0.0106424 0.00606905 0.0057208 0.0136325 0.0120942 0.00881782 0.0143092 0.00876558 0.0125873 0.0081078 0.0115603 0.0139185 0.0145211 0.0125714 0.00585823 0.00879082 0.00802991 0.00573964 0.0109523 
Throughputs: 4.07962 2.60506 2.67059 4.78413 3.21126 2.94912 5.16096 3.98131 3.16211 2.93274 3.1785 3.71917 4.76774 3.09658 4.68582 3.2768 3.57171 2.83443 3.96493 3.14573 3.5881 3.12934 4.1943 3.63725 4.52198 4.63667 2.49037 3.09658 3.96493 3.29318 
Utility: 6.0885 5.71804 5.36909 6.49068 5.39411 6.02322 6.38548 6.10582 5.66844 5.65974 5.36123 5.85641 6.66643 6.29394 5.83984 5.6019 6.00403 5.28869 6.11441 5.52111 6.09255 5.60101 5.70827 5.52338 5.88528 6.6739 5.64648 5.95488 6.53785 5.70606 

--------------------------------------
Time: 26.5034
Split Ratios: 1 1 1 1 1 1 1 1 1 1 1 1 1 1 1 1 1 1 1 1 1 1 1 1 1 1 1 1 1 1 
Delays: 0.00917586 0.00855483 0.0125137 0.00728728 0.0145596 0.00715149 0.0086718 0.00881056 0.0108278 0.0102532 0.0149304 0.010688 0.00608772 0.0057494 0.0136827 0.011978 0.0089006 0.0143223 0.00876196 0.0125965 0.00808397 0.0115354 0.0142233 0.01459 0.012539 0.00582896 0.00878717 0.00821073 0.00573512 0.0111635 
Throughputs: 3.83386 2.85082 2.9655 4.48922 3.11296 3.03104 4.44006 3.91578 3.24403 3.1785 3.03104 3.7847 4.71859 2.88358 4.63667 3.12934 4.17792 2.75251 4.16154 3.30957 3.53894 3.42426 4.34176 3.67002 4.52198 5.17734 3.11296 3.01466 4.096 2.98189 
Utility: 6.03505 5.80886 5.46798 6.4233 5.36508 6.04934 6.23835 6.09682 5.70245 5.73658 5.31326 5.8696 6.65299 6.21769 5.82562 5.56551 6.15145 5.25845 6.16322 5.57115 6.0817 5.69321 5.72115 5.52761 5.88786 6.78921 5.87004 5.9058 6.57116 5.58766 

--------------------------------------
Time: 27.0034
Split Ratios: 1 1 1 1 1 1 1 1 1 1 1 1 1 1 1 1 1 1 1 1 1 1 1 1 1 1 1 1 1 1 
Delays: 0.0090058 0.00855528 0.0125287 0.00726804 0.0144825 0.00712491 0.00866495 0.00875129 0.0106648 0.0102961 0.0146415 0.0104744 0.00617553 0.00572563 0.0135512 0.0117815 0.00887127 0.0143189 0.00882505 0.0128097 0.00792571 0.0115593 0.0139945 0.0146002 0.0124137 0.00583002 0.00873267 0.00820043 0.00572886 0.0113391 
Throughputs: 3.60448 2.99827 3.01466 4.39091 2.93274 3.04742 4.75136 3.60448 2.9655 3.12934 2.81805 3.6864 4.86605 3.2768 4.63667 2.50675 3.73555 2.58867 4.07962 3.71917 3.35872 3.30957 3.98131 3.91578 4.39091 4.62029 2.83443 3.63725 3.75194 3.22765 
Utility: 5.99206 5.85924 5.48322 6.40381 5.31075 6.05846 6.3069 6.02073 5.62785 5.71681 5.25994 5.86348 6.66944 6.34967 5.83528 5.36021 6.04283 5.19732 6.13616 5.67105 6.0492 5.65708 5.6507 5.59173 5.8685 6.67519 5.78253 6.0948 6.48451 5.65125 

--------------------------------------
Time: 27.5034
Split Ratios: 1 1 1 1 1 1 1 1 1 1 1 1 1 1 1 1 1 1 1 1 1 1 1 1 1 1 1 1 1 1 
Delays: 0.00912857 0.00855547 0.012736 0.00730328 0.0145549 0.00714197 0.00867076 0.00887903 0.0112666 0.0102326 0.0147971 0.0106748 0.00600735 0.00572463 0.0138328 0.0118575 0.00878646 0.0143082 0.00873458 0.012996 0.00821159 0.0115876 0.0144278 0.0144833 0.01284 0.00580971 0.00877229 0.00838177 0.00572013 0.0115374 
Throughputs: 4.11238 2.40845 2.94912 4.47283 3.16211 3.14573 4.55475 3.63725 3.62086 3.09658 2.73613 4.24346 4.53837 3.1785 4.68582 2.9655 4.03046 2.93274 3.94854 3.2768 3.32595 2.98189 4.44006 3.01466 4.76774 4.47283 2.75251 3.2768 4.11238 3.09658 
Utility: 6.11035 5.64017 5.44483 6.41745 5.38107 6.08781 6.26397 6.01529 5.77263 5.71247 5.21987 5.98525 6.62734 6.31939 5.82525 5.52184 6.12842 5.32286 6.11381 5.52998 6.00396 5.55037 5.72927 5.33825 5.91706 6.64625 5.74867 5.96856 6.57777 5.59246 

--------------------------------------
Time: 28.0034
Split Ratios: 1 1 1 1 1 1 1 1 1 1 1 1 1 1 1 1 1 1 1 1 1 1 1 1 1 1 1 1 1 1 
Delays: 0.00904647 0.00856142 0.0131243 0.00724219 0.0145394 0.00714722 0.00868946 0.00884465 0.0109741 0.0103133 0.0147825 0.0106855 0.00608903 0.00571981 0.0136427 0.0119061 0.00879756 0.0143211 0.0087181 0.0130633 0.00812604 0.0115553 0.0148233 0.0144942 0.0126648 0.00585801 0.00873236 0.00869516 0.00572486 0.0116356 
Throughputs: 3.63725 2.98189 2.99827 4.42368 3.45702 3.11296 4.57114 3.98131 3.45702 3.14573 3.11296 4.04685 4.62029 2.94912 4.88243 2.99827 3.81747 2.65421 3.89939 3.47341 3.50618 3.45702 4.34176 3.98131 4.29261 4.75136 2.58867 3.62086 3.39149 3.14573 
Utility: 5.99661 5.85305 5.43133 6.4148 5.4713 6.07661 6.26541 6.10955 5.75263 5.72037 5.34989 5.93681 6.63172 6.24533 5.88019 5.52874 6.07287 5.22217 6.10317 5.58308 6.06721 5.70102 5.67984 5.61562 5.82583 6.69838 5.69187 6.0317 6.38421 5.59973 

--------------------------------------
Time: 28.5035
Split Ratios: 1 1 1 1 1 1 1 1 1 1 1 1 1 1 1 1 1 1 1 1 1 1 1 1 1 1 1 1 1 1 
Delays: 0.00914946 0.00857142 0.012475 0.00727701 0.0145649 0.00713728 0.00865593 0.00884193 0.0107128 0.010288 0.014868 0.0106395 0.00607194 0.00572949 0.0134419 0.011992 0.00889097 0.0143061 0.00873793 0.0126545 0.00798013 0.011551 0.0139321 0.0145374 0.0123796 0.00579042 0.0088648 0.00810051 0.00572191 0.0110287 
Throughputs: 3.94854 3.01466 3.06381 4.52198 2.7689 2.9655 4.57114 4.096 3.01466 3.2768 2.75251 3.47341 4.88243 3.03104 4.32538 2.99827 3.63725 2.4576 3.86662 3.2768 3.94854 3.12934 3.9977 4.17792 3.96493 4.73498 2.68698 3.09658 3.47341 3.03104 
Utility: 6.06741 5.86281 5.50368 6.43199 5.24759 6.02947 6.26927 6.13826 5.6398 5.76365 5.22106 5.78832 6.68972 6.27104 5.77388 5.52155 6.01395 5.14625 6.09246 5.55661 6.20415 5.6018 5.65928 5.66085 5.76919 6.70653 5.71408 5.94613 6.40859 5.61616 

--------------------------------------
Time: 29.0036
Split Ratios: 1 1 1 1 1 1 1 1 1 1 1 1 1 1 1 1 1 1 1 1 1 1 1 1 1 1 1 1 1 1 
Delays: 0.00921584 0.00857384 0.0129776 0.00725949 0.0145738 0.00713124 0.0086977 0.00879963 0.0106595 0.0105864 0.0148642 0.0107282 0.0060569 0.00572226 0.0134228 0.0120258 0.00882743 0.0143 0.0087178 0.0130637 0.00787657 0.0115698 0.0145299 0.0144884 0.0123145 0.00580723 0.00875931 0.00880163 0.00574067 0.0116588 
Throughputs: 4.25984 2.58867 3.39149 4.30899 3.53894 2.83443 4.96435 3.5881 3.09658 3.7847 2.98189 3.85024 4.44006 2.99827 4.5056 2.81805 3.75194 2.68698 3.91578 3.19488 3.45702 3.3751 4.65306 3.44064 4.27622 5.0135 2.62144 3.3751 3.86662 3.2768 
Utility: 6.13606 5.71018 5.5658 6.38615 5.49236 5.98511 6.34698 6.01067 5.6716 5.87915 5.30136 5.88301 6.59723 6.26143 5.81612 5.45674 6.05216 5.23591 6.1074 5.49946 6.08427 5.67579 5.76907 5.47007 5.85005 6.76079 5.70136 5.94925 6.51256 5.63856 

--------------------------------------
Time: 29.5041
Split Ratios: 1 1 1 1 1 1 1 1 1 1 1 1 1 1 1 1 1 1 1 1 1 1 1 1 1 1 1 1 1 1 
Delays: 0.0090179 0.00856312 0.0134046 0.00725444 0.0145185 0.00713412 0.0086852 0.00881628 0.0110386 0.0102014 0.0147927 0.0105798 0.006174 0.00570438 0.0136731 0.0118447 0.00890883 0.0143167 0.0087432 0.0133594 0.00801373 0.0115538 0.0148476 0.0145947 0.0125939 0.00578257 0.00878431 0.00893682 0.00573668 0.011855 
Throughputs: 3.50618 2.50675 3.39149 4.27622 2.78528 2.78528 4.80051 4.42368 3.06381 3.11296 3.19488 3.88301 4.71859 3.1785 4.6039 2.60506 3.75194 2.75251 4.04685 3.24403 3.53894 2.89997 4.27622 3.80109 4.80051 4.25984 2.73613 3.47341 3.32595 3.01466 
Utility: 5.96307 5.67928 5.53343 6.37921 5.25668 5.96722 6.31486 6.21813 5.62602 5.72081 5.37517 5.90542 6.63892 6.32293 5.81923 5.39333 6.04298 5.25885 6.13742 5.49235 6.09043 5.52544 5.66299 5.56238 5.94327 6.60214 5.74133 5.96271 6.36263 5.53849 

--------------------------------------
Time: 30.0042
Split Ratios: 1 1 1 1 1 1 1 1 1 1 1 1 1 1 1 1 1 1 1 1 1 1 1 1 1 1 1 1 1 1 
Delays: 0.00921762 0.00856365 0.0123106 0.00725897 0.0144861 0.00714666 0.00871487 0.0088159 0.0107125 0.0103303 0.015033 0.0107639 0.00617145 0.00571871 0.0135197 0.0122769 0.00894409 0.0143118 0.00877955 0.0123902 0.0080051 0.0115846 0.0138085 0.0145427 0.0126521 0.00587185 0.00888636 0.00800716 0.00572528 0.0109736 
Throughputs: 4.01408 2.5559 2.80166 4.39091 3.2768 2.98189 4.83328 3.85024 2.68698 3.24403 2.98189 4.12877 4.83328 3.21126 4.63667 3.14573 4.07962 2.63782 3.93216 3.44064 3.55533 3.60448 3.85024 3.81747 4.93158 4.70221 2.67059 3.09658 3.62086 2.83443 
Utility: 6.07645 5.69863 5.42751 6.40505 5.42143 6.03367 6.31825 6.07933 5.52476 5.7495 5.29007 5.94954 6.66335 6.33068 5.8376 5.54608 6.12276 5.21663 6.10452 5.62651 6.09612 5.74026 5.6306 5.57025 5.96559 6.68562 5.70554 5.95772 6.44958 5.55411 

--------------------------------------
Time: 30.5042
Split Ratios: 1 1 1 1 1 1 1 1 1 1 1 1 1 1 1 1 1 1 1 1 1 1 1 1 1 1 1 1 1 1 
Delays: 0.0092237 0.0085604 0.0128935 0.00726187 0.014502 0.00713793 0.00865798 0.00879546 0.011474 0.0102587 0.0148344 0.0105807 0.00607821 0.00572489 0.0144819 0.0118597 0.00882967 0.0142762 0.00875616 0.0129073 0.00876922 0.0115324 0.0143414 0.0145532 0.0137413 0.00582548 0.00879902 0.00862289 0.00573497 0.0115768 
Throughputs: 4.21069 2.7689 2.9655 4.30899 2.99827 2.32653 4.70221 3.94854 2.99827 3.22765 2.63782 3.91578 4.73498 3.16211 4.37453 2.62144 3.62086 2.58867 3.65363 3.42426 3.7847 2.89997 4.14515 3.50618 4.9152 4.93158 2.9655 3.11296 3.50618 3.3751 
Utility: 6.12361 5.77906 5.43808 6.38582 5.33151 5.78671 6.29731 6.10687 5.56571 5.75138 5.18076 5.91374 6.65802 6.31417 5.71065 5.39833 6.01635 5.20031 6.03372 5.58084 6.06748 5.5273 5.66654 5.48447 5.87968 6.74117 5.82016 5.88891 6.4157 5.67517 

--------------------------------------
Time: 31.0043
Split Ratios: 1 1 1 1 1 1 1 1 1 1 1 1 1 1 1 1 1 1 1 1 1 1 1 1 1 1 1 1 1 1 
Delays: 0.0092043 0.00856368 0.0126472 0.00724927 0.0144533 0.00713801 0.00869705 0.00882219 0.0109509 0.0102304 0.0148551 0.0106313 0.00603266 0.00573624 0.013558 0.0119859 0.00880939 0.0143055 0.00879045 0.0128416 0.00794973 0.0115909 0.014062 0.0145005 0.0124495 0.00581748 0.00878221 0.00828487 0.0057353 0.0113268 
Throughputs: 3.98131 2.89997 2.7689 4.63667 2.68698 2.80166 4.80051 3.73555 3.21126 2.99827 2.93274 3.7847 4.12877 3.22765 4.17792 3.12934 4.03046 2.70336 3.80109 3.29318 3.55533 3.50618 4.42368 3.53894 4.45645 4.75136 2.93274 2.94912 3.65363 3.26042 
Utility: 6.0697 5.82493 5.38877 6.46085 5.22525 5.97254 6.31349 6.04838 5.681 5.68042 5.28535 5.87492 6.52855 6.3327 5.73059 5.56485 6.12582 5.24161 6.06938 5.54692 6.10307 5.71206 5.75125 5.4974 5.88043 6.70532 5.81096 5.87483 6.45684 5.66244 

--------------------------------------
Time: 31.5044
Split Ratios: 1 1 1 1 1 1 1 1 1 1 1 1 1 1 1 1 1 1 1 1 1 1 1 1 1 1 1 1 1 1 
Delays: 0.00926959 0.00856389 0.0124135 0.00736285 0.0145574 0.007135 0.00868844 0.0088285 0.0106467 0.0102646 0.0148072 0.0107681 0.00614091 0.00571896 0.0135541 0.0119525 0.00890791 0.0142817 0.00878717 0.0125818 0.00800534 0.0115791 0.0139997 0.0146164 0.0123807 0.00582874 0.00870664 0.0081137 0.00574018 0.0111383 
Throughputs: 3.60448 2.70336 2.89997 4.42368 2.99827 2.50675 4.39091 4.07962 3.16211 3.21126 2.93274 3.67002 5.11181 3.19488 4.24346 2.98189 3.75194 2.73613 3.93216 3.42426 4.03046 3.3751 3.7847 3.44064 3.80109 4.75136 2.68698 2.83443 3.7847 3.5881 
Utility: 5.96319 5.7547 5.45367 6.39828 5.32769 5.86173 6.2253 6.13577 5.69374 5.74571 5.28857 5.83137 6.72434 6.32552 5.74644 5.51937 6.04309 5.25532 6.10365 5.60639 6.22153 5.67498 5.59969 5.46127 5.72691 6.70338 5.73209 5.85604 6.49123 5.77498 

--------------------------------------
Time: 32.0046
Split Ratios: 1 1 1 1 1 1 1 1 1 1 1 1 1 1 1 1 1 1 1 1 1 1 1 1 1 1 1 1 1 1 
Delays: 0.00920607 0.00855293 0.0124675 0.00723148 0.0145874 0.0071315 0.00870617 0.00882059 0.0106552 0.0103071 0.0148991 0.0106161 0.0060601 0.00573374 0.0133838 0.0120598 0.00880963 0.0143138 0.00876468 0.0126791 0.0078328 0.0115366 0.0141246 0.0145407 0.0123591 0.00585988 0.00884833 0.00814029 0.00573385 0.0112616 
Throughputs: 3.83386 2.31014 3.29318 4.42368 3.26042 2.83443 4.63667 4.29261 3.45702 2.68698 3.2768 3.75194 4.63667 3.08019 4.35814 3.09658 3.70278 2.71974 3.98131 3.60448 3.39149 2.88358 3.88301 3.57171 3.73555 4.84966 2.34291 3.1785 3.55533 3.11296 
Utility: 6.03176 5.59879 5.57648 6.41628 5.40945 5.98508 6.27772 6.18756 5.78212 5.56334 5.39332 5.86766 6.64003 6.28638 5.78576 5.54818 6.04099 5.24707 6.11864 5.64998 6.0707 5.52127 5.61645 5.50385 5.71126 6.71853 5.57892 5.96734 6.42982 5.62193 

--------------------------------------
Time: 32.5048
Split Ratios: 1 1 1 1 1 1 1 1 1 1 1 1 1 1 1 1 1 1 1 1 1 1 1 1 1 1 1 1 1 1 
Delays: 0.00909479 0.00855429 0.0121925 0.00724293 0.0145366 0.00715137 0.00867889 0.00876647 0.0112371 0.0102569 0.0147827 0.0105221 0.00598319 0.00574187 0.0139523 0.0118323 0.00880203 0.0142954 0.00876552 0.0124597 0.00820657 0.0115884 0.013786 0.0144765 0.0127315 0.00590408 0.00874336 0.00791517 0.00572684 0.010983 
Throughputs: 3.71917 2.81805 2.39206 4.30899 3.45702 2.8672 4.84966 4.01408 3.40787 3.12934 3.03104 3.60448 4.22707 3.52256 5.25926 3.22765 3.7847 2.4576 3.86662 3.19488 3.5881 3.35872 4.39091 3.52256 4.17792 4.9152 2.93274 3.21126 3.48979 3.21126 
Utility: 6.01355 5.79737 5.27909 6.38843 5.4715 5.99379 6.32577 6.12663 5.71462 5.72063 5.32321 5.83646 6.56031 6.41916 5.93211 5.60868 6.06374 5.147 6.08931 5.54681 6.08044 5.66931 5.76364 5.49441 5.79349 6.72444 5.8154 6.00564 6.41243 5.67807 

--------------------------------------
Time: 33.0049
Split Ratios: 1 1 1 1 1 1 1 1 1 1 1 1 1 1 1 1 1 1 1 1 1 1 1 1 1 1 1 1 1 1 
Delays: 0.00912862 0.00855259 0.012237 0.007299 0.0145765 0.00715695 0.00866189 0.00880325 0.0110311 0.0103146 0.0148063 0.0106047 0.00609902 0.00570901 0.013703 0.0119949 0.00889583 0.014322 0.00875708 0.0123698 0.00826219 0.0115435 0.0138859 0.0146279 0.0126058 0.00584454 0.00876398 0.00800601 0.00574679 0.0110329 
Throughputs: 4.17792 2.58867 2.70336 5.09542 3.12934 2.7689 4.35814 3.83386 3.39149 2.8672 2.80166 3.88301 4.58752 3.12934 4.9152 2.89997 4.17792 2.52314 4.03046 3.30957 3.83386 3.03104 4.25984 3.65363 4.11238 4.78413 2.50675 3.09658 3.65363 3.29318 
Utility: 6.12615 5.71267 5.39778 6.54836 5.36917 5.95812 6.22087 6.07651 5.72831 5.62753 5.24292 5.90307 6.62297 6.30653 5.88247 5.48797 6.15199 5.17146 6.13177 5.58931 6.13994 5.57054 5.72611 5.52055 5.7876 6.70755 5.65609 5.95786 6.45483 5.69872 

--------------------------------------
Time: 33.5049
Split Ratios: 1 1 1 1 1 1 1 1 1 1 1 1 1 1 1 1 1 1 1 1 1 1 1 1 1 1 1 1 1 1 
Delays: 0.00908703 0.00856788 0.0126283 0.00722829 0.0144816 0.00717538 0.00868074 0.00880203 0.0107862 0.010252 0.0147163 0.0106416 0.00601185 0.00572641 0.013593 0.0118681 0.00883112 0.0142656 0.00875033 0.0128195 0.00797998 0.0115376 0.0142917 0.0145173 0.0124311 0.00582865 0.00874469 0.00828133 0.00572719 0.0113294 
Throughputs: 4.14515 2.47398 2.78528 4.37453 2.88358 2.85082 4.78413 3.50618 3.22765 2.88358 3.03104 3.53894 4.65306 3.06381 4.29261 2.91635 3.89939 2.5559 4.1943 3.29318 3.50618 3.30957 4.17792 3.52256 4.52198 4.65306 2.52314 3.50618 3.62086 3.3751 
Utility: 6.12285 5.66557 5.39616 6.40555 5.29391 5.9847 6.31195 5.9873 5.70124 5.63932 5.32771 5.80681 6.65155 6.28232 5.75509 5.50423 6.09029 5.18831 6.17239 5.54864 6.08534 5.65896 5.67789 5.4916 5.8965 6.68249 5.66481 6.04828 6.44924 5.69678 

--------------------------------------
Time: 34.005
Split Ratios: 1 1 1 1 1 1 1 1 1 1 1 1 1 1 1 1 1 1 1 1 1 1 1 1 1 1 1 1 1 1 
Delays: 0.0092464 0.00855815 0.0125852 0.00721893 0.0144699 0.00715262 0.0087067 0.00882449 0.0107116 0.01035 0.0147738 0.0106473 0.00606914 0.00573077 0.0134703 0.0119073 0.00884977 0.0142733 0.00874254 0.0129009 0.00789896 0.0115665 0.0141901 0.0145406 0.0123914 0.00582681 0.00885727 0.00850743 0.00572583 0.0113417 
Throughputs: 4.03046 2.39206 2.8672 4.47283 2.98189 2.75251 4.76774 3.88301 3.06381 3.09658 3.1785 3.62086 4.96435 3.30957 4.32538 3.26042 3.91578 2.71974 3.63725 2.99827 3.73555 3.34234 4.21069 3.50618 4.65306 5.07904 2.70336 3.60448 3.57171 3.03104 
Utility: 6.0774 5.63303 5.42857 6.42907 5.32824 5.95279 6.30554 6.08683 5.65609 5.70107 5.37131 5.82916 6.70682 6.35872 5.77177 5.61246 6.09238 5.2499 6.03078 5.44849 6.15892 5.66631 5.69284 5.48533 5.92827 6.77041 5.72101 6.04899 6.43581 5.58818 

--------------------------------------
Time: 34.5051
Split Ratios: 1 1 1 1 1 1 1 1 1 1 1 1 1 1 1 1 1 1 1 1 1 1 1 1 1 1 1 1 1 1 
Delays: 0.00925135 0.00856368 0.0125958 0.00731362 0.0145451 0.00714128 0.00866545 0.00894842 0.0114016 0.0102763 0.0149422 0.010767 0.00606396 0.00572057 0.0140985 0.012036 0.00887236 0.0143097 0.008694 0.0127624 0.00857912 0.0115442 0.0142075 0.0145636 0.0130273 0.00581925 0.00877493 0.00821813 0.00572643 0.0112353 
Throughputs: 4.11238 2.67059 3.04742 4.66944 3.40787 2.7689 4.75136 4.1943 2.8672 2.89997 3.08019 3.91578 4.70221 2.98189 4.71859 3.24403 3.70278 3.21126 3.5881 3.34234 3.89939 3.09658 4.44006 3.9977 4.88243 4.65306 2.80166 3.2768 3.03104 3.12934 
Utility: 6.09699 5.74252 5.48869 6.45906 5.45659 5.96031 6.30684 6.15001 5.52734 5.64262 5.32856 5.89629 6.65342 6.25624 5.8132 5.59667 6.0339 5.41348 6.02274 5.56792 6.11924 5.59187 5.74465 5.61495 5.92635 6.68411 5.76607 5.98828 6.27157 5.62952 

--------------------------------------
Time: 35.0055
Split Ratios: 1 1 1 1 1 1 1 1 1 1 1 1 1 1 1 1 1 1 1 1 1 1 1 1 1 1 1 1 1 1 
Delays: 0.00918368 0.00856743 0.0123377 0.00723573 0.0145061 0.00716887 0.00866404 0.00877014 0.0106872 0.0102695 0.0148656 0.0107191 0.00603069 0.00571591 0.0134303 0.0118972 0.00880528 0.014323 0.00874926 0.0125148 0.00785097 0.0115542 0.0139337 0.0144883 0.0122456 0.00579153 0.00872333 0.00807791 0.00573768 0.0111327 
Throughputs: 3.86662 2.89997 2.42483 4.35814 3.29318 2.80166 5.14458 3.67002 3.11296 3.22765 2.8672 3.91578 3.96493 3.09658 4.11238 3.35872 3.62086 2.80166 3.94854 3.04742 3.86662 3.3751 4.29261 3.93216 3.73555 4.25984 2.68698 3.42426 3.30957 3.04742 
Utility: 6.04271 5.82449 5.28086 6.40077 5.42504 5.96822 6.38652 6.0366 5.67428 5.75033 5.26204 5.90074 6.48838 6.2948 5.72425 5.64301 6.01912 5.2761 6.11213 5.49514 6.1995 5.67713 5.73034 5.6036 5.72048 6.60059 5.73017 6.04951 6.35752 5.61217 

--------------------------------------
Time: 35.5055
Split Ratios: 1 1 1 1 1 1 1 1 1 1 1 1 1 1 1 1 1 1 1 1 1 1 1 1 1 1 1 1 1 1 
Delays: 0.00920143 0.00856691 0.0123719 0.00725999 0.0145706 0.00713678 0.00866159 0.00873692 0.0106156 0.0103029 0.0148187 0.0107357 0.00617482 0.00572141 0.0133846 0.0118936 0.00897188 0.0142835 0.00873437 0.0124533 0.00785006 0.0115341 0.0139171 0.0147118 0.012433 0.00586497 0.00879394 0.00800923 0.00572557 0.0109321 
Throughputs: 4.17792 2.83443 2.78528 4.14515 3.40787 2.7689 4.88243 3.86662 2.91635 3.24403 2.91635 4.01408 4.93158 3.34234 4.35814 3.01466 4.29261 2.65421 4.07962 2.89997 3.60448 2.80166 3.88301 3.81747 4.06323 4.80051 2.71974 3.09658 3.11296 3.06381 
Utility: 6.11821 5.80169 5.41667 6.34732 5.45484 5.96094 6.3345 6.09258 5.61576 5.75214 5.2822 5.92399 6.68294 6.37021 5.7857 5.53524 6.17055 5.2248 6.14649 5.45047 6.12941 5.49266 5.63125 5.55869 5.78938 6.70748 5.73423 5.95746 6.29839 5.63571 

--------------------------------------
Time: 36.0057
Split Ratios: 1 1 1 1 1 1 1 1 1 1 1 1 1 1 1 1 1 1 1 1 1 1 1 1 1 1 1 1 1 1 
Delays: 0.00931941 0.00857555 0.0121426 0.00728848 0.0145719 0.00714586 0.0087226 0.00888664 0.0109037 0.0102325 0.0150623 0.0107523 0.0061249 0.00572256 0.0135169 0.0122059 0.00883496 0.014296 0.00877674 0.0122593 0.00793993 0.011639 0.013611 0.0145561 0.0125538 0.00583295 0.00885649 0.00784642 0.00572233 0.0108642 
Throughputs: 4.29261 2.57229 2.78528 4.48922 3.34234 2.63782 4.89882 3.81747 3.11296 2.93274 3.44064 4.01408 5.29203 3.34234 4.44006 3.11296 3.5881 3.24403 3.91578 3.26042 3.55533 3.91578 4.03046 3.67002 4.1943 4.58752 2.88358 2.91635 3.62086 3.11296 
Utility: 6.13255 5.70364 5.43539 6.42314 5.43533 5.91118 6.33083 6.0628 5.65423 5.65812 5.43122 5.92245 6.7616 6.37001 5.79448 5.54141 6.00666 5.4246 6.10066 5.58332 6.1043 5.81841 5.69076 5.52994 5.81146 6.66757 5.78564 5.91803 6.45009 5.65785 

