--------------------------------------
Time: 5.50005
Split Ratios: 1 1 1 1 1 1 1 1 1 1 1 1 1 1 1 1 1 1 1 1 
Delays: 0.0114856 0.0114682 0.0129414 0.0114073 0.0128852 0.00713925 0.00861303 0.0100299 0.00715918 0.00998546 0.0129541 0.0115313 0.007132 0.00581706 0.00862135 0.00713788 0.011625 0.0100543 0.0129137 0.0100383 
Throughputs: 3.22765 2.7689 3.11296 2.26099 2.57229 2.5559 2.93274 2.06438 3.52256 2.57229 3.24403 1.88416 1.98246 2.98189 2.1463 3.12934 2.89997 2.22822 3.26042 2.67059 
Utility: 5.63841 5.48662 5.4829 5.2893 5.29647 5.88055 5.83041 5.32702 6.19855 5.55142 5.52316 5.09617 5.6275 6.23952 5.51726 6.08316 5.5193 5.40096 5.53132 5.58365 

--------------------------------------
Time: 6.00014
Split Ratios: 1 1 1 1 1 1 1 1 1 1 1 1 1 1 1 1 1 1 1 1 
Delays: 0.0114713 0.0114731 0.0129308 0.0113968 0.0128823 0.00712753 0.00861341 0.0100433 0.0071689 0.00997959 0.0129266 0.0115175 0.00713363 0.00586744 0.00858894 0.00714792 0.0116253 0.0100721 0.0129357 0.0100618 
Throughputs: 2.9655 3.21126 2.9655 2.5559 2.19546 2.4576 2.63782 2.63782 3.83386 2.62144 3.3751 2.3593 2.26099 3.30957 1.86778 3.5881 2.98189 2.4576 2.83443 2.57229 
Utility: 5.55495 5.63442 5.43519 5.41283 5.13829 5.84298 5.72439 5.57081 6.28187 5.57094 5.5649 5.32225 5.75874 6.33516 5.38203 6.21856 5.54713 5.49717 5.38961 5.5438 

--------------------------------------
Time: 6.50021
Split Ratios: 1 1 1 1 1 1 1 1 1 1 1 1 1 1 1 1 1 1 1 1 
Delays: 0.0114597 0.0114716 0.0129317 0.0113934 0.0128832 0.00713275 0.00861622 0.0100509 0.00713268 0.0099789 0.0128932 0.0114998 0.00712395 0.00582606 0.00858443 0.00713601 0.0115596 0.0100922 0.0128535 0.0100338 
Throughputs: 3.47341 3.1785 2.78528 2.27738 2.37568 2.26099 2.98189 2.1463 3.48979 2.71974 2.7689 2.11354 2.09715 3.06381 1.81862 3.34234 2.9655 2.65421 3.14573 2.67059 
Utility: 5.71405 5.62429 5.37242 5.29774 5.21712 5.75886 5.84667 5.36384 6.19291 5.60782 5.3695 5.21379 5.68487 6.26507 5.35589 6.14927 5.54728 5.57214 5.50019 5.58409 

--------------------------------------
Time: 7.00026
Split Ratios: 1 1 1 1 1 1 1 1 1 1 1 1 1 1 1 1 1 1 1 1 
Delays: 0.0114588 0.0114653 0.0129269 0.0113904 0.0128947 0.00712291 0.00859456 0.0100216 0.00715908 0.00996733 0.0129107 0.0115438 0.00713829 0.00583821 0.00857658 0.00714571 0.011529 0.0100513 0.0128843 0.0100346 
Throughputs: 3.12934 2.94912 2.91635 2.4576 2.71974 2.47398 3.04742 2.94912 3.5881 2.70336 3.12934 2.21184 1.98246 3.19488 1.7367 3.73555 2.8672 2.26099 2.5559 2.58867 
Utility: 5.60982 5.54993 5.41878 5.37417 5.35148 5.85027 5.87092 5.68452 6.217 5.60294 5.49052 5.25543 5.62662 6.30488 5.31071 6.25914 5.51622 5.41585 5.29015 5.55287 

--------------------------------------
Time: 7.50028
Split Ratios: 1 1 1 1 1 1 1 1 1 1 1 1 1 1 1 1 1 1 1 1 
Delays: 0.0114507 0.0114546 0.0129102 0.0113952 0.0129278 0.00714677 0.00860318 0.0100176 0.00714816 0.00996761 0.012989 0.0115268 0.00714376 0.0058471 0.00862875 0.00714978 0.0116066 0.0100617 0.0129306 0.0100159 
Throughputs: 3.09658 2.81805 2.85082 2.24461 2.53952 2.26099 2.98189 2.47398 3.91578 2.63782 3.47341 2.21184 2.37568 3.62086 1.88416 3.19488 2.7689 2.32653 3.08019 2.75251 
Utility: 5.6 5.50541 5.39734 5.2831 5.28035 5.7569 5.84818 5.50924 6.30591 5.57837 5.58879 5.2569 5.8068 6.42852 5.38614 6.10222 5.47463 5.44339 5.47315 5.6161 

--------------------------------------
Time: 8.00043
Split Ratios: 1 1 1 1 1 1 1 1 1 1 1 1 1 1 1 1 1 1 1 1 
Delays: 0.0114872 0.011476 0.0129301 0.01141 0.0128612 0.00712269 0.00861938 0.0100253 0.00715853 0.0100027 0.0129391 0.0115334 0.00713423 0.00582455 0.00856333 0.00716318 0.011579 0.0101003 0.0128791 0.0100212 
Throughputs: 3.06381 3.1785 2.85082 2.42483 2.26099 2.40845 3.16211 2.60506 3.76832 2.62144 3.01466 2.11354 2.01523 3.06381 1.68755 3.42426 2.93274 2.40845 2.88358 2.65421 
Utility: 5.58618 5.62391 5.3958 5.35903 5.16935 5.82345 5.90498 5.5601 6.26608 5.56862 5.45099 5.21087 5.64359 6.26533 5.28354 6.16969 5.5345 5.47417 5.41119 5.57919 

--------------------------------------
Time: 8.50056
Split Ratios: 1 1 1 1 1 1 1 1 1 1 1 1 1 1 1 1 1 1 1 1 
Delays: 0.0114573 0.0114829 0.012967 0.0113926 0.0128784 0.00713189 0.00861095 0.0100172 0.00717216 0.00998515 0.0130207 0.0115435 0.00712548 0.00584853 0.00858176 0.0071477 0.0116264 0.010039 0.0129429 0.0100213 
Throughputs: 3.42426 2.63782 3.04742 2.29376 2.37568 2.31014 2.73613 2.71974 3.91578 2.80166 3.44064 2.1463 1.99885 3.40787 1.90054 3.16211 3.19488 2.65421 3.22765 2.68698 
Utility: 5.70001 5.43685 5.45964 5.30498 5.21749 5.78049 5.76126 5.60399 6.30256 5.63687 5.57688 5.22538 5.63665 6.36765 5.40026 6.09221 5.61602 5.57743 5.51896 5.59146 

--------------------------------------
Time: 9.00056
Split Ratios: 1 1 1 1 1 1 1 1 1 1 1 1 1 1 1 1 1 1 1 1 
Delays: 0.0114661 0.011456 0.0129416 0.0114004 0.0128927 0.00714801 0.00859599 0.0100646 0.0071518 0.00999577 0.0129297 0.0115282 0.00712832 0.00584001 0.00857829 0.00716603 0.0115508 0.0100671 0.0129273 0.0100661 
Throughputs: 3.32595 2.91635 3.14573 2.24461 2.60506 2.58867 2.88358 2.98189 3.88301 2.85082 3.21126 2.12992 1.88416 3.26042 1.76947 3.06381 2.89997 2.67059 3.26042 2.94912 
Utility: 5.67012 5.53957 5.49335 5.28264 5.30855 5.89207 5.81549 5.69129 6.297 5.6532 5.51489 5.21904 5.57716 6.32488 5.3292 6.05806 5.5257 5.58078 5.53027 5.68009 

--------------------------------------
Time: 9.50123
Split Ratios: 1 1 1 1 1 1 1 1 1 1 1 1 1 1 1 1 1 1 1 1 
Delays: 0.0114708 0.0114666 0.0128869 0.0113832 0.0128927 0.00712257 0.00860938 0.0100222 0.00715522 0.00998521 0.012936 0.011579 0.00713461 0.00581836 0.00858952 0.00714242 0.0115641 0.0100713 0.0128969 0.0100383 
Throughputs: 3.45702 3.12934 2.8672 2.09715 2.16269 2.21184 3.03104 2.81805 3.47341 3.01466 3.29318 1.99885 2.31014 3.03104 1.6384 3.26042 2.98189 2.17907 3.08019 2.81805 
Utility: 5.70836 5.60914 5.40488 5.21619 5.12245 5.73831 5.86381 5.639 6.18505 5.71014 5.5396 5.15113 5.78011 6.25564 5.25093 6.12356 5.55241 5.37697 5.47576 5.6374 

--------------------------------------
Time: 10.0015
Split Ratios: 1 1 1 1 1 1 1 1 1 1 1 1 1 1 1 1 1 1 1 1 
Delays: 0.0114596 0.0114732 0.0129221 0.0113852 0.0128669 0.00712218 0.00859923 0.010046 0.00714363 0.00997246 0.0129148 0.0114869 0.007138 0.00580933 0.00856146 0.00713195 0.0115654 0.0100994 0.0128697 0.0100937 
Throughputs: 3.12934 3.06381 2.91635 2.09715 2.16269 1.99885 2.89997 2.63782 3.81747 2.4576 3.01466 1.6384 2.22822 3.22765 2.06438 3.12934 2.65421 2.58867 2.85082 2.89997 
Utility: 5.60975 5.5874 5.41915 5.21602 5.12445 5.63711 5.82078 5.57054 6.28112 5.50711 5.45287 4.96027 5.74353 6.32004 5.48532 6.08399 5.43588 5.54642 5.40048 5.66055 

--------------------------------------
Time: 10.5016
Split Ratios: 1 1 1 1 1 1 1 1 1 1 1 1 1 1 1 1 1 1 1 1 
Delays: 0.0115154 0.0114948 0.0129485 0.0114111 0.0129036 0.00712252 0.00859696 0.0100675 0.00714065 0.00998784 0.0129445 0.0115421 0.00713613 0.00582643 0.00860476 0.00715965 0.0116301 0.0100764 0.012907 0.0100477 
Throughputs: 3.09658 2.93274 2.85082 2.3593 2.39206 2.06438 2.99827 2.68698 3.85024 2.44122 3.63725 1.93331 2.42483 3.35872 1.99885 3.53894 2.83443 2.29376 3.3751 2.89997 
Utility: 5.59437 5.54179 5.39438 5.33153 5.22241 5.66933 5.85438 5.58686 6.29009 5.49888 5.63831 5.12099 5.82835 6.35691 5.44801 6.20312 5.496 5.42775 5.56641 5.66511 

--------------------------------------
Time: 11.0016
Split Ratios: 1 1 1 1 1 1 1 1 1 1 1 1 1 1 1 1 1 1 1 1 
Delays: 0.0114902 0.0114753 0.0129013 0.011393 0.0128665 0.00714035 0.00861497 0.0099972 0.00714637 0.00998396 0.0129751 0.0115144 0.0071548 0.00579993 0.00859176 0.00715348 0.0115595 0.0100547 0.0128936 0.0100363 
Throughputs: 3.26042 3.06381 2.94912 2.12992 2.50675 2.17907 3.11296 2.57229 3.67002 2.68698 3.52256 2.048 2.31014 3.14573 2.09715 3.29318 2.85082 2.32653 3.09658 2.71974 
Utility: 5.64812 5.58721 5.43194 5.23084 5.27212 5.72089 5.88983 5.55025 6.24135 5.59519 5.60391 5.18102 5.77728 6.29596 5.49753 6.13201 5.50786 5.44409 5.48132 5.60209 

--------------------------------------
Time: 11.5016
Split Ratios: 1 1 1 1 1 1 1 1 1 1 1 1 1 1 1 1 1 1 1 1 
Delays: 0.0115054 0.0114711 0.0129315 0.0114008 0.0128733 0.00713988 0.00860196 0.0100224 0.00715181 0.00998213 0.0129382 0.0114972 0.00713748 0.0057978 0.00857816 0.0071562 0.011564 0.0100944 0.0129364 0.0100461 
Throughputs: 3.06381 3.06381 2.8672 1.91693 2.67059 2.44122 3.01466 2.7689 3.71917 3.12934 3.40787 1.98246 2.06438 3.30957 1.86778 3.44064 2.68698 2.26099 3.14573 2.65421 
Utility: 5.5846 5.58758 5.40142 5.1248 5.3349 5.83456 5.85925 5.62138 6.25389 5.74778 5.57366 5.15 5.66723 6.34709 5.38328 6.17543 5.44828 5.41158 5.49376 5.57672 

--------------------------------------
Time: 12.0018
Split Ratios: 1 1 1 1 1 1 1 1 1 1 1 1 1 1 1 1 1 1 1 1 
Delays: 0.0114752 0.0114592 0.0128922 0.0114008 0.0128705 0.00711974 0.00862262 0.0100172 0.00716291 0.00999299 0.0129563 0.0115235 0.00715336 0.0058327 0.00858912 0.00714564 0.0115517 0.010058 0.012899 0.0100187 
Throughputs: 3.06381 3.16211 2.85082 2.31014 2.22822 1.93331 2.91635 2.50675 3.86662 2.9655 3.14573 1.88416 2.44122 3.50618 1.85139 3.7847 2.67059 2.19546 3.5881 2.39206 
Utility: 5.58722 5.6202 5.39874 5.31138 5.15402 5.60412 5.8237 5.52244 6.29122 5.69292 5.49222 5.09684 5.83267 6.3988 5.3732 6.27222 5.44323 5.38578 5.62823 5.47546 

--------------------------------------
Time: 12.5023
Split Ratios: 1 1 1 1 1 1 1 1 1 1 1 1 1 1 1 1 1 1 1 1 
Delays: 0.0114492 0.011459 0.012914 0.0113879 0.0128847 0.00712568 0.00860736 0.0100418 0.00714418 0.00998749 0.0129242 0.0115353 0.00714175 0.00583516 0.00856858 0.00714631 0.0115938 0.0100667 0.0128744 0.0100154 
Throughputs: 3.2768 2.8672 2.78528 2.37568 2.27738 2.34291 3.21126 2.4576 3.63725 2.75251 2.99827 2.27738 2.37568 3.52256 1.98246 3.29318 2.7689 2.5559 3.19488 2.68698 
Utility: 5.6567 5.52231 5.37379 5.34049 5.17474 5.79544 5.9218 5.50018 6.23268 5.61894 5.44669 5.28537 5.80708 6.40304 5.44399 6.13301 5.47573 5.53693 5.51407 5.59205 

--------------------------------------
Time: 13.0025
Split Ratios: 1 1 1 1 1 1 1 1 1 1 1 1 1 1 1 1 1 1 1 1 
Delays: 0.011443 0.0114485 0.0129436 0.011395 0.0129196 0.00713673 0.0086138 0.0100244 0.00715171 0.00999057 0.0129461 0.0115372 0.00713777 0.00585688 0.00860247 0.007156 0.0115681 0.0100894 0.0128911 0.0100361 
Throughputs: 3.26042 3.06381 3.26042 2.32653 2.39206 2.11354 2.98189 2.70336 4.11238 2.80166 3.35872 2.03162 2.3593 3.3751 1.9497 3.45702 2.65421 2.31014 3.35872 2.68698 
Utility: 5.65223 5.58956 5.52901 5.31896 5.22117 5.69086 5.84695 5.59723 6.35441 5.63633 5.55852 5.17101 5.80072 6.35656 5.42338 6.18021 5.43565 5.43358 5.56278 5.58999 

--------------------------------------
Time: 13.5025
Split Ratios: 1 1 1 1 1 1 1 1 1 1 1 1 1 1 1 1 1 1 1 1 
Delays: 0.0114775 0.0114458 0.0129192 0.0113899 0.0129023 0.00712431 0.00857642 0.0100351 0.00714759 0.0099972 0.0129314 0.0115022 0.0071337 0.00580741 0.00858248 0.0071398 0.011614 0.0100563 0.0129041 0.0100101 
Throughputs: 3.30957 2.83443 3.09658 2.11354 2.29376 2.11354 2.58867 2.47398 4.01408 2.73613 3.22765 2.08077 2.34291 3.32595 1.83501 3.11296 2.58867 2.4576 3.1785 2.62144 
Utility: 5.66419 5.51197 5.47934 5.22339 5.18054 5.6926 5.70988 5.5075 6.33079 5.61199 5.51985 5.19795 5.79432 6.35038 5.36508 6.07764 5.40669 5.49874 5.50662 5.56788 

--------------------------------------
Time: 14.0031
Split Ratios: 1 1 1 1 1 1 1 1 1 1 1 1 1 1 1 1 1 1 1 1 
Delays: 0.0114771 0.0114725 0.0129469 0.0114036 0.0129197 0.00716285 0.00859638 0.0100732 0.0071779 0.00998272 0.0129469 0.0115474 0.0071252 0.00582749 0.0085751 0.00714692 0.0116328 0.010043 0.0129057 0.0100522 
Throughputs: 2.98189 3.11296 2.81805 2.1463 2.62144 2.42483 2.85082 2.26099 3.94854 2.68698 3.32595 2.09715 2.12992 3.40787 1.9497 3.24403 2.94912 2.26099 3.2768 2.99827 
Utility: 5.55996 5.60337 5.38294 5.23757 5.31272 5.82461 5.80402 5.41368 6.3101 5.59532 5.54865 5.20187 5.7002 6.37126 5.42657 6.11789 5.53544 5.41668 5.53696 5.698 

--------------------------------------
Time: 14.5032
Split Ratios: 1 1 1 1 1 1 1 1 1 1 1 1 1 1 1 1 1 1 1 1 
Delays: 0.0114585 0.0114552 0.0129084 0.0114019 0.0128869 0.007124 0.00861667 0.0100446 0.0071697 0.00999338 0.0129255 0.0115229 0.0071418 0.00584522 0.00859104 0.00716829 0.0115539 0.0100904 0.012901 0.0101025 
Throughputs: 2.93274 3.04742 3.03104 2.24461 2.42483 2.3593 2.88358 2.40845 3.86662 2.94912 3.08019 1.98246 2.24461 3.04742 1.81862 3.62086 3.04742 2.44122 3.19488 2.68698 
Utility: 5.54496 5.58361 5.45878 5.28251 5.2373 5.80265 5.81309 5.4797 6.29027 5.68734 5.47355 5.14776 5.75032 6.25643 5.35512 6.2248 5.57503 5.48867 5.512 5.58339 

--------------------------------------
Time: 15.0032
Split Ratios: 1 1 1 1 1 1 1 1 1 1 1 1 1 1 1 1 1 1 1 1 
Delays: 0.0114543 0.0114787 0.0129504 0.011388 0.0128983 0.00713781 0.00858334 0.0100272 0.00716332 0.00998501 0.0129523 0.0114924 0.00713648 0.00579908 0.00857254 0.00714434 0.011565 0.0100429 0.0129047 0.0100381 
Throughputs: 2.98189 3.2768 3.34234 2.31014 2.31014 2.47398 2.67059 2.37568 3.83386 2.91635 2.88358 2.09715 2.53952 2.99827 1.68755 3.39149 2.71974 2.37568 3.06381 3.06381 
Utility: 5.56195 5.65413 5.5533 5.3125 5.18797 5.84818 5.74023 5.46774 6.28265 5.677 5.40552 5.20665 5.87451 6.24809 5.28247 6.1627 5.46031 5.46617 5.46982 5.72103 

--------------------------------------
Time: 15.5033
Split Ratios: 1 1 1 1 1 1 1 1 1 1 1 1 1 1 1 1 1 1 1 1 
Delays: 0.0114688 0.0114687 0.0128828 0.0114092 0.0128875 0.00714795 0.00861985 0.0100063 0.00714208 0.00997476 0.012929 0.0114949 0.00712239 0.00582611 0.00857236 0.00714836 0.011594 0.0101175 0.01288 0.0100249 
Throughputs: 2.89997 3.06381 2.62144 2.24461 2.57229 2.65421 2.94912 2.81805 3.42426 2.39206 3.03104 1.99885 2.26099 3.21126 1.88416 3.29318 3.06381 2.50675 2.88358 2.52314 
Utility: 5.53283 5.5878 5.31558 5.28187 5.2963 5.91708 5.83519 5.64059 6.17264 5.47985 5.45719 5.15842 5.76032 6.31207 5.39269 6.13273 5.57693 5.51247 5.41111 5.52818 

--------------------------------------
Time: 16.0035
Split Ratios: 1 1 1 1 1 1 1 1 1 1 1 1 1 1 1 1 1 1 1 1 
Delays: 0.0114488 0.0114716 0.0129743 0.0113833 0.0128899 0.00713153 0.00861601 0.0100356 0.00714268 0.00999075 0.0129293 0.0115347 0.0071421 0.00586081 0.00860677 0.00714668 0.0116338 0.0100528 0.0128659 0.0100164 
Throughputs: 3.09658 3.03104 2.94912 1.91693 2.52314 2.17907 3.08019 2.94912 3.48979 2.57229 3.14573 1.86778 2.08077 3.47341 2.26099 3.32595 2.94912 2.37568 3.01466 2.88358 
Utility: 5.60017 5.57678 5.4263 5.12633 5.27681 5.72213 5.87913 5.68313 6.19151 5.55089 5.49431 5.08715 5.67448 6.3846 5.57101 6.14286 5.53535 5.46519 5.45666 5.66257 

--------------------------------------
Time: 16.5038
Split Ratios: 1 1 1 1 1 1 1 1 1 1 1 1 1 1 1 1 1 1 1 1 
Delays: 0.0114669 0.0114587 0.0129743 0.0113949 0.0129059 0.00712998 0.00861247 0.0100244 0.00715708 0.0099859 0.0129612 0.0115438 0.00713858 0.00590913 0.00858889 0.00714132 0.0116436 0.0100875 0.0128902 0.0100218 
Throughputs: 3.12934 2.88358 3.3751 2.12992 1.86778 2.68698 2.42483 2.08077 3.34234 2.44122 3.09658 2.11354 2.048 3.71917 2.17907 3.39149 3.21126 2.57229 3.30957 2.73613 
Utility: 5.60911 5.52804 5.56121 5.23067 4.97482 5.93186 5.64031 5.33547 6.14632 5.49908 5.47609 5.20997 5.6591 6.44476 5.53618 6.16313 5.61966 5.54125 5.5481 5.60954 

--------------------------------------
Time: 17.0041
Split Ratios: 1 1 1 1 1 1 1 1 1 1 1 1 1 1 1 1 1 1 1 1 
Delays: 0.0114771 0.0114665 0.0129316 0.0113952 0.0128868 0.0071251 0.00860423 0.0100366 0.00717095 0.0100001 0.0128839 0.0115063 0.00715348 0.00581123 0.00858019 0.00715061 0.0115465 0.0100557 0.012898 0.0100268 
Throughputs: 3.26042 2.98189 3.09658 2.60506 2.52314 2.21184 2.7689 2.40845 3.73555 2.88358 3.09658 2.21184 2.34291 3.24403 1.78586 3.11296 2.5559 2.53952 3.04742 2.7689 
Utility: 5.64926 5.56088 5.47838 5.43201 5.27705 5.73796 5.77395 5.4805 6.25561 5.66419 5.48207 5.25868 5.79155 6.32478 5.3382 6.07613 5.39978 5.5316 5.46498 5.62094 

--------------------------------------
Time: 17.5041
Split Ratios: 1 1 1 1 1 1 1 1 1 1 1 1 1 1 1 1 1 1 1 1 
Delays: 0.0114641 0.0114702 0.0129379 0.0113861 0.0128692 0.00713762 0.00858404 0.0100231 0.00715903 0.00997047 0.0129439 0.0115004 0.00714266 0.00580905 0.00859441 0.00715835 0.0115639 0.0100818 0.0129169 0.0100187 
Throughputs: 3.44064 3.24403 3.12934 2.16269 1.90054 2.47398 2.91635 2.42483 3.48979 2.27738 3.34234 2.01523 2.17907 2.94912 1.98246 3.44064 2.91635 3.01466 3.26042 2.47398 
Utility: 5.7042 5.64482 5.48842 5.24671 4.99506 5.84821 5.82818 5.48863 6.18922 5.43115 5.5538 5.16611 5.72057 6.22984 5.44098 6.17513 5.5302 5.70051 5.53107 5.50913 

--------------------------------------
Time: 18.0042
Split Ratios: 1 1 1 1 1 1 1 1 1 1 1 1 1 1 1 1 1 1 1 1 
Delays: 0.0115073 0.01148 0.0129956 0.0114006 0.0129123 0.00714365 0.00860857 0.0100054 0.00715423 0.0099829 0.0129339 0.0115223 0.00713578 0.00586027 0.00857519 0.0071559 0.0115978 0.0100679 0.0128705 0.010002 
Throughputs: 3.19488 3.16211 3.44064 2.11354 2.63782 2.58867 2.98189 2.01523 3.91578 2.62144 2.94912 1.90054 2.08077 3.47341 2.01523 3.35872 3.03104 2.80166 2.60506 2.75251 
Utility: 5.62632 5.61839 5.5788 5.22245 5.31953 5.89268 5.84755 5.30537 6.30507 5.57061 5.42941 5.10561 5.67537 6.3847 5.45962 6.15138 5.56585 5.62862 5.31027 5.61749 

--------------------------------------
Time: 18.5043
Split Ratios: 1 1 1 1 1 1 1 1 1 1 1 1 1 1 1 1 1 1 1 1 
Delays: 0.0114649 0.0114543 0.0129073 0.0113983 0.0128546 0.00714545 0.0086174 0.0100454 0.00715336 0.00999528 0.0129942 0.0115485 0.0071267 0.00581034 0.00857162 0.0071401 0.0115344 0.0100444 0.0128647 0.0100274 
Throughputs: 3.24403 2.91635 3.03104 2.29376 2.34291 2.37568 2.75251 2.80166 4.04685 2.94912 3.06381 2.06438 2.50675 3.39149 1.9497 3.30957 2.70336 2.1463 3.24403 2.4576 
Utility: 5.64528 5.53972 5.45887 5.30448 5.20545 5.80656 5.76649 5.63086 6.33811 5.68715 5.46291 5.18603 5.86289 6.36939 5.42697 6.13885 5.45692 5.36449 5.53008 5.50162 

--------------------------------------
Time: 19.0043
Split Ratios: 1 1 1 1 1 1 1 1 1 1 1 1 1 1 1 1 1 1 1 1 
Delays: 0.0114433 0.0114622 0.0129531 0.0113869 0.0128704 0.00713519 0.00859849 0.0100145 0.00715158 0.00998715 0.0129305 0.0115237 0.00714734 0.0058117 0.00859903 0.00716354 0.0115538 0.0100655 0.0129125 0.0100361 
Throughputs: 2.93274 3.21126 3.29318 2.32653 2.34291 2.39206 2.7689 2.29376 4.11238 2.8672 3.12934 1.88416 2.31014 3.04742 1.90054 3.5881 3.01466 2.08077 2.93274 2.67059 
Utility: 5.54629 5.63536 5.53827 5.31967 5.20422 5.81487 5.77462 5.43391 6.35442 5.65979 5.48899 5.09683 5.77832 6.26218 5.39825 6.21637 5.56423 5.33138 5.4255 5.58387 

--------------------------------------
Time: 19.5043
Split Ratios: 1 1 1 1 1 1 1 1 1 1 1 1 1 1 1 1 1 1 1 1 
Delays: 0.0114965 0.0114721 0.0129173 0.0114039 0.0128893 0.00714358 0.00861615 0.0100228 0.00714482 0.00998747 0.0129567 0.01152 0.007127 0.00579373 0.00859967 0.00713981 0.0115082 0.0100416 0.0129218 0.0100511 
Throughputs: 3.21126 3.09658 3.04742 2.58867 2.40845 2.27738 3.06381 2.78528 3.67002 2.99827 3.01466 1.72032 2.31014 3.08019 1.58925 3.1785 2.83443 2.26099 3.44064 2.83443 
Utility: 5.63238 5.59813 5.46348 5.42495 5.23034 5.76457 5.87378 5.62724 6.24156 5.70446 5.44963 5.00618 5.78118 6.27597 5.21929 6.09848 5.50654 5.41682 5.5845 5.64191 

--------------------------------------
Time: 20.0043
Split Ratios: 1 1 1 1 1 1 1 1 1 1 1 1 1 1 1 1 1 1 1 1 
Delays: 0.0115186 0.0114875 0.0129433 0.0113922 0.0128807 0.00713122 0.00859805 0.0100354 0.00716108 0.00998943 0.0129581 0.011526 0.00712647 0.00580671 0.00857571 0.0071562 0.011574 0.0100594 0.0128867 0.0100299 
Throughputs: 3.34234 2.8672 3.19488 2.16269 2.60506 2.29376 2.88358 2.29376 4.48922 2.50675 3.67002 2.01523 2.19546 3.19488 1.96608 3.09658 2.94912 2.27738 3.35872 2.5559 
Utility: 5.67046 5.51983 5.50873 5.24618 5.30948 5.77347 5.81525 5.43183 6.44077 5.52522 5.64623 5.16388 5.73033 6.31029 5.43486 6.07007 5.5405 5.42227 5.56312 5.54059 

--------------------------------------
Time: 20.5044
Split Ratios: 1 1 1 1 1 1 1 1 1 1 1 1 1 1 1 1 1 1 1 1 
Delays: 0.0114762 0.0114751 0.0129886 0.0114006 0.0128696 0.00712079 0.00860314 0.0100012 0.00716218 0.00998525 0.0129563 0.0115085 0.00712947 0.00586067 0.00856313 0.00714126 0.0116097 0.0100504 0.0128707 0.0100176 
Throughputs: 3.24403 3.34234 3.22765 2.048 2.63782 2.048 2.62144 2.22822 3.7847 2.75251 3.03104 2.09715 2.32653 3.52256 1.83501 3.45702 3.32595 2.40845 2.67059 2.39206 
Utility: 5.64429 5.67425 5.51544 5.19095 5.32284 5.6616 5.71935 5.40625 6.26991 5.61916 5.45508 5.20525 5.78789 6.39868 5.36734 6.18227 5.65767 5.47912 5.3351 5.47556 

--------------------------------------
Time: 21.0046
Split Ratios: 1 1 1 1 1 1 1 1 1 1 1 1 1 1 1 1 1 1 1 1 
Delays: 0.0114705 0.0114656 0.0129338 0.0114022 0.0128953 0.00712688 0.00861864 0.0100374 0.0071527 0.00997712 0.012962 0.0115204 0.00712266 0.00582132 0.00859929 0.00715927 0.0115577 0.0100907 0.0129141 0.010051 
Throughputs: 3.03104 3.30957 2.85082 2.44122 2.24461 2.47398 2.94912 2.29376 3.52256 2.40845 3.16211 1.76947 2.26099 3.35872 2.09715 3.11296 2.73613 2.3593 3.26042 2.8672 
Utility: 5.57689 5.66522 5.39552 5.36644 5.15942 5.84971 5.83533 5.43163 6.19945 5.48644 5.49697 5.03432 5.76028 6.35779 5.49666 6.07492 5.46695 5.4545 5.53129 5.65342 

--------------------------------------
Time: 21.5047
Split Ratios: 1 1 1 1 1 1 1 1 1 1 1 1 1 1 1 1 1 1 1 1 
Delays: 0.0114985 0.0114854 0.0129651 0.0113956 0.0128675 0.00714167 0.00858201 0.010029 0.00715852 0.00998928 0.0129312 0.0115535 0.00714163 0.00586443 0.00862754 0.00716017 0.0116019 0.0100728 0.0129073 0.0100559 
Throughputs: 3.16211 2.98189 3.08019 2.1463 2.26099 2.75251 2.78528 3.1785 3.52256 2.70336 3.39149 1.81862 2.29376 3.1785 1.86778 3.35872 3.09658 2.32653 3.16211 2.7689 
Utility: 5.61678 5.55924 5.47049 5.23828 5.16885 5.95432 5.78244 5.75869 6.19864 5.60074 5.56938 5.05885 5.77201 6.29526 5.37754 6.15078 5.58688 5.4423 5.5012 5.61804 

--------------------------------------
Time: 22.0047
Split Ratios: 1 1 1 1 1 1 1 1 1 1 1 1 1 1 1 1 1 1 1 1 
Delays: 0.0114825 0.0114769 0.0129383 0.0114145 0.0128704 0.00713403 0.00861689 0.0100401 0.0071752 0.00997529 0.0130239 0.0115148 0.00712725 0.00584055 0.00858734 0.00714928 0.0115803 0.01005 0.012905 0.0100334 
Throughputs: 3.01466 3.45702 3.08019 2.5559 2.39206 2.06438 2.58867 2.40845 3.88301 2.58867 3.80109 2.01523 2.24461 2.9655 1.76947 3.39149 2.99827 1.96608 3.52256 2.75251 
Utility: 5.57042 5.70783 5.47256 5.41127 5.22498 5.66771 5.70518 5.48015 6.29373 5.55879 5.67625 5.16486 5.75236 6.22998 5.32815 6.16201 5.55649 5.27623 5.60933 5.61435 

--------------------------------------
Time: 22.505
Split Ratios: 1 1 1 1 1 1 1 1 1 1 1 1 1 1 1 1 1 1 1 1 
Delays: 0.0114624 0.0114906 0.0129372 0.0113942 0.0129013 0.0071429 0.00858548 0.0100382 0.00715485 0.00999159 0.0129527 0.0115486 0.00713405 0.00581552 0.00859778 0.00716431 0.011554 0.0100543 0.0129004 0.0100452 
Throughputs: 2.8672 3.08019 3.32595 2.44122 2.5559 2.42483 2.94912 2.5559 3.91578 3.14573 3.1785 2.03162 2.5559 3.16211 2.08077 3.2768 2.68698 2.50675 3.42426 2.73613 
Utility: 5.52202 5.59122 5.54941 5.36715 5.28884 5.8274 5.83919 5.53977 6.30498 5.75206 5.50286 5.17002 5.88128 6.29846 5.48899 6.12551 5.44914 5.51875 5.58138 5.6072 

--------------------------------------
Time: 23.005
Split Ratios: 1 1 1 1 1 1 1 1 1 1 1 1 1 1 1 1 1 1 1 1 
Delays: 0.011437 0.0114535 0.0129733 0.0114147 0.0128885 0.00715582 0.00863035 0.0100134 0.00717123 0.00997979 0.0129406 0.0115151 0.00712637 0.00583796 0.00860228 0.00714643 0.0115483 0.0100641 0.0128819 0.010014 
Throughputs: 3.12934 3.19488 2.83443 2.17907 2.57229 2.49037 3.34234 2.40845 4.27622 2.65421 3.19488 2.31014 1.88416 3.63725 1.57286 3.55533 3.14573 2.39206 3.11296 2.49037 
Utility: 5.61172 5.63101 5.3867 5.25175 5.29621 5.85226 5.95914 5.48282 6.39075 5.58334 5.50893 5.30141 5.57743 6.4346 5.20863 6.20959 5.60726 5.47094 5.4875 5.5162 

--------------------------------------
Time: 23.5051
Split Ratios: 1 1 1 1 1 1 1 1 1 1 1 1 1 1 1 1 1 1 1 1 
Delays: 0.0115034 0.0114593 0.0129377 0.0113981 0.0128507 0.00713195 0.00860071 0.0100545 0.00715536 0.00998174 0.0129612 0.0115348 0.00714003 0.005844 0.00859058 0.00715189 0.0115563 0.0100329 0.0128898 0.010047 
Throughputs: 3.40787 3.34234 2.94912 2.19546 2.37568 2.24461 2.99827 2.73613 3.29318 2.58867 3.16211 2.09715 2.37568 2.99827 1.75309 3.52256 3.32595 2.32653 3.06381 2.7689 
Utility: 5.6912 5.67563 5.42912 5.2607 5.21964 5.7517 5.85395 5.60628 6.13175 5.55814 5.49703 5.20297 5.80732 6.24038 5.31847 6.19957 5.66228 5.44627 5.47098 5.61893 

--------------------------------------
Time: 24.0051
Split Ratios: 1 1 1 1 1 1 1 1 1 1 1 1 1 1 1 1 1 1 1 1 
Delays: 0.011468 0.0114646 0.0129568 0.0114242 0.0128839 0.0071359 0.0086114 0.0100013 0.00716037 0.00997983 0.0129544 0.0115122 0.00712976 0.00580857 0.00857916 0.00715576 0.0115369 0.0100569 0.012894 0.0100291 
Throughputs: 3.08019 2.99827 2.8672 2.62144 2.3593 2.16269 2.80166 2.29376 4.03046 2.80166 2.73613 2.16269 2.09715 2.99827 1.93331 2.98189 2.70336 2.63782 3.26042 2.32653 
Utility: 5.59319 5.56653 5.39947 5.43575 5.21014 5.71397 5.78488 5.43523 6.33308 5.6374 5.35287 5.2357 5.68406 6.24646 5.41765 6.03239 5.4567 5.56945 5.53285 5.44665 

--------------------------------------
Time: 24.5052
Split Ratios: 1 1 1 1 1 1 1 1 1 1 1 1 1 1 1 1 1 1 1 1 
Delays: 0.0114819 0.0114855 0.012921 0.011396 0.0128649 0.00716537 0.00857567 0.0100135 0.00715077 0.00997476 0.012949 0.0115514 0.00712477 0.0058722 0.00859639 0.00714614 0.0116009 0.0100527 0.0129219 0.0100481 
Throughputs: 3.26042 3.1785 2.71974 2.21184 2.32653 2.52314 2.65421 2.57229 4.03046 2.75251 3.30957 2.03162 2.09715 3.39149 1.99885 3.57171 3.11296 2.27738 3.29318 3.09658 
Utility: 5.64883 5.62308 5.34944 5.26832 5.19763 5.864 5.73497 5.54861 6.33442 5.62021 5.54355 5.16978 5.68476 6.3588 5.44898 6.21423 5.59225 5.42294 5.54068 5.73067 

--------------------------------------
Time: 25.0054
Split Ratios: 1 1 1 1 1 1 1 1 1 1 1 1 1 1 1 1 1 1 1 1 
Delays: 0.0114479 0.011449 0.0129305 0.011404 0.0129325 0.00714047 0.00859036 0.0100161 0.00717789 0.00997686 0.0129294 0.0115053 0.0071492 0.00582743 0.00860923 0.00715681 0.0115777 0.010071 0.0129053 0.0100664 
Throughputs: 2.99827 2.81805 2.68698 2.34291 2.26099 2.42483 2.89997 2.58867 4.11238 2.60506 3.04742 1.91693 2.29376 3.42426 2.21184 3.3751 3.24403 2.52314 3.22765 2.70336 
Utility: 5.56798 5.5059 5.33659 5.32518 5.16381 5.82774 5.82181 5.55471 6.35075 5.56494 5.46255 5.11567 5.77095 6.37606 5.54875 6.15612 5.63549 5.5236 5.52187 5.59304 

--------------------------------------
Time: 25.5054
Split Ratios: 1 1 1 1 1 1 1 1 1 1 1 1 1 1 1 1 1 1 1 1 
Delays: 0.0114889 0.0114667 0.0129482 0.0114094 0.0128972 0.00713848 0.00860511 0.0100343 0.0071563 0.00999134 0.0129709 0.0114964 0.00715127 0.0058279 0.00860827 0.00714624 0.0115745 0.0100773 0.01289 0.0100107 
Throughputs: 2.91635 3.01466 3.26042 2.17907 2.3593 2.19546 2.7689 2.1463 3.86662 2.83443 3.08019 1.93331 2.68698 3.01466 1.90054 3.19488 3.01466 2.32653 3.06381 3.08019 
Utility: 5.53671 5.57179 5.52865 5.25222 5.2091 5.72865 5.77385 5.3655 6.29214 5.64788 5.47004 5.12496 5.92888 6.24858 5.39717 6.10272 5.56244 5.44185 5.47096 5.72909 

--------------------------------------
Time: 26.0058
Split Ratios: 1 1 1 1 1 1 1 1 1 1 1 1 1 1 1 1 1 1 1 1 
Delays: 0.011477 0.011465 0.0129377 0.0114013 0.0129008 0.0071409 0.00860477 0.0100702 0.00716639 0.00998204 0.0129851 0.0114876 0.00714734 0.00578678 0.0085804 0.0071666 0.0115356 0.0100335 0.0129159 0.0100261 
Throughputs: 3.08019 2.83443 2.91635 2.29376 2.4576 2.26099 3.21126 2.32653 3.5881 2.94912 3.29318 2.12992 2.34291 3.30957 1.99885 3.7847 3.04742 2.21184 3.30957 2.58867 
Utility: 5.5924 5.5103 5.41795 5.30422 5.24965 5.75772 5.9221 5.44255 6.21597 5.68847 5.53581 5.22257 5.79241 6.349 5.45085 6.26929 5.57662 5.39565 5.54611 5.55371 

--------------------------------------
Time: 26.5059
Split Ratios: 1 1 1 1 1 1 1 1 1 1 1 1 1 1 1 1 1 1 1 1 
Delays: 0.0115447 0.0114938 0.012897 0.0113956 0.0129109 0.00713377 0.00859014 0.0100249 0.00716442 0.00997463 0.0129467 0.0114919 0.00712918 0.005811 0.00860828 0.00715302 0.011558 0.0100307 0.0129191 0.0100161 
Throughputs: 3.34234 3.55533 2.81805 1.90054 2.16269 1.99885 3.09658 2.31014 3.93216 3.03104 3.29318 1.7367 2.52314 3.12934 2.27738 3.3751 2.85082 2.22822 2.81805 2.62144 
Utility: 5.6682 5.7344 5.38681 5.11667 5.12104 5.63549 5.88744 5.43999 6.30782 5.71662 5.53877 5.0181 5.86906 6.28883 5.57805 6.15665 5.50799 5.40331 5.3851 5.56728 

--------------------------------------
Time: 27.0062
Split Ratios: 1 1 1 1 1 1 1 1 1 1 1 1 1 1 1 1 1 1 1 1 
Delays: 0.011477 0.0114754 0.0129294 0.0114268 0.0128816 0.00712459 0.00860991 0.0100087 0.00716622 0.00998005 0.0130026 0.0115225 0.00713258 0.00584043 0.00858638 0.00715171 0.0115754 0.0100772 0.0129044 0.0100307 
Throughputs: 3.24403 2.9655 2.81805 2.31014 2.53952 2.34291 3.1785 2.47398 3.89939 2.5559 3.16211 2.09715 2.09715 3.52256 1.80224 3.30957 2.7689 2.60506 2.9655 2.60506 
Utility: 5.64423 5.5546 5.38429 5.3091 5.28393 5.7956 5.91125 5.51013 6.2992 5.54557 5.49385 5.20404 5.68366 6.40214 5.34661 6.13722 5.47732 5.55494 5.43723 5.55956 

--------------------------------------
Time: 27.5063
Split Ratios: 1 1 1 1 1 1 1 1 1 1 1 1 1 1 1 1 1 1 1 1 
Delays: 0.0114729 0.0114852 0.0129209 0.0114044 0.0129093 0.00713664 0.00860381 0.0100305 0.00714455 0.00997977 0.0129102 0.0115567 0.00715251 0.00589855 0.00861734 0.00716076 0.0116377 0.0100977 0.0128891 0.0100137 
Throughputs: 3.34234 3.08019 3.14573 2.19546 2.58867 2.3593 2.89997 2.62144 3.5881 2.17907 3.26042 2.1463 2.34291 3.09658 1.91693 3.62086 2.83443 2.42483 2.93274 2.53952 
Utility: 5.67443 5.59168 5.49496 5.26015 5.30095 5.80088 5.82025 5.56585 6.21903 5.38609 5.5316 5.22424 5.79169 6.26335 5.4047 6.22585 5.49535 5.48121 5.42731 5.53577 

--------------------------------------
Time: 28.0065
Split Ratios: 1 1 1 1 1 1 1 1 1 1 1 1 1 1 1 1 1 1 1 1 
Delays: 0.0114665 0.0114793 0.0129109 0.0114021 0.0129003 0.00713771 0.00859567 0.0100417 0.00715004 0.00997393 0.0129389 0.0116267 0.00713518 0.0058766 0.00856606 0.00715006 0.0115405 0.0100765 0.0128826 0.0100205 
Throughputs: 3.34234 2.91635 2.40845 2.11354 2.39206 2.17907 2.89997 2.68698 3.57171 2.50675 3.03104 1.96608 2.17907 3.22765 1.80224 3.3751 3.44064 2.17907 2.88358 2.53952 
Utility: 5.675 5.53755 5.22867 5.22232 5.22266 5.72126 5.8212 5.58942 6.21368 5.52677 5.45642 5.13049 5.72162 6.30853 5.34898 6.15706 5.69755 5.37645 5.41091 5.53509 

--------------------------------------
Time: 28.5065
Split Ratios: 1 1 1 1 1 1 1 1 1 1 1 1 1 1 1 1 1 1 1 1 
Delays: 0.0114658 0.01148 0.0129246 0.0113955 0.0128843 0.00713806 0.00861075 0.010015 0.00714633 0.00998318 0.012916 0.0115041 0.00712291 0.00581429 0.00856779 0.00717153 0.0115512 0.0100812 0.012873 0.0100283 
Throughputs: 3.2768 3.06381 3.06381 1.96608 2.11354 2.44122 2.83443 2.1463 3.5881 2.22822 3.32595 2.08077 1.83501 3.35872 1.98246 3.63725 2.88358 2.47398 2.47398 2.91635 
Utility: 5.65525 5.58681 5.46828 5.15058 5.10011 5.83481 5.79659 5.36742 6.21878 5.40806 5.55105 5.19779 5.55149 6.359 5.44409 6.22886 5.52 5.50291 5.25846 5.67268 

--------------------------------------
Time: 29.0067
Split Ratios: 1 1 1 1 1 1 1 1 1 1 1 1 1 1 1 1 1 1 1 1 
Delays: 0.0115021 0.0114937 0.0129791 0.0113829 0.0129307 0.00714051 0.00862412 0.0100166 0.00716967 0.0099904 0.0129374 0.0116133 0.00713648 0.00585593 0.00860896 0.00715612 0.0115954 0.0100654 0.0128723 0.0100131 
Throughputs: 3.34234 3.40787 2.75251 1.93331 2.40845 2.52314 2.9655 2.91635 4.27622 2.88358 3.21126 2.31014 2.24461 3.47341 2.12992 3.29318 3.52256 2.5559 3.01466 2.58867 
Utility: 5.6719 5.69205 5.35693 5.13488 5.22714 5.86747 5.84024 5.67385 6.39097 5.66516 5.51429 5.29291 5.75107 6.38544 5.51104 6.13164 5.71633 5.53706 5.45616 5.55501 

--------------------------------------
Time: 29.5067
Split Ratios: 1 1 1 1 1 1 1 1 1 1 1 1 1 1 1 1 1 1 1 1 
Delays: 0.011488 0.0115071 0.0129231 0.0113868 0.0129115 0.00712803 0.00861801 0.0100192 0.00717261 0.00998457 0.01296 0.0114842 0.00711608 0.00581055 0.00859232 0.00715161 0.0115581 0.0100864 0.0128985 0.0100321 
Throughputs: 3.42426 3.09658 2.83443 2.24461 2.67059 2.24461 3.09658 2.31014 4.42368 2.3593 3.29318 1.98246 1.9497 3.32595 1.91693 3.2768 2.91635 2.24461 2.88358 2.62144 
Utility: 5.69734 5.59509 5.39058 5.28383 5.33194 5.75225 5.8842 5.44057 6.42446 5.46508 5.53774 5.15112 5.61307 6.34984 5.40761 6.12728 5.5307 5.4051 5.40968 5.56569 

--------------------------------------
Time: 30.0067
Split Ratios: 1 1 1 1 1 1 1 1 1 1 1 1 1 1 1 1 1 1 1 1 
Delays: 0.0114952 0.0114962 0.0129089 0.0113957 0.0128881 0.0071376 0.00858942 0.0100318 0.00717704 0.0099812 0.0129902 0.0115097 0.00714296 0.00582527 0.00859292 0.00716002 0.0115641 0.0100535 0.0129263 0.0100438 
Throughputs: 3.09658 3.1785 2.83443 2.08077 2.75251 2.5559 2.60506 2.42483 3.94854 2.60506 3.32595 2.19546 2.26099 3.01466 1.98246 3.42426 2.78528 2.52314 3.57171 2.7689 
Utility: 5.59612 5.62215 5.39168 5.20726 5.36397 5.88078 5.71468 5.48776 6.31021 5.56451 5.54532 5.25095 5.75743 6.24904 5.44116 6.17013 5.4842 5.52533 5.62154 5.61925 

--------------------------------------
Time: 30.5067
Split Ratios: 1 1 1 1 1 1 1 1 1 1 1 1 1 1 1 1 1 1 1 1 
Delays: 0.0114804 0.0114721 0.0129239 0.011397 0.012875 0.00714563 0.00862807 0.0100173 0.00715427 0.00999944 0.0129634 0.0114981 0.00713207 0.00582578 0.00857555 0.00715739 0.011536 0.0100619 0.0128913 0.0100172 
Throughputs: 3.01466 3.42426 3.16211 2.17907 2.29376 2.42483 3.08019 2.42483 3.91578 2.67059 3.40787 1.81862 2.21184 3.11296 1.91693 3.09658 2.78528 2.62144 3.03104 2.75251 
Utility: 5.5706 5.69872 5.49992 5.25331 5.18266 5.82702 5.87773 5.4892 6.30506 5.58753 5.57172 5.06365 5.73698 6.28104 5.40956 6.06991 5.48663 5.56272 5.46011 5.61596 

--------------------------------------
Time: 31.007
Split Ratios: 1 1 1 1 1 1 1 1 1 1 1 1 1 1 1 1 1 1 1 1 
Delays: 0.0114883 0.0114848 0.0129743 0.0113946 0.0129196 0.00712621 0.00860422 0.0100346 0.00716581 0.009991 0.0129677 0.0114774 0.00713438 0.0057859 0.00859241 0.00715725 0.0115821 0.0100608 0.0129056 0.0100269 
Throughputs: 3.44064 3.1785 3.04742 2.27738 2.31014 2.49037 2.91635 2.63782 4.24346 3.16211 3.50618 1.83501 2.37568 2.9655 2.09715 3.67002 2.52314 2.3593 3.22765 2.70336 
Utility: 5.70208 5.62314 5.45908 5.29764 5.18632 5.85641 5.82584 5.57167 6.38381 5.75731 5.59982 5.07442 5.80811 6.23938 5.49746 6.23982 5.3838 5.45747 5.52185 5.59698 

--------------------------------------
Time: 31.5072
Split Ratios: 1 1 1 1 1 1 1 1 1 1 1 1 1 1 1 1 1 1 1 1 
Delays: 0.0114574 0.0114787 0.0129433 0.0113935 0.0128767 0.00714439 0.00859048 0.0100826 0.00715786 0.00996492 0.0129914 0.0115232 0.00712822 0.00581174 0.00859737 0.00715062 0.0115702 0.0100415 0.0129138 0.0100321 
Throughputs: 3.06381 3.30957 2.83443 2.39206 2.31014 2.11354 2.78528 2.53952 3.83386 2.9655 3.35872 1.91693 2.06438 3.29318 2.19546 3.5881 2.85082 2.47398 3.21126 2.78528 
Utility: 5.58878 5.66408 5.38902 5.34687 5.18965 5.68979 5.78145 5.52891 6.28341 5.69573 5.55503 5.11412 5.66853 6.33973 5.54269 6.21818 5.50692 5.50686 5.51613 5.62632 

--------------------------------------
Time: 32.0074
Split Ratios: 1 1 1 1 1 1 1 1 1 1 1 1 1 1 1 1 1 1 1 1 
Delays: 0.0114986 0.0115225 0.0128905 0.0114029 0.0128716 0.00713023 0.00861286 0.010011 0.00714992 0.00999791 0.0129275 0.0115581 0.00715821 0.00584671 0.00859171 0.00715554 0.0116146 0.0100372 0.0128834 0.01003 
Throughputs: 3.19488 2.98189 2.73613 2.44122 2.21184 2.048 3.30957 2.31014 3.70278 2.98189 3.24403 1.81862 1.88416 3.44064 1.93331 3.39149 2.83443 2.06438 3.09658 2.29376 
Utility: 5.62708 5.55601 5.35781 5.36638 5.14656 5.66028 5.95132 5.44138 6.24974 5.69794 5.52521 5.05845 5.57298 6.37753 5.41619 6.16114 5.49734 5.32629 5.48211 5.43236 

--------------------------------------
Time: 32.5074
Split Ratios: 1 1 1 1 1 1 1 1 1 1 1 1 1 1 1 1 1 1 1 1 
Delays: 0.0114617 0.0114762 0.012907 0.011403 0.0129489 0.00713332 0.0086404 0.0100194 0.0071475 0.00999381 0.0129378 0.0114984 0.00712795 0.00578307 0.00858302 0.00715274 0.0115564 0.0100952 0.0128561 0.0100055 
Throughputs: 3.12934 2.89997 3.32595 2.32653 2.44122 2.26099 2.9655 2.52314 3.71917 2.91635 3.16211 1.88416 2.11354 3.04742 2.12992 3.5881 2.5559 2.67059 2.98189 2.22822 
Utility: 5.60957 5.53218 5.55174 5.31825 5.23924 5.75878 5.83835 5.52873 6.25449 5.67612 5.49885 5.09903 5.69209 6.26712 5.51405 6.21788 5.39893 5.57799 5.4465 5.40582 

--------------------------------------
Time: 33.0074
Split Ratios: 1 1 1 1 1 1 1 1 1 1 1 1 1 1 1 1 1 1 1 1 
Delays: 0.0114747 0.0114873 0.0129351 0.0113917 0.0128826 0.00713083 0.00862584 0.0100101 0.00713944 0.00997838 0.0129629 0.0115073 0.00713263 0.00582051 0.00856421 0.00716634 0.0115684 0.0100701 0.012914 0.0100238 
Throughputs: 3.30957 3.06381 2.60506 2.17907 2.16269 2.16269 3.19488 2.70336 3.35872 2.80166 3.14573 1.62202 2.08077 3.48979 1.78586 3.50618 2.80166 2.24461 3.3751 2.60506 
Utility: 5.66443 5.58617 5.30527 5.25377 5.12323 5.71468 5.91454 5.59866 6.15368 5.63755 5.49171 4.94844 5.67581 6.39621 5.34006 6.19289 5.48969 5.40672 5.56587 5.56024 

--------------------------------------
Time: 33.5079
Split Ratios: 1 1 1 1 1 1 1 1 1 1 1 1 1 1 1 1 1 1 1 1 
Delays: 0.0114679 0.0114754 0.0129484 0.0113961 0.012893 0.00714897 0.00859198 0.0100096 0.00715295 0.00997123 0.012979 0.0115685 0.00713928 0.00587472 0.00860715 0.00715255 0.0115729 0.0100447 0.0129138 0.00999623 
Throughputs: 3.12934 3.14573 2.70336 2.67059 2.50675 2.42483 3.06381 2.70336 3.81747 2.60506 3.19488 1.67117 2.3593 3.2768 1.93331 3.35872 2.85082 2.42483 3.12934 2.57229 
Utility: 5.60903 5.6136 5.34128 5.45678 5.27006 5.82655 5.87658 5.5987 6.27982 5.56551 5.50597 4.97299 5.80051 6.32396 5.4144 6.15185 5.50669 5.48648 5.49028 5.55034 

--------------------------------------
Time: 34.008
Split Ratios: 1 1 1 1 1 1 1 1 1 1 1 1 1 1 1 1 1 1 1 1 
Delays: 0.0114833 0.0114485 0.0129384 0.0113883 0.012872 0.00712518 0.00857621 0.0100127 0.00716637 0.00999862 0.0129277 0.011491 0.00713683 0.00582116 0.008601 0.00714365 0.0115794 0.0100274 0.0128995 0.0100356 
Throughputs: 3.06381 3.06381 3.35872 2.1463 2.21184 2.17907 2.58867 2.49037 3.70278 2.88358 3.32595 2.06438 2.21184 3.2768 1.72032 3.16211 2.78528 2.5559 2.80166 2.67059 
Utility: 5.58652 5.58955 5.55912 5.23891 5.14652 5.72302 5.70991 5.51633 6.24744 5.66434 5.55014 5.19102 5.73631 6.33312 5.29839 6.09277 5.48288 5.54084 5.38078 5.58392 

--------------------------------------
Time: 34.508
Split Ratios: 1 1 1 1 1 1 1 1 1 1 1 1 1 1 1 1 1 1 1 1 
Delays: 0.0114663 0.0114906 0.0129311 0.0114036 0.0128532 0.00711785 0.00861092 0.0100131 0.00715415 0.00999989 0.0129427 0.011522 0.0071299 0.0058218 0.00857834 0.00714947 0.0116009 0.0100419 0.0129097 0.0100553 
Throughputs: 3.44064 3.40787 2.98189 1.85139 2.01523 2.24461 2.99827 2.47398 3.40787 2.83443 3.3751 2.09715 2.21184 3.55533 1.67117 3.2768 2.78528 2.37568 3.01466 2.93274 
Utility: 5.704 5.69231 5.44068 5.08976 5.0549 5.75368 5.85276 5.50969 6.16615 5.64702 5.56365 5.20408 5.73728 6.41459 5.27204 6.12759 5.48102 5.46627 5.45326 5.67559 

--------------------------------------
Time: 35.0081
Split Ratios: 1 1 1 1 1 1 1 1 1 1 1 1 1 1 1 1 1 1 1 1 
Delays: 0.0114641 0.0114369 0.0129088 0.0113922 0.0129003 0.00713634 0.00859085 0.0100145 0.00714586 0.00998152 0.0129285 0.0115492 0.00712758 0.00578752 0.00859909 0.00713243 0.0115935 0.0100628 0.0128933 0.0100262 
Throughputs: 2.94912 3.16211 2.99827 2.26099 2.32653 2.19546 2.91635 2.8672 3.45702 2.65421 3.63725 1.7367 2.11354 3.22765 1.75309 3.09658 2.93274 2.29376 2.9655 2.47398 
Utility: 5.55004 5.62215 5.44788 5.29063 5.19488 5.72894 5.82739 5.65705 6.18163 5.58317 5.63955 5.01312 5.69215 6.3238 5.31748 6.0734 5.53325 5.4291 5.43809 5.50838 

--------------------------------------
Time: 35.5081
Split Ratios: 1 1 1 1 1 1 1 1 1 1 1 1 1 1 1 1 1 1 1 1 
Delays: 0.0114844 0.0114561 0.0129908 0.0114008 0.0129193 0.00712054 0.008616 0.0100179 0.00716045 0.0099783 0.0130237 0.0115998 0.00712654 0.00581509 0.00859272 0.00713798 0.0116404 0.0100676 0.0129037 0.0100126 
Throughputs: 3.48979 2.75251 3.39149 2.12992 2.42483 2.06438 2.85082 2.29376 3.47341 2.50675 3.47341 2.12992 2.16269 3.11296 1.7367 3.45702 3.14573 2.57229 3.11296 2.01523 
Utility: 5.71661 5.48175 5.56478 5.23016 5.23479 5.6696 5.80174 5.43358 6.18432 5.52633 5.58612 5.21285 5.71528 6.28287 5.30883 6.18273 5.59932 5.54323 5.48582 5.30464 

--------------------------------------
Time: 36.0081
Split Ratios: 1 1 1 1 1 1 1 1 1 1 1 1 1 1 1 1 1 1 1 1 
Delays: 0.0114895 0.0114816 0.0129278 0.0114004 0.0128941 0.00713392 0.00859734 0.0100202 0.00714964 0.00999459 0.0129215 0.0115489 0.00713189 0.00580463 0.00857294 0.00715016 0.0115685 0.010066 0.0129363 0.010025 
Throughputs: 3.50618 3.24403 2.70336 2.12992 2.62144 2.06438 2.8672 2.63782 3.53894 2.50675 3.40787 1.99885 2.34291 3.32595 1.99885 3.26042 2.91635 2.75251 3.44064 2.5559 
Utility: 5.72085 5.64383 5.34287 5.2302 5.31471 5.66773 5.80964 5.57311 6.20452 5.5247 5.57495 5.15373 5.79457 6.35086 5.45172 6.12247 5.52981 5.61111 5.58337 5.54107 

