--------------------------------------
Time: 5.50006
Split Ratios: 1 0.5 0.5 1 1 0.5 0.5 1 0.5 0.5 0.333333 0.333333 0.333333 1 1 1 1 0.333333 0.333333 0.333333 0.5 0.5 0.5 0.5 0.5 0.5 0.333333 0.333333 0.333333 1 0.5 0.5 0.5 0.5 0.25 0.25 0.25 0.25 0.5 0.5 0.333333 0.333333 0.333333 0.5 0.5 1 1 1 1 1 1 
Delays: 0.0115513 0.0116902 0.0189486 0.00885404 0.024815 0.00726721 0.01485 0.0155071 0.0132609 0.0102 0.0238011 0.00895534 0.0192759 0.00727165 0.0258491 0.0213804 0.0171893 0.0163395 0.0124661 0.0154807 0.0171597 0.0164188 0.0238652 0.0196844 0.0234232 0.00594931 0.0190679 0.00729692 0.00585191 0.0203551 
Throughputs: 3.52256 2.5559 3.03104 4.5056 2.67059 2.52314 4.48922 3.93216 3.3751 2.71974 3.01466 3.7847 4.12877 3.08019 4.55475 3.29318 4.04685 2.78528 4.01408 2.78528 3.63725 3.32595 4.32538 3.6864 4.39091 4.65306 2.67059 3.08019 3.22765 2.94912 
Utility: 5.72014 5.38741 5.07493 6.2322 4.67861 5.84989 5.71143 5.53564 5.53936 5.5859 4.84151 6.04647 5.36688 6.04876 5.17165 5.03713 5.46141 5.13852 5.77455 5.19251 5.35642 5.31108 5.19983 5.23258 5.23357 6.662 4.94205 6.04529 6.31274 4.97593 

--------------------------------------
Time: 6.00007
Split Ratios: 1 0.618 0.382 1 1 0.914 0.086 1 0.018 0.982 0.105 0.826 0.068 1 1 1 1 0.163 0.013 0.824 0.289 0.711 0.557 0.443 0.91 0.09 0.189 0.537 0.274 1 0.822 0.178 0.57 0.43 0.594 0.057 0.217 0.131 0.471 0.529 0.029 0.637 0.333 0.653 0.347 1 1 1 1 1 1 
Delays: 0.0115439 0.0115608 0.018994 0.00878686 0.0235732 0.00728658 0.0134313 0.0182489 0.0131791 0.0102264 0.0232684 0.00881235 0.00999683 0.00675299 0.0259944 0.0193237 0.0167977 0.0159526 0.0112381 0.0158395 0.0168594 0.0159605 0.0224693 0.0198261 0.0232902 0.00600026 0.0190122 0.00733 0.00585882 0.0203821 
Throughputs: 3.60448 2.81805 2.71974 4.25984 2.88358 2.78528 4.55475 4.16154 3.32595 3.04742 2.94912 3.48979 4.47283 3.22765 4.80051 2.88358 3.85024 2.75251 4.29261 3.53894 4.01408 2.99827 4.27622 3.29318 4.58752 4.68582 2.53952 3.67002 3.55533 3.01466 
Utility: 5.74378 5.49618 4.96417 6.18373 4.80668 5.94607 5.82634 5.42953 5.53088 5.69708 4.84216 5.98144 6.10351 6.16952 5.21859 5.00546 5.43465 5.15065 5.94534 5.40908 5.47266 5.23567 5.24868 5.11261 5.28306 6.66049 4.89465 6.21598 6.40825 4.99659 

--------------------------------------
Time: 6.50013
Split Ratios: 1 0.618 0.382 1 1 0.914 0.086 1 0.018 0.982 0.105 0.826 0.068 1 1 1 1 0.163 0.013 0.824 0.289 0.711 0.557 0.443 0.91 0.09 0.189 0.537 0.274 1 0.822 0.178 0.57 0.43 0.594 0.057 0.217 0.131 0.471 0.529 0.029 0.637 0.333 0.653 0.347 1 1 1 1 1 1 
Delays: 0.01154 0.0112968 0.0188553 0.00880744 0.0234836 0.00725066 0.0133766 0.0182162 0.0130868 0.0102682 0.0231762 0.00883431 0.00951714 0.00680038 0.0257157 0.0192305 0.0168648 0.0159111 0.0112631 0.01593 0.0168002 0.01596 0.0219756 0.0198348 0.0234232 0.00594488 0.0190599 0.0072674 0.00581494 0.0203358 
Throughputs: 3.29318 2.83443 2.73613 4.6039 3.3751 2.60506 4.80051 3.86662 3.67002 2.94912 2.70336 3.75194 4.55475 3.08019 4.37453 3.21126 4.47283 2.58867 4.44006 3.32595 3.6864 3.12934 3.86662 3.26042 4.93158 4.57114 2.81805 3.14573 3.34234 2.83443 
Utility: 5.65379 5.52508 4.9775 6.25906 4.96788 5.88412 5.88297 5.35783 5.63635 5.66021 4.75913 6.05138 6.17083 6.11577 5.13645 5.11792 5.58055 5.09188 5.97689 5.34131 5.39101 5.27849 5.1702 5.10217 5.34969 6.64499 4.99621 6.0704 6.354 4.93722 

--------------------------------------
Time: 7.00014
Split Ratios: 1 0.618 0.382 1 1 0.914 0.086 1 0.018 0.982 0.105 0.826 0.068 1 1 1 1 0.163 0.013 0.824 0.289 0.711 0.557 0.443 0.91 0.09 0.189 0.537 0.274 1 0.822 0.178 0.57 0.43 0.594 0.057 0.217 0.131 0.471 0.529 0.029 0.637 0.333 0.653 0.347 1 1 1 1 1 1 
Delays: 0.0115399 0.0112825 0.0189238 0.00878139 0.0233528 0.00729716 0.0134065 0.0180012 0.0131648 0.0102054 0.023192 0.00879908 0.00893852 0.00662757 0.0259338 0.0192134 0.0168522 0.016035 0.0110815 0.0158575 0.0168626 0.0158936 0.0222422 0.019915 0.0232567 0.00601734 0.0190874 0.007321 0.0059416 0.0203917 
Throughputs: 3.83386 2.65421 2.81805 4.58752 2.9655 2.93274 4.76774 4.16154 3.1785 2.63782 2.73613 3.73555 4.98074 3.06381 4.5056 3.01466 4.30899 2.9655 4.14515 3.47341 3.81747 2.83443 4.12877 3.53894 4.57114 5.37395 2.75251 3.67002 3.9977 2.9655 
Utility: 5.80582 5.46065 5.00338 6.25846 4.84408 5.99621 5.87389 5.4432 5.48662 5.55479 4.77049 6.051 6.32296 6.13618 5.15753 5.05563 5.54398 5.22003 5.92441 5.38925 5.42224 5.18368 5.22374 5.18011 5.28092 6.79467 4.97124 6.2172 6.51149 4.97968 

--------------------------------------
Time: 7.50035
Split Ratios: 1 0.618 0.382 1 1 0.914 0.086 1 0.018 0.982 0.105 0.826 0.068 1 1 1 1 0.163 0.013 0.824 0.289 0.711 0.557 0.443 0.91 0.09 0.189 0.537 0.274 1 0.822 0.178 0.57 0.43 0.594 0.057 0.217 0.131 0.471 0.529 0.029 0.637 0.333 0.653 0.347 1 1 1 1 1 1 
Delays: 0.0115369 0.0111788 0.0188967 0.00882062 0.0234598 0.00732386 0.0133516 0.0178399 0.0132135 0.0101997 0.0233022 0.00880341 0.0100976 0.00667751 0.0255861 0.0192653 0.0168316 0.0160793 0.011013 0.0155975 0.016732 0.0160097 0.0225085 0.0199554 0.0232463 0.0059137 0.0190514 0.00726408 0.0058555 0.0202777 
Throughputs: 3.67002 2.78528 2.88358 4.48922 2.73613 3.11296 4.62029 3.81747 3.22765 2.91635 3.09658 3.53894 4.4073 3.16211 4.48922 2.85082 3.96493 2.9655 3.80109 3.42426 3.52256 3.16211 4.5056 3.65363 4.4073 4.66944 2.75251 2.78528 3.55533 2.91635 
Utility: 5.7624 5.51809 5.0278 6.23234 4.75901 6.05219 5.84658 5.36591 5.49827 5.65573 4.8895 5.99644 6.07871 6.16025 5.16738 4.99705 5.46198 5.21727 5.84396 5.39153 5.34962 5.2858 5.29919 5.20998 5.24487 6.67152 4.97313 5.94916 6.40882 4.96857 

--------------------------------------
Time: 8.00043
Split Ratios: 1 0.618 0.382 1 1 0.914 0.086 1 0.018 0.982 0.105 0.826 0.068 1 1 1 1 0.163 0.013 0.824 0.289 0.711 0.557 0.443 0.91 0.09 0.189 0.537 0.274 1 0.822 0.178 0.57 0.43 0.594 0.057 0.217 0.131 0.471 0.529 0.029 0.637 0.333 0.653 0.347 1 1 1 1 1 1 
Delays: 0.0115879 0.0112405 0.0190544 0.00877461 0.023653 0.00724435 0.0133424 0.0182348 0.0131159 0.0102998 0.0232731 0.00882567 0.0102858 0.00677957 0.0258823 0.0193534 0.0166802 0.0159821 0.0112515 0.0159059 0.0168782 0.015945 0.0222871 0.0199877 0.0233101 0.0058978 0.0189835 0.00728515 0.00587548 0.0203926 
Throughputs: 3.70278 2.73613 3.06381 4.06323 3.1785 2.7689 4.68582 3.76832 3.67002 3.09658 2.68698 3.48979 4.70221 3.06381 4.55475 3.03104 3.70278 2.81805 3.73555 3.45702 3.55533 3.24403 3.85024 4.25984 4.73498 4.93158 2.67059 3.57171 3.62086 3.39149 
Utility: 5.76688 5.49478 5.08012 6.13787 4.90067 5.94598 5.86135 5.33105 5.63412 5.70593 4.74887 5.97993 6.12502 6.1135 5.17037 5.05379 5.40262 5.17233 5.80515 5.38148 5.35018 5.31543 5.15188 5.36187 5.31385 6.72884 4.94648 6.19496 6.42368 5.11385 

--------------------------------------
Time: 8.50044
Split Ratios: 1 0.618 0.382 1 1 0.914 0.086 1 0.018 0.982 0.105 0.826 0.068 1 1 1 1 0.163 0.013 0.824 0.289 0.711 0.557 0.443 0.91 0.09 0.189 0.537 0.274 1 0.822 0.178 0.57 0.43 0.594 0.057 0.217 0.131 0.471 0.529 0.029 0.637 0.333 0.653 0.347 1 1 1 1 1 1 
Delays: 0.0115599 0.0113906 0.0190571 0.00886923 0.0237507 0.00726199 0.0133398 0.01834 0.0130812 0.0102104 0.0232635 0.00882331 0.00912336 0.00656707 0.0257195 0.0193487 0.0167459 0.0159496 0.0110431 0.0159081 0.0166578 0.0160114 0.022123 0.0198457 0.0232615 0.00601809 0.0190847 0.00730315 0.00583361 0.0204115 
Throughputs: 4.03046 2.70336 3.2768 4.39091 3.34234 3.12934 4.66944 4.096 3.16211 3.1785 2.7689 3.65363 4.73498 2.60506 4.55475 3.19488 4.04685 3.03104 3.70278 3.44064 3.12934 3.26042 4.52198 3.65363 4.24346 4.5056 2.91635 3.30957 3.39149 3.16211 
Utility: 5.8541 5.46946 5.14718 6.2047 4.94681 6.06592 5.85804 5.40868 5.48782 5.74076 4.77932 6.02608 6.25189 5.98314 5.17668 5.10668 5.48754 5.24723 5.81503 5.37658 5.2357 5.31631 5.32009 5.21549 5.20634 6.61831 5.0292 6.11627 6.36539 5.0429 

--------------------------------------
Time: 9.00053
Split Ratios: 1 0.618 0.382 1 1 0.914 0.086 1 0.018 0.982 0.105 0.826 0.068 1 1 1 1 0.163 0.013 0.824 0.289 0.711 0.557 0.443 0.91 0.09 0.189 0.537 0.274 1 0.822 0.178 0.57 0.43 0.594 0.057 0.217 0.131 0.471 0.529 0.029 0.637 0.333 0.653 0.347 1 1 1 1 1 1 
Delays: 0.0115807 0.0112309 0.0189161 0.00874338 0.0235587 0.00727534 0.0134135 0.0183704 0.0131838 0.0102941 0.0232657 0.00886465 0.0101388 0.00663821 0.0257591 0.0193669 0.0167791 0.016101 0.0111884 0.0156322 0.0168023 0.0159874 0.0218964 0.0199626 0.0232366 0.00599126 0.019169 0.00723723 0.00579806 0.0204443 
Throughputs: 4.04685 2.78528 3.14573 3.93216 3.16211 2.81805 5.19373 4.06323 3.03104 3.39149 3.1785 4.12877 4.44006 3.16211 4.9152 3.29318 4.14515 2.71974 3.98131 3.21126 3.5881 3.1785 4.35814 3.42426 4.35814 4.88243 3.12934 2.73613 3.42426 3.21126 
Utility: 5.85635 5.51343 5.11379 6.10865 4.8995 5.95931 5.95894 5.399 5.43767 5.79745 4.91718 6.14366 6.08206 6.16615 5.2513 5.13604 5.50956 5.12941 5.87449 5.32508 5.36386 5.29236 5.29348 5.14478 5.23407 6.7031 5.09528 5.93506 6.38112 5.05672 

--------------------------------------
Time: 9.50062
Split Ratios: 1 0.618 0.382 1 1 0.914 0.086 1 0.018 0.982 0.105 0.826 0.068 1 1 1 1 0.163 0.013 0.824 0.289 0.711 0.557 0.443 0.91 0.09 0.189 0.537 0.274 1 0.822 0.178 0.57 0.43 0.594 0.057 0.217 0.131 0.471 0.529 0.029 0.637 0.333 0.653 0.347 1 1 1 1 1 1 
Delays: 0.0115141 0.0112377 0.0189699 0.00883781 0.0235525 0.00722205 0.0133193 0.018046 0.0130823 0.0102524 0.0232617 0.00889639 0.0104023 0.00661204 0.0261095 0.0194579 0.0167069 0.0159756 0.0111269 0.0157478 0.0168844 0.0160488 0.022202 0.0198765 0.0232642 0.00593018 0.0190108 0.00728285 0.00585097 0.0203851 
Throughputs: 3.6864 2.73613 2.9655 4.65306 3.2768 2.78528 4.88243 4.04685 3.04742 3.04742 2.83443 3.62086 4.48922 2.98189 4.70221 2.7689 3.75194 2.63782 3.93216 3.04742 3.32595 3.04742 4.21069 3.73555 4.4073 4.86605 2.71974 3.21126 3.70278 3.22765 
Utility: 5.76883 5.49503 5.05195 6.26624 4.93539 5.95496 5.90419 5.41277 5.45079 5.69454 4.80279 6.00882 6.06741 6.11142 5.19349 4.95795 5.41421 5.10664 5.86758 5.26535 5.28312 5.24642 5.2452 5.23611 5.2441 6.70998 4.96329 6.0889 6.45023 5.0647 

--------------------------------------
Time: 10.0008
Split Ratios: 1 0.618 0.382 1 1 0.914 0.086 1 0.018 0.982 0.105 0.826 0.068 1 1 1 1 0.163 0.013 0.824 0.289 0.711 0.557 0.443 0.91 0.09 0.189 0.537 0.274 1 0.822 0.178 0.57 0.43 0.594 0.057 0.217 0.131 0.471 0.529 0.029 0.637 0.333 0.653 0.347 1 1 1 1 1 1 
Delays: 0.0115534 0.0113614 0.018983 0.0088565 0.0237023 0.00724669 0.0134303 0.0183293 0.0131932 0.0103733 0.023286 0.00887973 0.0102961 0.0066553 0.0258013 0.0192322 0.0167686 0.0159575 0.0113053 0.0158466 0.0167184 0.016039 0.0223034 0.0199754 0.0233775 0.00599965 0.0190015 0.0073291 0.00583735 0.0203955 
Throughputs: 4.25984 2.57229 3.03104 4.78413 3.39149 2.9655 4.68582 4.06323 3.44064 3.19488 2.89997 3.71917 4.6039 3.04742 4.73498 2.5559 3.60448 2.94912 3.9977 3.14573 3.55533 3.19488 4.47283 3.57171 4.68582 4.5056 2.70336 3.06381 3.67002 2.93274 
Utility: 5.91001 5.42233 5.07312 6.29191 4.96345 6.01426 5.85478 5.40123 5.56371 5.73007 4.8246 6.03748 6.10289 6.12664 5.21231 4.88957 5.37043 5.21934 5.8682 5.29084 5.35969 5.29428 5.30104 5.1863 5.30052 6.62137 4.95773 6.03556 6.44367 4.96837 

--------------------------------------
Time: 10.5009
Split Ratios: 1 0.618 0.382 1 1 0.914 0.086 1 0.018 0.982 0.105 0.826 0.068 1 1 1 1 0.163 0.013 0.824 0.289 0.711 0.557 0.443 0.91 0.09 0.189 0.537 0.274 1 0.822 0.178 0.57 0.43 0.594 0.057 0.217 0.131 0.471 0.529 0.029 0.637 0.333 0.653 0.347 1 1 1 1 1 1 
Delays: 0.0115588 0.0113192 0.0190997 0.0087504 0.023609 0.00728426 0.0133313 0.0182502 0.0131153 0.0102882 0.0232315 0.00884547 0.010016 0.00678438 0.0255942 0.0193872 0.0169501 0.0160424 0.0111537 0.0154266 0.0167421 0.0160246 0.0227273 0.0198583 0.0232401 0.00599107 0.0190914 0.00726886 0.00585019 0.0204437 
Throughputs: 3.96493 2.7689 3.04742 4.17792 3.06381 2.57229 4.47283 4.24346 2.94912 3.42426 2.67059 3.5881 4.78413 3.24403 4.27622 2.60506 4.04685 2.80166 4.096 3.21126 3.65363 3.21126 4.63667 3.34234 4.29261 4.70221 2.5559 2.93274 3.57171 3.09658 
Utility: 5.83779 5.49971 5.07238 6.16847 4.86578 5.86683 5.81566 5.44896 5.41548 5.80765 4.74454 6.00547 6.16887 6.16995 5.11846 4.9006 5.47542 5.16274 5.906 5.33833 5.38555 5.30029 5.31819 5.12581 5.21877 6.66552 4.89692 6.00009 6.41433 5.02038 

--------------------------------------
Time: 11.0009
Split Ratios: 1 0.618 0.382 1 1 0.914 0.086 1 0.018 0.982 0.105 0.826 0.068 1 1 1 1 0.163 0.013 0.824 0.289 0.711 0.557 0.443 0.91 0.09 0.189 0.537 0.274 1 0.822 0.178 0.57 0.43 0.594 0.057 0.217 0.131 0.471 0.529 0.029 0.637 0.333 0.653 0.347 1 1 1 1 1 1 
Delays: 0.0115378 0.0113672 0.019057 0.00886281 0.0235746 0.00723147 0.0133332 0.0181785 0.0130678 0.0102794 0.0232922 0.00891963 0.0100388 0.00669469 0.0258864 0.0192827 0.0167585 0.0160747 0.0109928 0.0157299 0.0165973 0.016088 0.0222544 0.0199337 0.0233356 0.00593957 0.0190621 0.00730605 0.00586269 0.0203816 
Throughputs: 3.86662 2.50675 2.91635 4.52198 3.45702 2.71974 4.48922 4.17792 2.9655 3.2768 3.26042 3.67002 4.84966 3.19488 4.096 2.81805 3.98131 3.2768 4.06323 3.11296 3.75194 3.52256 4.01408 3.42426 4.35814 4.58752 2.58867 3.52256 3.6864 2.80166 
Utility: 5.81451 5.39602 5.03065 6.23484 4.98799 5.92985 5.81918 5.43733 5.42465 5.76448 4.94149 6.0197 6.18021 6.16799 5.06405 4.98459 5.47046 5.31738 5.91249 5.28777 5.42079 5.38887 5.19502 5.14623 5.22982 6.64946 4.9112 6.17824 6.4438 4.92333 

--------------------------------------
Time: 11.5009
Split Ratios: 1 0.618 0.382 1 1 0.914 0.086 1 0.018 0.982 0.105 0.826 0.068 1 1 1 1 0.163 0.013 0.824 0.289 0.711 0.557 0.443 0.91 0.09 0.189 0.537 0.274 1 0.822 0.178 0.57 0.43 0.594 0.057 0.217 0.131 0.471 0.529 0.029 0.637 0.333 0.653 0.347 1 1 1 1 1 1 
Delays: 0.0115248 0.0113644 0.0191358 0.00882658 0.0236791 0.00722061 0.0133201 0.0180236 0.0130653 0.0102403 0.0232559 0.00878614 0.00963292 0.00666333 0.0257601 0.0193128 0.0168284 0.0160412 0.0110393 0.0155941 0.0168508 0.0159995 0.0221724 0.0199787 0.0232299 0.00595446 0.0190405 0.00726491 0.00588048 0.0203913 
Throughputs: 3.42426 2.58867 2.81805 4.22707 3.24403 2.8672 4.30899 3.9977 3.1785 3.12934 2.99827 3.88301 4.5056 3.40787 4.66944 3.1785 3.81747 2.52314 3.76832 3.1785 3.9977 3.04742 4.47283 3.60448 4.42368 4.48922 2.75251 3.12934 3.39149 3.57171 
Utility: 5.69414 5.42842 4.99224 6.1715 4.91998 5.98415 5.77919 5.40179 5.49421 5.72225 4.85923 6.09119 6.14789 6.23722 5.19997 5.1034 5.42428 5.0581 5.83292 5.31727 5.46908 5.24949 5.30693 5.19527 5.24929 6.62529 4.9737 6.06552 6.35739 5.16569 

--------------------------------------
Time: 12.001
Split Ratios: 1 0.618 0.382 1 1 0.914 0.086 1 0.018 0.982 0.105 0.826 0.068 1 1 1 1 0.163 0.013 0.824 0.289 0.711 0.557 0.443 0.91 0.09 0.189 0.537 0.274 1 0.822 0.178 0.57 0.43 0.594 0.057 0.217 0.131 0.471 0.529 0.029 0.637 0.333 0.653 0.347 1 1 1 1 1 1 
Delays: 0.011662 0.0113287 0.0190436 0.00882976 0.0236996 0.00725666 0.0133117 0.0182642 0.0131843 0.0103706 0.0232159 0.00883062 0.00991764 0.00674705 0.0258622 0.0193334 0.0167438 0.0159915 0.0111369 0.0155525 0.016873 0.0159658 0.0226317 0.0199087 0.0232316 0.00591571 0.0190127 0.00729343 0.00590343 0.0204302 
Throughputs: 4.01408 2.83443 3.09658 4.71859 3.14573 2.88358 4.14515 3.94854 3.2768 3.42426 3.12934 3.91578 5.07904 2.98189 4.4073 2.93274 4.07962 2.8672 3.86662 3.08019 3.83386 3.2768 4.34176 3.06381 4.35814 4.53837 2.93274 3.48979 3.5881 3.24403 
Utility: 5.84123 5.52225 5.09132 6.28114 4.88834 5.98487 5.74105 5.37616 5.51559 5.79966 4.90374 6.09454 6.23856 6.09121 5.13824 5.02186 5.49573 5.18903 5.84987 5.28852 5.42591 5.32417 5.25668 5.03626 5.23429 6.64271 5.03858 6.17062 6.40984 5.06756 

--------------------------------------
Time: 12.501
Split Ratios: 1 0.618 0.382 1 1 0.914 0.086 1 0.018 0.982 0.105 0.826 0.068 1 1 1 1 0.163 0.013 0.824 0.289 0.711 0.557 0.443 0.91 0.09 0.189 0.537 0.274 1 0.822 0.178 0.57 0.43 0.594 0.057 0.217 0.131 0.471 0.529 0.029 0.637 0.333 0.653 0.347 1 1 1 1 1 1 
Delays: 0.0115526 0.0113189 0.018981 0.00883345 0.0235801 0.00734061 0.0134419 0.0182724 0.0130747 0.010249 0.0233263 0.00880641 0.00921307 0.00665049 0.0257746 0.0193723 0.0169152 0.015941 0.0111498 0.0159642 0.0168635 0.0159959 0.0221874 0.0200684 0.0233366 0.00597559 0.0190181 0.00730186 0.00586918 0.020314 
Throughputs: 3.73555 2.57229 2.67059 4.47283 3.12934 2.75251 4.8169 3.71917 3.04742 3.12934 3.01466 3.48979 4.37453 2.89997 4.86605 3.08019 4.35814 2.68698 3.7847 3.29318 3.65363 3.26042 4.42368 3.91578 4.22707 4.62029 2.62144 3.40787 4.03046 3.24403 
Utility: 5.77874 5.42608 4.94662 6.22723 4.88818 5.92685 5.88151 5.31586 5.45137 5.7214 4.86166 5.98212 6.16293 6.07776 5.24065 5.0689 5.55159 5.12728 5.8273 5.32926 5.37833 5.31727 5.2952 5.27362 5.19924 6.65053 4.92609 6.14571 6.53192 5.07326 

--------------------------------------
Time: 13.001
Split Ratios: 1 0.618 0.382 1 1 0.914 0.086 1 0.018 0.982 0.105 0.826 0.068 1 1 1 1 0.163 0.013 0.824 0.289 0.711 0.557 0.443 0.91 0.09 0.189 0.537 0.274 1 0.822 0.178 0.57 0.43 0.594 0.057 0.217 0.131 0.471 0.529 0.029 0.637 0.333 0.653 0.347 1 1 1 1 1 1 
Delays: 0.0115915 0.0112483 0.0189793 0.00878698 0.0236409 0.00723113 0.0133904 0.0182775 0.0131282 0.0102976 0.0233144 0.00889817 0.0100787 0.00653619 0.0257835 0.0194436 0.0167464 0.0159565 0.0110264 0.0158358 0.0169681 0.0159756 0.022336 0.0198993 0.0232446 0.0059692 0.0190498 0.00725491 0.00584547 0.0204637 
Throughputs: 3.80109 2.85082 2.73613 4.75136 2.9655 2.88358 4.25984 4.24346 2.78528 3.39149 3.16211 4.16154 4.5056 3.16211 4.21069 3.06381 3.53894 2.67059 4.27622 3.40787 3.22765 3.29318 4.21069 3.42426 4.52198 5.30842 2.9655 3.03104 3.7847 3.26042 
Utility: 5.79277 5.53514 4.97095 6.29291 4.83183 5.98839 5.76245 5.44746 5.35734 5.79711 4.90992 6.14779 6.10266 6.18164 5.09565 5.05989 5.3534 5.12019 5.96054 5.37157 5.24817 5.32855 5.23918 5.14796 5.27063 6.79044 5.04774 6.03498 6.47306 5.07096 

--------------------------------------
Time: 13.5011
Split Ratios: 1 0.618 0.382 1 1 0.914 0.086 1 0.018 0.982 0.105 0.826 0.068 1 1 1 1 0.163 0.013 0.824 0.289 0.711 0.557 0.443 0.91 0.09 0.189 0.537 0.274 1 0.822 0.178 0.57 0.43 0.594 0.057 0.217 0.131 0.471 0.529 0.029 0.637 0.333 0.653 0.347 1 1 1 1 1 1 
Delays: 0.0115748 0.0114595 0.0189177 0.00879256 0.0235499 0.00729506 0.0132785 0.0183997 0.0131661 0.0102357 0.0232165 0.00889632 0.00989534 0.00671673 0.0257845 0.0193119 0.0167436 0.0159647 0.011171 0.0157369 0.0166893 0.0160017 0.0222364 0.019846 0.0233119 0.00600275 0.0190643 0.00734514 0.00585543 0.0203997 
Throughputs: 4.12877 2.8672 2.99827 4.65306 3.16211 2.91635 4.35814 3.85024 3.16211 2.75251 2.63782 4.096 4.88243 2.81805 4.1943 3.14573 4.07962 2.65421 3.83386 3.35872 3.70278 3.24403 4.84966 3.70278 4.48922 4.66944 2.52314 3.09658 3.67002 3.16211 
Utility: 5.8769 5.52227 5.0657 6.27137 4.89987 5.99089 5.79365 5.34356 5.48135 5.59439 4.73285 6.13213 6.20133 6.0392 5.09171 5.09308 5.49574 5.11352 5.8383 5.36331 5.40207 5.31188 5.38493 5.22884 5.26047 6.65658 4.88544 6.04401 6.44058 5.04348 

--------------------------------------
Time: 14.0011
Split Ratios: 1 0.618 0.382 1 1 0.914 0.086 1 0.018 0.982 0.105 0.826 0.068 1 1 1 1 0.163 0.013 0.824 0.289 0.711 0.557 0.443 0.91 0.09 0.189 0.537 0.274 1 0.822 0.178 0.57 0.43 0.594 0.057 0.217 0.131 0.471 0.529 0.029 0.637 0.333 0.653 0.347 1 1 1 1 1 1 
Delays: 0.0115819 0.0115044 0.0189357 0.00890144 0.0236662 0.0072526 0.0132676 0.0183691 0.0131103 0.0102213 0.0233118 0.00883678 0.0100364 0.0066666 0.0257978 0.0194987 0.0167975 0.0160492 0.0113483 0.0157446 0.0168242 0.015929 0.0221435 0.0199946 0.0233323 0.00598518 0.0190314 0.00726252 0.0058461 0.0203547 
Throughputs: 4.03046 2.71974 3.04742 4.83328 3.1785 2.91635 4.52198 3.76832 3.52256 2.91635 2.73613 3.67002 4.71859 3.2768 4.62029 3.06381 4.03046 2.99827 4.35814 3.3751 3.67002 3.3751 4.32538 3.30957 4.5056 4.88243 2.39206 3.21126 3.88301 3.19488 
Utility: 5.85219 5.46556 5.081 6.29707 4.90012 5.99673 5.83138 5.32371 5.59354 5.65362 4.76534 6.02903 6.15305 6.19751 5.18792 5.05706 5.48041 5.23013 5.95074 5.36768 5.38513 5.35604 5.27471 5.10911 5.26324 6.70411 4.83382 6.09169 6.49859 5.05599 

--------------------------------------
Time: 14.5012
Split Ratios: 1 0.618 0.382 1 1 0.914 0.086 1 0.018 0.982 0.105 0.826 0.068 1 1 1 1 0.163 0.013 0.824 0.289 0.711 0.557 0.443 0.91 0.09 0.189 0.537 0.274 1 0.822 0.178 0.57 0.43 0.594 0.057 0.217 0.131 0.471 0.529 0.029 0.637 0.333 0.653 0.347 1 1 1 1 1 1 
Delays: 0.0115309 0.011236 0.0190025 0.00883403 0.0236114 0.00725895 0.0133846 0.0180021 0.0131721 0.0102485 0.0233604 0.00886032 0.0103457 0.00675265 0.0256714 0.0193812 0.0167542 0.0160284 0.0110273 0.0158002 0.0167754 0.0159618 0.0221302 0.0199826 0.0234149 0.00592558 0.0191578 0.00725271 0.00586045 0.0204591 
Throughputs: 3.93216 3.14573 3.16211 4.65306 3.04742 2.73613 4.8169 4.11238 3.29318 2.62144 3.04742 4.03046 4.71859 2.83443 5.09542 3.12934 3.9977 2.83443 3.62086 3.06381 3.52256 2.85082 4.03046 3.65363 5.30842 4.66944 2.73613 3.45702 3.71917 3.09658 
Utility: 5.83192 5.63468 5.11443 6.26667 4.86032 5.93206 5.88578 5.43127 5.52151 5.54435 4.87101 6.12005 6.12269 6.03966 5.29072 5.08427 5.47483 5.17523 5.79409 5.26739 5.34703 5.18516 5.20469 5.20862 5.42368 6.66952 4.96159 6.16679 6.45303 5.01962 

--------------------------------------
Time: 15.0012
Split Ratios: 1 0.618 0.382 1 1 0.914 0.086 1 0.018 0.982 0.105 0.826 0.068 1 1 1 1 0.163 0.013 0.824 0.289 0.711 0.557 0.443 0.91 0.09 0.189 0.537 0.274 1 0.822 0.178 0.57 0.43 0.594 0.057 0.217 0.131 0.471 0.529 0.029 0.637 0.333 0.653 0.347 1 1 1 1 1 1 
Delays: 0.0115511 0.0111923 0.0190103 0.00878416 0.0236718 0.0072972 0.0134506 0.0181755 0.0130652 0.0103188 0.0231485 0.00885184 0.00934322 0.00667201 0.0258039 0.0193487 0.0168538 0.0159576 0.0110341 0.0156139 0.0166855 0.0159945 0.0220938 0.0200656 0.0232594 0.00594543 0.0189913 0.00728924 0.00582314 0.0203398 
Throughputs: 3.9977 2.89997 3.34234 4.22707 3.2768 2.7689 4.93158 3.65363 2.85082 3.04742 2.70336 3.5881 4.76774 3.29318 4.62029 3.01466 4.096 2.85082 4.04685 2.98189 3.29318 3.09658 4.48922 3.70278 4.48922 4.58752 2.9655 3.35872 3.26042 2.98189 
Utility: 5.84669 5.55723 5.16944 6.17631 4.93034 5.93871 5.90439 5.3034 5.38541 5.68808 4.76032 6.00475 6.23498 6.20169 5.18769 5.04862 5.49319 5.18543 5.90471 5.25215 5.28507 5.26581 5.31414 5.21783 5.26273 6.64847 5.05082 6.13292 6.32777 4.98773 

--------------------------------------
Time: 15.5013
Split Ratios: 1 0.618 0.382 1 1 0.914 0.086 1 0.018 0.982 0.105 0.826 0.068 1 1 1 1 0.163 0.013 0.824 0.289 0.711 0.557 0.443 0.91 0.09 0.189 0.537 0.274 1 0.822 0.178 0.57 0.43 0.594 0.057 0.217 0.131 0.471 0.529 0.029 0.637 0.333 0.653 0.347 1 1 1 1 1 1 
Delays: 0.0115568 0.0114931 0.018958 0.008818 0.0234118 0.00722014 0.0134993 0.0181809 0.0131515 0.0101849 0.0231942 0.00881969 0.0103006 0.0067325 0.0257887 0.0195024 0.0168421 0.0159385 0.0113502 0.0157308 0.0168436 0.0159759 0.0222625 0.0199521 0.0233326 0.0059986 0.0190686 0.00727927 0.00584556 0.0202753 
Throughputs: 3.96493 2.81805 3.3751 4.52198 3.06381 2.83443 5.27565 3.73555 3.09658 2.93274 2.68698 3.34234 4.44006 3.34234 4.57114 2.70336 3.55533 2.65421 4.45645 3.09658 3.73555 3.39149 4.45645 3.40787 4.55475 4.76774 2.94912 3.26042 3.83386 2.70336 
Utility: 5.83797 5.50206 5.18196 6.23991 4.87417 5.97272 5.96822 5.32528 5.46152 5.66279 4.75227 5.93744 6.06622 6.20748 5.17758 4.93171 5.35232 5.11516 5.97288 5.28243 5.40168 5.35794 5.2992 5.14051 5.27408 6.6781 5.04122 6.10458 6.48594 4.89285 

--------------------------------------
Time: 16.0013
Split Ratios: 1 0.618 0.382 1 1 0.914 0.086 1 0.018 0.982 0.105 0.826 0.068 1 1 1 1 0.163 0.013 0.824 0.289 0.711 0.557 0.443 0.91 0.09 0.189 0.537 0.274 1 0.822 0.178 0.57 0.43 0.594 0.057 0.217 0.131 0.471 0.529 0.029 0.637 0.333 0.653 0.347 1 1 1 1 1 1 
Delays: 0.0115372 0.0112483 0.0189663 0.00884073 0.0236736 0.00725628 0.0132737 0.0184929 0.0132285 0.010251 0.0233079 0.00883842 0.00928065 0.00662124 0.0258339 0.0194025 0.0168011 0.0160176 0.0110863 0.0154466 0.0168171 0.0160226 0.0223694 0.0199244 0.0232367 0.00601678 0.0190326 0.00724695 0.00585974 0.0203932 
Throughputs: 3.7847 3.24403 3.30957 4.47283 3.14573 2.65421 4.6039 3.94854 3.71917 2.7689 2.80166 3.5881 4.8169 3.39149 5.24288 3.06381 3.75194 2.57229 3.93216 3.12934 3.53894 3.29318 3.98131 3.63725 4.16154 4.88243 2.75251 3.30957 3.70278 2.98189 
Utility: 5.79315 5.66436 5.16191 6.22641 4.88944 5.90203 5.84888 5.36372 5.63888 5.59883 4.78918 6.00627 6.25195 6.23874 5.31294 5.06201 5.40858 5.07887 5.87124 5.31119 5.34918 5.32561 5.18167 5.20704 5.1879 6.69885 4.97412 6.12399 6.44874 4.98511 

--------------------------------------
Time: 16.5013
Split Ratios: 1 0.618 0.382 1 1 0.914 0.086 1 0.018 0.982 0.105 0.826 0.068 1 1 1 1 0.163 0.013 0.824 0.289 0.711 0.557 0.443 0.91 0.09 0.189 0.537 0.274 1 0.822 0.178 0.57 0.43 0.594 0.057 0.217 0.131 0.471 0.529 0.029 0.637 0.333 0.653 0.347 1 1 1 1 1 1 
Delays: 0.0115494 0.0111142 0.018925 0.00878389 0.0234916 0.00727261 0.0133946 0.0183749 0.0131278 0.0102365 0.0232733 0.00885631 0.00951056 0.00679182 0.0257151 0.0192134 0.0168892 0.0159388 0.0111489 0.0156763 0.0167929 0.0160123 0.0222439 0.0198973 0.023287 0.00592688 0.0190598 0.00726222 0.00585422 0.0203239 
Throughputs: 3.98131 2.44122 2.89997 4.45645 3.3751 2.75251 4.66944 3.7847 3.3751 3.09658 3.08019 3.62086 5.06266 2.91635 4.34176 2.89997 4.37453 2.70336 3.93216 3.34234 3.35872 3.16211 4.1943 3.70278 4.24346 4.47283 2.89997 3.1785 3.85024 2.70336 
Utility: 5.84273 5.39202 5.03197 6.22919 4.96754 5.93615 5.85394 5.32774 5.54945 5.7121 4.88544 6.01334 6.27724 6.06237 5.12896 5.01685 5.55688 5.13349 5.86561 5.36228 5.29836 5.28564 5.23941 5.22625 5.20524 6.62628 5.02487 6.08148 6.48873 4.89045 

--------------------------------------
Time: 17.0013
Split Ratios: 1 0.618 0.382 1 1 0.914 0.086 1 0.018 0.982 0.105 0.826 0.068 1 1 1 1 0.163 0.013 0.824 0.289 0.711 0.557 0.443 0.91 0.09 0.189 0.537 0.274 1 0.822 0.178 0.57 0.43 0.594 0.057 0.217 0.131 0.471 0.529 0.029 0.637 0.333 0.653 0.347 1 1 1 1 1 1 
Delays: 0.0115439 0.0112917 0.0189806 0.00882877 0.0235543 0.00723176 0.0133596 0.0181161 0.0131489 0.010258 0.0231562 0.00887591 0.010142 0.00689088 0.0254149 0.0193903 0.0167142 0.0158566 0.0111137 0.0157226 0.0169652 0.015979 0.0223394 0.0198689 0.0232482 0.0059848 0.0189904 0.00728983 0.00584883 0.0203621 
Throughputs: 4.14515 2.71974 2.83443 4.44006 3.19488 2.60506 4.55475 3.94854 3.14573 3.06381 2.78528 3.76832 4.11238 2.34291 4.16154 3.12934 3.67002 2.57229 3.62086 3.42426 3.65363 3.2768 4.4073 3.04742 4.21069 4.78413 2.67059 3.21126 3.35872 3.16211 
Utility: 5.88353 5.48423 5.00618 6.22041 4.91 5.88673 5.83169 5.3843 5.47746 5.69936 4.78984 6.05104 6.00508 5.82895 5.09831 5.08381 5.3917 5.08896 5.78629 5.38354 5.37231 5.32335 5.28466 5.0329 5.19915 6.68384 4.94612 6.08794 6.35307 5.04532 

--------------------------------------
Time: 17.5013
Split Ratios: 1 0.618 0.382 1 1 0.914 0.086 1 0.018 0.982 0.105 0.826 0.068 1 1 1 1 0.163 0.013 0.824 0.289 0.711 0.557 0.443 0.91 0.09 0.189 0.537 0.274 1 0.822 0.178 0.57 0.43 0.594 0.057 0.217 0.131 0.471 0.529 0.029 0.637 0.333 0.653 0.347 1 1 1 1 1 1 
Delays: 0.0115805 0.0111535 0.0188829 0.00886652 0.0236592 0.00722783 0.0133093 0.0181544 0.0131229 0.0102326 0.0233823 0.00883636 0.0103214 0.00668138 0.026075 0.0193785 0.0168594 0.0160314 0.0112346 0.0157623 0.0168274 0.0159367 0.0221379 0.0199784 0.0232722 0.00601198 0.0190972 0.00728644 0.00584817 0.0203731 
Throughputs: 4.27622 2.67059 2.83443 4.71859 3.44064 3.09658 4.55475 3.89939 3.50618 2.91635 3.09658 3.71917 4.8169 2.9655 5.2265 3.24403 4.14515 2.71974 3.83386 3.44064 3.6864 3.42426 3.81747 3.45702 4.16154 5.06266 3.01466 3.45702 3.5881 3.04742 
Utility: 5.9115 5.4783 5.01134 6.27698 4.97966 6.06011 5.83546 5.36966 5.58792 5.65251 4.88607 6.04238 6.14567 6.09548 5.30052 5.12041 5.50478 5.13374 5.83263 5.38579 5.3894 5.37002 5.15005 5.15351 5.18638 6.73589 5.0617 6.16215 6.41925 5.00784 

--------------------------------------
Time: 18.0014
Split Ratios: 1 0.618 0.382 1 1 0.914 0.086 1 0.018 0.982 0.105 0.826 0.068 1 1 1 1 0.163 0.013 0.824 0.289 0.711 0.557 0.443 0.91 0.09 0.189 0.537 0.274 1 0.822 0.178 0.57 0.43 0.594 0.057 0.217 0.131 0.471 0.529 0.029 0.637 0.333 0.653 0.347 1 1 1 1 1 1 
Delays: 0.0115668 0.0113329 0.018937 0.00883619 0.0235714 0.00724949 0.0133485 0.0180637 0.0131148 0.0103523 0.0232995 0.00885406 0.0101984 0.00668345 0.0256446 0.0192819 0.0168124 0.0160008 0.0113518 0.0156121 0.0167539 0.0159898 0.022059 0.0198368 0.0233417 0.00597867 0.0190708 0.00728312 0.00585958 0.0204164 
Throughputs: 4.21069 2.68698 3.09658 4.65306 3.08019 3.09658 4.48922 3.91578 3.19488 3.04742 2.53952 3.55533 4.99712 3.44064 4.66944 3.12934 3.85024 2.85082 3.70278 2.98189 3.88301 3.01466 4.86605 3.98131 4.71859 4.48922 2.39206 3.39149 3.48979 3.01466 
Utility: 5.89724 5.46846 5.09694 6.26642 4.87271 6.05712 5.81803 5.37886 5.49556 5.68484 4.6913 5.99533 6.19439 6.24378 5.20446 5.08941 5.43378 5.18272 5.78746 5.25227 5.44574 5.23929 5.39632 5.30183 5.30903 6.62123 4.83175 6.14346 6.38952 4.9949 

--------------------------------------
Time: 18.5015
Split Ratios: 1 0.618 0.382 1 1 0.914 0.086 1 0.018 0.982 0.105 0.826 0.068 1 1 1 1 0.163 0.013 0.824 0.289 0.711 0.557 0.443 0.91 0.09 0.189 0.537 0.274 1 0.822 0.178 0.57 0.43 0.594 0.057 0.217 0.131 0.471 0.529 0.029 0.637 0.333 0.653 0.347 1 1 1 1 1 1 
Delays: 0.0115881 0.0112129 0.0190396 0.00880763 0.0236785 0.00725261 0.0134984 0.0183289 0.0131716 0.0102903 0.0233614 0.00881556 0.00936323 0.00684131 0.0257453 0.0194548 0.0168515 0.015982 0.0111697 0.0159093 0.0166111 0.0159903 0.0222045 0.0200119 0.0233106 0.00599405 0.0190266 0.00733029 0.00585793 0.0204389 
Throughputs: 4.1943 3.06381 3.06381 4.53837 2.91635 3.06381 5.0135 4.24346 3.26042 3.14573 3.21126 3.70278 4.78413 3.34234 4.47283 2.98189 3.81747 2.80166 3.81747 3.34234 3.42426 3.01466 4.25984 3.62086 4.58752 5.11181 2.81805 3.21126 3.67002 3.12934 
Utility: 5.8915 5.61035 5.08089 6.2447 4.81352 6.04605 5.91732 5.44465 5.51155 5.7226 4.92334 6.04032 6.23627 6.19145 5.15753 5.03222 5.4229 5.16651 5.83414 5.34752 5.32857 5.23926 5.25669 5.19814 5.28218 6.74854 4.99796 6.0824 6.44015 5.03114 

--------------------------------------
Time: 19.0016
Split Ratios: 1 0.618 0.382 1 1 0.914 0.086 1 0.018 0.982 0.105 0.826 0.068 1 1 1 1 0.163 0.013 0.824 0.289 0.711 0.557 0.443 0.91 0.09 0.189 0.537 0.274 1 0.822 0.178 0.57 0.43 0.594 0.057 0.217 0.131 0.471 0.529 0.029 0.637 0.333 0.653 0.347 1 1 1 1 1 1 
Delays: 0.0115493 0.0114821 0.0188805 0.008745 0.0235399 0.00727634 0.0133045 0.0181547 0.0131474 0.0102386 0.0231901 0.00883729 0.00963631 0.00663378 0.0254917 0.019153 0.0167391 0.0159177 0.0111013 0.0159355 0.0167542 0.0159029 0.0219169 0.0198926 0.0232415 0.00602091 0.0191177 0.00727396 0.0058488 0.0204236 
Throughputs: 3.76832 2.62144 2.93274 4.22707 3.09658 2.81805 4.78413 4.1943 3.39149 3.24403 2.7689 3.96493 4.65306 2.9655 4.11238 2.44122 4.06323 2.5559 3.70278 3.30957 3.42426 2.99827 4.04685 3.35872 4.53837 4.70221 2.89997 3.42426 3.73555 3.2768 
Utility: 5.78776 5.43069 5.04556 6.18078 4.87935 5.95917 5.88496 5.44255 5.5528 5.75841 4.78248 6.10626 6.17974 6.10263 5.08341 4.84779 5.49199 5.07873 5.80978 5.33602 5.31999 5.23929 5.21844 5.12897 5.27438 6.66055 5.02184 6.15434 6.45941 5.07793 

--------------------------------------
Time: 19.5016
Split Ratios: 1 0.618 0.382 1 1 0.914 0.086 1 0.018 0.982 0.105 0.826 0.068 1 1 1 1 0.163 0.013 0.824 0.289 0.711 0.557 0.443 0.91 0.09 0.189 0.537 0.274 1 0.822 0.178 0.57 0.43 0.594 0.057 0.217 0.131 0.471 0.529 0.029 0.637 0.333 0.653 0.347 1 1 1 1 1 1 
Delays: 0.0115024 0.011116 0.0190487 0.00880502 0.023569 0.00727735 0.0133378 0.018239 0.0131132 0.0102838 0.0231927 0.00882565 0.0100679 0.00664409 0.0257856 0.0193268 0.0168819 0.015969 0.0112282 0.015918 0.0167417 0.015917 0.0220596 0.0199133 0.0232732 0.00601036 0.0190818 0.00732181 0.00585098 0.0203522 
Throughputs: 3.70278 2.60506 3.32595 4.5056 3.03104 2.80166 4.29261 4.4073 3.1785 3.52256 2.5559 3.5881 4.73498 2.98189 4.21069 3.1785 3.71917 2.83443 3.52256 3.06381 3.42426 2.98189 4.32538 3.47341 4.44006 4.96435 3.1785 3.76832 3.3751 3.12934 
Utility: 5.77429 5.45683 5.16251 6.23775 4.85673 5.9532 5.77404 5.48746 5.49054 5.83637 4.70232 6.00771 6.15338 6.10658 5.09557 5.10267 5.39501 5.17894 5.74852 5.25997 5.32074 5.23292 5.2785 5.16151 5.25112 6.71655 5.11543 6.24353 6.35757 5.03539 

--------------------------------------
Time: 20.0017
Split Ratios: 1 0.618 0.382 1 1 0.914 0.086 1 0.018 0.982 0.105 0.826 0.068 1 1 1 1 0.163 0.013 0.824 0.289 0.711 0.557 0.443 0.91 0.09 0.189 0.537 0.274 1 0.822 0.178 0.57 0.43 0.594 0.057 0.217 0.131 0.471 0.529 0.029 0.637 0.333 0.653 0.347 1 1 1 1 1 1 
Delays: 0.0115982 0.0113916 0.018931 0.00878807 0.023506 0.00727187 0.0133392 0.0181183 0.0131082 0.0102849 0.0231788 0.0087892 0.0101587 0.00672766 0.0255825 0.0191528 0.0168272 0.0158461 0.0110592 0.0160161 0.0169187 0.0159684 0.0219847 0.0198762 0.0232503 0.00591146 0.0190591 0.00726739 0.00583663 0.0203082 
Throughputs: 4.01408 2.73613 2.73613 4.48922 2.98189 2.73613 4.39091 3.94854 3.48979 3.16211 3.03104 3.89939 5.06266 2.75251 4.39091 2.70336 3.6864 2.3593 3.60448 3.30957 3.60448 3.40787 4.096 3.91578 4.34176 4.34176 2.68698 3.29318 3.44064 2.9655 
Utility: 5.84672 5.48142 4.9735 6.23604 4.84305 5.93029 5.79659 5.38418 5.58436 5.72832 4.87342 6.09505 6.21131 6.01404 5.14539 4.9498 5.38941 5.00319 5.78667 5.33098 5.36152 5.36323 5.22742 5.28325 5.22972 6.59914 4.94863 6.11621 6.37926 4.98378 

--------------------------------------
Time: 20.502
Split Ratios: 1 0.618 0.382 1 1 0.914 0.086 1 0.018 0.982 0.105 0.826 0.068 1 1 1 1 0.163 0.013 0.824 0.289 0.711 0.557 0.443 0.91 0.09 0.189 0.537 0.274 1 0.822 0.178 0.57 0.43 0.594 0.057 0.217 0.131 0.471 0.529 0.029 0.637 0.333 0.653 0.347 1 1 1 1 1 1 
Delays: 0.0115286 0.0112234 0.0189925 0.00882193 0.0235553 0.00723318 0.0133754 0.0182391 0.013092 0.0101897 0.0232612 0.00884063 0.00931186 0.00691179 0.0253574 0.0192619 0.0166736 0.0159376 0.0110158 0.0155501 0.0167905 0.0159339 0.0221735 0.0199532 0.0233315 0.00596669 0.0189842 0.00726636 0.00580279 0.0203748 
Throughputs: 3.7847 2.3593 2.81805 4.62029 3.35872 2.75251 4.73498 3.94854 3.24403 2.93274 2.9655 3.88301 4.89882 2.98189 4.39091 2.80166 3.76832 2.71974 3.9977 3.47341 3.42426 3.55533 4.06323 3.47341 4.25984 4.76774 2.49037 3.12934 3.26042 3.12934 
Utility: 5.79389 5.34811 4.99975 6.26097 4.95997 5.94159 5.86931 5.37754 5.51257 5.66231 4.84802 6.08501 6.26546 6.06708 5.15422 4.97984 5.42056 5.13961 5.89415 5.40882 5.31783 5.40775 5.21084 5.1595 5.20718 6.68344 4.87658 6.06532 6.33127 5.03428 

--------------------------------------
Time: 21.002
Split Ratios: 1 0.618 0.382 1 1 0.914 0.086 1 0.018 0.982 0.105 0.826 0.068 1 1 1 1 0.163 0.013 0.824 0.289 0.711 0.557 0.443 0.91 0.09 0.189 0.537 0.274 1 0.822 0.178 0.57 0.43 0.594 0.057 0.217 0.131 0.471 0.529 0.029 0.637 0.333 0.653 0.347 1 1 1 1 1 1 
Delays: 0.0115636 0.0114313 0.0189934 0.00878576 0.0235866 0.00724672 0.013308 0.0181718 0.0131856 0.0101896 0.023275 0.00886635 0.0096075 0.00671243 0.0257207 0.0194478 0.0166589 0.016022 0.011389 0.0157816 0.0167701 0.0160057 0.022253 0.0199923 0.0233059 0.00593457 0.0190146 0.00729292 0.00585385 0.0204278 
Throughputs: 3.53894 2.78528 3.22765 4.37453 2.91635 2.94912 4.47283 4.1943 3.22765 3.30957 3.04742 3.85024 4.21069 3.22765 4.11238 3.01466 3.9977 3.04742 4.096 3.21126 4.096 3.35872 4.01408 3.6864 4.22707 4.5056 2.49037 3.14573 3.6864 3.3751 
Utility: 5.72372 5.49575 5.13542 6.21042 4.81741 6.00871 5.81741 5.44161 5.50038 5.78321 4.87467 6.07363 6.08284 6.17555 5.07446 5.04351 5.48053 5.24809 5.88512 5.31558 5.49817 5.34637 5.19509 5.21706 5.20056 6.63228 4.87498 6.0669 6.44531 5.10728 

--------------------------------------
Time: 21.5021
Split Ratios: 1 0.618 0.382 1 1 0.914 0.086 1 0.018 0.982 0.105 0.826 0.068 1 1 1 1 0.163 0.013 0.824 0.289 0.711 0.557 0.443 0.91 0.09 0.189 0.537 0.274 1 0.822 0.178 0.57 0.43 0.594 0.057 0.217 0.131 0.471 0.529 0.029 0.637 0.333 0.653 0.347 1 1 1 1 1 1 
Delays: 0.0115729 0.011369 0.0190751 0.00879024 0.0235806 0.00725681 0.0133553 0.0180733 0.0132284 0.0103549 0.023272 0.00890208 0.00998271 0.00676658 0.025822 0.0194226 0.016878 0.015973 0.0111341 0.0159487 0.0168855 0.0160578 0.0221486 0.0200566 0.0233571 0.00598431 0.0189981 0.00729034 0.00585715 0.0204713 
Throughputs: 3.50618 2.73613 2.89997 4.37453 3.32595 2.83443 4.8169 3.67002 3.3751 2.89997 3.21126 4.01408 4.75136 3.42426 4.1943 3.44064 4.11238 2.78528 4.1943 3.2768 4.21069 3.09658 4.55475 4.06323 4.16154 4.89882 3.04742 3.26042 3.26042 3.45702 
Utility: 5.71361 5.48341 5.02407 6.20991 4.94909 5.96766 5.88797 5.31351 5.54181 5.635 4.92717 6.11128 6.16533 6.22664 5.09026 5.17698 5.49575 5.1612 5.93147 5.32525 5.51892 5.26186 5.32615 5.31118 5.18274 6.70761 5.07771 6.10306 6.32195 5.12914 

--------------------------------------
Time: 22.0023
Split Ratios: 1 0.618 0.382 1 1 0.914 0.086 1 0.018 0.982 0.105 0.826 0.068 1 1 1 1 0.163 0.013 0.824 0.289 0.711 0.557 0.443 0.91 0.09 0.189 0.537 0.274 1 0.822 0.178 0.57 0.43 0.594 0.057 0.217 0.131 0.471 0.529 0.029 0.637 0.333 0.653 0.347 1 1 1 1 1 1 
Delays: 0.0116557 0.0113593 0.0189026 0.00876179 0.0235355 0.00727772 0.0133261 0.0180094 0.0131479 0.0103321 0.0232651 0.00888818 0.0092553 0.00678361 0.0257806 0.0192111 0.0169096 0.015974 0.0111139 0.0157065 0.0166548 0.0159471 0.0221698 0.0199273 0.023345 0.00593156 0.0190822 0.00726989 0.00584954 0.0203224 
Throughputs: 4.27622 2.9655 2.50675 4.68582 3.22765 2.75251 4.39091 3.81747 3.22765 2.83443 2.78528 4.096 5.17734 3.73555 4.42368 2.81805 3.96493 2.89997 3.73555 3.08019 3.53894 3.21126 4.66944 3.1785 4.84966 4.47283 2.73613 3.24403 3.39149 2.81805 
Utility: 5.90503 5.56477 4.88744 6.2819 4.921 5.93545 5.79757 5.35645 5.50325 5.61434 4.78515 6.13304 6.32685 6.31114 5.1451 4.98831 5.45736 5.20149 5.81746 5.27867 5.35889 5.30515 5.35007 5.07207 5.33628 6.62549 4.96554 6.10083 6.36266 4.93207 

--------------------------------------
Time: 22.5023
Split Ratios: 1 0.618 0.382 1 1 0.914 0.086 1 0.018 0.982 0.105 0.826 0.068 1 1 1 1 0.163 0.013 0.824 0.289 0.711 0.557 0.443 0.91 0.09 0.189 0.537 0.274 1 0.822 0.178 0.57 0.43 0.594 0.057 0.217 0.131 0.471 0.529 0.029 0.637 0.333 0.653 0.347 1 1 1 1 1 1 
Delays: 0.0115508 0.0114601 0.0189872 0.00879759 0.0235393 0.00726369 0.0133762 0.0184171 0.0131935 0.0102027 0.0232367 0.00890186 0.00950399 0.0068041 0.0256818 0.0191283 0.0167204 0.0159635 0.011191 0.0156574 0.016869 0.0160646 0.0223971 0.0198893 0.0233271 0.00601424 0.0191197 0.00725251 0.00581408 0.0203997 
Throughputs: 3.73555 2.73613 2.81805 4.70221 3.24403 2.88358 4.75136 3.91578 3.53894 2.9655 2.88358 3.71917 4.65306 3.30957 4.55475 2.75251 3.45702 2.78528 3.73555 3.01466 3.6864 3.50618 4.04685 3.57171 4.57114 5.12819 2.99827 3.08019 3.53894 3.32595 
Utility: 5.77889 5.47543 5.00004 6.28131 4.9259 5.9839 5.87271 5.35949 5.59186 5.67215 4.82106 6.035 6.19357 6.18705 5.17814 4.9691 5.33154 5.1618 5.81054 5.26029 5.38693 5.38566 5.19676 5.19062 5.2779 6.74838 5.05507 6.0514 6.4113 5.09399 

--------------------------------------
Time: 23.0024
Split Ratios: 1 0.618 0.382 1 1 0.914 0.086 1 0.018 0.982 0.105 0.826 0.068 1 1 1 1 0.163 0.013 0.824 0.289 0.711 0.557 0.443 0.91 0.09 0.189 0.537 0.274 1 0.822 0.178 0.57 0.43 0.594 0.057 0.217 0.131 0.471 0.529 0.029 0.637 0.333 0.653 0.347 1 1 1 1 1 1 
Delays: 0.0115332 0.0112214 0.0189436 0.00878284 0.0235782 0.00724984 0.0133951 0.0180579 0.0130604 0.0102483 0.0232414 0.00881471 0.0100379 0.0066423 0.0257917 0.0191928 0.0167733 0.016016 0.0111583 0.0156708 0.0167313 0.0159503 0.0222235 0.01991 0.0232961 0.00594991 0.019086 0.0072886 0.00588625 0.0203778 
Throughputs: 3.73555 2.34291 3.29318 4.78413 3.16211 2.22822 4.76774 3.70278 2.81805 3.11296 3.06381 3.29318 4.42368 3.08019 4.89882 3.06381 4.29261 2.99827 3.83386 3.39149 3.55533 3.12934 4.24346 3.44064 4.21069 4.21069 2.5559 3.12934 3.75194 3.14573 
Utility: 5.78042 5.34133 5.15814 6.30026 4.89867 5.72798 5.87474 5.32326 5.37422 5.71622 4.88148 5.92319 6.08836 6.13929 5.2467 5.07288 5.54486 5.2322 5.83944 5.37722 5.35892 5.2791 5.25198 5.15219 5.1971 6.562 4.8972 6.06227 6.45741 5.03935 

--------------------------------------
Time: 23.5026
Split Ratios: 1 0.618 0.382 1 1 0.914 0.086 1 0.018 0.982 0.105 0.826 0.068 1 1 1 1 0.163 0.013 0.824 0.289 0.711 0.557 0.443 0.91 0.09 0.189 0.537 0.274 1 0.822 0.178 0.57 0.43 0.594 0.057 0.217 0.131 0.471 0.529 0.029 0.637 0.333 0.653 0.347 1 1 1 1 1 1 
Delays: 0.0115364 0.0111099 0.0190645 0.00880617 0.0235387 0.00726033 0.0134255 0.0181796 0.0131287 0.0102273 0.0231449 0.00878408 0.00962182 0.00673224 0.0257189 0.0193969 0.0168509 0.015972 0.0109497 0.0156458 0.0168381 0.0159421 0.0218811 0.0198245 0.0233026 0.00589933 0.0191202 0.00723433 0.00589489 0.0203822 
Throughputs: 4.14515 2.60506 3.03104 4.22707 3.08019 2.75251 4.71859 3.70278 3.52256 2.7689 2.62144 3.42426 4.55475 3.29318 4.86605 2.83443 4.29261 2.81805 3.63725 3.14573 3.75194 3.1785 4.14515 3.21126 4.84966 4.39091 2.63782 3.30957 3.6864 3.11296 
Utility: 5.88419 5.45737 5.06884 6.17381 4.8741 5.93784 5.86211 5.31654 5.59215 5.60114 4.7297 5.9657 6.15989 6.1927 5.24281 4.98448 5.54025 5.17297 5.80567 5.3036 5.40638 5.2952 5.24407 5.0875 5.3381 6.61245 4.92696 6.12574 6.43832 5.02867 

--------------------------------------
Time: 24.0027
Split Ratios: 1 0.618 0.382 1 1 0.914 0.086 1 0.018 0.982 0.105 0.826 0.068 1 1 1 1 0.163 0.013 0.824 0.289 0.711 0.557 0.443 0.91 0.09 0.189 0.537 0.274 1 0.822 0.178 0.57 0.43 0.594 0.057 0.217 0.131 0.471 0.529 0.029 0.637 0.333 0.653 0.347 1 1 1 1 1 1 
Delays: 0.0115379 0.0111713 0.0191595 0.00882928 0.0237168 0.00722526 0.0133876 0.018075 0.0131071 0.0102943 0.0231946 0.00890804 0.0100694 0.0065659 0.0258394 0.0192548 0.0168403 0.0158953 0.0113182 0.0158421 0.0168356 0.0159197 0.022222 0.0201343 0.023338 0.00591534 0.0190092 0.00732342 0.00581843 0.0203409 
Throughputs: 4.17792 2.68698 3.32595 4.80051 3.21126 2.89997 4.98074 3.67002 3.57171 3.09658 2.7689 4.11238 4.71859 3.21126 4.16154 3.03104 3.22765 2.42483 4.34176 3.52256 3.75194 2.80166 4.47283 3.81747 4.6039 4.44006 2.98189 3.40787 3.50618 3.12934 
Utility: 5.89193 5.48283 5.15671 6.2984 4.90824 5.99487 5.91901 5.31342 5.60765 5.70647 4.78228 6.1348 6.14976 6.19253 5.08174 5.0589 5.25574 5.0275 5.94963 5.40427 5.40653 5.17041 5.30469 5.24492 5.28458 6.62088 5.05539 6.14277 6.40125 5.03594 

--------------------------------------
Time: 24.5027
Split Ratios: 1 0.618 0.382 1 1 0.914 0.086 1 0.018 0.982 0.105 0.826 0.068 1 1 1 1 0.163 0.013 0.824 0.289 0.711 0.557 0.443 0.91 0.09 0.189 0.537 0.274 1 0.822 0.178 0.57 0.43 0.594 0.057 0.217 0.131 0.471 0.529 0.029 0.637 0.333 0.653 0.347 1 1 1 1 1 1 
Delays: 0.011561 0.0113335 0.0190349 0.00880145 0.0235302 0.00725122 0.0134086 0.0180219 0.0130959 0.0102629 0.0232318 0.00884348 0.00936349 0.00672321 0.0255405 0.0193101 0.0168596 0.0159495 0.0110812 0.0154703 0.016883 0.0159379 0.0221738 0.0200325 0.0233629 0.00591832 0.0191153 0.00730719 0.00588923 0.020407 
Throughputs: 3.80109 3.01466 2.80166 4.27622 3.26042 2.63782 4.4073 4.01408 3.08019 3.60448 3.14573 3.81747 4.52198 3.08019 4.47283 2.81805 3.7847 2.81805 3.48979 3.42426 3.88301 3.32595 3.91578 3.80109 4.32538 5.11181 3.06381 3.40787 3.5881 2.91635 
Utility: 5.7954 5.58348 4.9917 6.18591 4.93132 5.89654 5.79512 5.40598 5.46044 5.8614 4.90828 6.06766 6.17989 6.12718 5.16551 4.98317 5.4138 5.17437 5.75235 5.39972 5.43806 5.34081 5.17386 5.24569 5.2211 6.76126 5.07692 6.14498 6.41225 4.96221 

--------------------------------------
Time: 25.0027
Split Ratios: 1 0.618 0.382 1 1 0.914 0.086 1 0.018 0.982 0.105 0.826 0.068 1 1 1 1 0.163 0.013 0.824 0.289 0.711 0.557 0.443 0.91 0.09 0.189 0.537 0.274 1 0.822 0.178 0.57 0.43 0.594 0.057 0.217 0.131 0.471 0.529 0.029 0.637 0.333 0.653 0.347 1 1 1 1 1 1 
Delays: 0.0115382 0.0113659 0.0190434 0.00881572 0.0237262 0.00728705 0.0133037 0.0181891 0.0131678 0.0103212 0.0232456 0.00880498 0.0103444 0.00674327 0.0258646 0.0192706 0.0168118 0.0159421 0.0111755 0.0157087 0.0167213 0.015998 0.0221409 0.0199421 0.0232552 0.00597289 0.0190775 0.00729306 0.00583462 0.0204513 
Throughputs: 3.81747 2.89997 2.91635 4.25984 3.26042 2.83443 4.52198 4.16154 2.88358 3.08019 2.93274 3.39149 4.86605 2.80166 4.34176 3.08019 3.89939 2.40845 4.06323 3.29318 3.62086 3.09658 4.17792 3.67002 4.32538 4.63667 2.73613 3.24403 3.81747 3.39149 
Utility: 5.80168 5.54184 5.03137 6.18045 4.92303 5.9635 5.82867 5.43282 5.38902 5.69854 4.83757 5.95371 6.15359 6.02942 5.12316 5.07416 5.4465 5.01777 5.89601 5.3454 5.37779 5.26559 5.24014 5.21512 5.22573 6.65452 4.96579 6.09765 6.48353 5.11098 

--------------------------------------
Time: 25.5028
Split Ratios: 1 0.618 0.382 1 1 0.914 0.086 1 0.018 0.982 0.105 0.826 0.068 1 1 1 1 0.163 0.013 0.824 0.289 0.711 0.557 0.443 0.91 0.09 0.189 0.537 0.274 1 0.822 0.178 0.57 0.43 0.594 0.057 0.217 0.131 0.471 0.529 0.029 0.637 0.333 0.653 0.347 1 1 1 1 1 1 
Delays: 0.0115734 0.011368 0.0189242 0.00879123 0.0237242 0.00725117 0.0134514 0.0181232 0.0131571 0.010352 0.0232254 0.00882237 0.00989282 0.00660034 0.0255144 0.0193384 0.0167203 0.0159572 0.0112392 0.0157263 0.0168179 0.0160063 0.0221162 0.0199358 0.0233242 0.00601683 0.0190343 0.00725493 0.00587012 0.0203353 
Throughputs: 4.1943 2.75251 3.11296 4.68582 3.03104 2.67059 4.89882 4.06323 2.91635 3.40787 2.98189 3.81747 4.73498 3.34234 4.75136 3.2768 3.98131 2.98189 4.39091 2.91635 3.65363 3.50618 3.91578 3.42426 4.66944 5.30842 3.08019 2.99827 3.62086 3.44064 
Utility: 5.89277 5.48946 5.10289 6.27854 4.85016 5.90889 5.89767 5.41254 5.40113 5.79666 4.85507 6.07005 6.17092 6.2273 5.22694 5.13253 5.47274 5.2304 5.96789 5.22275 5.38103 5.3893 5.17646 5.14612 5.2993 6.78249 5.0865 6.02411 6.42459 5.13106 

--------------------------------------
Time: 26.0028
Split Ratios: 1 0.618 0.382 1 1 0.914 0.086 1 0.018 0.982 0.105 0.826 0.068 1 1 1 1 0.163 0.013 0.824 0.289 0.711 0.557 0.443 0.91 0.09 0.189 0.537 0.274 1 0.822 0.178 0.57 0.43 0.594 0.057 0.217 0.131 0.471 0.529 0.029 0.637 0.333 0.653 0.347 1 1 1 1 1 1 
Delays: 0.0115879 0.01143 0.0190581 0.00879865 0.0235305 0.00725617 0.013445 0.0183201 0.0131246 0.0102678 0.0233141 0.00886282 0.0106369 0.00655942 0.0258618 0.0194791 0.016873 0.0160068 0.0109954 0.015576 0.0166553 0.0159889 0.0221065 0.0199704 0.0232848 0.00590935 0.0189845 0.00728712 0.0058792 0.0204703 
Throughputs: 3.55533 2.73613 2.99827 4.30899 3.26042 2.85082 4.86605 3.7847 3.62086 2.85082 3.09658 4.32538 4.65306 2.9655 4.65306 3.35872 4.06323 2.67059 3.9977 3.24403 3.44064 3.2768 4.01408 3.29318 4.57114 4.65306 2.53952 3.08019 4.03046 3.19488 
Utility: 5.72624 5.47806 5.0583 6.19386 4.93131 5.97351 5.89143 5.33073 5.61998 5.62634 4.88899 6.19039 6.08096 6.1139 5.19251 5.14997 5.48402 5.11704 5.896 5.33884 5.33068 5.32273 5.20169 5.10536 5.27971 6.66874 4.89611 6.04664 6.53022 5.05033 

--------------------------------------
Time: 26.5029
Split Ratios: 1 0.618 0.382 1 1 0.914 0.086 1 0.018 0.982 0.105 0.826 0.068 1 1 1 1 0.163 0.013 0.824 0.289 0.711 0.557 0.443 0.91 0.09 0.189 0.537 0.274 1 0.822 0.178 0.57 0.43 0.594 0.057 0.217 0.131 0.471 0.529 0.029 0.637 0.333 0.653 0.347 1 1 1 1 1 1 
Delays: 0.0115946 0.0113861 0.0190131 0.00884598 0.0235092 0.00728192 0.0133062 0.0180879 0.0131345 0.010269 0.0232613 0.0088956 0.0100062 0.0068324 0.025826 0.0194786 0.0168462 0.0160324 0.0111948 0.0157684 0.0168052 0.0160106 0.0220957 0.0198855 0.0233394 0.00596825 0.0191202 0.00728652 0.00583333 0.0203437 
Throughputs: 4.45645 2.53952 2.70336 4.57114 3.2768 2.75251 4.93158 3.93216 2.99827 3.30957 3.11296 3.89939 4.47283 3.24403 4.48922 3.09658 4.4073 2.67059 4.4073 3.45702 3.83386 2.99827 4.32538 3.45702 4.73498 4.53837 3.03104 3.44064 3.62086 2.85082 
Utility: 5.95157 5.40734 4.95712 6.24755 4.93723 5.93488 5.91518 5.3817 5.43055 5.77545 4.89654 6.08302 6.10257 6.1629 5.15805 5.06874 5.56689 5.11544 5.97557 5.39015 5.42994 5.23254 5.27687 5.15817 5.31259 6.63387 5.06591 6.15739 6.43088 4.94259 

--------------------------------------
Time: 27.003
Split Ratios: 1 0.618 0.382 1 1 0.914 0.086 1 0.018 0.982 0.105 0.826 0.068 1 1 1 1 0.163 0.013 0.824 0.289 0.711 0.557 0.443 0.91 0.09 0.189 0.537 0.274 1 0.822 0.178 0.57 0.43 0.594 0.057 0.217 0.131 0.471 0.529 0.029 0.637 0.333 0.653 0.347 1 1 1 1 1 1 
Delays: 0.0114968 0.0112503 0.0189926 0.00880048 0.0235624 0.00729458 0.0133143 0.0183189 0.0130571 0.0102914 0.0231894 0.00882862 0.0103442 0.00668853 0.0259282 0.019414 0.016819 0.0159405 0.0112513 0.0153615 0.0168662 0.015956 0.0222698 0.0199415 0.0232982 0.00598438 0.0189836 0.00725292 0.00585499 0.0203231 
Throughputs: 3.63725 2.62144 2.93274 4.48922 2.8672 2.67059 4.63667 3.98131 2.93274 3.03104 2.91635 4.01408 4.63667 3.29318 4.52198 2.99827 3.9977 2.58867 4.22707 3.12934 4.04685 3.16211 4.06323 3.65363 4.11238 5.55418 2.85082 3.60448 3.47341 3.09658 
Utility: 5.75691 5.45109 5.03964 6.23463 4.80144 5.90292 5.85292 5.38144 5.41436 5.68535 4.83439 6.11956 6.10532 6.19922 5.16138 5.0398 5.47096 5.09004 5.92878 5.31672 5.48038 5.28916 5.2065 5.21068 5.17338 6.83315 5.01179 6.20853 6.3856 5.02629 

--------------------------------------
Time: 27.503
Split Ratios: 1 0.618 0.382 1 1 0.914 0.086 1 0.018 0.982 0.105 0.826 0.068 1 1 1 1 0.163 0.013 0.824 0.289 0.711 0.557 0.443 0.91 0.09 0.189 0.537 0.274 1 0.822 0.178 0.57 0.43 0.594 0.057 0.217 0.131 0.471 0.529 0.029 0.637 0.333 0.653 0.347 1 1 1 1 1 1 
Delays: 0.0116028 0.0114236 0.0190521 0.00881995 0.0235168 0.00724595 0.0133486 0.0181324 0.0131508 0.0102524 0.0232549 0.00890333 0.0103487 0.00672809 0.0260246 0.0191907 0.0169627 0.0160495 0.010991 0.0159548 0.0166693 0.0160885 0.0220206 0.0199261 0.0232207 0.00597864 0.0190011 0.00723093 0.00580796 0.0203843 
Throughputs: 4.04685 2.52314 3.1785 4.58752 3.32595 2.78528 4.66944 3.81747 3.1785 2.98189 2.94912 3.76832 4.89882 3.22765 4.76774 2.62144 4.24346 2.75251 3.80109 3.24403 3.34234 3.35872 4.39091 3.5881 4.12877 4.99712 2.81805 3.03104 3.50618 3.06381 
Utility: 5.85445 5.39758 5.11699 6.25408 4.9518 5.95166 5.85738 5.34964 5.48768 5.6728 4.84275 6.04796 6.15989 6.17322 5.21059 4.91705 5.52212 5.14459 5.84597 5.31481 5.30085 5.34121 5.29532 5.19335 5.18069 6.72842 4.99931 6.03829 6.40305 5.01265 

--------------------------------------
Time: 28.0031
Split Ratios: 1 0.618 0.382 1 1 0.914 0.086 1 0.018 0.982 0.105 0.826 0.068 1 1 1 1 0.163 0.013 0.824 0.289 0.711 0.557 0.443 0.91 0.09 0.189 0.537 0.274 1 0.822 0.178 0.57 0.43 0.594 0.057 0.217 0.131 0.471 0.529 0.029 0.637 0.333 0.653 0.347 1 1 1 1 1 1 
Delays: 0.0114971 0.0114223 0.0190224 0.00889469 0.0234849 0.00727137 0.0133371 0.0182317 0.0130574 0.010305 0.0231816 0.00882859 0.0104463 0.00670526 0.0256962 0.0195262 0.0167491 0.0160353 0.011257 0.0156841 0.0166699 0.0160445 0.0222272 0.0199419 0.0233807 0.00592085 0.0190115 0.00727222 0.00580496 0.0203396 
Throughputs: 3.96493 2.85082 3.11296 4.75136 3.09658 3.08019 4.71859 4.03046 2.73613 3.65363 2.85082 3.73555 4.66944 3.55533 4.55475 2.91635 4.096 2.73613 4.44006 3.39149 3.06381 3.14573 4.58752 3.60448 4.47283 4.73498 2.8672 3.48979 3.40787 3.3751 
Utility: 5.84315 5.51979 5.09771 6.28073 4.8817 6.0488 5.86872 5.39847 5.34495 5.87084 4.812 6.04766 6.10255 6.27331 5.17758 5.00633 5.49942 5.13951 5.97744 5.37637 5.21381 5.27844 5.32978 5.19711 5.25386 6.68425 5.01605 6.17354 6.37513 5.11161 

--------------------------------------
Time: 28.5031
Split Ratios: 1 0.618 0.382 1 1 0.914 0.086 1 0.018 0.982 0.105 0.826 0.068 1 1 1 1 0.163 0.013 0.824 0.289 0.711 0.557 0.443 0.91 0.09 0.189 0.537 0.274 1 0.822 0.178 0.57 0.43 0.594 0.057 0.217 0.131 0.471 0.529 0.029 0.637 0.333 0.653 0.347 1 1 1 1 1 1 
Delays: 0.0115344 0.0111227 0.0189949 0.00883528 0.0235201 0.00725813 0.01328 0.018111 0.0131824 0.0102266 0.023246 0.00876145 0.00939722 0.00684199 0.0257376 0.0194974 0.0169333 0.0159539 0.0110172 0.0154681 0.0167745 0.015964 0.0224146 0.0199305 0.023258 0.00597632 0.0191329 0.00727322 0.00586305 0.0203253 
Throughputs: 3.89939 2.4576 3.30957 3.93216 3.09658 2.83443 4.57114 4.35814 3.3751 2.99827 3.14573 3.44064 4.98074 3.09658 4.62029 2.9655 4.11238 2.53952 3.94854 3.21126 3.35872 3.12934 4.04685 3.53894 4.01408 4.68582 2.58867 2.91635 3.65363 3.09658 
Utility: 5.82324 5.39795 5.1604 6.09819 4.8802 5.96747 5.84126 5.48328 5.5453 5.6808 4.90767 5.97305 6.27292 6.11497 5.19026 5.02452 5.49248 5.07003 5.88164 5.33564 5.29945 5.27824 5.19598 5.17933 5.15091 6.66449 4.90749 5.99389 6.43481 5.02619 

--------------------------------------
Time: 29.0031
Split Ratios: 1 0.618 0.382 1 1 0.914 0.086 1 0.018 0.982 0.105 0.826 0.068 1 1 1 1 0.163 0.013 0.824 0.289 0.711 0.557 0.443 0.91 0.09 0.189 0.537 0.274 1 0.822 0.178 0.57 0.43 0.594 0.057 0.217 0.131 0.471 0.529 0.029 0.637 0.333 0.653 0.347 1 1 1 1 1 1 
Delays: 0.0115694 0.0113503 0.0190837 0.00880754 0.0236685 0.00730757 0.0133252 0.0181114 0.0131681 0.0102503 0.023264 0.00885299 0.0106272 0.0068053 0.0257899 0.0193877 0.0169516 0.0160374 0.0110793 0.0156737 0.016758 0.0160532 0.0223159 0.0200132 0.023215 0.0060032 0.0192085 0.00727002 0.00585472 0.0205098 
Throughputs: 4.32538 2.39206 2.99827 4.4073 2.91635 2.85082 4.48922 3.85024 3.04742 2.88358 3.21126 4.03046 5.12819 2.88358 4.58752 3.21126 3.70278 2.73613 3.91578 3.44064 3.35872 3.85024 4.78413 3.75194 4.42368 4.4073 3.26042 3.1785 3.48979 3.22765 
Utility: 5.92389 5.35067 5.05696 6.21541 4.81394 5.96645 5.81978 5.35935 5.44425 5.63948 4.92751 6.12088 6.17909 6.04909 5.18111 5.10978 5.38648 5.13938 5.86769 5.39143 5.30044 5.47998 5.36776 5.23363 5.24993 6.59872 5.13426 6.0804 6.39035 5.05861 

--------------------------------------
Time: 29.5032
Split Ratios: 1 0.618 0.382 1 1 0.914 0.086 1 0.018 0.982 0.105 0.826 0.068 1 1 1 1 0.163 0.013 0.824 0.289 0.711 0.557 0.443 0.91 0.09 0.189 0.537 0.274 1 0.822 0.178 0.57 0.43 0.594 0.057 0.217 0.131 0.471 0.529 0.029 0.637 0.333 0.653 0.347 1 1 1 1 1 1 
Delays: 0.0115642 0.0113655 0.0190098 0.00879651 0.0235086 0.00725014 0.0133003 0.0181553 0.0131258 0.0102193 0.0232264 0.00890854 0.00957251 0.0068787 0.0256606 0.0194139 0.0167756 0.0159589 0.0112272 0.0160056 0.016771 0.0160225 0.022153 0.0198445 0.0232993 0.00595281 0.0190138 0.00725347 0.0058255 0.0203493 
Throughputs: 4.11238 2.49037 2.91635 4.37453 2.89997 2.70336 4.73498 4.07962 3.11296 2.83443 2.78528 3.83386 4.63667 3.14573 4.63667 2.81805 4.35814 2.62144 3.81747 3.26042 3.6864 3.30957 4.55475 3.47341 4.29261 4.22707 2.94912 3.26042 3.52256 3.22765 
Utility: 5.87385 5.3896 5.03313 6.2092 4.81509 5.92123 5.87494 5.41479 5.46875 5.62532 4.78682 6.06462 6.18286 6.12537 5.1968 4.97781 5.55988 5.10146 5.829 5.31667 5.39275 5.33058 5.32595 5.16496 5.21623 6.5654 5.0441 6.10813 6.4047 5.06646 

--------------------------------------
Time: 30.0035
Split Ratios: 1 0.618 0.382 1 1 0.914 0.086 1 0.018 0.982 0.105 0.826 0.068 1 1 1 1 0.163 0.013 0.824 0.289 0.711 0.557 0.443 0.91 0.09 0.189 0.537 0.274 1 0.822 0.178 0.57 0.43 0.594 0.057 0.217 0.131 0.471 0.529 0.029 0.637 0.333 0.653 0.347 1 1 1 1 1 1 
Delays: 0.0115478 0.011274 0.0190633 0.00872485 0.0237779 0.00729771 0.0134321 0.0182135 0.0131405 0.0101901 0.0231662 0.00876102 0.00936102 0.00663686 0.0257417 0.0192117 0.0168066 0.0159256 0.0111894 0.0155991 0.0167588 0.0159813 0.0222116 0.0200266 0.0232429 0.005962 0.0189853 0.00725634 0.00581799 0.020468 
Throughputs: 3.96493 2.62144 2.93274 4.03046 3.5881 2.91635 4.4073 4.37453 3.2768 2.81805 2.68698 3.55533 4.98074 3.21126 4.58752 2.73613 4.04685 2.67059 4.1943 3.11296 3.83386 3.57171 3.86662 3.91578 4.12877 4.99712 2.8672 3.52256 3.65363 3.2768 
Utility: 5.83874 5.44898 5.03592 6.13546 5.01662 5.99053 5.79337 5.48139 5.51893 5.62238 4.75348 6.00589 6.27678 6.18178 5.18298 4.95878 5.48392 5.12213 5.92652 5.29611 5.4327 5.40938 5.15952 5.27571 5.17974 6.73121 5.01743 6.18507 6.44252 5.07576 

--------------------------------------
Time: 30.5035
Split Ratios: 1 0.618 0.382 1 1 0.914 0.086 1 0.018 0.982 0.105 0.826 0.068 1 1 1 1 0.163 0.013 0.824 0.289 0.711 0.557 0.443 0.91 0.09 0.189 0.537 0.274 1 0.822 0.178 0.57 0.43 0.594 0.057 0.217 0.131 0.471 0.529 0.029 0.637 0.333 0.653 0.347 1 1 1 1 1 1 
Delays: 0.0115253 0.0114003 0.019085 0.00873491 0.0235421 0.00729553 0.0133056 0.0182134 0.013155 0.010193 0.0231738 0.0088485 0.0091797 0.00659766 0.0256707 0.0193527 0.0169529 0.0159585 0.0114227 0.0156371 0.016785 0.0159594 0.022373 0.0199218 0.0232724 0.00599133 0.0191997 0.00726769 0.00586973 0.0204038 
Throughputs: 4.25984 2.75251 2.73613 4.44006 3.26042 2.60506 4.47283 3.88301 3.19488 3.14573 2.47398 3.55533 4.94797 3.26042 4.30899 2.75251 4.4073 2.32653 3.98131 2.98189 4.04685 2.91635 4.14515 3.47341 4.4073 4.71859 3.12934 2.93274 3.32595 3.29318 
Utility: 5.91245 5.48663 4.9654 6.2311 4.93082 5.87795 5.8176 5.36221 5.49251 5.7321 4.67056 5.99595 6.28974 6.20289 5.12311 4.95744 5.56058 4.98214 5.85376 5.25066 5.48521 5.20804 5.22184 5.16108 5.24375 6.66895 5.09368 6.00025 6.3397 5.08389 

--------------------------------------
Time: 31.0035
Split Ratios: 1 0.618 0.382 1 1 0.914 0.086 1 0.018 0.982 0.105 0.826 0.068 1 1 1 1 0.163 0.013 0.824 0.289 0.711 0.557 0.443 0.91 0.09 0.189 0.537 0.274 1 0.822 0.178 0.57 0.43 0.594 0.057 0.217 0.131 0.471 0.529 0.029 0.637 0.333 0.653 0.347 1 1 1 1 1 1 
Delays: 0.0115602 0.01102 0.0189839 0.00894463 0.0236777 0.00723142 0.0133624 0.018258 0.0131924 0.0102363 0.0232911 0.00884514 0.00998123 0.00677256 0.0260016 0.019334 0.016894 0.0159923 0.0112146 0.0156021 0.0167459 0.015911 0.0218592 0.0197878 0.0233103 0.00592602 0.0192289 0.00728598 0.00583936 0.0203478 
Throughputs: 3.93216 2.52314 2.73613 4.52198 3.29318 2.49037 4.4073 4.24346 3.12934 2.68698 3.08019 3.42426 4.65306 2.91635 5.4231 3.24403 3.98131 2.94912 3.85024 3.22765 3.7847 3.19488 4.01408 3.22765 4.42368 4.65306 3.01466 3.14573 3.57171 3.09658 
Utility: 5.82937 5.43354 4.97071 6.22565 4.93508 5.84175 5.79857 5.44853 5.46894 5.57023 4.88468 5.95877 6.14457 6.06521 5.34027 5.12271 5.46241 5.21715 5.83868 5.33211 5.42057 5.30229 5.21294 5.09444 5.24583 6.66593 5.05483 6.06785 6.41618 5.02508 

--------------------------------------
Time: 31.5035
Split Ratios: 1 0.618 0.382 1 1 0.914 0.086 1 0.018 0.982 0.105 0.826 0.068 1 1 1 1 0.163 0.013 0.824 0.289 0.711 0.557 0.443 0.91 0.09 0.189 0.537 0.274 1 0.822 0.178 0.57 0.43 0.594 0.057 0.217 0.131 0.471 0.529 0.029 0.637 0.333 0.653 0.347 1 1 1 1 1 1 
Delays: 0.0115316 0.0111852 0.0189984 0.00876626 0.0235822 0.00727339 0.0132721 0.0183394 0.0130707 0.0102318 0.0231778 0.00895685 0.00954314 0.00669401 0.0255787 0.0193612 0.0168113 0.0159839 0.011166 0.0158356 0.0166752 0.0159831 0.0221183 0.0199998 0.0232025 0.00594256 0.0190287 0.00729518 0.00584033 0.0203616 
Throughputs: 3.98131 2.91635 3.2768 4.06323 2.94912 2.49037 4.37453 3.98131 3.14573 2.68698 2.9655 3.65363 4.58752 3.34234 4.01408 2.67059 4.14515 2.98189 3.80109 3.39149 3.62086 3.21126 4.24346 3.86662 4.21069 4.65306 2.60506 3.53894 3.83386 2.94912 
Utility: 5.84427 5.56349 5.15027 6.13882 4.82877 5.83596 5.79789 5.38031 5.48343 5.57067 4.85161 6.01106 6.17527 6.21321 5.0558 4.92679 5.50764 5.22873 5.83017 5.36676 5.38055 5.30289 5.25673 5.26441 5.20112 6.66314 4.91926 6.18437 6.48684 4.97561 

--------------------------------------
Time: 32.0036
Split Ratios: 1 0.618 0.382 1 1 0.914 0.086 1 0.018 0.982 0.105 0.826 0.068 1 1 1 1 0.163 0.013 0.824 0.289 0.711 0.557 0.443 0.91 0.09 0.189 0.537 0.274 1 0.822 0.178 0.57 0.43 0.594 0.057 0.217 0.131 0.471 0.529 0.029 0.637 0.333 0.653 0.347 1 1 1 1 1 1 
Delays: 0.0115847 0.0113713 0.0189352 0.00877266 0.0234422 0.00722014 0.0132971 0.0182609 0.0130914 0.0102309 0.023204 0.00882603 0.0091577 0.00689772 0.0258826 0.0192474 0.0167387 0.0159794 0.0110501 0.0157928 0.0167378 0.0160919 0.0221915 0.0199401 0.023284 0.00596026 0.019051 0.00727734 0.00585665 0.0203389 
Throughputs: 3.7847 2.29376 2.99827 4.63667 3.12934 2.78528 4.65306 3.93216 2.98189 2.88358 3.04742 3.44064 4.62029 2.93274 4.35814 2.71974 3.98131 2.5559 3.91578 3.01466 3.22765 3.32595 4.6039 3.62086 4.34176 4.93158 2.9655 3.35872 3.52256 3.32595 
Utility: 5.78904 5.30685 5.06477 6.27011 4.89404 5.95523 5.85773 5.37218 5.42836 5.64137 4.87773 5.96571 6.22362 6.0525 5.12623 4.95092 5.47164 5.07486 5.87033 5.25168 5.26184 5.33119 5.33495 5.20174 5.22827 6.7183 5.04768 6.13455 6.39937 5.09698 

--------------------------------------
Time: 32.5037
Split Ratios: 1 0.618 0.382 1 1 0.914 0.086 1 0.018 0.982 0.105 0.826 0.068 1 1 1 1 0.163 0.013 0.824 0.289 0.711 0.557 0.443 0.91 0.09 0.189 0.537 0.274 1 0.822 0.178 0.57 0.43 0.594 0.057 0.217 0.131 0.471 0.529 0.029 0.637 0.333 0.653 0.347 1 1 1 1 1 1 
Delays: 0.0115863 0.0112127 0.0190036 0.00883903 0.0235057 0.00729495 0.0132484 0.0184242 0.0131658 0.0102367 0.023267 0.00888745 0.00897728 0.00668344 0.0256313 0.0191547 0.0168079 0.0159679 0.0111758 0.0155242 0.0167155 0.0160541 0.0223295 0.0199309 0.0232894 0.00598139 0.0190555 0.00729717 0.0058731 0.020412 
Throughputs: 3.89939 2.80166 2.9655 4.88243 2.99827 2.91635 4.58752 4.01408 3.34234 2.7689 3.06381 3.7847 4.47283 3.04742 4.66944 2.9655 4.25984 2.5559 3.60448 3.01466 3.71917 3.40787 4.63667 3.2768 4.16154 4.68582 3.3751 3.24403 3.62086 2.88358 
Utility: 5.81875 5.52092 5.05017 6.31422 4.84855 5.99091 5.84722 5.3839 5.53681 5.60022 4.88038 6.05408 6.21108 6.12242 5.20498 5.04226 5.53514 5.07558 5.77619 5.26884 5.40492 5.35788 5.33584 5.10235 5.18564 6.66364 5.17682 6.09709 6.42409 4.95067 

--------------------------------------
Time: 33.0037
Split Ratios: 1 0.618 0.382 1 1 0.914 0.086 1 0.018 0.982 0.105 0.826 0.068 1 1 1 1 0.163 0.013 0.824 0.289 0.711 0.557 0.443 0.91 0.09 0.189 0.537 0.274 1 0.822 0.178 0.57 0.43 0.594 0.057 0.217 0.131 0.471 0.529 0.029 0.637 0.333 0.653 0.347 1 1 1 1 1 1 
Delays: 0.0115557 0.0112794 0.0190964 0.00882618 0.023552 0.00725329 0.013355 0.0183315 0.0131103 0.0102812 0.0231774 0.00884756 0.00841311 0.00671248 0.0257753 0.0192164 0.0168163 0.0159454 0.0110039 0.0158952 0.0166732 0.0159596 0.022118 0.0199285 0.0232784 0.0058936 0.0190243 0.00726585 0.00583796 0.0204632 
Throughputs: 3.45702 2.88358 2.71974 4.34176 3.06381 2.5559 4.62029 3.93216 3.12934 2.99827 2.98189 3.81747 4.70221 3.44064 4.88243 3.04742 3.93216 2.5559 3.63725 3.3751 3.44064 3.3751 4.16154 3.45702 4.78413 4.94797 3.08019 3.26042 3.57171 3.32595 
Utility: 5.70098 5.54381 4.9588 6.19831 4.8682 5.86471 5.84632 5.36832 5.47518 5.67547 4.85713 6.0672 6.326 6.23944 5.24398 5.06629 5.4546 5.07699 5.80073 5.35816 5.32961 5.35412 5.23725 5.15601 5.32553 6.73287 5.08703 6.10643 6.41642 5.09089 

--------------------------------------
Time: 33.504
Split Ratios: 1 0.618 0.382 1 1 0.914 0.086 1 0.018 0.982 0.105 0.826 0.068 1 1 1 1 0.163 0.013 0.824 0.289 0.711 0.557 0.443 0.91 0.09 0.189 0.537 0.274 1 0.822 0.178 0.57 0.43 0.594 0.057 0.217 0.131 0.471 0.529 0.029 0.637 0.333 0.653 0.347 1 1 1 1 1 1 
Delays: 0.0115962 0.0113681 0.0189884 0.00881601 0.0236778 0.00723509 0.0133054 0.0181432 0.0130561 0.0102199 0.0231765 0.0088168 0.00914997 0.00667041 0.0259131 0.0193817 0.0168272 0.0158949 0.0110539 0.0160971 0.0169435 0.0159632 0.0222556 0.0198363 0.0231708 0.00590085 0.0190173 0.00726903 0.00585807 0.0203786 
Throughputs: 4.01408 2.80166 3.42426 4.63667 3.11296 2.7689 4.34176 3.53894 2.91635 2.94912 2.80166 3.60448 5.06266 2.71974 4.27622 2.71974 4.03046 2.81805 3.22765 3.40787 3.26042 3.62086 4.22707 3.76832 4.14515 4.52198 2.94912 3.35872 3.6864 3.32595 
Utility: 5.84688 5.50716 5.19481 6.26518 4.87879 5.94726 5.78786 5.27329 5.40884 5.66493 4.79483 6.01327 6.3159 6.01061 5.10608 4.94396 5.47864 5.1778 5.67672 5.3552 5.25973 5.42418 5.24667 5.24687 5.1868 6.64161 5.04391 6.13569 6.44458 5.09503 

--------------------------------------
Time: 34.0041
Split Ratios: 1 0.618 0.382 1 1 0.914 0.086 1 0.018 0.982 0.105 0.826 0.068 1 1 1 1 0.163 0.013 0.824 0.289 0.711 0.557 0.443 0.91 0.09 0.189 0.537 0.274 1 0.822 0.178 0.57 0.43 0.594 0.057 0.217 0.131 0.471 0.529 0.029 0.637 0.333 0.653 0.347 1 1 1 1 1 1 
Delays: 0.0116463 0.0113353 0.0189754 0.00895865 0.0235204 0.00726046 0.0133405 0.01816 0.0131167 0.0102354 0.0232492 0.00883446 0.010391 0.00673632 0.0259153 0.0194198 0.0167245 0.016035 0.0109767 0.0158101 0.0168021 0.0160119 0.0220383 0.0198984 0.0232978 0.00598236 0.0190016 0.00724647 0.00586875 0.0203874 
Throughputs: 3.91578 3.09658 2.93274 4.86605 2.88358 2.98189 4.53837 3.86662 3.2768 2.75251 2.70336 3.50618 4.6039 3.44064 4.73498 3.19488 3.91578 2.78528 3.83386 2.91635 3.89939 3.11296 4.34176 3.86662 4.25984 5.04627 2.21184 3.42426 3.42426 3.50618 
Utility: 5.81778 5.61013 5.04055 6.29742 4.80892 6.01787 5.82952 5.36091 5.52074 5.59442 4.75598 5.98362 6.09372 6.2359 5.2079 5.10301 5.4559 5.15733 5.85585 5.21744 5.44707 5.27 5.28325 5.2695 5.20863 6.73759 4.75706 6.15813 6.369 5.14736 

--------------------------------------
Time: 34.5042
Split Ratios: 1 0.618 0.382 1 1 0.914 0.086 1 0.018 0.982 0.105 0.826 0.068 1 1 1 1 0.163 0.013 0.824 0.289 0.711 0.557 0.443 0.91 0.09 0.189 0.537 0.274 1 0.822 0.178 0.57 0.43 0.594 0.057 0.217 0.131 0.471 0.529 0.029 0.637 0.333 0.653 0.347 1 1 1 1 1 1 
Delays: 0.01158 0.0113888 0.0189532 0.00879679 0.0235048 0.00727065 0.0133297 0.0183241 0.0131684 0.0102074 0.0232772 0.00880605 0.0100323 0.00673181 0.0257153 0.0194537 0.0168562 0.016036 0.0111565 0.0157514 0.0168073 0.0159625 0.0221431 0.0200606 0.02334 0.00592939 0.0190946 0.00734826 0.00587866 0.0202767 
Throughputs: 4.27622 2.78528 3.12934 4.11238 2.85082 2.89997 4.99712 4.27622 3.67002 2.89997 2.71974 3.62086 4.68582 3.35872 4.6039 3.08019 4.14515 2.85082 3.42426 3.19488 3.75194 3.29318 4.27622 3.7847 4.57114 4.86605 2.88358 3.83386 3.65363 2.7689 
Utility: 5.91154 5.49947 5.10661 6.14737 4.79816 5.98861 5.92662 5.45261 5.63013 5.64934 4.76082 6.01903 6.14649 6.21247 5.18757 5.06471 5.50498 5.18052 5.72662 5.31238 5.40821 5.32937 5.2633 5.23996 5.27735 6.71012 5.01738 6.25716 6.43215 4.91673 

--------------------------------------
Time: 35.0045
Split Ratios: 1 0.618 0.382 1 1 0.914 0.086 1 0.018 0.982 0.105 0.826 0.068 1 1 1 1 0.163 0.013 0.824 0.289 0.711 0.557 0.443 0.91 0.09 0.189 0.537 0.274 1 0.822 0.178 0.57 0.43 0.594 0.057 0.217 0.131 0.471 0.529 0.029 0.637 0.333 0.653 0.347 1 1 1 1 1 1 
Delays: 0.0115633 0.0113987 0.0190112 0.00873859 0.0235974 0.0073014 0.0133792 0.0182327 0.0131167 0.0102181 0.0232744 0.00879598 0.0108088 0.00702353 0.0256056 0.0193952 0.0168487 0.0159321 0.0114382 0.0157561 0.0167647 0.0159491 0.022243 0.019971 0.0232737 0.00597985 0.0190094 0.00722857 0.00583298 0.0203177 
Throughputs: 3.86662 2.75251 2.9655 4.04685 3.19488 2.98189 4.68582 3.94854 3.12934 3.22765 2.8672 3.62086 4.53837 3.29318 4.25984 3.01466 3.80109 2.5559 3.75194 3.14573 3.50618 2.88358 3.7847 3.48979 4.06323 4.9152 2.73613 3.2768 3.85024 3.08019 
Utility: 5.8123 5.48677 5.04978 6.13794 4.90817 6.01225 5.85859 5.37789 5.47469 5.75534 4.81374 6.02017 6.03996 6.15034 5.11418 5.04622 5.41877 5.07782 5.79306 5.29658 5.34301 5.19739 5.1367 5.16332 5.16241 6.71169 4.96937 6.11658 6.49236 5.02125 

--------------------------------------
Time: 35.5045
Split Ratios: 1 0.618 0.382 1 1 0.914 0.086 1 0.018 0.982 0.105 0.826 0.068 1 1 1 1 0.163 0.013 0.824 0.289 0.711 0.557 0.443 0.91 0.09 0.189 0.537 0.274 1 0.822 0.178 0.57 0.43 0.594 0.057 0.217 0.131 0.471 0.529 0.029 0.637 0.333 0.653 0.347 1 1 1 1 1 1 
Delays: 0.0116082 0.0113595 0.0189936 0.00883712 0.0236537 0.00724346 0.0133071 0.0181364 0.0130649 0.0101949 0.0233604 0.00884735 0.00941812 0.00670653 0.0259527 0.0195087 0.0167747 0.0160262 0.0112045 0.0157128 0.0167391 0.0159653 0.0219174 0.0199093 0.0232784 0.00593837 0.0190221 0.00725276 0.00580829 0.0203947 
Throughputs: 4.21069 2.49037 2.93274 4.58752 3.04742 2.47398 4.6039 4.4073 2.85082 2.99827 2.80166 3.83386 4.80051 3.14573 5.12819 3.09658 3.86662 2.73613 3.7847 3.03104 3.6864 2.98189 3.85024 3.32595 4.58752 4.70221 2.49037 3.08019 3.67002 3.22765 
Utility: 5.89367 5.39013 5.03959 6.25213 4.85853 5.83349 5.84636 5.4931 5.38543 5.68391 4.78693 6.07151 6.23384 6.15072 5.28623 5.06719 5.44026 5.14008 5.82241 5.26219 5.39466 5.22989 5.16861 5.11833 5.28357 6.67435 4.87459 6.05137 6.44867 5.06423 

--------------------------------------
Time: 36.0046
Split Ratios: 1 0.618 0.382 1 1 0.914 0.086 1 0.018 0.982 0.105 0.826 0.068 1 1 1 1 0.163 0.013 0.824 0.289 0.711 0.557 0.443 0.91 0.09 0.189 0.537 0.274 1 0.822 0.178 0.57 0.43 0.594 0.057 0.217 0.131 0.471 0.529 0.029 0.637 0.333 0.653 0.347 1 1 1 1 1 1 
Delays: 0.0115245 0.0114373 0.0190198 0.00881882 0.0236467 0.00730413 0.0133385 0.0183028 0.0131633 0.0103104 0.0233301 0.00888395 0.00911783 0.00676892 0.0259578 0.0195432 0.0166657 0.015975 0.0110796 0.0157879 0.0167324 0.0159745 0.0221408 0.0198969 0.0232997 0.00598521 0.0190311 0.0073046 0.00581318 0.0204483 
Throughputs: 3.7847 2.94912 3.08019 4.03046 2.99827 2.93274 4.39091 3.89939 3.24403 3.50618 3.30957 3.6864 4.5056 3.12934 4.4073 3.01466 3.81747 2.75251 4.14515 3.35872 3.70278 3.48979 4.57114 3.88301 4.4073 5.21011 2.81805 3.39149 3.65363 3.19488 
Utility: 5.79425 5.55238 5.08726 6.12475 4.84257 5.99525 5.79664 5.36152 5.50714 5.82913 4.95483 6.02816 6.20284 6.13624 5.13454 5.03861 5.43399 5.14925 5.92459 5.36007 5.39949 5.3866 5.3301 5.2738 5.24258 6.76906 4.99773 6.14052 6.44335 5.05141 

