--------------------------------------
Time: 5.50004
Split Ratios: 1 1 0.5 0.5 0.5 0.5 1 0.5 0.5 0.25 0.25 0.25 0.25 1 1 0.5 0.5 1 0.2 0.2 0.2 0.2 0.2 1 0.5 0.5 0.333333 0.333333 0.333333 0.25 0.25 0.25 0.25 0.333333 0.333333 0.333333 1 0.5 0.5 0.5 0.5 1 0.5 0.5 0.5 0.5 0.25 0.25 0.25 0.25 1 1 1 1 0.5 0.5 1 
Delays: 0.0115465 0.00573709 0.0194385 0.0138939 0.00721627 0.0144393 0.0188695 0.01287 0.00864989 0.00857159 0.0144168 0.0165631 0.0201678 0.00702816 0.016968 0.0195815 0.013672 0.0172036 0.0143925 0.0195046 0.0085926 0.0172359 0.00794559 0.0117535 0.0115705 0.0114767 0.00573701 0.00574287 0.00866991 0.0100714 
Throughputs: 1.5401 1.60563 2.91635 1.85139 1.49094 2.12992 3.40787 1.26157 1.68755 2.3593 1.6384 3.3751 2.03162 2.16269 3.03104 2.62144 2.60506 1.98246 2.7689 2.22822 2.80166 3.29318 2.06438 2.29376 1.90054 1.72032 2.78528 1.6384 3.11296 2.19546 
Utility: 4.89322 5.63432 5.01083 4.89224 5.33083 4.99389 5.1963 4.58521 5.27349 5.61767 4.73308 5.317 4.6125 5.72918 5.18533 4.89689 5.24986 4.74698 5.25949 4.73831 5.78707 5.25262 5.55997 5.27379 5.10144 5.00995 6.18516 5.65352 5.88347 5.38444 

--------------------------------------
Time: 6.00007
Split Ratios: 1 1 0.553 0.447 0.85 0.15 1 0.875 0.125 0.272 0.012 0.373 0.343 1 1 0.915 0.085 1 0.054 0.514 0.155 0.02 0.257 1 0.608 0.392 0.194 0.181 0.625 0.436 0.195 0.308 0.06 0.042 0.167 0.792 1 0.524 0.476 0.642 0.358 1 0.364 0.636 0.612 0.388 0.39 0.55 0.05 0.01 1 1 1 1 0.549 0.451 1 
Delays: 0.0115404 0.00575751 0.020131 0.013363 0.00718813 0.0123865 0.0182143 0.0128603 0.00865023 0.00631042 0.0144481 0.0148773 0.0200877 0.00762457 0.0189661 0.0183597 0.00987285 0.0172592 0.0143467 0.0188221 0.00859058 0.0165042 0.00772084 0.0114738 0.0114834 0.0114985 0.00571074 0.00575736 0.00868004 0.0100603 
Throughputs: 1.78586 1.58925 3.2768 1.6384 1.35987 2.31014 3.73555 1.49094 1.6384 2.1463 1.76947 3.2768 2.19546 1.98246 3.42426 2.88358 2.53952 2.16269 2.80166 2.1463 3.32595 3.24403 1.83501 2.08077 1.55648 1.58925 2.53952 1.67117 3.55533 2.09715 
Utility: 5.0418 5.62051 5.09236 4.80899 5.24272 5.22846 5.32344 4.75302 5.24389 5.8293 4.80787 5.39479 4.69404 5.56072 5.19598 5.05663 5.54994 4.83076 5.27445 4.73647 5.95884 5.28096 5.47088 5.20042 4.90928 4.9288 6.09738 5.6708 6.01518 5.33974 

--------------------------------------
Time: 6.50027
Split Ratios: 1 1 0.553 0.447 0.85 0.15 1 0.875 0.125 0.272 0.012 0.373 0.343 1 1 0.915 0.085 1 0.054 0.514 0.155 0.02 0.257 1 0.608 0.392 0.194 0.181 0.625 0.436 0.195 0.308 0.06 0.042 0.167 0.792 1 0.524 0.476 0.642 0.358 1 0.364 0.636 0.612 0.388 0.39 0.55 0.05 0.01 1 1 1 1 0.549 0.451 1 
Delays: 0.0115589 0.00575129 0.0205035 0.013201 0.00719452 0.0124097 0.0172129 0.0128821 0.00863701 0.00630018 0.014397 0.0146723 0.0201285 0.00751706 0.0193785 0.0178729 0.00941471 0.0172465 0.0143414 0.0190075 0.00856825 0.0165104 0.00774393 0.0117204 0.0114809 0.0115053 0.00571178 0.0057622 0.00862632 0.0100207 
Throughputs: 1.88416 1.52371 2.88358 1.98246 1.39264 2.26099 3.63725 1.49094 1.93331 2.19546 1.86778 3.06381 2.03162 1.93331 3.60448 2.42483 2.27738 1.86778 2.67059 2.29376 2.93274 3.76832 2.1463 1.83501 1.62202 1.50733 2.70336 1.65478 3.47341 2.16269 
Utility: 5.09378 5.57948 4.94619 5.01181 5.26564 5.20508 5.35332 4.75132 5.41093 5.85357 4.86548 5.34146 4.61445 5.54981 5.22577 4.91023 5.48851 4.68489 5.2269 4.79311 5.83563 5.4304 5.62459 5.05348 4.95074 4.87528 6.15972 5.66011 5.99807 5.37446 

--------------------------------------
Time: 7.00046
Split Ratios: 1 1 0.553 0.447 0.85 0.15 1 0.875 0.125 0.272 0.012 0.373 0.343 1 1 0.915 0.085 1 0.054 0.514 0.155 0.02 0.257 1 0.608 0.392 0.194 0.181 0.625 0.436 0.195 0.308 0.06 0.042 0.167 0.792 1 0.524 0.476 0.642 0.358 1 0.364 0.636 0.612 0.388 0.39 0.55 0.05 0.01 1 1 1 1 0.549 0.451 1 
Delays: 0.0115246 0.00573823 0.0202812 0.0132837 0.00722184 0.0125954 0.0182454 0.0128862 0.00860615 0.0062074 0.0144343 0.0149909 0.0200653 0.00759646 0.0193103 0.0176869 0.00957435 0.017248 0.014399 0.0190632 0.0085781 0.0163646 0.0078636 0.0117811 0.0115063 0.0114879 0.00571234 0.00573465 0.00862398 0.0100561 
Throughputs: 1.83501 1.55648 2.70336 1.55648 1.52371 1.96608 3.44064 1.65478 1.7367 2.47398 2.06438 2.93274 2.06438 2.048 3.73555 2.70336 2.50675 2.1463 2.44122 2.17907 2.98189 3.55533 2.11354 1.98246 1.86778 1.88416 2.50675 1.81862 3.21126 2.03162 
Utility: 5.07032 5.60303 4.89255 4.76364 5.35179 5.05047 5.2395 4.85527 5.30727 5.98784 4.96298 5.27625 4.63359 5.59694 5.26501 5.02942 5.56766 4.82381 5.13309 4.7389 5.8511 5.38108 5.59387 5.1256 5.08961 5.09995 6.08411 5.75931 5.91987 5.30841 

--------------------------------------
Time: 7.50053
Split Ratios: 1 1 0.553 0.447 0.85 0.15 1 0.875 0.125 0.272 0.012 0.373 0.343 1 1 0.915 0.085 1 0.054 0.514 0.155 0.02 0.257 1 0.608 0.392 0.194 0.181 0.625 0.436 0.195 0.308 0.06 0.042 0.167 0.792 1 0.524 0.476 0.642 0.358 1 0.364 0.636 0.612 0.388 0.39 0.55 0.05 0.01 1 1 1 1 0.549 0.451 1 
Delays: 0.0115528 0.00573052 0.0195764 0.0133127 0.00720881 0.0121217 0.0179025 0.0128711 0.00859725 0.00618815 0.0144337 0.0145583 0.0201026 0.00771313 0.0187434 0.018043 0.00950958 0.0172345 0.0143958 0.019078 0.00857122 0.0162189 0.00772704 0.0118897 0.0115394 0.0115219 0.0057245 0.00574135 0.00866007 0.0100611 
Throughputs: 1.72032 1.58925 2.93274 1.52371 1.45818 2.21184 3.53894 1.40902 1.93331 2.37568 1.91693 2.9655 2.09715 1.7367 3.26042 2.68698 2.60506 1.83501 2.88358 2.44122 2.81805 3.24403 2.40845 2.06438 2.16269 1.81862 2.7689 1.50733 3.3751 2.44122 
Utility: 5.00334 5.62521 5.00937 4.74018 5.30964 5.20658 5.28664 4.69567 5.41555 5.9504 4.88891 5.31664 4.64749 5.41682 5.15877 5.00342 5.61291 4.66789 5.29985 4.85171 5.79539 5.2984 5.74201 5.15691 5.23334 5.06158 6.18145 5.5704 5.96546 5.49158 

--------------------------------------
Time: 8.00054
Split Ratios: 1 1 0.553 0.447 0.85 0.15 1 0.875 0.125 0.272 0.012 0.373 0.343 1 1 0.915 0.085 1 0.054 0.514 0.155 0.02 0.257 1 0.608 0.392 0.194 0.181 0.625 0.436 0.195 0.308 0.06 0.042 0.167 0.792 1 0.524 0.476 0.642 0.358 1 0.364 0.636 0.612 0.388 0.39 0.55 0.05 0.01 1 1 1 1 0.549 0.451 1 
Delays: 0.0115467 0.00578186 0.0195468 0.0132074 0.00720845 0.0120145 0.0182978 0.0128858 0.00857881 0.0060812 0.0143721 0.014683 0.0200951 0.00744714 0.0192554 0.0180238 0.00958318 0.0172354 0.0143576 0.0186449 0.00857418 0.0166399 0.00776757 0.011915 0.0115318 0.0114879 0.00571782 0.00573159 0.00863914 0.0100101 
Throughputs: 1.72032 1.5401 2.44122 1.45818 1.37626 2.39206 3.80109 1.60563 1.6384 2.57229 1.81862 3.48979 2.06438 2.50675 3.04742 2.70336 2.60506 1.90054 2.73613 2.50675 3.01466 3.14573 2.1463 2.1463 2.048 1.96608 2.5559 1.76947 3.16211 2.29376 
Utility: 5.00387 5.58488 4.82744 4.70417 5.25187 5.2938 5.33626 4.82514 5.25218 6.04735 4.84055 5.47091 4.63211 5.81891 5.06426 5.01056 5.6052 4.70293 5.25002 4.90117 5.86249 5.242 5.62154 5.1937 5.17951 5.1425 6.10257 5.73244 5.90269 5.43435 

--------------------------------------
Time: 8.50062
Split Ratios: 1 1 0.553 0.447 0.85 0.15 1 0.875 0.125 0.272 0.012 0.373 0.343 1 1 0.915 0.085 1 0.054 0.514 0.155 0.02 0.257 1 0.608 0.392 0.194 0.181 0.625 0.436 0.195 0.308 0.06 0.042 0.167 0.792 1 0.524 0.476 0.642 0.358 1 0.364 0.636 0.612 0.388 0.39 0.55 0.05 0.01 1 1 1 1 0.549 0.451 1 
Delays: 0.0115351 0.00573991 0.0193834 0.0132739 0.00724462 0.0120992 0.0180843 0.012904 0.00868861 0.00607707 0.0144004 0.0145456 0.0201265 0.00794615 0.0188363 0.017808 0.00941798 0.0172852 0.0143899 0.0189125 0.00858305 0.016201 0.00789996 0.0118151 0.0115238 0.0114834 0.0057185 0.00574326 0.00867217 0.0100638 
Throughputs: 1.67117 1.7367 2.80166 1.99885 1.85139 2.44122 3.53894 1.72032 1.52371 2.57229 1.86778 3.3751 1.93331 1.83501 3.40787 2.62144 2.42483 1.98246 2.65421 2.49037 3.11296 3.53894 2.048 2.1463 1.80224 1.76947 2.65421 1.44179 2.89997 2.16269 
Utility: 4.97589 5.7123 4.97355 5.01452 5.54343 5.30711 5.27654 4.89273 5.16689 6.04803 4.86525 5.44689 4.56495 5.44212 5.19806 4.99183 5.5509 4.74224 5.21737 4.88036 5.89354 5.38651 5.55776 5.20213 5.05238 5.03753 6.14019 5.52562 5.81234 5.37016 

--------------------------------------
Time: 9.0007
Split Ratios: 1 1 0.553 0.447 0.85 0.15 1 0.875 0.125 0.272 0.012 0.373 0.343 1 1 0.915 0.085 1 0.054 0.514 0.155 0.02 0.257 1 0.608 0.392 0.194 0.181 0.625 0.436 0.195 0.308 0.06 0.042 0.167 0.792 1 0.524 0.476 0.642 0.358 1 0.364 0.636 0.612 0.388 0.39 0.55 0.05 0.01 1 1 1 1 0.549 0.451 1 
Delays: 0.0115112 0.00574991 0.0200275 0.0132589 0.00725273 0.0120259 0.0176039 0.0128938 0.00859769 0.0060708 0.0143602 0.014485 0.0200702 0.00739201 0.0195309 0.0183463 0.00985899 0.017229 0.0143465 0.018772 0.00857371 0.0166182 0.00770144 0.012289 0.011477 0.0115364 0.00571327 0.00575363 0.0086336 0.0100815 
Throughputs: 1.76947 1.34349 2.83443 1.6384 1.60563 2.06438 3.34234 1.49094 1.75309 2.16269 1.83501 3.09658 2.34291 2.12992 3.01466 2.5559 2.32653 1.96608 2.50675 2.40845 3.21126 3.12934 2.1463 1.75309 1.81862 1.75309 2.75251 1.55648 3.29318 2.26099 
Utility: 5.03511 5.45384 4.95249 4.81681 5.39989 5.14552 5.24631 4.75042 5.31764 5.87562 4.85034 5.36494 4.75991 5.66344 5.03924 4.93673 5.46375 4.7372 5.16324 4.85437 5.92572 5.23808 5.6301 4.96043 5.06549 5.02362 6.17748 5.60035 5.94395 5.41286 

--------------------------------------
Time: 9.50073
Split Ratios: 1 1 0.553 0.447 0.85 0.15 1 0.875 0.125 0.272 0.012 0.373 0.343 1 1 0.915 0.085 1 0.054 0.514 0.155 0.02 0.257 1 0.608 0.392 0.194 0.181 0.625 0.436 0.195 0.308 0.06 0.042 0.167 0.792 1 0.524 0.476 0.642 0.358 1 0.364 0.636 0.612 0.388 0.39 0.55 0.05 0.01 1 1 1 1 0.549 0.451 1 
Delays: 0.0115183 0.00576782 0.0194387 0.0131439 0.00720324 0.0122169 0.0178561 0.012914 0.00864347 0.00631283 0.0143612 0.0144122 0.0200923 0.00767491 0.0191894 0.0180017 0.00934637 0.0172718 0.0143422 0.0186219 0.00856856 0.0163083 0.00767154 0.0121208 0.0115196 0.0114508 0.00573906 0.00574256 0.00864011 0.0100317 
Throughputs: 1.78586 1.55648 2.27738 1.60563 1.45818 2.39206 3.96493 1.68755 1.7367 2.4576 1.9497 2.71974 2.01523 2.19546 3.30957 2.93274 2.65421 2.4576 2.44122 2.27738 3.09658 3.75194 2.11354 2.22822 1.93331 1.40902 3.19488 1.68755 3.19488 2.03162 
Utility: 5.04371 5.59789 4.76351 4.80531 5.31041 5.27709 5.4029 4.87273 5.30294 5.96436 4.9109 5.24022 4.60816 5.65619 5.15021 5.09322 5.64891 4.95787 5.13705 4.80644 5.88995 5.43835 5.6186 5.21403 5.12294 4.81259 6.32201 5.68313 5.91289 5.31083 

--------------------------------------
Time: 10.0009
Split Ratios: 1 1 0.553 0.447 0.85 0.15 1 0.875 0.125 0.272 0.012 0.373 0.343 1 1 0.915 0.085 1 0.054 0.514 0.155 0.02 0.257 1 0.608 0.392 0.194 0.181 0.625 0.436 0.195 0.308 0.06 0.042 0.167 0.792 1 0.524 0.476 0.642 0.358 1 0.364 0.636 0.612 0.388 0.39 0.55 0.05 0.01 1 1 1 1 0.549 0.451 1 
Delays: 0.0115737 0.00573233 0.0198884 0.0131186 0.00720667 0.0123355 0.018125 0.0128817 0.00861618 0.0061572 0.0144333 0.014617 0.0200877 0.00767847 0.0187677 0.0184152 0.00914424 0.0172057 0.0143797 0.0186966 0.00857037 0.0166684 0.00782775 0.0121866 0.0114792 0.0114623 0.0057298 0.00575754 0.00868101 0.010049 
Throughputs: 1.72032 1.70394 3.08019 1.81862 1.50733 2.048 3.62086 1.47456 1.88416 2.89997 1.9497 3.04742 2.1463 2.21184 3.16211 2.7689 2.52314 2.048 2.47398 2.32653 3.34234 3.1785 2.26099 2.11354 1.65478 1.78586 3.03104 1.81862 3.04742 2.16269 
Utility: 5.00153 5.69457 5.04261 4.93181 5.34309 5.11213 5.29718 4.7403 5.3876 6.15483 4.90589 5.33986 4.67139 5.66316 5.12686 5.01303 5.62013 4.77938 5.14777 4.82379 5.96611 5.25065 5.66588 5.15578 4.97089 5.04859 6.27098 5.75532 5.86091 5.37163 

--------------------------------------
Time: 10.5013
Split Ratios: 1 1 0.553 0.447 0.85 0.15 1 0.875 0.125 0.272 0.012 0.373 0.343 1 1 0.915 0.085 1 0.054 0.514 0.155 0.02 0.257 1 0.608 0.392 0.194 0.181 0.625 0.436 0.195 0.308 0.06 0.042 0.167 0.792 1 0.524 0.476 0.642 0.358 1 0.364 0.636 0.612 0.388 0.39 0.55 0.05 0.01 1 1 1 1 0.549 0.451 1 
Delays: 0.0115573 0.0057095 0.0199925 0.0133223 0.00717302 0.0124714 0.0176715 0.0128945 0.00862282 0.00631178 0.0143685 0.0145801 0.0200724 0.00740602 0.0189278 0.0181255 0.00940161 0.0172233 0.0143671 0.0188852 0.00859068 0.016856 0.00774788 0.0118315 0.011495 0.0115366 0.00571819 0.00576024 0.00864904 0.0100047 
Throughputs: 1.80224 1.60563 2.58867 1.6384 1.57286 1.99885 3.86662 1.37626 1.88416 2.57229 1.9497 3.11296 2.1463 1.83501 3.40787 3.04742 2.4576 1.9497 2.42483 1.96608 3.19488 3.26042 2.09715 1.86778 1.90054 2.03162 2.67059 1.60563 3.3751 2.048 
Utility: 5.04947 5.63914 4.86354 4.81203 5.39033 5.07689 5.38819 4.67032 5.38683 6.01013 4.91039 5.36367 4.67216 5.51251 5.19321 5.12473 5.56606 4.72916 5.12857 4.64542 5.91863 5.2649 5.60092 5.06174 5.10798 5.17106 6.1464 5.63029 5.96673 5.32157 

--------------------------------------
Time: 11.0014
Split Ratios: 1 1 0.553 0.447 0.85 0.15 1 0.875 0.125 0.272 0.012 0.373 0.343 1 1 0.915 0.085 1 0.054 0.514 0.155 0.02 0.257 1 0.608 0.392 0.194 0.181 0.625 0.436 0.195 0.308 0.06 0.042 0.167 0.792 1 0.524 0.476 0.642 0.358 1 0.364 0.636 0.612 0.388 0.39 0.55 0.05 0.01 1 1 1 1 0.549 0.451 1 
Delays: 0.0114894 0.00572998 0.0203176 0.0132108 0.0072667 0.0124702 0.0171888 0.0128923 0.00859666 0.00610521 0.0143811 0.0147896 0.0200833 0.00764936 0.0189382 0.0182253 0.00944894 0.0172195 0.0143108 0.0185452 0.00857893 0.0165994 0.00766296 0.0119684 0.0114843 0.0114865 0.00571737 0.00572373 0.00867345 0.0100389 
Throughputs: 1.70394 1.47456 2.60506 1.68755 1.35987 2.24461 3.91578 1.52371 1.80224 2.32653 1.80224 3.22765 2.06438 2.31014 3.21126 2.75251 2.58867 1.93331 2.58867 2.57229 3.34234 3.40787 2.11354 1.72032 1.91693 1.6384 2.91635 1.45818 3.35872 2.26099 
Utility: 4.99927 5.5504 4.85372 4.85 5.23184 5.19295 5.42851 4.77228 5.34541 5.94299 4.83087 5.38559 4.6327 5.71044 5.13324 5.01746 5.613 4.72095 5.19789 4.93234 5.96512 5.32447 5.61972 4.968 5.1175 4.9603 6.23458 5.54032 5.95905 5.41709 

--------------------------------------
Time: 11.5015
Split Ratios: 1 1 0.553 0.447 0.85 0.15 1 0.875 0.125 0.272 0.012 0.373 0.343 1 1 0.915 0.085 1 0.054 0.514 0.155 0.02 0.257 1 0.608 0.392 0.194 0.181 0.625 0.436 0.195 0.308 0.06 0.042 0.167 0.792 1 0.524 0.476 0.642 0.358 1 0.364 0.636 0.612 0.388 0.39 0.55 0.05 0.01 1 1 1 1 0.549 0.451 1 
Delays: 0.0115597 0.00577476 0.0195991 0.0131914 0.0072357 0.0124204 0.0182617 0.0129822 0.00868307 0.00610948 0.0144268 0.0147204 0.020128 0.00754084 0.0190493 0.0180695 0.00983861 0.0172679 0.0143709 0.0186941 0.00858556 0.0167902 0.00779202 0.0120086 0.0115103 0.0114935 0.00570708 0.00573414 0.00866547 0.0100818 
Throughputs: 1.67117 1.67117 2.85082 2.01523 1.24518 2.22822 3.88301 1.42541 2.08077 2.32653 2.01523 3.24403 2.29376 2.32653 3.24403 3.04742 2.39206 2.12992 2.50675 2.21184 2.91635 3.01466 2.03162 2.01523 1.76947 1.75309 2.78528 1.47456 3.29318 2.3593 
Utility: 4.97375 5.66778 4.97988 5.02893 5.14801 5.18962 5.35956 4.69863 5.47912 5.94229 4.9394 5.39534 4.73584 5.7318 5.13754 5.12783 5.4936 4.81499 5.16154 4.77337 5.82801 5.19044 5.56349 5.12287 5.03519 5.02735 6.1904 5.54968 5.94026 5.45539 

--------------------------------------
Time: 12.0016
Split Ratios: 1 1 0.553 0.447 0.85 0.15 1 0.875 0.125 0.272 0.012 0.373 0.343 1 1 0.915 0.085 1 0.054 0.514 0.155 0.02 0.257 1 0.608 0.392 0.194 0.181 0.625 0.436 0.195 0.308 0.06 0.042 0.167 0.792 1 0.524 0.476 0.642 0.358 1 0.364 0.636 0.612 0.388 0.39 0.55 0.05 0.01 1 1 1 1 0.549 0.451 1 
Delays: 0.0115099 0.00574515 0.0193884 0.0132152 0.00718669 0.0122274 0.017819 0.0128837 0.00865759 0.00611163 0.0144224 0.0150495 0.0200397 0.00771288 0.0192631 0.0178606 0.00920924 0.0172224 0.0143823 0.0189407 0.00857265 0.0163194 0.00782591 0.0117762 0.0115114 0.0114916 0.00572769 0.00574564 0.00866418 0.0100562 
Throughputs: 1.65478 1.68755 2.58867 1.58925 1.45818 2.12992 3.40787 1.67117 1.83501 2.29376 1.72032 3.26042 1.96608 1.9497 3.50618 3.14573 2.60506 1.83501 2.58867 2.22822 3.26042 3.3751 1.88416 2.16269 2.16269 1.60563 2.60506 1.5401 3.26042 2.09715 
Utility: 4.96822 5.68268 4.89423 4.78965 5.31271 5.16016 5.25358 4.86532 5.35637 5.92775 4.78148 5.37826 4.58608 5.53254 5.20409 5.1712 5.645 4.66859 5.1929 4.76765 5.94103 5.33182 5.4838 5.21302 5.23577 4.93965 6.1199 5.59116 5.93041 5.34015 

--------------------------------------
Time: 12.5018
Split Ratios: 1 1 0.553 0.447 0.85 0.15 1 0.875 0.125 0.272 0.012 0.373 0.343 1 1 0.915 0.085 1 0.054 0.514 0.155 0.02 0.257 1 0.608 0.392 0.194 0.181 0.625 0.436 0.195 0.308 0.06 0.042 0.167 0.792 1 0.524 0.476 0.642 0.358 1 0.364 0.636 0.612 0.388 0.39 0.55 0.05 0.01 1 1 1 1 0.549 0.451 1 
Delays: 0.0115572 0.00577057 0.0198966 0.0132412 0.00722973 0.01219 0.0178324 0.0128745 0.0086655 0.00611983 0.0144272 0.014873 0.0200631 0.00746203 0.0190971 0.017903 0.00921481 0.0172585 0.0143358 0.0185854 0.00858142 0.0166612 0.00770679 0.0117052 0.0114893 0.011529 0.0057284 0.00574672 0.00867404 0.0100436 
Throughputs: 1.83501 1.76947 2.63782 1.65478 1.60563 2.11354 3.53894 1.45818 1.99885 2.70336 1.72032 2.70336 2.12992 2.16269 2.93274 3.14573 2.49037 1.99885 2.98189 2.048 3.40787 3.2768 2.11354 2.01523 2.01523 1.70394 2.53952 1.68755 3.71917 1.75309 
Utility: 5.06749 5.72566 4.88716 4.82809 5.40307 5.1555 5.29057 4.72969 5.44098 6.09072 4.78115 5.2027 4.66496 5.66928 5.03416 5.16883 5.59937 4.75202 5.33755 4.70224 5.98424 5.28154 5.61402 5.14846 5.16707 4.99583 6.09429 5.68241 6.06092 5.1622 

--------------------------------------
Time: 13.0019
Split Ratios: 1 1 0.553 0.447 0.85 0.15 1 0.875 0.125 0.272 0.012 0.373 0.343 1 1 0.915 0.085 1 0.054 0.514 0.155 0.02 0.257 1 0.608 0.392 0.194 0.181 0.625 0.436 0.195 0.308 0.06 0.042 0.167 0.792 1 0.524 0.476 0.642 0.358 1 0.364 0.636 0.612 0.388 0.39 0.55 0.05 0.01 1 1 1 1 0.549 0.451 1 
Delays: 0.0115414 0.00578072 0.0196748 0.0131571 0.00722744 0.0120188 0.0175638 0.0129392 0.00862508 0.00626647 0.0143708 0.0147195 0.0201448 0.00757092 0.0192208 0.0177231 0.0096919 0.017215 0.0143637 0.0189098 0.00856684 0.0167721 0.00775843 0.0117379 0.0115326 0.0114571 0.00571344 0.00576281 0.00865463 0.0100278 
Throughputs: 1.6384 1.86778 2.78528 1.57286 1.58925 1.99885 3.6864 1.55648 1.76947 2.19546 1.80224 3.11296 2.11354 1.85139 3.30957 2.60506 2.58867 1.91693 2.62144 2.42483 3.12934 3.47341 2.03162 2.01523 1.75309 1.67117 2.89997 1.81862 3.65363 2.37568 
Utility: 4.95554 5.77797 4.95277 4.78369 5.39313 5.11385 5.34656 4.78992 5.32376 5.85893 4.83159 5.35415 4.65317 5.49938 5.14858 4.99034 5.58761 4.7127 5.20677 4.85384 5.90068 5.33318 5.56781 5.14567 5.02396 4.98267 6.22963 5.75441 6.04538 5.46768 

--------------------------------------
Time: 13.502
Split Ratios: 1 1 0.553 0.447 0.85 0.15 1 0.875 0.125 0.272 0.012 0.373 0.343 1 1 0.915 0.085 1 0.054 0.514 0.155 0.02 0.257 1 0.608 0.392 0.194 0.181 0.625 0.436 0.195 0.308 0.06 0.042 0.167 0.792 1 0.524 0.476 0.642 0.358 1 0.364 0.636 0.612 0.388 0.39 0.55 0.05 0.01 1 1 1 1 0.549 0.451 1 
Delays: 0.0114769 0.0057387 0.0200448 0.0131611 0.00718161 0.01207 0.0181898 0.0128882 0.00860861 0.00614656 0.0143997 0.0152553 0.0201079 0.00766914 0.0189011 0.0180532 0.00948647 0.0172144 0.0143286 0.018834 0.00857638 0.0168089 0.00780169 0.0119176 0.0115215 0.0114526 0.00573436 0.00575914 0.00865752 0.0100246 
Throughputs: 1.60563 1.55648 2.99827 1.65478 1.6384 1.96608 3.45702 1.68755 1.93331 2.40845 1.86778 2.83443 1.62202 1.78586 3.32595 2.7689 2.31014 2.01523 2.32653 2.08077 2.67059 3.09658 2.49037 2.34291 1.83501 1.90054 2.78528 1.80224 3.06381 2.49037 
Utility: 4.94093 5.60295 5.00782 4.83416 5.42995 5.09308 5.2473 4.87472 5.41423 5.97085 4.8653 5.22467 4.39031 5.45045 5.17029 5.03288 5.4952 4.76274 5.08988 4.70483 5.74104 5.21614 5.76585 5.28114 5.07059 5.11168 6.18563 5.746 5.86899 5.51514 

--------------------------------------
Time: 14.002
Split Ratios: 1 1 0.553 0.447 0.85 0.15 1 0.875 0.125 0.272 0.012 0.373 0.343 1 1 0.915 0.085 1 0.054 0.514 0.155 0.02 0.257 1 0.608 0.392 0.194 0.181 0.625 0.436 0.195 0.308 0.06 0.042 0.167 0.792 1 0.524 0.476 0.642 0.358 1 0.364 0.636 0.612 0.388 0.39 0.55 0.05 0.01 1 1 1 1 0.549 0.451 1 
Delays: 0.0115097 0.00576826 0.0191464 0.0132323 0.00717439 0.0121392 0.018164 0.0129377 0.00863701 0.00624665 0.0143898 0.0147398 0.0201028 0.00763932 0.0190297 0.0181565 0.00956898 0.0172909 0.0143877 0.0188332 0.0085896 0.0167176 0.00775267 0.011586 0.0115333 0.0114999 0.00571081 0.00574338 0.00863743 0.0100437 
Throughputs: 1.9497 1.78586 2.58867 1.49094 1.58925 1.96608 3.48979 1.57286 2.21184 2.17907 2.27738 3.08019 2.06438 1.67117 3.70278 2.62144 2.63782 1.7367 2.53952 2.49037 3.01466 3.75194 1.96608 1.96608 1.90054 1.55648 2.60506 1.78586 3.06381 2.27738 
Utility: 5.13223 5.73528 4.90679 4.7245 5.4005 5.08736 5.25816 4.80051 5.54552 5.85461 5.06426 5.34219 4.63173 5.38797 5.27084 4.97245 5.61918 4.60956 5.17336 4.88457 5.86069 5.41356 5.53576 5.134 5.10465 4.90785 6.12285 5.7396 5.87131 5.42383 

--------------------------------------
Time: 14.5021
Split Ratios: 1 1 0.553 0.447 0.85 0.15 1 0.875 0.125 0.272 0.012 0.373 0.343 1 1 0.915 0.085 1 0.054 0.514 0.155 0.02 0.257 1 0.608 0.392 0.194 0.181 0.625 0.436 0.195 0.308 0.06 0.042 0.167 0.792 1 0.524 0.476 0.642 0.358 1 0.364 0.636 0.612 0.388 0.39 0.55 0.05 0.01 1 1 1 1 0.549 0.451 1 
Delays: 0.0115558 0.00574702 0.0197626 0.0133171 0.00721263 0.0119669 0.0177821 0.0129244 0.00863931 0.00606418 0.0143299 0.0145271 0.0200465 0.0075215 0.0192451 0.0175635 0.00915784 0.0172948 0.0143567 0.0191312 0.00857165 0.0164333 0.00776929 0.0116913 0.0114988 0.0114935 0.00572032 0.00571219 0.00871038 0.0100075 
Throughputs: 1.81862 1.68755 2.39206 1.80224 1.60563 2.12992 4.06323 1.67117 1.72032 2.27738 1.80224 3.2768 1.86778 1.99885 3.21126 2.67059 2.57229 1.93331 2.53952 1.96608 3.29318 3.3751 2.09715 2.21184 1.65478 1.65478 2.89997 1.42541 3.22765 2.11354 
Utility: 5.05865 5.68235 4.79612 4.90773 5.40544 5.1817 5.43154 4.86216 5.29394 5.92838 4.83444 5.41861 4.53445 5.58256 5.11716 5.02423 5.63794 4.71658 5.17551 4.63248 5.95115 5.32487 5.59816 5.24274 4.96919 4.96965 6.22843 5.51961 5.91499 5.35279 

--------------------------------------
Time: 15.0022
Split Ratios: 1 1 0.553 0.447 0.85 0.15 1 0.875 0.125 0.272 0.012 0.373 0.343 1 1 0.915 0.085 1 0.054 0.514 0.155 0.02 0.257 1 0.608 0.392 0.194 0.181 0.625 0.436 0.195 0.308 0.06 0.042 0.167 0.792 1 0.524 0.476 0.642 0.358 1 0.364 0.636 0.612 0.388 0.39 0.55 0.05 0.01 1 1 1 1 0.549 0.451 1 
Delays: 0.0115572 0.00575561 0.0201828 0.013326 0.00721396 0.0123565 0.0178585 0.0128978 0.00867514 0.0060683 0.0144004 0.0149945 0.0201029 0.00770491 0.0194112 0.0178739 0.00972762 0.0172639 0.0143469 0.0189017 0.00858137 0.0163998 0.00778678 0.0120208 0.0115223 0.0115685 0.00573112 0.00573614 0.00863981 0.0100583 
Throughputs: 1.62202 1.24518 2.67059 1.60563 1.62202 2.40845 3.73555 1.49094 1.76947 2.32653 1.76947 2.67059 2.31014 2.27738 3.32595 2.9655 2.47398 2.12992 2.67059 2.31014 2.91635 3.1785 2.19546 2.09715 2.17907 1.7367 2.78528 1.50733 3.39149 1.98246 
Utility: 4.94412 5.37686 4.88523 4.79156 5.41541 5.27255 5.34317 4.75011 5.31797 5.94905 4.81118 5.18237 4.7442 5.68892 5.14366 5.11146 5.53862 4.81522 5.22652 4.80581 5.82849 5.26689 5.64172 5.1617 5.24237 5.01146 6.18619 5.57131 5.97264 5.2837 

--------------------------------------
Time: 15.5022
Split Ratios: 1 1 0.553 0.447 0.85 0.15 1 0.875 0.125 0.272 0.012 0.373 0.343 1 1 0.915 0.085 1 0.054 0.514 0.155 0.02 0.257 1 0.608 0.392 0.194 0.181 0.625 0.436 0.195 0.308 0.06 0.042 0.167 0.792 1 0.524 0.476 0.642 0.358 1 0.364 0.636 0.612 0.388 0.39 0.55 0.05 0.01 1 1 1 1 0.549 0.451 1 
Delays: 0.0115386 0.00577201 0.0194102 0.0132291 0.00722126 0.0119175 0.0174582 0.0129039 0.00861832 0.00617948 0.0144113 0.0146904 0.0200573 0.0076481 0.0189075 0.0181784 0.00976661 0.0173104 0.0143968 0.0187831 0.00858383 0.0166326 0.00777163 0.0117842 0.0115127 0.0114747 0.00572811 0.00575706 0.00868509 0.0100259 
Throughputs: 1.99885 1.49094 2.78528 1.7367 1.55648 2.16269 3.71917 1.78586 1.83501 2.37568 1.72032 2.91635 2.29376 2.06438 3.09658 2.53952 2.70336 2.27738 2.9655 2.37568 2.75251 3.14573 2.39206 1.98246 1.98246 1.68755 2.67059 1.47456 3.7847 1.96608 
Utility: 5.15463 5.55414 4.9663 4.87733 5.37315 5.2011 5.36145 4.93013 5.36091 5.95181 4.78225 5.2909 4.73935 5.59813 5.09849 4.9395 5.62328 4.87947 5.3278 4.84008 5.77039 5.24244 5.72943 5.12534 5.14864 4.99089 6.14467 5.54569 6.07712 5.27863 

--------------------------------------
Time: 16.0023
Split Ratios: 1 1 0.553 0.447 0.85 0.15 1 0.875 0.125 0.272 0.012 0.373 0.343 1 1 0.915 0.085 1 0.054 0.514 0.155 0.02 0.257 1 0.608 0.392 0.194 0.181 0.625 0.436 0.195 0.308 0.06 0.042 0.167 0.792 1 0.524 0.476 0.642 0.358 1 0.364 0.636 0.612 0.388 0.39 0.55 0.05 0.01 1 1 1 1 0.549 0.451 1 
Delays: 0.0115394 0.00574936 0.019207 0.0131439 0.00723582 0.0120201 0.0177027 0.0128687 0.00864081 0.00615282 0.0144164 0.0147674 0.0200936 0.00742636 0.0192285 0.0180137 0.00884545 0.017238 0.0143349 0.0185731 0.00857596 0.0163763 0.00789253 0.0119188 0.0115304 0.0114814 0.00571587 0.00574138 0.00867229 0.0100024 
Throughputs: 1.49094 1.42541 2.57229 1.50733 1.50733 1.86778 3.62086 1.35987 1.85139 2.21184 1.96608 3.06381 1.83501 2.01523 3.63725 2.80166 2.42483 1.76947 2.78528 2.47398 3.22765 3.48979 2.048 2.34291 2.39206 1.80224 2.70336 1.47456 3.85024 2.34291 
Utility: 4.8614 5.51312 4.89728 4.74214 5.33905 5.04592 5.32075 4.66035 5.3672 5.88467 4.91543 5.33499 4.5144 5.60345 5.24259 5.04684 5.61361 4.63132 5.26941 4.89187 5.93055 5.36176 5.5587 5.28103 5.33492 5.05605 6.159 5.54842 6.09576 5.45632 

--------------------------------------
Time: 16.5024
Split Ratios: 1 1 0.553 0.447 0.85 0.15 1 0.875 0.125 0.272 0.012 0.373 0.343 1 1 0.915 0.085 1 0.054 0.514 0.155 0.02 0.257 1 0.608 0.392 0.194 0.181 0.625 0.436 0.195 0.308 0.06 0.042 0.167 0.792 1 0.524 0.476 0.642 0.358 1 0.364 0.636 0.612 0.388 0.39 0.55 0.05 0.01 1 1 1 1 0.549 0.451 1 
Delays: 0.0114636 0.00574953 0.0197699 0.0132037 0.0072528 0.0122424 0.0177824 0.0128791 0.00861286 0.00630844 0.0143974 0.0145615 0.0200895 0.00780761 0.0188883 0.0180367 0.00914979 0.0172736 0.0143287 0.0186208 0.00857511 0.0164142 0.00778348 0.0119015 0.0115005 0.0114813 0.00571765 0.00575027 0.00871051 0.0100591 
Throughputs: 1.78586 1.60563 2.47398 1.24518 1.78586 2.08077 3.80109 1.90054 1.93331 2.49037 1.88416 2.9655 2.47398 2.16269 3.26042 2.68698 2.50675 1.88416 2.29376 2.42483 3.11296 3.50618 2.27738 1.96608 1.99885 1.62202 2.80166 1.44179 3.11296 2.1463 
Utility: 5.04848 5.63215 4.82942 4.54654 5.50627 5.13559 5.36483 4.99429 5.41373 5.9783 4.87419 5.31642 4.81339 5.62401 5.15107 5.00376 5.61301 4.69206 5.07568 4.86924 5.89447 5.36413 5.67878 5.10714 5.15794 4.9507 6.19441 5.52439 5.8788 5.36302 

--------------------------------------
Time: 17.0026
Split Ratios: 1 1 0.553 0.447 0.85 0.15 1 0.875 0.125 0.272 0.012 0.373 0.343 1 1 0.915 0.085 1 0.054 0.514 0.155 0.02 0.257 1 0.608 0.392 0.194 0.181 0.625 0.436 0.195 0.308 0.06 0.042 0.167 0.792 1 0.524 0.476 0.642 0.358 1 0.364 0.636 0.612 0.388 0.39 0.55 0.05 0.01 1 1 1 1 0.549 0.451 1 
Delays: 0.0115446 0.00575809 0.0202426 0.0132518 0.00721157 0.0119611 0.0182 0.0129086 0.00862281 0.00643031 0.0143612 0.0142409 0.0200913 0.00759261 0.0190723 0.0177984 0.00925137 0.0172979 0.0143651 0.0185278 0.00857389 0.0160306 0.00781752 0.0119278 0.0114805 0.0114977 0.00571211 0.00573813 0.0086563 0.0100423 
Throughputs: 1.80224 1.52371 2.50675 1.93331 1.47456 2.19546 3.53894 1.19603 1.91693 2.34291 2.16269 3.21126 2.24461 1.9497 3.34234 2.7689 2.5559 1.85139 2.78528 1.9497 3.09658 3.34234 2.40845 2.03162 2.03162 1.91693 2.63782 1.68755 3.35872 2.09715 
Utility: 5.05057 5.5783 4.81896 4.98286 5.32043 5.21248 5.27016 4.52887 5.40407 5.89813 5.01458 5.4183 4.716 5.54825 5.16619 5.04709 5.62139 4.67311 5.2673 4.65615 5.88933 5.33993 5.73037 5.13772 5.17594 5.11633 6.13512 5.6839 5.96103 5.34153 

--------------------------------------
Time: 17.5026
Split Ratios: 1 1 0.553 0.447 0.85 0.15 1 0.875 0.125 0.272 0.012 0.373 0.343 1 1 0.915 0.085 1 0.054 0.514 0.155 0.02 0.257 1 0.608 0.392 0.194 0.181 0.625 0.436 0.195 0.308 0.06 0.042 0.167 0.792 1 0.524 0.476 0.642 0.358 1 0.364 0.636 0.612 0.388 0.39 0.55 0.05 0.01 1 1 1 1 0.549 0.451 1 
Delays: 0.011536 0.00576988 0.0197481 0.013243 0.00719465 0.0123771 0.0178959 0.0129087 0.0086359 0.00620403 0.0144164 0.0146082 0.0200667 0.00738031 0.0190634 0.0180773 0.00934476 0.0172126 0.0143475 0.0188873 0.0085704 0.01654 0.0077436 0.0117896 0.01154 0.01147 0.00573348 0.00576025 0.00865159 0.0100299 
Throughputs: 1.62202 1.76947 2.83443 1.65478 1.37626 1.96608 3.62086 1.57286 1.91693 2.5559 1.91693 2.9655 1.98246 2.1463 3.44064 2.42483 2.4576 2.1463 2.5559 2.22822 2.73613 3.2768 1.68755 2.17907 1.72032 1.58925 2.60506 1.60563 3.40787 2.06438 
Utility: 4.94595 5.72578 4.96654 4.82796 5.25379 5.06795 5.30989 4.80275 5.40255 6.02096 4.89012 5.31322 4.59303 5.67269 5.19564 4.89886 5.57212 4.82586 5.18259 4.77047 5.76599 5.28884 5.38417 5.21943 5.00445 4.93128 6.11889 5.63029 5.9761 5.32701 

--------------------------------------
Time: 18.0028
Split Ratios: 1 1 0.553 0.447 0.85 0.15 1 0.875 0.125 0.272 0.012 0.373 0.343 1 1 0.915 0.085 1 0.054 0.514 0.155 0.02 0.257 1 0.608 0.392 0.194 0.181 0.625 0.436 0.195 0.308 0.06 0.042 0.167 0.792 1 0.524 0.476 0.642 0.358 1 0.364 0.636 0.612 0.388 0.39 0.55 0.05 0.01 1 1 1 1 0.549 0.451 1 
Delays: 0.0115223 0.00573568 0.0197849 0.0132409 0.00725395 0.0121388 0.0182407 0.0128995 0.00864634 0.00622928 0.0144683 0.0147209 0.0201116 0.00751946 0.019572 0.0180222 0.00940817 0.0172279 0.0143338 0.0189402 0.00856479 0.016281 0.00783423 0.012025 0.0115468 0.0115394 0.00572606 0.00574067 0.00868947 0.0100572 
Throughputs: 1.86778 1.67117 2.94912 1.80224 1.80224 2.65421 3.35872 1.58925 1.91693 2.63782 1.83501 3.09658 2.09715 1.85139 3.11296 2.75251 2.53952 2.03162 2.32653 2.53952 3.22765 3.35872 2.27738 2.21184 1.91693 2.01523 3.19488 1.39264 3.3751 2.12992 
Utility: 5.08822 5.67457 5.00434 4.91348 5.51524 5.38749 5.21566 4.81383 5.40134 6.04845 4.84285 5.34879 4.64704 5.5062 5.06923 5.02867 5.59815 4.77006 5.08951 4.89844 5.93185 5.32932 5.67228 5.2146 5.11208 5.16272 6.32428 5.49138 5.96207 5.35555 

--------------------------------------
Time: 18.503
Split Ratios: 1 1 0.553 0.447 0.85 0.15 1 0.875 0.125 0.272 0.012 0.373 0.343 1 1 0.915 0.085 1 0.054 0.514 0.155 0.02 0.257 1 0.608 0.392 0.194 0.181 0.625 0.436 0.195 0.308 0.06 0.042 0.167 0.792 1 0.524 0.476 0.642 0.358 1 0.364 0.636 0.612 0.388 0.39 0.55 0.05 0.01 1 1 1 1 0.549 0.451 1 
Delays: 0.0115584 0.00576723 0.019503 0.0131347 0.0071941 0.0126124 0.0178574 0.0129097 0.00865686 0.00604963 0.0144066 0.0147792 0.0200648 0.00758794 0.0192807 0.0178555 0.00971457 0.017224 0.0143542 0.0187232 0.00859666 0.016312 0.00771744 0.0118259 0.011505 0.0115529 0.00571773 0.00575625 0.00865055 0.0100724 
Throughputs: 1.90054 1.83501 2.91635 1.42541 1.60563 2.1463 3.44064 1.44179 1.75309 2.4576 2.08077 2.98189 2.09715 1.62202 3.12934 2.81805 2.9655 1.9497 2.89997 2.11354 3.32595 3.40787 1.60563 1.80224 1.99885 1.70394 2.60506 1.68755 3.60448 2.16269 
Utility: 5.10248 5.76261 5.00752 4.68695 5.40801 5.13682 5.261 4.71567 5.31078 6.00694 4.97281 5.30709 4.64937 5.36487 5.08947 5.06149 5.72118 4.72912 5.30842 4.72635 5.95814 5.34194 5.33779 5.02649 5.15754 4.99376 6.12164 5.68075 6.03231 5.36931 

--------------------------------------
Time: 19.003
Split Ratios: 1 1 0.553 0.447 0.85 0.15 1 0.875 0.125 0.272 0.012 0.373 0.343 1 1 0.915 0.085 1 0.054 0.514 0.155 0.02 0.257 1 0.608 0.392 0.194 0.181 0.625 0.436 0.195 0.308 0.06 0.042 0.167 0.792 1 0.524 0.476 0.642 0.358 1 0.364 0.636 0.612 0.388 0.39 0.55 0.05 0.01 1 1 1 1 0.549 0.451 1 
Delays: 0.0115043 0.00575373 0.0200848 0.0131617 0.00720175 0.0124052 0.017709 0.0128938 0.00864981 0.00630243 0.0144424 0.0147026 0.0200892 0.00738908 0.0193368 0.0179975 0.00937878 0.0172384 0.014309 0.0185759 0.00858911 0.016844 0.00777338 0.0116498 0.0115124 0.0115087 0.00572545 0.00574483 0.00867265 0.0100535 
Throughputs: 1.75309 1.85139 2.57229 1.76947 1.55648 2.26099 3.6864 1.50733 1.9497 2.34291 1.7367 2.89997 2.3593 2.03162 3.40787 2.8672 2.71974 2.01523 2.53952 2.17907 3.34234 3.57171 2.21184 2.12992 1.85139 1.55648 3.01466 1.93331 3.40787 2.26099 
Utility: 5.02641 5.77385 4.85259 4.90112 5.37586 5.20545 5.33833 4.76134 5.41789 5.91821 4.78957 5.28443 4.76593 5.61658 5.17183 5.07086 5.66984 4.76135 5.17884 4.76479 5.96393 5.35681 5.65088 5.20855 5.08026 4.90708 6.26632 5.81869 5.97367 5.41564 

--------------------------------------
Time: 19.5033
Split Ratios: 1 1 0.553 0.447 0.85 0.15 1 0.875 0.125 0.272 0.012 0.373 0.343 1 1 0.915 0.085 1 0.054 0.514 0.155 0.02 0.257 1 0.608 0.392 0.194 0.181 0.625 0.436 0.195 0.308 0.06 0.042 0.167 0.792 1 0.524 0.476 0.642 0.358 1 0.364 0.636 0.612 0.388 0.39 0.55 0.05 0.01 1 1 1 1 0.549 0.451 1 
Delays: 0.0115282 0.00576631 0.0199411 0.0131775 0.00718563 0.0120055 0.018574 0.0129597 0.00864953 0.00600403 0.0144208 0.0144919 0.0201169 0.00735944 0.0190196 0.0176006 0.00939109 0.0172742 0.0144136 0.0187591 0.0086044 0.0162299 0.00768476 0.0122117 0.0115341 0.0115271 0.00572813 0.0057609 0.00870021 0.0100364 
Throughputs: 1.85139 2.12992 2.81805 1.60563 1.50733 2.37568 3.30957 1.55648 1.5401 2.40845 1.96608 3.22765 2.58867 1.99885 3.3751 2.5559 2.65421 2.50675 2.63782 2.62144 3.09658 3.50618 2.22822 2.048 2.09715 1.96608 2.50675 1.65478 3.55533 2.40845 
Utility: 5.0789 5.91181 4.95102 4.80276 5.34601 5.28768 5.18281 4.78834 5.18209 5.99431 4.91513 5.40592 4.85734 5.60434 5.17871 4.97823 5.64414 4.97753 5.20954 4.9398 5.88578 5.37542 5.66972 5.12222 5.20303 5.1391 6.08135 5.66033 6.01286 5.48052 

--------------------------------------
Time: 20.0034
Split Ratios: 1 1 0.553 0.447 0.85 0.15 1 0.875 0.125 0.272 0.012 0.373 0.343 1 1 0.915 0.085 1 0.054 0.514 0.155 0.02 0.257 1 0.608 0.392 0.194 0.181 0.625 0.436 0.195 0.308 0.06 0.042 0.167 0.792 1 0.524 0.476 0.642 0.358 1 0.364 0.636 0.612 0.388 0.39 0.55 0.05 0.01 1 1 1 1 0.549 0.451 1 
Delays: 0.0115283 0.00576092 0.0195852 0.0132409 0.00720813 0.0119307 0.0174595 0.0128729 0.00862872 0.00632369 0.0143966 0.01524 0.0201066 0.00743326 0.019156 0.017963 0.0095252 0.0172409 0.0143366 0.0188959 0.00859026 0.0160399 0.00769621 0.0119211 0.0114714 0.0114629 0.00571426 0.00574349 0.00862537 0.0100029 
Throughputs: 1.58925 1.57286 2.57229 1.45818 1.35987 2.11354 3.42426 1.58925 1.68755 2.19546 2.09715 2.93274 1.68755 2.19546 3.55533 2.93274 2.22822 1.81862 2.68698 1.9497 2.98189 3.45702 1.99885 2.37568 1.96608 1.49094 2.75251 1.47456 3.14573 1.93331 
Utility: 4.92621 5.60956 4.87778 4.70163 5.23994 5.177 5.27876 4.8159 5.27594 5.84984 4.98134 5.25977 4.42999 5.68818 5.22359 5.09538 5.45502 4.65855 5.23336 4.63648 5.84968 5.37309 5.5596 5.29473 5.14394 4.86805 6.1773 5.54805 5.89909 5.26411 

--------------------------------------
Time: 20.5034
Split Ratios: 1 1 0.553 0.447 0.85 0.15 1 0.875 0.125 0.272 0.012 0.373 0.343 1 1 0.915 0.085 1 0.054 0.514 0.155 0.02 0.257 1 0.608 0.392 0.194 0.181 0.625 0.436 0.195 0.308 0.06 0.042 0.167 0.792 1 0.524 0.476 0.642 0.358 1 0.364 0.636 0.612 0.388 0.39 0.55 0.05 0.01 1 1 1 1 0.549 0.451 1 
Delays: 0.0115312 0.00575921 0.0199106 0.0131492 0.00722318 0.0120873 0.0181795 0.0129018 0.00860536 0.00630074 0.0144221 0.0145055 0.0201199 0.00733324 0.0193585 0.0183046 0.00934667 0.0172456 0.0143413 0.0185962 0.00857363 0.0165642 0.00778468 0.0118048 0.0115474 0.0114772 0.00571511 0.00573852 0.00864726 0.0100361 
Throughputs: 1.58925 1.58925 2.80166 1.7367 1.67117 2.16269 3.42426 1.49094 1.96608 2.85082 1.96608 3.16211 2.03162 1.72032 3.12934 2.5559 2.70336 2.06438 2.75251 2.40845 3.39149 3.30957 2.17907 2.12992 2.01523 1.70394 2.91635 1.67117 3.53894 2.26099 
Utility: 4.92596 5.62022 4.94672 4.88338 5.44398 5.18695 5.23835 4.7498 5.43141 6.11469 4.91504 5.38447 4.61488 5.45785 5.08545 4.93901 5.66723 4.78503 5.25713 4.86378 5.98033 5.29733 5.6345 5.19534 5.16203 5.00033 6.23498 5.67408 6.01434 5.41737 

--------------------------------------
Time: 21.0036
Split Ratios: 1 1 0.553 0.447 0.85 0.15 1 0.875 0.125 0.272 0.012 0.373 0.343 1 1 0.915 0.085 1 0.054 0.514 0.155 0.02 0.257 1 0.608 0.392 0.194 0.181 0.625 0.436 0.195 0.308 0.06 0.042 0.167 0.792 1 0.524 0.476 0.642 0.358 1 0.364 0.636 0.612 0.388 0.39 0.55 0.05 0.01 1 1 1 1 0.549 0.451 1 
Delays: 0.0115188 0.00574014 0.0200814 0.0131987 0.00722776 0.0122194 0.0179139 0.0129257 0.00862043 0.00615686 0.0144032 0.0144042 0.0200597 0.00753471 0.0189351 0.0182075 0.0093331 0.0172309 0.0143952 0.0183784 0.00860046 0.0164149 0.00776297 0.0117511 0.0115245 0.0115239 0.00571812 0.00574537 0.00864006 0.0100507 
Throughputs: 1.7367 1.60563 2.99827 1.60563 1.47456 2.08077 3.7847 1.42541 1.78586 2.65421 1.52371 2.9655 2.01523 1.93331 3.67002 2.8672 2.83443 2.09715 2.75251 2.16269 3.29318 3.24403 2.11354 1.90054 1.90054 1.57286 2.57229 1.55648 3.42426 2.12992 
Utility: 5.01576 5.63379 5.006 4.80115 5.31819 5.13747 5.35315 4.703 5.33352 6.06633 4.66145 5.32728 4.60978 5.54747 5.26693 5.05926 5.71603 4.80163 5.25338 4.76793 5.94779 5.28638 5.60675 5.08594 5.10542 4.91623 6.10891 5.60179 5.98223 5.3562 

--------------------------------------
Time: 21.5037
Split Ratios: 1 1 0.553 0.447 0.85 0.15 1 0.875 0.125 0.272 0.012 0.373 0.343 1 1 0.915 0.085 1 0.054 0.514 0.155 0.02 0.257 1 0.608 0.392 0.194 0.181 0.625 0.436 0.195 0.308 0.06 0.042 0.167 0.792 1 0.524 0.476 0.642 0.358 1 0.364 0.636 0.612 0.388 0.39 0.55 0.05 0.01 1 1 1 1 0.549 0.451 1 
Delays: 0.011497 0.0057312 0.0195796 0.0132462 0.00721364 0.0120727 0.0177499 0.0129157 0.0086309 0.00625104 0.0143667 0.0145007 0.020105 0.00751247 0.0190457 0.0180581 0.00920148 0.0172044 0.0143459 0.018955 0.00857576 0.016152 0.00773987 0.0116797 0.0115166 0.0114759 0.00572334 0.00576444 0.00869455 0.010054 
Throughputs: 1.62202 1.70394 2.75251 1.86778 1.45818 2.03162 3.21126 1.60563 1.81862 2.37568 1.90054 2.99827 2.12992 2.22822 3.65363 2.65421 2.26099 1.93331 2.26099 2.21184 2.9655 3.55533 2.32653 2.08077 1.86778 1.93331 2.88358 1.47456 3.67002 2.32653 
Utility: 4.94934 5.69477 4.94578 4.94879 5.30897 5.12564 5.19804 4.82283 5.35049 5.94029 4.88498 5.33159 4.66287 5.6924 5.25664 4.99031 5.5042 4.72183 5.0601 4.75951 5.84586 5.39416 5.70575 5.18264 5.08871 5.12674 6.22224 5.54441 6.04526 5.44417 

--------------------------------------
Time: 22.0038
Split Ratios: 1 1 0.553 0.447 0.85 0.15 1 0.875 0.125 0.272 0.012 0.373 0.343 1 1 0.915 0.085 1 0.054 0.514 0.155 0.02 0.257 1 0.608 0.392 0.194 0.181 0.625 0.436 0.195 0.308 0.06 0.042 0.167 0.792 1 0.524 0.476 0.642 0.358 1 0.364 0.636 0.612 0.388 0.39 0.55 0.05 0.01 1 1 1 1 0.549 0.451 1 
Delays: 0.0115151 0.00573264 0.0195605 0.0132078 0.00721032 0.0123816 0.017898 0.0128894 0.00860788 0.00636594 0.014398 0.0150382 0.0200948 0.00769525 0.0191058 0.0177319 0.00932996 0.0172255 0.0143496 0.0185156 0.00859294 0.0166779 0.00774111 0.0116931 0.011517 0.0115081 0.00573078 0.00575471 0.00868813 0.0100631 
Throughputs: 1.81862 1.62202 2.73613 1.68755 1.42541 2.06438 3.39149 1.58925 1.98246 2.57229 2.048 3.08019 1.96608 1.90054 3.3751 2.47398 2.3593 2.048 2.60506 2.27738 2.88358 3.26042 2.17907 2.58867 1.6384 1.91693 2.65421 1.60563 3.42426 2.21184 
Utility: 5.06218 5.64525 4.94079 4.85023 5.2867 5.11637 5.24434 4.81461 5.43942 6.00159 4.95753 5.32216 4.58334 5.50929 5.17419 4.93822 5.53289 4.77823 5.20149 4.81217 5.81585 5.27553 5.64011 5.3999 4.95765 5.11543 6.13805 5.63125 5.97668 5.39271 

--------------------------------------
Time: 22.5039
Split Ratios: 1 1 0.553 0.447 0.85 0.15 1 0.875 0.125 0.272 0.012 0.373 0.343 1 1 0.915 0.085 1 0.054 0.514 0.155 0.02 0.257 1 0.608 0.392 0.194 0.181 0.625 0.436 0.195 0.308 0.06 0.042 0.167 0.792 1 0.524 0.476 0.642 0.358 1 0.364 0.636 0.612 0.388 0.39 0.55 0.05 0.01 1 1 1 1 0.549 0.451 1 
Delays: 0.0115434 0.00578258 0.0203513 0.0132969 0.00722185 0.0121401 0.0181582 0.0129313 0.00862007 0.00596524 0.014377 0.0148084 0.0201117 0.00721773 0.019009 0.0179923 0.00931978 0.0171993 0.0143612 0.0189095 0.00856208 0.0164449 0.00769972 0.0121252 0.0115201 0.0114838 0.00572857 0.00576486 0.00867235 0.0100093 
Throughputs: 1.78586 1.65478 3.19488 1.62202 1.50733 1.76947 3.6864 1.58925 1.85139 2.60506 1.75309 2.94912 2.27738 1.49094 3.45702 3.14573 2.42483 1.93331 2.52314 2.32653 3.1785 3.5881 2.19546 2.09715 1.76947 1.65478 2.7689 1.75309 3.60448 1.80224 
Utility: 5.04154 5.65658 5.05616 4.8039 5.34098 4.98193 5.31329 4.81136 5.3696 6.07926 4.8035 5.29407 4.72948 5.33062 5.20325 5.16385 5.56138 4.72212 5.16873 4.81247 5.91682 5.38536 5.65296 5.15305 5.03434 4.97049 6.18074 5.71735 6.02979 5.19327 

--------------------------------------
Time: 23.004
Split Ratios: 1 1 0.553 0.447 0.85 0.15 1 0.875 0.125 0.272 0.012 0.373 0.343 1 1 0.915 0.085 1 0.054 0.514 0.155 0.02 0.257 1 0.608 0.392 0.194 0.181 0.625 0.436 0.195 0.308 0.06 0.042 0.167 0.792 1 0.524 0.476 0.642 0.358 1 0.364 0.636 0.612 0.388 0.39 0.55 0.05 0.01 1 1 1 1 0.549 0.451 1 
Delays: 0.0114855 0.00577729 0.0196906 0.013163 0.00721328 0.0119678 0.0176304 0.0129542 0.00863416 0.00645417 0.0143995 0.0147721 0.0200827 0.00779574 0.0191938 0.0184485 0.0094139 0.0171863 0.0143652 0.0183409 0.00857974 0.0164399 0.007804 0.0116299 0.0115724 0.0115053 0.0057126 0.0057585 0.00863183 0.0100471 
Throughputs: 1.68755 1.93331 2.91635 1.55648 1.26157 2.19546 3.44064 1.6384 1.91693 2.19546 1.9497 3.03104 1.98246 2.048 3.12934 2.57229 2.42483 1.88416 3.2768 2.11354 3.01466 3.48979 1.75309 1.99885 1.96608 1.67117 2.27738 1.50733 3.19488 2.29376 
Utility: 4.98995 5.81305 4.99795 4.77277 5.16419 5.21192 5.27379 4.84005 5.40275 5.82942 4.90823 5.32392 4.59224 5.57104 5.09399 4.93757 5.55133 4.69712 5.42981 4.74699 5.86184 5.35788 5.4145 5.14675 5.13517 4.97847 5.98811 5.56742 5.91385 5.43067 

--------------------------------------
Time: 23.5041
Split Ratios: 1 1 0.553 0.447 0.85 0.15 1 0.875 0.125 0.272 0.012 0.373 0.343 1 1 0.915 0.085 1 0.054 0.514 0.155 0.02 0.257 1 0.608 0.392 0.194 0.181 0.625 0.436 0.195 0.308 0.06 0.042 0.167 0.792 1 0.524 0.476 0.642 0.358 1 0.364 0.636 0.612 0.388 0.39 0.55 0.05 0.01 1 1 1 1 0.549 0.451 1 
Delays: 0.0115008 0.00576524 0.0197085 0.0131311 0.00717893 0.0120056 0.0179445 0.0128663 0.00864853 0.00636089 0.0143839 0.0147008 0.0201166 0.00740276 0.0188244 0.0182726 0.00915634 0.0172395 0.0143384 0.0187305 0.00856349 0.0165103 0.00771465 0.0117983 0.0115269 0.011472 0.00572398 0.00575383 0.00867433 0.0100641 
Throughputs: 1.58925 1.58925 2.53952 1.40902 1.6384 2.3593 3.48979 1.44179 1.93331 2.09715 2.03162 2.9655 2.01523 1.83501 3.26042 2.88358 2.57229 2.09715 2.12992 1.96608 2.81805 3.2768 1.98246 1.83501 1.78586 1.81862 2.93274 1.50733 3.30957 2.11354 
Utility: 4.9286 5.61917 4.85868 4.67567 5.43033 5.28074 5.27032 4.71903 5.4096 5.79817 4.95048 5.3069 4.60695 5.51295 5.15445 5.06139 5.6381 4.80113 5.0009 4.65364 5.79629 5.29064 5.54897 5.04684 5.04297 5.06593 6.23903 5.56823 5.9442 5.34715 

--------------------------------------
Time: 24.0044
Split Ratios: 1 1 0.553 0.447 0.85 0.15 1 0.875 0.125 0.272 0.012 0.373 0.343 1 1 0.915 0.085 1 0.054 0.514 0.155 0.02 0.257 1 0.608 0.392 0.194 0.181 0.625 0.436 0.195 0.308 0.06 0.042 0.167 0.792 1 0.524 0.476 0.642 0.358 1 0.364 0.636 0.612 0.388 0.39 0.55 0.05 0.01 1 1 1 1 0.549 0.451 1 
Delays: 0.0115462 0.00575976 0.0201455 0.0133048 0.00725483 0.0123209 0.0177624 0.0128906 0.00861877 0.00628725 0.0144119 0.014453 0.0200482 0.00769764 0.0190631 0.0180422 0.00906985 0.0172766 0.0143404 0.0187314 0.00857706 0.0164403 0.00786689 0.0118343 0.0115483 0.01149 0.00572604 0.00574721 0.00866998 0.0100369 
Throughputs: 1.62202 1.57286 2.80166 1.9497 1.70394 2.11354 3.5881 1.65478 2.01523 2.26099 1.86778 3.09658 2.26099 2.048 3.06381 2.8672 2.53952 2.1463 2.85082 2.75251 3.03104 3.35872 2.22822 2.24461 1.80224 2.048 2.75251 1.83501 3.44064 2.31014 
Utility: 4.94507 5.60976 4.93499 4.9873 5.45903 5.14482 5.30829 4.85493 5.45455 5.88503 4.86445 5.36715 4.72542 5.58371 5.07966 5.06838 5.63477 4.82215 5.29228 4.99007 5.86757 5.31958 5.6463 5.24528 5.05025 5.18314 6.17525 5.76609 5.98355 5.4388 

--------------------------------------
Time: 24.5046
Split Ratios: 1 1 0.553 0.447 0.85 0.15 1 0.875 0.125 0.272 0.012 0.373 0.343 1 1 0.915 0.085 1 0.054 0.514 0.155 0.02 0.257 1 0.608 0.392 0.194 0.181 0.625 0.436 0.195 0.308 0.06 0.042 0.167 0.792 1 0.524 0.476 0.642 0.358 1 0.364 0.636 0.612 0.388 0.39 0.55 0.05 0.01 1 1 1 1 0.549 0.451 1 
Delays: 0.0115228 0.00573508 0.0199249 0.013308 0.00721024 0.0123862 0.0170508 0.0128839 0.00863844 0.00619265 0.0143454 0.0143964 0.0200332 0.00731738 0.018909 0.017811 0.00957516 0.0172001 0.0143276 0.0185712 0.00856343 0.016398 0.00781223 0.0116167 0.011527 0.011479 0.0057158 0.00575933 0.00868506 0.0100398 
Throughputs: 1.78586 1.44179 2.85082 1.57286 1.57286 2.01523 3.40787 1.57286 1.67117 2.8672 1.75309 3.30957 1.9497 2.11354 3.44064 2.8672 2.58867 1.88416 2.49037 2.048 3.04742 3.29318 2.17907 1.98246 1.86778 1.67117 2.98189 1.9497 3.57171 2.22822 
Utility: 5.04333 5.52704 4.96339 4.77229 5.38515 5.09191 5.29765 4.80467 5.26506 6.13773 4.8057 5.4376 4.57804 5.66587 5.20377 5.08127 5.59973 4.69632 5.158 4.70301 5.87455 5.30245 5.63096 5.13965 5.08781 4.98076 6.25708 5.82461 6.0192 5.40241 

--------------------------------------
Time: 25.0046
Split Ratios: 1 1 0.553 0.447 0.85 0.15 1 0.875 0.125 0.272 0.012 0.373 0.343 1 1 0.915 0.085 1 0.054 0.514 0.155 0.02 0.257 1 0.608 0.392 0.194 0.181 0.625 0.436 0.195 0.308 0.06 0.042 0.167 0.792 1 0.524 0.476 0.642 0.358 1 0.364 0.636 0.612 0.388 0.39 0.55 0.05 0.01 1 1 1 1 0.549 0.451 1 
Delays: 0.0115178 0.00575354 0.0198014 0.0132287 0.00721893 0.0119388 0.0175804 0.0129079 0.00865377 0.00595431 0.0144463 0.0147062 0.0201564 0.00746929 0.0191736 0.0178452 0.00941181 0.0172709 0.0143232 0.0191778 0.0085796 0.0163492 0.00784168 0.0113631 0.0115001 0.0114915 0.00571699 0.00573038 0.0086677 0.0100576 
Throughputs: 1.90054 1.67117 2.80166 1.55648 1.49094 2.22822 3.93216 1.39264 1.93331 2.24461 1.9497 2.94912 2.81805 2.12992 3.3751 2.99827 2.27738 1.99885 2.44122 2.32653 2.68698 3.48979 1.88416 1.99885 1.85139 1.85139 3.03104 1.58925 3.08019 2.34291 
Utility: 5.106 5.67146 4.95222 4.76779 5.33046 5.22916 5.41016 4.68112 5.409 5.93217 4.90499 5.30099 4.94028 5.65304 5.17065 5.12406 5.48881 4.7513 5.13837 4.79838 5.74678 5.36342 5.48178 5.16996 5.08134 5.08208 6.27322 5.62523 5.87314 5.45083 

--------------------------------------
Time: 25.5046
Split Ratios: 1 1 0.553 0.447 0.85 0.15 1 0.875 0.125 0.272 0.012 0.373 0.343 1 1 0.915 0.085 1 0.054 0.514 0.155 0.02 0.257 1 0.608 0.392 0.194 0.181 0.625 0.436 0.195 0.308 0.06 0.042 0.167 0.792 1 0.524 0.476 0.642 0.358 1 0.364 0.636 0.612 0.388 0.39 0.55 0.05 0.01 1 1 1 1 0.549 0.451 1 
Delays: 0.0114845 0.00575198 0.0201936 0.0132476 0.00722006 0.012197 0.0183629 0.0129546 0.0086275 0.00636754 0.014372 0.0146135 0.0200632 0.00751466 0.0196036 0.0180322 0.00951193 0.0172682 0.0144031 0.0187626 0.00858525 0.016189 0.00778157 0.0119455 0.011499 0.0114904 0.00571709 0.00576107 0.00865775 0.0100452 
Throughputs: 1.98246 1.96608 2.75251 1.72032 1.65478 2.03162 3.30957 1.88416 1.81862 2.52314 1.98246 3.32595 2.03162 2.08077 3.48979 2.91635 2.40845 2.29376 2.68698 2.27738 3.14573 3.1785 2.19546 2.17907 1.96608 1.5401 2.49037 1.55648 3.1785 2.31014 
Utility: 5.15109 5.83425 4.9149 4.86645 5.43456 5.11539 5.19424 4.97979 5.35088 5.98204 4.92682 5.42756 4.6177 5.62364 5.18188 5.08593 5.53419 4.88908 5.22873 4.79891 5.90375 5.27983 5.64239 5.2063 5.14154 4.89809 6.07673 5.59906 5.90571 5.43797 

--------------------------------------
Time: 26.0048
Split Ratios: 1 1 0.553 0.447 0.85 0.15 1 0.875 0.125 0.272 0.012 0.373 0.343 1 1 0.915 0.085 1 0.054 0.514 0.155 0.02 0.257 1 0.608 0.392 0.194 0.181 0.625 0.436 0.195 0.308 0.06 0.042 0.167 0.792 1 0.524 0.476 0.642 0.358 1 0.364 0.636 0.612 0.388 0.39 0.55 0.05 0.01 1 1 1 1 0.549 0.451 1 
Delays: 0.0115144 0.00574831 0.0201758 0.0132519 0.00718751 0.0118776 0.0181126 0.012897 0.0086471 0.00614102 0.0144111 0.0143678 0.0200956 0.00748464 0.0186971 0.018098 0.00944039 0.0172313 0.0143556 0.0189197 0.00859555 0.0165395 0.0076985 0.0116859 0.0115772 0.0114504 0.00573793 0.00575302 0.00863849 0.0100379 
Throughputs: 1.67117 1.55648 2.50675 1.52371 1.42541 2.17907 3.63725 1.40902 2.21184 2.44122 1.81862 3.14573 2.34291 1.9497 3.35872 2.63782 2.47398 1.78586 2.58867 2.53952 3.2768 3.55533 2.52314 1.98246 1.80224 1.76947 2.83443 1.81862 3.2768 2.34291 
Utility: 4.97768 5.60128 4.82226 4.74476 5.28987 5.212 5.30237 4.69365 5.54436 5.98526 4.83784 5.38881 4.75865 5.56258 5.19095 4.98191 5.56859 4.64093 5.19476 4.89953 5.94338 5.37045 5.79223 5.13372 5.04774 5.04041 6.2025 5.75611 5.93839 5.45278 

--------------------------------------
Time: 26.5048
Split Ratios: 1 1 0.553 0.447 0.85 0.15 1 0.875 0.125 0.272 0.012 0.373 0.343 1 1 0.915 0.085 1 0.054 0.514 0.155 0.02 0.257 1 0.608 0.392 0.194 0.181 0.625 0.436 0.195 0.308 0.06 0.042 0.167 0.792 1 0.524 0.476 0.642 0.358 1 0.364 0.636 0.612 0.388 0.39 0.55 0.05 0.01 1 1 1 1 0.549 0.451 1 
Delays: 0.0115735 0.00576292 0.0199357 0.0132317 0.00719934 0.0123053 0.01789 0.0129019 0.00863181 0.00632964 0.014391 0.0147327 0.0200594 0.00771183 0.0191865 0.0177301 0.00931088 0.0172602 0.0143267 0.0188157 0.0085786 0.0164053 0.00771378 0.0118203 0.0115381 0.0114686 0.00572079 0.00571855 0.00866748 0.0100403 
Throughputs: 1.60563 1.57286 2.75251 1.65478 1.2288 2.17907 3.39149 1.67117 1.83501 2.60506 1.81862 3.04742 1.86778 1.93331 3.63725 2.91635 2.3593 1.96608 2.49037 2.17907 3.21126 3.34234 2.32653 1.78586 1.81862 1.5401 2.63782 1.5401 3.53894 2.27738 
Utility: 4.93255 5.60921 4.92776 4.82881 5.1398 5.17662 5.24478 4.86391 5.35935 6.01997 4.83923 5.33198 4.53381 5.52423 5.24478 5.10282 5.53493 4.73539 5.15806 4.75196 5.92515 5.31682 5.70912 5.01783 5.06018 4.89999 6.1336 5.59588 6.01201 5.42418 

--------------------------------------
Time: 27.0049
Split Ratios: 1 1 0.553 0.447 0.85 0.15 1 0.875 0.125 0.272 0.012 0.373 0.343 1 1 0.915 0.085 1 0.054 0.514 0.155 0.02 0.257 1 0.608 0.392 0.194 0.181 0.625 0.436 0.195 0.308 0.06 0.042 0.167 0.792 1 0.524 0.476 0.642 0.358 1 0.364 0.636 0.612 0.388 0.39 0.55 0.05 0.01 1 1 1 1 0.549 0.451 1 
Delays: 0.0115318 0.00573531 0.0198216 0.0131892 0.00716928 0.0118747 0.0180647 0.0129005 0.0086503 0.00614244 0.0144267 0.0145654 0.0200407 0.00738033 0.0195762 0.0181575 0.00983869 0.0171972 0.014377 0.0189029 0.00857792 0.0162877 0.00772685 0.0119242 0.0114919 0.0114536 0.00571204 0.00575663 0.00866491 0.0100188 
Throughputs: 1.80224 1.40902 2.83443 1.70394 1.67117 1.75309 3.7847 1.40902 1.72032 2.44122 1.9497 2.91635 2.12992 2.31014 3.09658 2.50675 2.4576 1.76947 2.68698 2.12992 2.98189 3.3751 2.32653 2.09715 1.80224 1.58925 2.65421 1.81862 3.19488 1.81862 
Utility: 5.05168 5.50401 4.96283 4.8613 5.45147 4.99472 5.34476 4.69339 5.29267 5.98503 4.90635 5.29944 4.66607 5.74625 5.06374 4.92766 5.52062 4.63369 5.23054 4.72452 5.85112 5.33377 5.70743 5.16976 5.05515 4.93271 6.14132 5.75548 5.91002 5.20137 

--------------------------------------
Time: 27.5049
Split Ratios: 1 1 0.553 0.447 0.85 0.15 1 0.875 0.125 0.272 0.012 0.373 0.343 1 1 0.915 0.085 1 0.054 0.514 0.155 0.02 0.257 1 0.608 0.392 0.194 0.181 0.625 0.436 0.195 0.308 0.06 0.042 0.167 0.792 1 0.524 0.476 0.642 0.358 1 0.364 0.636 0.612 0.388 0.39 0.55 0.05 0.01 1 1 1 1 0.549 0.451 1 
Delays: 0.0115154 0.00574257 0.0201294 0.0131685 0.00718668 0.0119891 0.0177946 0.0128911 0.00865694 0.00607197 0.0144332 0.0152147 0.0201036 0.00734556 0.0187296 0.0182675 0.00960802 0.0171821 0.0143613 0.0188374 0.00857824 0.0166341 0.00786755 0.0116932 0.0115309 0.0114699 0.00571469 0.00573698 0.00864681 0.0100087 
Throughputs: 1.96608 1.60563 2.94912 1.83501 1.3271 2.3593 3.40787 1.86778 1.78586 2.58867 2.03162 3.42426 2.32653 1.55648 2.9655 2.88358 2.11354 1.96608 2.80166 2.17907 3.11296 3.48979 2.24461 2.048 1.70394 1.5401 2.83443 1.39264 3.26042 1.99885 
Utility: 5.14011 5.63337 4.98708 4.93697 5.21853 5.28212 5.25495 4.97596 5.32929 6.05522 4.94705 5.41638 4.75124 5.35609 5.0647 5.06166 5.39352 4.73993 5.27343 4.75081 5.8941 5.34614 5.65354 5.16561 4.99566 4.89988 6.20656 5.49202 5.93242 5.29687 

--------------------------------------
Time: 28.0053
Split Ratios: 1 1 0.553 0.447 0.85 0.15 1 0.875 0.125 0.272 0.012 0.373 0.343 1 1 0.915 0.085 1 0.054 0.514 0.155 0.02 0.257 1 0.608 0.392 0.194 0.181 0.625 0.436 0.195 0.308 0.06 0.042 0.167 0.792 1 0.524 0.476 0.642 0.358 1 0.364 0.636 0.612 0.388 0.39 0.55 0.05 0.01 1 1 1 1 0.549 0.451 1 
Delays: 0.011561 0.00573792 0.0201183 0.013242 0.00724631 0.0121073 0.0172928 0.0128727 0.00863318 0.00611099 0.0143607 0.0146775 0.0200743 0.00750262 0.0190998 0.0179629 0.00908731 0.0172666 0.0143408 0.0186503 0.00856584 0.0161294 0.00777378 0.0118808 0.0115106 0.0114772 0.00571248 0.00573706 0.0086635 0.0100234 
Throughputs: 1.68755 1.58925 2.47398 1.72032 1.45818 1.83501 3.89939 1.75309 1.72032 2.27738 1.75309 2.88358 1.98246 2.06438 3.48979 2.75251 2.4576 1.81862 2.63782 2.34291 3.22765 3.21126 2.17907 2.06438 1.67117 1.6384 2.73613 1.91693 3.32595 2.1463 
Utility: 4.98339 5.62392 4.81196 4.86687 5.30445 5.02099 5.41828 4.91403 5.29465 5.92069 4.80464 5.28047 4.59265 5.61734 5.20792 5.03196 5.60006 4.65706 5.2146 4.83329 5.93173 5.29378 5.6359 5.15767 4.97801 4.96111 6.17165 5.81153 5.95039 5.36658 

--------------------------------------
Time: 28.5054
Split Ratios: 1 1 0.553 0.447 0.85 0.15 1 0.875 0.125 0.272 0.012 0.373 0.343 1 1 0.915 0.085 1 0.054 0.514 0.155 0.02 0.257 1 0.608 0.392 0.194 0.181 0.625 0.436 0.195 0.308 0.06 0.042 0.167 0.792 1 0.524 0.476 0.642 0.358 1 0.364 0.636 0.612 0.388 0.39 0.55 0.05 0.01 1 1 1 1 0.549 0.451 1 
Delays: 0.0114669 0.00572111 0.0197994 0.0132751 0.00720812 0.012268 0.0182896 0.012854 0.00861529 0.0063503 0.0143798 0.0148426 0.0200873 0.00768928 0.0192602 0.0181032 0.00925752 0.0172113 0.0143047 0.0185541 0.00856413 0.0163341 0.0078809 0.011808 0.0114834 0.0115069 0.00571082 0.00573952 0.00865093 0.0100403 
Throughputs: 1.47456 1.78586 2.5559 1.68755 1.67117 2.5559 3.42426 1.50733 1.90054 2.17907 1.58925 3.60448 2.21184 1.62202 3.16211 2.65421 2.44122 2.06438 2.37568 2.42483 3.11296 3.60448 2.08077 2.08077 1.85139 1.7367 2.7689 1.55648 3.34234 2.16269 
Utility: 4.85665 5.74349 4.86051 4.84515 5.44607 5.33917 5.2323 4.76444 5.39636 5.83815 4.70519 5.49243 4.70149 5.3516 5.10096 4.98781 5.57482 4.78702 5.11245 4.87283 5.89575 5.39668 5.57605 5.17172 5.08279 5.0168 6.18384 5.60281 5.95676 5.3725 

--------------------------------------
Time: 29.0054
Split Ratios: 1 1 0.553 0.447 0.85 0.15 1 0.875 0.125 0.272 0.012 0.373 0.343 1 1 0.915 0.085 1 0.054 0.514 0.155 0.02 0.257 1 0.608 0.392 0.194 0.181 0.625 0.436 0.195 0.308 0.06 0.042 0.167 0.792 1 0.524 0.476 0.642 0.358 1 0.364 0.636 0.612 0.388 0.39 0.55 0.05 0.01 1 1 1 1 0.549 0.451 1 
Delays: 0.0114773 0.00575854 0.0204736 0.013284 0.00720456 0.0125777 0.0180146 0.0128499 0.00864958 0.00611847 0.0143854 0.0143505 0.0201186 0.00765403 0.0192636 0.0178643 0.00882429 0.0172452 0.014341 0.0187938 0.00857431 0.0168416 0.00766617 0.0115892 0.0115476 0.0114921 0.00571517 0.0057547 0.00866623 0.010053 
Throughputs: 1.58925 1.7367 2.31014 1.35987 1.34349 2.12992 3.12934 1.42541 2.03162 2.4576 1.96608 2.99827 2.34291 1.93331 3.08019 2.80166 2.24461 1.91693 2.88358 2.21184 2.98189 3.34234 1.9497 1.9497 2.34291 2.03162 2.67059 1.6384 3.11296 2.40845 
Utility: 4.93065 5.70906 4.72593 4.62859 5.22831 5.13192 5.1574 4.70887 5.45908 5.99563 4.91759 5.34201 4.7575 5.53176 5.07453 5.05517 5.53878 4.71094 5.30367 4.76806 5.85154 5.29057 5.53861 5.12535 5.31267 5.17493 6.14693 5.65146 5.8839 5.47887 

--------------------------------------
Time: 29.5055
Split Ratios: 1 1 0.553 0.447 0.85 0.15 1 0.875 0.125 0.272 0.012 0.373 0.343 1 1 0.915 0.085 1 0.054 0.514 0.155 0.02 0.257 1 0.608 0.392 0.194 0.181 0.625 0.436 0.195 0.308 0.06 0.042 0.167 0.792 1 0.524 0.476 0.642 0.358 1 0.364 0.636 0.612 0.388 0.39 0.55 0.05 0.01 1 1 1 1 0.549 0.451 1 
Delays: 0.0115208 0.00575293 0.0200205 0.0131458 0.00720142 0.0119071 0.0176219 0.0129316 0.00863938 0.0063525 0.0143782 0.0145459 0.0200678 0.00759923 0.019105 0.0181561 0.00931655 0.017235 0.014354 0.018591 0.00856859 0.0164641 0.00779854 0.0117326 0.0114955 0.0114838 0.00573002 0.00575009 0.00865545 0.0100281 
Throughputs: 1.72032 1.58925 2.88358 1.96608 1.44179 2.3593 3.47341 1.34349 1.99885 2.32653 1.7367 3.26042 1.86778 1.85139 2.99827 2.80166 2.62144 2.09715 2.53952 1.9497 3.11296 2.98189 2.12992 2.03162 1.65478 1.78586 3.04742 1.75309 3.55533 2.048 
Utility: 5.00612 5.62131 4.97003 5.00769 5.29936 5.28898 5.28375 4.64335 5.444 5.90328 4.79403 5.4123 4.53339 5.49565 5.05584 5.03896 5.63969 4.80139 5.1757 4.65275 5.89523 5.19913 5.6099 5.15421 4.96947 5.04671 6.27633 5.71992 6.01801 5.31922 

--------------------------------------
Time: 30.0055
Split Ratios: 1 1 0.553 0.447 0.85 0.15 1 0.875 0.125 0.272 0.012 0.373 0.343 1 1 0.915 0.085 1 0.054 0.514 0.155 0.02 0.257 1 0.608 0.392 0.194 0.181 0.625 0.436 0.195 0.308 0.06 0.042 0.167 0.792 1 0.524 0.476 0.642 0.358 1 0.364 0.636 0.612 0.388 0.39 0.55 0.05 0.01 1 1 1 1 0.549 0.451 1 
Delays: 0.0115055 0.00571968 0.0197536 0.0132804 0.00726165 0.0119631 0.0178467 0.0129526 0.00861457 0.00616171 0.0143622 0.0151124 0.0200753 0.00770671 0.0192448 0.0181402 0.00942791 0.0172099 0.0144295 0.0188504 0.00858417 0.016597 0.00778425 0.0120314 0.0115051 0.011459 0.0057147 0.0057315 0.00878093 0.0100009 
Throughputs: 1.57286 1.49094 2.8672 1.68755 1.44179 2.09715 3.24403 1.78586 1.5401 2.44122 1.83501 3.01466 2.37568 2.37568 3.71917 3.12934 2.70336 1.88416 2.57229 2.40845 2.71974 3.47341 2.048 2.40845 1.80224 1.93331 3.35872 1.57286 3.80109 2.1463 
Utility: 4.91783 5.56325 4.97776 4.84475 5.29103 5.16651 5.20275 4.92636 5.18615 5.9819 4.8502 5.29573 4.77355 5.73095 5.26402 5.15045 5.65858 4.69575 5.18328 4.85021 5.75837 5.34367 5.57252 5.29922 5.054 5.12821 6.37627 5.61468 6.07046 5.36883 

--------------------------------------
Time: 30.5062
Split Ratios: 1 1 0.553 0.447 0.85 0.15 1 0.875 0.125 0.272 0.012 0.373 0.343 1 1 0.915 0.085 1 0.054 0.514 0.155 0.02 0.257 1 0.608 0.392 0.194 0.181 0.625 0.436 0.195 0.308 0.06 0.042 0.167 0.792 1 0.524 0.476 0.642 0.358 1 0.364 0.636 0.612 0.388 0.39 0.55 0.05 0.01 1 1 1 1 0.549 0.451 1 
Delays: 0.0115259 0.00574651 0.0199816 0.013144 0.0071924 0.0122017 0.0179678 0.0128823 0.00865851 0.00623525 0.0144189 0.0149766 0.0200777 0.00751966 0.0190987 0.0179764 0.0092319 0.0172479 0.0143844 0.0187669 0.00858697 0.016356 0.00776696 0.0117707 0.0115147 0.0114845 0.00571779 0.00573922 0.00865171 0.0100272 
Throughputs: 1.78586 1.81862 2.88358 1.70394 1.44179 2.27738 3.63725 1.60563 1.98246 2.39206 2.01523 3.2768 2.12992 2.09715 3.60448 2.81805 2.53952 2.09715 2.78528 1.99885 3.2768 3.50618 2.21184 2.08077 1.83501 1.78586 3.03104 1.57286 3.2768 2.01523 
Utility: 5.04306 5.75724 4.97198 4.86473 5.30062 5.22921 5.3104 4.82542 5.43355 5.94969 4.93995 5.38813 4.66423 5.63081 5.24031 5.05474 5.61707 4.80064 5.26596 4.66823 5.94438 5.36768 5.6517 5.17488 5.07118 5.04665 6.27308 5.61333 5.93687 5.30319 

--------------------------------------
Time: 31.0063
Split Ratios: 1 1 0.553 0.447 0.85 0.15 1 0.875 0.125 0.272 0.012 0.373 0.343 1 1 0.915 0.085 1 0.054 0.514 0.155 0.02 0.257 1 0.608 0.392 0.194 0.181 0.625 0.436 0.195 0.308 0.06 0.042 0.167 0.792 1 0.524 0.476 0.642 0.358 1 0.364 0.636 0.612 0.388 0.39 0.55 0.05 0.01 1 1 1 1 0.549 0.451 1 
Delays: 0.0114816 0.00573668 0.0205255 0.013249 0.00723194 0.0122462 0.0178385 0.012889 0.00862862 0.00620674 0.0143911 0.0144798 0.0200544 0.00745948 0.019544 0.0179607 0.00935569 0.017246 0.0143306 0.0189221 0.00859204 0.0167471 0.00770653 0.0115001 0.0115293 0.0115111 0.00570791 0.00575397 0.00866596 0.0100643 
Throughputs: 1.62202 1.55648 2.83443 1.68755 1.68755 2.1463 3.45702 1.58925 1.81862 2.32653 1.39264 3.01466 2.34291 2.01523 3.35872 2.93274 2.21184 1.7367 2.50675 2.27738 3.50618 3.44064 2.09715 2.21184 1.78586 1.75309 2.49037 1.70394 3.26042 2.19546 
Utility: 4.95068 5.6033 4.92793 4.84711 5.45253 5.16629 5.2668 4.81464 5.35075 5.9265 4.57234 5.33849 4.7607 5.599 5.14665 5.0955 5.4656 4.61216 5.16435 4.79045 6.01145 5.32519 5.60627 5.25922 5.04276 5.02582 6.07833 5.69081 5.93021 5.38515 

--------------------------------------
Time: 31.5065
Split Ratios: 1 1 0.553 0.447 0.85 0.15 1 0.875 0.125 0.272 0.012 0.373 0.343 1 1 0.915 0.085 1 0.054 0.514 0.155 0.02 0.257 1 0.608 0.392 0.194 0.181 0.625 0.436 0.195 0.308 0.06 0.042 0.167 0.792 1 0.524 0.476 0.642 0.358 1 0.364 0.636 0.612 0.388 0.39 0.55 0.05 0.01 1 1 1 1 0.549 0.451 1 
Delays: 0.011519 0.00575492 0.0196757 0.0131701 0.00725203 0.0119955 0.0175779 0.0129402 0.00864398 0.00640439 0.0143848 0.0148036 0.0200585 0.00757628 0.0188914 0.0182983 0.00953067 0.0172511 0.014331 0.0188255 0.00857529 0.0168691 0.00777737 0.0119734 0.0115148 0.0114768 0.00574808 0.00574212 0.00864958 0.0100196 
Throughputs: 1.96608 1.55648 2.7689 1.70394 1.44179 2.11354 3.44064 1.62202 1.90054 2.24461 1.70394 3.16211 2.11354 1.9497 3.32595 2.91635 2.1463 2.048 2.40845 2.42483 3.06381 3.35872 1.96608 2.17907 2.06438 1.65478 3.06381 1.52371 3.30957 2.29376 
Utility: 5.1398 5.60013 4.94682 4.86275 5.29236 5.17159 5.27677 4.83109 5.39303 5.8593 4.77452 5.36412 4.65746 5.55041 5.17081 5.07128 5.41699 4.77674 5.12431 4.8583 5.87853 5.29383 5.53258 5.20397 5.18895 4.9711 6.27855 5.58108 5.94706 5.4334 

--------------------------------------
Time: 32.0065
Split Ratios: 1 1 0.553 0.447 0.85 0.15 1 0.875 0.125 0.272 0.012 0.373 0.343 1 1 0.915 0.085 1 0.054 0.514 0.155 0.02 0.257 1 0.608 0.392 0.194 0.181 0.625 0.436 0.195 0.308 0.06 0.042 0.167 0.792 1 0.524 0.476 0.642 0.358 1 0.364 0.636 0.612 0.388 0.39 0.55 0.05 0.01 1 1 1 1 0.549 0.451 1 
Delays: 0.0115674 0.00577861 0.0203391 0.0131846 0.00722475 0.0120423 0.0180706 0.0128481 0.00863274 0.00610625 0.0144118 0.014849 0.0200687 0.00744084 0.0187854 0.0179863 0.00980269 0.017226 0.0143519 0.0183485 0.00858008 0.0165467 0.0078368 0.0119733 0.0115035 0.0115047 0.0057058 0.0057215 0.00870905 0.0100306 
Throughputs: 1.86778 1.90054 2.53952 1.62202 1.42541 2.26099 3.67002 1.2288 1.93331 2.53952 2.03162 2.9655 1.98246 2.11354 3.09658 2.62144 2.34291 1.76947 2.60506 2.16269 3.1785 4.14515 1.91693 2.17907 1.76947 1.91693 2.47398 1.52371 3.70278 2.32653 
Utility: 5.08432 5.79573 4.82719 4.81238 5.2847 5.23513 5.31366 4.5606 5.41143 6.03042 4.94854 5.29687 4.59293 5.64913 5.10497 4.98187 5.47649 4.63201 5.20132 4.76956 5.91472 5.52351 5.49965 5.20397 5.03578 5.11572 6.0721 5.58467 6.05248 5.44649 

--------------------------------------
Time: 32.5065
Split Ratios: 1 1 0.553 0.447 0.85 0.15 1 0.875 0.125 0.272 0.012 0.373 0.343 1 1 0.915 0.085 1 0.054 0.514 0.155 0.02 0.257 1 0.608 0.392 0.194 0.181 0.625 0.436 0.195 0.308 0.06 0.042 0.167 0.792 1 0.524 0.476 0.642 0.358 1 0.364 0.636 0.612 0.388 0.39 0.55 0.05 0.01 1 1 1 1 0.549 0.451 1 
Delays: 0.0115292 0.00575753 0.0199234 0.0132843 0.00717732 0.0124138 0.0177645 0.012895 0.0086041 0.0061042 0.0143485 0.0147482 0.0201098 0.00751494 0.0187258 0.0181063 0.00929783 0.0172371 0.0143515 0.0186529 0.0085871 0.0165973 0.00770969 0.0118936 0.0115186 0.0114588 0.00574188 0.00577175 0.00866039 0.0100562 
Throughputs: 1.76947 1.35987 2.78528 1.86778 1.42541 2.3593 3.91578 1.45818 1.99885 2.3593 1.83501 2.91635 2.17907 1.85139 3.42426 2.62144 2.26099 1.88416 2.37568 2.06438 3.03104 3.45702 1.85139 1.72032 1.75309 1.60563 2.75251 1.52371 3.19488 2.40845 
Utility: 5.03355 5.46464 4.94021 4.94592 5.29129 5.24731 5.39557 4.7281 5.44809 5.95714 4.85116 5.28697 4.68545 5.5068 5.20874 4.97522 5.49378 4.69418 5.10918 4.70659 5.8664 5.33892 5.48122 4.97426 5.02517 4.94251 6.17248 5.57593 5.91055 5.47855 

--------------------------------------
Time: 33.0066
Split Ratios: 1 1 0.553 0.447 0.85 0.15 1 0.875 0.125 0.272 0.012 0.373 0.343 1 1 0.915 0.085 1 0.054 0.514 0.155 0.02 0.257 1 0.608 0.392 0.194 0.181 0.625 0.436 0.195 0.308 0.06 0.042 0.167 0.792 1 0.524 0.476 0.642 0.358 1 0.364 0.636 0.612 0.388 0.39 0.55 0.05 0.01 1 1 1 1 0.549 0.451 1 
Delays: 0.0115089 0.00575622 0.019927 0.0132237 0.00719891 0.0123591 0.0182602 0.0129108 0.0086378 0.00634188 0.0143746 0.0145449 0.0201015 0.00770699 0.0189756 0.0179355 0.00933803 0.0172648 0.0143806 0.0192146 0.00858226 0.0166985 0.00772029 0.011827 0.0115566 0.0114991 0.00573286 0.00573251 0.00867092 0.0100607 
Throughputs: 1.58925 1.70394 2.88358 1.31072 1.34349 1.98246 3.6864 1.49094 1.99885 2.67059 1.75309 2.62144 2.22822 1.81862 3.06381 2.52314 2.63782 2.03162 2.31014 2.22822 3.29318 3.63725 2.21184 2.048 2.048 1.67117 2.70336 1.47456 3.57171 2.67059 
Utility: 4.9279 5.69041 4.97471 4.59632 5.22909 5.07771 5.30768 4.7491 5.44418 6.04288 4.80367 5.19424 4.70816 5.46371 5.08426 4.94648 5.64361 4.76792 5.07918 4.75329 5.94991 5.38366 5.65773 5.15423 5.17736 4.97901 6.15604 5.54996 6.02083 5.58142 

--------------------------------------
Time: 33.5067
Split Ratios: 1 1 0.553 0.447 0.85 0.15 1 0.875 0.125 0.272 0.012 0.373 0.343 1 1 0.915 0.085 1 0.054 0.514 0.155 0.02 0.257 1 0.608 0.392 0.194 0.181 0.625 0.436 0.195 0.308 0.06 0.042 0.167 0.792 1 0.524 0.476 0.642 0.358 1 0.364 0.636 0.612 0.388 0.39 0.55 0.05 0.01 1 1 1 1 0.549 0.451 1 
Delays: 0.0115436 0.00573189 0.0197517 0.0132148 0.00721096 0.0120479 0.0179554 0.0128687 0.00861908 0.00616596 0.0143621 0.0145788 0.020067 0.00753178 0.0192749 0.0183723 0.00923705 0.0172576 0.0143797 0.0186448 0.00856817 0.0163577 0.00782905 0.0120172 0.0115203 0.0114813 0.00569666 0.00574194 0.00863712 0.0100639 
Throughputs: 1.81862 1.45818 2.49037 1.72032 1.50733 1.78586 3.70278 1.5401 1.72032 2.50675 1.78586 2.7689 2.37568 1.93331 3.3751 2.26099 2.37568 2.22822 2.3593 2.19546 2.93274 3.44064 2.34291 1.88416 1.81862 2.048 2.39206 1.68755 3.42426 2.4576 
Utility: 5.05971 5.5389 4.83695 4.86892 5.34249 4.99876 5.32895 4.78481 5.29629 6.0077 4.82306 5.24664 4.77396 5.54786 5.16538 4.81271 5.54982 4.86071 5.1003 4.76858 5.83564 5.34871 5.70131 5.0549 5.06172 5.1839 6.04003 5.68324 5.98257 5.49799 

--------------------------------------
Time: 34.0067
Split Ratios: 1 1 0.553 0.447 0.85 0.15 1 0.875 0.125 0.272 0.012 0.373 0.343 1 1 0.915 0.085 1 0.054 0.514 0.155 0.02 0.257 1 0.608 0.392 0.194 0.181 0.625 0.436 0.195 0.308 0.06 0.042 0.167 0.792 1 0.524 0.476 0.642 0.358 1 0.364 0.636 0.612 0.388 0.39 0.55 0.05 0.01 1 1 1 1 0.549 0.451 1 
Delays: 0.0115296 0.0057429 0.0193755 0.013135 0.00724424 0.0121338 0.0179259 0.0128878 0.00863771 0.00629869 0.014377 0.0147769 0.020102 0.00748721 0.0190762 0.0177838 0.00938404 0.0172107 0.0143291 0.0188531 0.00858474 0.016724 0.00781659 0.0121839 0.0115621 0.0114845 0.00572573 0.00574982 0.00868398 0.0100399 
Throughputs: 2.01523 1.67117 2.73613 1.37626 1.55648 2.08077 3.75194 1.7367 1.9497 2.50675 1.81862 3.11296 2.34291 1.91693 3.57171 2.99827 2.34291 1.86778 2.37568 2.53952 3.03104 3.93216 2.22822 2.12992 1.50733 1.6384 2.60506 1.7367 3.44064 2.21184 
Utility: 5.16357 5.67331 4.95029 4.65184 5.36998 5.1445 5.34378 4.90346 5.41929 5.9864 4.84021 5.35027 4.75833 5.54528 5.23236 5.1275 5.52014 4.68697 5.11074 4.90305 5.86668 5.4601 5.65271 5.16373 4.87036 4.96048 6.12024 5.71058 5.98193 5.39502 

--------------------------------------
Time: 34.5068
Split Ratios: 1 1 0.553 0.447 0.85 0.15 1 0.875 0.125 0.272 0.012 0.373 0.343 1 1 0.915 0.085 1 0.054 0.514 0.155 0.02 0.257 1 0.608 0.392 0.194 0.181 0.625 0.436 0.195 0.308 0.06 0.042 0.167 0.792 1 0.524 0.476 0.642 0.358 1 0.364 0.636 0.612 0.388 0.39 0.55 0.05 0.01 1 1 1 1 0.549 0.451 1 
Delays: 0.0115458 0.00573245 0.0202383 0.0132876 0.00717164 0.0122939 0.0175207 0.0128869 0.0086304 0.00623063 0.014375 0.015016 0.0200844 0.00761852 0.0191899 0.0183198 0.00984605 0.0172337 0.0143485 0.0187178 0.00856912 0.0166349 0.00789195 0.0115617 0.0115537 0.0115375 0.00572031 0.00571273 0.00864178 0.0100264 
Throughputs: 1.90054 1.57286 2.57229 1.57286 1.34349 2.1463 3.67002 1.6384 1.98246 2.37568 1.91693 2.83443 2.42483 2.26099 3.09658 3.08019 2.67059 2.32653 2.80166 1.99885 3.1785 3.47341 2.26099 2.048 2.19546 1.58925 2.98189 1.37626 3.19488 2.29376 
Utility: 5.10357 5.61451 4.84497 4.77382 5.23289 5.1624 5.34457 4.84527 5.4368 5.94356 4.89299 5.24048 4.79358 5.69298 5.08367 5.12476 5.60299 4.90527 5.27433 4.67085 5.916 5.34139 5.65772 5.17692 5.24714 4.92542 6.25629 5.48442 5.9127 5.43273 

--------------------------------------
Time: 35.0069
Split Ratios: 1 1 0.553 0.447 0.85 0.15 1 0.875 0.125 0.272 0.012 0.373 0.343 1 1 0.915 0.085 1 0.054 0.514 0.155 0.02 0.257 1 0.608 0.392 0.194 0.181 0.625 0.436 0.195 0.308 0.06 0.042 0.167 0.792 1 0.524 0.476 0.642 0.358 1 0.364 0.636 0.612 0.388 0.39 0.55 0.05 0.01 1 1 1 1 0.549 0.451 1 
Delays: 0.0115078 0.00573184 0.0197922 0.0132522 0.00719683 0.0122109 0.0174686 0.0129144 0.0086451 0.0060002 0.0143745 0.0147446 0.0200878 0.00742194 0.0192033 0.0178942 0.00960672 0.0172673 0.0143888 0.0188941 0.00859056 0.0165054 0.00772932 0.0115801 0.0115248 0.0114539 0.00570451 0.00573657 0.00866392 0.0100511 
Throughputs: 1.81862 1.58925 2.75251 1.75309 1.31072 1.96608 3.29318 1.76947 2.34291 2.16269 1.96608 3.03104 2.16269 1.81862 3.2768 2.78528 2.53952 2.27738 2.37568 2.29376 3.42426 3.11296 2.31014 1.86778 2.08077 1.52371 2.73613 1.60563 3.60448 2.26099 
Utility: 5.06281 5.62498 4.93498 4.88497 5.20469 5.08147 5.2392 4.92009 5.60216 5.88731 4.91834 5.32579 4.67899 5.50139 5.13954 5.04763 5.57727 4.88196 5.10659 4.7991 5.98798 5.23964 5.70004 5.08322 5.19599 4.89057 6.17304 5.63441 6.03077 5.41588 

--------------------------------------
Time: 35.5069
Split Ratios: 1 1 0.553 0.447 0.85 0.15 1 0.875 0.125 0.272 0.012 0.373 0.343 1 1 0.915 0.085 1 0.054 0.514 0.155 0.02 0.257 1 0.608 0.392 0.194 0.181 0.625 0.436 0.195 0.308 0.06 0.042 0.167 0.792 1 0.524 0.476 0.642 0.358 1 0.364 0.636 0.612 0.388 0.39 0.55 0.05 0.01 1 1 1 1 0.549 0.451 1 
Delays: 0.0115361 0.00576476 0.0198436 0.01321 0.00719779 0.0121232 0.0177697 0.0128984 0.00863594 0.0062162 0.014383 0.0146037 0.020087 0.007518 0.0189512 0.0180493 0.00958968 0.017233 0.0143603 0.0188786 0.00857605 0.0162251 0.00775145 0.0118004 0.0115191 0.0114614 0.00571071 0.00574703 0.00867603 0.010011 
Throughputs: 1.70394 1.49094 2.62144 1.88416 1.35987 2.06438 3.93216 1.49094 1.76947 2.22822 1.67117 3.08019 2.19546 1.85139 3.26042 2.68698 2.31014 1.80224 2.65421 2.16269 3.04742 3.22765 1.98246 1.76947 1.68755 1.88416 2.65421 1.55648 3.45702 2.01523 
Utility: 4.99522 5.5554 4.8836 4.96026 5.24137 5.13747 5.39945 4.75006 5.3225 5.8818 4.75523 5.35147 4.69407 5.50639 5.14774 5.00307 5.48438 4.64996 5.21944 4.74108 5.87308 5.29295 5.54422 5.0103 4.98703 5.10225 6.14156 5.6015 5.9876 5.3048 

--------------------------------------
Time: 36.0071
Split Ratios: 1 1 0.553 0.447 0.85 0.15 1 0.875 0.125 0.272 0.012 0.373 0.343 1 1 0.915 0.085 1 0.054 0.514 0.155 0.02 0.257 1 0.608 0.392 0.194 0.181 0.625 0.436 0.195 0.308 0.06 0.042 0.167 0.792 1 0.524 0.476 0.642 0.358 1 0.364 0.636 0.612 0.388 0.39 0.55 0.05 0.01 1 1 1 1 0.549 0.451 1 
Delays: 0.0115249 0.00573926 0.0196843 0.0132243 0.00722753 0.0124029 0.0180682 0.0129238 0.00861208 0.00618112 0.0143881 0.0146742 0.020139 0.00745041 0.0190613 0.0177949 0.00946751 0.0172523 0.0143603 0.018949 0.00858621 0.0167906 0.00767247 0.0119081 0.0115239 0.0115337 0.00572625 0.00574737 0.00866097 0.0100288 
Throughputs: 1.78586 1.67117 2.68698 1.80224 1.52371 2.19546 3.86662 1.72032 1.5401 2.32653 2.06438 2.67059 2.26099 2.12992 3.76832 2.62144 2.78528 2.1463 2.4576 2.26099 3.03104 3.50618 2.16269 2.08077 1.75309 1.91693 3.03104 1.62202 3.3751 1.99885 
Utility: 5.04315 5.67395 4.91635 4.91473 5.35101 5.17621 5.36599 4.89119 5.18643 5.93063 4.96619 5.20396 4.7209 5.65557 5.28673 4.99257 5.68424 4.82356 5.14247 4.78181 5.8665 5.34146 5.64147 5.16327 5.02471 5.11321 6.2716 5.64268 5.96536 5.29487 

