--------------------------------------
Time: 5.50027
Split Ratios: 1 1 1 1 1 1 1 1 1 1 1 1 1 1 1 1 1 1 1 1 1 1 1 1 1 1 1 1 1 1 
Delays: 0.0425607 0.00448721 0.0132966 0.0100998 0.0102849 0.00918201 0.00578725 0.015161 0.00768359 0.0100127 0.0841769 0.01204 0.0467334 0.0475129 0.0100067 0.00430389 0.0109111 0.00870068 0.0863285 0.0101652 0.00623772 0.00624842 0.00904576 0.0109472 0.0879948 0.0398059 0.011486 0.0108719 0.0812852 0.0808279 
Throughputs: 2.40845 2.16269 2.81805 2.85082 2.22822 3.06381 2.71974 2.5559 2.81805 2.58867 2.16269 2.98189 2.37568 2.32653 2.40845 2.63782 2.7689 3.08019 1.98246 2.81805 2.62144 2.68698 2.32653 2.32653 1.76947 2.31014 2.65421 2.57229 1.80224 1.76947 
Utility: 4.03581 6.17788 5.35629 5.64285 5.37828 5.81017 6.15264 5.12744 5.90471 5.55505 3.24619 5.51208 3.92858 3.89113 5.48348 6.41819 5.53643 5.86935 3.13394 5.62483 6.04086 6.06384 5.54984 5.35905 3.00116 4.06105 5.44277 5.46637 3.09882 3.08611 

--------------------------------------
Time: 6.00049
Split Ratios: 1 1 1 1 1 1 1 1 1 1 1 1 1 1 1 1 1 1 1 1 1 1 1 1 1 1 1 1 1 1 
Delays: 0.0974453 0.00445336 0.0131219 0.0100771 0.0102581 0.00912185 0.00577834 0.015047 0.00768092 0.0101211 0.215034 0.0119415 0.0995664 0.101154 0.0100095 0.00429304 0.010758 0.00867259 0.225629 0.0101525 0.00629415 0.00623539 0.00910155 0.0109685 0.221747 0.0923407 0.011488 0.0107996 0.216533 0.213786 
Throughputs: 2.67059 2.58867 2.37568 2.81805 2.71974 3.04742 2.58867 2.70336 2.58867 2.62144 1.75309 2.81805 2.09715 2.53952 2.39206 2.47398 2.4576 2.58867 2.11354 2.40845 3.21126 2.73613 2.50675 2.58867 1.90054 2.37568 2.78528 2.80166 1.83501 2.1463 
Utility: 3.31076 6.36524 5.19876 5.63353 5.58023 5.81138 6.10478 5.19107 5.82016 5.55685 2.09834 5.46378 3.04751 3.22308 5.47638 6.35659 5.43129 5.69873 2.23722 5.46902 6.2348 6.08406 5.6183 5.46387 2.14836 3.24755 5.4908 5.55846 2.13706 2.30653 

--------------------------------------
Time: 6.50061
Split Ratios: 1 1 1 1 1 1 1 1 1 1 1 1 1 1 1 1 1 1 1 1 1 1 1 1 1 1 1 1 1 1 
Delays: 0.172652 0.00444756 0.0132895 0.0100639 0.0102588 0.00910185 0.00576573 0.0152056 0.00765627 0.010157 0.347398 0.0120614 0.172581 0.174555 0.0100096 0.00430267 0.0111218 0.00875266 0.352499 0.0101436 0.00624178 0.00618985 0.00910876 0.0110448 0.353461 0.167951 0.0114958 0.0109243 0.347425 0.349495 
Throughputs: 2.8672 2.7689 2.42483 3.04742 2.52314 2.31014 2.53952 2.57229 2.57229 2.57229 1.98246 2.91635 2.03162 2.70336 2.34291 3.08019 2.68698 2.88358 1.85139 2.52314 2.85082 2.34291 2.91635 3.08019 1.62202 2.16269 2.8672 2.71974 2.01523 2.22822 
Utility: 2.80981 6.43385 5.20654 5.7131 5.50513 5.53659 6.0878 5.13089 5.81703 5.53439 1.74162 5.48808 2.46572 2.74001 5.4556 6.57351 5.48726 5.79743 1.65865 5.51642 6.1241 5.93624 5.76885 5.63079 1.52365 2.55544 5.51911 5.5173 1.75794 1.85247 

--------------------------------------
Time: 7.001
Split Ratios: 1 1 1 1 1 1 1 1 1 1 1 1 1 1 1 1 1 1 1 1 1 1 1 1 1 1 1 1 1 1 
Delays: 0.241528 0.00443447 0.0134047 0.0100712 0.0103766 0.00913886 0.00576698 0.0151955 0.00767802 0.0103907 0.467748 0.0120231 0.241702 0.246362 0.0100216 0.00429615 0.0108828 0.00867167 0.471816 0.0103535 0.00623472 0.00623439 0.00927668 0.010952 0.46546 0.235348 0.0114837 0.0108687 0.470407 0.466839 
Throughputs: 2.37568 2.65421 2.68698 2.8672 2.65421 2.88358 2.67059 2.81805 2.53952 3.04742 1.80224 2.98189 2.12992 2.68698 2.29376 2.7689 2.32653 2.67059 2.08077 2.75251 2.78528 2.83443 2.53952 2.52314 1.93331 2.49037 2.37568 2.3593 1.9497 1.9497 
Utility: 2.28605 6.39449 5.30056 5.65142 5.54435 5.75425 6.13791 5.2228 5.80137 5.68114 1.34886 5.51348 2.17613 2.38937 5.43321 6.46848 5.36494 5.72999 1.4839 5.58294 6.10197 6.11952 5.61223 5.43973 1.42396 2.35912 5.33211 5.38023 1.42183 1.42944 

--------------------------------------
Time: 7.50103
Split Ratios: 1 1 1 1 1 1 1 1 1 1 1 1 1 1 1 1 1 1 1 1 1 1 1 1 1 1 1 1 1 1 
Delays: 0.308306 0.00446295 0.0132798 0.010098 0.0103174 0.00921737 0.00580656 0.0151948 0.00763967 0.00984098 0.621517 0.0119796 0.305252 0.313266 0.0100366 0.0043027 0.0109427 0.00869098 0.620945 0.010141 0.00628257 0.0062813 0.00908209 0.0109767 0.626757 0.301795 0.0114616 0.0109758 0.613265 0.607508 
Throughputs: 2.65421 2.89997 2.8672 2.85082 2.52314 2.75251 2.85082 2.81805 2.50675 2.47398 1.78586 2.85082 2.22822 2.52314 2.7689 2.83443 2.60506 2.58867 2.11354 2.60506 2.91635 2.88358 2.22822 2.67059 2.09715 2.32653 2.8672 2.85082 1.88416 1.83501 
Utility: 2.15281 6.47665 5.37484 5.64302 5.49942 5.69918 6.19637 5.22285 5.79339 5.52703 1.05549 5.47216 1.98782 2.0862 5.61996 6.49035 5.47254 5.69662 1.22488 5.54862 6.14031 6.12921 5.50266 5.49428 1.20778 2.04238 5.52209 5.55967 1.12244 1.10544 

--------------------------------------
Time: 8.00136
Split Ratios: 1 1 1 1 1 1 1 1 1 1 1 1 1 1 1 1 1 1 1 1 1 1 1 1 1 1 1 1 1 1 
Delays: 0.36803 0.00450864 0.0133633 0.0100639 0.0102829 0.00917416 0.00574746 0.0152213 0.00764735 0.0101987 0.757608 0.0119344 0.371268 0.369289 0.0100468 0.00430259 0.0108639 0.00864941 0.750731 0.0104431 0.00626608 0.00623369 0.00910998 0.0109803 0.758115 0.360317 0.011502 0.0109355 0.760493 0.754706 
Throughputs: 2.22822 2.99827 2.58867 2.81805 2.85082 3.12934 2.98189 2.50675 2.4576 2.67059 1.70394 2.53952 2.40845 2.34291 2.49037 2.71974 2.5559 2.47398 1.96608 2.60506 2.63782 2.32653 2.75251 2.29376 1.99885 2.73613 3.11296 2.91635 1.81862 2.24461 
Utility: 1.80079 6.4998 5.26639 5.63485 5.62488 5.83219 6.25155 5.10405 5.77258 5.56779 0.810531 5.3603 1.86981 1.84757 5.51293 6.44908 5.46071 5.65609 0.96275 5.51927 6.04256 5.92216 5.7109 5.34185 0.969492 2.02731 5.60081 5.58608 0.871869 1.08996 

--------------------------------------
Time: 8.50144
Split Ratios: 1 1 1 1 1 1 1 1 1 1 1 1 1 1 1 1 1 1 1 1 1 1 1 1 1 1 1 1 1 1 
Delays: 0.454633 0.00447022 0.013174 0.0100674 0.0102832 0.00908401 0.00573888 0.0150926 0.00767921 0.00974461 0.897336 0.0119511 0.457581 0.455865 0.00999895 0.00429018 0.0108613 0.00868021 0.903731 0.0100838 0.00625497 0.00637281 0.00908607 0.0109261 0.906836 0.450959 0.0114914 0.0109453 0.900809 0.897939 
Throughputs: 2.4576 2.26099 2.31014 2.53952 2.81805 2.81805 2.7689 2.70336 2.42483 2.65421 1.96608 2.62144 1.7367 2.83443 2.65421 2.65421 2.40845 2.85082 1.75309 2.53952 2.53952 2.53952 2.39206 2.44122 2.24461 2.70336 2.67059 2.99827 1.86778 1.86778 
Utility: 1.68745 6.22612 5.16682 5.53043 5.61329 5.73728 6.17894 5.18804 5.755 5.60719 0.784367 5.39066 1.33379 1.8274 5.58142 6.42757 5.40153 5.79431 0.662603 5.5288 6.00635 5.98769 5.57317 5.4091 0.906325 1.79087 5.44845 5.61288 0.729211 0.732402 

--------------------------------------
Time: 9.00151
Split Ratios: 1 1 1 1 1 1 1 1 1 1 1 1 1 1 1 1 1 1 1 1 1 1 1 1 1 1 1 1 1 1 
Delays: 0.521538 0.00451614 0.0133709 0.0100854 0.0103509 0.00910393 0.00577093 0.0155127 0.00764062 0.00977515 0.937792 0.0119148 0.52679 0.525812 0.0100324 0.00431012 0.0110157 0.00868043 0.939278 0.010051 0.00620019 0.00619822 0.00916411 0.0109393 0.937994 0.516177 0.0114615 0.0109169 0.939241 0.936051 
Throughputs: 2.60506 2.88358 2.58867 2.73613 2.7689 2.71974 2.8672 2.94912 2.67059 2.75251 1.65478 2.47398 2.01523 2.53952 2.70336 2.67059 2.68698 2.71974 2.09715 2.80166 2.89997 2.50675 2.83443 2.31014 2.09715 2.5559 2.60506 2.88358 1.75309 2.11354 
Utility: 1.60843 6.45913 5.26582 5.60321 5.58913 5.69959 6.20826 5.2476 5.85658 5.64043 0.567897 5.3358 1.34169 1.57479 5.59643 6.42909 5.49685 5.74722 0.803224 5.63029 6.14788 6.00248 5.7343 5.35271 0.804592 1.59971 5.42621 5.57648 0.624062 0.814447 

--------------------------------------
Time: 9.50151
Split Ratios: 1 1 1 1 1 1 1 1 1 1 1 1 1 1 1 1 1 1 1 1 1 1 1 1 1 1 1 1 1 1 
Delays: 0.587997 0.00443083 0.0132705 0.0100555 0.010259 0.0091578 0.00575253 0.015309 0.00768172 0.00993384 0.938184 0.0120193 0.589105 0.589736 0.0100394 0.00428976 0.01077 0.00865117 0.93938 0.0100324 0.00623671 0.00623093 0.00913557 0.0111376 0.938231 0.58214 0.011539 0.0109463 0.93951 0.936101 
Throughputs: 2.52314 2.27738 2.80166 2.8672 2.83443 2.83443 2.4576 2.68698 2.73613 2.50675 1.81862 2.98189 2.27738 2.40845 2.52314 2.94912 2.39206 2.83443 2.06438 2.60506 2.91635 2.42483 2.78528 2.60506 1.9497 2.50675 3.09658 2.85082 1.86778 2.03162 
Utility: 1.45654 6.24219 5.35243 5.65297 5.62144 5.73499 6.0573 5.16773 5.87546 5.5308 0.661889 5.5138 1.35217 1.40706 5.52674 6.53303 5.40315 5.7919 0.787367 5.55939 6.14764 5.96399 5.71993 5.45488 0.731432 1.46003 5.59232 5.56236 0.687145 0.774863 

--------------------------------------
Time: 10.0016
Split Ratios: 1 1 1 1 1 1 1 1 1 1 1 1 1 1 1 1 1 1 1 1 1 1 1 1 1 1 1 1 1 1 
Delays: 0.650349 0.00444806 0.0135566 0.0100725 0.0104586 0.00912452 0.0057667 0.0154792 0.00766135 0.00977545 0.938302 0.0119449 0.652307 0.654025 0.0100056 0.00428741 0.0108889 0.00866791 0.939734 0.0101698 0.00626582 0.00621471 0.00911601 0.0109934 0.938193 0.645132 0.0114766 0.0108642 0.939526 0.936567 
Throughputs: 2.27738 2.5559 2.9655 2.53952 2.89997 2.75251 2.94912 2.63782 2.80166 2.47398 1.9497 2.70336 2.17907 2.63782 2.34291 2.94912 2.81805 2.49037 2.06438 2.8672 2.9655 2.89997 2.47398 2.50675 1.85139 2.62144 2.60506 2.7689 1.91693 1.93331 
Utility: 1.25327 6.35369 5.38793 5.52992 5.62503 5.7093 6.23716 5.13821 5.90178 5.53371 0.731356 5.42195 1.20614 1.39456 5.45601 6.53358 5.55606 5.66056 0.786991 5.64166 6.15969 6.14554 5.60355 5.42945 0.679738 1.40202 5.4249 5.54073 0.713104 0.724768 

