--------------------------------------
Time: 5.50004
Split Ratios: 1 1 1 1 1 1 1 1 1 1 1 1 1 1 1 1 1 1 1 1 1 1 1 1 1 1 1 1 1 1 
Delays: 0.0131931 0.0259793 0.0118439 0.0147724 0.00723631 0.00571634 0.00999101 0.0100006 0.032029 0.00740292 0.00577301 0.0115984 0.0177575 0.0250338 0.0071977 0.0212552 0.0133748 0.00713912 0.00714855 0.00997242 0.0145255 0.0227897 0.00859966 0.0144404 0.011633 0.0216576 0.00714402 0.0119592 0.00462683 0.010064 
Throughputs: 3.14573 2.57229 3.71917 3.2768 3.76832 2.94912 2.17907 4.16154 4.25984 3.34234 2.42483 2.67059 2.65421 3.06381 3.85024 2.53952 3.71917 3.22765 3.14573 2.17907 2.34291 3.81747 2.31014 2.65421 2.52314 2.85082 2.58867 3.42426 3.30957 4.4073 
Utility: 5.47411 4.59525 5.74944 5.40186 6.25527 6.24593 5.38497 6.031 4.89035 6.11255 6.04032 5.43919 5.0071 4.80719 6.28213 4.78313 5.62788 6.11392 6.08689 5.38683 5.08324 5.12103 5.59334 5.21387 5.37941 4.88 5.89262 5.65714 6.5727 6.08205 

--------------------------------------
Time: 6.00005
Split Ratios: 1 1 1 1 1 1 1 1 1 1 1 1 1 1 1 1 1 1 1 1 1 1 1 1 1 1 1 1 1 1 
Delays: 0.0132888 0.0494905 0.0116726 0.0147482 0.00723104 0.00571851 0.0099826 0.0100203 0.0546232 0.00732539 0.00576983 0.0116204 0.0175793 0.0468627 0.00721176 0.0456529 0.0131662 0.00716264 0.00714426 0.00996994 0.0145833 0.0452039 0.00861051 0.0144225 0.0115746 0.0457292 0.00713461 0.011895 0.00472758 0.0101023 
Throughputs: 3.11296 2.70336 3.34234 3.6864 3.67002 2.73613 2.31014 4.12877 4.06323 2.83443 2.49037 2.63782 2.47398 3.03104 3.81747 2.32653 3.81747 3.24403 3.55533 2.4576 2.62144 3.91578 2.52314 2.73613 2.91635 3.3751 2.17907 4.32538 3.21126 4.44006 
Utility: 5.45641 4.00047 5.65718 5.52128 6.22957 6.17059 5.44422 6.02112 4.30928 5.95825 6.06754 5.42494 4.94686 4.16944 6.27163 3.93107 5.66969 6.11569 6.20989 5.50737 5.1916 4.46159 5.68027 5.24551 5.52927 4.30145 5.7217 5.89614 6.52101 6.08566 

--------------------------------------
Time: 6.50011
Split Ratios: 1 1 1 1 1 1 1 1 1 1 1 1 1 1 1 1 1 1 1 1 1 1 1 1 1 1 1 1 1 1 
Delays: 0.0132412 0.0663733 0.0117212 0.0146452 0.00721817 0.00571456 0.00998629 0.00997978 0.0710034 0.00736211 0.00574722 0.0115803 0.017674 0.0641705 0.00723225 0.0636007 0.0130233 0.0071414 0.00715441 0.00997847 0.0146343 0.0631579 0.0086156 0.0144127 0.0115884 0.0625274 0.00712866 0.0118164 0.00465504 0.0100996 
Throughputs: 3.42426 2.32653 3.52256 3.3751 3.91578 2.65421 2.42483 3.9977 4.096 2.63782 2.81805 2.50675 2.73613 3.19488 4.37453 2.78528 3.86662 3.24403 3.47341 2.19546 2.85082 4.04685 2.11354 2.39206 3.26042 2.98189 2.49037 3.40787 3.32595 4.30899 
Utility: 5.55531 3.55684 5.70554 5.44007 6.29617 6.14088 5.4923 5.99291 4.05504 5.88136 6.19508 5.37743 5.04221 3.90776 6.405 3.77948 5.6934 6.11866 6.18516 5.39371 5.27199 4.16006 5.50254 5.1118 5.6396 3.86471 5.85606 5.66436 6.57156 6.05596 

--------------------------------------
Time: 7.00014
Split Ratios: 1 1 1 1 1 1 1 1 1 1 1 1 1 1 1 1 1 1 1 1 1 1 1 1 1 1 1 1 1 1 
Delays: 0.0133006 0.0761483 0.0118689 0.0148891 0.00720833 0.00573176 0.00998474 0.00999528 0.0807914 0.00732776 0.00575804 0.0116074 0.0175731 0.0732954 0.00723047 0.0721973 0.0133047 0.00714364 0.00714658 0.00998007 0.0147223 0.0719043 0.00859769 0.014406 0.0116258 0.0717166 0.00715339 0.0119688 0.0048046 0.0100712 
Throughputs: 3.60448 2.5559 3.6864 3.5881 3.70278 2.99827 2.17907 3.85024 3.71917 2.75251 2.70336 2.62144 2.98189 3.55533 4.30899 2.42483 4.03046 3.19488 3.60448 2.40845 2.91635 4.03046 2.52314 2.70336 2.89997 3.16211 3.04742 4.01408 2.98189 3.89939 
Utility: 5.60212 3.51348 5.73848 5.48475 6.2416 6.25977 5.3856 5.95378 3.82938 5.9286 6.15165 5.41984 5.13394 3.8817 6.39016 3.51411 5.71352 6.10308 6.2233 5.48615 5.28872 4.0263 5.68176 5.23461 5.51923 3.78627 6.05447 5.81526 6.43074 5.9589 

--------------------------------------
Time: 7.50014
Split Ratios: 1 1 1 1 1 1 1 1 1 1 1 1 1 1 1 1 1 1 1 1 1 1 1 1 1 1 1 1 1 1 
Delays: 0.0132403 0.0759009 0.013554 0.016408 0.00724537 0.00572635 0.00998632 0.0100183 0.0817657 0.00734449 0.00575256 0.0116328 0.0193274 0.0725459 0.00722392 0.0714323 0.014978 0.00716059 0.00718435 0.00998746 0.0146512 0.0709885 0.00862 0.0144797 0.0116251 0.0713289 0.00714878 0.0119578 0.00469993 0.0100542 
Throughputs: 3.48979 2.21184 3.98131 3.88301 3.52256 3.09658 2.24461 4.55475 4.17792 2.99827 2.68698 2.63782 2.70336 3.48979 3.88301 2.24461 3.85024 3.14573 3.71917 2.67059 2.65421 3.83386 2.44122 2.9655 2.62144 3.47341 2.57229 4.11238 3.01466 4.45645 
Utility: 5.57433 3.37215 5.68269 5.4666 6.18658 6.29297 5.41507 6.11951 3.93371 6.01184 6.14653 5.42388 4.94072 3.87338 6.28697 3.44754 5.54931 6.08521 6.24935 5.58873 5.19938 3.98911 5.64617 5.32205 5.41831 3.88559 5.88561 5.84038 6.46369 6.09412 

--------------------------------------
Time: 8.00022
Split Ratios: 1 1 1 1 1 1 1 1 1 1 1 1 1 1 1 1 1 1 1 1 1 1 1 1 1 1 1 1 1 1 
Delays: 0.0133006 0.0540813 0.0112833 0.0140616 0.00722783 0.00572133 0.00998445 0.0100105 0.0574369 0.00737908 0.00576291 0.0116095 0.0169304 0.0512609 0.00723391 0.0494975 0.0127719 0.0071365 0.00714265 0.00997684 0.0146816 0.0485536 0.00859918 0.0143849 0.0115975 0.049456 0.00714182 0.011816 0.00470356 0.0100583 
Throughputs: 3.26042 2.048 4.04685 3.1785 3.76832 3.06381 2.4576 4.01408 4.07962 2.98189 2.42483 2.91635 2.47398 3.73555 3.76832 2.42483 3.70278 2.93274 3.29318 2.39206 2.99827 3.85024 2.40845 2.50675 2.99827 3.29318 2.57229 3.45702 3.35872 4.75136 
Utility: 5.5018 3.63413 5.88237 5.42072 6.25645 6.28321 5.50591 5.99393 4.26307 6.00166 6.04208 5.52626 4.98447 4.28872 6.25561 3.8916 5.66959 6.01847 6.13353 5.47965 5.3192 4.37322 5.63507 5.16056 5.555 4.19853 5.88658 5.67871 6.57099 6.15779 

--------------------------------------
Time: 8.50026
Split Ratios: 1 1 1 1 1 1 1 1 1 1 1 1 1 1 1 1 1 1 1 1 1 1 1 1 1 1 1 1 1 1 
Delays: 0.0132084 0.050962 0.0126758 0.0154109 0.00724222 0.00570771 0.00996857 0.0100192 0.0564698 0.00738413 0.00577896 0.0116135 0.0184269 0.0482217 0.00721827 0.0466838 0.0142769 0.00713747 0.00715539 0.00997597 0.0146199 0.0470333 0.00860552 0.0144487 0.0116105 0.0469905 0.00712907 0.0118004 0.00463075 0.0100997 
Throughputs: 3.24403 2.24461 3.93216 3.29318 3.83386 2.94912 2.03162 4.62029 4.21069 2.93274 2.40845 3.21126 3.04742 3.2768 3.86662 2.63782 3.65363 3.22765 3.7847 2.70336 2.9655 3.93216 2.65421 2.75251 2.75251 3.12934 2.58867 3.62086 2.89997 4.63667 
Utility: 5.50372 3.78521 5.73725 5.36453 6.2717 6.24744 5.31715 6.13371 4.31168 5.98436 6.03251 5.62225 5.10824 4.21881 6.28352 4.03431 5.54484 6.11415 6.27086 5.60207 5.31242 4.42609 5.7315 5.24966 5.46836 4.19863 5.89472 5.72633 6.43974 6.12925 

--------------------------------------
Time: 9.00032
Split Ratios: 1 1 1 1 1 1 1 1 1 1 1 1 1 1 1 1 1 1 1 1 1 1 1 1 1 1 1 1 1 1 
Delays: 0.0131492 0.0631534 0.0108331 0.0138023 0.0072022 0.00573234 0.00997747 0.0100055 0.0678648 0.00734318 0.0057635 0.0116189 0.0165472 0.0613812 0.00719159 0.0584073 0.0122122 0.00715462 0.007159 0.0099826 0.0145555 0.0578484 0.00864405 0.014417 0.0115905 0.0567334 0.00714231 0.0118383 0.00462605 0.0100471 
Throughputs: 3.08019 2.47398 3.50618 3.09658 3.34234 2.58867 2.60506 4.73498 3.9977 2.70336 2.65421 2.89997 2.24461 3.29318 3.6864 2.52314 3.40787 3.30957 3.76832 2.63782 2.94912 3.96493 2.17907 2.80166 3.35872 3.16211 2.60506 4.01408 2.91635 3.94854 
Utility: 5.45639 3.66802 5.77968 5.41322 6.14004 6.11278 5.56488 6.1596 4.07596 5.90848 6.13236 5.51982 4.91007 3.98251 6.23949 3.76582 5.6314 6.13681 6.26601 5.57687 5.3113 4.22742 5.52978 5.26956 5.66913 4.02063 5.89917 5.82623 6.44639 5.97381 

--------------------------------------
Time: 9.50034
Split Ratios: 1 1 1 1 1 1 1 1 1 1 1 1 1 1 1 1 1 1 1 1 1 1 1 1 1 1 1 1 1 1 
Delays: 0.0132769 0.0839597 0.0118216 0.0147743 0.00723024 0.00573612 0.00997253 0.0100086 0.0883978 0.00738384 0.00575631 0.0116203 0.0177409 0.081482 0.00720754 0.0796316 0.01324 0.00715257 0.00716467 0.00999783 0.0146527 0.079752 0.00859564 0.0144296 0.0116058 0.0796474 0.00712739 0.011867 0.00469851 0.0100913 
Throughputs: 3.57171 2.32653 3.73555 3.85024 3.83386 2.85082 2.37568 4.35814 4.30899 2.81805 2.70336 3.34234 2.68698 3.26042 4.096 2.53952 3.12934 3.50618 3.29318 2.57229 2.52314 4.12877 2.52314 2.81805 3.03104 2.88358 2.50675 3.98131 2.83443 4.48922 
Utility: 5.59477 3.32179 5.75572 5.563 6.27335 6.20858 5.4732 6.07635 3.88661 5.94451 6.15195 5.66167 5.0203 3.68923 6.34264 3.46232 5.46534 6.19481 6.13045 5.55018 5.14863 3.94681 5.682 5.27452 5.56515 3.58918 5.8628 5.81561 6.40235 6.09776 

--------------------------------------
Time: 10.0004
Split Ratios: 1 1 1 1 1 1 1 1 1 1 1 1 1 1 1 1 1 1 1 1 1 1 1 1 1 1 1 1 1 1 
Delays: 0.0131725 0.0882902 0.0112038 0.0142248 0.00720178 0.00572877 0.00998935 0.0100061 0.0928579 0.00734299 0.00576077 0.0115671 0.017036 0.0854654 0.00726358 0.0841676 0.012617 0.0071454 0.00716736 0.00999327 0.0145871 0.083598 0.00863266 0.014427 0.0115734 0.0839884 0.00714017 0.011781 0.00462763 0.0100421 
Throughputs: 3.22765 2.63782 3.2768 3.7847 3.30957 2.88358 2.68698 4.27622 4.06323 2.4576 2.78528 2.78528 2.8672 2.98189 3.86662 2.42483 3.75194 3.39149 3.21126 2.93274 2.3593 3.96493 2.50675 2.78528 2.57229 3.32595 2.70336 3.96493 3.34234 4.32538 
Utility: 5.50138 3.39708 5.67837 5.58373 6.13024 6.22129 5.59465 6.05763 3.77866 5.81319 6.18103 5.48394 5.12576 3.5522 6.27726 3.36071 5.69498 6.16256 6.10488 5.68178 5.08598 3.85922 5.67119 5.263 5.40384 3.67883 5.93651 5.81875 6.58238 6.06547 

--------------------------------------
Time: 10.5005
Split Ratios: 1 1 1 1 1 1 1 1 1 1 1 1 1 1 1 1 1 1 1 1 1 1 1 1 1 1 1 1 1 1 
Delays: 0.0133352 0.0884682 0.0112043 0.0143149 0.00723403 0.00570837 0.00996628 0.0100307 0.092905 0.00736992 0.00574274 0.0115742 0.0170466 0.0857833 0.00725123 0.0862188 0.0126662 0.00715357 0.00716222 0.00999409 0.0148275 0.0839261 0.00862328 0.0143984 0.0115835 0.0852042 0.00714126 0.0120643 0.00473157 0.0100649 
Throughputs: 3.44064 2.50675 3.35872 3.16211 3.98131 2.62144 2.29376 4.30899 3.86662 2.57229 2.50675 2.99827 2.78528 3.3751 4.01408 2.5559 3.80109 3.19488 3.35872 2.62144 3.01466 3.93216 2.4576 2.63782 3.22765 3.19488 2.52314 3.83386 3.19488 4.35814 
Utility: 5.55301 3.3441 5.70301 5.39769 6.31057 6.12955 5.43874 6.06281 3.72856 5.85514 6.07881 5.55702 5.09615 3.67236 6.31639 3.38927 5.70411 6.10169 6.1505 5.56949 5.31476 3.84701 5.65247 5.21059 5.62993 3.62425 5.86737 5.76138 6.51505 6.07074 

--------------------------------------
Time: 11.0005
Split Ratios: 1 1 1 1 1 1 1 1 1 1 1 1 1 1 1 1 1 1 1 1 1 1 1 1 1 1 1 1 1 1 
Delays: 0.0131117 0.106552 0.0109494 0.0140486 0.00721147 0.00571622 0.00997207 0.0100167 0.109996 0.00731985 0.00578559 0.0116231 0.0168377 0.102886 0.00720056 0.101817 0.0125451 0.00715705 0.0071303 0.00996811 0.0145091 0.10172 0.00861753 0.0144515 0.0116238 0.102025 0.00715406 0.0118234 0.00453583 0.010032 
Throughputs: 3.26042 2.78528 3.60448 3.35872 3.62086 2.75251 2.67059 4.12877 3.94854 2.57229 2.60506 2.58867 2.63782 3.1785 3.5881 2.73613 3.48979 3.57171 3.3751 2.65421 2.3593 3.73555 2.67059 3.03104 3.06381 3.08019 2.5559 3.89939 2.81805 3.9977 
Utility: 5.51611 3.26347 5.79665 5.47679 6.21879 6.17696 5.59027 6.02148 3.58066 5.86196 6.10984 5.40591 5.05409 3.43055 6.21122 3.29113 5.62827 6.2127 6.15983 5.58451 5.09134 3.60343 5.73626 5.34586 5.57436 3.40753 5.87848 5.79849 6.43179 5.98769 

--------------------------------------
Time: 11.5006
Split Ratios: 1 1 1 1 1 1 1 1 1 1 1 1 1 1 1 1 1 1 1 1 1 1 1 1 1 1 1 1 1 1 
Delays: 0.0133185 0.118888 0.0112225 0.0144229 0.00721038 0.00572969 0.00997198 0.0100012 0.122779 0.00736264 0.00576564 0.0116595 0.01711 0.116174 0.00723292 0.115364 0.0126387 0.00715341 0.0071516 0.00999201 0.0146837 0.114401 0.00858402 0.0143988 0.0116229 0.114329 0.00713443 0.0119688 0.00470925 0.0100935 
Throughputs: 3.83386 2.47398 3.62086 3.3751 3.80109 2.98189 2.21184 4.47283 4.29261 2.71974 2.39206 2.93274 2.68698 3.04742 3.96493 2.19546 3.48979 3.34234 3.42426 2.37568 2.80166 3.89939 1.96608 2.58867 2.94912 3.53894 2.3593 4.14515 3.01466 4.5056 
Utility: 5.66247 3.03541 5.77655 5.45537 6.26752 6.25465 5.4018 6.10307 3.55426 5.91187 6.028 5.52757 5.05651 3.26697 6.3066 2.94606 5.62083 6.14684 6.1713 5.47125 5.25123 3.52886 5.43389 5.19175 5.53628 3.4325 5.80119 5.84739 6.46171 6.10118 

--------------------------------------
Time: 12.0008
Split Ratios: 1 1 1 1 1 1 1 1 1 1 1 1 1 1 1 1 1 1 1 1 1 1 1 1 1 1 1 1 1 1 
Delays: 0.0131637 0.117993 0.0115823 0.0145632 0.0072003 0.00573019 0.00996868 0.01002 0.122 0.00739886 0.00577048 0.011584 0.017478 0.114551 0.00719141 0.113509 0.0129974 0.00715157 0.00715735 0.00998132 0.014539 0.113673 0.00860842 0.0144816 0.0116042 0.113846 0.00714974 0.011879 0.00463634 0.0100505 
Throughputs: 2.99827 2.53952 3.52256 3.83386 3.6864 2.70336 2.29376 4.14515 4.25984 2.75251 2.5559 2.89997 2.81805 3.19488 3.83386 2.71974 3.70278 3.1785 3.73555 2.50675 2.99827 3.76832 2.62144 2.94912 3.01466 2.94912 2.58867 3.67002 3.08019 4.22707 
Utility: 5.42833 3.0691 5.71746 5.57313 6.23828 6.1565 5.4385 6.02512 3.55297 5.91894 6.09341 5.52283 5.08286 3.32829 6.27874 3.17641 5.65209 6.09683 6.25751 5.52603 5.32896 3.50106 5.71874 5.31638 5.55988 3.25442 5.89182 5.73318 6.49882 6.04164 

--------------------------------------
Time: 12.5008
Split Ratios: 1 1 1 1 1 1 1 1 1 1 1 1 1 1 1 1 1 1 1 1 1 1 1 1 1 1 1 1 1 1 
Delays: 0.0132222 0.1169 0.0121216 0.0152273 0.00722751 0.00572773 0.00997107 0.0100112 0.121498 0.00736476 0.00577125 0.0115726 0.0181055 0.113379 0.00719742 0.112069 0.0136163 0.00715926 0.00717057 0.00997795 0.0145461 0.112344 0.00863195 0.0144708 0.011558 0.112534 0.00714809 0.0118945 0.0046837 0.0100754 
Throughputs: 2.98189 2.78528 3.80109 3.44064 3.85024 2.78528 2.16269 4.78413 4.01408 2.83443 2.34291 3.16211 2.5559 3.39149 3.48979 2.24461 4.30899 3.29318 3.60448 2.52314 2.7689 3.91578 2.52314 3.09658 2.63782 3.09658 2.4576 4.06323 2.7689 4.17792 
Utility: 5.41841 3.17079 5.74806 5.42032 6.278 6.18678 5.37942 6.16935 3.49766 5.95289 6.00626 5.61036 4.94994 3.39829 6.18388 2.99717 5.75719 6.1312 6.21995 5.53288 5.24888 3.55121 5.67779 5.36592 5.43034 3.31479 5.8401 5.83366 6.38212 6.02748 

--------------------------------------
Time: 13.0009
Split Ratios: 1 1 1 1 1 1 1 1 1 1 1 1 1 1 1 1 1 1 1 1 1 1 1 1 1 1 1 1 1 1 
Delays: 0.0132379 0.117721 0.0118345 0.0146284 0.00721463 0.00571114 0.00998684 0.0100173 0.12337 0.00728257 0.0057484 0.0115868 0.0176174 0.115658 0.00721302 0.1119 0.0131177 0.00715778 0.00714939 0.00998236 0.0145938 0.113427 0.00861225 0.0144654 0.0115646 0.112726 0.00712121 0.0118812 0.00460586 0.0100708 
Throughputs: 3.29318 2.26099 3.55533 3.47341 3.44064 3.08019 2.57229 4.62029 4.35814 2.81805 2.08077 2.44122 2.62144 3.40787 4.01408 2.49037 3.98131 3.06381 3.30957 3.01466 2.7689 3.6864 2.49037 3.09658 2.91635 3.1785 2.58867 3.91578 3.03104 4.35814 
Utility: 5.51652 2.95524 5.70518 5.46993 6.1673 6.29033 5.55128 6.13389 3.56462 5.95832 5.89157 5.35039 5.00259 3.3832 6.32168 3.10258 5.7154 6.05921 6.13755 5.71042 5.24561 3.48124 5.667 5.36629 5.53014 3.3392 5.89582 5.79781 6.48933 6.07016 

--------------------------------------
Time: 13.501
Split Ratios: 1 1 1 1 1 1 1 1 1 1 1 1 1 1 1 1 1 1 1 1 1 1 1 1 1 1 1 1 1 1 
Delays: 0.0131697 0.130317 0.0119572 0.0149152 0.00724585 0.00572079 0.00997533 0.0100248 0.134945 0.00739421 0.00575541 0.0116762 0.0179498 0.126728 0.00721379 0.126332 0.0135116 0.00714477 0.007146 0.0099863 0.0145468 0.126076 0.00863837 0.014447 0.0116971 0.126286 0.00714812 0.0117478 0.00454291 0.010053 
Throughputs: 2.65421 2.47398 3.89939 3.30957 3.40787 3.16211 2.29376 4.39091 4.65306 2.93274 2.3593 2.94912 2.47398 3.3751 3.85024 1.93331 3.55533 3.16211 3.40787 2.5559 2.83443 3.86662 2.70336 3.16211 3.19488 3.16211 2.71974 3.60448 3.22765 4.06323 
Utility: 5.30598 2.94361 5.78724 5.40219 6.15341 6.31489 5.43783 6.08223 3.54041 5.98299 6.01598 5.53171 4.92601 3.28214 6.2799 2.72807 5.57266 6.09261 6.16729 5.54495 5.27222 3.42325 5.74604 5.38851 5.60997 3.22044 5.94144 5.72626 6.56594 6.00186 

--------------------------------------
Time: 14.0012
Split Ratios: 1 1 1 1 1 1 1 1 1 1 1 1 1 1 1 1 1 1 1 1 1 1 1 1 1 1 1 1 1 1 
Delays: 0.0131824 0.145701 0.0117994 0.0147131 0.00722718 0.00573197 0.00996059 0.00999938 0.150715 0.00742785 0.00580799 0.0116771 0.0175978 0.143579 0.00719962 0.141839 0.013202 0.00714412 0.00714643 0.00997087 0.0145004 0.141962 0.00861947 0.0144398 0.0116495 0.141402 0.00712966 0.0118448 0.00460038 0.0101187 
Throughputs: 3.32595 2.52314 3.86662 3.35872 3.81747 3.06381 1.9497 4.53837 4.096 3.11296 2.52314 2.75251 2.67059 3.44064 3.60448 2.29376 3.83386 3.14573 3.1785 2.49037 2.75251 3.89939 2.71974 2.85082 3.06381 3.1785 2.73613 3.50618 2.81805 4.58752 
Utility: 5.53063 2.8517 5.79208 5.43058 6.26949 6.28135 5.27679 6.1178 3.30238 6.03809 6.07402 5.46264 5.02228 3.17653 6.2159 2.78325 5.67126 6.08751 6.09755 5.52052 5.24609 3.31302 5.75427 5.28538 5.57215 3.11255 5.95003 5.6904 6.41766 6.11671 

--------------------------------------
Time: 14.5012
Split Ratios: 1 1 1 1 1 1 1 1 1 1 1 1 1 1 1 1 1 1 1 1 1 1 1 1 1 1 1 1 1 1 
Delays: 0.0132675 0.148739 0.012576 0.0155543 0.00726547 0.00572278 0.00999934 0.0100119 0.153376 0.00737831 0.00573226 0.0116508 0.0185265 0.145542 0.00721421 0.143888 0.0137956 0.00713128 0.00716455 0.00997139 0.0145932 0.144211 0.0086099 0.0144096 0.0116442 0.144191 0.00715889 0.0118335 0.00464868 0.0100777 
Throughputs: 3.19488 2.21184 3.67002 3.55533 3.89939 2.88358 2.29376 4.66944 4.21069 3.32595 2.12992 2.93274 2.8672 3.53894 3.7847 2.24461 3.83386 3.08019 3.06381 2.16269 2.49037 3.81747 2.31014 3.03104 2.99827 3.40787 2.65421 3.6864 3.3751 4.29261 
Utility: 5.48399 2.69939 5.67616 5.43187 6.28544 6.22234 5.43543 6.14502 3.31249 6.11097 5.91773 5.52831 5.04189 3.19112 6.26267 2.74725 5.62728 6.06826 6.05827 5.37939 5.13963 3.27607 5.59215 5.34876 5.55098 3.16271 5.91555 5.74147 6.5876 6.05433 

--------------------------------------
Time: 15.0013
Split Ratios: 1 1 1 1 1 1 1 1 1 1 1 1 1 1 1 1 1 1 1 1 1 1 1 1 1 1 1 1 1 1 
Delays: 0.01328 0.163312 0.0121648 0.0148788 0.00725666 0.00572921 0.00997661 0.0100151 0.168655 0.00745033 0.00575158 0.0116174 0.0181067 0.160653 0.00722747 0.159117 0.0136557 0.00715569 0.00715765 0.00997288 0.0146602 0.159089 0.0086304 0.0144824 0.0115703 0.159013 0.00713384 0.0118352 0.00466462 0.0100516 
Throughputs: 3.44064 2.50675 3.5881 4.07962 3.75194 2.19546 2.52314 4.66944 4.22707 2.65421 2.60506 2.9655 2.75251 3.29318 4.07962 2.65421 3.96493 2.94912 3.83386 2.37568 2.9655 3.73555 2.52314 3.03104 3.01466 3.04742 2.57229 4.06323 2.99827 4.35814 
Utility: 5.55715 2.73108 5.68683 5.61382 6.24811 5.94857 5.53301 6.1447 3.22141 5.87564 6.11574 5.5423 5.02399 3.02036 6.33587 2.81426 5.67108 6.02135 6.28344 5.47317 5.30967 3.15619 5.67797 5.34373 5.5628 2.95306 5.8877 5.83865 6.46578 6.07207 

--------------------------------------
Time: 15.5013
Split Ratios: 1 1 1 1 1 1 1 1 1 1 1 1 1 1 1 1 1 1 1 1 1 1 1 1 1 1 1 1 1 1 
Delays: 0.0132054 0.167802 0.0125453 0.0153664 0.007242 0.00571968 0.00997234 0.0100281 0.173689 0.0074031 0.00577448 0.0116996 0.0185882 0.165268 0.00725202 0.164012 0.0141471 0.00717306 0.00714565 0.00997817 0.0146449 0.163766 0.0086289 0.014382 0.011594 0.163996 0.00715127 0.0118428 0.00461238 0.0100661 
Throughputs: 3.40787 2.31014 3.9977 3.30957 3.76832 2.83443 2.3593 4.5056 4.27622 3.09658 2.58867 2.81805 2.80166 2.9655 4.16154 2.44122 3.75194 3.16211 3.44064 2.7689 2.80166 4.06323 2.37568 2.80166 3.22765 3.32595 2.94912 3.50618 3.48979 4.44006 
Utility: 5.55322 2.62228 5.76413 5.37239 6.25449 6.20568 5.4663 6.10769 3.20356 6.03615 6.10545 5.48425 5.01544 2.88723 6.35236 2.70031 5.58051 6.08866 6.17691 5.6258 5.25388 3.2113 5.61792 5.27199 5.62902 3.00967 6.02197 5.69056 6.62885 6.08925 

--------------------------------------
Time: 16.0014
Split Ratios: 1 1 1 1 1 1 1 1 1 1 1 1 1 1 1 1 1 1 1 1 1 1 1 1 1 1 1 1 1 1 
Delays: 0.0133204 0.17985 0.011286 0.0141628 0.00726976 0.00571159 0.00996867 0.0100218 0.184445 0.00735005 0.00576894 0.0116311 0.0171704 0.177603 0.00721632 0.174636 0.0126119 0.00715251 0.00714465 0.00997349 0.0146054 0.175699 0.00861305 0.0144005 0.011587 0.175623 0.00714774 0.0118426 0.00462154 0.0100826 
Throughputs: 3.35872 2.53952 3.57171 3.40787 4.01408 2.70336 2.32653 3.9977 4.07962 2.63782 2.7689 2.65421 2.4576 3.26042 3.91578 2.40845 3.83386 3.12934 3.39149 2.49037 2.63782 4.01408 2.63782 2.80166 2.99827 3.14573 2.49037 4.01408 3.22765 4.24346 
Utility: 5.53002 2.64761 5.75724 5.48323 6.31384 6.15975 5.45268 5.98871 3.09641 5.883 6.17372 5.43022 4.96375 2.91006 6.29642 2.62404 5.71699 6.08112 6.16266 5.52025 5.19632 3.12879 5.72443 5.2707 5.55591 2.88546 5.85339 5.82586 6.54878 6.04232 

--------------------------------------
Time: 16.5015
Split Ratios: 1 1 1 1 1 1 1 1 1 1 1 1 1 1 1 1 1 1 1 1 1 1 1 1 1 1 1 1 1 1 
Delays: 0.0132135 0.179675 0.0121926 0.0149671 0.0072441 0.0057222 0.00998772 0.0100305 0.184333 0.00738729 0.00577934 0.0116885 0.0175632 0.177456 0.00723166 0.176331 0.0135652 0.00716161 0.00715573 0.00999004 0.014627 0.175108 0.00862515 0.0144253 0.011662 0.174852 0.00714014 0.0119103 0.0046647 0.0100595 
Throughputs: 3.48979 2.09715 3.40787 3.63725 4.14515 2.94912 2.22822 4.70221 4.03046 3.01466 2.67059 2.85082 2.60506 3.14573 3.60448 2.63782 3.50618 3.11296 3.63725 2.42483 2.81805 4.39091 2.47398 2.65421 3.34234 3.12934 2.73613 3.89939 3.03104 4.06323 
Utility: 5.57636 2.45719 5.63301 5.49313 6.34951 6.24491 5.4076 6.15015 3.08489 6.01148 6.13577 5.49676 4.9994 2.87508 6.21146 2.70535 5.55477 6.07459 6.23107 5.49193 5.26093 3.22189 5.6589 5.21492 5.65809 2.88464 5.94857 5.79117 6.47664 6.00122 

--------------------------------------
Time: 17.0015
Split Ratios: 1 1 1 1 1 1 1 1 1 1 1 1 1 1 1 1 1 1 1 1 1 1 1 1 1 1 1 1 1 1 
Delays: 0.0131244 0.178635 0.0117432 0.0147391 0.00722166 0.00570743 0.00998041 0.0100026 0.184989 0.00734436 0.00578756 0.0115827 0.0177583 0.177415 0.00723169 0.174933 0.0134074 0.00718862 0.0071487 0.00998699 0.0144709 0.17477 0.00858544 0.0143731 0.011587 0.175036 0.00713554 0.0117536 0.00457047 0.0100566 
Throughputs: 3.09658 2.32653 4.03046 3.29318 3.81747 2.91635 2.29376 4.52198 4.096 3.03104 2.52314 3.11296 2.67059 3.24403 4.16154 2.5559 3.50618 3.55533 3.48979 2.32653 2.81805 3.85024 2.27738 2.62144 2.83443 3.39149 2.7689 3.11296 3.24403 4.29261 
Utility: 5.46358 2.56679 5.83836 5.4091 6.27026 6.23632 5.43732 6.11386 3.09747 6.02273 6.07755 5.59381 5.0132 2.90608 6.35517 2.68176 5.56648 6.2037 6.19067 5.45085 5.27166 3.09242 5.58071 5.20612 5.49971 2.96403 5.96112 5.57917 6.56496 6.05642 

--------------------------------------
Time: 17.5015
Split Ratios: 1 1 1 1 1 1 1 1 1 1 1 1 1 1 1 1 1 1 1 1 1 1 1 1 1 1 1 1 1 1 
Delays: 0.0132387 0.200527 0.011197 0.0141661 0.00724835 0.00571095 0.00997215 0.0100266 0.205419 0.00734136 0.00576267 0.0115968 0.0169966 0.198369 0.00720193 0.198018 0.0125858 0.00714547 0.00715236 0.00998146 0.0146388 0.197062 0.00863448 0.0144465 0.0115625 0.196653 0.00713906 0.011855 0.00466455 0.0100491 
Throughputs: 3.24403 2.3593 3.86662 3.16211 3.96493 2.8672 2.31014 4.65306 3.98131 2.71974 2.50675 2.83443 2.31014 3.48979 4.1943 2.24461 3.63725 3.26042 3.47341 2.52314 2.67059 4.11238 2.27738 2.75251 2.9655 3.22765 2.57229 4.04685 3.01466 3.83386 
Utility: 5.50143 2.46517 5.84449 5.40815 6.30447 6.21871 5.44527 6.14003 2.96431 5.91477 6.07534 5.49887 4.91205 2.86747 6.36713 2.42793 5.66641 6.12313 6.18545 5.53253 5.20638 3.03824 5.57502 5.24982 5.54703 2.79807 5.88697 5.83295 6.47125 5.94415 

--------------------------------------
Time: 18.0016
Split Ratios: 1 1 1 1 1 1 1 1 1 1 1 1 1 1 1 1 1 1 1 1 1 1 1 1 1 1 1 1 1 1 
Delays: 0.0131304 0.20463 0.0112813 0.0141502 0.00725943 0.00572576 0.00998191 0.0100106 0.209187 0.00736885 0.00575262 0.0116371 0.0170578 0.201854 0.00718741 0.200461 0.0126716 0.00714279 0.00716094 0.00997065 0.0145887 0.200987 0.00860766 0.014398 0.0115587 0.200521 0.00713438 0.0117899 0.00454909 0.0101063 
Throughputs: 3.3751 2.27738 3.88301 3.3751 3.89939 2.8672 2.3593 4.29261 4.04685 2.78528 2.39206 3.03104 2.08077 3.62086 3.86662 2.39206 3.75194 3.21126 3.75194 2.40845 2.63782 3.86662 2.44122 2.81805 3.19488 3.22765 2.4576 3.5881 3.04742 4.16154 
Utility: 5.54925 2.40958 5.84122 5.47445 6.28627 6.21612 5.46534 6.061 2.96246 5.93484 6.03026 5.56247 4.80389 2.88692 6.28781 2.47929 5.69066 6.10832 6.26139 5.48709 5.19746 2.9569 5.6476 5.27671 5.62186 2.77859 5.84202 5.71813 6.50712 6.02048 

--------------------------------------
Time: 18.5016
Split Ratios: 1 1 1 1 1 1 1 1 1 1 1 1 1 1 1 1 1 1 1 1 1 1 1 1 1 1 1 1 1 1 
Delays: 0.0132133 0.207011 0.0114367 0.0144657 0.0072036 0.00570157 0.00996687 0.0100253 0.211075 0.00732636 0.00578702 0.0116292 0.0174787 0.204674 0.0071963 0.203177 0.0130375 0.00715604 0.00714717 0.00997508 0.0146608 0.203121 0.00857583 0.0144032 0.0116101 0.203094 0.00714904 0.0118682 0.00467575 0.0100633 
Throughputs: 3.32595 2.19546 3.40787 3.2768 3.85024 2.75251 2.42483 4.30899 4.16154 2.68698 2.7689 2.52314 2.44122 3.04742 3.89939 2.81805 3.70278 3.01466 3.57171 2.32653 2.83443 3.80109 2.08077 2.67059 2.99827 3.3751 2.70336 3.89939 3.04742 4.07962 
Utility: 5.52828 2.36137 5.69702 5.42284 6.28131 6.17953 5.49425 6.06335 2.98142 5.90469 6.17059 5.37974 4.93927 2.70063 6.29501 2.62972 5.64901 6.04328 6.21408 5.45204 5.26442 2.92924 5.49154 5.2226 5.55392 2.81051 5.93527 5.79472 6.47966 6.00486 

--------------------------------------
Time: 19.0016
Split Ratios: 1 1 1 1 1 1 1 1 1 1 1 1 1 1 1 1 1 1 1 1 1 1 1 1 1 1 1 1 1 1 
Delays: 0.0132229 0.2046 0.01193 0.0150286 0.00729453 0.00573726 0.00998817 0.010015 0.208783 0.0073534 0.00577333 0.0116323 0.0177195 0.201373 0.00723409 0.19976 0.0135717 0.00716122 0.00713823 0.00997286 0.0145784 0.199893 0.00861032 0.0143891 0.0115905 0.199632 0.00712203 0.0118655 0.00466411 0.0100937 
Throughputs: 3.06381 2.21184 3.93216 3.47341 4.03046 2.85082 2.31014 4.75136 4.16154 2.78528 2.60506 3.21126 2.17907 3.52256 4.45645 2.71974 4.17792 3.45702 3.44064 2.19546 2.71974 3.94854 2.53952 3.03104 2.93274 2.91635 2.16269 3.76832 3.65363 4.4073 
Utility: 5.44546 2.38052 5.79789 5.44294 6.31451 6.20838 5.44366 6.1621 2.99234 5.93694 6.11196 5.62063 4.81199 2.86178 6.4233 2.61118 5.72958 6.17948 6.17795 5.39428 5.22875 2.98332 5.68677 5.35019 5.53351 2.68161 5.71591 5.76075 6.66358 6.07911 

--------------------------------------
Time: 19.5017
Split Ratios: 1 1 1 1 1 1 1 1 1 1 1 1 1 1 1 1 1 1 1 1 1 1 1 1 1 1 1 1 1 1 
Delays: 0.0132447 0.206721 0.0125542 0.0154489 0.00721002 0.00573982 0.0099802 0.0100202 0.21223 0.00736202 0.00574884 0.0116203 0.0185222 0.203781 0.00721142 0.202508 0.0143981 0.00716063 0.00714746 0.00998306 0.0145334 0.20265 0.00864906 0.0144206 0.0116095 0.202282 0.00713919 0.0119245 0.00464391 0.0100687 
Throughputs: 3.11296 2.27738 4.096 3.19488 3.71917 2.98189 2.26099 4.63667 4.5056 2.83443 2.12992 3.12934 3.04742 3.42426 3.98131 2.29376 3.5881 3.40787 3.50618 2.4576 2.93274 3.76832 2.67059 2.93274 2.9655 3.14573 2.49037 3.76832 3.2768 4.03046 
Utility: 5.45973 2.39941 5.78771 5.33177 6.24578 6.25288 5.42296 6.13715 3.05541 5.95326 5.91484 5.59582 5.10308 2.82159 6.3137 2.42717 5.51828 6.16525 6.19552 5.50605 5.30724 2.92291 5.7326 5.31503 5.54298 2.74414 5.85459 5.75579 6.55907 5.9922 

--------------------------------------
Time: 20.0017
Split Ratios: 1 1 1 1 1 1 1 1 1 1 1 1 1 1 1 1 1 1 1 1 1 1 1 1 1 1 1 1 1 1 
Delays: 0.0131946 0.217675 0.0114939 0.0146461 0.00722038 0.00571657 0.00997687 0.0100116 0.223152 0.00736946 0.00573355 0.0116527 0.0175132 0.21501 0.00723401 0.213458 0.013132 0.0071279 0.00716418 0.00998619 0.0146096 0.213774 0.00866305 0.0144308 0.0115899 0.213579 0.00713478 0.0118155 0.00463703 0.0100714 
Throughputs: 3.24403 2.62144 3.52256 3.34234 3.93216 2.70336 2.32653 4.25984 4.25984 2.94912 2.47398 3.24403 2.67059 3.1785 4.24346 2.27738 3.60448 3.21126 3.52256 2.62144 2.78528 4.01408 2.52314 2.91635 2.7689 3.11296 2.57229 4.01408 3.08019 4.22707 
Utility: 5.50476 2.48847 5.72512 5.43025 6.30004 6.15888 5.45186 6.05324 2.94913 5.99192 6.06725 5.62903 5.0271 2.69348 6.37434 2.36734 5.61488 6.1104 6.19785 5.57028 5.25042 2.93264 5.67419 5.30872 5.47607 2.67932 5.88757 5.82815 6.49867 6.03957 

--------------------------------------
Time: 20.5018
Split Ratios: 1 1 1 1 1 1 1 1 1 1 1 1 1 1 1 1 1 1 1 1 1 1 1 1 1 1 1 1 1 1 
Delays: 0.0132411 0.2407 0.0121149 0.0151131 0.00724799 0.00571971 0.0099929 0.0100136 0.246102 0.00738449 0.00576098 0.0116282 0.0180462 0.23738 0.00722051 0.237296 0.0134184 0.00715871 0.00714473 0.0099839 0.0145971 0.236921 0.00860935 0.0144121 0.0116745 0.236811 0.00714956 0.0118736 0.00462001 0.0100681 
Throughputs: 3.22765 2.44122 3.71917 3.40787 3.86662 2.9655 2.19546 4.12877 4.65306 2.85082 2.22822 3.04742 2.60506 3.01466 4.29261 2.31014 3.85024 3.45702 3.75194 2.3593 2.42483 3.7847 2.3593 3.03104 2.62144 3.21126 2.73613 3.81747 3.19488 4.17792 
Utility: 5.49618 2.3167 5.72682 5.41828 6.27941 6.25088 5.39227 6.02179 2.93953 5.95598 5.95785 5.56862 4.97228 2.54158 6.38772 2.27575 5.65927 6.17983 6.26365 5.46514 5.1127 2.771 5.61327 5.34859 5.41407 2.60716 5.94725 5.77303 6.53891 6.0282 

--------------------------------------
Time: 21.002
Split Ratios: 1 1 1 1 1 1 1 1 1 1 1 1 1 1 1 1 1 1 1 1 1 1 1 1 1 1 1 1 1 1 
Delays: 0.0132824 0.244011 0.0109592 0.01405 0.00722835 0.0057104 0.00997963 0.0100026 0.248254 0.00731119 0.00575605 0.0115891 0.0167896 0.241567 0.00721337 0.239655 0.0125106 0.00716758 0.00714864 0.00999746 0.0146434 0.239789 0.00860486 0.0144211 0.0115672 0.239467 0.00713638 0.0119045 0.00462917 0.0100801 
Throughputs: 3.35872 2.31014 3.19488 3.03104 3.75194 2.75251 2.21184 4.03046 4.35814 2.60506 2.40845 2.63782 2.67059 3.30957 3.83386 2.80166 3.76832 3.2768 3.75194 2.5559 2.68698 3.6864 2.70336 2.52314 3.01466 2.9655 2.70336 4.21069 2.99827 4.58752 
Utility: 5.53288 2.24785 5.67513 5.37404 6.25202 6.17798 5.40103 5.99879 2.86535 5.8758 6.03649 5.42764 5.0693 2.61743 6.27569 2.45877 5.7078 6.12505 6.2631 5.54383 5.21218 2.73265 5.74992 5.16456 5.56307 2.51638 5.93704 5.86846 6.47341 6.12054 

--------------------------------------
Time: 21.502
Split Ratios: 1 1 1 1 1 1 1 1 1 1 1 1 1 1 1 1 1 1 1 1 1 1 1 1 1 1 1 1 1 1 
Delays: 0.0131136 0.24806 0.0124487 0.0154253 0.00722489 0.00571838 0.00997003 0.0100121 0.253305 0.00737887 0.00573407 0.0115909 0.0183139 0.245663 0.00722597 0.244583 0.0142006 0.00713992 0.00716889 0.00997826 0.014557 0.243748 0.00862203 0.014382 0.0115911 0.243527 0.00714127 0.0117388 0.00454317 0.0100322 
Throughputs: 3.24403 2.68698 3.94854 3.39149 3.88301 2.75251 2.26099 4.37453 4.14515 2.7689 2.50675 2.70336 2.75251 3.26042 4.06323 2.12992 3.63725 3.44064 3.30957 2.31014 2.53952 3.67002 2.3593 2.81805 2.83443 3.52256 2.73613 3.70278 2.89997 3.85024 
Utility: 5.51092 2.3825 5.75949 5.39301 6.28683 6.17658 5.42397 6.07976 2.7951 5.92758 6.08032 5.45203 5.01261 2.58565 6.33205 2.16429 5.5457 6.17771 6.13482 5.44466 5.16166 2.71182 5.6118 5.27782 5.49936 2.67172 5.94841 5.75394 6.45883 5.95009 

--------------------------------------
Time: 22.002
Split Ratios: 1 1 1 1 1 1 1 1 1 1 1 1 1 1 1 1 1 1 1 1 1 1 1 1 1 1 1 1 1 1 
Delays: 0.0132625 0.260686 0.0112499 0.0141523 0.00723198 0.00571078 0.0099839 0.0100084 0.264964 0.00737519 0.00578139 0.0115793 0.0171032 0.258242 0.00724294 0.256168 0.012725 0.00714288 0.00715442 0.00997638 0.0145715 0.255918 0.00860893 0.0144032 0.011548 0.256053 0.00714324 0.0119613 0.00461401 0.0100797 
Throughputs: 3.35872 2.22822 3.65363 3.26042 3.65363 2.89997 2.22822 4.25984 4.42368 2.98189 2.68698 2.75251 2.5559 3.55533 4.16154 2.1463 3.39149 3.32595 3.48979 2.17907 2.5559 3.88301 2.34291 2.85082 2.81805 3.19488 2.94912 4.14515 3.47341 4.27622 
Utility: 5.53437 2.14564 5.78312 5.43973 6.22496 6.2301 5.40799 6.05356 2.81513 6.00219 6.14153 5.47105 5.00689 2.6223 6.35361 2.12567 5.58545 6.14339 6.18987 5.38643 5.16709 2.71951 5.60635 5.28791 5.49729 2.52392 6.0231 5.84802 6.62379 6.0503 

--------------------------------------
Time: 22.5022
Split Ratios: 1 1 1 1 1 1 1 1 1 1 1 1 1 1 1 1 1 1 1 1 1 1 1 1 1 1 1 1 1 1 
Delays: 0.0131091 0.249002 0.0119704 0.0148846 0.00721676 0.00572481 0.00997374 0.00998431 0.254606 0.00732158 0.00578224 0.0116437 0.0176581 0.247354 0.00719698 0.24632 0.0134579 0.00713771 0.00714941 0.00996887 0.0145227 0.245353 0.00858431 0.0144008 0.0116105 0.245495 0.00714546 0.0117505 0.00457088 0.0100828 
Throughputs: 3.32595 2.58867 3.65363 3.47341 3.63725 2.65421 2.17907 3.53894 4.30899 2.91635 2.3593 3.06381 2.40845 3.1785 3.7847 2.57229 3.96493 3.21126 3.32595 2.57229 2.80166 3.71917 2.09715 2.4576 2.78528 3.06381 2.62144 3.7847 3.1785 4.37453 
Utility: 5.53621 2.34144 5.72104 5.45256 6.22258 6.13909 5.3867 5.87057 2.82874 5.98726 6.01133 5.57265 4.91554 2.55334 6.26506 2.34592 5.68567 6.10903 6.14248 5.55308 5.26226 2.71856 5.4984 5.13965 5.4802 2.52414 5.905 5.77483 6.54446 6.07273 

--------------------------------------
Time: 23.0022
Split Ratios: 1 1 1 1 1 1 1 1 1 1 1 1 1 1 1 1 1 1 1 1 1 1 1 1 1 1 1 1 1 1 
Delays: 0.013104 0.262114 0.0121352 0.0147174 0.00723027 0.00572856 0.00997835 0.0100228 0.266946 0.00735093 0.0057861 0.0115726 0.0176964 0.259528 0.00720387 0.257461 0.0134542 0.00715338 0.00718108 0.0099842 0.0145201 0.257963 0.00863575 0.0144062 0.0116595 0.258182 0.00713266 0.0117594 0.00458707 0.010087 
Throughputs: 3.34234 2.03162 3.30957 3.70278 3.3751 3.2768 2.37568 5.07904 4.34176 2.81805 2.49037 2.99827 2.78528 3.11296 3.70278 2.5559 3.7847 3.35872 3.85024 2.52314 2.62144 4.01408 2.47398 3.06381 3.14573 3.42426 2.42483 3.7847 3.19488 4.17792 
Utility: 5.54151 2.04781 5.60847 5.52781 6.14591 6.34916 5.47262 6.22801 2.78899 5.94897 6.06473 5.55715 5.05874 2.48447 6.24222 2.29529 5.63943 6.15173 6.28444 5.53225 5.19594 2.74475 5.65767 5.35976 5.59768 2.58497 5.82883 5.77407 6.54606 6.02632 

--------------------------------------
Time: 23.5022
Split Ratios: 1 1 1 1 1 1 1 1 1 1 1 1 1 1 1 1 1 1 1 1 1 1 1 1 1 1 1 1 1 1 
Delays: 0.0131259 0.26615 0.0116695 0.014491 0.00720935 0.00574753 0.00996947 0.010023 0.270002 0.00738025 0.00583275 0.0116235 0.017476 0.262982 0.00718876 0.261539 0.0131328 0.00714422 0.00715125 0.0100057 0.0145436 0.261378 0.00860194 0.0144224 0.0116374 0.261468 0.00713924 0.0117863 0.00460005 0.0100644 
Throughputs: 3.30957 2.31014 3.85024 3.22765 3.35872 3.06381 2.58867 4.63667 4.44006 3.06381 2.89997 2.8672 2.40845 3.47341 4.11238 2.17907 4.14515 3.3751 3.29318 2.94912 2.5559 4.01408 2.44122 2.8672 3.32595 2.98189 2.3593 3.85024 3.19488 4.57114 
Utility: 5.52999 2.16101 5.79891 5.40598 6.14394 6.27864 5.55937 6.13687 2.79999 6.02861 6.20897 5.50806 4.92591 2.5808 6.34924 2.12007 5.75458 6.15788 6.13232 5.68611 5.16901 2.7316 5.64826 5.29231 5.65529 2.434 5.80051 5.78895 6.54324 6.11851 

--------------------------------------
Time: 24.0024
Split Ratios: 1 1 1 1 1 1 1 1 1 1 1 1 1 1 1 1 1 1 1 1 1 1 1 1 1 1 1 1 1 1 
Delays: 0.0132384 0.274846 0.0128205 0.0155645 0.00723368 0.00573378 0.00997021 0.0100148 0.279742 0.00731588 0.00578854 0.0116358 0.0180976 0.272576 0.00721732 0.270876 0.0141142 0.00713978 0.00714896 0.00998236 0.0146056 0.271093 0.00860219 0.0144209 0.01157 0.270627 0.00713609 0.0119138 0.00459868 0.0100593 
Throughputs: 3.40787 2.50675 3.67002 3.1785 3.81747 2.98189 2.11354 4.17792 4.44006 2.73613 2.60506 2.53952 2.68698 3.24403 4.34176 2.67059 3.96493 3.30957 3.30957 2.71974 2.57229 3.70278 2.06438 3.14573 3.22765 2.85082 2.60506 3.75194 3.29318 3.93216 
Utility: 5.55072 2.21053 5.6569 5.31917 6.2686 6.25394 5.35652 6.03351 2.76456 5.92425 6.10933 5.38564 5.00039 2.47666 6.39955 2.28839 5.63806 6.13889 6.13761 5.60747 5.17114 2.61438 5.48057 5.38512 5.63109 2.35462 5.90004 5.75233 6.57384 5.96845 

--------------------------------------
Time: 24.5024
Split Ratios: 1 1 1 1 1 1 1 1 1 1 1 1 1 1 1 1 1 1 1 1 1 1 1 1 1 1 1 1 1 1 
Delays: 0.0131182 0.274381 0.0116843 0.0145575 0.00722108 0.00572351 0.00997581 0.0100232 0.279754 0.0073603 0.00576589 0.0116453 0.0177021 0.271616 0.00727455 0.270184 0.0131528 0.00716271 0.00714204 0.00998317 0.0145229 0.270095 0.00862911 0.0144223 0.0116113 0.270014 0.00713648 0.0117807 0.00462372 0.0100851 
Throughputs: 3.3751 2.57229 4.34176 3.2768 3.7847 3.01466 1.86778 4.32538 4.34176 3.06381 2.80166 2.89997 2.44122 3.35872 3.91578 2.83443 3.57171 3.2768 3.45702 2.29376 2.60506 3.40787 2.37568 2.70336 2.78528 2.93274 2.75251 3.55533 3.11296 4.06323 
Utility: 5.55018 2.23803 5.91779 5.41651 6.26172 6.26666 5.23234 6.06735 2.74213 6.03131 6.18601 5.51755 4.92657 2.51492 6.28839 2.35049 5.60416 6.12573 6.18217 5.43705 5.18948 2.53507 5.6179 5.23348 5.48013 2.38522 5.95505 5.70974 6.51213 5.99867 

--------------------------------------
Time: 25.0026
Split Ratios: 1 1 1 1 1 1 1 1 1 1 1 1 1 1 1 1 1 1 1 1 1 1 1 1 1 1 1 1 1 1 
Delays: 0.0133265 0.272089 0.0111451 0.0142051 0.00723244 0.00572388 0.00999183 0.00999738 0.27663 0.00742587 0.00575767 0.0116455 0.0169558 0.269464 0.00722166 0.268089 0.0126573 0.00714432 0.00713489 0.00998399 0.0145959 0.26794 0.00861117 0.0144288 0.0116356 0.267989 0.00714649 0.0118921 0.00472542 0.0101012 
Throughputs: 2.98189 2.17907 3.52256 3.34234 3.62086 2.81805 2.26099 4.34176 4.03046 2.89997 2.98189 3.08019 2.71974 3.26042 3.85024 2.52314 3.63725 3.22765 3.32595 2.4576 2.91635 4.21069 2.57229 2.29376 3.16211 3.22765 2.53952 4.11238 3.19488 4.65306 
Utility: 5.41056 2.08052 5.75594 5.46083 6.21589 6.19915 5.42179 6.07371 2.67896 5.96748 6.24978 5.57783 5.07768 2.49318 6.27881 2.24194 5.66074 6.11319 6.14451 5.50596 5.29735 2.75462 5.69949 5.06872 5.60492 2.48856 5.87311 5.84588 6.51635 6.13263 

--------------------------------------
Time: 25.5028
Split Ratios: 1 1 1 1 1 1 1 1 1 1 1 1 1 1 1 1 1 1 1 1 1 1 1 1 1 1 1 1 1 1 
Delays: 0.0131833 0.254503 0.0115185 0.0145035 0.00721917 0.00573645 0.00997475 0.0100265 0.260694 0.00733321 0.00575327 0.0116037 0.0174433 0.252869 0.00720884 0.25068 0.0128557 0.00715905 0.00715323 0.00999553 0.0145697 0.25163 0.00859886 0.0144008 0.0115975 0.251129 0.00713665 0.0118611 0.00465859 0.0100879 
Throughputs: 3.16211 2.12992 3.29318 3.63725 3.70278 3.12934 2.4576 4.22707 4.62029 3.08019 2.60506 3.30957 2.1463 3.55533 3.98131 2.1463 3.71917 3.32595 3.55533 2.62144 2.49037 4.12877 2.3593 2.73613 2.81805 2.88358 2.49037 3.63725 2.80166 3.67002 
Utility: 5.48004 2.12453 5.65566 5.52459 6.2401 6.30174 5.50688 6.04404 2.87487 6.04033 6.11544 5.65325 4.81255 2.64333 6.31406 2.14733 5.66747 6.14113 6.20864 5.56934 5.14124 2.79777 5.61449 5.24701 5.49301 2.44082 5.85494 5.72572 6.39926 5.89661 

--------------------------------------
Time: 26.0029
Split Ratios: 1 1 1 1 1 1 1 1 1 1 1 1 1 1 1 1 1 1 1 1 1 1 1 1 1 1 1 1 1 1 
Delays: 0.013137 0.26469 0.0140418 0.0172658 0.00722676 0.00572229 0.0099711 0.0100115 0.269609 0.0073446 0.00577351 0.0115662 0.0203449 0.261991 0.00719236 0.260699 0.0157504 0.00713497 0.00716526 0.0100056 0.014523 0.261293 0.00859682 0.0144023 0.0116529 0.260751 0.00713918 0.0117881 0.00454646 0.0100612 
Throughputs: 3.3751 2.4576 4.11238 3.22765 3.81747 2.68698 2.42483 4.57114 4.16154 3.06381 2.5559 2.47398 2.62144 2.94912 4.04685 2.52314 3.86662 3.11296 3.6864 2.73613 2.53952 3.71917 2.39206 2.5559 2.9655 3.63725 2.83443 3.55533 2.94912 4.48922 
Utility: 5.54875 2.22838 5.67972 5.23078 6.26955 6.1518 5.49383 6.12379 2.73667 6.03345 6.09288 5.3655 4.85865 2.42095 6.33267 2.26989 5.50327 6.07832 6.24316 5.61116 5.164 2.65561 5.62852 5.17877 5.53924 2.63542 5.984 5.70911 6.47491 6.10074 

--------------------------------------
Time: 26.5031
Split Ratios: 1 1 1 1 1 1 1 1 1 1 1 1 1 1 1 1 1 1 1 1 1 1 1 1 1 1 1 1 1 1 
Delays: 0.0132832 0.279153 0.0133721 0.0161867 0.00722585 0.00571167 0.00997846 0.0100163 0.285605 0.00740996 0.00576402 0.0116368 0.0196363 0.275609 0.0072737 0.274661 0.0147878 0.00715141 0.00713714 0.0099817 0.0145935 0.274533 0.00860121 0.0143753 0.0116525 0.275015 0.00715254 0.0118358 0.0046354 0.0100626 
Throughputs: 3.30957 2.37568 3.6864 3.26042 3.91578 3.11296 2.29376 4.1943 3.86662 3.30957 2.5559 2.93274 2.63782 3.81747 4.14515 2.40845 3.83386 3.35872 3.2768 2.39206 2.5559 3.81747 2.37568 2.5559 3.09658 3.09658 2.8672 3.63725 2.98189 4.22707 
Utility: 5.51807 2.14128 5.61924 5.30542 6.2951 6.30082 5.43752 6.03727 2.60553 6.10175 6.09453 5.52952 4.90033 2.62836 6.34543 2.1712 5.55782 6.15201 6.12931 5.47916 5.16558 2.63227 5.62114 5.18065 5.58253 2.42123 5.99362 5.72785 6.46659 6.04044 

--------------------------------------
Time: 27.0031
Split Ratios: 1 1 1 1 1 1 1 1 1 1 1 1 1 1 1 1 1 1 1 1 1 1 1 1 1 1 1 1 1 1 
Delays: 0.0131746 0.294019 0.0120182 0.0150839 0.00723017 0.00574207 0.00997897 0.0100054 0.301846 0.00734715 0.00576245 0.0116648 0.0180219 0.291351 0.00720184 0.289621 0.0133255 0.00715158 0.00713353 0.00997766 0.0146607 0.289717 0.00861655 0.0143921 0.0116171 0.289685 0.00712896 0.0118003 0.00472935 0.0100631 
Throughputs: 3.21126 2.048 3.76832 3.67002 3.98131 3.08019 2.09715 4.16154 4.24346 2.99827 2.50675 3.03104 2.62144 3.34234 4.04685 2.40845 3.65363 3.2768 3.40787 2.57229 2.7689 4.1943 2.39206 2.89997 2.94912 3.19488 2.62144 3.50618 3.45702 4.096 
Utility: 5.49613 1.94098 5.74796 5.49432 6.3111 6.28493 5.34786 6.03052 2.64322 6.01148 6.07538 5.56008 4.97989 2.4399 6.33136 2.11817 5.6138 6.12729 6.16904 5.5522 5.24103 2.67258 5.62623 5.30578 5.53679 2.40051 5.90731 5.69416 6.59437 6.00889 

--------------------------------------
Time: 27.5032
Split Ratios: 1 1 1 1 1 1 1 1 1 1 1 1 1 1 1 1 1 1 1 1 1 1 1 1 1 1 1 1 1 1 
Delays: 0.0130831 0.280191 0.0117659 0.0144792 0.00723639 0.0057401 0.0100032 0.0100074 0.284143 0.00753639 0.00577007 0.0117037 0.0175984 0.2766 0.00721132 0.276452 0.0131494 0.00715043 0.00714781 0.00998706 0.0145551 0.275639 0.00862181 0.0144289 0.011634 0.27609 0.00714546 0.0117618 0.00465232 0.0100705 
Throughputs: 3.19488 2.1463 3.73555 3.52256 3.63725 3.09658 2.50675 4.21069 4.45645 3.40787 2.8672 2.8672 2.60506 3.2768 3.5881 2.34291 3.67002 3.32595 3.42426 2.63782 2.80166 3.81747 2.40845 2.88358 2.7689 3.39149 2.75251 3.71917 2.83443 4.03046 
Utility: 5.49798 2.03603 5.76044 5.49423 6.21986 6.29058 5.52384 6.04206 2.75263 6.1141 6.20841 5.50119 4.9974 2.47205 6.20973 2.13711 5.63157 6.14234 6.17183 5.57642 5.26003 2.62825 5.63244 5.29756 5.47227 2.5083 5.95379 5.7564 6.41223 5.99203 

--------------------------------------
Time: 28.0032
Split Ratios: 1 1 1 1 1 1 1 1 1 1 1 1 1 1 1 1 1 1 1 1 1 1 1 1 1 1 1 1 1 1 
Delays: 0.0132274 0.285025 0.0114736 0.0144897 0.007238 0.0057342 0.00997972 0.0100229 0.287388 0.00741244 0.00575121 0.0117505 0.0173388 0.281477 0.00721863 0.279749 0.0132128 0.00714946 0.00715088 0.0099673 0.0146437 0.279877 0.00860066 0.0144039 0.0117088 0.279085 0.00715432 0.0118631 0.00461218 0.0100885 
Throughputs: 3.44064 2.34291 3.76832 3.30957 3.40787 3.03104 2.47398 4.76774 3.9977 2.88358 2.49037 3.44064 2.44122 3.57171 3.93216 2.58867 3.44064 3.42426 3.60448 2.5559 2.88358 3.93216 2.49037 2.68698 3.2768 3.01466 3.06381 3.60448 3.26042 4.24346 
Utility: 5.56112 2.10657 5.79434 5.43113 6.1545 6.27021 5.51303 6.16475 2.63264 5.96363 6.07078 5.67952 4.94731 2.54075 6.30028 2.22501 5.56222 6.1716 6.2227 5.54685 5.28278 2.64259 5.66835 5.22867 5.63428 2.37972 6.0597 5.7165 6.56091 6.04174 

--------------------------------------
Time: 28.5034
Split Ratios: 1 1 1 1 1 1 1 1 1 1 1 1 1 1 1 1 1 1 1 1 1 1 1 1 1 1 1 1 1 1 
Delays: 0.0132462 0.307702 0.0118659 0.0146728 0.0072499 0.00571563 0.00997188 0.0100032 0.311162 0.00733763 0.00576457 0.0115819 0.0177262 0.303968 0.00720926 0.302173 0.0131441 0.00713447 0.00715557 0.00997964 0.0146746 0.30265 0.00863054 0.0144332 0.0115551 0.302056 0.0071701 0.011888 0.00466882 0.0100819 
Throughputs: 3.42426 2.70336 3.83386 3.12934 3.86662 2.49037 2.11354 4.1943 3.89939 2.94912 2.73613 2.7689 2.60506 3.26042 4.1943 2.49037 4.03046 3.2768 3.29318 3.01466 2.78528 3.88301 2.62144 2.8672 2.75251 3.21126 2.9655 3.98131 3.04742 4.22707 
Utility: 5.55493 2.17312 5.77796 5.36258 6.27915 6.07698 5.35635 6.03857 2.52826 5.99625 6.16257 5.47676 4.99017 2.37269 6.36612 2.10919 5.72566 6.12969 6.13172 5.71069 5.24599 2.55179 5.71617 5.29156 5.47314 2.36381 6.02488 5.81384 6.48115 6.03852 

--------------------------------------
Time: 29.0034
Split Ratios: 1 1 1 1 1 1 1 1 1 1 1 1 1 1 1 1 1 1 1 1 1 1 1 1 1 1 1 1 1 1 
Delays: 0.0133539 0.302153 0.0117934 0.0148415 0.00721461 0.00572859 0.00997562 0.0100014 0.306507 0.00738613 0.00577888 0.0116637 0.0177573 0.298906 0.0072212 0.297059 0.0134298 0.00716146 0.00716047 0.00996966 0.0146716 0.29594 0.0085995 0.0143918 0.0116266 0.297264 0.0071337 0.011994 0.00471568 0.010112 
Throughputs: 3.5881 2.65421 4.12877 3.44064 3.40787 2.78528 2.21184 4.45645 3.98131 3.03104 2.8672 3.24403 2.52314 3.26042 4.03046 2.60506 3.5881 3.45702 3.32595 2.29376 2.93274 3.98131 1.96608 2.88358 3.14573 2.93274 2.94912 4.04685 3.57171 4.25984 
Utility: 5.59357 2.17297 5.8582 5.44598 6.15773 6.18663 5.40144 6.09938 2.56413 6.01706 6.20688 5.62809 4.95646 2.38948 6.32462 2.17128 5.5879 6.17945 6.14094 5.4384 5.29778 2.59921 5.43209 5.30013 5.60051 2.28907 6.02443 5.82129 6.62991 6.04326 

--------------------------------------
Time: 29.5035
Split Ratios: 1 1 1 1 1 1 1 1 1 1 1 1 1 1 1 1 1 1 1 1 1 1 1 1 1 1 1 1 1 1 
Delays: 0.0132456 0.293047 0.0156199 0.0184176 0.00722709 0.00571991 0.00997226 0.0100157 0.300419 0.00742285 0.00575459 0.0116355 0.0212985 0.289513 0.007203 0.288789 0.0174412 0.00716299 0.00715136 0.00998133 0.0145415 0.287707 0.00859863 0.0143704 0.0116234 0.288699 0.00714578 0.0117876 0.00459037 0.0100749 
Throughputs: 3.6864 2.52314 3.76832 3.73555 3.85024 2.99827 2.31014 4.44006 4.4073 3.14573 2.58867 2.8672 2.58867 3.29318 3.81747 2.27738 3.83386 3.34234 3.88301 2.50675 2.68698 4.04685 2.44122 2.3593 2.75251 2.89997 2.70336 3.83386 3.34234 4.11238 
Utility: 5.62874 2.15292 5.48584 5.31235 6.27805 6.26184 5.44526 6.09427 2.68584 6.04924 6.1089 5.50703 4.80027 2.43141 6.27285 2.06508 5.39279 6.1455 6.29706 5.52603 5.21917 2.64375 5.64865 5.10095 5.46725 2.30707 5.93573 5.78458 6.59046 6.01172 

--------------------------------------
Time: 30.0035
Split Ratios: 1 1 1 1 1 1 1 1 1 1 1 1 1 1 1 1 1 1 1 1 1 1 1 1 1 1 1 1 1 1 
Delays: 0.013213 0.308876 0.0112814 0.0142174 0.00723505 0.00572 0.00997847 0.010003 0.313582 0.00745598 0.00577122 0.0116436 0.0172496 0.306059 0.00720203 0.304397 0.0128355 0.00716723 0.00715194 0.00997801 0.0145806 0.304583 0.00858948 0.0143936 0.0116324 0.304391 0.00713832 0.0118381 0.00462544 0.0100632 
Throughputs: 3.3751 2.01523 3.52256 3.29318 3.55533 2.68698 2.17907 4.52198 4.14515 3.26042 2.65421 2.63782 2.94912 3.24403 4.01408 2.62144 3.80109 3.52256 3.48979 2.12992 2.80166 4.06323 2.19546 2.8672 3.2768 3.3751 2.4576 4.16154 3.03104 3.85024 
Utility: 5.54298 1.87555 5.74379 5.44514 6.19727 6.1522 5.38622 6.11382 2.58163 6.08059 6.13102 5.42295 5.14147 2.3608 6.3232 2.15315 5.69083 6.19742 6.19021 5.36346 5.25827 2.59079 5.54361 5.29431 5.64083 2.40587 5.84146 5.86232 6.48509 5.94701 

--------------------------------------
Time: 30.5036
Split Ratios: 1 1 1 1 1 1 1 1 1 1 1 1 1 1 1 1 1 1 1 1 1 1 1 1 1 1 1 1 1 1 
Delays: 0.0131766 0.317725 0.0126693 0.0149868 0.00721084 0.00571607 0.00997399 0.010002 0.323247 0.00742319 0.00574455 0.011609 0.0183421 0.316197 0.00719304 0.313516 0.013853 0.00714608 0.00714631 0.00997202 0.0145534 0.313218 0.00861191 0.014447 0.0115991 0.315065 0.00714999 0.0117821 0.00462654 0.0100563 
Throughputs: 3.32595 2.22822 3.86662 3.63725 4.24346 2.70336 2.39206 4.4073 3.75194 3.16211 2.50675 2.91635 2.68698 3.48979 3.93216 2.83443 3.71917 3.34234 3.53894 2.40845 2.63782 4.12877 2.22822 2.70336 2.8672 2.98189 2.47398 3.98131 2.8672 4.25984 
Utility: 5.53107 1.94777 5.72096 5.49181 6.37755 6.15897 5.47993 6.08823 2.45161 6.05439 6.07849 5.52631 4.98697 2.40123 6.30383 2.20175 5.59276 6.14786 6.20499 5.48695 5.19988 2.57883 5.55581 5.23176 5.51016 2.24753 5.84647 5.82279 6.42928 6.04878 

--------------------------------------
Time: 31.0037
Split Ratios: 1 1 1 1 1 1 1 1 1 1 1 1 1 1 1 1 1 1 1 1 1 1 1 1 1 1 1 1 1 1 
Delays: 0.0131599 0.34029 0.0117026 0.01443 0.00721237 0.00573055 0.00998054 0.0100034 0.345525 0.00743857 0.00573939 0.0115964 0.0173733 0.337225 0.00721725 0.335193 0.0130985 0.00715614 0.00714187 0.00997065 0.014647 0.336116 0.00863503 0.0144047 0.0116355 0.336412 0.00714438 0.0118123 0.00461383 0.0100785 
Throughputs: 3.2768 2.34291 4.07962 3.24403 3.52256 3.55533 2.27738 4.1943 4.55475 3.26042 2.4576 2.85082 2.7689 3.2768 3.55533 2.49037 3.21126 3.39149 3.5881 2.17907 2.42483 3.81747 2.31014 2.80166 3.03104 2.93274 2.52314 3.52256 3.48979 4.22707 
Utility: 5.51745 1.92935 5.85395 5.41526 6.19115 6.43039 5.43014 6.03856 2.57886 6.08293 6.05959 5.50467 5.07127 2.27387 6.19973 2.00548 5.50192 6.16105 6.2194 5.38701 5.10928 2.42989 5.58924 5.27041 5.5626 2.16535 5.86693 5.6978 6.62854 6.03886 

--------------------------------------
Time: 31.5038
Split Ratios: 1 1 1 1 1 1 1 1 1 1 1 1 1 1 1 1 1 1 1 1 1 1 1 1 1 1 1 1 1 1 
Delays: 0.0132137 0.347603 0.0108237 0.0138243 0.00725169 0.00572262 0.00996809 0.0100062 0.351105 0.00738649 0.00576064 0.0115962 0.016688 0.344254 0.00722227 0.342403 0.0122153 0.00715256 0.00717137 0.00999239 0.0145841 0.342863 0.00861861 0.0144676 0.01159 0.342962 0.00713624 0.011885 0.00462874 0.0100646 
Throughputs: 3.03104 2.47398 3.40787 3.55533 3.89939 2.9655 2.17907 3.94854 4.11238 2.83443 2.73613 2.91635 2.57229 3.06381 3.81747 2.40845 3.22765 3.70278 3.44064 2.57229 2.47398 3.9977 2.58867 2.85082 2.89997 3.3751 2.57229 3.91578 3.30957 4.22707 
Utility: 5.43541 1.96252 5.75211 5.54978 6.28734 6.25037 5.38727 5.9779 2.46067 5.94994 6.16325 5.52741 5.03786 2.18603 6.27017 1.95075 5.57682 6.24937 6.17332 5.55073 5.13365 2.45614 5.70498 5.28345 5.52231 2.28656 5.88736 5.79749 6.57229 6.04024 

--------------------------------------
Time: 32.004
Split Ratios: 1 1 1 1 1 1 1 1 1 1 1 1 1 1 1 1 1 1 1 1 1 1 1 1 1 1 1 1 1 1 
Delays: 0.01313 0.344103 0.0124707 0.0154572 0.00720921 0.00572062 0.00997173 0.0100197 0.349953 0.00739892 0.00574452 0.0116978 0.0185965 0.341774 0.00722562 0.340464 0.0142623 0.00715398 0.00715543 0.00997761 0.0145289 0.340234 0.00859194 0.0144153 0.0116242 0.340194 0.00714235 0.0117495 0.00455131 0.0101281 
Throughputs: 3.34234 2.42483 4.11238 3.30957 3.3751 2.5559 2.3593 4.39091 4.04685 3.03104 2.39206 3.12934 2.9655 3.09658 4.11238 2.62144 3.7847 3.55533 3.83386 2.37568 2.73613 3.98131 2.57229 2.85082 3.1785 3.26042 2.62144 3.76832 2.93274 4.4073 
Utility: 5.53953 1.95258 5.79838 5.3665 6.14882 6.10208 5.46636 6.08274 2.44789 6.01533 6.03167 5.58918 5.07183 2.2039 6.34412 2.04117 5.5811 6.20853 6.28376 5.4727 5.23816 2.45973 5.70173 5.28707 5.61108 2.26009 5.90544 5.77057 6.46828 6.0757 

--------------------------------------
Time: 32.5041
Split Ratios: 1 1 1 1 1 1 1 1 1 1 1 1 1 1 1 1 1 1 1 1 1 1 1 1 1 1 1 1 1 1 
Delays: 0.0133072 0.354043 0.012086 0.0148768 0.00720606 0.00571684 0.00999035 0.0100326 0.357862 0.00734644 0.00575249 0.01166 0.0178613 0.351157 0.00719189 0.349466 0.0133911 0.00714812 0.0071483 0.00998357 0.0147074 0.349647 0.0086187 0.0143853 0.0116107 0.350014 0.00714031 0.0118785 0.00465318 0.0100873 
Throughputs: 3.32595 2.40845 3.94854 3.24403 3.48979 3.08019 2.048 4.37453 3.76832 2.94912 2.49037 2.8672 2.49037 3.3751 3.98131 2.73613 3.98131 3.5881 3.32595 2.47398 2.89997 3.6864 2.50675 2.68698 3.21126 3.47341 2.75251 3.98131 3.42426 4.06323 
Utility: 5.52121 1.91732 5.78906 5.38477 6.18268 6.28933 5.323 6.07771 2.35424 5.99505 6.07055 5.50493 4.93755 2.26295 6.31641 2.05789 5.69478 6.21853 6.14264 5.51264 5.28411 2.35548 5.67281 5.22997 5.6225 2.29492 5.95451 5.81464 6.60109 5.99846 

--------------------------------------
Time: 33.0042
Split Ratios: 1 1 1 1 1 1 1 1 1 1 1 1 1 1 1 1 1 1 1 1 1 1 1 1 1 1 1 1 1 1 
Delays: 0.0132935 0.354461 0.0116351 0.014521 0.00723165 0.00570413 0.00998683 0.010006 0.359978 0.00740435 0.0057591 0.011616 0.0174107 0.351973 0.00723258 0.350278 0.0129105 0.00716337 0.00715172 0.00997647 0.0146652 0.351178 0.00858096 0.0144231 0.0116397 0.350788 0.00713067 0.0120092 0.00477425 0.010043 
Throughputs: 3.35872 2.26099 3.53894 3.3751 3.57171 2.68698 2.53952 4.01408 4.03046 3.01466 2.39206 2.7689 2.57229 3.2768 4.32538 2.81805 3.57171 3.45702 3.08019 2.50675 2.7689 3.60448 2.37568 2.85082 3.2768 3.42426 2.53952 3.7847 3.62086 4.096 
Utility: 5.53204 1.85296 5.71755 5.44858 6.20233 6.15498 5.53846 5.99438 2.41559 6.00917 6.02913 5.47382 4.99546 2.23107 6.39366 2.08507 5.62276 6.17918 6.06539 5.52651 5.24073 2.32864 5.62349 5.28653 5.6402 2.27846 5.87532 5.75305 6.63123 6.01089 

--------------------------------------
Time: 33.5043
Split Ratios: 1 1 1 1 1 1 1 1 1 1 1 1 1 1 1 1 1 1 1 1 1 1 1 1 1 1 1 1 1 1 
Delays: 0.0131463 0.357463 0.0113577 0.0142606 0.00722388 0.00571327 0.00997956 0.0100056 0.36128 0.00739181 0.00575297 0.0116654 0.0170985 0.355289 0.00721218 0.355436 0.012764 0.00714097 0.00715743 0.00997051 0.0145364 0.354379 0.00864322 0.0143946 0.0116656 0.354218 0.00712768 0.011893 0.0046238 0.0100608 
Throughputs: 3.12934 2.52314 3.63725 3.30957 3.70278 2.63782 2.49037 4.70221 4.16154 2.9655 2.75251 2.73613 2.31014 3.55533 4.1943 2.3593 3.60448 2.81805 3.75194 2.60506 2.65421 3.71917 2.57229 2.24461 3.09658 3.16211 2.62144 3.53894 3.11296 4.35814 
Utility: 5.47244 1.95423 5.76909 5.44708 6.23945 6.13492 5.51965 6.15264 2.44399 5.99443 6.17055 5.45767 4.90607 2.30327 6.36571 1.89277 5.6433 5.97795 6.26188 5.56558 5.20724 2.35089 5.69578 5.04943 5.58141 2.18908 5.90749 5.69564 6.51211 6.07115 

--------------------------------------
Time: 34.0044
Split Ratios: 1 1 1 1 1 1 1 1 1 1 1 1 1 1 1 1 1 1 1 1 1 1 1 1 1 1 1 1 1 1 
Delays: 0.0131389 0.364411 0.0110607 0.0140526 0.00721222 0.00570549 0.00997879 0.010005 0.369108 0.00737296 0.00579802 0.0116071 0.0169964 0.361011 0.00724254 0.361109 0.0125984 0.00713399 0.0071484 0.00997584 0.0145137 0.359787 0.00860595 0.0144396 0.0116228 0.359958 0.00715502 0.0117902 0.0045315 0.0100561 
Throughputs: 3.26042 2.37568 3.47341 3.34234 3.55533 2.67059 2.39206 4.24346 4.01408 3.08019 2.5559 2.7689 2.67059 3.53894 3.89939 2.26099 3.89939 3.1785 3.35872 2.49037 2.70336 3.89939 2.39206 2.89997 3.06381 3.32595 2.63782 3.76832 3.03104 4.37453 
Utility: 5.51403 1.87476 5.74949 5.47162 6.20043 6.14863 5.47945 6.05005 2.38647 6.03493 6.08865 5.47459 5.05705 2.28267 6.2886 1.83438 5.73501 6.09929 6.15243 5.52002 5.22716 2.38306 5.62746 5.30248 5.57444 2.22352 5.9099 5.76712 6.50561 6.07538 

--------------------------------------
Time: 34.5044
Split Ratios: 1 1 1 1 1 1 1 1 1 1 1 1 1 1 1 1 1 1 1 1 1 1 1 1 1 1 1 1 1 1 
Delays: 0.0131249 0.357129 0.0118115 0.0150442 0.00722582 0.00570581 0.00998328 0.0100193 0.361604 0.00740159 0.00578931 0.0116194 0.0179242 0.354415 0.00722584 0.353121 0.0133316 0.00714791 0.00715372 0.00996807 0.0145558 0.35306 0.00865034 0.0144732 0.0115601 0.352844 0.00714071 0.0118004 0.00455017 0.0100751 
Throughputs: 3.3751 2.37568 3.14573 3.83386 3.7847 2.9655 2.31014 4.27622 3.89939 2.9655 2.24461 2.7689 2.85082 3.26042 3.98131 2.88358 3.73555 3.32595 3.35872 2.34291 2.67059 3.83386 2.62144 2.93274 2.57229 3.1785 2.50675 3.53894 2.98189 4.25984 
Utility: 5.54967 1.89494 5.58472 5.54064 6.26106 6.25332 5.44415 6.05631 2.37803 5.99311 5.96027 5.47353 5.06921 2.21914 6.3117 2.09998 5.63552 6.14269 6.15168 5.45976 5.21207 2.38499 5.71388 5.31139 5.405 2.19814 5.86093 5.70345 6.48515 6.04692 

--------------------------------------
Time: 35.0045
Split Ratios: 1 1 1 1 1 1 1 1 1 1 1 1 1 1 1 1 1 1 1 1 1 1 1 1 1 1 1 1 1 1 
Delays: 0.0132479 0.364987 0.0115316 0.0143004 0.00723243 0.00572907 0.00998738 0.0100102 0.370525 0.00737359 0.00573909 0.0115937 0.0173685 0.36317 0.0072615 0.361786 0.0129641 0.0071414 0.00713898 0.00997591 0.0146197 0.361958 0.0086047 0.0144129 0.0115951 0.362098 0.00714471 0.0119142 0.00457733 0.0100534 
Throughputs: 3.09658 2.37568 3.81747 3.19488 3.86662 2.68698 2.37568 4.29261 4.37453 2.7689 2.32653 2.91635 2.71974 3.01466 3.96493 2.7689 3.9977 3.40787 3.12934 2.67059 2.98189 3.94854 2.52314 2.65421 2.70336 2.94912 2.57229 3.89939 2.93274 3.89939 
Utility: 5.45421 1.87318 5.80225 5.40902 6.28156 6.15062 5.47172 6.06104 2.46863 5.9283 6.00483 5.52763 5.05363 2.11637 6.30266 2.03515 5.73129 6.16793 6.08301 5.58988 5.31794 2.38957 5.68095 5.21578 5.45167 2.09735 5.88618 5.79084 6.46258 5.96066 

--------------------------------------
Time: 35.5045
Split Ratios: 1 1 1 1 1 1 1 1 1 1 1 1 1 1 1 1 1 1 1 1 1 1 1 1 1 1 1 1 1 1 
Delays: 0.0132819 0.376258 0.0116748 0.0149743 0.00721453 0.00571118 0.00998771 0.0100161 0.380574 0.00737434 0.00575515 0.0115828 0.0177146 0.373561 0.0071996 0.372411 0.0134632 0.00714241 0.0071472 0.00999184 0.0146405 0.372479 0.00863684 0.0144482 0.0115747 0.372553 0.00712239 0.011953 0.00458834 0.0100723 
Throughputs: 3.35872 2.16269 3.60448 3.7847 3.35872 2.78528 2.44122 4.4073 4.27622 2.7689 2.9655 2.47398 2.40845 3.14573 3.98131 2.39206 3.86662 3.2768 3.44064 2.62144 2.7689 4.01408 2.50675 2.42483 2.7689 3.45702 2.68698 3.50618 3.42426 3.83386 
Utility: 5.53291 1.74883 5.7325 5.53239 6.14322 6.18968 5.4989 6.08682 2.41915 5.9282 6.24471 5.36406 4.91235 2.13072 6.31534 1.85992 5.66018 6.12857 6.17669 5.56971 5.24241 2.37738 5.67071 5.12295 5.47738 2.22778 5.93293 5.6813 6.61512 5.94184 

--------------------------------------
Time: 36.0047
Split Ratios: 1 1 1 1 1 1 1 1 1 1 1 1 1 1 1 1 1 1 1 1 1 1 1 1 1 1 1 1 1 1 
Delays: 0.0132251 0.375113 0.0117728 0.0147584 0.00719369 0.005721 0.00999931 0.0100206 0.381435 0.00741704 0.00575189 0.011562 0.017646 0.373372 0.00722505 0.371357 0.0133106 0.00715038 0.00715671 0.00997344 0.0145273 0.371161 0.00860563 0.0143776 0.0115985 0.370595 0.00715413 0.0118254 0.00462025 0.0100531 
Throughputs: 3.3751 2.62144 3.76832 2.9655 3.88301 2.91635 2.37568 4.03046 3.91578 2.68698 2.21184 2.94912 2.50675 3.22765 3.88301 2.37568 4.06323 3.5881 3.7847 2.57229 2.65421 3.71917 2.27738 2.73613 3.19488 3.53894 2.37568 3.29318 3.16211 3.9977 
Utility: 5.54206 1.94425 5.7686 5.30299 6.29116 6.23394 5.47052 5.99699 2.32883 5.89239 5.95205 5.54154 4.95623 2.15693 6.28681 1.85587 5.72118 6.21821 6.27067 5.55263 5.20787 2.30462 5.57836 5.24862 5.61843 2.25647 5.80535 5.62936 6.52855 5.98559 

