--------------------------------------
Time: 5.50011
Split Ratios: 0.5 0.5 0.5 0.5 0.5 0.5 0.5 0.5 0.5 0.5 1 0.5 0.5 1 0.333333 0.333333 0.333333 1 1 0.5 0.5 0.5 0.5 0.5 0.5 1 1 0.5 0.5 1 1 1 1 1 1 1 1 0.5 0.5 1 0.5 0.5 1 0.2 0.2 0.2 0.2 0.2 
Delays: 0.0179099 0.015431 0.0147618 0.0152184 0.00940925 0.00577111 0.0296152 0.0160953 0.0188298 0.0103017 0.00572061 0.0132188 0.0181867 0.0157139 0.00589235 0.00878322 0.022648 0.00718266 0.0072785 0.0129667 0.0130982 0.0231711 0.0116289 0.0130386 0.0130582 0.00923721 0.00717075 0.0275038 0.00438709 0.018637 
Throughputs: 2.88358 2.68698 3.7847 3.12934 3.52256 2.8672 2.63782 4.17792 4.12877 2.62144 2.60506 3.04742 2.21184 2.83443 4.32538 2.32653 3.88301 3.44064 3.30957 2.40845 2.29376 3.6864 2.4576 2.89997 2.94912 3.40787 2.44122 3.6864 3.22765 4.14515 
Utility: 5.08143 5.15979 5.54668 5.32607 5.92525 6.20823 4.48942 5.55904 5.39029 5.53917 6.12113 5.44041 4.80089 5.19505 6.5986 5.57929 5.14429 6.17174 6.11965 5.22435 5.16548 5.0695 5.35345 5.40454 5.41985 5.9106 5.83024 4.89808 6.60084 5.40455 

--------------------------------------
Time: 6.00016
Split Ratios: 0.07 0.93 0.88 0.12 0.341 0.659 0.735 0.265 0.6 0.4 1 0.099 0.901 1 0.633 0.05 0.317 1 1 0.245 0.755 0.852 0.148 0.548 0.452 1 1 0.593 0.407 1 1 1 1 1 1 1 1 0.281 0.719 1 0.93 0.07 1 0.592 0.151 0.034 0.115 0.108 
Delays: 0.0127937 0.0170588 0.0141696 0.0149675 0.00906631 0.00575557 0.0302259 0.0159857 0.0180438 0.0103232 0.00571453 0.0133496 0.0175503 0.0159183 0.00594027 0.00877098 0.022246 0.0071599 0.00724209 0.012934 0.0131112 0.0229358 0.0117059 0.0129855 0.0130652 0.00860696 0.00716498 0.0247731 0.00439954 0.0191963 
Throughputs: 2.91635 2.47398 3.42426 3.57171 3.67002 2.75251 2.048 4.44006 4.27622 2.8672 2.63782 2.7689 2.26099 3.06381 4.096 2.71974 3.44064 3.6864 3.70278 2.1463 2.63782 3.6864 2.5559 3.04742 3.26042 3.22765 2.52314 3.96493 3.06381 4.04685 
Utility: 5.42913 4.97692 5.48754 5.47492 6.00339 6.1701 4.21592 5.62673 5.46802 5.6267 6.1347 5.33472 4.85849 5.25995 6.53601 5.73684 5.04125 6.24391 6.23693 5.11165 5.30424 5.07971 5.38607 5.45822 5.51966 5.92694 5.86405 5.07548 6.54591 5.35098 

--------------------------------------
Time: 6.50028
Split Ratios: 0.07 0.93 0.88 0.12 0.341 0.659 0.735 0.265 0.6 0.4 1 0.099 0.901 1 0.633 0.05 0.317 1 1 0.245 0.755 0.852 0.148 0.548 0.452 1 1 0.593 0.407 1 1 1 1 1 1 1 1 0.281 0.719 1 0.93 0.07 1 0.592 0.151 0.034 0.115 0.108 
Delays: 0.0123072 0.0169529 0.0143711 0.0149679 0.00918842 0.00575636 0.0302607 0.0160769 0.0180234 0.0103764 0.00571233 0.0132335 0.0174559 0.0158132 0.00586506 0.00884802 0.0223039 0.00720844 0.00727543 0.0129946 0.0130672 0.0229738 0.0116656 0.0129773 0.0131321 0.00849299 0.00716873 0.0247815 0.00441518 0.0188675 
Throughputs: 3.35872 2.49037 4.14515 3.55533 3.53894 2.58867 2.62144 4.27622 3.6864 2.7689 2.75251 2.50675 2.65421 3.39149 3.85024 2.52314 3.65363 3.2768 3.50618 2.83443 2.81805 3.9977 2.5559 2.99827 2.68698 3.09658 2.62144 3.76832 3.19488 3.9977 
Utility: 5.60913 4.98975 5.66447 5.47029 5.95364 6.10859 4.46163 5.58344 5.32074 5.58667 6.17764 5.24399 5.02423 5.36818 6.48688 5.65306 5.09872 6.11937 6.17778 5.38506 5.3737 5.15912 5.38951 5.44259 5.32111 5.89881 5.90175 5.02429 6.58426 5.35603 

--------------------------------------
Time: 7.00042
Split Ratios: 0.07 0.93 0.88 0.12 0.341 0.659 0.735 0.265 0.6 0.4 1 0.099 0.901 1 0.633 0.05 0.317 1 1 0.245 0.755 0.852 0.148 0.548 0.452 1 1 0.593 0.407 1 1 1 1 1 1 1 1 0.281 0.719 1 0.93 0.07 1 0.592 0.151 0.034 0.115 0.108 
Delays: 0.0124764 0.0170057 0.0143364 0.0149893 0.00904823 0.0057667 0.0302059 0.0160875 0.0180383 0.0103029 0.00571581 0.0132968 0.0174862 0.0162663 0.00585882 0.00880212 0.0222814 0.00717356 0.00725974 0.0129936 0.0130524 0.0230161 0.0115812 0.0130212 0.0130176 0.00859392 0.00723405 0.0247404 0.00439752 0.0190698 
Throughputs: 3.5881 2.47398 3.52256 3.6864 3.45702 2.99827 2.5559 4.35814 4.06323 2.75251 2.65421 2.98189 2.89997 3.19488 3.88301 2.37568 3.6864 3.35872 3.22765 2.5559 2.73613 4.12877 2.01523 3.03104 2.94912 3.11296 2.85082 4.03046 3.16211 4.27622 
Utility: 5.66154 4.98004 5.50414 5.50507 5.94559 6.25369 4.43812 5.60176 5.41724 5.58784 6.14067 5.41279 5.11104 5.28021 6.49642 5.59805 5.10865 6.14891 6.09717 5.2817 5.34533 5.18954 5.15911 5.45008 5.42296 5.89227 5.97656 5.0932 6.57796 5.41272 

--------------------------------------
Time: 7.50047
Split Ratios: 0.07 0.93 0.88 0.12 0.341 0.659 0.735 0.265 0.6 0.4 1 0.099 0.901 1 0.633 0.05 0.317 1 1 0.245 0.755 0.852 0.148 0.548 0.452 1 1 0.593 0.407 1 1 1 1 1 1 1 1 0.281 0.719 1 0.93 0.07 1 0.592 0.151 0.034 0.115 0.108 
Delays: 0.0126436 0.0171536 0.0144271 0.0148169 0.00881494 0.00574789 0.0302443 0.0160368 0.0182327 0.010389 0.00571238 0.0133946 0.0175261 0.0152941 0.00580743 0.00884447 0.022396 0.00717852 0.00732041 0.0130138 0.0131015 0.0230081 0.0116276 0.0129948 0.0131468 0.00843651 0.00715743 0.0247973 0.00444312 0.0192199 
Throughputs: 3.29318 2.5559 3.40787 2.99827 3.93216 2.88358 2.32653 4.44006 4.57114 2.89997 2.81805 3.26042 2.68698 3.39149 3.65363 2.83443 4.03046 3.14573 3.67002 2.58867 2.52314 3.88301 2.47398 2.49037 3.30957 3.14573 2.65421 3.93216 3.04742 4.25984 
Utility: 5.56246 5.00395 5.46474 5.31003 6.1005 6.21796 4.34283 5.62354 5.5243 5.63171 6.20116 5.49475 5.03248 5.40156 6.44434 5.7698 5.19276 6.08271 6.21729 5.29289 5.26053 5.12852 5.36021 5.25564 5.5284 5.92123 5.91575 5.06621 6.53069 5.40104 

--------------------------------------
Time: 8.00051
Split Ratios: 0.07 0.93 0.88 0.12 0.341 0.659 0.735 0.265 0.6 0.4 1 0.099 0.901 1 0.633 0.05 0.317 1 1 0.245 0.755 0.852 0.148 0.548 0.452 1 1 0.593 0.407 1 1 1 1 1 1 1 1 0.281 0.719 1 0.93 0.07 1 0.592 0.151 0.034 0.115 0.108 
Delays: 0.0126243 0.0170287 0.0144509 0.0148853 0.00890967 0.00579974 0.0302677 0.0160274 0.0179543 0.0103966 0.00573625 0.0132532 0.0175314 0.0156778 0.00582652 0.00883905 0.0222381 0.00717692 0.00724813 0.0130248 0.0130855 0.0229948 0.0115798 0.0129796 0.0130326 0.00868757 0.00720755 0.0248548 0.00444528 0.0191417 
Throughputs: 3.21126 2.49037 3.65363 3.24403 3.47341 2.83443 2.75251 4.096 3.91578 2.85082 2.53952 2.44122 2.37568 3.47341 4.12877 2.68698 3.62086 3.01466 3.45702 2.49037 2.52314 3.96493 2.17907 2.73613 2.78528 3.65363 2.78528 3.71917 2.8672 4.29261 
Utility: 5.5388 4.98529 5.53272 5.3842 5.96575 6.19178 4.51019 5.54346 5.38494 5.61388 6.09292 5.21601 4.90905 5.40064 6.56331 5.71699 5.09266 6.04037 6.16742 5.25333 5.26175 5.14998 5.2374 5.35092 5.36465 6.04158 5.95697 5.0082 6.46925 5.41278 

--------------------------------------
Time: 8.50058
Split Ratios: 0.07 0.93 0.88 0.12 0.341 0.659 0.735 0.265 0.6 0.4 1 0.099 0.901 1 0.633 0.05 0.317 1 1 0.245 0.755 0.852 0.148 0.548 0.452 1 1 0.593 0.407 1 1 1 1 1 1 1 1 0.281 0.719 1 0.93 0.07 1 0.592 0.151 0.034 0.115 0.108 
Delays: 0.0125239 0.0169881 0.0143938 0.0149524 0.00900859 0.00579155 0.0302604 0.0159401 0.0181703 0.0103803 0.00572314 0.0132171 0.0176536 0.0153519 0.00585082 0.00882838 0.0223173 0.00717385 0.00725114 0.0129745 0.0130852 0.0230219 0.0116762 0.0129599 0.0131158 0.00865624 0.0071736 0.0247081 0.00443547 0.0190204 
Throughputs: 3.3751 2.68698 3.86662 3.7847 3.88301 2.58867 2.37568 3.96493 4.65306 2.67059 2.52314 2.53952 2.60506 3.16211 4.22707 2.71974 3.73555 3.50618 3.53894 2.50675 2.73613 3.98131 2.78528 2.47398 3.06381 3.03104 2.7689 3.50618 3.3751 4.27622 
Utility: 5.59654 5.06366 5.59334 5.53385 6.06619 6.1025 4.3632 5.5164 5.54549 5.55015 6.08874 5.25822 4.99427 5.32776 6.58268 5.73032 5.12029 6.19184 6.19042 5.26376 5.34282 5.15292 5.47455 5.25172 5.4536 5.85838 5.9558 4.95515 6.63455 5.41532 

--------------------------------------
Time: 9.00065
Split Ratios: 0.07 0.93 0.88 0.12 0.341 0.659 0.735 0.265 0.6 0.4 1 0.099 0.901 1 0.633 0.05 0.317 1 1 0.245 0.755 0.852 0.148 0.548 0.452 1 1 0.593 0.407 1 1 1 1 1 1 1 1 0.281 0.719 1 0.93 0.07 1 0.592 0.151 0.034 0.115 0.108 
Delays: 0.0122857 0.0168707 0.0143703 0.0147842 0.00904053 0.00577761 0.0303254 0.0159765 0.0181052 0.0102833 0.00571845 0.0132502 0.017564 0.0153749 0.00584286 0.00880816 0.0222906 0.00717494 0.00723319 0.0129923 0.0130829 0.0229775 0.0115784 0.0129444 0.0130773 0.00864402 0.00718034 0.0247677 0.00444396 0.018944 
Throughputs: 3.53894 2.53952 3.45702 3.08019 3.96493 2.8672 2.47398 4.12877 3.98131 3.09658 2.65421 2.85082 2.9655 3.30957 4.21069 2.09715 3.35872 3.35872 3.45702 2.31014 2.85082 3.83386 2.7689 2.63782 2.70336 3.73555 2.62144 3.96493 3.21126 3.88301 
Utility: 5.66314 5.01415 5.483 5.33919 6.08352 6.2071 4.4016 5.55462 5.39317 5.70753 6.1402 5.37135 5.12895 5.37184 6.58016 5.47266 5.01515 6.14872 6.16948 5.18071 5.38406 5.11711 5.47706 5.31705 5.33137 6.06878 5.90013 5.0757 6.58287 5.32288 

--------------------------------------
Time: 9.50072
Split Ratios: 0.07 0.93 0.88 0.12 0.341 0.659 0.735 0.265 0.6 0.4 1 0.099 0.901 1 0.633 0.05 0.317 1 1 0.245 0.755 0.852 0.148 0.548 0.452 1 1 0.593 0.407 1 1 1 1 1 1 1 1 0.281 0.719 1 0.93 0.07 1 0.592 0.151 0.034 0.115 0.108 
Delays: 0.0125786 0.0168071 0.0143563 0.0148884 0.00879115 0.00576051 0.0301923 0.0160864 0.0182582 0.0103831 0.00571692 0.013296 0.0174503 0.0159446 0.00584273 0.008867 0.022336 0.00718854 0.00720938 0.0129822 0.0130931 0.0229781 0.0116559 0.0130876 0.0131601 0.0086237 0.00716179 0.0246546 0.00441669 0.0193645 
Throughputs: 3.22765 2.44122 4.03046 3.45702 3.71917 2.91635 2.52314 4.66944 4.04685 3.44064 2.57229 2.62144 2.39206 3.26042 4.11238 2.47398 3.80109 3.44064 3.14573 2.34291 2.73613 4.01408 2.71974 2.94912 3.01466 3.88301 2.81805 3.50618 2.89997 4.21069 
Utility: 5.54751 4.97845 5.63745 5.44758 6.04751 6.22706 4.42567 5.67082 5.40108 5.80323 6.10912 5.28401 4.92056 5.32049 6.55656 5.63125 5.13684 6.17092 6.07842 5.19557 5.34221 5.16302 5.45248 5.4176 5.43405 6.10985 5.97504 4.95732 6.48707 5.38194 

--------------------------------------
Time: 10.0008
Split Ratios: 0.07 0.93 0.88 0.12 0.341 0.659 0.735 0.265 0.6 0.4 1 0.099 0.901 1 0.633 0.05 0.317 1 1 0.245 0.755 0.852 0.148 0.548 0.452 1 1 0.593 0.407 1 1 1 1 1 1 1 1 0.281 0.719 1 0.93 0.07 1 0.592 0.151 0.034 0.115 0.108 
Delays: 0.0124704 0.0169893 0.0142757 0.0149279 0.00927848 0.0057519 0.0302561 0.0159548 0.0183905 0.0103397 0.0057034 0.0132695 0.0174813 0.0154893 0.00580653 0.00876875 0.0223019 0.00718742 0.00727676 0.0130019 0.0131425 0.0231011 0.0116293 0.0129776 0.0130727 0.00860756 0.00716283 0.0247114 0.00449482 0.0189116 
Throughputs: 3.93216 2.19546 3.24403 3.44064 3.39149 3.01466 2.63782 4.34176 4.1943 2.81805 2.57229 2.50675 2.49037 3.48979 3.60448 2.29376 3.55533 3.24403 3.40787 2.5559 2.70336 3.7847 2.81805 2.98189 3.04742 3.06381 2.44122 3.32595 3.34234 4.25984 
Utility: 5.75358 4.86156 5.42602 5.44018 5.90133 6.26171 4.46801 5.60628 5.42965 5.60781 6.11149 5.24127 4.95905 5.41745 6.43095 5.56675 5.07153 6.11224 6.14916 5.28107 5.3264 5.09884 5.49027 5.43708 5.45152 5.87477 5.83135 4.90225 6.6115 5.41721 

--------------------------------------
Time: 10.5011
Split Ratios: 0.07 0.93 0.88 0.12 0.341 0.659 0.735 0.265 0.6 0.4 1 0.099 0.901 1 0.633 0.05 0.317 1 1 0.245 0.755 0.852 0.148 0.548 0.452 1 1 0.593 0.407 1 1 1 1 1 1 1 1 0.281 0.719 1 0.93 0.07 1 0.592 0.151 0.034 0.115 0.108 
Delays: 0.0123122 0.0170515 0.0144888 0.0148866 0.00885222 0.00574778 0.0303507 0.0159936 0.0180122 0.0103421 0.00572079 0.0133115 0.0175268 0.0154812 0.00580549 0.00883717 0.0222878 0.00717261 0.00727911 0.0130217 0.0131364 0.0230199 0.0116516 0.0129999 0.0130639 0.00846424 0.00720381 0.0248195 0.00440399 0.0189644 
Throughputs: 3.30957 2.8672 4.27622 3.5881 3.52256 2.85082 2.53952 4.47283 4.06323 2.85082 2.80166 2.67059 2.42483 3.29318 3.88301 2.5559 3.75194 3.11296 3.60448 2.50675 2.73613 3.80109 2.24461 2.91635 2.9655 3.01466 2.67059 3.96493 3.34234 4.04685 
Utility: 5.59398 5.12485 5.68745 5.48492 5.98627 6.20655 4.42691 5.63359 5.41868 5.61914 6.19386 5.30143 4.92978 5.35999 6.50556 5.66719 5.12599 6.07306 6.20492 5.26013 5.33891 5.10668 5.26084 5.41315 5.42495 5.87539 5.91544 5.07361 6.63191 5.36313 

--------------------------------------
Time: 11.0012
Split Ratios: 0.07 0.93 0.88 0.12 0.341 0.659 0.735 0.265 0.6 0.4 1 0.099 0.901 1 0.633 0.05 0.317 1 1 0.245 0.755 0.852 0.148 0.548 0.452 1 1 0.593 0.407 1 1 1 1 1 1 1 1 0.281 0.719 1 0.93 0.07 1 0.592 0.151 0.034 0.115 0.108 
Delays: 0.0126462 0.0168751 0.0142866 0.0148294 0.00905093 0.00573545 0.0302418 0.0159855 0.0179955 0.0103325 0.0057279 0.0132921 0.0175301 0.0156605 0.00586749 0.00875554 0.0223586 0.00717579 0.00726935 0.013029 0.0131009 0.0230117 0.0115951 0.0130074 0.0130695 0.00879115 0.00716486 0.0246768 0.00441455 0.0189301 
Throughputs: 3.2768 2.39206 3.65363 3.24403 4.04685 2.65421 2.19546 4.24346 3.53894 2.94912 2.49037 2.81805 2.52314 3.3751 3.85024 2.21184 3.83386 3.06381 3.29318 2.7689 3.11296 4.01408 2.24461 2.89997 3.08019 2.9655 3.04742 3.55533 3.34234 4.03046 
Utility: 5.55726 4.95407 5.54416 5.38796 6.10283 6.13724 4.28492 5.58145 5.28146 5.65397 6.07484 5.35663 4.96934 5.37304 6.48646 5.53189 5.14441 6.0567 6.11594 5.35902 5.47065 5.16156 5.2657 5.40693 5.46246 5.82106 6.05286 4.97034 6.62952 5.36088 

--------------------------------------
Time: 11.5014
Split Ratios: 0.07 0.93 0.88 0.12 0.341 0.659 0.735 0.265 0.6 0.4 1 0.099 0.901 1 0.633 0.05 0.317 1 1 0.245 0.755 0.852 0.148 0.548 0.452 1 1 0.593 0.407 1 1 1 1 1 1 1 1 0.281 0.719 1 0.93 0.07 1 0.592 0.151 0.034 0.115 0.108 
Delays: 0.0123008 0.0171356 0.0143036 0.0149209 0.00894802 0.00574905 0.0302228 0.0160117 0.0184222 0.0103333 0.00571136 0.013359 0.017488 0.0156871 0.00583195 0.00883185 0.0223659 0.00717626 0.00728308 0.0130497 0.0130823 0.0230454 0.0116087 0.0130239 0.013065 0.00858757 0.00718291 0.0249098 0.00440208 0.0189647 
Throughputs: 3.01466 2.62144 3.47341 3.50618 3.55533 2.75251 2.31014 4.48922 4.14515 3.14573 2.4576 3.01466 2.40845 3.55533 3.67002 2.67059 3.86662 3.67002 3.47341 2.4576 2.75251 4.22707 2.34291 2.8672 2.81805 3.01466 2.65421 3.86662 2.91635 4.06323 
Utility: 5.50158 5.03032 5.49238 5.45952 5.98477 6.17123 4.33647 5.63611 5.41614 5.71843 6.06448 5.41905 4.92522 5.42336 6.4446 5.71169 5.1526 6.23717 6.16734 5.23818 5.34901 5.2118 5.3074 5.3943 5.37386 5.86093 5.9122 5.04488 6.49601 5.36715 

--------------------------------------
Time: 12.0015
Split Ratios: 0.07 0.93 0.88 0.12 0.341 0.659 0.735 0.265 0.6 0.4 1 0.099 0.901 1 0.633 0.05 0.317 1 1 0.245 0.755 0.852 0.148 0.548 0.452 1 1 0.593 0.407 1 1 1 1 1 1 1 1 0.281 0.719 1 0.93 0.07 1 0.592 0.151 0.034 0.115 0.108 
Delays: 0.012316 0.0170719 0.0142917 0.0148223 0.00904112 0.00577241 0.0303114 0.0159721 0.0180501 0.0102968 0.00570454 0.0133016 0.0176907 0.0158666 0.00588156 0.00883989 0.0224326 0.00721591 0.00728913 0.0130077 0.0130756 0.0230381 0.011588 0.0130467 0.0130955 0.00860111 0.007157 0.0246749 0.00438835 0.0190568 
Throughputs: 3.2768 2.1463 3.93216 3.30957 3.7847 3.11296 2.22822 4.34176 4.03046 2.93274 2.57229 2.7689 2.80166 3.80109 4.11238 2.52314 4.35814 3.55533 3.70278 2.58867 2.75251 3.81747 1.91693 2.83443 2.88358 2.7689 2.52314 3.5881 3.03104 3.91578 
Utility: 5.58372 4.83407 5.61726 5.40844 6.03694 6.29024 4.29744 5.60519 5.40849 5.65185 6.11129 5.33832 5.06493 5.47882 6.54994 5.65398 5.26929 6.19991 6.23046 5.29336 5.34952 5.11019 5.10851 5.38106 5.39452 5.77431 5.86517 4.97959 6.53771 5.32534 

--------------------------------------
Time: 12.5015
Split Ratios: 0.07 0.93 0.88 0.12 0.341 0.659 0.735 0.265 0.6 0.4 1 0.099 0.901 1 0.633 0.05 0.317 1 1 0.245 0.755 0.852 0.148 0.548 0.452 1 1 0.593 0.407 1 1 1 1 1 1 1 1 0.281 0.719 1 0.93 0.07 1 0.592 0.151 0.034 0.115 0.108 
Delays: 0.0125456 0.0171905 0.0142536 0.0148774 0.008771 0.0057675 0.0303195 0.0159579 0.0182185 0.0103117 0.00573418 0.0133451 0.017566 0.0155699 0.00582411 0.0087947 0.0224072 0.00719604 0.00730941 0.013017 0.0131195 0.0229853 0.0117062 0.0129885 0.0131213 0.00864712 0.00717695 0.0248332 0.00441288 0.0190095 
Throughputs: 3.2768 2.8672 3.80109 3.01466 3.85024 3.21126 2.40845 4.16154 4.06323 2.67059 2.47398 2.53952 2.50675 3.57171 4.24346 2.40845 3.50618 3.34234 3.55533 2.63782 2.60506 3.88301 2.57229 2.89997 2.7689 3.04742 2.65421 3.81747 3.42426 4.1943 
Utility: 5.56525 5.11674 5.58603 5.3114 6.08444 6.32218 4.37495 5.56369 5.4073 5.55678 6.06714 5.24858 4.96078 5.43546 6.59113 5.61259 5.0529 6.14089 6.18704 5.31146 5.29111 5.12951 5.39243 5.40839 5.35197 5.86483 5.91303 5.03516 6.65411 5.39654 

--------------------------------------
Time: 13.0015
Split Ratios: 0.07 0.93 0.88 0.12 0.341 0.659 0.735 0.265 0.6 0.4 1 0.099 0.901 1 0.633 0.05 0.317 1 1 0.245 0.755 0.852 0.148 0.548 0.452 1 1 0.593 0.407 1 1 1 1 1 1 1 1 0.281 0.719 1 0.93 0.07 1 0.592 0.151 0.034 0.115 0.108 
Delays: 0.0127616 0.0170768 0.0142438 0.0148595 0.00899079 0.00580586 0.0303015 0.0159379 0.0182776 0.0103093 0.00571169 0.0133626 0.0174787 0.0154749 0.00581569 0.00880005 0.0222747 0.00718159 0.00728049 0.0129671 0.0131517 0.0230077 0.011636 0.0129883 0.0131374 0.00854828 0.00716079 0.0246681 0.00447116 0.0189557 
Throughputs: 3.12934 2.57229 4.1943 3.39149 3.73555 2.85082 2.34291 4.24346 4.6039 2.7689 2.50675 2.83443 2.47398 3.39149 3.63725 2.44122 4.12877 3.06381 3.21126 2.53952 3.12934 4.1943 2.42483 2.73613 3.01466 2.85082 2.65421 3.86662 3.26042 4.01408 
Utility: 5.50214 5.01483 5.68516 5.43039 6.02945 6.19649 4.34795 5.58443 5.52898 5.59316 6.08423 5.35714 4.9526 5.3898 6.43842 5.62549 5.22228 6.05589 6.08922 5.27732 5.47203 5.20565 5.33941 5.35025 5.43578 5.80963 5.91528 5.05463 6.59196 5.35546 

--------------------------------------
Time: 13.5015
Split Ratios: 0.07 0.93 0.88 0.12 0.341 0.659 0.735 0.265 0.6 0.4 1 0.099 0.901 1 0.633 0.05 0.317 1 1 0.245 0.755 0.852 0.148 0.548 0.452 1 1 0.593 0.407 1 1 1 1 1 1 1 1 0.281 0.719 1 0.93 0.07 1 0.592 0.151 0.034 0.115 0.108 
Delays: 0.0126842 0.0170315 0.0146176 0.0148694 0.00895507 0.00575564 0.0302096 0.0160901 0.0182645 0.0103372 0.00572203 0.0132748 0.0175583 0.0159157 0.00587278 0.00873486 0.0223436 0.00717487 0.00727123 0.0129737 0.0131145 0.023023 0.0115969 0.0130372 0.0130843 0.0085506 0.00718946 0.0248528 0.00446031 0.0188805 
Throughputs: 3.73555 2.37568 3.53894 3.55533 3.65363 2.5559 2.37568 4.48922 3.5881 3.21126 2.75251 2.60506 2.60506 3.86662 3.94854 2.4576 3.94854 2.91635 3.70278 2.3593 2.83443 4.14515 2.1463 3.08019 2.91635 3.08019 2.78528 3.57171 2.94912 3.96493 
Utility: 5.68529 4.93797 5.48936 5.4769 6.01126 6.09598 4.36488 5.63123 5.28042 5.73867 6.17594 5.27935 4.99968 5.49283 6.51077 5.63962 5.17456 6.0075 6.23291 5.20319 5.37588 5.1932 5.22076 5.46494 5.40667 5.88675 5.95949 4.96783 6.49404 5.34711 

--------------------------------------
Time: 14.0016
Split Ratios: 0.07 0.93 0.88 0.12 0.341 0.659 0.735 0.265 0.6 0.4 1 0.099 0.901 1 0.633 0.05 0.317 1 1 0.245 0.755 0.852 0.148 0.548 0.452 1 1 0.593 0.407 1 1 1 1 1 1 1 1 0.281 0.719 1 0.93 0.07 1 0.592 0.151 0.034 0.115 0.108 
Delays: 0.0125803 0.0169307 0.0141996 0.0149319 0.00910025 0.0057426 0.0301048 0.0160229 0.0175746 0.0102568 0.0057011 0.0132868 0.0175376 0.0154984 0.00584058 0.00879292 0.0223839 0.00718826 0.00724138 0.0129658 0.0130984 0.0230124 0.0116572 0.0129993 0.0130328 0.00874552 0.00716359 0.0248165 0.00441951 0.0192701 
Throughputs: 3.2768 2.048 3.57171 3.42426 4.16154 2.88358 2.26099 4.22707 3.71917 2.68698 2.4576 2.53952 2.70336 3.2768 4.03046 2.29376 3.89939 3.50618 3.5881 2.60506 2.68698 4.30899 2.62144 2.65421 2.73613 3.45702 2.40845 4.07962 3.16211 4.35814 
Utility: 5.56249 4.79549 5.52759 5.43514 6.12534 6.21888 4.31887 5.57525 5.3548 5.56823 6.06628 5.25296 5.0379 5.35389 6.53681 5.564 5.16023 6.18983 6.20557 5.3029 5.32368 5.23243 5.41555 5.31901 5.34683 5.97962 5.81773 5.10225 6.57297 5.42125 

--------------------------------------
Time: 14.5016
Split Ratios: 0.07 0.93 0.88 0.12 0.341 0.659 0.735 0.265 0.6 0.4 1 0.099 0.901 1 0.633 0.05 0.317 1 1 0.245 0.755 0.852 0.148 0.548 0.452 1 1 0.593 0.407 1 1 1 1 1 1 1 1 0.281 0.719 1 0.93 0.07 1 0.592 0.151 0.034 0.115 0.108 
Delays: 0.012379 0.0171731 0.014504 0.0149858 0.00896473 0.00573156 0.0302876 0.0161816 0.018392 0.0103492 0.0057125 0.0132919 0.017664 0.0158042 0.005866 0.00881553 0.0223389 0.00718332 0.00725098 0.012948 0.013112 0.023011 0.0115911 0.0129868 0.0130839 0.00845578 0.00720059 0.0248668 0.00443109 0.0192012 
Throughputs: 3.24403 2.4576 4.16154 3.30957 3.73555 2.58867 2.24461 4.88243 4.17792 2.80166 2.58867 2.98189 2.75251 3.39149 4.4073 2.42483 3.88301 3.01466 3.39149 2.3593 2.94912 4.22707 2.37568 2.89997 3.08019 3.01466 2.34291 3.5881 2.93274 4.39091 
Utility: 5.56857 4.9636 5.65922 5.39747 6.03235 6.11291 4.30555 5.70952 5.42565 5.60106 6.11624 5.41315 5.04874 5.36875 6.62184 5.617 5.15804 6.03948 6.14789 5.20518 5.41573 5.21329 5.3228 5.40852 5.46136 5.87639 5.78499 4.97184 6.49505 5.43232 

--------------------------------------
Time: 15.0016
Split Ratios: 0.07 0.93 0.88 0.12 0.341 0.659 0.735 0.265 0.6 0.4 1 0.099 0.901 1 0.633 0.05 0.317 1 1 0.245 0.755 0.852 0.148 0.548 0.452 1 1 0.593 0.407 1 1 1 1 1 1 1 1 0.281 0.719 1 0.93 0.07 1 0.592 0.151 0.034 0.115 0.108 
Delays: 0.0119345 0.0170361 0.0143587 0.014844 0.00906134 0.00576726 0.0303132 0.0159725 0.0176483 0.0103125 0.00572131 0.0132391 0.0176687 0.015593 0.00584524 0.00890037 0.0223552 0.00715523 0.00725088 0.01295 0.0130814 0.0230613 0.0116032 0.0130187 0.0130419 0.00843031 0.00718544 0.0247417 0.00440587 0.0189731 
Throughputs: 3.03104 2.52314 3.48979 3.71917 3.6864 2.83443 2.53952 4.27622 4.52198 3.19488 2.44122 3.01466 2.81805 3.2768 3.6864 2.57229 3.89939 3.24403 3.98131 2.60506 2.50675 4.47283 2.49037 2.8672 2.94912 3.06381 2.78528 3.50618 3.01466 4.27622 
Utility: 5.53723 4.99792 5.49324 5.52366 6.00839 6.1974 4.42815 5.58996 5.54607 5.73595 6.05605 5.42806 5.072 5.3478 6.44678 5.66646 5.16152 6.11673 6.30824 5.30411 5.25555 5.26762 5.3689 5.39471 5.4211 5.89558 5.96005 4.95379 6.5283 5.4178 

--------------------------------------
Time: 15.5018
Split Ratios: 0.07 0.93 0.88 0.12 0.341 0.659 0.735 0.265 0.6 0.4 1 0.099 0.901 1 0.633 0.05 0.317 1 1 0.245 0.755 0.852 0.148 0.548 0.452 1 1 0.593 0.407 1 1 1 1 1 1 1 1 0.281 0.719 1 0.93 0.07 1 0.592 0.151 0.034 0.115 0.108 
Delays: 0.0121094 0.0171593 0.0145083 0.0148725 0.00871412 0.00582495 0.0303233 0.0159202 0.0185728 0.0102843 0.00572054 0.013323 0.0175566 0.0154734 0.00586763 0.00885449 0.0223238 0.00720667 0.00723299 0.0129027 0.0131783 0.0230127 0.0115742 0.0130319 0.013082 0.00865063 0.00717721 0.0246022 0.00448329 0.0190156 
Throughputs: 3.63725 2.44122 4.12877 3.48979 4.16154 3.12934 2.47398 3.98131 4.52198 3.16211 2.63782 2.89997 2.32653 3.55533 4.29261 2.78528 3.67002 3.76832 3.16211 2.47398 2.49037 4.12877 2.67059 2.81805 3.11296 3.3751 2.47398 3.40787 3.12934 4.45645 
Utility: 5.705 4.95771 5.65101 5.45809 6.16869 6.28643 4.40167 5.52178 5.49501 5.72838 6.13365 5.38296 4.88671 5.43708 6.5952 5.75118 5.1023 6.25938 6.08034 5.25615 5.24161 5.18969 5.44128 5.3764 5.47209 5.96655 5.84268 4.93101 6.54822 5.45685 

--------------------------------------
Time: 16.0019
Split Ratios: 0.07 0.93 0.88 0.12 0.341 0.659 0.735 0.265 0.6 0.4 1 0.099 0.901 1 0.633 0.05 0.317 1 1 0.245 0.755 0.852 0.148 0.548 0.452 1 1 0.593 0.407 1 1 1 1 1 1 1 1 0.281 0.719 1 0.93 0.07 1 0.592 0.151 0.034 0.115 0.108 
Delays: 0.0122884 0.0169484 0.0145212 0.0148242 0.00871177 0.00577288 0.0303239 0.016023 0.017995 0.0103786 0.0057287 0.0132806 0.0175339 0.015521 0.00583171 0.00876043 0.0223053 0.00718653 0.00722556 0.0129703 0.013099 0.0229846 0.0116133 0.0129392 0.0131259 0.00837101 0.00715505 0.0248559 0.00446157 0.0189719 
Throughputs: 3.01466 2.32653 3.94854 3.2768 3.86662 2.65421 2.37568 4.27622 4.17792 3.11296 2.68698 2.62144 2.70336 3.35872 3.89939 2.32653 3.2768 3.39149 3.45702 2.24461 2.60506 4.17792 2.37568 2.58867 2.94912 3.21126 2.40845 4.096 3.01466 3.96493 
Utility: 5.50258 4.92196 5.6055 5.39836 6.09546 6.13073 4.3611 5.5868 5.44747 5.70358 6.15068 5.28517 5.03812 5.37712 6.50527 5.58189 4.9898 6.15682 6.17054 5.15362 5.29268 5.20275 5.32089 5.29864 5.41467 5.94965 5.81892 5.10467 6.51574 5.34228 

--------------------------------------
Time: 16.5019
Split Ratios: 0.07 0.93 0.88 0.12 0.341 0.659 0.735 0.265 0.6 0.4 1 0.099 0.901 1 0.633 0.05 0.317 1 1 0.245 0.755 0.852 0.148 0.548 0.452 1 1 0.593 0.407 1 1 1 1 1 1 1 1 0.281 0.719 1 0.93 0.07 1 0.592 0.151 0.034 0.115 0.108 
Delays: 0.0123045 0.017233 0.0143833 0.0149303 0.00905353 0.00580412 0.0302723 0.0160865 0.0179025 0.0102974 0.0057237 0.0134123 0.0177157 0.0155851 0.00585049 0.0088419 0.0222976 0.0071856 0.0072333 0.0129943 0.0131219 0.0230261 0.0116683 0.0129785 0.013051 0.00846387 0.00717842 0.0249096 0.00444865 0.0188923 
Throughputs: 3.45702 2.12992 3.88301 3.39149 3.6864 3.04742 2.048 4.27622 4.57114 2.8672 2.93274 2.75251 2.65421 3.9977 3.9977 2.47398 3.88301 3.29318 2.85082 2.62144 3.06381 3.75194 2.53952 2.88358 2.93274 3.09658 2.58867 3.73555 3.30957 4.24346 
Utility: 5.6382 4.81702 5.5983 5.42563 6.00925 6.26348 4.21439 5.58284 5.54258 5.6292 6.23907 5.3241 5.00945 5.54716 6.52695 5.63408 5.15989 6.12753 5.97666 5.30697 5.45313 5.0934 5.38285 5.40349 5.41482 5.90225 5.88782 5.0104 6.61197 5.41438 

--------------------------------------
Time: 17.0021
Split Ratios: 0.07 0.93 0.88 0.12 0.341 0.659 0.735 0.265 0.6 0.4 1 0.099 0.901 1 0.633 0.05 0.317 1 1 0.245 0.755 0.852 0.148 0.548 0.452 1 1 0.593 0.407 1 1 1 1 1 1 1 1 0.281 0.719 1 0.93 0.07 1 0.592 0.151 0.034 0.115 0.108 
Delays: 0.013092 0.0169283 0.0143934 0.0148888 0.00904351 0.00576962 0.0303299 0.0159889 0.0178346 0.0102599 0.00571001 0.0133365 0.0176043 0.0160659 0.00586288 0.00890066 0.0223246 0.00717999 0.00728608 0.0129911 0.0131058 0.0230279 0.0116401 0.0129615 0.0131841 0.00858725 0.00718898 0.0247099 0.00440261 0.0190752 
Throughputs: 3.35872 2.17907 3.60448 3.67002 3.9977 2.85082 2.53952 4.06323 3.70278 2.88358 2.58867 2.81805 2.7689 3.39149 3.88301 2.52314 4.27622 3.63725 3.44064 2.49037 2.62144 4.11238 2.44122 2.67059 3.04742 3.12934 2.52314 3.93216 2.78528 4.1943 
Utility: 5.54731 4.85767 5.52316 5.50734 6.09143 6.20275 4.4276 5.53784 5.3357 5.63855 6.11668 5.3533 5.05806 5.35232 6.49572 5.64713 5.25514 6.22768 6.15745 5.25592 5.29843 5.18505 5.34579 5.32807 5.44304 5.8983 5.86071 5.06974 6.44991 5.39309 

--------------------------------------
Time: 17.5022
Split Ratios: 0.07 0.93 0.88 0.12 0.341 0.659 0.735 0.265 0.6 0.4 1 0.099 0.901 1 0.633 0.05 0.317 1 1 0.245 0.755 0.852 0.148 0.548 0.452 1 1 0.593 0.407 1 1 1 1 1 1 1 1 0.281 0.719 1 0.93 0.07 1 0.592 0.151 0.034 0.115 0.108 
Delays: 0.0121814 0.0169337 0.0142035 0.0148148 0.00889618 0.00575354 0.0303488 0.0159905 0.0182719 0.0102724 0.00571567 0.0133204 0.0175758 0.0160961 0.00585136 0.00882298 0.0222803 0.00720012 0.00722787 0.0129628 0.0131249 0.0229851 0.0116266 0.0129809 0.01314 0.00846727 0.00716675 0.0248582 0.00442916 0.0190334 
Throughputs: 3.24403 2.53952 3.5881 3.16211 3.63725 2.70336 2.47398 4.47283 4.53837 3.09658 2.65421 3.01466 2.65421 3.34234 4.04685 2.52314 3.42426 3.48979 3.48979 2.53952 2.68698 3.75194 2.37568 2.75251 2.57229 3.55533 2.47398 3.88301 2.98189 3.94854 
Utility: 5.58466 5.01043 5.53189 5.36337 6.01336 6.15244 4.40083 5.63378 5.51496 5.70859 6.14069 5.42195 5.01738 5.33585 6.53902 5.6559 5.03494 6.1835 6.17965 5.27765 5.32166 5.09518 5.31975 5.35679 5.27689 6.03999 5.84413 5.05118 6.5121 5.33491 

--------------------------------------
Time: 18.0022
Split Ratios: 0.07 0.93 0.88 0.12 0.341 0.659 0.735 0.265 0.6 0.4 1 0.099 0.901 1 0.633 0.05 0.317 1 1 0.245 0.755 0.852 0.148 0.548 0.452 1 1 0.593 0.407 1 1 1 1 1 1 1 1 0.281 0.719 1 0.93 0.07 1 0.592 0.151 0.034 0.115 0.108 
Delays: 0.0125143 0.0171797 0.0146606 0.0149318 0.00907941 0.00575377 0.0303804 0.0159898 0.0179553 0.0103463 0.00572678 0.0132952 0.0175743 0.0159797 0.00581647 0.00875156 0.0222915 0.0071885 0.00725502 0.0130006 0.013114 0.0230037 0.011584 0.013026 0.0131037 0.00852677 0.00721403 0.0246516 0.00447955 0.019144 
Throughputs: 3.63725 2.3593 3.62086 3.29318 3.48979 2.88358 2.47398 4.12877 3.98131 3.1785 2.5559 3.21126 2.60506 3.76832 3.47341 2.12992 3.76832 3.12934 3.1785 2.37568 2.5559 4.16154 2.24461 3.01466 2.91635 2.83443 2.71974 3.88301 2.89997 4.57114 
Utility: 5.67211 4.92239 5.5093 5.39612 5.95159 6.21693 4.39979 5.55378 5.40148 5.72754 6.10101 5.48702 4.99877 5.46306 6.3922 5.49461 5.13018 6.0761 6.08247 5.20805 5.27248 5.19799 5.26666 5.44429 5.40519 5.80639 5.93227 5.05952 6.47293 5.47553 

--------------------------------------
Time: 18.5023
Split Ratios: 0.07 0.93 0.88 0.12 0.341 0.659 0.735 0.265 0.6 0.4 1 0.099 0.901 1 0.633 0.05 0.317 1 1 0.245 0.755 0.852 0.148 0.548 0.452 1 1 0.593 0.407 1 1 1 1 1 1 1 1 0.281 0.719 1 0.93 0.07 1 0.592 0.151 0.034 0.115 0.108 
Delays: 0.0126154 0.0169531 0.0143032 0.0149327 0.00901964 0.00576485 0.0302774 0.0160062 0.0181507 0.0102319 0.00571382 0.0132773 0.0175294 0.0154498 0.00583886 0.00878827 0.022413 0.00716382 0.00722401 0.0129797 0.0130544 0.0230003 0.0116328 0.0129664 0.0130394 0.00869877 0.00719243 0.0247141 0.00440077 0.0191708 
Throughputs: 3.2768 2.29376 3.63725 3.29318 3.50618 2.93274 2.06438 4.42368 3.83386 2.94912 2.80166 2.71974 2.26099 3.55533 3.47341 2.19546 3.96493 2.98189 3.30957 2.4576 3.03104 3.34234 2.39206 2.67059 2.99827 3.67002 2.83443 3.89939 2.73613 4.1943 
Utility: 5.5597 4.9075 5.5385 5.39606 5.96288 6.23191 4.22218 5.62175 5.35292 5.66376 6.19508 5.32224 4.85968 5.43861 6.38836 5.52073 5.1756 6.03127 6.12716 5.24356 5.44754 4.97892 5.32608 5.3277 5.43781 6.04477 5.97657 5.0612 6.43252 5.38809 

--------------------------------------
Time: 19.0024
Split Ratios: 0.07 0.93 0.88 0.12 0.341 0.659 0.735 0.265 0.6 0.4 1 0.099 0.901 1 0.633 0.05 0.317 1 1 0.245 0.755 0.852 0.148 0.548 0.452 1 1 0.593 0.407 1 1 1 1 1 1 1 1 0.281 0.719 1 0.93 0.07 1 0.592 0.151 0.034 0.115 0.108 
Delays: 0.0125544 0.01729 0.014395 0.0147758 0.00881968 0.00576158 0.0302056 0.0160381 0.0182504 0.010287 0.00572727 0.0132459 0.0175172 0.0156905 0.00584387 0.00882101 0.0223553 0.00719109 0.00725115 0.0129689 0.0131233 0.0229648 0.0116511 0.0129627 0.0132156 0.00857628 0.00716339 0.0246766 0.00443215 0.0191293 
Throughputs: 3.55533 2.31014 3.93216 3.09658 3.67002 2.75251 2.03162 4.6039 4.42368 2.94912 2.62144 2.67059 2.49037 3.73555 4.16154 2.57229 3.89939 3.3751 3.48979 2.60506 2.4576 4.21069 2.49037 2.60506 3.24403 3.63725 2.68698 4.17792 3.09658 4.34176 
Utility: 5.64613 4.89493 5.61006 5.34506 6.03097 6.16906 4.20856 5.65969 5.49054 5.65838 6.12624 5.30637 4.957 5.4726 6.56825 5.67542 5.16151 6.15134 6.17644 5.30265 5.23255 5.21142 5.36478 5.30313 5.50318 6.04998 5.92719 5.13171 6.54917 5.42481 

--------------------------------------
Time: 19.5025
Split Ratios: 0.07 0.93 0.88 0.12 0.341 0.659 0.735 0.265 0.6 0.4 1 0.099 0.901 1 0.633 0.05 0.317 1 1 0.245 0.755 0.852 0.148 0.548 0.452 1 1 0.593 0.407 1 1 1 1 1 1 1 1 0.281 0.719 1 0.93 0.07 1 0.592 0.151 0.034 0.115 0.108 
Delays: 0.0125843 0.0171683 0.0141542 0.0148964 0.00921524 0.00576532 0.0302058 0.015993 0.0181612 0.0103126 0.00570648 0.0133476 0.0176011 0.0158081 0.00582281 0.00877694 0.0223422 0.00716203 0.0072699 0.012937 0.0130735 0.0230087 0.0116833 0.0129838 0.0131845 0.00853355 0.00714978 0.0246512 0.00445152 0.0193487 
Throughputs: 3.57171 2.42483 3.76832 3.50618 3.94854 2.63782 2.01523 4.16154 3.96493 3.35872 2.60506 2.85082 2.80166 3.40787 4.04685 2.49037 3.96493 3.32595 3.44064 2.27738 2.73613 3.96493 2.39206 2.78528 3.24403 2.94912 2.7689 3.86662 3.52256 4.5056 
Utility: 5.64835 4.95045 5.58437 5.46116 6.06024 6.12585 4.20046 5.56149 5.38595 5.78595 6.12361 5.36402 5.07001 5.37332 6.54391 5.64806 5.17877 6.14072 6.15967 5.17069 5.34371 5.14937 5.32175 5.3684 5.50553 5.84526 5.95912 5.05531 6.6737 5.45045 

--------------------------------------
Time: 20.0026
Split Ratios: 0.07 0.93 0.88 0.12 0.341 0.659 0.735 0.265 0.6 0.4 1 0.099 0.901 1 0.633 0.05 0.317 1 1 0.245 0.755 0.852 0.148 0.548 0.452 1 1 0.593 0.407 1 1 1 1 1 1 1 1 0.281 0.719 1 0.93 0.07 1 0.592 0.151 0.034 0.115 0.108 
Delays: 0.0127524 0.0171995 0.014347 0.014886 0.00897521 0.00577203 0.030267 0.0160599 0.0183436 0.0103575 0.00572385 0.0132956 0.0176551 0.016267 0.00588091 0.00886056 0.0224259 0.00717441 0.00725192 0.0129746 0.0131415 0.0230167 0.0115534 0.0130001 0.0130753 0.00879868 0.00716718 0.0247537 0.00441285 0.0189569 
Throughputs: 3.70278 2.70336 3.86662 3.12934 4.24346 2.57229 2.24461 4.21069 4.04685 2.88358 2.57229 2.68698 2.4576 3.81747 4.12877 2.60506 3.91578 2.98189 3.48979 2.67059 3.04742 4.16154 2.27738 2.65421 3.19488 2.91635 2.62144 3.91578 2.99827 4.27622 
Utility: 5.67112 5.05737 5.59659 5.34816 6.15867 6.09953 4.30623 5.56905 5.39641 5.62907 6.10791 5.30874 4.93592 5.45821 6.55402 5.6836 5.16255 6.02979 6.17633 5.32706 5.44628 5.19742 5.2838 5.31895 5.49858 5.80349 5.90197 5.06379 6.52127 5.41866 

--------------------------------------
Time: 20.503
Split Ratios: 0.07 0.93 0.88 0.12 0.341 0.659 0.735 0.265 0.6 0.4 1 0.099 0.901 1 0.633 0.05 0.317 1 1 0.245 0.755 0.852 0.148 0.548 0.452 1 1 0.593 0.407 1 1 1 1 1 1 1 1 0.281 0.719 1 0.93 0.07 1 0.592 0.151 0.034 0.115 0.108 
Delays: 0.0125528 0.0171322 0.0144424 0.0148253 0.00894742 0.00578656 0.0303392 0.0160193 0.0182901 0.0103306 0.00574949 0.0134124 0.0174783 0.0157702 0.00581966 0.00878122 0.0223653 0.00721172 0.00728953 0.0129823 0.0131553 0.023001 0.0116056 0.0130411 0.0130877 0.00843544 0.00717492 0.0247332 0.00443587 0.0189934 
Throughputs: 3.67002 2.27738 3.76832 3.70278 3.91578 2.88358 2.34291 4.4073 4.66944 3.11296 2.99827 2.9655 2.4576 3.19488 3.55533 2.52314 3.85024 3.44064 3.42426 2.17907 2.94912 3.71917 2.17907 2.7689 2.80166 3.06381 2.32653 3.76832 2.93274 3.96493 
Utility: 5.67801 4.88982 5.56422 5.52051 6.0814 6.21125 4.34671 5.61722 5.54244 5.70822 6.25668 5.39862 4.94598 5.31118 6.41496 5.66064 5.14838 6.16771 6.1522 5.12307 5.41244 5.08572 5.23516 5.3581 5.36629 5.89497 5.78154 5.02624 6.49397 5.34115 

--------------------------------------
Time: 21.0031
Split Ratios: 0.07 0.93 0.88 0.12 0.341 0.659 0.735 0.265 0.6 0.4 1 0.099 0.901 1 0.633 0.05 0.317 1 1 0.245 0.755 0.852 0.148 0.548 0.452 1 1 0.593 0.407 1 1 1 1 1 1 1 1 0.281 0.719 1 0.93 0.07 1 0.592 0.151 0.034 0.115 0.108 
Delays: 0.0125914 0.0171712 0.0142021 0.0147458 0.00904789 0.00574645 0.0303143 0.0160046 0.018367 0.0102873 0.00573393 0.0133159 0.0176604 0.0154708 0.00586404 0.00878996 0.0223316 0.00717248 0.00730406 0.01302 0.0130691 0.0230064 0.0116036 0.0129833 0.0130594 0.00838 0.00722492 0.0247816 0.00442384 0.0191079 
Throughputs: 3.26042 2.39206 3.81747 3.09658 3.83386 2.52314 2.52314 4.27622 3.83386 2.7689 2.52314 3.21126 2.88358 3.50618 4.32538 2.49037 3.44064 3.16211 3.35872 2.42483 2.42483 4.03046 2.65421 2.63782 2.68698 3.1785 2.70336 3.5881 3.12934 3.9977 
Utility: 5.55659 4.93668 5.59396 5.34709 6.04909 6.08468 4.42164 5.58795 5.34107 5.59529 6.08686 5.48546 5.09547 5.42333 6.60342 5.64658 5.03741 6.08874 6.13089 5.22703 5.22326 5.16587 5.43258 5.31405 5.32666 5.93832 5.92471 4.97528 6.56157 5.34337 

--------------------------------------
Time: 21.5032
Split Ratios: 0.07 0.93 0.88 0.12 0.341 0.659 0.735 0.265 0.6 0.4 1 0.099 0.901 1 0.633 0.05 0.317 1 1 0.245 0.755 0.852 0.148 0.548 0.452 1 1 0.593 0.407 1 1 1 1 1 1 1 1 0.281 0.719 1 0.93 0.07 1 0.592 0.151 0.034 0.115 0.108 
Delays: 0.0125296 0.0171343 0.0142469 0.0148939 0.00893527 0.00576739 0.0302318 0.0159366 0.0182954 0.0102443 0.00572293 0.0133405 0.0176609 0.0154302 0.00580397 0.00880381 0.0223713 0.0071672 0.00730109 0.0129657 0.0131099 0.0230002 0.0116491 0.0129436 0.0130502 0.00859554 0.00715596 0.0247047 0.0044378 0.0190737 
Throughputs: 3.50618 2.17907 3.75194 3.70278 3.63725 2.75251 2.62144 4.06323 3.85024 2.65421 2.62144 3.32595 2.44122 3.48979 3.9977 2.32653 3.62086 3.26042 3.44064 2.52314 2.75251 4.07962 2.21184 2.67059 3.08019 3.24403 2.67059 4.03046 2.89997 4.24346 
Utility: 5.63419 4.84557 5.57348 5.51589 6.00898 6.16805 4.46258 5.54111 5.34924 5.55718 6.127 5.51871 4.9289 5.42127 6.53493 5.57695 5.08669 6.12009 6.15539 5.27095 5.3469 5.17826 5.24635 5.32945 5.46394 5.93333 5.92211 5.09464 6.4823 5.40482 

--------------------------------------
Time: 22.0033
Split Ratios: 0.07 0.93 0.88 0.12 0.341 0.659 0.735 0.265 0.6 0.4 1 0.099 0.901 1 0.633 0.05 0.317 1 1 0.245 0.755 0.852 0.148 0.548 0.452 1 1 0.593 0.407 1 1 1 1 1 1 1 1 0.281 0.719 1 0.93 0.07 1 0.592 0.151 0.034 0.115 0.108 
Delays: 0.0124292 0.0171625 0.0143942 0.0149791 0.00904341 0.00576538 0.030294 0.0160359 0.0182319 0.0103311 0.00571409 0.0133986 0.0175222 0.0159309 0.00582686 0.00886418 0.022293 0.00717368 0.00729711 0.0129917 0.0130718 0.0229656 0.011625 0.0129851 0.013056 0.00862907 0.007177 0.0246186 0.00442456 0.0189549 
Throughputs: 3.30957 2.22822 3.96493 3.22765 3.53894 2.62144 2.34291 4.45645 4.11238 2.71974 2.85082 2.68698 2.34291 3.47341 3.80109 2.42483 3.70278 3.16211 3.80109 2.57229 2.71974 3.7847 2.47398 3.12934 2.78528 3.11296 2.67059 3.5881 2.9655 4.32538 
Utility: 5.58452 4.86623 5.61842 5.37285 5.96955 6.11961 4.3482 5.62728 5.41859 5.57313 6.21243 5.30102 4.89568 5.38463 6.48057 5.6115 5.11257 6.08858 6.25556 5.28824 5.33783 5.10473 5.36043 5.48478 5.36285 5.88819 5.91917 4.98188 6.50763 5.43019 

--------------------------------------
Time: 22.5035
Split Ratios: 0.07 0.93 0.88 0.12 0.341 0.659 0.735 0.265 0.6 0.4 1 0.099 0.901 1 0.633 0.05 0.317 1 1 0.245 0.755 0.852 0.148 0.548 0.452 1 1 0.593 0.407 1 1 1 1 1 1 1 1 0.281 0.719 1 0.93 0.07 1 0.592 0.151 0.034 0.115 0.108 
Delays: 0.0124503 0.016917 0.0143149 0.0149132 0.00907344 0.00575991 0.0302238 0.0159583 0.018322 0.0103152 0.00572532 0.0132482 0.0174689 0.0163976 0.0058475 0.00882312 0.0222878 0.00718248 0.00727992 0.0129854 0.013033 0.0229781 0.0116627 0.0129898 0.0130546 0.0084922 0.00715859 0.0247573 0.00445805 0.0191182 
Throughputs: 3.08019 2.31014 3.81747 3.19488 3.47341 3.21126 2.31014 4.06323 4.4073 2.71974 3.01466 2.93274 2.44122 3.32595 3.70278 2.57229 3.52256 3.06381 3.3751 2.60506 2.3593 3.6864 2.4576 2.9655 2.9655 2.83443 2.60506 3.9977 2.75251 4.35814 
Utility: 5.511 4.91675 5.58604 5.36706 5.94754 6.3235 4.33644 5.53976 5.48292 5.57468 6.26634 5.39983 4.93983 5.31238 6.45083 5.67518 5.06291 6.05577 6.13906 5.30139 5.19864 5.07786 5.35054 5.43064 5.42566 5.81045 5.8969 5.08435 6.42556 5.42916 

--------------------------------------
Time: 23.0035
Split Ratios: 0.07 0.93 0.88 0.12 0.341 0.659 0.735 0.265 0.6 0.4 1 0.099 0.901 1 0.633 0.05 0.317 1 1 0.245 0.755 0.852 0.148 0.548 0.452 1 1 0.593 0.407 1 1 1 1 1 1 1 1 0.281 0.719 1 0.93 0.07 1 0.592 0.151 0.034 0.115 0.108 
Delays: 0.012445 0.0172579 0.0144037 0.0148118 0.00881349 0.00573992 0.0303611 0.0159853 0.0180516 0.0103747 0.0057179 0.0132947 0.0174992 0.015621 0.00580079 0.00879666 0.0223826 0.00716143 0.00725454 0.0129919 0.0130802 0.0230176 0.0116003 0.0130058 0.0130537 0.00839809 0.0071572 0.0247427 0.00442575 0.0190792 
Throughputs: 3.08019 2.22822 3.57171 3.3751 3.62086 2.70336 2.63782 4.83328 4.06323 3.3751 2.68698 3.03104 2.5559 3.65363 3.67002 2.49037 3.91578 3.39149 3.1785 2.17907 2.80166 3.86662 2.3593 3.01466 2.98189 3.34234 2.57229 4.14515 3.06381 4.66944 
Utility: 5.51143 4.86069 5.51331 5.42876 6.01818 6.15481 4.46455 5.71161 5.4165 5.78481 6.15257 5.4293 4.98401 5.45486 6.44996 5.64581 5.16449 6.16031 6.08254 5.12233 5.36687 5.12388 5.31509 5.44584 5.43124 5.98642 5.88443 5.12116 6.53998 5.50019 

--------------------------------------
Time: 23.5037
Split Ratios: 0.07 0.93 0.88 0.12 0.341 0.659 0.735 0.265 0.6 0.4 1 0.099 0.901 1 0.633 0.05 0.317 1 1 0.245 0.755 0.852 0.148 0.548 0.452 1 1 0.593 0.407 1 1 1 1 1 1 1 1 0.281 0.719 1 0.93 0.07 1 0.592 0.151 0.034 0.115 0.108 
Delays: 0.0123545 0.0171479 0.014435 0.01493 0.00878586 0.00579564 0.0302744 0.0159474 0.0186223 0.0103442 0.00572578 0.0133389 0.0175771 0.0152242 0.00586208 0.00882759 0.0223516 0.00719434 0.00728098 0.0130028 0.0130747 0.0230531 0.0116309 0.0130651 0.0130781 0.00884653 0.00717232 0.024761 0.00442123 0.0189172 
Throughputs: 3.2768 2.26099 3.81747 3.53894 3.70278 2.8672 2.22822 4.57114 4.62029 2.75251 2.9655 2.83443 2.5559 3.16211 4.42368 2.3593 3.81747 3.14573 3.75194 2.60506 3.45702 4.03046 2.65421 2.7689 3.06381 3.48979 2.50675 3.42426 3.44064 4.27622 
Utility: 5.5806 4.88168 5.57769 5.46821 6.0437 6.20399 4.29866 5.65822 5.51385 5.58384 6.24982 5.35891 4.97956 5.33611 6.62622 5.58824 5.14045 6.08051 6.24476 5.30005 5.57749 5.16384 5.43023 5.35626 5.45647 5.97757 5.85651 4.92937 6.657 5.42076 

--------------------------------------
Time: 24.0038
Split Ratios: 0.07 0.93 0.88 0.12 0.341 0.659 0.735 0.265 0.6 0.4 1 0.099 0.901 1 0.633 0.05 0.317 1 1 0.245 0.755 0.852 0.148 0.548 0.452 1 1 0.593 0.407 1 1 1 1 1 1 1 1 0.281 0.719 1 0.93 0.07 1 0.592 0.151 0.034 0.115 0.108 
Delays: 0.0128315 0.0170907 0.0143821 0.014869 0.00894806 0.00575969 0.0302098 0.0160046 0.0182381 0.0103141 0.00571518 0.0133561 0.0175951 0.0156875 0.00583348 0.0087777 0.022409 0.00719058 0.00732227 0.0130079 0.0130819 0.0230041 0.0116054 0.0130094 0.0130235 0.00836541 0.00718898 0.0246274 0.00441798 0.019111 
Throughputs: 3.06381 2.81805 3.63725 3.88301 3.62086 2.83443 2.70336 4.22707 3.9977 2.78528 2.49037 3.12934 2.5559 3.3751 4.06323 2.5559 3.75194 3.80109 3.5881 2.68698 2.53952 3.83386 1.85139 2.52314 2.78528 2.83443 2.40845 3.73555 2.98189 4.37453 
Utility: 5.47551 5.10526 5.533 5.56509 6.00303 6.19871 4.49408 5.57639 5.38996 5.59859 6.07706 5.4566 4.97854 5.37132 6.54612 5.67395 5.12056 6.27027 6.19446 5.33061 5.2685 5.11596 5.07222 5.26758 5.36535 5.82549 5.81419 5.02179 6.51463 5.43329 

--------------------------------------
Time: 24.5042
Split Ratios: 0.07 0.93 0.88 0.12 0.341 0.659 0.735 0.265 0.6 0.4 1 0.099 0.901 1 0.633 0.05 0.317 1 1 0.245 0.755 0.852 0.148 0.548 0.452 1 1 0.593 0.407 1 1 1 1 1 1 1 1 0.281 0.719 1 0.93 0.07 1 0.592 0.151 0.034 0.115 0.108 
Delays: 0.0124393 0.0170889 0.0143083 0.0148869 0.00887891 0.00576712 0.0303297 0.0160971 0.0181572 0.0103136 0.00571569 0.0133198 0.0175469 0.0162456 0.00583106 0.00878575 0.0225165 0.00718506 0.00724501 0.0129693 0.0132326 0.0230181 0.0115958 0.0129958 0.0130473 0.00861936 0.00718012 0.0248849 0.00438224 0.0190118 
Throughputs: 3.34234 2.09715 3.6864 3.53894 3.48979 2.62144 2.47398 4.47283 4.22707 2.70336 2.70336 2.8672 2.67059 3.5881 4.14515 2.67059 4.06323 3.42426 3.1785 2.26099 2.47398 3.70278 2.34291 2.94912 3.2768 3.45702 2.5559 3.47341 2.58867 4.04685 
Utility: 5.59357 4.80991 5.55156 5.4711 5.97392 6.11931 4.40146 5.62714 5.4502 5.56879 6.15904 5.37184 5.02518 5.39756 6.5665 5.71692 5.19548 6.16664 6.08385 5.16097 5.2309 5.08056 5.30851 5.42463 5.52604 5.99415 5.87485 4.93863 6.38134 5.36063 

--------------------------------------
Time: 25.0042
Split Ratios: 0.07 0.93 0.88 0.12 0.341 0.659 0.735 0.265 0.6 0.4 1 0.099 0.901 1 0.633 0.05 0.317 1 1 0.245 0.755 0.852 0.148 0.548 0.452 1 1 0.593 0.407 1 1 1 1 1 1 1 1 0.281 0.719 1 0.93 0.07 1 0.592 0.151 0.034 0.115 0.108 
Delays: 0.0127979 0.0169742 0.0143617 0.0148539 0.00910479 0.0057608 0.0303515 0.0160565 0.0183599 0.0102812 0.00571661 0.0132907 0.0175787 0.0160412 0.00587444 0.00882848 0.0224301 0.00715901 0.00726777 0.012958 0.0131037 0.0230878 0.0116537 0.013038 0.0130304 0.0085851 0.00721473 0.0248295 0.00444402 0.0190185 
Throughputs: 3.11296 2.32653 3.85024 3.24403 3.93216 2.65421 2.06438 4.63667 3.70278 2.71974 2.53952 3.26042 2.57229 3.08019 4.37453 2.5559 4.17792 3.04742 3.47341 2.40845 2.5559 4.25984 2.68698 2.73613 2.89997 2.89997 2.78528 3.40787 3.1785 3.80109 
Utility: 5.49405 4.92044 5.59132 5.38631 6.06814 6.13283 4.21974 5.66564 5.30667 5.57798 6.09635 5.50255 4.98586 5.25759 6.61294 5.66818 5.22716 6.05368 6.16944 5.22502 5.27327 5.21768 5.44055 5.34643 5.40517 5.82243 5.95598 4.92181 6.5726 5.29763 

--------------------------------------
Time: 25.5042
Split Ratios: 0.07 0.93 0.88 0.12 0.341 0.659 0.735 0.265 0.6 0.4 1 0.099 0.901 1 0.633 0.05 0.317 1 1 0.245 0.755 0.852 0.148 0.548 0.452 1 1 0.593 0.407 1 1 1 1 1 1 1 1 0.281 0.719 1 0.93 0.07 1 0.592 0.151 0.034 0.115 0.108 
Delays: 0.0120382 0.016877 0.0143235 0.0149465 0.0090512 0.00576924 0.0303937 0.0160421 0.0183459 0.0104007 0.00570523 0.0132247 0.0175928 0.015663 0.00585106 0.008855 0.0222443 0.0071924 0.00723084 0.0129353 0.0131302 0.022954 0.0116406 0.0129627 0.0130652 0.00874943 0.00717722 0.0246468 0.00443411 0.0190131 
Throughputs: 3.2768 2.62144 3.6864 3.5881 3.26042 2.57229 2.63782 4.62029 4.27622 3.22765 2.4576 2.71974 2.40845 3.35872 4.096 2.60506 3.26042 3.19488 3.35872 2.12992 2.7689 3.89939 2.75251 2.7689 2.7689 2.93274 2.71974 3.67002 3.24403 4.11238 
Utility: 5.60654 5.04553 5.5505 5.4809 5.88671 6.10001 4.46348 5.66299 5.45142 5.73764 6.06556 5.3262 4.91925 5.36801 6.55114 5.68423 4.98752 6.09628 6.14096 5.10388 5.35129 5.13508 5.46577 5.36413 5.35625 5.8147 5.93738 5.0033 6.59524 5.37663 

--------------------------------------
Time: 26.0043
Split Ratios: 0.07 0.93 0.88 0.12 0.341 0.659 0.735 0.265 0.6 0.4 1 0.099 0.901 1 0.633 0.05 0.317 1 1 0.245 0.755 0.852 0.148 0.548 0.452 1 1 0.593 0.407 1 1 1 1 1 1 1 1 0.281 0.719 1 0.93 0.07 1 0.592 0.151 0.034 0.115 0.108 
Delays: 0.0128105 0.0169767 0.0142723 0.0149764 0.0089974 0.00574299 0.0302804 0.0159475 0.0181942 0.0103496 0.00572126 0.0132803 0.0174866 0.0156137 0.00581048 0.00875566 0.0224099 0.00717482 0.00724743 0.0129606 0.013108 0.0230228 0.0116706 0.0129884 0.013074 0.00844839 0.00718575 0.024497 0.00442997 0.0191606 
Throughputs: 3.19488 2.60506 3.52256 3.53894 4.16154 2.91635 2.37568 4.25984 3.93216 3.3751 2.8672 3.08019 2.75251 3.98131 3.76832 2.39206 3.76832 2.93274 3.48979 2.60506 2.63782 3.7847 2.42483 3.1785 2.75251 2.67059 2.7689 3.63725 3.12934 4.14515 
Utility: 5.51904 5.03336 5.50863 5.46511 6.1367 6.23011 4.36254 5.58768 5.37584 5.78723 6.2169 5.44647 5.05883 5.54122 6.47472 5.61021 5.12488 6.01311 6.17695 5.3033 5.30449 5.10224 5.33644 5.50011 5.34964 5.75608 5.9541 5.00043 6.56019 5.37684 

--------------------------------------
Time: 26.5044
Split Ratios: 0.07 0.93 0.88 0.12 0.341 0.659 0.735 0.265 0.6 0.4 1 0.099 0.901 1 0.633 0.05 0.317 1 1 0.245 0.755 0.852 0.148 0.548 0.452 1 1 0.593 0.407 1 1 1 1 1 1 1 1 0.281 0.719 1 0.93 0.07 1 0.592 0.151 0.034 0.115 0.108 
Delays: 0.0125296 0.017209 0.0142194 0.0149959 0.0089984 0.00576286 0.0303336 0.0160149 0.0181995 0.0103574 0.00572179 0.0133314 0.0175747 0.015662 0.00583167 0.00882204 0.0223549 0.00716747 0.00725593 0.0129787 0.0130593 0.022994 0.0116322 0.0130113 0.0130674 0.00841965 0.00717926 0.0249327 0.00446541 0.0190623 
Throughputs: 3.65363 2.47398 3.65363 3.45702 3.62086 2.52314 2.44122 4.62029 4.76774 3.24403 2.60506 2.83443 2.4576 3.29318 3.7847 2.58867 3.52256 3.57171 3.08019 2.7689 2.78528 3.93216 2.16269 2.75251 3.08019 3.1785 2.3593 4.17792 3.22765 4.17792 
Utility: 5.67538 4.96815 5.54887 5.44039 5.99742 6.08182 4.38799 5.66469 5.56824 5.74687 6.12093 5.35947 4.94048 5.34837 6.47542 5.68165 5.0599 6.21125 6.05093 5.3629 5.36261 5.14171 5.22533 5.35445 5.46263 5.9336 5.79492 5.12139 6.58315 5.38986 

--------------------------------------
Time: 27.0045
Split Ratios: 0.07 0.93 0.88 0.12 0.341 0.659 0.735 0.265 0.6 0.4 1 0.099 0.901 1 0.633 0.05 0.317 1 1 0.245 0.755 0.852 0.148 0.548 0.452 1 1 0.593 0.407 1 1 1 1 1 1 1 1 0.281 0.719 1 0.93 0.07 1 0.592 0.151 0.034 0.115 0.108 
Delays: 0.0121264 0.0170397 0.0143646 0.0149002 0.00925872 0.00576827 0.0301879 0.0160334 0.0181126 0.0102888 0.00571571 0.0132265 0.0175436 0.0157672 0.0058401 0.00874326 0.0223697 0.00718928 0.00727485 0.012962 0.0130737 0.0230226 0.0117035 0.0130146 0.0130801 0.00848698 0.00715471 0.0249258 0.00444175 0.0191626 
Throughputs: 2.9655 2.5559 3.48979 3.62086 3.50618 3.19488 2.06438 4.14515 4.29261 2.7689 2.83443 2.4576 2.68698 3.50618 4.04685 2.37568 3.62086 3.35872 3.52256 2.65421 2.91635 4.096 2.3593 2.81805 2.88358 3.08019 2.40845 3.9977 3.22765 4.01408 
Utility: 5.49942 5.01061 5.49283 5.4931 5.93671 6.31693 4.22514 5.55502 5.46804 5.59515 6.20638 5.22472 5.03148 5.40435 6.54095 5.60476 5.08676 6.14672 6.18252 5.32188 5.40749 5.18129 5.30623 5.37773 5.3957 5.89421 5.81897 5.07757 6.58846 5.3446 

--------------------------------------
Time: 27.5046
Split Ratios: 0.07 0.93 0.88 0.12 0.341 0.659 0.735 0.265 0.6 0.4 1 0.099 0.901 1 0.633 0.05 0.317 1 1 0.245 0.755 0.852 0.148 0.548 0.452 1 1 0.593 0.407 1 1 1 1 1 1 1 1 0.281 0.719 1 0.93 0.07 1 0.592 0.151 0.034 0.115 0.108 
Delays: 0.0123141 0.0169037 0.0143778 0.0148392 0.00893074 0.0057573 0.030509 0.0159946 0.0180396 0.010322 0.00573816 0.013329 0.0175694 0.0157643 0.00582025 0.00879215 0.0223395 0.00719646 0.00724665 0.0130054 0.0131107 0.0229928 0.0116288 0.013009 0.0130732 0.00843482 0.00718818 0.0247585 0.00445063 0.0190908 
Throughputs: 3.34234 2.40845 4.06323 3.30957 3.9977 2.50675 2.8672 4.5056 3.7847 2.62144 2.34291 2.73613 2.65421 2.94912 3.80109 2.12992 4.14515 3.12934 3.30957 2.50675 2.70336 4.14515 2.24461 2.9655 3.06381 3.30957 2.85082 4.16154 2.9655 4.14515 
Utility: 5.60368 4.9592 5.64405 5.4073 6.10397 6.07627 4.54307 5.64082 5.34615 5.5372 6.01201 5.32436 5.01774 5.23151 6.4817 5.48998 5.22334 6.07499 6.12403 5.26138 5.32882 5.19451 5.2628 5.42916 5.45685 5.9722 5.98292 5.12447 6.50176 5.38049 

--------------------------------------
Time: 28.0046
Split Ratios: 0.07 0.93 0.88 0.12 0.341 0.659 0.735 0.265 0.6 0.4 1 0.099 0.901 1 0.633 0.05 0.317 1 1 0.245 0.755 0.852 0.148 0.548 0.452 1 1 0.593 0.407 1 1 1 1 1 1 1 1 0.281 0.719 1 0.93 0.07 1 0.592 0.151 0.034 0.115 0.108 
Delays: 0.0124826 0.0169934 0.0142828 0.0148733 0.0091714 0.00578373 0.0303803 0.0160735 0.0179324 0.0104379 0.00573739 0.0132817 0.0175304 0.0157216 0.00586956 0.00877514 0.022361 0.00717823 0.00727438 0.0130093 0.0130753 0.0230107 0.0116193 0.0130002 0.0131068 0.00849139 0.00716995 0.0248271 0.00437729 0.0189021 
Throughputs: 3.47341 2.88358 3.75194 3.45702 3.76832 2.78528 2.12992 4.55475 4.48922 2.91635 2.94912 3.08019 2.71974 3.89939 4.16154 2.27738 3.88301 3.29318 3.48979 2.47398 2.70336 3.91578 2.75251 2.80166 2.91635 3.32595 2.68698 3.70278 3.14573 4.29261 
Utility: 5.62856 5.13396 5.57097 5.44859 6.01829 6.17706 4.25005 5.64675 5.52283 5.63265 6.24226 5.44636 5.04435 5.51354 6.56386 5.55886 5.15705 6.12856 6.17324 5.24792 5.33153 5.13681 5.4676 5.37301 5.40496 5.97046 5.92627 5.0049 6.57737 5.42538 

--------------------------------------
Time: 28.5047
Split Ratios: 0.07 0.93 0.88 0.12 0.341 0.659 0.735 0.265 0.6 0.4 1 0.099 0.901 1 0.633 0.05 0.317 1 1 0.245 0.755 0.852 0.148 0.548 0.452 1 1 0.593 0.407 1 1 1 1 1 1 1 1 0.281 0.719 1 0.93 0.07 1 0.592 0.151 0.034 0.115 0.108 
Delays: 0.0122866 0.0170976 0.0142214 0.0148188 0.00899647 0.0057672 0.0303596 0.0160116 0.017947 0.0103212 0.00571008 0.0133564 0.0175839 0.0157763 0.00584194 0.00883538 0.0224233 0.00715765 0.00727614 0.0130399 0.0131096 0.022991 0.0115765 0.0130418 0.0130878 0.00877262 0.00721246 0.0247933 0.00442719 0.0191007 
Throughputs: 3.11296 2.4576 4.06323 3.12934 3.29318 2.89997 2.34291 4.83328 3.9977 2.68698 2.83443 2.63782 3.11296 3.47341 3.71917 2.49037 4.11238 3.26042 3.32595 2.80166 2.7689 3.62086 2.1463 3.03104 3.06381 2.98189 2.99827 3.96493 3.2768 4.03046 
Utility: 5.53482 4.968 5.65499 5.35269 5.90278 6.22027 4.34604 5.70996 5.40605 5.56197 6.20736 5.28571 5.17635 5.39438 6.45619 5.64142 5.21166 6.12143 6.12491 5.36996 5.35286 5.05937 5.22252 5.4485 5.45573 5.82868 6.02998 5.07467 6.60686 5.35191 

--------------------------------------
Time: 29.0048
Split Ratios: 0.07 0.93 0.88 0.12 0.341 0.659 0.735 0.265 0.6 0.4 1 0.099 0.901 1 0.633 0.05 0.317 1 1 0.245 0.755 0.852 0.148 0.548 0.452 1 1 0.593 0.407 1 1 1 1 1 1 1 1 0.281 0.719 1 0.93 0.07 1 0.592 0.151 0.034 0.115 0.108 
Delays: 0.0126287 0.0170244 0.0144373 0.0148582 0.00905169 0.00576857 0.0303395 0.0160021 0.0177732 0.0102948 0.00572585 0.0132657 0.0175582 0.0155434 0.00587042 0.00876584 0.0222938 0.00718525 0.0072883 0.0130178 0.0130537 0.0231041 0.0116301 0.0129844 0.0130448 0.0085661 0.00718086 0.0245946 0.00447351 0.0189032 
Throughputs: 3.16211 2.42483 4.04685 3.76832 3.52256 3.1785 2.49037 4.65306 4.30899 2.75251 2.42483 2.88358 2.44122 3.14573 4.17792 2.5559 3.6864 3.44064 3.60448 2.27738 2.88358 4.12877 2.4576 2.62144 2.67059 3.42426 2.7689 3.88301 3.34234 4.096 
Utility: 5.52302 4.95887 5.63588 5.53583 5.96399 6.31174 4.40773 5.67256 5.49077 5.58863 6.04853 5.38161 4.93473 5.31016 6.56764 5.6753 5.1081 6.17138 6.20366 5.16446 5.39772 5.18573 5.35334 5.30773 5.32167 5.99083 5.95479 5.06184 6.61625 5.37843 

--------------------------------------
Time: 29.5049
Split Ratios: 0.07 0.93 0.88 0.12 0.341 0.659 0.735 0.265 0.6 0.4 1 0.099 0.901 1 0.633 0.05 0.317 1 1 0.245 0.755 0.852 0.148 0.548 0.452 1 1 0.593 0.407 1 1 1 1 1 1 1 1 0.281 0.719 1 0.93 0.07 1 0.592 0.151 0.034 0.115 0.108 
Delays: 0.0131723 0.0170891 0.0142955 0.0149674 0.00889735 0.00579248 0.03034 0.0160132 0.0181989 0.0103432 0.00570749 0.0133195 0.0176404 0.0153724 0.00586037 0.00885042 0.0223358 0.00717002 0.00725418 0.0129871 0.0131512 0.0230133 0.0115941 0.0130559 0.0130639 0.00857166 0.00715728 0.0246455 0.00446665 0.0189642 
Throughputs: 3.22765 2.37568 3.96493 2.98189 3.52256 2.89997 2.52314 4.45645 4.30899 2.89997 2.70336 3.08019 3.01466 3.48979 4.14515 2.57229 3.29318 3.35872 3.3751 2.73613 2.70336 4.34176 2.40845 3.26042 2.81805 2.99827 2.63782 3.86662 3.29318 4.24346 
Utility: 5.5014 4.9346 5.6253 5.29443 5.98119 6.21589 4.42079 5.6287 5.4671 5.63613 6.16047 5.44352 5.14105 5.42502 6.56148 5.67209 4.99342 6.14941 6.1426 5.35034 5.32574 5.23996 5.33624 5.52037 5.37394 5.85733 5.90958 5.05554 6.60297 5.41058 

--------------------------------------
Time: 30.0049
Split Ratios: 0.07 0.93 0.88 0.12 0.341 0.659 0.735 0.265 0.6 0.4 1 0.099 0.901 1 0.633 0.05 0.317 1 1 0.245 0.755 0.852 0.148 0.548 0.452 1 1 0.593 0.407 1 1 1 1 1 1 1 1 0.281 0.719 1 0.93 0.07 1 0.592 0.151 0.034 0.115 0.108 
Delays: 0.0125862 0.017312 0.014432 0.0149091 0.00888571 0.00575555 0.0302445 0.01597 0.0181943 0.0103186 0.0057218 0.0133289 0.0176096 0.0153035 0.00581024 0.00887237 0.0224101 0.00719814 0.00726992 0.0130031 0.0130771 0.0230546 0.0116249 0.012965 0.013141 0.00873229 0.00715876 0.0246992 0.00440514 0.0188702 
Throughputs: 3.3751 2.44122 3.63725 3.01466 3.81747 2.75251 2.21184 4.16154 4.35814 3.22765 2.57229 2.73613 3.11296 3.42426 3.88301 2.75251 3.71917 3.3751 3.44064 2.70336 2.68698 3.83386 2.32653 2.65421 2.71974 3.21126 2.7689 4.01408 3.03104 4.39091 
Utility: 5.59158 4.94885 5.52953 5.30927 6.0629 6.1701 4.29226 5.56293 5.47869 5.74556 6.10827 5.32436 5.17489 5.41056 6.50474 5.73733 5.11174 6.15036 6.15967 5.33706 5.32531 5.11376 5.29899 5.32165 5.33255 5.90739 5.95787 5.09079 6.53389 5.44971 

--------------------------------------
Time: 30.505
Split Ratios: 0.07 0.93 0.88 0.12 0.341 0.659 0.735 0.265 0.6 0.4 1 0.099 0.901 1 0.633 0.05 0.317 1 1 0.245 0.755 0.852 0.148 0.548 0.452 1 1 0.593 0.407 1 1 1 1 1 1 1 1 0.281 0.719 1 0.93 0.07 1 0.592 0.151 0.034 0.115 0.108 
Delays: 0.0124707 0.0169953 0.0143052 0.0149287 0.00901147 0.0057396 0.0302804 0.0160776 0.0180882 0.0103274 0.00571484 0.0132769 0.0175349 0.015798 0.00587764 0.0088065 0.0222592 0.00715412 0.00724285 0.0129604 0.0131012 0.022984 0.0116568 0.0130227 0.013184 0.00830734 0.00715209 0.0248856 0.00444252 0.0190181 
Throughputs: 3.42426 2.88358 3.7847 3.62086 4.03046 2.68698 2.44122 4.48922 4.37453 2.8672 2.27738 2.62144 2.73613 3.47341 4.11238 2.42483 3.48979 2.93274 3.34234 2.32653 2.80166 3.86662 2.4576 2.85082 3.14573 2.71974 2.65421 4.12877 3.2768 4.75136 
Utility: 5.61526 5.13385 5.5781 5.49118 6.10314 6.14878 4.38975 5.632 5.48829 5.62629 5.98771 5.28546 5.05011 5.39301 6.5506 5.61803 5.05484 6.016 6.13441 5.19023 5.36526 5.12534 5.35105 5.38867 5.4748 5.79115 5.9165 5.11144 6.6034 5.5208 

--------------------------------------
Time: 31.0052
Split Ratios: 0.07 0.93 0.88 0.12 0.341 0.659 0.735 0.265 0.6 0.4 1 0.099 0.901 1 0.633 0.05 0.317 1 1 0.245 0.755 0.852 0.148 0.548 0.452 1 1 0.593 0.407 1 1 1 1 1 1 1 1 0.281 0.719 1 0.93 0.07 1 0.592 0.151 0.034 0.115 0.108 
Delays: 0.0124335 0.0170497 0.0144995 0.0149275 0.0089792 0.00578556 0.0303007 0.0159216 0.0177841 0.010309 0.00571217 0.0132706 0.0175327 0.0156265 0.00582298 0.00880641 0.0223674 0.00718063 0.00725072 0.0129547 0.0131355 0.0230289 0.0116114 0.0129851 0.0130717 0.00840621 0.00719778 0.0246858 0.00444102 0.0190363 
Throughputs: 3.48979 2.50675 4.04685 3.32595 3.86662 2.98189 2.31014 4.07962 4.07962 2.93274 2.60506 2.73613 2.58867 2.94912 3.75194 2.3593 3.94854 3.16211 3.1785 2.60506 2.81805 3.86662 2.3593 2.88358 3.12934 3.29318 2.60506 4.096 2.78528 3.94854 
Utility: 5.6372 4.99061 5.63158 5.4063 6.06523 6.24495 4.33389 5.54608 5.43545 5.65067 6.12261 5.32875 4.99483 5.2403 6.46822 5.59064 5.1735 6.08761 6.08306 5.30375 5.36848 5.12339 5.31413 5.40299 5.47813 5.97064 5.89144 5.11154 6.44122 5.33475 

--------------------------------------
Time: 31.5052
Split Ratios: 0.07 0.93 0.88 0.12 0.341 0.659 0.735 0.265 0.6 0.4 1 0.099 0.901 1 0.633 0.05 0.317 1 1 0.245 0.755 0.852 0.148 0.548 0.452 1 1 0.593 0.407 1 1 1 1 1 1 1 1 0.281 0.719 1 0.93 0.07 1 0.592 0.151 0.034 0.115 0.108 
Delays: 0.012981 0.0169305 0.0144572 0.0148172 0.0088537 0.00574432 0.0303254 0.0159958 0.0177814 0.0102839 0.00570266 0.0133512 0.0177165 0.0154744 0.00582671 0.00878981 0.022372 0.0071798 0.00726364 0.0129845 0.0131398 0.0231172 0.0116943 0.0129983 0.0130326 0.00882715 0.00715511 0.0248651 0.00436838 0.0191094 
Throughputs: 3.16211 2.47398 3.94854 3.14573 3.76832 2.71974 2.22822 4.35814 4.06323 2.80166 2.26099 2.7689 2.58867 3.75194 4.06323 2.17907 3.73555 3.34234 3.22765 2.29376 2.68698 4.39091 2.63782 2.73613 2.94912 3.1785 2.81805 3.75194 2.67059 4.44006 
Utility: 5.49551 4.98447 5.60991 5.35801 6.05355 6.16008 4.29698 5.60747 5.43158 5.60739 5.98263 5.3346 4.9844 5.49084 6.54728 5.51306 5.11784 6.14315 6.09663 5.17419 5.32053 5.24671 5.41861 5.34948 5.42181 5.88633 5.97597 5.01656 6.41566 5.44824 

--------------------------------------
Time: 32.0052
Split Ratios: 0.07 0.93 0.88 0.12 0.341 0.659 0.735 0.265 0.6 0.4 1 0.099 0.901 1 0.633 0.05 0.317 1 1 0.245 0.755 0.852 0.148 0.548 0.452 1 1 0.593 0.407 1 1 1 1 1 1 1 1 0.281 0.719 1 0.93 0.07 1 0.592 0.151 0.034 0.115 0.108 
Delays: 0.0129342 0.0170899 0.0144858 0.0147812 0.00893364 0.00576561 0.0302069 0.0159427 0.0179303 0.0102808 0.00574 0.0133167 0.0175855 0.0158032 0.00581676 0.00888093 0.0223293 0.00719236 0.00725691 0.0129663 0.0131146 0.0230946 0.0116671 0.0129967 0.0130395 0.00851601 0.00719107 0.0249459 0.00441803 0.0188922 
Throughputs: 3.03104 2.26099 3.67002 3.21126 3.62086 2.98189 2.26099 4.17792 4.55475 3.03104 3.34234 2.73613 2.85082 3.52256 3.76832 2.8672 3.75194 3.47341 3.53894 2.26099 2.83443 4.01408 2.75251 3.19488 3.08019 3.30957 2.42483 3.6864 2.88358 4.29261 
Utility: 5.45678 4.88507 5.53478 5.38106 6.00464 6.2484 4.31549 5.56857 5.53744 5.68638 6.36697 5.32528 5.08828 5.40673 6.47364 5.77719 5.12413 6.17987 6.18963 5.16121 5.37587 5.15796 5.4635 5.50461 5.46477 5.96263 5.82068 4.9957 6.4811 5.4259 

--------------------------------------
Time: 32.5053
Split Ratios: 0.07 0.93 0.88 0.12 0.341 0.659 0.735 0.265 0.6 0.4 1 0.099 0.901 1 0.633 0.05 0.317 1 1 0.245 0.755 0.852 0.148 0.548 0.452 1 1 0.593 0.407 1 1 1 1 1 1 1 1 0.281 0.719 1 0.93 0.07 1 0.592 0.151 0.034 0.115 0.108 
Delays: 0.0124922 0.0169676 0.0142772 0.0148809 0.00899645 0.00577161 0.0303994 0.0160516 0.0182656 0.0103059 0.00572086 0.0132645 0.0176365 0.0160576 0.0058612 0.00877231 0.0222776 0.00719999 0.00722537 0.0129632 0.0131268 0.0228898 0.0116144 0.0129692 0.0131341 0.00840104 0.00718817 0.0248669 0.00440053 0.0190475 
Throughputs: 3.24403 2.44122 3.48979 3.32595 3.9977 3.11296 2.01523 4.53837 4.37453 2.65421 2.58867 3.09658 2.67059 3.2768 4.07962 2.49037 3.83386 3.3751 2.80166 2.47398 2.78528 3.76832 2.50675 2.85082 2.83443 3.55533 2.67059 4.01408 3.39149 4.34176 
Utility: 5.55947 4.96894 5.49893 5.40943 6.09664 6.29038 4.19407 5.64451 5.47854 5.55118 6.11478 5.45296 5.02008 5.31844 6.5454 5.64859 5.14804 6.1501 5.96037 5.25147 5.35745 5.10369 5.3745 5.39278 5.37439 6.04785 5.91762 5.08403 6.6473 5.4291 

--------------------------------------
Time: 33.0053
Split Ratios: 0.07 0.93 0.88 0.12 0.341 0.659 0.735 0.265 0.6 0.4 1 0.099 0.901 1 0.633 0.05 0.317 1 1 0.245 0.755 0.852 0.148 0.548 0.452 1 1 0.593 0.407 1 1 1 1 1 1 1 1 0.281 0.719 1 0.93 0.07 1 0.592 0.151 0.034 0.115 0.108 
Delays: 0.0125822 0.0172555 0.0142485 0.0148409 0.00875245 0.00577655 0.0303789 0.0160279 0.0181641 0.0102989 0.00572287 0.0132755 0.0176086 0.0152139 0.00583877 0.00874289 0.0223482 0.00719513 0.00728841 0.0129847 0.0131029 0.0229476 0.0115907 0.012974 0.0130974 0.00855966 0.00717788 0.0246935 0.00440929 0.0192138 
Throughputs: 3.1785 2.75251 3.73555 3.08019 3.35872 3.06381 2.57229 4.22707 4.16154 3.39149 2.80166 2.91635 2.73613 3.55533 4.32538 2.34291 3.57171 3.24403 3.24403 2.19546 2.93274 3.88301 2.39206 2.57229 2.81805 3.03104 2.65421 3.75194 3.12934 4.11238 
Utility: 5.53188 5.07214 5.569 5.33536 5.94998 6.27361 4.4388 5.57493 5.43419 5.79699 6.1935 5.39217 5.04591 5.45399 6.60773 5.59091 5.07405 6.11117 6.09829 5.13037 5.41086 5.13115 5.32971 5.2896 5.37139 5.8696 5.9129 5.02349 6.56486 5.36613 

--------------------------------------
Time: 33.5054
Split Ratios: 0.07 0.93 0.88 0.12 0.341 0.659 0.735 0.265 0.6 0.4 1 0.099 0.901 1 0.633 0.05 0.317 1 1 0.245 0.755 0.852 0.148 0.548 0.452 1 1 0.593 0.407 1 1 1 1 1 1 1 1 0.281 0.719 1 0.93 0.07 1 0.592 0.151 0.034 0.115 0.108 
Delays: 0.0120762 0.0171451 0.0144313 0.0148464 0.00898282 0.00579156 0.0302682 0.0160199 0.0181578 0.0103424 0.00571706 0.0133161 0.0175154 0.0159762 0.00583407 0.00877963 0.0222857 0.00718447 0.00725104 0.0129782 0.0130783 0.0229839 0.0115952 0.0129864 0.013133 0.00852822 0.00720759 0.0247534 0.00441718 0.0191084 
Throughputs: 3.30957 2.67059 3.5881 3.42426 3.32595 2.4576 2.21184 4.37453 4.35814 3.09658 2.94912 2.91635 2.67059 3.53894 3.86662 2.44122 3.91578 3.2768 3.67002 2.32653 2.47398 3.73555 2.34291 2.5559 2.9655 3.03104 2.52314 3.57171 3.11296 4.1943 
Utility: 5.61334 5.04834 5.51598 5.44088 5.9142 6.05054 4.29148 5.60972 5.4807 5.7018 6.24581 5.38911 5.02697 5.40048 6.49642 5.62782 5.16882 6.1227 6.22681 5.18886 5.24263 5.09086 5.30855 5.28226 5.41968 5.87328 5.85812 4.97184 6.55783 5.39135 

--------------------------------------
Time: 34.0055
Split Ratios: 0.07 0.93 0.88 0.12 0.341 0.659 0.735 0.265 0.6 0.4 1 0.099 0.901 1 0.633 0.05 0.317 1 1 0.245 0.755 0.852 0.148 0.548 0.452 1 1 0.593 0.407 1 1 1 1 1 1 1 1 0.281 0.719 1 0.93 0.07 1 0.592 0.151 0.034 0.115 0.108 
Delays: 0.0126173 0.0171739 0.0142591 0.0148239 0.00901465 0.00576161 0.030378 0.0159765 0.0178187 0.0103338 0.00570945 0.0132701 0.0175166 0.0158298 0.00580367 0.00877414 0.0223173 0.00716316 0.0072635 0.013 0.0131094 0.0229686 0.0116146 0.0130134 0.0130785 0.0084696 0.00718562 0.0247537 0.00443002 0.0189153 
Throughputs: 3.80109 2.4576 4.17792 3.29318 3.5881 2.80166 2.24461 4.44006 4.39091 2.67059 2.47398 2.5559 2.50675 3.3751 3.71917 2.3593 3.70278 3.34234 3.21126 2.50675 2.63782 3.55533 2.75251 3.09658 3.35872 3.24403 2.67059 3.26042 2.99827 3.88301 
Utility: 5.70797 4.96355 5.68018 5.40337 5.98653 6.18675 4.30257 5.6273 5.50705 5.55463 6.07146 5.26065 4.9636 5.36229 6.46276 5.59431 5.11148 6.14547 6.09156 5.2618 5.30438 5.04208 5.46801 5.47207 5.54835 5.94809 5.91797 4.88063 6.51739 5.32439 

--------------------------------------
Time: 34.5058
Split Ratios: 0.07 0.93 0.88 0.12 0.341 0.659 0.735 0.265 0.6 0.4 1 0.099 0.901 1 0.633 0.05 0.317 1 1 0.245 0.755 0.852 0.148 0.548 0.452 1 1 0.593 0.407 1 1 1 1 1 1 1 1 0.281 0.719 1 0.93 0.07 1 0.592 0.151 0.034 0.115 0.108 
Delays: 0.012269 0.0170041 0.014483 0.0148707 0.00905645 0.00577928 0.0303152 0.0160416 0.0181524 0.0103857 0.00572424 0.0133911 0.0175942 0.0156106 0.00581768 0.00882442 0.0222707 0.00722466 0.00733718 0.0130073 0.0131008 0.0229568 0.0115951 0.0130014 0.0130719 0.00834059 0.00720688 0.0247274 0.00442362 0.0190645 
Throughputs: 3.48979 2.37568 3.89939 3.11296 3.48979 2.75251 2.8672 4.25984 3.96493 3.01466 2.44122 2.78528 2.4576 3.47341 3.88301 2.47398 3.3751 3.55533 3.29318 2.70336 2.57229 3.76832 2.22822 2.71974 2.9655 3.03104 2.7689 3.83386 3.08019 4.52198 
Utility: 5.65052 4.93958 5.5956 5.34394 5.95412 6.16599 4.54944 5.5818 5.38644 5.67082 6.05554 5.33751 4.93937 5.40494 6.50346 5.63606 5.02091 6.1987 6.10666 5.33674 5.27987 5.10077 5.25838 5.34324 5.42433 5.89553 5.95117 5.04371 6.54579 5.46888 

--------------------------------------
Time: 35.0058
Split Ratios: 0.07 0.93 0.88 0.12 0.341 0.659 0.735 0.265 0.6 0.4 1 0.099 0.901 1 0.633 0.05 0.317 1 1 0.245 0.755 0.852 0.148 0.548 0.452 1 1 0.593 0.407 1 1 1 1 1 1 1 1 0.281 0.719 1 0.93 0.07 1 0.592 0.151 0.034 0.115 0.108 
Delays: 0.0128756 0.0168977 0.0143064 0.0149043 0.00888345 0.00578676 0.0303731 0.0160238 0.0182806 0.0103165 0.00571962 0.0132548 0.0176118 0.0160463 0.00584153 0.00882089 0.0223451 0.0071763 0.0072751 0.0129832 0.0130699 0.0229713 0.0116146 0.0129844 0.0130688 0.00865455 0.00715929 0.0247901 0.0044171 0.0190972 
Throughputs: 3.32595 2.31014 3.70278 3.55533 3.71917 2.73613 2.048 4.29261 4.29261 3.14573 2.58867 2.8672 2.5559 3.29318 3.89939 2.42483 3.5881 3.11296 3.47341 2.47398 2.47398 4.24346 2.42483 2.94912 2.73613 2.93274 2.75251 4.1943 2.8672 4.22707 
Utility: 5.55418 4.91789 5.55613 5.47455 6.03707 6.15873 4.21106 5.59057 5.45881 5.72006 6.115 5.37673 4.97759 5.32413 6.50358 5.6164 5.07877 6.07255 6.16843 5.24993 5.24327 5.21889 5.34125 5.42551 5.34407 5.82561 5.95186 5.13104 6.47561 5.39973 

--------------------------------------
Time: 35.5059
Split Ratios: 0.07 0.93 0.88 0.12 0.341 0.659 0.735 0.265 0.6 0.4 1 0.099 0.901 1 0.633 0.05 0.317 1 1 0.245 0.755 0.852 0.148 0.548 0.452 1 1 0.593 0.407 1 1 1 1 1 1 1 1 0.281 0.719 1 0.93 0.07 1 0.592 0.151 0.034 0.115 0.108 
Delays: 0.0124605 0.0173116 0.0142178 0.0148649 0.0089814 0.00574535 0.0302018 0.0159613 0.0182662 0.0102599 0.00571022 0.0133 0.0174778 0.015209 0.00584505 0.00881626 0.0222878 0.00718849 0.00723527 0.0129648 0.0130634 0.0229862 0.0116596 0.012998 0.0130573 0.00833231 0.0071786 0.0248906 0.00438916 0.018887 
Throughputs: 3.14573 2.62144 3.65363 2.98189 3.98131 2.70336 2.34291 4.24346 3.91578 2.8672 2.71974 2.8672 2.53952 3.35872 3.9977 2.83443 3.52256 3.53894 3.48979 2.21184 2.4576 4.04685 2.47398 2.67059 2.85082 3.22765 2.27738 3.70278 3.08019 4.84966 
Utility: 5.53123 5.0201 5.54898 5.30131 6.09421 6.15386 4.35125 5.58296 5.36772 5.63285 6.16604 5.37332 4.9788 5.39743 6.52788 5.773 5.0629 6.1991 6.17863 5.13934 5.23712 5.1708 5.35746 5.32526 5.38601 5.95937 5.75968 5.00235 6.55361 5.54819 

--------------------------------------
Time: 36.0061
Split Ratios: 0.07 0.93 0.88 0.12 0.341 0.659 0.735 0.265 0.6 0.4 1 0.099 0.901 1 0.633 0.05 0.317 1 1 0.245 0.755 0.852 0.148 0.548 0.452 1 1 0.593 0.407 1 1 1 1 1 1 1 1 0.281 0.719 1 0.93 0.07 1 0.592 0.151 0.034 0.115 0.108 
Delays: 0.0123484 0.0170789 0.0144094 0.0148679 0.00898887 0.00578175 0.0301051 0.0160061 0.0182071 0.0103458 0.00571349 0.0133626 0.0176054 0.0159594 0.0058486 0.0087704 0.0224023 0.00717198 0.00726301 0.0129819 0.0130542 0.0229869 0.0116291 0.0129636 0.0130301 0.00845901 0.00718333 0.024714 0.0044373 0.018798 
Throughputs: 3.47341 2.62144 3.42426 3.3751 3.30957 2.78528 2.03162 4.07962 4.1943 2.8672 2.75251 2.83443 2.62144 3.39149 4.22707 2.34291 3.5881 3.14573 3.47341 2.5559 2.75251 3.89939 2.31014 2.80166 3.08019 3.03104 2.12992 4.16154 3.06381 4.03046 
Utility: 5.63937 5.03364 5.47076 5.42497 5.90859 6.1774 4.21189 5.54079 5.43967 5.62451 6.17744 5.35714 5.00327 5.35897 6.58306 5.58777 5.07621 6.08362 6.1701 5.28261 5.35116 5.13365 5.29156 5.37583 5.46549 5.88143 5.69208 5.12627 6.53737 5.36789 

