--------------------------------------
Time: 5.50007
Split Ratios: 0.333333 0.333333 0.333333 0.25 0.25 0.25 0.25 0.333333 0.333333 0.333333 0.333333 0.333333 0.333333 0.5 0.5 1 0.5 0.5 0.5 0.5 0.5 0.5 0.5 0.5 0.25 0.25 0.25 0.25 0.5 0.5 1 1 1 1 0.25 0.25 0.25 0.25 0.5 0.5 0.5 0.5 0.333333 0.333333 0.333333 
Delays: 0.0234478 0.0167405 0.0149127 0.0130649 0.0286357 0.00857493 0.0115101 0.0137075 0.0116553 0.013668 0.0222665 0.014954 0.00713609 0.00573878 0.00860153 0.0100673 0.0212696 0.0163349 0.0135909 0.0108274 
Throughputs: 3.48979 2.58867 2.73613 2.21184 2.21184 2.34291 2.8672 2.42483 4.04685 2.58867 3.16211 2.12992 2.24461 3.09658 1.67117 3.63725 2.7689 2.09715 2.70336 2.57229 
Utility: 5.00282 5.04107 5.21209 5.13165 4.34693 5.61031 5.51787 5.17558 5.84994 5.24384 4.95591 4.95886 5.75112 6.29081 5.26934 5.88969 4.86893 4.85503 5.29285 5.47047 

--------------------------------------
Time: 6.00007
Split Ratios: 0.676 0.296 0.028 0.362 0.252 0.025 0.361 0.126 0.07 0.804 0.403 0.454 0.144 0.774 0.226 1 0.725 0.275 0.554 0.446 0.505 0.495 0.798 0.202 0.344 0.139 0.256 0.261 0.265 0.735 1 1 1 1 0.201 0.144 0.201 0.453 0.778 0.222 0.373 0.627 0.453 0.172 0.375 
Delays: 0.0229197 0.016558 0.0144835 0.0126524 0.0277555 0.00859437 0.0114915 0.0132069 0.0116646 0.0132406 0.0230705 0.0137872 0.00714305 0.00571503 0.00861989 0.0100189 0.022231 0.0207687 0.0134783 0.0105423 
Throughputs: 3.01466 2.8672 3.11296 2.19546 2.44122 2.40845 2.93274 2.52314 3.91578 2.80166 3.53894 2.048 2.42483 3.19488 1.72032 3.50618 2.73613 2.31014 3.3751 2.78528 
Utility: 4.87924 5.15422 5.37032 5.1563 4.47682 5.63563 5.54208 5.25252 5.81621 5.35468 5.03303 5.00088 5.82738 6.3262 5.29619 5.85781 4.81281 4.71162 5.5231 5.57671 

--------------------------------------
Time: 6.50053
Split Ratios: 0.676 0.296 0.028 0.362 0.252 0.025 0.361 0.126 0.07 0.804 0.403 0.454 0.144 0.774 0.226 1 0.725 0.275 0.554 0.446 0.505 0.495 0.798 0.202 0.344 0.139 0.256 0.261 0.265 0.735 1 1 1 1 0.201 0.144 0.201 0.453 0.778 0.222 0.373 0.627 0.453 0.172 0.375 
Delays: 0.0229202 0.0165272 0.0145864 0.0127009 0.0278481 0.00856953 0.011465 0.0129993 0.011795 0.0131698 0.0230443 0.0139764 0.00714954 0.00573739 0.00859041 0.0100035 0.0222681 0.0211879 0.0134082 0.0105271 
Throughputs: 2.67059 2.91635 2.7689 1.9497 2.4576 2.40845 2.71974 2.52314 3.81747 2.58867 3.29318 2.1463 2.21184 3.45702 1.9497 3.30957 3.2768 2.12992 3.12934 2.4576 
Utility: 4.75804 5.17308 5.24611 5.03376 4.48018 5.63852 5.46899 5.26836 5.77967 5.28098 4.96219 5.03413 5.73453 6.40116 5.42478 5.80164 4.99147 4.61041 5.45271 5.45298 

--------------------------------------
Time: 7.00065
Split Ratios: 0.676 0.296 0.028 0.362 0.252 0.025 0.361 0.126 0.07 0.804 0.403 0.454 0.144 0.774 0.226 1 0.725 0.275 0.554 0.446 0.505 0.495 0.798 0.202 0.344 0.139 0.256 0.261 0.265 0.735 1 1 1 1 0.201 0.144 0.201 0.453 0.778 0.222 0.373 0.627 0.453 0.172 0.375 
Delays: 0.0229954 0.0168453 0.0145164 0.0128878 0.0278701 0.00857695 0.0115292 0.013646 0.011799 0.0131543 0.0225912 0.0138844 0.00716885 0.00572347 0.00864415 0.00999982 0.0223555 0.0202565 0.0133998 0.0102171 
Throughputs: 3.34234 2.80166 3.12934 2.53952 2.34291 2.11354 2.85082 2.7689 3.81747 2.75251 3.06381 2.17907 1.99885 3.09658 1.7367 3.40787 3.21126 2.47398 3.06381 2.70336 
Utility: 4.97913 5.1139 5.3733 5.28345 4.43159 5.50704 5.51047 5.31275 5.77933 5.34352 4.90985 5.05589 5.63058 6.29348 5.30286 5.83128 4.96735 4.80511 5.43218 5.57819 

--------------------------------------
Time: 7.50066
Split Ratios: 0.676 0.296 0.028 0.362 0.252 0.025 0.361 0.126 0.07 0.804 0.403 0.454 0.144 0.774 0.226 1 0.725 0.275 0.554 0.446 0.505 0.495 0.798 0.202 0.344 0.139 0.256 0.261 0.265 0.735 1 1 1 1 0.201 0.144 0.201 0.453 0.778 0.222 0.373 0.627 0.453 0.172 0.375 
Delays: 0.0229382 0.0165304 0.0146639 0.0127821 0.0278297 0.00859969 0.0114795 0.0137194 0.0116261 0.0131411 0.0232936 0.0137043 0.00713439 0.00573125 0.00858796 0.010008 0.0218201 0.0215808 0.0134614 0.0104919 
Throughputs: 3.24403 3.19488 2.7689 2.32653 2.16269 2.49037 2.93274 2.68698 3.80109 2.57229 3.39149 1.99885 2.16269 2.9655 2.09715 3.29318 3.08019 2.40845 3.26042 2.60506 
Utility: 4.95177 5.2641 5.24082 5.20408 4.353 5.66846 5.54313 5.27736 5.78979 5.2768 4.98084 4.98262 5.71418 6.24887 5.49797 5.79623 4.94992 4.71493 5.48978 5.5146 

--------------------------------------
Time: 8.00094
Split Ratios: 0.676 0.296 0.028 0.362 0.252 0.025 0.361 0.126 0.07 0.804 0.403 0.454 0.144 0.774 0.226 1 0.725 0.275 0.554 0.446 0.505 0.495 0.798 0.202 0.344 0.139 0.256 0.261 0.265 0.735 1 1 1 1 0.201 0.144 0.201 0.453 0.778 0.222 0.373 0.627 0.453 0.172 0.375 
Delays: 0.0229427 0.0163585 0.0144781 0.0128318 0.0281367 0.00858893 0.0114834 0.0136775 0.0115974 0.0132012 0.0231042 0.0143031 0.0071439 0.00571982 0.00866594 0.0100115 0.0224441 0.0211312 0.0133998 0.010335 
Throughputs: 3.01466 2.93274 2.88358 2.1463 2.49037 2.47398 2.53952 2.60506 3.62086 2.75251 3.08019 2.06438 2.29376 3.42426 2.03162 3.32595 2.91635 1.98246 3.24403 2.73613 
Utility: 4.87824 5.18894 5.29415 5.11957 4.48311 5.66311 5.39882 5.24946 5.74369 5.33996 4.89273 4.97211 5.77169 6.3947 5.45719 5.80578 4.86706 4.54134 5.48933 5.57877 

--------------------------------------
Time: 8.50105
Split Ratios: 0.676 0.296 0.028 0.362 0.252 0.025 0.361 0.126 0.07 0.804 0.403 0.454 0.144 0.774 0.226 1 0.725 0.275 0.554 0.446 0.505 0.495 0.798 0.202 0.344 0.139 0.256 0.261 0.265 0.735 1 1 1 1 0.201 0.144 0.201 0.453 0.778 0.222 0.373 0.627 0.453 0.172 0.375 
Delays: 0.0229853 0.016614 0.0144694 0.0127434 0.0276838 0.0085957 0.0115355 0.0133696 0.0118529 0.0131173 0.0227578 0.013924 0.00713978 0.0057242 0.00860454 0.0100046 0.0224134 0.0217098 0.0134866 0.0103916 
Throughputs: 3.42426 3.2768 3.21126 2.21184 2.22822 2.50675 2.81805 2.27738 3.40787 2.83443 3.45702 2.01523 2.63782 3.40787 2.06438 3.04742 2.8672 2.58867 2.9655 2.81805 
Utility: 5.00378 5.28438 5.40239 5.15657 4.38811 5.67548 5.49837 5.13779 5.66127 5.37567 5.02326 4.97488 5.91203 6.38914 5.4803 5.71901 4.85143 4.78113 5.3931 5.6028 

--------------------------------------
Time: 9.00138
Split Ratios: 0.676 0.296 0.028 0.362 0.252 0.025 0.361 0.126 0.07 0.804 0.403 0.454 0.144 0.774 0.226 1 0.725 0.275 0.554 0.446 0.505 0.495 0.798 0.202 0.344 0.139 0.256 0.261 0.265 0.735 1 1 1 1 0.201 0.144 0.201 0.453 0.778 0.222 0.373 0.627 0.453 0.172 0.375 
Delays: 0.0229004 0.016766 0.0145406 0.0129225 0.0278607 0.00862096 0.0115072 0.0135738 0.0118477 0.0132033 0.0228855 0.0139576 0.00713076 0.00572873 0.00863916 0.01002 0.0221079 0.0215052 0.0134556 0.0104265 
Throughputs: 3.39149 3.14573 2.88358 2.29376 2.26099 2.50675 3.03104 2.29376 3.93216 2.29376 3.57171 2.19546 2.1463 3.3751 1.70394 3.5881 2.80166 2.40845 3.5881 2.88358 
Utility: 4.99787 5.23445 5.28985 5.17898 4.39634 5.67255 5.57369 5.12981 5.80481 5.15748 5.0503 5.05812 5.70708 6.37869 5.28439 5.88079 4.84204 4.71845 5.58598 5.62244 

--------------------------------------
Time: 9.50142
Split Ratios: 0.676 0.296 0.028 0.362 0.252 0.025 0.361 0.126 0.07 0.804 0.403 0.454 0.144 0.774 0.226 1 0.725 0.275 0.554 0.446 0.505 0.495 0.798 0.202 0.344 0.139 0.256 0.261 0.265 0.735 1 1 1 1 0.201 0.144 0.201 0.453 0.778 0.222 0.373 0.627 0.453 0.172 0.375 
Delays: 0.0229544 0.016463 0.0145504 0.0127361 0.0278123 0.00859787 0.0115091 0.0133065 0.0113289 0.013245 0.0231149 0.0143751 0.00713308 0.00572575 0.0086044 0.00998937 0.0221997 0.0213077 0.0133387 0.0104058 
Throughputs: 3.09658 2.93274 2.9655 2.06438 2.50675 2.4576 3.12934 2.80166 3.60448 2.81805 3.42426 1.88416 2.39206 2.80166 2.01523 3.21126 3.14573 2.4576 2.78528 2.49037 
Utility: 4.90454 5.18257 5.31719 5.08815 4.50127 5.65543 5.60544 5.34972 5.76257 5.36018 4.99816 4.87574 5.81517 6.193 5.45622 5.7729 4.95372 4.74787 5.34143 5.47782 

--------------------------------------
Time: 10.0016
Split Ratios: 0.676 0.296 0.028 0.362 0.252 0.025 0.361 0.126 0.07 0.804 0.403 0.454 0.144 0.774 0.226 1 0.725 0.275 0.554 0.446 0.505 0.495 0.798 0.202 0.344 0.139 0.256 0.261 0.265 0.735 1 1 1 1 0.201 0.144 0.201 0.453 0.778 0.222 0.373 0.627 0.453 0.172 0.375 
Delays: 0.0229244 0.0165864 0.0145403 0.0127907 0.0278657 0.00858797 0.0115083 0.013409 0.0119357 0.0132296 0.0229055 0.0136866 0.00713473 0.00572412 0.00859677 0.00999645 0.0224092 0.0215129 0.0134718 0.0104957 
Throughputs: 3.12934 3.14573 2.8672 2.34291 2.34291 2.01523 2.73613 2.7689 3.62086 2.80166 2.88358 1.75309 2.49037 3.32595 1.6384 3.06381 2.80166 2.26099 2.98189 2.58867 
Utility: 4.91638 5.24522 5.28417 5.21043 4.43175 5.45813 5.47123 5.33028 5.71493 5.35551 4.83541 4.85272 5.85521 6.36482 5.25009 5.72518 4.8285 4.6549 5.39971 5.50794 

--------------------------------------
Time: 10.5017
Split Ratios: 0.676 0.296 0.028 0.362 0.252 0.025 0.361 0.126 0.07 0.804 0.403 0.454 0.144 0.774 0.226 1 0.725 0.275 0.554 0.446 0.505 0.495 0.798 0.202 0.344 0.139 0.256 0.261 0.265 0.735 1 1 1 1 0.201 0.144 0.201 0.453 0.778 0.222 0.373 0.627 0.453 0.172 0.375 
Delays: 0.0229425 0.0166103 0.0147105 0.0128393 0.0279371 0.00858759 0.0114791 0.0135102 0.0114225 0.013249 0.0229948 0.0141375 0.00712466 0.00572681 0.00863858 0.0100052 0.0223275 0.0211167 0.0133774 0.0105504 
Throughputs: 3.24403 3.16211 2.93274 2.49037 2.58867 2.37568 2.62144 2.40845 3.88301 2.88358 3.35872 2.08077 2.19546 3.24403 2.048 3.5881 2.52314 2.19546 3.19488 2.88358 
Utility: 4.95158 5.24897 5.29513 5.26767 4.52894 5.62272 5.43095 5.18329 5.82878 5.38287 4.98405 4.99166 5.73058 6.33941 5.46838 5.88227 4.72744 4.64408 5.47574 5.61062 

--------------------------------------
Time: 11.0018
Split Ratios: 0.676 0.296 0.028 0.362 0.252 0.025 0.361 0.126 0.07 0.804 0.403 0.454 0.144 0.774 0.226 1 0.725 0.275 0.554 0.446 0.505 0.495 0.798 0.202 0.344 0.139 0.256 0.261 0.265 0.735 1 1 1 1 0.201 0.144 0.201 0.453 0.778 0.222 0.373 0.627 0.453 0.172 0.375 
Delays: 0.0229598 0.0163812 0.0146194 0.0125244 0.02783 0.00859055 0.0114982 0.0135249 0.0113054 0.0131728 0.0233943 0.0141878 0.0071253 0.00573423 0.00859308 0.00999963 0.0223782 0.0211395 0.0134888 0.0105541 
Throughputs: 3.16211 3.08019 3.09658 2.09715 2.49037 2.44122 2.73613 2.85082 3.6864 2.85082 3.29318 2.24461 2.11354 3.19488 1.76947 2.98189 3.16211 2.49037 2.98189 2.81805 
Utility: 4.92525 5.23661 5.3557 5.12066 4.49407 5.64959 5.47211 5.35083 5.78713 5.37721 4.94712 5.06391 5.69247 6.32285 5.32748 5.69776 4.95091 4.76904 5.39846 5.58729 

--------------------------------------
Time: 11.5018
Split Ratios: 0.676 0.296 0.028 0.362 0.252 0.025 0.361 0.126 0.07 0.804 0.403 0.454 0.144 0.774 0.226 1 0.725 0.275 0.554 0.446 0.505 0.495 0.798 0.202 0.344 0.139 0.256 0.261 0.265 0.735 1 1 1 1 0.201 0.144 0.201 0.453 0.778 0.222 0.373 0.627 0.453 0.172 0.375 
Delays: 0.0229376 0.0166447 0.0146055 0.0128261 0.0279228 0.00858199 0.0115138 0.0135662 0.0116184 0.0132756 0.023415 0.0139355 0.00712923 0.00572469 0.00862544 0.0100561 0.0222523 0.0214353 0.013396 0.0103145 
Throughputs: 3.32595 3.03104 2.75251 2.22822 2.34291 2.65421 2.98189 2.73613 3.85024 2.32653 3.09658 1.88416 2.34291 3.47341 1.81862 3.83386 2.73613 2.58867 3.06381 2.60506 
Utility: 4.97673 5.20457 5.23887 5.15748 4.42971 5.73424 5.55676 5.30672 5.8033 5.1662 4.88467 4.9068 5.79495 6.4081 5.35112 5.94345 4.81185 4.79386 5.43245 5.53166 

--------------------------------------
Time: 12.0021
Split Ratios: 0.676 0.296 0.028 0.362 0.252 0.025 0.361 0.126 0.07 0.804 0.403 0.454 0.144 0.774 0.226 1 0.725 0.275 0.554 0.446 0.505 0.495 0.798 0.202 0.344 0.139 0.256 0.261 0.265 0.735 1 1 1 1 0.201 0.144 0.201 0.453 0.778 0.222 0.373 0.627 0.453 0.172 0.375 
Delays: 0.0229102 0.0166947 0.0146807 0.012776 0.0279385 0.00858299 0.0115105 0.0132857 0.0117033 0.0131729 0.0232488 0.013942 0.00715188 0.00573228 0.00861528 0.00999819 0.0218929 0.0219478 0.0134462 0.0103819 
Throughputs: 2.93274 3.06381 2.71974 2.40845 2.40845 2.47398 2.73613 2.89997 3.53894 2.80166 3.32595 2.21184 2.21184 3.34234 1.78586 3.24403 3.29318 2.27738 2.9655 2.70336 
Utility: 4.85211 5.21232 5.22176 5.23917 4.45673 5.6638 5.47104 5.38576 5.71172 5.35981 4.96326 5.06668 5.7342 6.36831 5.33412 5.78217 5.01345 4.64211 5.39611 5.56219 

--------------------------------------
Time: 12.5023
Split Ratios: 0.676 0.296 0.028 0.362 0.252 0.025 0.361 0.126 0.07 0.804 0.403 0.454 0.144 0.774 0.226 1 0.725 0.275 0.554 0.446 0.505 0.495 0.798 0.202 0.344 0.139 0.256 0.261 0.265 0.735 1 1 1 1 0.201 0.144 0.201 0.453 0.778 0.222 0.373 0.627 0.453 0.172 0.375 
Delays: 0.023054 0.01636 0.014629 0.0130066 0.0278436 0.00855613 0.0114962 0.0134453 0.0109303 0.0131519 0.0231885 0.0138357 0.00712439 0.00572953 0.00858605 0.0100333 0.0223983 0.021397 0.0133929 0.0102668 
Throughputs: 3.39149 3.1785 3.22765 2.26099 2.68698 2.12992 2.5559 2.63782 3.7847 2.83443 3.12934 2.11354 2.22822 3.06381 1.83501 3.5881 2.80166 2.26099 3.08019 2.60506 
Utility: 4.99119 5.26932 5.3965 5.1581 4.56957 5.51719 5.40414 5.27908 5.84718 5.37303 4.90492 5.02887 5.74544 6.28178 5.36467 5.87947 4.82898 4.66031 5.43803 5.53629 

--------------------------------------
Time: 13.0023
Split Ratios: 0.676 0.296 0.028 0.362 0.252 0.025 0.361 0.126 0.07 0.804 0.403 0.454 0.144 0.774 0.226 1 0.725 0.275 0.554 0.446 0.505 0.495 0.798 0.202 0.344 0.139 0.256 0.261 0.265 0.735 1 1 1 1 0.201 0.144 0.201 0.453 0.778 0.222 0.373 0.627 0.453 0.172 0.375 
Delays: 0.0229866 0.0166009 0.0146569 0.012753 0.0276489 0.00857798 0.0114881 0.0134814 0.0113319 0.0132148 0.0234931 0.0142097 0.00714501 0.00573519 0.00859988 0.0100033 0.0224071 0.0216017 0.0133485 0.0106892 
Throughputs: 3.06381 3.11296 2.98189 2.50675 2.32653 2.32653 2.91635 2.52314 3.73555 3.08019 3.29318 1.81862 2.65421 3.24403 1.83501 3.19488 3.01466 2.42483 3.44064 2.91635 
Utility: 4.8925 5.23387 5.3154 5.28097 4.43255 5.60293 5.53678 5.23194 5.79803 5.45141 4.9429 4.85191 5.91749 6.33795 5.36306 5.76639 4.90186 4.72074 5.55201 5.60885 

--------------------------------------
Time: 13.5026
Split Ratios: 0.676 0.296 0.028 0.362 0.252 0.025 0.361 0.126 0.07 0.804 0.403 0.454 0.144 0.774 0.226 1 0.725 0.275 0.554 0.446 0.505 0.495 0.798 0.202 0.344 0.139 0.256 0.261 0.265 0.735 1 1 1 1 0.201 0.144 0.201 0.453 0.778 0.222 0.373 0.627 0.453 0.172 0.375 
Delays: 0.0228909 0.0164924 0.0146741 0.0127623 0.0279073 0.00857523 0.0115242 0.0136679 0.0113619 0.0131035 0.0225575 0.0138415 0.00712122 0.00572314 0.00860282 0.0100129 0.0227169 0.0208235 0.0134418 0.0104606 
Throughputs: 3.12934 3.09658 2.98189 2.06438 2.06438 2.27738 2.50675 2.68698 3.93216 2.62144 3.22765 2.26099 1.99885 3.2768 1.70394 3.5881 2.73613 2.47398 2.73613 2.80166 
Utility: 4.91784 5.23516 5.31423 5.08609 4.3037 5.5819 5.38229 5.28112 5.84668 5.2986 4.96344 5.09589 5.63725 6.35011 5.28861 5.8815 4.79119 4.7775 5.31593 5.59035 

--------------------------------------
Time: 14.0028
Split Ratios: 0.676 0.296 0.028 0.362 0.252 0.025 0.361 0.126 0.07 0.804 0.403 0.454 0.144 0.774 0.226 1 0.725 0.275 0.554 0.446 0.505 0.495 0.798 0.202 0.344 0.139 0.256 0.261 0.265 0.735 1 1 1 1 0.201 0.144 0.201 0.453 0.778 0.222 0.373 0.627 0.453 0.172 0.375 
Delays: 0.0229858 0.0166122 0.0144825 0.0129692 0.027967 0.00858872 0.0115357 0.0133884 0.0121212 0.0132263 0.0237499 0.0141527 0.0071396 0.0057168 0.00859804 0.0100487 0.0221995 0.0213381 0.0134257 0.0105353 
Throughputs: 3.01466 2.8672 2.88358 2.24461 2.22822 2.40845 2.93274 2.44122 3.88301 2.85082 3.08019 2.26099 2.53952 3.21126 1.86778 3.60448 3.04742 2.39206 3.1785 2.7689 
Utility: 4.87636 5.15095 5.29385 5.15371 4.37794 5.63629 5.53824 5.20586 5.76941 5.37315 4.86517 5.07365 5.87407 6.33101 5.38097 5.88249 4.92198 4.71942 5.46699 5.57148 

--------------------------------------
Time: 14.503
Split Ratios: 0.676 0.296 0.028 0.362 0.252 0.025 0.361 0.126 0.07 0.804 0.403 0.454 0.144 0.774 0.226 1 0.725 0.275 0.554 0.446 0.505 0.495 0.798 0.202 0.344 0.139 0.256 0.261 0.265 0.735 1 1 1 1 0.201 0.144 0.201 0.453 0.778 0.222 0.373 0.627 0.453 0.172 0.375 
Delays: 0.0229086 0.0168074 0.0146709 0.0129437 0.0276676 0.0085879 0.011517 0.0133333 0.0118291 0.0131831 0.0233273 0.0141839 0.00713356 0.0057148 0.00864428 0.0100038 0.022303 0.0211353 0.0133746 0.0106708 
Throughputs: 3.06381 3.16211 3.04742 2.31014 2.5559 2.3593 3.06381 2.39206 3.70278 2.88358 3.63725 2.16269 2.26099 2.81805 1.98246 3.04742 3.01466 2.27738 3.01466 2.71974 
Utility: 4.8959 5.23718 5.33619 5.18445 4.5259 5.61576 5.58359 5.18965 5.74628 5.38785 5.04936 5.027 5.75875 6.20074 5.4352 5.71908 4.90652 4.67984 5.41789 5.54079 

--------------------------------------
Time: 15.0031
Split Ratios: 0.676 0.296 0.028 0.362 0.252 0.025 0.361 0.126 0.07 0.804 0.403 0.454 0.144 0.774 0.226 1 0.725 0.275 0.554 0.446 0.505 0.495 0.798 0.202 0.344 0.139 0.256 0.261 0.265 0.735 1 1 1 1 0.201 0.144 0.201 0.453 0.778 0.222 0.373 0.627 0.453 0.172 0.375 
Delays: 0.0229561 0.0164119 0.0144532 0.0129004 0.027804 0.00859818 0.0115039 0.0134953 0.0113667 0.01317 0.0232914 0.0139885 0.00712893 0.00572911 0.00860758 0.0100217 0.0219837 0.0217687 0.0134543 0.0104895 
Throughputs: 3.22765 2.91635 2.89997 1.86778 2.19546 2.40845 2.80166 2.39206 3.7847 2.85082 3.22765 2.08077 2.048 3.11296 2.12992 3.71917 3.12934 2.47398 3.22765 2.62144 
Utility: 4.94592 5.18008 5.30154 4.97524 4.36896 5.63519 5.49528 5.17757 5.80804 5.37742 4.93143 5.00226 5.66046 6.29777 5.5112 5.9165 4.95828 4.73311 5.48021 5.52111 

--------------------------------------
Time: 15.5034
Split Ratios: 0.676 0.296 0.028 0.362 0.252 0.025 0.361 0.126 0.07 0.804 0.403 0.454 0.144 0.774 0.226 1 0.725 0.275 0.554 0.446 0.505 0.495 0.798 0.202 0.344 0.139 0.256 0.261 0.265 0.735 1 1 1 1 0.201 0.144 0.201 0.453 0.778 0.222 0.373 0.627 0.453 0.172 0.375 
Delays: 0.0229712 0.0165853 0.0144222 0.0126521 0.0278191 0.00858351 0.0114927 0.013322 0.0108663 0.0132002 0.0235398 0.0142504 0.00713553 0.00573197 0.00860481 0.0100269 0.0225686 0.0205268 0.0134268 0.0104486 
Throughputs: 2.98189 2.78528 2.60506 2.37568 2.42483 2.21184 2.78528 2.4576 3.67002 2.60506 3.29318 1.86778 2.5559 3.2768 1.81862 3.76832 2.75251 2.53952 3.11296 2.44122 
Utility: 4.86607 5.12359 5.19644 5.23521 4.46779 5.55174 5.49039 5.21752 5.82229 5.28498 4.94092 4.87572 5.88107 6.34856 5.35351 5.92912 4.80371 4.818 5.44608 5.45379 

--------------------------------------
Time: 16.0035
Split Ratios: 0.676 0.296 0.028 0.362 0.252 0.025 0.361 0.126 0.07 0.804 0.403 0.454 0.144 0.774 0.226 1 0.725 0.275 0.554 0.446 0.505 0.495 0.798 0.202 0.344 0.139 0.256 0.261 0.265 0.735 1 1 1 1 0.201 0.144 0.201 0.453 0.778 0.222 0.373 0.627 0.453 0.172 0.375 
Delays: 0.0229348 0.0167137 0.0147939 0.0128601 0.0279652 0.00858153 0.011479 0.013353 0.0116508 0.0132035 0.0227477 0.0141299 0.00713504 0.00573781 0.00863347 0.010014 0.0222672 0.0213023 0.0134511 0.0103295 
Throughputs: 3.42426 3.01466 2.65421 2.3593 2.57229 1.93331 2.99827 2.80166 3.73555 2.88358 2.8672 1.83501 2.62144 3.39149 1.85139 3.55533 2.65421 2.42483 3.19488 2.27738 
Utility: 5.00599 5.19501 5.18969 5.21199 4.52159 5.41738 5.56527 5.34623 5.77028 5.38631 4.83663 4.86651 5.90646 6.38195 5.36805 5.87222 4.78079 4.7347 5.47024 5.39577 

--------------------------------------
Time: 16.5038
Split Ratios: 0.676 0.296 0.028 0.362 0.252 0.025 0.361 0.126 0.07 0.804 0.403 0.454 0.144 0.774 0.226 1 0.725 0.275 0.554 0.446 0.505 0.495 0.798 0.202 0.344 0.139 0.256 0.261 0.265 0.735 1 1 1 1 0.201 0.144 0.201 0.453 0.778 0.222 0.373 0.627 0.453 0.172 0.375 
Delays: 0.0229694 0.0167198 0.0145208 0.0128848 0.0278199 0.00861172 0.0115164 0.0133279 0.0119064 0.0131805 0.0230923 0.0142064 0.00713198 0.00572798 0.00861347 0.0100254 0.0219319 0.0216476 0.0135024 0.0104632 
Throughputs: 2.67059 2.99827 2.93274 2.16269 2.68698 2.67059 3.26042 2.4576 3.57171 2.78528 3.1785 1.83501 2.31014 2.75251 1.93331 3.44064 2.98189 2.31014 3.14573 2.70336 
Utility: 4.75589 5.1892 5.30811 5.12306 4.57042 5.73693 5.64584 5.21708 5.70372 5.35336 4.92466 4.86111 5.78048 6.17491 5.41366 5.83829 4.91237 4.67017 5.45093 5.55439 

--------------------------------------
Time: 17.004
Split Ratios: 0.676 0.296 0.028 0.362 0.252 0.025 0.361 0.126 0.07 0.804 0.403 0.454 0.144 0.774 0.226 1 0.725 0.275 0.554 0.446 0.505 0.495 0.798 0.202 0.344 0.139 0.256 0.261 0.265 0.735 1 1 1 1 0.201 0.144 0.201 0.453 0.778 0.222 0.373 0.627 0.453 0.172 0.375 
Delays: 0.0229293 0.016701 0.0145194 0.0127029 0.0279793 0.00859291 0.0115084 0.0133113 0.0118942 0.0132348 0.0230014 0.0141863 0.00714115 0.005738 0.0085819 0.00999537 0.0222126 0.0203127 0.0134115 0.0104186 
Throughputs: 2.88358 3.03104 2.70336 2.52314 2.26099 2.98189 3.01466 2.57229 4.04685 2.65421 3.48979 1.75309 2.40845 3.3751 1.88416 2.93274 2.50675 2.22822 3.52256 2.4576 
Utility: 4.83437 5.20119 5.22676 5.29142 4.39209 5.84938 5.56817 5.26394 5.82965 5.30105 5.02204 4.81686 5.82086 6.37707 5.39158 5.68157 4.72608 4.69771 5.57083 5.46335 

--------------------------------------
Time: 17.5045
Split Ratios: 0.676 0.296 0.028 0.362 0.252 0.025 0.361 0.126 0.07 0.804 0.403 0.454 0.144 0.774 0.226 1 0.725 0.275 0.554 0.446 0.505 0.495 0.798 0.202 0.344 0.139 0.256 0.261 0.265 0.735 1 1 1 1 0.201 0.144 0.201 0.453 0.778 0.222 0.373 0.627 0.453 0.172 0.375 
Delays: 0.0229355 0.0165721 0.014625 0.0127417 0.0279146 0.00858225 0.0115148 0.0136175 0.0121049 0.0131935 0.0226886 0.0140831 0.00714271 0.00574345 0.00862015 0.010014 0.0221691 0.0216244 0.0134705 0.010352 
Throughputs: 2.91635 3.26042 3.04742 1.96608 2.34291 2.26099 3.04742 2.4576 4.07962 2.70336 3.44064 1.75309 2.06438 3.6864 1.90054 3.2768 3.03104 2.01523 2.99827 2.80166 
Utility: 4.8454 5.28189 5.33932 5.03891 4.43 5.57386 5.57842 5.19559 5.82015 5.32253 5.02155 4.82416 5.66649 6.46435 5.39579 5.79064 4.91796 4.53467 5.40529 5.60079 

--------------------------------------
Time: 18.0048
Split Ratios: 0.676 0.296 0.028 0.362 0.252 0.025 0.361 0.126 0.07 0.804 0.403 0.454 0.144 0.774 0.226 1 0.725 0.275 0.554 0.446 0.505 0.495 0.798 0.202 0.344 0.139 0.256 0.261 0.265 0.735 1 1 1 1 0.201 0.144 0.201 0.453 0.778 0.222 0.373 0.627 0.453 0.172 0.375 
Delays: 0.0230047 0.0165208 0.0145538 0.0128859 0.0278242 0.00857669 0.0115074 0.0138007 0.0113844 0.013245 0.0227447 0.0141763 0.00713892 0.00573034 0.00867442 0.0100242 0.0221734 0.0208583 0.0133472 0.0105016 
Throughputs: 3.55533 2.98189 2.85082 2.49037 2.7689 2.16269 3.24403 2.24461 3.70278 2.7689 3.52256 2.11354 2.40845 3.14573 2.01523 3.3751 2.53952 2.21184 2.73613 2.80166 
Utility: 5.0405 5.19569 5.27751 5.26405 4.6003 5.53006 5.64158 5.09157 5.7846 5.34259 5.04261 5.00454 5.82118 6.30803 5.44811 5.81918 4.74084 4.66383 5.32299 5.58644 

--------------------------------------
Time: 18.5049
Split Ratios: 0.676 0.296 0.028 0.362 0.252 0.025 0.361 0.126 0.07 0.804 0.403 0.454 0.144 0.774 0.226 1 0.725 0.275 0.554 0.446 0.505 0.495 0.798 0.202 0.344 0.139 0.256 0.261 0.265 0.735 1 1 1 1 0.201 0.144 0.201 0.453 0.778 0.222 0.373 0.627 0.453 0.172 0.375 
Delays: 0.02296 0.016459 0.0146718 0.0129158 0.0278971 0.00858594 0.0115075 0.0133725 0.0112572 0.0130658 0.0228231 0.0139048 0.00713979 0.00572467 0.00861002 0.00999358 0.0222805 0.0210992 0.0134212 0.0104607 
Throughputs: 3.11296 2.94912 2.63782 2.09715 2.5559 2.16269 3.26042 2.34291 4.01408 2.5559 3.53894 2.1463 2.39206 3.26042 1.75309 3.2768 2.80166 2.3593 3.29318 2.9655 
Utility: 4.90958 5.18839 5.19178 5.08989 4.51764 5.52898 5.64661 5.16595 5.87656 5.27616 5.04381 5.03927 5.81423 6.34483 5.31621 5.79268 4.83426 4.71688 5.50277 5.64717 

--------------------------------------
Time: 19.005
Split Ratios: 0.676 0.296 0.028 0.362 0.252 0.025 0.361 0.126 0.07 0.804 0.403 0.454 0.144 0.774 0.226 1 0.725 0.275 0.554 0.446 0.505 0.495 0.798 0.202 0.344 0.139 0.256 0.261 0.265 0.735 1 1 1 1 0.201 0.144 0.201 0.453 0.778 0.222 0.373 0.627 0.453 0.172 0.375 
Delays: 0.0229266 0.0165713 0.0145916 0.0126056 0.0278748 0.00856321 0.0115141 0.0133842 0.0112185 0.0131732 0.023167 0.0138634 0.00714407 0.00572034 0.00861595 0.0100402 0.0222198 0.0206216 0.013352 0.0104891 
Throughputs: 2.89997 2.9655 3.04742 2.03162 2.17907 2.11354 2.91635 2.88358 3.98131 2.5559 3.40787 2.03162 2.42483 3.21126 1.76947 3.44064 2.80166 2.29376 3.40787 2.94912 
Utility: 4.84016 5.18713 5.34161 5.08244 4.35893 5.50864 5.53451 5.37271 5.8718 5.26797 4.99111 4.98733 5.82723 6.33039 5.32482 5.83682 4.83699 4.71161 5.54218 5.63893 

--------------------------------------
Time: 19.505
Split Ratios: 0.676 0.296 0.028 0.362 0.252 0.025 0.361 0.126 0.07 0.804 0.403 0.454 0.144 0.774 0.226 1 0.725 0.275 0.554 0.446 0.505 0.495 0.798 0.202 0.344 0.139 0.256 0.261 0.265 0.735 1 1 1 1 0.201 0.144 0.201 0.453 0.778 0.222 0.373 0.627 0.453 0.172 0.375 
Delays: 0.0229394 0.0164632 0.0146174 0.0129033 0.0276924 0.00864013 0.0115729 0.0133173 0.0120803 0.0131605 0.0227816 0.0141296 0.00713457 0.00573473 0.00861241 0.0100231 0.0217968 0.0209621 0.0134044 0.0104526 
Throughputs: 3.22765 3.30957 3.14573 2.09715 2.49037 2.22822 2.99827 2.58867 3.7847 2.44122 3.2768 1.7367 2.08077 3.19488 1.96608 3.09658 2.83443 2.47398 3.30957 3.06381 
Utility: 4.94665 5.30345 5.37159 5.09085 4.49903 5.55254 5.55713 5.26984 5.74715 5.22303 4.96867 4.81147 5.67554 6.32276 5.43059 5.73316 4.86783 4.77087 5.50899 5.68056 

--------------------------------------
Time: 20.0051
Split Ratios: 0.676 0.296 0.028 0.362 0.252 0.025 0.361 0.126 0.07 0.804 0.403 0.454 0.144 0.774 0.226 1 0.725 0.275 0.554 0.446 0.505 0.495 0.798 0.202 0.344 0.139 0.256 0.261 0.265 0.735 1 1 1 1 0.201 0.144 0.201 0.453 0.778 0.222 0.373 0.627 0.453 0.172 0.375 
Delays: 0.0229519 0.0166043 0.0146682 0.0130484 0.0279109 0.00860099 0.0115125 0.0135714 0.0116507 0.0132008 0.023043 0.013965 0.00712626 0.00572216 0.00859379 0.0100063 0.022263 0.022408 0.0134462 0.0105009 
Throughputs: 3.32595 3.45702 2.49037 2.3593 2.52314 2.26099 2.98189 2.42483 3.75194 2.58867 2.94912 2.21184 2.31014 3.1785 2.08077 3.42426 3.2768 2.80166 3.03104 2.57229 
Utility: 4.97611 5.3385 5.1345 5.19745 4.50424 5.57168 5.55688 5.18556 5.77466 5.27862 4.8519 5.06503 5.78128 6.31982 5.48945 5.83543 4.9917 4.82855 5.41796 5.50109 

--------------------------------------
Time: 20.5053
Split Ratios: 0.676 0.296 0.028 0.362 0.252 0.025 0.361 0.126 0.07 0.804 0.403 0.454 0.144 0.774 0.226 1 0.725 0.275 0.554 0.446 0.505 0.495 0.798 0.202 0.344 0.139 0.256 0.261 0.265 0.735 1 1 1 1 0.201 0.144 0.201 0.453 0.778 0.222 0.373 0.627 0.453 0.172 0.375 
Delays: 0.0229461 0.016174 0.0145964 0.0126599 0.0277645 0.00858311 0.0114973 0.0134188 0.0114431 0.0131791 0.0232582 0.0140691 0.00713954 0.00572014 0.00858767 0.0100104 0.0220264 0.0205553 0.0135176 0.0104302 
Throughputs: 3.12934 3.26042 2.67059 2.52314 2.4576 2.29376 2.99827 2.68698 3.85024 2.8672 3.06381 1.96608 2.29376 3.12934 1.76947 3.75194 2.91635 2.31014 2.88358 2.27738 
Utility: 4.91543 5.3062 5.20928 5.29482 4.48318 5.58815 5.56368 5.29951 5.81851 5.38246 4.88076 4.93982 5.7723 6.30458 5.32811 5.9264 4.88585 4.72195 5.36279 5.38607 

--------------------------------------
Time: 21.0053
Split Ratios: 0.676 0.296 0.028 0.362 0.252 0.025 0.361 0.126 0.07 0.804 0.403 0.454 0.144 0.774 0.226 1 0.725 0.275 0.554 0.446 0.505 0.495 0.798 0.202 0.344 0.139 0.256 0.261 0.265 0.735 1 1 1 1 0.201 0.144 0.201 0.453 0.778 0.222 0.373 0.627 0.453 0.172 0.375 
Delays: 0.0229393 0.0165429 0.014579 0.01302 0.0279189 0.0085896 0.0115137 0.0135212 0.0110932 0.0131814 0.0231244 0.0140879 0.0071299 0.00572228 0.00864413 0.0100262 0.0221754 0.0211205 0.0134419 0.0104039 
Throughputs: 2.80166 2.98189 2.47398 2.26099 2.57229 2.048 2.71974 2.27738 3.52256 2.80166 3.62086 2.53952 2.17907 2.89997 1.96608 3.1785 3.12934 2.27738 3.3751 2.71974 
Utility: 4.80512 5.19436 5.13401 5.15707 4.52325 5.47407 5.46475 5.12652 5.76062 5.35916 5.05358 5.19441 5.72236 6.22809 5.42692 5.75897 4.9496 4.68053 5.5258 5.56611 

--------------------------------------
Time: 21.5053
Split Ratios: 0.676 0.296 0.028 0.362 0.252 0.025 0.361 0.126 0.07 0.804 0.403 0.454 0.144 0.774 0.226 1 0.725 0.275 0.554 0.446 0.505 0.495 0.798 0.202 0.344 0.139 0.256 0.261 0.265 0.735 1 1 1 1 0.201 0.144 0.201 0.453 0.778 0.222 0.373 0.627 0.453 0.172 0.375 
Delays: 0.0229704 0.016513 0.0145136 0.0124996 0.0279438 0.00856807 0.0114891 0.0134014 0.0113268 0.0131766 0.0228069 0.0143132 0.00713277 0.00571936 0.00861914 0.010013 0.0221305 0.0206564 0.0133994 0.0104515 
Throughputs: 3.12934 3.16211 2.91635 2.34291 2.44122 2.16269 3.01466 2.75251 4.096 2.44122 3.11296 1.93331 2.3593 3.39149 1.99885 3.47341 2.57229 2.3593 3.34234 2.83443 
Utility: 4.91437 5.25485 5.303 5.23345 4.47006 5.53106 5.56984 5.32491 5.89059 5.22181 4.91626 4.90581 5.80142 6.38517 5.44634 5.84901 4.75559 4.7381 5.51921 5.60285 

--------------------------------------
Time: 22.0059
Split Ratios: 0.676 0.296 0.028 0.362 0.252 0.025 0.361 0.126 0.07 0.804 0.403 0.454 0.144 0.774 0.226 1 0.725 0.275 0.554 0.446 0.505 0.495 0.798 0.202 0.344 0.139 0.256 0.261 0.265 0.735 1 1 1 1 0.201 0.144 0.201 0.453 0.778 0.222 0.373 0.627 0.453 0.172 0.375 
Delays: 0.0229795 0.016447 0.0146602 0.0127649 0.0278825 0.00858122 0.0114893 0.0137616 0.0115648 0.0132466 0.0232158 0.0140807 0.00715206 0.00572944 0.00859774 0.0100239 0.0225003 0.0215012 0.0133482 0.0103962 
Throughputs: 2.89997 2.83443 3.2768 2.39206 2.47398 2.49037 3.08019 2.24461 3.81747 2.65421 3.40787 1.85139 2.24461 3.40787 1.72032 3.63725 2.67059 2.49037 3.40787 2.5559 
Utility: 4.83785 5.14946 5.40949 5.23321 4.48559 5.67061 5.59133 5.09441 5.79938 5.30016 4.98901 4.87889 5.74889 6.38823 5.29877 5.89401 4.77653 4.75208 5.54246 5.50472 

--------------------------------------
Time: 22.5061
Split Ratios: 0.676 0.296 0.028 0.362 0.252 0.025 0.361 0.126 0.07 0.804 0.403 0.454 0.144 0.774 0.226 1 0.725 0.275 0.554 0.446 0.505 0.495 0.798 0.202 0.344 0.139 0.256 0.261 0.265 0.735 1 1 1 1 0.201 0.144 0.201 0.453 0.778 0.222 0.373 0.627 0.453 0.172 0.375 
Delays: 0.0229379 0.0165677 0.0145422 0.0126987 0.0278483 0.00857933 0.0114776 0.0131415 0.0112464 0.013217 0.0226025 0.0138841 0.00713208 0.00573859 0.00862085 0.00999446 0.0222918 0.0205969 0.0134722 0.0104171 
Throughputs: 3.42426 3.2768 2.94912 2.65421 2.4576 2.29376 2.98189 2.78528 3.60448 2.67059 3.16211 2.08077 2.048 3.45702 1.93331 3.91578 3.12934 2.63782 2.88358 2.80166 
Utility: 5.00585 5.28717 5.31221 5.3424 4.48017 5.58859 5.55991 5.35633 5.76988 5.30855 4.94094 5.00975 5.66002 6.40095 5.41281 5.97074 4.94436 4.85257 5.36616 5.59452 

--------------------------------------
Time: 23.0063
Split Ratios: 0.676 0.296 0.028 0.362 0.252 0.025 0.361 0.126 0.07 0.804 0.403 0.454 0.144 0.774 0.226 1 0.725 0.275 0.554 0.446 0.505 0.495 0.798 0.202 0.344 0.139 0.256 0.261 0.265 0.735 1 1 1 1 0.201 0.144 0.201 0.453 0.778 0.222 0.373 0.627 0.453 0.172 0.375 
Delays: 0.0229298 0.0164264 0.0145173 0.0128323 0.0278365 0.0086031 0.0114735 0.013292 0.0114395 0.0131254 0.0226914 0.0138371 0.00713692 0.00574388 0.00862266 0.0100229 0.0220095 0.0221224 0.0133442 0.0106863 
Throughputs: 3.24403 2.98189 2.85082 2.24461 2.7689 2.40845 2.89997 2.3593 3.88301 3.08019 3.16211 2.19546 2.03162 3.19488 2.09715 3.5881 3.26042 2.22822 3.11296 2.5559 
Utility: 4.95213 5.20142 5.28002 5.16432 4.59986 5.63462 5.53241 5.17895 5.82729 5.4582 4.93701 5.06679 5.65131 6.32117 5.49394 5.8805 4.99813 4.61237 5.45225 5.4772 

--------------------------------------
Time: 23.5064
Split Ratios: 0.676 0.296 0.028 0.362 0.252 0.025 0.361 0.126 0.07 0.804 0.403 0.454 0.144 0.774 0.226 1 0.725 0.275 0.554 0.446 0.505 0.495 0.798 0.202 0.344 0.139 0.256 0.261 0.265 0.735 1 1 1 1 0.201 0.144 0.201 0.453 0.778 0.222 0.373 0.627 0.453 0.172 0.375 
Delays: 0.0230324 0.0168091 0.0146876 0.0128887 0.0279113 0.0086169 0.0114981 0.0135797 0.0111627 0.0131374 0.0231998 0.0139016 0.00712694 0.00570871 0.00860564 0.0100058 0.0222552 0.0215568 0.0134099 0.0104712 
Throughputs: 3.65363 3.22765 3.09658 2.42483 2.29376 2.31014 3.2768 2.47398 3.9977 2.70336 3.30957 2.1463 2.01523 2.73613 2.048 2.80166 2.94912 2.50675 2.91635 2.57229 
Utility: 5.06658 5.25759 5.35105 5.23717 4.40892 5.59134 5.65244 5.20501 5.88089 5.32679 4.96043 5.0395 5.64461 6.17231 5.4722 5.63481 4.88669 4.75605 5.3821 5.50392 

--------------------------------------
Time: 24.0064
Split Ratios: 0.676 0.296 0.028 0.362 0.252 0.025 0.361 0.126 0.07 0.804 0.403 0.454 0.144 0.774 0.226 1 0.725 0.275 0.554 0.446 0.505 0.495 0.798 0.202 0.344 0.139 0.256 0.261 0.265 0.735 1 1 1 1 0.201 0.144 0.201 0.453 0.778 0.222 0.373 0.627 0.453 0.172 0.375 
Delays: 0.0229038 0.0165639 0.0146143 0.0128144 0.0277101 0.00857792 0.011489 0.0133434 0.0111411 0.013187 0.022909 0.0140713 0.00713128 0.00571391 0.00860303 0.0100264 0.0224863 0.0224697 0.0133629 0.0104174 
Throughputs: 2.88358 3.21126 2.68698 2.21184 2.31014 2.29376 3.01466 2.32653 3.63725 2.39206 3.1785 2.12992 2.31014 3.11296 1.76947 3.22765 2.73613 2.50675 3.21126 2.83443 
Utility: 4.83549 5.26719 5.21417 5.15101 4.42327 5.58876 5.56985 5.16111 5.78834 5.20068 4.93263 5.01971 5.78057 6.30043 5.32632 5.77429 4.80139 4.71457 5.48194 5.60612 

--------------------------------------
Time: 24.5066
Split Ratios: 0.676 0.296 0.028 0.362 0.252 0.025 0.361 0.126 0.07 0.804 0.403 0.454 0.144 0.774 0.226 1 0.725 0.275 0.554 0.446 0.505 0.495 0.798 0.202 0.344 0.139 0.256 0.261 0.265 0.735 1 1 1 1 0.201 0.144 0.201 0.453 0.778 0.222 0.373 0.627 0.453 0.172 0.375 
Delays: 0.0230127 0.0166703 0.0145627 0.0128118 0.0279296 0.0085845 0.0114882 0.0135261 0.012023 0.013176 0.0229284 0.01353 0.00713672 0.00572982 0.00863317 0.0100072 0.0222914 0.021989 0.0133844 0.0105248 
Throughputs: 3.22765 3.06381 2.89997 2.22822 2.62144 2.49037 2.8672 2.60506 3.86662 2.80166 3.32595 2.08077 2.24461 3.62086 1.98246 3.21126 2.81805 2.31014 3.04742 3.03104 
Utility: 4.94346 5.21379 5.29399 5.15859 4.54179 5.67023 5.51977 5.26059 5.77331 5.35957 4.97713 5.03558 5.75103 6.44878 5.43648 5.77111 4.8396 4.65452 5.42796 5.66293 

--------------------------------------
Time: 25.0067
Split Ratios: 0.676 0.296 0.028 0.362 0.252 0.025 0.361 0.126 0.07 0.804 0.403 0.454 0.144 0.774 0.226 1 0.725 0.275 0.554 0.446 0.505 0.495 0.798 0.202 0.344 0.139 0.256 0.261 0.265 0.735 1 1 1 1 0.201 0.144 0.201 0.453 0.778 0.222 0.373 0.627 0.453 0.172 0.375 
Delays: 0.0229132 0.016661 0.014703 0.0128028 0.0278896 0.0085641 0.0114868 0.0134545 0.0114898 0.0131717 0.0229492 0.0139647 0.00714375 0.00571523 0.00865586 0.0100196 0.0223246 0.0208068 0.0134841 0.0104676 
Throughputs: 2.75251 3.06381 3.01466 2.31014 2.40845 2.32653 2.93274 2.62144 3.86662 2.58867 3.11296 2.09715 2.63782 3.39149 1.85139 3.71917 2.85082 2.27738 3.24403 2.62144 
Utility: 4.78856 5.21434 5.32319 5.1954 4.45848 5.60455 5.5425 5.27216 5.81868 5.28083 4.91004 5.0118 5.91147 6.38589 5.36546 5.91671 4.84967 4.6955 5.48306 5.5232 

--------------------------------------
Time: 25.5067
Split Ratios: 0.676 0.296 0.028 0.362 0.252 0.025 0.361 0.126 0.07 0.804 0.403 0.454 0.144 0.774 0.226 1 0.725 0.275 0.554 0.446 0.505 0.495 0.798 0.202 0.344 0.139 0.256 0.261 0.265 0.735 1 1 1 1 0.201 0.144 0.201 0.453 0.778 0.222 0.373 0.627 0.453 0.172 0.375 
Delays: 0.0229508 0.0165701 0.0145821 0.0126601 0.0279529 0.00858474 0.0114985 0.0134644 0.0112106 0.0131807 0.022598 0.0144315 0.00714354 0.00575118 0.0086579 0.0100217 0.0224279 0.0213364 0.013381 0.0104472 
Throughputs: 3.30957 3.01466 2.99827 1.88416 2.11354 2.31014 3.35872 2.52314 3.60448 2.8672 3.35872 1.88416 2.17907 3.2768 2.12992 3.65363 2.75251 2.44122 2.80166 2.39206 
Utility: 4.97122 5.20364 5.326 5.00278 4.3256 5.59508 5.6771 5.23321 5.77307 5.38234 5.00145 4.87182 5.72045 6.34522 5.50537 5.89872 4.80996 4.73984 5.34413 5.43358 

--------------------------------------
Time: 26.0068
Split Ratios: 0.676 0.296 0.028 0.362 0.252 0.025 0.361 0.126 0.07 0.804 0.403 0.454 0.144 0.774 0.226 1 0.725 0.275 0.554 0.446 0.505 0.495 0.798 0.202 0.344 0.139 0.256 0.261 0.265 0.735 1 1 1 1 0.201 0.144 0.201 0.453 0.778 0.222 0.373 0.627 0.453 0.172 0.375 
Delays: 0.0229603 0.0166621 0.0146618 0.0128725 0.0277716 0.00859731 0.0115275 0.0132722 0.0109047 0.0132182 0.0229497 0.0142154 0.0071292 0.00573444 0.00860716 0.0100019 0.0222959 0.0214469 0.0133745 0.0103123 
Throughputs: 3.73555 3.53894 2.80166 2.03162 2.08077 2.37568 3.08019 2.71974 4.096 2.89997 2.80166 1.93331 2.16269 3.19488 1.9497 3.40787 2.80166 2.53952 3.32595 2.52314 
Utility: 5.09188 5.35845 5.25272 5.06149 4.31648 5.62159 5.58801 5.32262 5.92857 5.39086 4.80466 4.91266 5.71491 6.32282 5.42283 5.83107 4.83357 4.77415 5.51616 5.49992 

--------------------------------------
Time: 26.507
Split Ratios: 0.676 0.296 0.028 0.362 0.252 0.025 0.361 0.126 0.07 0.804 0.403 0.454 0.144 0.774 0.226 1 0.725 0.275 0.554 0.446 0.505 0.495 0.798 0.202 0.344 0.139 0.256 0.261 0.265 0.735 1 1 1 1 0.201 0.144 0.201 0.453 0.778 0.222 0.373 0.627 0.453 0.172 0.375 
Delays: 0.0229815 0.0167515 0.0144539 0.012655 0.027778 0.0085829 0.0114848 0.0134275 0.011085 0.0132182 0.0236828 0.0138208 0.00713959 0.00571609 0.00860745 0.0100056 0.0221409 0.0213333 0.0135737 0.010433 
Throughputs: 3.57171 3.2768 2.80166 2.31014 2.39206 2.32653 2.73613 2.57229 3.65363 2.9655 3.06381 2.09715 2.32653 3.01466 2.16269 3.09658 2.62144 2.29376 3.08019 2.58867 
Utility: 5.04611 5.27614 5.26701 5.20702 4.45567 5.60236 5.47328 5.25525 5.79789 5.41321 4.86267 5.02216 5.78648 6.26796 5.52648 5.73491 4.77405 4.67768 5.42461 5.51392 

--------------------------------------
Time: 27.0071
Split Ratios: 0.676 0.296 0.028 0.362 0.252 0.025 0.361 0.126 0.07 0.804 0.403 0.454 0.144 0.774 0.226 1 0.725 0.275 0.554 0.446 0.505 0.495 0.798 0.202 0.344 0.139 0.256 0.261 0.265 0.735 1 1 1 1 0.201 0.144 0.201 0.453 0.778 0.222 0.373 0.627 0.453 0.172 0.375 
Delays: 0.0229549 0.0165336 0.0147028 0.0128384 0.0277648 0.00858327 0.0114596 0.0135641 0.0112448 0.0131653 0.023299 0.0139744 0.00713654 0.00572355 0.00863298 0.00999962 0.0221469 0.0214723 0.0134619 0.0105711 
Throughputs: 2.98189 3.24403 2.78528 2.09715 2.39206 2.12992 2.73613 2.75251 4.04685 2.65421 3.04742 1.96608 2.09715 3.26042 2.06438 3.3751 2.78528 2.75251 3.26042 2.81805 
Utility: 4.86678 5.27917 5.24407 5.0959 4.45614 5.51403 5.47547 5.31284 5.88579 5.30632 4.87364 4.94657 5.68311 6.34502 5.477 5.82163 4.8344 4.85351 5.48975 5.58568 

--------------------------------------
Time: 27.5072
Split Ratios: 0.676 0.296 0.028 0.362 0.252 0.025 0.361 0.126 0.07 0.804 0.403 0.454 0.144 0.774 0.226 1 0.725 0.275 0.554 0.446 0.505 0.495 0.798 0.202 0.344 0.139 0.256 0.261 0.265 0.735 1 1 1 1 0.201 0.144 0.201 0.453 0.778 0.222 0.373 0.627 0.453 0.172 0.375 
Delays: 0.022972 0.0165952 0.0144216 0.0127333 0.0275967 0.00858307 0.0114983 0.0135659 0.0111813 0.0132326 0.0228391 0.0138792 0.00712761 0.00573303 0.00860101 0.010037 0.0223072 0.0215707 0.0134201 0.0104669 
Throughputs: 3.08019 3.09658 2.78528 2.22822 2.17907 2.27738 2.71974 2.52314 3.71917 3.09658 3.40787 1.96608 1.98246 3.45702 1.68755 4.11238 2.3593 2.5559 3.29318 2.5559 
Utility: 4.89847 5.22894 5.26337 5.16474 4.36896 5.58099 5.46609 5.2257 5.80701 5.45537 5.00537 4.95341 5.62812 6.40192 5.27915 6.01548 4.66121 4.77482 5.50285 5.49795 

--------------------------------------
Time: 28.0075
Split Ratios: 0.676 0.296 0.028 0.362 0.252 0.025 0.361 0.126 0.07 0.804 0.403 0.454 0.144 0.774 0.226 1 0.725 0.275 0.554 0.446 0.505 0.495 0.798 0.202 0.344 0.139 0.256 0.261 0.265 0.735 1 1 1 1 0.201 0.144 0.201 0.453 0.778 0.222 0.373 0.627 0.453 0.172 0.375 
Delays: 0.0229657 0.0166076 0.0147167 0.0130317 0.0276777 0.00856327 0.0114777 0.013287 0.0117278 0.0131455 0.0226146 0.013937 0.00714223 0.00572226 0.00862255 0.0100009 0.0220396 0.0205685 0.0134185 0.0104258 
Throughputs: 3.16211 2.99827 2.85082 2.3593 2.4576 2.29376 2.4576 2.50675 3.34234 2.7689 3.12934 1.76947 2.19546 3.35872 1.90054 3.45702 2.81805 2.58867 2.7689 2.31014 
Utility: 4.92499 5.19593 5.26638 5.19873 4.48631 5.59047 5.36654 5.23996 5.65246 5.35013 4.92998 4.84389 5.72812 6.37495 5.39551 5.84549 4.85096 4.83514 5.32957 5.40078 

--------------------------------------
Time: 28.5077
Split Ratios: 0.676 0.296 0.028 0.362 0.252 0.025 0.361 0.126 0.07 0.804 0.403 0.454 0.144 0.774 0.226 1 0.725 0.275 0.554 0.446 0.505 0.495 0.798 0.202 0.344 0.139 0.256 0.261 0.265 0.735 1 1 1 1 0.201 0.144 0.201 0.453 0.778 0.222 0.373 0.627 0.453 0.172 0.375 
Delays: 0.0229093 0.0165538 0.0144892 0.012835 0.0277725 0.00858999 0.0114576 0.0131691 0.0117949 0.0132148 0.0229546 0.0139797 0.00713447 0.00572056 0.00861848 0.0100001 0.0221718 0.0213201 0.01343 0.01017 
Throughputs: 2.88358 2.81805 3.22765 2.39206 2.57229 2.12992 2.80166 2.49037 3.40787 2.67059 3.08019 1.90054 2.19546 3.53894 1.86778 3.11296 3.01466 1.96608 3.32595 2.49037 
Utility: 4.83525 5.13718 5.40611 5.22774 4.5285 5.51324 5.49932 5.24231 5.66617 5.30872 4.89923 4.91229 5.72921 6.42752 5.3786 5.74074 4.91242 4.52415 5.51202 5.50074 

--------------------------------------
Time: 29.0084
Split Ratios: 0.676 0.296 0.028 0.362 0.252 0.025 0.361 0.126 0.07 0.804 0.403 0.454 0.144 0.774 0.226 1 0.725 0.275 0.554 0.446 0.505 0.495 0.798 0.202 0.344 0.139 0.256 0.261 0.265 0.735 1 1 1 1 0.201 0.144 0.201 0.453 0.778 0.222 0.373 0.627 0.453 0.172 0.375 
Delays: 0.0228998 0.0166795 0.0147533 0.0128357 0.0278404 0.00858779 0.0115202 0.0132553 0.0115098 0.0131436 0.0238639 0.0140372 0.00715515 0.00575254 0.00861275 0.0100475 0.0221544 0.0213542 0.013478 0.0104029 
Throughputs: 3.14573 3.3751 3.40787 2.08077 2.50675 2.62144 2.8672 2.81805 4.01408 2.70336 3.26042 2.09715 2.50675 3.53894 1.91693 3.47341 2.63782 2.67059 3.57171 2.80166 
Utility: 4.92267 5.31 5.44238 5.08826 4.50025 5.72114 5.51699 5.3594 5.85436 5.32632 4.91724 5.00663 5.85891 6.42194 5.40524 5.84557 4.77968 4.82881 5.57974 5.59588 

--------------------------------------
Time: 29.5084
Split Ratios: 0.676 0.296 0.028 0.362 0.252 0.025 0.361 0.126 0.07 0.804 0.403 0.454 0.144 0.774 0.226 1 0.725 0.275 0.554 0.446 0.505 0.495 0.798 0.202 0.344 0.139 0.256 0.261 0.265 0.735 1 1 1 1 0.201 0.144 0.201 0.453 0.778 0.222 0.373 0.627 0.453 0.172 0.375 
Delays: 0.0229762 0.0165879 0.0146017 0.0127312 0.0280311 0.00858422 0.0114894 0.0138078 0.0113076 0.0131843 0.0231964 0.013873 0.00714212 0.00571279 0.00859928 0.0100092 0.0220154 0.0212531 0.013393 0.0105327 
Throughputs: 3.42426 2.83443 2.78528 2.01523 2.16269 2.26099 3.04742 2.88358 3.62086 2.7689 3.30957 2.11354 2.26099 3.03104 2.01523 3.42426 2.62144 2.44122 2.88358 2.93274 
Utility: 5.00418 5.14092 5.25097 5.06444 4.34579 5.57363 5.58062 5.34155 5.76899 5.34717 4.96057 5.02617 5.75755 6.27395 5.45681 5.83513 4.77974 4.74375 5.37206 5.62921 

--------------------------------------
Time: 30.0084
Split Ratios: 0.676 0.296 0.028 0.362 0.252 0.025 0.361 0.126 0.07 0.804 0.403 0.454 0.144 0.774 0.226 1 0.725 0.275 0.554 0.446 0.505 0.495 0.798 0.202 0.344 0.139 0.256 0.261 0.265 0.735 1 1 1 1 0.201 0.144 0.201 0.453 0.778 0.222 0.373 0.627 0.453 0.172 0.375 
Delays: 0.0229732 0.0164669 0.0145685 0.0128827 0.0278448 0.00857973 0.0114706 0.0137553 0.0109387 0.0131861 0.0226416 0.0139891 0.00714375 0.00575243 0.00858539 0.0100117 0.0221143 0.022146 0.0134832 0.0103737 
Throughputs: 3.50618 3.30957 2.81805 2.3593 1.9497 2.44122 2.91635 2.88358 3.73555 2.49037 3.08019 1.85139 2.32653 3.63725 1.55648 3.16211 2.7689 2.67059 3.73555 2.88358 
Utility: 5.02795 5.30322 5.26494 5.21024 4.24878 5.65085 5.5383 5.34536 5.83334 5.24102 4.91296 4.88542 5.78589 6.44936 5.20012 5.75524 4.82998 4.7924 5.62421 5.62752 

--------------------------------------
Time: 30.5085
Split Ratios: 0.676 0.296 0.028 0.362 0.252 0.025 0.361 0.126 0.07 0.804 0.403 0.454 0.144 0.774 0.226 1 0.725 0.275 0.554 0.446 0.505 0.495 0.798 0.202 0.344 0.139 0.256 0.261 0.265 0.735 1 1 1 1 0.201 0.144 0.201 0.453 0.778 0.222 0.373 0.627 0.453 0.172 0.375 
Delays: 0.0229528 0.0166258 0.01457 0.0129643 0.0279456 0.00860603 0.0115387 0.0135448 0.0115653 0.013129 0.0236518 0.0142093 0.00713172 0.00572047 0.00860764 0.0100118 0.0224218 0.0221272 0.0133487 0.0102601 
Throughputs: 3.35872 3.22765 3.19488 2.21184 2.26099 2.26099 2.7689 2.52314 3.5881 2.83443 2.85082 2.39206 2.24461 3.34234 1.99885 3.44064 2.58867 2.32653 3.34234 2.52314 
Utility: 4.98588 5.26855 5.39034 5.13938 4.3933 5.5711 5.4805 5.22725 5.73737 5.37477 4.79192 5.12601 5.75173 6.37037 5.44768 5.83964 4.74887 4.65533 5.523 5.50499 

--------------------------------------
Time: 31.0087
Split Ratios: 0.676 0.296 0.028 0.362 0.252 0.025 0.361 0.126 0.07 0.804 0.403 0.454 0.144 0.774 0.226 1 0.725 0.275 0.554 0.446 0.505 0.495 0.798 0.202 0.344 0.139 0.256 0.261 0.265 0.735 1 1 1 1 0.201 0.144 0.201 0.453 0.778 0.222 0.373 0.627 0.453 0.172 0.375 
Delays: 0.022936 0.0165737 0.0145755 0.0126564 0.0278426 0.00859594 0.0115241 0.0137706 0.0111751 0.0131783 0.0225439 0.0139933 0.00713389 0.00574975 0.00862794 0.0100243 0.0220297 0.0210404 0.0135033 0.0104291 
Throughputs: 3.34234 2.83443 3.26042 1.91693 2.63782 2.34291 3.24403 2.68698 4.01408 2.5559 3.85024 2.19546 2.50675 3.09658 1.7367 3.60448 2.93274 2.3593 3.09658 2.65421 
Utility: 4.98172 5.14178 5.41027 5.02032 4.55114 5.60786 5.64013 5.27364 5.88387 5.26759 5.14042 5.05556 5.86189 6.2889 5.30474 5.88492 4.8913 4.71967 5.43512 5.5393 

--------------------------------------
Time: 31.5087
Split Ratios: 0.676 0.296 0.028 0.362 0.252 0.025 0.361 0.126 0.07 0.804 0.403 0.454 0.144 0.774 0.226 1 0.725 0.275 0.554 0.446 0.505 0.495 0.798 0.202 0.344 0.139 0.256 0.261 0.265 0.735 1 1 1 1 0.201 0.144 0.201 0.453 0.778 0.222 0.373 0.627 0.453 0.172 0.375 
Delays: 0.0229854 0.0166201 0.0146435 0.0129201 0.0278796 0.00860613 0.0114892 0.013348 0.0108518 0.013201 0.0228212 0.0140267 0.00715 0.00572551 0.0086113 0.0100409 0.0222044 0.0225313 0.0134468 0.0105056 
Throughputs: 3.2768 3.08019 2.89997 2.49037 2.47398 2.4576 2.83443 2.89997 3.91578 2.63782 3.01466 2.19546 1.91693 2.88358 1.75309 3.57171 3.08019 2.47398 2.98189 2.91635 
Utility: 4.95976 5.22213 5.28846 5.2614 4.48569 5.65447 5.50819 5.38108 5.88843 5.29742 4.88355 5.05318 5.59137 6.22186 5.31606 5.87413 4.93246 4.69868 5.40157 5.62618 

--------------------------------------
Time: 32.0087
Split Ratios: 0.676 0.296 0.028 0.362 0.252 0.025 0.361 0.126 0.07 0.804 0.403 0.454 0.144 0.774 0.226 1 0.725 0.275 0.554 0.446 0.505 0.495 0.798 0.202 0.344 0.139 0.256 0.261 0.265 0.735 1 1 1 1 0.201 0.144 0.201 0.453 0.778 0.222 0.373 0.627 0.453 0.172 0.375 
Delays: 0.0229515 0.0166617 0.014596 0.012757 0.0280053 0.0085941 0.0114955 0.0137774 0.0111735 0.0131382 0.0238186 0.0142442 0.00712046 0.0057202 0.00862954 0.0100159 0.0218143 0.0215144 0.0133256 0.0104332 
Throughputs: 3.01466 2.71974 3.39149 2.22822 2.37568 2.37568 2.89997 2.29376 3.47341 3.04742 2.88358 2.08077 2.01523 3.09658 1.83501 3.48979 3.1785 2.49037 2.99827 2.17907 
Utility: 4.87786 5.09518 5.44827 5.16288 4.44065 5.62196 5.5305 5.11492 5.73934 5.44653 4.79632 4.98414 5.64552 6.29405 5.35961 5.85343 4.9816 4.75146 5.4161 5.34166 

--------------------------------------
Time: 32.5089
Split Ratios: 0.676 0.296 0.028 0.362 0.252 0.025 0.361 0.126 0.07 0.804 0.403 0.454 0.144 0.774 0.226 1 0.725 0.275 0.554 0.446 0.505 0.495 0.798 0.202 0.344 0.139 0.256 0.261 0.265 0.735 1 1 1 1 0.201 0.144 0.201 0.453 0.778 0.222 0.373 0.627 0.453 0.172 0.375 
Delays: 0.022916 0.0166585 0.0146637 0.0129513 0.0278829 0.00858951 0.0115135 0.0136059 0.0116344 0.013243 0.0229081 0.0140124 0.00714215 0.00570478 0.00867487 0.0100487 0.0218126 0.0206325 0.0134681 0.0103824 
Throughputs: 3.11296 2.71974 2.94912 2.19546 2.53952 2.58867 2.58867 2.1463 3.96493 2.73613 3.53894 1.88416 2.4576 3.06381 1.81862 3.73555 2.65421 2.49037 2.85082 2.88358 
Utility: 4.9115 5.09537 5.30389 5.13295 4.51172 5.70836 5.41538 5.061 5.83128 5.33083 5.04009 4.90129 5.84093 6.28611 5.3454 5.91821 4.80141 4.79332 5.35504 5.62668 

--------------------------------------
Time: 33.0089
Split Ratios: 0.676 0.296 0.028 0.362 0.252 0.025 0.361 0.126 0.07 0.804 0.403 0.454 0.144 0.774 0.226 1 0.725 0.275 0.554 0.446 0.505 0.495 0.798 0.202 0.344 0.139 0.256 0.261 0.265 0.735 1 1 1 1 0.201 0.144 0.201 0.453 0.778 0.222 0.373 0.627 0.453 0.172 0.375 
Delays: 0.0229617 0.0165966 0.0145316 0.012963 0.0277681 0.00858593 0.0114456 0.0134198 0.0112062 0.0131207 0.0234617 0.0143078 0.00713692 0.00571808 0.00859969 0.0100111 0.0223283 0.0217897 0.0135083 0.0102983 
Throughputs: 2.9655 3.11296 2.58867 2.47398 2.06438 2.31014 2.73613 2.4576 3.57171 3.16211 3.32595 2.11354 2.11354 2.85082 1.76947 3.48979 3.09658 2.24461 3.22765 2.63782 
Utility: 4.86098 5.23413 5.18257 5.25149 4.3087 5.59494 5.47669 5.21021 5.76433 5.48481 4.95414 4.99532 5.69084 6.21173 5.32671 5.8539 4.9322 4.63485 5.47621 5.54573 

--------------------------------------
Time: 33.509
Split Ratios: 0.676 0.296 0.028 0.362 0.252 0.025 0.361 0.126 0.07 0.804 0.403 0.454 0.144 0.774 0.226 1 0.725 0.275 0.554 0.446 0.505 0.495 0.798 0.202 0.344 0.139 0.256 0.261 0.265 0.735 1 1 1 1 0.201 0.144 0.201 0.453 0.778 0.222 0.373 0.627 0.453 0.172 0.375 
Delays: 0.0229859 0.0167058 0.0145588 0.0127298 0.0277222 0.00859437 0.0114874 0.0133008 0.0113262 0.013144 0.0232422 0.0140296 0.00713614 0.00572898 0.00865314 0.0100211 0.0220303 0.0207959 0.0133707 0.0103696 
Throughputs: 3.08019 3.24403 2.85082 2.22822 2.29376 2.42483 2.71974 2.62144 3.6864 2.73613 2.9655 2.08077 1.98246 3.34234 1.98246 3.45702 2.78528 2.78528 3.35872 2.50675 
Utility: 4.89787 5.26882 5.27717 5.16501 4.41571 5.64241 5.46704 5.28366 5.78529 5.33833 4.84883 4.99932 5.62692 6.36889 5.43417 5.84347 4.83969 4.89735 5.52625 5.48787 

--------------------------------------
Time: 34.0091
Split Ratios: 0.676 0.296 0.028 0.362 0.252 0.025 0.361 0.126 0.07 0.804 0.403 0.454 0.144 0.774 0.226 1 0.725 0.275 0.554 0.446 0.505 0.495 0.798 0.202 0.344 0.139 0.256 0.261 0.265 0.735 1 1 1 1 0.201 0.144 0.201 0.453 0.778 0.222 0.373 0.627 0.453 0.172 0.375 
Delays: 0.0229429 0.0166055 0.0145593 0.0128789 0.0280362 0.00857167 0.0114809 0.0133667 0.0113171 0.0131716 0.0232447 0.0139842 0.00712788 0.0057295 0.00864371 0.0100003 0.0220273 0.0209612 0.0133591 0.0103155 
Throughputs: 3.14573 3.1785 2.94912 1.93331 2.21184 2.34291 2.94912 2.65421 3.63725 2.94912 2.91635 1.85139 2.26099 3.40787 1.88416 3.44064 2.40845 2.67059 3.08019 2.42483 
Utility: 4.92079 5.25443 5.31103 5.0114 4.36809 5.61069 5.54857 5.29114 5.77267 5.4112 4.83201 4.88576 5.75954 6.38822 5.3844 5.8408 4.69446 4.84738 5.44055 5.45987 

--------------------------------------
Time: 34.5091
Split Ratios: 0.676 0.296 0.028 0.362 0.252 0.025 0.361 0.126 0.07 0.804 0.403 0.454 0.144 0.774 0.226 1 0.725 0.275 0.554 0.446 0.505 0.495 0.798 0.202 0.344 0.139 0.256 0.261 0.265 0.735 1 1 1 1 0.201 0.144 0.201 0.453 0.778 0.222 0.373 0.627 0.453 0.172 0.375 
Delays: 0.0229129 0.016576 0.0145661 0.0126743 0.0279317 0.00856563 0.0114605 0.0135744 0.0118642 0.0132076 0.023064 0.0139914 0.00713746 0.00571887 0.00863005 0.00999071 0.0220402 0.0204747 0.0134171 0.0105077 
Throughputs: 3.21126 3.08019 2.98189 2.11354 2.58867 2.048 2.91635 2.50675 3.52256 2.98189 3.24403 2.16269 1.99885 3.35872 2.17907 3.09658 3.08019 2.19546 3.30957 2.62144 
Utility: 4.94272 5.22479 5.32162 5.11654 4.52914 5.47686 5.53918 5.21856 5.69342 5.41952 4.9463 5.04067 5.63497 6.37554 5.5314 5.7364 4.93988 4.67496 5.50804 5.51937 

--------------------------------------
Time: 35.0095
Split Ratios: 0.676 0.296 0.028 0.362 0.252 0.025 0.361 0.126 0.07 0.804 0.403 0.454 0.144 0.774 0.226 1 0.725 0.275 0.554 0.446 0.505 0.495 0.798 0.202 0.344 0.139 0.256 0.261 0.265 0.735 1 1 1 1 0.201 0.144 0.201 0.453 0.778 0.222 0.373 0.627 0.453 0.172 0.375 
Delays: 0.0229391 0.016599 0.0146644 0.0128233 0.027837 0.00859603 0.011481 0.0132759 0.0114308 0.0131232 0.0232437 0.0140801 0.00712092 0.0057089 0.00859315 0.010033 0.0224252 0.0201847 0.0134977 0.0104409 
Throughputs: 2.80166 3.06381 2.8672 2.29376 2.27738 2.22822 2.78528 2.7689 3.30957 2.83443 3.19488 1.83501 2.01523 3.09658 1.67117 3.81747 2.73613 2.50675 3.11296 2.7689 
Utility: 4.80512 5.21807 5.27567 5.18668 4.40441 5.55766 5.49141 5.34025 5.66826 5.37521 4.92327 4.87004 5.64545 6.29603 5.27031 5.94147 4.80411 4.82182 5.44081 5.58048 

--------------------------------------
Time: 35.5095
Split Ratios: 0.676 0.296 0.028 0.362 0.252 0.025 0.361 0.126 0.07 0.804 0.403 0.454 0.144 0.774 0.226 1 0.725 0.275 0.554 0.446 0.505 0.495 0.798 0.202 0.344 0.139 0.256 0.261 0.265 0.735 1 1 1 1 0.201 0.144 0.201 0.453 0.778 0.222 0.373 0.627 0.453 0.172 0.375 
Delays: 0.0229156 0.0164695 0.0146242 0.0129464 0.0279283 0.0085659 0.0114935 0.013424 0.0115139 0.0131766 0.0228848 0.0139911 0.00714136 0.00572173 0.00861822 0.0100029 0.0219071 0.0214577 0.0134591 0.0104473 
Throughputs: 3.03104 3.1785 3.09658 1.98246 2.12992 2.22822 2.83443 2.78528 3.88301 2.80166 3.14573 2.08077 2.42483 3.16211 1.78586 3.01466 2.7689 2.63782 2.85082 2.40845 
Utility: 4.88484 5.26265 5.35537 5.03128 4.3342 5.56117 5.50781 5.33506 5.82081 5.35952 4.92333 5.00207 5.82761 6.31472 5.33377 5.70837 4.83939 4.81163 5.3557 5.44039 

--------------------------------------
Time: 36.0096
Split Ratios: 0.676 0.296 0.028 0.362 0.252 0.025 0.361 0.126 0.07 0.804 0.403 0.454 0.144 0.774 0.226 1 0.725 0.275 0.554 0.446 0.505 0.495 0.798 0.202 0.344 0.139 0.256 0.261 0.265 0.735 1 1 1 1 0.201 0.144 0.201 0.453 0.778 0.222 0.373 0.627 0.453 0.172 0.375 
Delays: 0.0229813 0.0165408 0.0144811 0.012902 0.0277544 0.00858388 0.0114982 0.0132943 0.0109937 0.0131508 0.0232093 0.0142304 0.00713759 0.00571537 0.00860909 0.0100223 0.0223716 0.0205808 0.0134212 0.0103266 
Throughputs: 3.29318 3.3751 2.9655 1.98246 2.09715 2.62144 2.89997 2.62144 3.67002 2.81805 3.01466 2.34291 2.3593 3.32595 2.01523 3.52256 3.09658 2.42483 3.29318 2.39206 
Utility: 4.96493 5.31835 5.32196 5.03471 4.32494 5.72159 5.53026 5.28414 5.81063 5.36732 4.86669 5.10377 5.80074 6.36635 5.45567 5.86213 4.93026 4.76916 5.50277 5.44519 

