--------------------------------------
Time: 5.50006
Split Ratios: 0.5 0.5 0.333333 0.333333 0.333333 1 0.333333 0.333333 0.333333 0.5 0.5 0.5 0.5 1 1 0.25 0.25 0.25 0.25 1 1 0.5 0.5 0.5 0.5 1 0.5 0.5 1 1 1 1 0.5 0.5 1 0.333333 0.333333 0.333333 1 1 0.5 0.5 0.5 0.5 1 0.333333 0.333333 0.333333 0.5 0.5 1 
Delays: 0.0124938 0.0161974 0.0102927 0.0201406 0.0095035 0.0134825 0.0193315 0.00735068 0.0161554 0.0120938 0.0146444 0.0167975 0.0188553 0.0162934 0.0158237 0.00881973 0.00738708 0.0104657 0.0148669 0.00962488 0.0106711 0.0265548 0.00766399 0.00887286 0.00965396 0.01405 0.011655 0.0128646 0.0219356 0.00574141 
Throughputs: 4.04685 3.50618 3.86662 4.53837 4.65306 4.21069 3.81747 3.81747 4.45645 3.86662 4.14515 4.65306 4.37453 3.45702 4.76774 3.5881 3.63725 4.63667 4.99712 4.9152 4.48922 4.80051 5.06266 3.70278 4.80051 5.2265 5.27565 3.11296 3.22765 4.04685 
Utility: 5.78046 5.37743 5.9287 5.41759 6.19362 5.74399 5.28561 6.25255 5.61985 5.76744 5.64564 5.62405 5.44676 5.35741 5.70812 6.00839 6.19925 6.09365 5.81748 6.23574 6.0419 5.19727 6.49311 6.03384 6.20911 5.91888 6.11513 5.48885 4.9914 6.55799 

--------------------------------------
Time: 6.00018
Split Ratios: 0.024 0.976 0.835 0.115 0.049 1 0.266 0.189 0.545 0.215 0.785 0.658 0.342 1 1 0.142 0.493 0.231 0.133 1 1 0.719 0.281 0.701 0.299 1 0.099 0.901 1 1 1 1 0.548 0.452 1 0.012 0.967 0.02 1 1 0.848 0.152 0.988 0.012 1 0.097 0.03 0.873 0.365 0.635 1 
Delays: 0.0145115 0.0162979 0.010387 0.0194047 0.00987759 0.0137119 0.0190823 0.00734915 0.0159488 0.0117096 0.0147979 0.0179491 0.0211652 0.0162817 0.0137799 0.00887279 0.00734561 0.0102532 0.0146229 0.00948928 0.010472 0.0247661 0.0074202 0.00874269 0.00903841 0.0131397 0.0116051 0.0122509 0.0227565 0.00574926 
Throughputs: 4.44006 3.81747 3.9977 3.75194 4.44006 4.01408 4.35814 3.5881 4.03046 4.03046 4.88243 4.52198 4.21069 3.98131 4.80051 3.93216 4.12877 4.57114 4.80051 4.76774 5.21011 5.24288 4.66944 3.63725 4.57114 4.94797 4.93158 3.50618 3.34234 4.21069 
Utility: 5.72348 5.45631 5.95292 5.26451 6.10816 5.6793 5.43104 6.19079 5.53225 5.84123 5.79891 5.52917 5.29302 5.49933 5.85326 6.09395 6.33163 6.09993 5.79389 6.21947 6.20965 5.35515 6.44459 6.03077 6.22603 5.93109 6.05198 5.65668 4.98958 6.59631 

--------------------------------------
Time: 6.50026
Split Ratios: 0.024 0.976 0.835 0.115 0.049 1 0.266 0.189 0.545 0.215 0.785 0.658 0.342 1 1 0.142 0.493 0.231 0.133 1 1 0.719 0.281 0.701 0.299 1 0.099 0.901 1 1 1 1 0.548 0.452 1 0.012 0.967 0.02 1 1 0.848 0.152 0.988 0.012 1 0.097 0.03 0.873 0.365 0.635 1 
Delays: 0.0145829 0.0163192 0.0103034 0.0194009 0.00992113 0.0138567 0.0190856 0.00740117 0.0158587 0.0117237 0.014703 0.0178891 0.0215599 0.0161405 0.0138006 0.00888089 0.00741104 0.0102304 0.0147391 0.00957188 0.0104312 0.0248345 0.00752565 0.00876591 0.00925887 0.0133214 0.0116721 0.0122138 0.022623 0.00573236 
Throughputs: 4.48922 3.60448 3.57171 4.89882 4.14515 4.76774 4.6039 3.88301 4.68582 4.39091 4.70221 4.37453 3.88301 3.30957 5.14458 4.06323 4.11238 3.96493 5.16096 4.98074 4.53837 5.02989 4.94797 3.71917 4.84966 4.86605 5.2265 3.65363 3.57171 4.21069 
Utility: 5.72958 5.39759 5.84832 5.53143 6.03503 5.84086 5.48573 6.26273 5.68858 5.92568 5.76774 5.49936 5.19353 5.32324 5.92098 6.12583 6.31879 5.95988 5.85837 6.2545 6.07553 5.31092 6.48841 6.05039 6.26108 5.90067 6.10429 5.70091 5.06183 6.59925 

--------------------------------------
Time: 7.00027
Split Ratios: 0.024 0.976 0.835 0.115 0.049 1 0.266 0.189 0.545 0.215 0.785 0.658 0.342 1 1 0.142 0.493 0.231 0.133 1 1 0.719 0.281 0.701 0.299 1 0.099 0.901 1 1 1 1 0.548 0.452 1 0.012 0.967 0.02 1 1 0.848 0.152 0.988 0.012 1 0.097 0.03 0.873 0.365 0.635 1 
Delays: 0.0145204 0.0165077 0.010383 0.0193394 0.010057 0.0138165 0.019028 0.00745519 0.0157548 0.0117361 0.0146578 0.0179923 0.0215829 0.0160724 0.0139551 0.00885638 0.00734939 0.0102412 0.0146741 0.00960057 0.0103988 0.0247507 0.00736639 0.00880236 0.0091922 0.0131384 0.0116465 0.0123464 0.0227825 0.00576768 
Throughputs: 3.91578 3.6864 3.7847 4.55475 4.8169 4.04685 4.1943 3.35872 4.4073 4.01408 4.4073 4.80051 4.22707 3.42426 5.6361 4.096 3.75194 4.32538 4.88243 5.19373 4.68582 5.37395 4.5056 3.96493 5.06266 5.07904 5.12819 3.32595 3.19488 4.37453 
Utility: 5.59722 5.40858 5.89855 5.46178 6.17161 5.67983 5.39557 6.1104 5.63387 5.83489 5.70604 5.58654 5.27736 5.36154 6.0011 6.13663 6.23541 6.04583 5.80731 6.29338 6.1106 5.38047 6.41615 6.11022 6.31129 5.95733 6.0875 5.59615 4.94331 6.63128 

--------------------------------------
Time: 7.50035
Split Ratios: 0.024 0.976 0.835 0.115 0.049 1 0.266 0.189 0.545 0.215 0.785 0.658 0.342 1 1 0.142 0.493 0.231 0.133 1 1 0.719 0.281 0.701 0.299 1 0.099 0.901 1 1 1 1 0.548 0.452 1 0.012 0.967 0.02 1 1 0.848 0.152 0.988 0.012 1 0.097 0.03 0.873 0.365 0.635 1 
Delays: 0.0145964 0.016448 0.0105233 0.018991 0.00998047 0.0136823 0.0189848 0.00743357 0.0157783 0.0117132 0.0147335 0.0178677 0.0220091 0.0161805 0.0136309 0.00881103 0.00730365 0.010223 0.0145766 0.00959501 0.0103816 0.02479 0.00744711 0.00873807 0.0091121 0.0132276 0.0116325 0.0122975 0.023031 0.00574273 
Throughputs: 4.8169 3.67002 4.35814 4.096 4.12877 3.9977 4.35814 4.01408 3.91578 4.25984 4.65306 4.55475 3.81747 3.52256 5.4231 3.50618 3.57171 3.91578 4.34176 5.19373 5.09542 5.19373 5.2265 3.40787 4.9152 5.24288 5.07904 3.57171 3.48979 4.73498 
Utility: 5.79911 5.40775 6.02621 5.3738 6.0251 5.67737 5.43616 6.29156 5.51414 5.89627 5.75516 5.54093 5.15589 5.38314 5.98609 5.98628 6.19243 5.94813 5.69662 6.29396 6.19607 5.34477 6.55367 5.96615 6.29048 5.98232 6.07908 5.6714 5.02075 6.7148 

--------------------------------------
Time: 8.00037
Split Ratios: 0.024 0.976 0.835 0.115 0.049 1 0.266 0.189 0.545 0.215 0.785 0.658 0.342 1 1 0.142 0.493 0.231 0.133 1 1 0.719 0.281 0.701 0.299 1 0.099 0.901 1 1 1 1 0.548 0.452 1 0.012 0.967 0.02 1 1 0.848 0.152 0.988 0.012 1 0.097 0.03 0.873 0.365 0.635 1 
Delays: 0.0145309 0.0164075 0.0103935 0.0194595 0.0100219 0.0138407 0.019083 0.00739858 0.0158218 0.0117787 0.0146921 0.0179362 0.0214634 0.0161426 0.0138105 0.0088235 0.00737454 0.0103694 0.0146805 0.0096138 0.0104026 0.0248234 0.00742227 0.00880487 0.00907956 0.0132379 0.0115813 0.0124152 0.0229207 0.00573304 
Throughputs: 3.80109 4.03046 4.27622 4.75136 4.66944 4.07962 4.35814 3.60448 4.8169 4.35814 4.32538 4.88243 4.16154 3.42426 5.09542 3.45702 3.86662 4.76774 4.96435 4.80051 4.53837 4.9152 4.75136 4.14515 4.48922 5.07904 4.99712 3.62086 3.30957 4.1943 
Utility: 5.56677 5.5039 6.01965 5.49785 6.14402 5.68615 5.431 6.18864 5.7185 5.91351 5.68494 5.60658 5.26729 5.35718 5.91067 5.97074 6.2621 6.13077 5.82352 6.21328 6.07826 5.2883 6.4617 6.15439 6.20341 5.9498 6.06723 5.67555 4.97253 6.59524 

--------------------------------------
Time: 8.50043
Split Ratios: 0.024 0.976 0.835 0.115 0.049 1 0.266 0.189 0.545 0.215 0.785 0.658 0.342 1 1 0.142 0.493 0.231 0.133 1 1 0.719 0.281 0.701 0.299 1 0.099 0.901 1 1 1 1 0.548 0.452 1 0.012 0.967 0.02 1 1 0.848 0.152 0.988 0.012 1 0.097 0.03 0.873 0.365 0.635 1 
Delays: 0.0145781 0.0164644 0.0103562 0.0193827 0.00991106 0.0137005 0.0191754 0.00742809 0.0156303 0.0116425 0.0146796 0.0177852 0.0219033 0.0161298 0.0137599 0.00882046 0.00735427 0.0103004 0.0147344 0.00952478 0.0104625 0.0248261 0.00744577 0.00877812 0.00921796 0.0132866 0.0116562 0.01236 0.023052 0.00576339 
Throughputs: 4.98074 3.98131 4.27622 4.58752 4.04685 4.1943 4.4073 3.5881 4.76774 4.11238 4.44006 4.48922 4.45645 3.88301 5.0135 3.93216 3.55533 4.25984 4.8169 4.71859 4.55475 5.14458 4.9152 4.16154 4.65306 4.96435 4.84966 3.26042 3.44064 4.73498 
Utility: 5.83381 5.48817 6.02324 5.46671 6.01204 5.72405 5.43739 6.18011 5.72042 5.86709 5.71196 5.53107 5.31547 5.4837 5.89813 6.09987 6.18092 6.02481 5.7897 6.20537 6.07613 5.3338 6.49244 6.16138 6.22413 5.92328 6.03083 5.57514 5.00566 6.71121 

--------------------------------------
Time: 9.00046
Split Ratios: 0.024 0.976 0.835 0.115 0.049 1 0.266 0.189 0.545 0.215 0.785 0.658 0.342 1 1 0.142 0.493 0.231 0.133 1 1 0.719 0.281 0.701 0.299 1 0.099 0.901 1 1 1 1 0.548 0.452 1 0.012 0.967 0.02 1 1 0.848 0.152 0.988 0.012 1 0.097 0.03 0.873 0.365 0.635 1 
Delays: 0.0146619 0.0163947 0.0103371 0.0192398 0.0100473 0.0138136 0.0190128 0.00744902 0.0158337 0.0116801 0.0147155 0.0178321 0.0215972 0.0160453 0.013531 0.00878513 0.00734222 0.0102329 0.0146852 0.00969581 0.0104335 0.0247198 0.00743943 0.00877216 0.00919283 0.0132318 0.011687 0.0123158 0.0228883 0.00574314 
Throughputs: 4.16154 3.63725 3.76832 4.53837 4.89882 3.94854 3.98131 3.57171 5.17734 4.11238 4.68582 4.65306 4.5056 3.06381 4.5056 3.76832 3.6864 4.32538 4.63667 5.50502 4.37453 5.09542 5.4231 3.85024 4.9152 5.06266 4.84966 3.86662 3.11296 4.52198 
Utility: 5.64838 5.40202 5.89864 5.46334 6.18945 5.65545 5.34425 6.17272 5.78991 5.86387 5.76339 5.56428 5.34051 5.25199 5.8081 6.06132 6.21876 6.04665 5.75491 6.34172 6.03853 5.32849 6.59163 6.08431 6.28166 5.94702 6.02819 5.74925 4.9127 6.6687 

--------------------------------------
Time: 9.50046
Split Ratios: 0.024 0.976 0.835 0.115 0.049 1 0.266 0.189 0.545 0.215 0.785 0.658 0.342 1 1 0.142 0.493 0.231 0.133 1 1 0.719 0.281 0.701 0.299 1 0.099 0.901 1 1 1 1 0.548 0.452 1 0.012 0.967 0.02 1 1 0.848 0.152 0.988 0.012 1 0.097 0.03 0.873 0.365 0.635 1 
Delays: 0.0146169 0.0163682 0.0103242 0.0194583 0.00992737 0.0137515 0.019146 0.00735405 0.0157165 0.0117127 0.0146057 0.0177178 0.0215161 0.0160923 0.0138828 0.00887723 0.00739781 0.0102286 0.0146387 0.00963722 0.0104419 0.0248473 0.00739236 0.00874899 0.00913263 0.0133038 0.0115934 0.0122105 0.0229657 0.00573183 
Throughputs: 4.34176 3.73555 3.98131 4.84966 4.70221 3.94854 4.55475 3.26042 4.44006 4.06323 3.85024 4.66944 4.14515 3.24403 5.60333 3.9977 3.85024 4.12877 5.19373 5.12819 4.53837 5.14458 4.9152 4.01408 4.66944 4.94797 4.45645 3.63725 2.88358 4.5056 
Utility: 5.69386 5.43031 5.95487 5.51839 6.16049 5.65996 5.47184 6.09436 5.64371 5.84906 5.57448 5.57423 5.26089 5.30623 6.00046 6.10998 6.25471 6.00054 5.87154 6.27688 6.07449 5.33295 6.49964 6.12863 6.23694 5.91868 5.95167 5.69669 4.83279 6.66704 

--------------------------------------
Time: 10.0005
Split Ratios: 0.024 0.976 0.835 0.115 0.049 1 0.266 0.189 0.545 0.215 0.785 0.658 0.342 1 1 0.142 0.493 0.231 0.133 1 1 0.719 0.281 0.701 0.299 1 0.099 0.901 1 1 1 1 0.548 0.452 1 0.012 0.967 0.02 1 1 0.848 0.152 0.988 0.012 1 0.097 0.03 0.873 0.365 0.635 1 
Delays: 0.0144549 0.0163196 0.0104267 0.0193759 0.00990272 0.0138185 0.0190273 0.00735814 0.0157213 0.0116886 0.0147127 0.0180327 0.0218522 0.0161331 0.0136132 0.00887361 0.00739777 0.0102581 0.0146864 0.00953303 0.0104825 0.024741 0.00751228 0.00874224 0.00913833 0.0132612 0.0116921 0.0121669 0.0227518 0.00573883 
Throughputs: 3.98131 3.60448 3.9977 4.93158 4.62029 4.65306 4.16154 3.76832 4.35814 4.42368 4.42368 5.04627 3.6864 3.19488 4.6039 3.96493 4.096 3.9977 4.68582 4.62029 4.37453 4.86605 5.24288 4.06323 4.4073 5.47226 5.75078 3.22765 3.44064 4.29261 
Utility: 5.61833 5.39756 5.9491 5.53938 6.1454 5.81927 5.38776 6.23858 5.62478 5.93612 5.70601 5.63422 5.12811 5.28843 5.82362 6.10216 6.31659 5.96541 5.76538 6.18345 6.03385 5.28158 6.54809 6.14157 6.17854 6.0226 6.19818 5.58079 5.01877 6.61739 

--------------------------------------
Time: 10.5007
Split Ratios: 0.024 0.976 0.835 0.115 0.049 1 0.266 0.189 0.545 0.215 0.785 0.658 0.342 1 1 0.142 0.493 0.231 0.133 1 1 0.719 0.281 0.701 0.299 1 0.099 0.901 1 1 1 1 0.548 0.452 1 0.012 0.967 0.02 1 1 0.848 0.152 0.988 0.012 1 0.097 0.03 0.873 0.365 0.635 1 
Delays: 0.0145987 0.0164733 0.0103469 0.0194546 0.00997357 0.0138995 0.0189141 0.00737234 0.0158642 0.0117446 0.0146682 0.0178981 0.0217824 0.0161807 0.0137436 0.00879342 0.0073385 0.010227 0.014645 0.00964493 0.0104138 0.0247783 0.00743596 0.00875181 0.00921413 0.0131612 0.0116795 0.0122648 0.0230906 0.00576872 
Throughputs: 4.45645 3.98131 4.29261 4.39091 4.16154 4.39091 3.5881 3.44064 4.68582 4.71859 4.16154 4.53837 4.22707 3.24403 5.27565 3.86662 4.11238 4.39091 5.07904 4.84966 4.53837 5.24288 5.39034 4.16154 4.52198 4.6039 5.24288 3.14573 3.50618 4.58752 
Utility: 5.72117 5.48763 6.02796 5.41921 6.0337 5.75544 5.24547 6.14568 5.68823 5.99587 5.64796 5.53563 5.26816 5.30076 5.95029 6.08613 6.32862 6.06226 5.84878 6.22023 6.07719 5.35466 6.58604 6.16438 6.19597 5.85738 6.10679 5.54707 5.02286 6.67865 

--------------------------------------
Time: 11.0007
Split Ratios: 0.024 0.976 0.835 0.115 0.049 1 0.266 0.189 0.545 0.215 0.785 0.658 0.342 1 1 0.142 0.493 0.231 0.133 1 1 0.719 0.281 0.701 0.299 1 0.099 0.901 1 1 1 1 0.548 0.452 1 0.012 0.967 0.02 1 1 0.848 0.152 0.988 0.012 1 0.097 0.03 0.873 0.365 0.635 1 
Delays: 0.0143754 0.0162794 0.0104269 0.0194354 0.00998205 0.0138145 0.019118 0.00735368 0.0157895 0.0116117 0.0146436 0.0180726 0.0207733 0.0161271 0.0137697 0.00885463 0.00740877 0.0102749 0.0146333 0.00953911 0.0104027 0.0247884 0.00740677 0.00875352 0.00910698 0.0131996 0.0116127 0.0122805 0.0225219 0.00574914 
Throughputs: 3.83386 3.65363 3.89939 4.32538 4.24346 4.45645 3.93216 3.52256 5.0135 3.62086 4.68582 4.83328 4.6039 3.71917 4.88243 4.01408 3.86662 4.21069 4.93158 5.70163 4.68582 4.76774 5.02989 3.93216 4.71859 4.89882 5.02989 3.55533 3.2768 4.53837 
Utility: 5.58611 5.41358 5.92419 5.40516 6.05235 5.77639 5.32631 6.17174 5.76055 5.74246 5.7683 5.58888 5.40099 5.44075 5.87093 6.11662 6.25747 6.01568 5.82011 6.39311 6.11023 5.25925 6.52076 6.10749 6.25022 5.91656 6.07106 5.66819 4.98014 6.67127 

--------------------------------------
Time: 11.5009
Split Ratios: 0.024 0.976 0.835 0.115 0.049 1 0.266 0.189 0.545 0.215 0.785 0.658 0.342 1 1 0.142 0.493 0.231 0.133 1 1 0.719 0.281 0.701 0.299 1 0.099 0.901 1 1 1 1 0.548 0.452 1 0.012 0.967 0.02 1 1 0.848 0.152 0.988 0.012 1 0.097 0.03 0.873 0.365 0.635 1 
Delays: 0.0145763 0.0162949 0.0103131 0.0195689 0.00999922 0.0138377 0.0191176 0.00734365 0.0156685 0.0116729 0.0146458 0.0178075 0.0216887 0.0161033 0.0139725 0.00886338 0.00737537 0.0102682 0.0146606 0.00957992 0.0105824 0.024805 0.00747344 0.00873621 0.00910302 0.0132537 0.0115986 0.0121296 0.0231087 0.00574239 
Throughputs: 4.4073 3.1785 3.7847 4.6039 4.22707 4.17792 4.48922 3.50618 4.65306 3.65363 4.84966 5.25926 4.12877 3.62086 5.30842 3.73555 4.12877 4.27622 4.8169 5.09542 4.9152 4.86605 5.17734 4.01408 5.09542 5.16096 4.96435 3.2768 3.04742 4.73498 
Utility: 5.71162 5.27331 5.90531 5.46072 6.04676 5.71017 5.45882 6.16845 5.69363 5.7462 5.80251 5.68813 5.24894 5.41544 5.93996 6.04372 6.32759 6.03177 5.79472 6.27643 6.14089 5.27899 6.54069 6.13009 6.32749 5.9646 6.05916 5.59897 4.88184 6.71486 

--------------------------------------
Time: 12.001
Split Ratios: 0.024 0.976 0.835 0.115 0.049 1 0.266 0.189 0.545 0.215 0.785 0.658 0.342 1 1 0.142 0.493 0.231 0.133 1 1 0.719 0.281 0.701 0.299 1 0.099 0.901 1 1 1 1 0.548 0.452 1 0.012 0.967 0.02 1 1 0.848 0.152 0.988 0.012 1 0.097 0.03 0.873 0.365 0.635 1 
Delays: 0.0146072 0.0163059 0.0103396 0.0192984 0.00987987 0.0139065 0.0189568 0.00736155 0.0156798 0.0116417 0.0147077 0.017825 0.0210513 0.0160135 0.0137483 0.00890467 0.00739281 0.0103254 0.0146706 0.00969175 0.0103405 0.0247872 0.00740895 0.00875014 0.00916443 0.0132486 0.0116161 0.0121715 0.0230804 0.00576324 
Throughputs: 4.47283 3.80109 3.9977 4.5056 4.39091 4.47283 4.29261 3.45702 4.76774 3.55533 4.58752 5.09542 4.07962 3.40787 4.86605 4.01408 3.9977 4.11238 4.75136 5.4231 4.44006 4.88243 4.55475 3.19488 4.93158 5.21011 5.43949 3.19488 3.32595 4.6039 
Utility: 5.72427 5.45152 5.95749 5.45305 6.09679 5.77342 5.42249 6.15189 5.71725 5.72161 5.74272 5.6555 5.2668 5.36041 5.86912 6.11099 6.29297 5.98715 5.78034 6.32715 6.06236 5.28307 6.42124 5.90024 6.28809 5.97447 6.14905 5.57021 4.97053 6.68316 

--------------------------------------
Time: 12.5011
Split Ratios: 0.024 0.976 0.835 0.115 0.049 1 0.266 0.189 0.545 0.215 0.785 0.658 0.342 1 1 0.142 0.493 0.231 0.133 1 1 0.719 0.281 0.701 0.299 1 0.099 0.901 1 1 1 1 0.548 0.452 1 0.012 0.967 0.02 1 1 0.848 0.152 0.988 0.012 1 0.097 0.03 0.873 0.365 0.635 1 
Delays: 0.0144905 0.0164663 0.0103728 0.0194798 0.00997767 0.0137061 0.0192278 0.00739969 0.0155552 0.0116985 0.0147337 0.0177295 0.0215218 0.0160413 0.0136765 0.00882602 0.00739896 0.0103355 0.0146896 0.0096185 0.0104444 0.0247187 0.00744093 0.00875668 0.00911488 0.0131958 0.0116866 0.0121756 0.0229722 0.0057372 
Throughputs: 4.32538 3.80109 3.98131 4.62029 4.21069 3.93216 4.44006 3.65363 4.4073 4.66944 4.84966 5.07904 4.4073 3.73555 4.70221 4.06323 4.03046 4.1943 4.53837 5.35757 4.65306 5.0135 4.8169 4.47283 4.99712 4.93158 5.12819 3.75194 3.30957 4.22707 
Utility: 5.69876 5.44173 5.95018 5.46884 6.04503 5.6591 5.44207 6.20204 5.64662 5.98933 5.79653 5.65765 5.32195 5.45048 5.84011 6.13203 6.3003 6.0059 5.73318 6.32258 6.09921 5.31233 6.47289 6.23596 6.30671 5.92352 6.08407 5.73059 4.97029 6.60229 

--------------------------------------
Time: 13.0011
Split Ratios: 0.024 0.976 0.835 0.115 0.049 1 0.266 0.189 0.545 0.215 0.785 0.658 0.342 1 1 0.142 0.493 0.231 0.133 1 1 0.719 0.281 0.701 0.299 1 0.099 0.901 1 1 1 1 0.548 0.452 1 0.012 0.967 0.02 1 1 0.848 0.152 0.988 0.012 1 0.097 0.03 0.873 0.365 0.635 1 
Delays: 0.0145513 0.0165478 0.0103225 0.0194029 0.00999668 0.0138013 0.0190114 0.00737101 0.0155297 0.0116653 0.0147195 0.0178537 0.0215626 0.0161821 0.0139246 0.0088809 0.00739696 0.0102402 0.0146588 0.0096783 0.0105013 0.0247514 0.00752044 0.00875525 0.00913369 0.0132618 0.0116708 0.0121915 0.0231416 0.00575573 
Throughputs: 4.42368 3.5881 4.24346 4.16154 4.39091 4.096 3.94854 3.70278 4.6039 4.01408 4.65306 4.55475 4.39091 3.6864 5.71802 3.67002 3.7847 4.25984 4.63667 4.99712 4.66944 5.19373 5.30842 3.93216 4.57114 5.12819 5.21011 3.11296 3.70278 4.57114 
Utility: 5.71704 5.37913 6.01881 5.36822 6.08504 5.69301 5.33606 6.21929 5.69191 5.84094 5.7561 5.54172 5.31633 5.4285 6.01772 6.02405 6.23765 6.03066 5.75671 6.24673 6.0973 5.34633 6.55942 6.10729 6.21555 5.95762 6.10126 5.54259 5.07521 6.67732 

--------------------------------------
Time: 13.5011
Split Ratios: 0.024 0.976 0.835 0.115 0.049 1 0.266 0.189 0.545 0.215 0.785 0.658 0.342 1 1 0.142 0.493 0.231 0.133 1 1 0.719 0.281 0.701 0.299 1 0.099 0.901 1 1 1 1 0.548 0.452 1 0.012 0.967 0.02 1 1 0.848 0.152 0.988 0.012 1 0.097 0.03 0.873 0.365 0.635 1 
Delays: 0.0146209 0.0164499 0.010319 0.0196302 0.0100064 0.0138082 0.0191208 0.00742955 0.0158124 0.0117199 0.0147755 0.0179684 0.022097 0.0161603 0.0137265 0.00882159 0.00734828 0.0103277 0.0146327 0.00962056 0.0104451 0.0248566 0.00748422 0.00877408 0.00921048 0.0132446 0.0117467 0.0123023 0.0231396 0.00574074 
Throughputs: 4.84966 3.60448 3.29318 4.86605 3.75194 4.07962 3.98131 4.04685 4.94797 4.16154 4.39091 4.52198 4.53837 3.81747 5.02989 3.5881 4.14515 3.89939 4.80051 5.02989 4.93158 5.60333 4.93158 3.83386 4.84966 5.16096 5.34118 3.50618 3.3751 4.32538 
Utility: 5.80421 5.38961 5.76563 5.51297 5.9268 5.6885 5.33859 6.30023 5.74594 5.87235 5.69432 5.52809 5.32488 5.46478 5.90383 6.00818 6.33523 5.93374 5.79322 6.25925 6.15728 5.41799 6.49062 6.07982 6.26632 5.96529 6.11963 5.65249 4.98263 6.62467 

--------------------------------------
Time: 14.0012
Split Ratios: 0.024 0.976 0.835 0.115 0.049 1 0.266 0.189 0.545 0.215 0.785 0.658 0.342 1 1 0.142 0.493 0.231 0.133 1 1 0.719 0.281 0.701 0.299 1 0.099 0.901 1 1 1 1 0.548 0.452 1 0.012 0.967 0.02 1 1 0.848 0.152 0.988 0.012 1 0.097 0.03 0.873 0.365 0.635 1 
Delays: 0.0145658 0.0164115 0.0103815 0.019425 0.00999234 0.0138068 0.0190591 0.00739664 0.0157357 0.0116676 0.0147442 0.01803 0.0210831 0.0161798 0.0138312 0.00883688 0.00742373 0.0102811 0.0147627 0.00953622 0.0104866 0.024738 0.00752903 0.00872527 0.00922971 0.0133443 0.0116469 0.0122722 0.0227785 0.00575709 
Throughputs: 4.4073 3.3751 4.07962 4.62029 4.25984 4.93158 4.37453 3.12934 4.76774 4.42368 4.44006 4.84966 4.24346 3.1785 4.45645 3.88301 3.93216 4.14515 4.78413 4.63667 4.78413 4.78413 6.02931 3.88301 5.0135 5.76717 5.07904 3.42426 3.11296 4.55475 
Utility: 5.71234 5.3262 5.97373 5.47165 6.05517 5.87826 5.43601 6.04755 5.7137 5.93791 5.70757 5.59463 5.30466 5.2804 5.77518 6.08543 6.27226 5.99938 5.78096 6.18665 6.12296 5.26472 6.68562 6.09814 6.29746 6.06884 6.07784 5.6313 4.91751 6.67349 

--------------------------------------
Time: 14.5012
Split Ratios: 0.024 0.976 0.835 0.115 0.049 1 0.266 0.189 0.545 0.215 0.785 0.658 0.342 1 1 0.142 0.493 0.231 0.133 1 1 0.719 0.281 0.701 0.299 1 0.099 0.901 1 1 1 1 0.548 0.452 1 0.012 0.967 0.02 1 1 0.848 0.152 0.988 0.012 1 0.097 0.03 0.873 0.365 0.635 1 
Delays: 0.0144565 0.016385 0.0103361 0.0193229 0.00994816 0.0139401 0.0191386 0.00738463 0.0158959 0.0115842 0.0147957 0.0179215 0.021438 0.0161065 0.0135472 0.0087879 0.00731204 0.0102355 0.0146272 0.00960022 0.01043 0.0246683 0.0074382 0.00872783 0.0091287 0.0133303 0.0115891 0.0123294 0.0231918 0.00575462 
Throughputs: 4.39091 3.60448 3.91578 4.70221 4.89882 4.27622 4.14515 3.98131 4.58752 3.93216 4.73498 4.4073 4.1943 3.29318 4.78413 3.62086 3.39149 4.25984 4.68582 5.4231 4.30899 4.83328 4.94797 4.04685 4.24346 5.29203 4.45645 3.6864 3.30957 4.62029 
Utility: 5.71615 5.39357 5.93712 5.4945 6.19936 5.72606 5.37799 6.28997 5.66504 5.82731 5.7684 5.50501 5.27632 5.32039 5.86688 6.02109 6.1395 6.03112 5.76942 6.33664 6.02378 5.27776 6.5001 6.13918 6.14171 5.98392 5.95204 5.70042 4.96077 6.68821 

--------------------------------------
Time: 15.0013
Split Ratios: 0.024 0.976 0.835 0.115 0.049 1 0.266 0.189 0.545 0.215 0.785 0.658 0.342 1 1 0.142 0.493 0.231 0.133 1 1 0.719 0.281 0.701 0.299 1 0.099 0.901 1 1 1 1 0.548 0.452 1 0.012 0.967 0.02 1 1 0.848 0.152 0.988 0.012 1 0.097 0.03 0.873 0.365 0.635 1 
Delays: 0.0145055 0.0164228 0.0102719 0.0192351 0.0100944 0.0140181 0.0191688 0.0074067 0.0161117 0.0116982 0.0147183 0.0179265 0.0222828 0.0161243 0.0137352 0.00873801 0.00740882 0.0102167 0.0145809 0.00958304 0.0104485 0.0246519 0.00749734 0.00866585 0.00917969 0.0131823 0.0116066 0.0122077 0.0230205 0.0057303 
Throughputs: 3.96493 3.81747 3.86662 4.22707 5.02989 4.22707 4.06323 3.50618 4.71859 4.04685 4.45645 4.53837 3.96493 3.67002 4.86605 3.34234 4.1943 4.32538 4.55475 4.99712 4.48922 5.27565 5.25926 3.63725 4.48922 4.71859 4.52198 3.6864 3.34234 4.11238 
Utility: 5.61072 5.44867 5.93073 5.39253 6.21117 5.70892 5.35645 6.1599 5.67972 5.84626 5.71301 5.53404 5.18143 5.42762 5.87007 5.94674 6.33881 6.04823 5.74421 6.25662 6.06298 5.366 6.5532 6.03959 6.19244 5.88039 5.96513 5.71034 4.97804 6.57599 

--------------------------------------
Time: 15.5013
Split Ratios: 0.024 0.976 0.835 0.115 0.049 1 0.266 0.189 0.545 0.215 0.785 0.658 0.342 1 1 0.142 0.493 0.231 0.133 1 1 0.719 0.281 0.701 0.299 1 0.099 0.901 1 1 1 1 0.548 0.452 1 0.012 0.967 0.02 1 1 0.848 0.152 0.988 0.012 1 0.097 0.03 0.873 0.365 0.635 1 
Delays: 0.0144989 0.0164486 0.0104032 0.0193994 0.00998431 0.0138831 0.0190834 0.00741622 0.0159232 0.0116887 0.0147252 0.0180212 0.0217146 0.0161481 0.0136283 0.0087633 0.00740553 0.0102536 0.0146449 0.00954405 0.0104569 0.0248035 0.00750275 0.0087869 0.00913776 0.0131955 0.0116429 0.0123286 0.0232017 0.00575989 
Throughputs: 4.37453 3.93216 4.27622 4.66944 4.68582 3.85024 4.39091 3.47341 4.75136 4.14515 4.57114 4.94797 4.32538 3.45702 5.35757 3.70278 3.89939 3.94854 5.19373 5.0135 4.96435 5.0135 5.35757 4.45645 4.66944 4.63667 5.27565 3.6864 3.47341 4.34176 
Utility: 5.70948 5.4767 6.01871 5.48355 6.15128 5.62522 5.43848 6.14922 5.69841 5.87107 5.73796 5.61518 5.29427 5.36636 5.97412 6.04627 6.26635 5.95348 5.87111 6.26397 6.16278 5.30891 6.571 6.22885 6.23638 5.86188 6.11616 5.70048 5.00867 6.62512 

--------------------------------------
Time: 16.0013
Split Ratios: 0.024 0.976 0.835 0.115 0.049 1 0.266 0.189 0.545 0.215 0.785 0.658 0.342 1 1 0.142 0.493 0.231 0.133 1 1 0.719 0.281 0.701 0.299 1 0.099 0.901 1 1 1 1 0.548 0.452 1 0.012 0.967 0.02 1 1 0.848 0.152 0.988 0.012 1 0.097 0.03 0.873 0.365 0.635 1 
Delays: 0.0145156 0.016406 0.0104241 0.0194239 0.00998352 0.0140242 0.0190308 0.00735116 0.0157184 0.0117023 0.0147168 0.0178901 0.0213252 0.0161736 0.0137808 0.00880253 0.00739534 0.0103904 0.0146563 0.00958373 0.0104425 0.0247691 0.00752945 0.00878322 0.00924991 0.0132383 0.0116709 0.0123318 0.0228736 0.00573879 
Throughputs: 4.22707 3.93216 4.096 4.66944 4.39091 4.39091 4.34176 3.53894 4.71859 3.6864 4.39091 4.47283 4.16154 4.03046 4.88243 4.01408 3.80109 4.37453 4.76774 4.89882 5.0135 5.17734 5.35757 4.11238 5.07904 5.52141 5.06266 3.75194 3.45702 4.03046 
Utility: 5.67404 5.4793 5.97364 5.48229 6.08636 5.74651 5.42997 6.17673 5.70443 5.75262 5.6983 5.52153 5.27375 5.51826 5.87012 6.12252 6.24219 6.04267 5.78476 6.23668 6.17401 5.34245 6.56744 6.14891 6.30826 6.03327 6.07255 5.71785 5.01818 6.55439 

--------------------------------------
Time: 16.5013
Split Ratios: 0.024 0.976 0.835 0.115 0.049 1 0.266 0.189 0.545 0.215 0.785 0.658 0.342 1 1 0.142 0.493 0.231 0.133 1 1 0.719 0.281 0.701 0.299 1 0.099 0.901 1 1 1 1 0.548 0.452 1 0.012 0.967 0.02 1 1 0.848 0.152 0.988 0.012 1 0.097 0.03 0.873 0.365 0.635 1 
Delays: 0.0145698 0.0162062 0.0103382 0.0192006 0.0100082 0.0141458 0.0190767 0.00738615 0.0157301 0.0117767 0.0146548 0.017973 0.0214217 0.0160125 0.0141181 0.00888437 0.00733611 0.0102262 0.0147715 0.00959242 0.010426 0.0247035 0.00740549 0.00873601 0.00907288 0.0132246 0.0117179 0.0123169 0.0228861 0.00575627 
Throughputs: 4.096 3.63725 3.6864 4.99712 3.9977 4.37453 4.11238 3.67002 4.84966 3.93216 4.39091 4.78413 4.29261 3.29318 5.45587 3.52256 3.55533 4.17792 4.98074 5.27565 4.68582 4.99712 5.40672 3.86662 4.86605 4.83328 5.16096 3.01466 3.21126 4.57114 
Utility: 5.63882 5.41359 5.87656 5.56168 5.99007 5.73413 5.37329 6.20834 5.73109 5.81082 5.70253 5.58419 5.30025 5.32624 5.95699 5.98265 6.18339 6.01261 5.82063 6.30988 6.10799 5.30967 6.59318 6.09268 6.28475 5.9012 6.08776 5.50027 4.94389 6.67723 

--------------------------------------
Time: 17.0014
Split Ratios: 0.024 0.976 0.835 0.115 0.049 1 0.266 0.189 0.545 0.215 0.785 0.658 0.342 1 1 0.142 0.493 0.231 0.133 1 1 0.719 0.281 0.701 0.299 1 0.099 0.901 1 1 1 1 0.548 0.452 1 0.012 0.967 0.02 1 1 0.848 0.152 0.988 0.012 1 0.097 0.03 0.873 0.365 0.635 1 
Delays: 0.0145429 0.0164589 0.0102969 0.0194179 0.00988335 0.0137627 0.0191318 0.00737069 0.0156505 0.0117051 0.0147595 0.0179177 0.0213887 0.0160693 0.0137688 0.00879269 0.00733744 0.0102197 0.014674 0.00955595 0.0104076 0.0249435 0.00736391 0.00875965 0.0090688 0.0132258 0.0116208 0.0121974 0.0227182 0.00574553 
Throughputs: 4.37453 3.93216 3.80109 4.99712 3.80109 3.89939 4.21069 3.65363 4.12877 4.57114 5.07904 4.9152 4.30899 3.3751 5.09542 3.67002 3.62086 4.07962 4.88243 4.70221 4.21069 5.24288 4.84966 3.86662 4.35814 5.29203 4.88243 3.47341 3.2768 4.1943 
Utility: 5.70645 5.47608 5.9112 5.55042 5.95219 5.64661 5.39403 6.20597 5.57523 5.96749 5.84099 5.6143 5.30559 5.34727 5.91369 6.03403 6.20148 5.98944 5.80732 6.19862 6.00284 5.34801 6.49007 6.08998 6.17496 5.99179 6.04061 5.65167 4.97146 6.59306 

--------------------------------------
Time: 17.5014
Split Ratios: 0.024 0.976 0.835 0.115 0.049 1 0.266 0.189 0.545 0.215 0.785 0.658 0.342 1 1 0.142 0.493 0.231 0.133 1 1 0.719 0.281 0.701 0.299 1 0.099 0.901 1 1 1 1 0.548 0.452 1 0.012 0.967 0.02 1 1 0.848 0.152 0.988 0.012 1 0.097 0.03 0.873 0.365 0.635 1 
Delays: 0.0145642 0.0164601 0.0103156 0.0191863 0.00999743 0.0138367 0.0191953 0.00735043 0.0157186 0.0116944 0.0146448 0.0178117 0.0211053 0.0161029 0.0136621 0.00890145 0.0073983 0.0102578 0.0146116 0.00963296 0.0104725 0.0246265 0.0074556 0.00871115 0.00913557 0.0132136 0.0116025 0.0122875 0.0228658 0.00575423 
Throughputs: 3.93216 4.29261 4.4073 4.44006 4.55475 4.07962 4.1943 3.34234 4.47283 3.89939 4.75136 4.73498 4.30899 3.04742 4.86605 3.83386 3.86662 4.25984 5.02989 5.19373 4.58752 4.55475 4.66944 3.65363 5.02989 4.78413 4.75136 3.44064 3.39149 4.70221 
Utility: 5.59838 5.56371 6.05736 5.44423 6.1216 5.68644 5.38682 6.11967 5.65094 5.80947 5.7821 5.58288 5.31893 5.24305 5.87541 6.06541 6.25889 6.02894 5.84134 6.29002 6.08234 5.2201 6.43983 6.03887 6.31098 5.89181 6.01497 5.63483 4.99938 6.70585 

--------------------------------------
Time: 18.0014
Split Ratios: 0.024 0.976 0.835 0.115 0.049 1 0.266 0.189 0.545 0.215 0.785 0.658 0.342 1 1 0.142 0.493 0.231 0.133 1 1 0.719 0.281 0.701 0.299 1 0.099 0.901 1 1 1 1 0.548 0.452 1 0.012 0.967 0.02 1 1 0.848 0.152 0.988 0.012 1 0.097 0.03 0.873 0.365 0.635 1 
Delays: 0.0145105 0.0162748 0.0103831 0.0194199 0.00986874 0.0137872 0.0190523 0.00735315 0.0157279 0.0116743 0.0146843 0.0181541 0.021698 0.0160766 0.013858 0.00882243 0.00736844 0.0102461 0.0146406 0.00957645 0.0103611 0.0246916 0.00742439 0.00870854 0.00923411 0.0131974 0.0116462 0.0120321 0.0227666 0.00573513 
Throughputs: 3.9977 3.85024 4.29261 4.75136 4.21069 3.94854 3.9977 3.67002 4.65306 4.57114 4.75136 4.70221 3.65363 3.50618 4.83328 3.83386 3.55533 4.12877 4.84966 5.21011 4.55475 4.99712 4.86605 3.50618 4.75136 5.14458 5.0135 2.94912 3.16211 4.53837 
Utility: 5.6186 5.46627 6.02447 5.49989 6.05601 5.65736 5.34629 6.21282 5.68984 5.97013 5.7794 5.55689 5.12626 5.38491 5.85442 6.07433 6.179 5.99884 5.80286 6.29905 6.08587 5.31015 6.48527 5.99798 6.24328 5.96568 6.06491 5.50169 4.9337 6.67371 

--------------------------------------
Time: 18.5015
Split Ratios: 0.024 0.976 0.835 0.115 0.049 1 0.266 0.189 0.545 0.215 0.785 0.658 0.342 1 1 0.142 0.493 0.231 0.133 1 1 0.719 0.281 0.701 0.299 1 0.099 0.901 1 1 1 1 0.548 0.452 1 0.012 0.967 0.02 1 1 0.848 0.152 0.988 0.012 1 0.097 0.03 0.873 0.365 0.635 1 
Delays: 0.0146009 0.0164924 0.0103451 0.0193068 0.00996338 0.0137871 0.0192446 0.00738621 0.015557 0.0116965 0.0147295 0.0178143 0.0215131 0.0161044 0.0136302 0.00890007 0.00738118 0.0102568 0.0147052 0.00956787 0.0104875 0.0247862 0.00736791 0.00870294 0.00916321 0.0132991 0.0116868 0.0122177 0.0229518 0.00574126 
Throughputs: 4.73498 3.71917 3.9977 4.57114 4.73498 4.4073 4.07962 3.81747 4.8169 4.5056 4.65306 4.66944 4.71859 3.42426 4.57114 4.5056 3.55533 4.03046 5.02989 5.19373 5.14458 4.9152 5.0135 3.60448 5.14458 5.48864 4.57114 3.85024 3.2768 4.57114 
Utility: 5.78165 5.41835 5.95696 5.46706 6.16382 5.76728 5.35653 6.24773 5.73538 5.95379 5.75542 5.56879 5.3906 5.35955 5.81523 6.22702 6.17727 5.9737 5.83495 6.2968 6.19551 5.2898 6.52276 6.02627 6.3305 6.02274 5.96906 5.753 4.96123 6.67984 

--------------------------------------
Time: 19.0016
Split Ratios: 0.024 0.976 0.835 0.115 0.049 1 0.266 0.189 0.545 0.215 0.785 0.658 0.342 1 1 0.142 0.493 0.231 0.133 1 1 0.719 0.281 0.701 0.299 1 0.099 0.901 1 1 1 1 0.548 0.452 1 0.012 0.967 0.02 1 1 0.848 0.152 0.988 0.012 1 0.097 0.03 0.873 0.365 0.635 1 
Delays: 0.0145714 0.0163915 0.0103231 0.019593 0.00994448 0.0139283 0.0190406 0.00738316 0.0159388 0.0116293 0.0147482 0.0179939 0.0214562 0.0160523 0.0136824 0.00884568 0.0073648 0.0102206 0.0145719 0.00953131 0.0104222 0.0248232 0.00746356 0.00880476 0.00911922 0.013212 0.011604 0.0124591 0.0233724 0.00575988 
Throughputs: 4.53837 3.62086 3.7847 4.83328 4.6039 4.17792 4.07962 3.35872 5.07904 4.07962 5.30842 4.6039 4.14515 3.19488 5.0135 3.88301 3.71917 3.88301 4.63667 5.37395 4.70221 4.73498 5.40672 4.04685 4.84966 4.98074 4.55475 3.3751 3.53894 4.45645 
Utility: 5.74126 5.39771 5.90434 5.50811 6.13764 5.70365 5.36719 6.12011 5.76412 5.86023 5.88593 5.54463 5.26368 5.29345 5.90378 6.08444 6.22454 5.93996 5.76266 6.33474 6.11185 5.25095 6.58537 6.1304 6.27628 5.93221 5.97258 5.60173 5.02003 6.65119 

--------------------------------------
Time: 19.5016
Split Ratios: 0.024 0.976 0.835 0.115 0.049 1 0.266 0.189 0.545 0.215 0.785 0.658 0.342 1 1 0.142 0.493 0.231 0.133 1 1 0.719 0.281 0.701 0.299 1 0.099 0.901 1 1 1 1 0.548 0.452 1 0.012 0.967 0.02 1 1 0.848 0.152 0.988 0.012 1 0.097 0.03 0.873 0.365 0.635 1 
Delays: 0.0146711 0.0164548 0.0103301 0.019294 0.00997151 0.0139232 0.0191223 0.0073685 0.0156539 0.0117586 0.0147417 0.0179283 0.0219395 0.0160093 0.0137575 0.00882158 0.00731391 0.0102678 0.0146259 0.009712 0.0104549 0.0247724 0.00739751 0.0087676 0.00916174 0.0133906 0.0116706 0.0122858 0.0228611 0.00575246 
Throughputs: 4.75136 3.5881 4.12877 4.37453 4.63667 3.91578 4.8169 3.71917 4.25984 4.35814 4.30899 4.89882 4.35814 3.35872 4.84966 3.81747 3.75194 4.06323 4.48922 5.04627 4.62029 4.75136 4.62029 3.7847 4.70221 5.60333 5.39034 3.67002 3.24403 4.27622 
Utility: 5.78031 5.38476 5.99067 5.42376 6.14202 5.63921 5.52903 6.22404 5.60626 5.91522 5.67778 5.61037 5.29151 5.34614 5.86508 6.07014 6.24025 5.98072 5.72664 6.25304 6.09114 5.25646 6.43707 6.06766 6.24075 6.03656 6.13529 5.69951 4.95514 6.6112 

--------------------------------------
Time: 20.0016
Split Ratios: 0.024 0.976 0.835 0.115 0.049 1 0.266 0.189 0.545 0.215 0.785 0.658 0.342 1 1 0.142 0.493 0.231 0.133 1 1 0.719 0.281 0.701 0.299 1 0.099 0.901 1 1 1 1 0.548 0.452 1 0.012 0.967 0.02 1 1 0.848 0.152 0.988 0.012 1 0.097 0.03 0.873 0.365 0.635 1 
Delays: 0.0145899 0.0163269 0.0103642 0.019478 0.0099038 0.0138666 0.0189926 0.00739453 0.0156743 0.0116469 0.0146937 0.0177363 0.0217542 0.0161137 0.0136624 0.00878304 0.00736235 0.010193 0.0146329 0.00954295 0.0103934 0.0247512 0.00735591 0.00874457 0.0090933 0.0132155 0.0116965 0.0122016 0.0229308 0.00577149 
Throughputs: 4.30899 3.71917 3.93216 4.99712 4.04685 4.17792 3.7847 3.81747 5.09542 3.76832 4.66944 4.73498 3.88301 3.39149 4.88243 3.73555 3.86662 3.53894 4.66944 5.19373 4.83328 4.70221 4.9152 3.86662 4.84966 4.94797 5.07904 3.29318 2.89997 4.75136 
Utility: 5.68813 5.42844 5.93859 5.54733 6.01278 5.70809 5.29467 6.2466 5.78408 5.77934 5.76138 5.58712 5.18456 5.34935 5.87875 6.05283 6.26376 5.84989 5.76552 6.2994 6.14211 5.24691 6.50458 6.0917 6.27913 5.92534 6.07359 5.59805 4.83997 6.71326 

--------------------------------------
Time: 20.5018
Split Ratios: 0.024 0.976 0.835 0.115 0.049 1 0.266 0.189 0.545 0.215 0.785 0.658 0.342 1 1 0.142 0.493 0.231 0.133 1 1 0.719 0.281 0.701 0.299 1 0.099 0.901 1 1 1 1 0.548 0.452 1 0.012 0.967 0.02 1 1 0.848 0.152 0.988 0.012 1 0.097 0.03 0.873 0.365 0.635 1 
Delays: 0.0146024 0.0164215 0.0103402 0.0194613 0.00992402 0.0138037 0.019098 0.00742529 0.015739 0.0117063 0.0148334 0.0178648 0.0211856 0.0160934 0.0136487 0.00884337 0.0074328 0.0102262 0.0146276 0.0096505 0.0103873 0.0248075 0.00749242 0.00871822 0.00921661 0.0133492 0.0116714 0.0122217 0.0232794 0.00574948 
Throughputs: 4.45645 3.48979 3.65363 4.9152 4.35814 4.68582 4.5056 3.71917 4.86605 4.65306 4.70221 4.86605 4.47283 3.55533 4.78413 3.50618 3.94854 3.91578 4.55475 5.34118 3.94854 5.19373 5.4231 3.60448 4.76774 5.02989 4.78413 3.40787 3.1785 4.25984 
Utility: 5.72092 5.35901 5.86744 5.53166 6.08484 5.82736 5.46349 6.21636 5.73389 5.98515 5.75891 5.6072 5.35246 5.39779 5.85942 5.98261 6.2752 5.94781 5.74101 6.31619 5.94052 5.34406 6.58453 6.02452 6.24862 5.93169 6.01592 5.63063 4.91659 6.60788 

--------------------------------------
Time: 21.0019
Split Ratios: 0.024 0.976 0.835 0.115 0.049 1 0.266 0.189 0.545 0.215 0.785 0.658 0.342 1 1 0.142 0.493 0.231 0.133 1 1 0.719 0.281 0.701 0.299 1 0.099 0.901 1 1 1 1 0.548 0.452 1 0.012 0.967 0.02 1 1 0.848 0.152 0.988 0.012 1 0.097 0.03 0.873 0.365 0.635 1 
Delays: 0.0145711 0.0163805 0.0104135 0.0192721 0.00996009 0.0140141 0.0190371 0.00735665 0.0158213 0.0117135 0.0147616 0.0180336 0.0212343 0.0160455 0.0138596 0.00889021 0.00735619 0.0102391 0.0146433 0.00956834 0.0104614 0.0248026 0.0074063 0.00878648 0.00918525 0.0132292 0.0116267 0.0123037 0.0229114 0.00572945 
Throughputs: 4.30899 3.98131 3.80109 4.75136 4.42368 4.22707 4.24346 3.71917 5.0135 4.58752 4.52198 5.30842 4.14515 3.52256 5.11181 4.07962 3.91578 4.21069 4.45645 5.07904 4.71859 5.27565 4.94797 3.83386 4.89882 4.86605 4.84966 3.60448 3.47341 4.24346 
Utility: 5.68942 5.49328 5.89994 5.50753 6.09614 5.7092 5.40674 6.22565 5.75853 5.97035 5.72468 5.68481 5.27408 5.39152 5.91033 6.12881 6.27723 6.01917 5.71813 6.27442 6.11157 5.35991 6.5044 6.07841 6.27915 5.90761 6.03336 5.68003 5.02125 6.60751 

--------------------------------------
Time: 21.502
Split Ratios: 0.024 0.976 0.835 0.115 0.049 1 0.266 0.189 0.545 0.215 0.785 0.658 0.342 1 1 0.142 0.493 0.231 0.133 1 1 0.719 0.281 0.701 0.299 1 0.099 0.901 1 1 1 1 0.548 0.452 1 0.012 0.967 0.02 1 1 0.848 0.152 0.988 0.012 1 0.097 0.03 0.873 0.365 0.635 1 
Delays: 0.0145036 0.0163348 0.0103609 0.019371 0.00985215 0.0138291 0.0190285 0.00736922 0.0157809 0.0116915 0.0147083 0.0178003 0.0210359 0.0161579 0.0137994 0.00888159 0.00735391 0.010335 0.014662 0.00959666 0.0103976 0.0248247 0.00739547 0.00873379 0.00920892 0.0132301 0.0116576 0.0123374 0.0225012 0.00573965 
Throughputs: 4.6039 3.52256 3.57171 4.53837 3.76832 3.91578 4.01408 3.57171 4.89882 4.48922 4.34176 4.21069 3.52256 3.32595 5.09542 4.11238 3.9977 4.66944 5.02989 4.63667 4.32538 5.09542 5.14458 3.81747 4.62029 5.3248 5.04627 3.65363 3.21126 4.47283 
Utility: 5.76026 5.37364 5.84277 5.45655 5.94669 5.64599 5.35162 6.18349 5.73795 5.95057 5.68762 5.46617 5.12071 5.3271 5.91148 6.13778 6.29824 6.11326 5.83789 6.18034 6.03067 5.32426 6.54483 6.08014 6.21804 5.99763 6.07044 5.69084 4.96085 6.65838 

--------------------------------------
Time: 22.002
Split Ratios: 0.024 0.976 0.835 0.115 0.049 1 0.266 0.189 0.545 0.215 0.785 0.658 0.342 1 1 0.142 0.493 0.231 0.133 1 1 0.719 0.281 0.701 0.299 1 0.099 0.901 1 1 1 1 0.548 0.452 1 0.012 0.967 0.02 1 1 0.848 0.152 0.988 0.012 1 0.097 0.03 0.873 0.365 0.635 1 
Delays: 0.0145507 0.016402 0.0103527 0.0196271 0.00990919 0.0137491 0.0190435 0.00739511 0.0157389 0.0116299 0.0147052 0.0177869 0.0219447 0.0161081 0.013701 0.00883062 0.00737847 0.0102643 0.014798 0.00965856 0.0104379 0.0248497 0.00746148 0.00880225 0.00918121 0.0133244 0.0116943 0.0122571 0.0228303 0.00576562 
Throughputs: 4.65306 3.89939 3.9977 5.25926 4.57114 4.12877 3.88301 4.04685 4.55475 4.22707 4.70221 4.98074 4.32538 3.57171 4.96435 3.94854 3.80109 4.30899 5.16096 5.48864 4.76774 5.4231 5.24288 3.76832 5.07904 4.96435 5.30842 3.40787 3.55533 4.73498 
Utility: 5.76764 5.47117 5.95623 5.59084 6.13405 5.70476 5.31764 6.30487 5.66779 5.89569 5.76759 5.63487 5.28373 5.40148 5.89257 6.10288 6.24448 6.03979 5.85439 6.34259 6.12418 5.38558 6.55487 6.05938 6.31572 5.92044 6.11794 5.62774 5.04812 6.71082 

--------------------------------------
Time: 22.502
Split Ratios: 0.024 0.976 0.835 0.115 0.049 1 0.266 0.189 0.545 0.215 0.785 0.658 0.342 1 1 0.142 0.493 0.231 0.133 1 1 0.719 0.281 0.701 0.299 1 0.099 0.901 1 1 1 1 0.548 0.452 1 0.012 0.967 0.02 1 1 0.848 0.152 0.988 0.012 1 0.097 0.03 0.873 0.365 0.635 1 
Delays: 0.0145264 0.0164061 0.0103593 0.019576 0.00996379 0.0137126 0.0190515 0.00736703 0.015688 0.0116562 0.0146704 0.0178758 0.0214548 0.0160837 0.0139201 0.00888406 0.00734765 0.0102402 0.0145888 0.00961359 0.0105129 0.0247237 0.00751631 0.00872269 0.00905118 0.0132472 0.011649 0.0121141 0.0224948 0.00574082 
Throughputs: 4.5056 3.57171 3.86662 4.75136 4.65306 4.39091 4.12877 3.86662 4.24346 3.93216 4.57114 4.57114 4.29261 3.26042 5.35757 4.29261 3.96493 4.12877 4.27622 5.11181 4.70221 5.07904 5.27565 4.34176 4.25984 5.39034 4.73498 3.44064 3.08019 4.07962 
Utility: 5.73711 5.38315 5.92226 5.49188 6.14632 5.76898 5.37859 6.26312 5.60024 5.8211 5.74169 5.54407 5.2987 5.3118 5.95293 6.18039 6.29086 5.99941 5.68057 6.27613 6.10318 5.32511 6.55378 6.21011 6.15409 6.00858 6.00751 5.64904 4.91946 6.56616 

--------------------------------------
Time: 23.0021
Split Ratios: 0.024 0.976 0.835 0.115 0.049 1 0.266 0.189 0.545 0.215 0.785 0.658 0.342 1 1 0.142 0.493 0.231 0.133 1 1 0.719 0.281 0.701 0.299 1 0.099 0.901 1 1 1 1 0.548 0.452 1 0.012 0.967 0.02 1 1 0.848 0.152 0.988 0.012 1 0.097 0.03 0.873 0.365 0.635 1 
Delays: 0.0144291 0.0165346 0.0103435 0.0193928 0.0100854 0.0137463 0.0190847 0.00744713 0.015632 0.0116428 0.014715 0.0178195 0.0212762 0.0161158 0.0136438 0.00890868 0.00738079 0.0102385 0.0145903 0.00957683 0.0104293 0.0246153 0.0074238 0.00870275 0.00926309 0.0133293 0.0117145 0.0122792 0.0230595 0.00573925 
Throughputs: 4.45645 3.98131 3.5881 4.73498 4.24346 4.1943 4.21069 4.34176 4.73498 4.27622 4.44006 5.02989 3.88301 3.60448 5.16096 3.88301 4.24346 4.35814 4.78413 5.16096 5.19373 4.80051 5.14458 3.52256 4.8169 5.02989 5.70163 3.40787 3.3751 4.1943 
Utility: 5.73286 5.48391 5.84902 5.49783 6.04205 5.72071 5.3965 6.36821 5.71341 5.90614 5.70955 5.64286 5.20678 5.41013 5.93559 6.07734 6.35425 6.05364 5.7927 6.28953 6.21059 5.27311 6.54101 6.0033 6.25385 5.93319 6.18768 5.62594 4.9861 6.59415 

--------------------------------------
Time: 23.5022
Split Ratios: 0.024 0.976 0.835 0.115 0.049 1 0.266 0.189 0.545 0.215 0.785 0.658 0.342 1 1 0.142 0.493 0.231 0.133 1 1 0.719 0.281 0.701 0.299 1 0.099 0.901 1 1 1 1 0.548 0.452 1 0.012 0.967 0.02 1 1 0.848 0.152 0.988 0.012 1 0.097 0.03 0.873 0.365 0.635 1 
Delays: 0.0145498 0.016375 0.0103309 0.0195302 0.00990005 0.0139344 0.0190022 0.00731892 0.0157103 0.0116338 0.0146997 0.0179959 0.0214318 0.0161416 0.013767 0.00877765 0.00738799 0.0102269 0.0146443 0.00955527 0.0104272 0.0246897 0.00748768 0.0086904 0.00922794 0.0132245 0.01164 0.0121373 0.0226258 0.0057215 
Throughputs: 4.12877 3.9977 3.50618 4.44006 4.6039 4.07962 4.06323 3.42426 4.73498 4.12877 4.76774 5.02989 4.01408 3.55533 4.80051 3.6864 3.85024 4.53837 5.35757 5.16096 4.83328 5.02989 5.6361 3.52256 4.94797 5.35757 5.06266 2.91635 3.11296 4.25984 
Utility: 5.64816 5.49772 5.82714 5.42646 6.14212 5.67939 5.36518 6.14818 5.70842 5.87182 5.7818 5.63301 5.23269 5.3948 5.8542 6.0402 6.25603 6.0953 5.90222 6.29179 6.13886 5.31676 6.62369 6.00472 6.2845 6.0042 6.0752 5.48181 4.92424 6.61276 

--------------------------------------
Time: 24.0023
Split Ratios: 0.024 0.976 0.835 0.115 0.049 1 0.266 0.189 0.545 0.215 0.785 0.658 0.342 1 1 0.142 0.493 0.231 0.133 1 1 0.719 0.281 0.701 0.299 1 0.099 0.901 1 1 1 1 0.548 0.452 1 0.012 0.967 0.02 1 1 0.848 0.152 0.988 0.012 1 0.097 0.03 0.873 0.365 0.635 1 
Delays: 0.0145069 0.0164405 0.0103565 0.0194318 0.00999354 0.0139978 0.019112 0.00742701 0.0157379 0.0117038 0.0147499 0.0176426 0.0214508 0.0160545 0.0136778 0.00877713 0.00740928 0.0102779 0.0146962 0.00944278 0.0103888 0.0247095 0.00738547 0.00873785 0.00923461 0.0132866 0.0116697 0.0121657 0.0230082 0.00573295 
Throughputs: 4.07962 3.9977 4.07962 4.63667 4.32538 4.17792 4.58752 3.52256 4.52198 4.07962 4.55475 4.71859 4.12877 3.47341 4.71859 4.04685 4.01408 4.71859 5.14458 5.0135 4.6039 5.02989 4.96435 3.75194 5.07904 5.86547 5.02989 3.2768 3.09658 4.34176 
Utility: 5.63913 5.49372 5.97614 5.47484 6.07032 5.69867 5.48078 6.16182 5.66063 5.85385 5.73269 5.58895 5.25997 5.3769 5.84349 6.13354 6.29483 6.12927 5.85811 6.27464 6.09394 5.31597 6.51052 6.06236 6.30992 6.09008 6.06615 5.596 4.9022 6.6298 

--------------------------------------
Time: 24.5023
Split Ratios: 0.024 0.976 0.835 0.115 0.049 1 0.266 0.189 0.545 0.215 0.785 0.658 0.342 1 1 0.142 0.493 0.231 0.133 1 1 0.719 0.281 0.701 0.299 1 0.099 0.901 1 1 1 1 0.548 0.452 1 0.012 0.967 0.02 1 1 0.848 0.152 0.988 0.012 1 0.097 0.03 0.873 0.365 0.635 1 
Delays: 0.0145971 0.0162568 0.010401 0.019559 0.00995864 0.0136798 0.0190979 0.0073611 0.0156098 0.0116084 0.0147005 0.0179325 0.0213735 0.0161419 0.0137498 0.0088326 0.0073739 0.0102272 0.0146457 0.00958134 0.0103752 0.0247527 0.00743403 0.00873321 0.00910206 0.01325 0.0116745 0.0122593 0.0225535 0.00575697 
Throughputs: 3.89939 3.52256 4.12877 4.37453 3.96493 4.04685 4.83328 3.6864 4.68582 3.96493 4.53837 4.96435 4.1943 3.55533 5.04627 3.93216 3.63725 3.76832 4.9152 4.39091 4.30899 5.27565 5.11181 3.91578 5.11181 5.52141 4.63667 3.34234 3.2768 4.70221 
Utility: 5.58775 5.37843 5.98383 5.41012 5.9868 5.68978 5.5337 6.2162 5.7044 5.83351 5.73244 5.62342 5.27933 5.39478 5.90538 6.09849 6.20104 5.90934 5.81594 6.12747 6.02904 5.36192 6.53324 6.10564 6.33081 6.03239 5.98434 5.60814 4.97873 6.70538 

--------------------------------------
Time: 25.0024
Split Ratios: 0.024 0.976 0.835 0.115 0.049 1 0.266 0.189 0.545 0.215 0.785 0.658 0.342 1 1 0.142 0.493 0.231 0.133 1 1 0.719 0.281 0.701 0.299 1 0.099 0.901 1 1 1 1 0.548 0.452 1 0.012 0.967 0.02 1 1 0.848 0.152 0.988 0.012 1 0.097 0.03 0.873 0.365 0.635 1 
Delays: 0.0145287 0.0163666 0.0104305 0.0193964 0.00988988 0.0138418 0.0190264 0.00740583 0.0157513 0.0117018 0.0147736 0.0179167 0.0214141 0.0161986 0.0137316 0.00885232 0.00731641 0.0102031 0.014712 0.00944815 0.0105106 0.0247534 0.00749469 0.00874329 0.00906867 0.0133217 0.0115948 0.0123114 0.0227937 0.00577359 
Throughputs: 4.16154 4.12877 4.06323 4.53837 4.06323 4.34176 3.93216 3.83386 4.78413 4.44006 4.83328 4.63667 4.04685 3.76832 5.09542 3.86662 3.47341 3.98131 4.37453 4.68582 4.65306 5.30842 5.57056 3.80109 4.84966 5.24288 5.12819 3.55533 3.24403 4.24346 
Utility: 5.65752 5.53049 5.965 5.45524 6.01822 5.74834 5.33112 6.24936 5.71613 5.93868 5.79044 5.55602 5.24164 5.44946 5.9164 6.07946 6.16277 5.96668 5.69489 6.20648 6.0929 5.36809 6.61106 6.07476 6.28184 5.97523 6.09195 5.66567 4.95809 6.59984 

--------------------------------------
Time: 25.5024
Split Ratios: 0.024 0.976 0.835 0.115 0.049 1 0.266 0.189 0.545 0.215 0.785 0.658 0.342 1 1 0.142 0.493 0.231 0.133 1 1 0.719 0.281 0.701 0.299 1 0.099 0.901 1 1 1 1 0.548 0.452 1 0.012 0.967 0.02 1 1 0.848 0.152 0.988 0.012 1 0.097 0.03 0.873 0.365 0.635 1 
Delays: 0.0145353 0.0164193 0.0103139 0.0198284 0.0100113 0.0137147 0.0190449 0.00745525 0.0158125 0.0116632 0.0148067 0.017729 0.0215415 0.0161869 0.0137935 0.00882545 0.00746429 0.0102218 0.0146157 0.0096216 0.0104459 0.0248434 0.00741134 0.00878243 0.009315 0.0132623 0.0117389 0.0122417 0.0226327 0.00574549 
Throughputs: 4.37453 3.76832 4.16154 4.58752 4.44006 3.88301 4.27622 3.94854 4.89882 4.24346 4.63667 4.48922 4.06323 3.42426 4.80051 3.83386 4.096 4.30899 4.65306 4.75136 4.65306 5.2265 5.09542 3.75194 5.17734 5.27565 5.4231 3.29318 3.22765 4.70221 
Utility: 5.70697 5.43593 6.00015 5.44398 6.09471 5.6459 5.41403 6.27218 5.73595 5.89669 5.74667 5.53423 5.23975 5.35444 5.85228 6.07399 6.30764 6.04394 5.76318 6.20218 6.09907 5.34891 6.53309 6.05727 6.32042 5.98593 6.13551 5.59477 4.96011 6.70737 

--------------------------------------
Time: 26.0024
Split Ratios: 0.024 0.976 0.835 0.115 0.049 1 0.266 0.189 0.545 0.215 0.785 0.658 0.342 1 1 0.142 0.493 0.231 0.133 1 1 0.719 0.281 0.701 0.299 1 0.099 0.901 1 1 1 1 0.548 0.452 1 0.012 0.967 0.02 1 1 0.848 0.152 0.988 0.012 1 0.097 0.03 0.873 0.365 0.635 1 
Delays: 0.0145667 0.0163572 0.0103446 0.0193963 0.0100083 0.0137772 0.0190809 0.00744002 0.0155331 0.0116172 0.0147446 0.0178807 0.0217635 0.0160789 0.0137161 0.00878167 0.00737049 0.0102181 0.0146065 0.00962278 0.0103552 0.0247683 0.0074445 0.00873057 0.00906695 0.0132978 0.011644 0.0121955 0.0232913 0.00574704 
Throughputs: 4.17792 3.45702 4.04685 4.86605 4.21069 4.29261 4.76774 4.03046 4.66944 3.80109 4.71859 4.5056 3.73555 3.40787 4.96435 3.98131 3.86662 3.6864 4.53837 5.17734 4.39091 5.16096 4.93158 4.01408 4.8169 5.21011 4.71859 3.60448 2.98189 4.48922 
Utility: 5.65883 5.3535 5.96923 5.52496 6.04196 5.74164 5.52094 6.29476 5.70582 5.79056 5.76839 5.52935 5.14542 5.35634 5.89147 6.1167 6.26265 5.88825 5.73885 6.28791 6.04981 5.33931 6.49594 6.13073 6.27525 5.97076 6.00448 5.68887 4.85223 6.66075 

--------------------------------------
Time: 26.5024
Split Ratios: 0.024 0.976 0.835 0.115 0.049 1 0.266 0.189 0.545 0.215 0.785 0.658 0.342 1 1 0.142 0.493 0.231 0.133 1 1 0.719 0.281 0.701 0.299 1 0.099 0.901 1 1 1 1 0.548 0.452 1 0.012 0.967 0.02 1 1 0.848 0.152 0.988 0.012 1 0.097 0.03 0.873 0.365 0.635 1 
Delays: 0.014576 0.0162727 0.0103817 0.0192635 0.00986742 0.013599 0.019132 0.00731901 0.0157303 0.0116322 0.0146319 0.0177285 0.0211586 0.0161526 0.0138 0.00888424 0.00739871 0.0102151 0.0145291 0.00953211 0.0103662 0.0247727 0.00745292 0.00873374 0.00916295 0.0131448 0.01166 0.012253 0.0227262 0.0057417 
Throughputs: 4.03046 3.29318 4.21069 4.66944 4.06323 3.80109 4.71859 3.39149 4.93158 3.96493 4.03046 4.32538 3.86662 3.81747 5.19373 3.94854 4.42368 3.85024 4.78413 4.62029 4.78413 5.34118 5.37395 4.16154 4.89882 5.06266 5.07904 3.14573 2.8672 4.76774 
Utility: 5.62226 5.31012 6.00534 5.49058 6.0205 5.63305 5.5079 6.13855 5.74782 5.83147 5.61843 5.49708 5.20809 5.46526 5.93054 6.09682 6.39342 5.93202 5.7969 6.18355 6.13451 5.37346 6.58071 6.16645 6.28158 5.95362 6.07671 5.54803 4.83757 6.72187 

--------------------------------------
Time: 27.0024
Split Ratios: 0.024 0.976 0.835 0.115 0.049 1 0.266 0.189 0.545 0.215 0.785 0.658 0.342 1 1 0.142 0.493 0.231 0.133 1 1 0.719 0.281 0.701 0.299 1 0.099 0.901 1 1 1 1 0.548 0.452 1 0.012 0.967 0.02 1 1 0.848 0.152 0.988 0.012 1 0.097 0.03 0.873 0.365 0.635 1 
Delays: 0.0145831 0.0164827 0.0103372 0.0195766 0.0099303 0.0139423 0.01905 0.00739028 0.0156907 0.0116645 0.0148594 0.0176966 0.0215922 0.0161 0.0136943 0.00882709 0.00743084 0.0102461 0.0146572 0.00961538 0.0103431 0.0248682 0.00736258 0.00874193 0.00920522 0.013261 0.0116005 0.0120913 0.0229253 0.00574235 
Throughputs: 4.86605 3.88301 4.11238 4.37453 3.80109 3.88301 4.12877 3.52256 4.6039 4.14515 4.84966 4.68582 4.17792 3.39149 5.06266 3.88301 3.85024 4.096 4.76774 4.66944 4.17792 4.93158 4.66944 3.62086 5.12819 5.76717 4.68582 3.60448 3.30957 4.57114 
Utility: 5.81018 5.46206 5.98601 5.40922 5.94745 5.62944 5.37866 6.16678 5.68159 5.87314 5.78803 5.57892 5.26524 5.3502 5.91267 6.08654 6.25025 5.99087 5.7847 6.18543 6.00125 5.28983 6.45238 6.02634 6.32274 6.07511 6.00125 5.69745 4.97233 6.67965 

--------------------------------------
Time: 27.5025
Split Ratios: 0.024 0.976 0.835 0.115 0.049 1 0.266 0.189 0.545 0.215 0.785 0.658 0.342 1 1 0.142 0.493 0.231 0.133 1 1 0.719 0.281 0.701 0.299 1 0.099 0.901 1 1 1 1 0.548 0.452 1 0.012 0.967 0.02 1 1 0.848 0.152 0.988 0.012 1 0.097 0.03 0.873 0.365 0.635 1 
Delays: 0.0145071 0.016334 0.0103444 0.0195395 0.0098594 0.0139426 0.0191195 0.00731495 0.0156007 0.0117183 0.0147581 0.0178955 0.0208511 0.0161068 0.0136656 0.00885985 0.00737781 0.0102895 0.0146766 0.00955362 0.0104626 0.0248367 0.00749911 0.00877063 0.00917834 0.0132678 0.0116296 0.012271 0.0229742 0.00573208 
Throughputs: 4.12877 3.81747 3.60448 4.88243 4.24346 4.11238 4.47283 3.45702 4.84966 4.45645 4.30899 4.53837 4.096 3.7847 4.73498 4.17792 4.01408 4.24346 4.80051 5.21011 4.9152 5.57056 5.29203 3.67002 5.02989 5.12819 4.48922 3.11296 3.09658 3.88301 
Utility: 5.65109 5.4541 5.85349 5.52096 6.06471 5.68681 5.45507 6.15824 5.73935 5.94096 5.67666 5.53577 5.28036 5.45948 5.84785 6.15604 6.29909 6.02201 5.79022 6.30144 6.15228 5.41293 6.55917 6.03654 6.30631 5.95717 5.95588 5.53609 4.90368 6.51829 

--------------------------------------
Time: 28.0025
Split Ratios: 0.024 0.976 0.835 0.115 0.049 1 0.266 0.189 0.545 0.215 0.785 0.658 0.342 1 1 0.142 0.493 0.231 0.133 1 1 0.719 0.281 0.701 0.299 1 0.099 0.901 1 1 1 1 0.548 0.452 1 0.012 0.967 0.02 1 1 0.848 0.152 0.988 0.012 1 0.097 0.03 0.873 0.365 0.635 1 
Delays: 0.0144875 0.016276 0.0104126 0.0193738 0.00996649 0.0138093 0.0192004 0.00740901 0.0157464 0.0117024 0.0146145 0.0178614 0.0214192 0.0161533 0.0137849 0.00901093 0.00737701 0.0102654 0.0145274 0.00957213 0.0104775 0.0246655 0.00743471 0.00876185 0.00921254 0.0132018 0.0116668 0.0121136 0.0230151 0.00574028 
Throughputs: 3.80109 4.04685 4.25984 4.22707 3.86662 4.04685 4.24346 3.5881 4.57114 4.17792 3.94854 4.66944 4.48922 3.63725 5.06266 3.71917 3.73555 4.1943 4.4073 5.65248 4.9152 4.93158 5.12819 3.63725 5.07904 5.02989 4.73498 3.06381 3.1785 4.68582 
Utility: 5.56976 5.516 6.01397 5.38534 5.96091 5.68035 5.3982 6.18268 5.6709 5.87778 5.59908 5.56615 5.34515 5.41686 5.90607 6.02282 6.22728 6.0127 5.71498 6.38099 6.15086 5.29801 6.53635 6.02858 6.31231 5.9428 6.00598 5.53309 4.92801 6.70479 

--------------------------------------
Time: 28.5025
Split Ratios: 0.024 0.976 0.835 0.115 0.049 1 0.266 0.189 0.545 0.215 0.785 0.658 0.342 1 1 0.142 0.493 0.231 0.133 1 1 0.719 0.281 0.701 0.299 1 0.099 0.901 1 1 1 1 0.548 0.452 1 0.012 0.967 0.02 1 1 0.848 0.152 0.988 0.012 1 0.097 0.03 0.873 0.365 0.635 1 
Delays: 0.0144598 0.0164187 0.010345 0.0196145 0.0099486 0.0137809 0.0190436 0.00736748 0.0157255 0.0116087 0.0147506 0.0179691 0.0208778 0.0161589 0.0138149 0.00885407 0.00745977 0.0101841 0.0146607 0.00961788 0.0104143 0.0247001 0.00739118 0.00870166 0.00919447 0.0132264 0.0117321 0.012292 0.0231139 0.00572549 
Throughputs: 3.88301 3.2768 3.60448 5.2265 4.30899 4.01408 4.52198 3.47341 4.58752 4.12877 4.78413 4.71859 4.4073 3.75194 4.88243 3.88301 3.86662 3.75194 4.71859 5.02989 4.58752 4.76774 5.34118 3.62086 5.17734 5.14458 4.89882 3.50618 3.5881 4.30899 
Utility: 5.59299 5.2962 5.85343 5.58523 6.07103 5.67428 5.46997 6.15582 5.67581 5.87398 5.78177 5.57061 5.35233 5.44756 5.86765 6.08349 6.25061 5.9092 5.77409 6.25953 6.08792 5.26282 6.58291 6.03095 6.33345 5.96348 6.03442 5.65333 5.04494 6.62353 

--------------------------------------
Time: 29.0025
Split Ratios: 0.024 0.976 0.835 0.115 0.049 1 0.266 0.189 0.545 0.215 0.785 0.658 0.342 1 1 0.142 0.493 0.231 0.133 1 1 0.719 0.281 0.701 0.299 1 0.099 0.901 1 1 1 1 0.548 0.452 1 0.012 0.967 0.02 1 1 0.848 0.152 0.988 0.012 1 0.097 0.03 0.873 0.365 0.635 1 
Delays: 0.014482 0.0163032 0.0103064 0.019435 0.00996779 0.0137929 0.019108 0.00739164 0.0156438 0.0117032 0.0146466 0.0177692 0.0213116 0.0160692 0.0137473 0.00881702 0.00735758 0.0102684 0.0146508 0.00959524 0.0104482 0.0247065 0.00752694 0.00877608 0.00916463 0.0132579 0.0115945 0.012386 0.0227663 0.00576543 
Throughputs: 4.14515 3.7847 4.01408 4.35814 4.34176 4.35814 3.98131 3.63725 4.8169 4.22707 3.83386 4.66944 4.16154 3.53894 5.39034 3.96493 3.73555 4.44006 5.47226 5.30842 4.55475 4.99712 5.09542 4.03046 5.11181 5.12819 4.78413 3.71917 3.22765 4.80051 
Utility: 5.65679 5.44736 5.9648 5.41273 6.07668 5.75565 5.33926 6.19863 5.72981 5.8894 5.56742 5.57133 5.27439 5.39468 5.97152 6.10856 6.22992 6.06935 5.92295 6.31578 6.0775 5.30955 6.51761 6.12961 6.32396 5.95792 6.02253 5.70469 4.95423 6.7246 

--------------------------------------
Time: 29.5026
Split Ratios: 0.024 0.976 0.835 0.115 0.049 1 0.266 0.189 0.545 0.215 0.785 0.658 0.342 1 1 0.142 0.493 0.231 0.133 1 1 0.719 0.281 0.701 0.299 1 0.099 0.901 1 1 1 1 0.548 0.452 1 0.012 0.967 0.02 1 1 0.848 0.152 0.988 0.012 1 0.097 0.03 0.873 0.365 0.635 1 
Delays: 0.0146521 0.0165293 0.010343 0.0193741 0.00997239 0.0139048 0.0190518 0.00739773 0.0157894 0.0116957 0.0148106 0.017794 0.021638 0.0161008 0.0136569 0.00882702 0.00743401 0.0102009 0.0146252 0.009551 0.0104348 0.0249206 0.00749757 0.00873458 0.00918034 0.0131592 0.0116249 0.0121661 0.0232998 0.00575624 
Throughputs: 4.32538 3.32595 3.85024 4.57114 4.25984 3.93216 3.85024 3.65363 4.80051 4.03046 5.04627 4.37453 4.45645 3.39149 5.30842 4.07962 3.96493 3.88301 4.45645 5.40672 4.4073 5.27565 5.30842 3.5881 5.17734 4.76774 4.89882 3.53894 3.14573 4.88243 
Utility: 5.68767 5.30438 5.91958 5.46358 6.05717 5.64471 5.30873 6.2023 5.71714 5.84241 5.83106 5.50469 5.32765 5.35016 5.9628 6.13594 6.27918 5.94189 5.71936 6.33875 6.04587 5.35516 6.56247 6.01809 6.33498 5.8925 6.0436 5.67293 4.90535 6.74311 

--------------------------------------
Time: 30.0027
Split Ratios: 0.024 0.976 0.835 0.115 0.049 1 0.266 0.189 0.545 0.215 0.785 0.658 0.342 1 1 0.142 0.493 0.231 0.133 1 1 0.719 0.281 0.701 0.299 1 0.099 0.901 1 1 1 1 0.548 0.452 1 0.012 0.967 0.02 1 1 0.848 0.152 0.988 0.012 1 0.097 0.03 0.873 0.365 0.635 1 
Delays: 0.014473 0.0163812 0.0103077 0.0192657 0.00996724 0.0136877 0.0190848 0.00741515 0.0156285 0.0116079 0.0147096 0.0179371 0.0218855 0.0160744 0.0135769 0.00875833 0.00740464 0.0101849 0.0146567 0.00964185 0.0103677 0.0246603 0.00739934 0.0087419 0.00923497 0.0132854 0.0116167 0.0121625 0.0228335 0.00573807 
Throughputs: 4.47283 3.67002 3.3751 4.78413 4.80051 4.03046 3.9977 3.44064 4.78413 3.96493 4.11238 4.80051 4.62029 3.76832 4.86605 3.53894 3.45702 4.14515 4.8169 5.06266 4.34176 4.9152 5.12819 3.57171 5.09542 5.12819 4.22707 3.35872 3.29318 4.12877 
Utility: 5.7335 5.41182 5.79129 5.51473 6.17717 5.68514 5.34458 6.13989 5.72396 5.83356 5.63326 5.5896 5.35239 5.45716 5.88167 6.00158 6.14606 6.00879 5.79499 6.26353 6.03734 5.29489 6.54112 6.01267 6.3131 5.95584 5.89682 5.62096 4.97138 6.57861 

--------------------------------------
Time: 30.5027
Split Ratios: 0.024 0.976 0.835 0.115 0.049 1 0.266 0.189 0.545 0.215 0.785 0.658 0.342 1 1 0.142 0.493 0.231 0.133 1 1 0.719 0.281 0.701 0.299 1 0.099 0.901 1 1 1 1 0.548 0.452 1 0.012 0.967 0.02 1 1 0.848 0.152 0.988 0.012 1 0.097 0.03 0.873 0.365 0.635 1 
Delays: 0.0144796 0.016399 0.0103991 0.0194144 0.00989133 0.0138767 0.0189961 0.00740121 0.0158252 0.0117002 0.0147478 0.0176946 0.021854 0.0161753 0.0138555 0.0088065 0.00742449 0.0103245 0.0146335 0.00957625 0.0103516 0.0248051 0.00745142 0.00873031 0.00927872 0.0132912 0.0116837 0.0120948 0.022403 0.00575126 
Throughputs: 4.12877 4.16154 4.03046 4.66944 3.98131 4.17792 4.22707 3.35872 4.8169 4.30899 4.76774 4.84966 3.88301 3.83386 5.06266 4.12877 4.30899 4.29261 4.24346 5.2265 5.14458 4.89882 5.06266 4.06323 4.71859 5.25926 5.45587 3.14573 3.50618 4.76774 
Utility: 5.65299 5.53642 5.95991 5.48278 5.99771 5.70736 5.40503 6.11767 5.71828 5.90886 5.77853 5.6134 5.17998 5.46814 5.90097 6.15024 6.36368 6.03013 5.66982 6.30221 6.20855 5.2857 6.52124 6.14293 6.23154 5.98065 6.14626 5.56102 5.05308 6.72021 

--------------------------------------
Time: 31.0028
Split Ratios: 0.024 0.976 0.835 0.115 0.049 1 0.266 0.189 0.545 0.215 0.785 0.658 0.342 1 1 0.142 0.493 0.231 0.133 1 1 0.719 0.281 0.701 0.299 1 0.099 0.901 1 1 1 1 0.548 0.452 1 0.012 0.967 0.02 1 1 0.848 0.152 0.988 0.012 1 0.097 0.03 0.873 0.365 0.635 1 
Delays: 0.0145961 0.0164139 0.0103747 0.0193889 0.00991008 0.0138707 0.0191688 0.00733297 0.0157417 0.0116796 0.0146513 0.0177277 0.0218386 0.0160535 0.0137963 0.0088493 0.00742624 0.01028 0.0147088 0.00949499 0.0104337 0.0246859 0.00738536 0.00872613 0.00916519 0.0133025 0.0116448 0.0122481 0.0227058 0.00575391 
Throughputs: 4.42368 3.75194 3.62086 4.4073 4.44006 4.12877 4.71859 3.73555 4.55475 4.44006 4.06323 4.27622 4.44006 3.57171 5.0135 3.96493 4.29261 4.1943 4.53837 4.66944 4.9152 5.06266 4.71859 4.14515 4.80051 4.93158 4.52198 3.55533 3.55533 4.52198 
Utility: 5.71398 5.4319 5.8551 5.42631 6.10487 5.69596 5.50598 6.23327 5.66761 5.94058 5.62521 5.4857 5.31475 5.40487 5.89549 6.1049 6.35963 6.01128 5.73188 6.19803 6.15504 5.32341 6.45977 6.16337 6.26106 5.91546 5.96184 5.67083 5.05358 6.66683 

--------------------------------------
Time: 31.5029
Split Ratios: 0.024 0.976 0.835 0.115 0.049 1 0.266 0.189 0.545 0.215 0.785 0.658 0.342 1 1 0.142 0.493 0.231 0.133 1 1 0.719 0.281 0.701 0.299 1 0.099 0.901 1 1 1 1 0.548 0.452 1 0.012 0.967 0.02 1 1 0.848 0.152 0.988 0.012 1 0.097 0.03 0.873 0.365 0.635 1 
Delays: 0.0146849 0.0164926 0.0103394 0.0191258 0.00987162 0.0138412 0.0190672 0.00737547 0.0157956 0.0116288 0.0147693 0.0178703 0.0213241 0.0161304 0.0136778 0.00882855 0.00739435 0.0101973 0.014638 0.00954941 0.0104628 0.0247857 0.00738659 0.00876441 0.00919277 0.013299 0.0116422 0.0121899 0.0227046 0.00572507 
Throughputs: 4.42368 4.34176 4.11238 4.52198 4.17792 3.85024 3.98131 3.47341 4.83328 4.17792 4.73498 4.44006 3.98131 3.14573 4.86605 4.17792 4.03046 3.80109 4.75136 5.07904 4.73498 5.17734 4.83328 3.86662 4.65306 5.39034 5.06266 3.57171 3.32595 4.17792 
Utility: 5.70791 5.57313 5.98579 5.46567 6.04791 5.62824 5.34139 6.15473 5.72355 5.88408 5.77018 5.51528 5.22953 5.2731 5.87426 6.15958 6.30092 5.92092 5.78256 6.2764 6.1149 5.34178 6.48361 6.08944 6.22686 6.00467 6.07501 5.68019 4.98694 6.59271 

--------------------------------------
Time: 32.003
Split Ratios: 0.024 0.976 0.835 0.115 0.049 1 0.266 0.189 0.545 0.215 0.785 0.658 0.342 1 1 0.142 0.493 0.231 0.133 1 1 0.719 0.281 0.701 0.299 1 0.099 0.901 1 1 1 1 0.548 0.452 1 0.012 0.967 0.02 1 1 0.848 0.152 0.988 0.012 1 0.097 0.03 0.873 0.365 0.635 1 
Delays: 0.0146581 0.0166612 0.0103719 0.0194416 0.0100146 0.0139121 0.0191006 0.00742336 0.015697 0.0116774 0.01471 0.0178279 0.0216221 0.0161147 0.0139299 0.00885781 0.00744244 0.01028 0.0147723 0.00960072 0.0103762 0.0247826 0.00742771 0.00876194 0.00920431 0.0133529 0.0116389 0.0121876 0.0230313 0.00574603 
Throughputs: 4.24346 4.03046 4.03046 4.52198 4.45645 4.24346 4.35814 3.76832 4.6039 4.03046 4.62029 4.88243 3.83386 3.39149 5.16096 3.81747 4.16154 4.58752 4.93158 5.02989 4.75136 5.16096 5.11181 3.81747 5.04627 5.52141 5.21011 3.21126 3.1785 4.1943 
Utility: 5.66814 5.48856 5.96253 5.44929 6.09806 5.72037 5.43008 6.22975 5.68119 5.84398 5.74969 5.61264 5.17791 5.34929 5.91484 6.06604 6.32644 6.10089 5.81066 6.26131 6.12667 5.33874 6.53409 6.07693 6.30673 6.02465 6.104 5.574 4.92731 6.59297 

--------------------------------------
Time: 32.503
Split Ratios: 0.024 0.976 0.835 0.115 0.049 1 0.266 0.189 0.545 0.215 0.785 0.658 0.342 1 1 0.142 0.493 0.231 0.133 1 1 0.719 0.281 0.701 0.299 1 0.099 0.901 1 1 1 1 0.548 0.452 1 0.012 0.967 0.02 1 1 0.848 0.152 0.988 0.012 1 0.097 0.03 0.873 0.365 0.635 1 
Delays: 0.0145283 0.0164217 0.0103941 0.0192272 0.00991085 0.0138966 0.0190713 0.00741912 0.0158572 0.0117087 0.0147365 0.0179812 0.021751 0.016134 0.0137996 0.00881737 0.00746408 0.0103034 0.0146367 0.00960842 0.0104888 0.0248163 0.00740242 0.00876252 0.00920507 0.0132717 0.0116554 0.012225 0.0230566 0.00576246 
Throughputs: 3.9977 3.81747 4.06323 4.03046 4.53837 4.11238 4.35814 3.5881 5.17734 4.4073 4.68582 5.19373 3.9977 3.52256 5.48864 3.6864 3.9977 4.29261 4.70221 4.8169 4.94797 5.12819 4.96435 3.80109 5.02989 5.4231 5.04627 3.45702 3.39149 4.6039 
Utility: 5.61737 5.44874 5.96849 5.34531 6.12669 5.69012 5.43162 6.18132 5.78842 5.93069 5.76197 5.66588 5.21381 5.38601 5.98579 6.03568 6.28337 6.03218 5.77225 6.21725 6.15643 5.33101 6.50823 6.07256 6.3034 6.01279 6.07063 5.64468 4.99107 6.68329 

--------------------------------------
Time: 33.003
Split Ratios: 0.024 0.976 0.835 0.115 0.049 1 0.266 0.189 0.545 0.215 0.785 0.658 0.342 1 1 0.142 0.493 0.231 0.133 1 1 0.719 0.281 0.701 0.299 1 0.099 0.901 1 1 1 1 0.548 0.452 1 0.012 0.967 0.02 1 1 0.848 0.152 0.988 0.012 1 0.097 0.03 0.873 0.365 0.635 1 
Delays: 0.0145652 0.0163149 0.0102958 0.019372 0.0099515 0.013913 0.0190096 0.0074168 0.0157259 0.0116745 0.0147593 0.0179954 0.0220418 0.0160024 0.0136592 0.00881503 0.00738915 0.0102579 0.014681 0.00948232 0.0103703 0.0248613 0.0073537 0.00876578 0.00914553 0.0132779 0.0116108 0.0122705 0.0229641 0.00574358 
Throughputs: 3.91578 3.47341 3.94854 4.83328 4.4073 4.34176 4.12877 3.55533 4.8169 3.62086 4.88243 4.73498 4.01408 3.53894 4.8169 3.47341 3.75194 4.27622 4.83328 4.78413 4.63667 5.50502 4.70221 3.3751 4.80051 5.50502 4.65306 3.44064 3.3751 4.34176 
Utility: 5.59414 5.36081 5.94936 5.51945 6.09329 5.74321 5.38079 6.17245 5.72457 5.73706 5.80152 5.57262 5.20462 5.39884 5.86547 5.97643 6.23002 6.03277 5.79672 6.22363 6.10281 5.4001 6.46058 5.95333 6.26321 6.02732 5.99334 5.63622 4.99025 6.62795 

--------------------------------------
Time: 33.5031
Split Ratios: 0.024 0.976 0.835 0.115 0.049 1 0.266 0.189 0.545 0.215 0.785 0.658 0.342 1 1 0.142 0.493 0.231 0.133 1 1 0.719 0.281 0.701 0.299 1 0.099 0.901 1 1 1 1 0.548 0.452 1 0.012 0.967 0.02 1 1 0.848 0.152 0.988 0.012 1 0.097 0.03 0.873 0.365 0.635 1 
Delays: 0.0145882 0.0163738 0.0103715 0.0194991 0.00994611 0.0137386 0.0189714 0.0073654 0.015711 0.0116983 0.0148964 0.0178175 0.0215879 0.016226 0.0136737 0.00891148 0.00732455 0.0102726 0.0146226 0.0096333 0.0103834 0.024798 0.00745455 0.00874453 0.00912337 0.0132113 0.0116565 0.0123245 0.0234749 0.00574434 
Throughputs: 4.25984 4.04685 4.11238 4.14515 4.16154 4.12877 4.03046 3.19488 4.86605 4.16154 4.98074 4.73498 3.73555 4.06323 4.94797 4.12877 3.48979 4.35814 4.89882 5.12819 4.53837 5.57056 4.83328 3.81747 4.76774 5.27565 5.39034 3.57171 3.44064 5.11181 
Utility: 5.67678 5.51001 5.9827 5.35933 6.03646 5.70553 5.35871 6.07251 5.73567 5.8742 5.81221 5.58255 5.15352 5.52312 5.89126 6.13839 6.16637 6.05032 5.81418 6.27728 6.08011 5.41449 6.47446 6.07892 6.25879 5.98978 6.1365 5.66921 4.98748 6.79109 

--------------------------------------
Time: 34.0031
Split Ratios: 0.024 0.976 0.835 0.115 0.049 1 0.266 0.189 0.545 0.215 0.785 0.658 0.342 1 1 0.142 0.493 0.231 0.133 1 1 0.719 0.281 0.701 0.299 1 0.099 0.901 1 1 1 1 0.548 0.452 1 0.012 0.967 0.02 1 1 0.848 0.152 0.988 0.012 1 0.097 0.03 0.873 0.365 0.635 1 
Delays: 0.0145567 0.0163893 0.0103204 0.0191593 0.00992042 0.013693 0.0189407 0.00741903 0.0158716 0.0117167 0.0147344 0.017705 0.0223381 0.0161637 0.0136898 0.00874521 0.00735967 0.0101905 0.0146353 0.00964494 0.0104683 0.0246791 0.0074602 0.00873406 0.00916699 0.0132537 0.0116093 0.0121887 0.0230783 0.00574434 
Throughputs: 3.9977 3.81747 4.03046 4.34176 4.9152 4.14515 4.30899 3.80109 4.93158 4.4073 4.66944 5.17734 3.75194 3.55533 5.0135 3.80109 3.73555 4.14515 4.89882 5.07904 4.86605 5.0135 4.99712 3.91578 4.78413 5.17734 4.35814 3.39149 3.14573 4.52198 
Utility: 5.61542 5.45071 5.96752 5.42325 6.20549 5.71281 5.42715 6.23899 5.73889 5.93 5.75861 5.6782 5.12373 5.39343 5.90324 6.07454 6.22964 6.00824 5.81331 6.26644 6.14169 5.31393 6.50704 6.10554 6.25745 5.96777 5.92799 5.62852 4.91491 6.66849 

--------------------------------------
Time: 34.5031
Split Ratios: 0.024 0.976 0.835 0.115 0.049 1 0.266 0.189 0.545 0.215 0.785 0.658 0.342 1 1 0.142 0.493 0.231 0.133 1 1 0.719 0.281 0.701 0.299 1 0.099 0.901 1 1 1 1 0.548 0.452 1 0.012 0.967 0.02 1 1 0.848 0.152 0.988 0.012 1 0.097 0.03 0.873 0.365 0.635 1 
Delays: 0.0145402 0.0164673 0.0103477 0.0191888 0.0100828 0.0138085 0.019089 0.00744692 0.0156643 0.0116482 0.0146974 0.0176214 0.0216258 0.0161101 0.0136532 0.00876192 0.00738746 0.0103077 0.0146477 0.00953105 0.0104481 0.0247293 0.00744052 0.00871705 0.00911075 0.0132771 0.0115849 0.0122615 0.0225319 0.00575457 
Throughputs: 4.71859 3.81747 4.07962 4.39091 4.57114 4.53837 4.39091 3.62086 4.75136 3.93216 4.37453 5.19373 4.27622 3.47341 5.11181 4.096 3.76832 4.55475 4.58752 5.02989 4.73498 4.86605 5.11181 3.73555 4.42368 4.86605 4.55475 3.70278 3.16211 4.30899 
Utility: 5.78235 5.44597 5.97699 5.43297 6.11668 5.79504 5.43818 6.18667 5.7148 5.82179 5.69588 5.68609 5.28694 5.37344 5.92534 6.14735 6.2346 6.09104 5.74681 6.2686 6.11631 5.28205 6.53237 6.06037 6.18527 5.904 5.97422 5.71038 4.94407 6.61846 

--------------------------------------
Time: 35.0033
Split Ratios: 0.024 0.976 0.835 0.115 0.049 1 0.266 0.189 0.545 0.215 0.785 0.658 0.342 1 1 0.142 0.493 0.231 0.133 1 1 0.719 0.281 0.701 0.299 1 0.099 0.901 1 1 1 1 0.548 0.452 1 0.012 0.967 0.02 1 1 0.848 0.152 0.988 0.012 1 0.097 0.03 0.873 0.365 0.635 1 
Delays: 0.0144993 0.0163615 0.0103682 0.0193861 0.00988823 0.0137312 0.0190028 0.00737406 0.0155954 0.0116647 0.0147185 0.0176618 0.0210988 0.0162206 0.0137039 0.00879176 0.00738308 0.0102592 0.0146481 0.0095125 0.0103732 0.0248185 0.00742482 0.00871718 0.00920657 0.0132089 0.0116501 0.0122744 0.0228216 0.00574654 
Throughputs: 4.30899 3.39149 3.5881 5.0135 4.35814 4.4073 4.07962 3.60448 4.94797 4.8169 4.53837 5.16096 4.04685 3.40787 4.98074 3.71917 3.70278 4.35814 4.83328 4.99712 3.81747 5.14458 5.16096 3.50618 5.34118 4.71859 4.8169 3.48979 3.16211 4.34176 
Utility: 5.69436 5.3341 5.84664 5.55534 6.08846 5.77135 5.36917 6.19196 5.75976 6.02332 5.73122 5.67747 5.25648 5.34756 5.89565 6.04744 6.21765 6.05163 5.79897 6.26401 5.90812 5.33411 6.54405 5.99699 6.36329 5.87837 6.02457 5.65008 4.93129 6.62744 

--------------------------------------
Time: 35.5035
Split Ratios: 0.024 0.976 0.835 0.115 0.049 1 0.266 0.189 0.545 0.215 0.785 0.658 0.342 1 1 0.142 0.493 0.231 0.133 1 1 0.719 0.281 0.701 0.299 1 0.099 0.901 1 1 1 1 0.548 0.452 1 0.012 0.967 0.02 1 1 0.848 0.152 0.988 0.012 1 0.097 0.03 0.873 0.365 0.635 1 
Delays: 0.0145363 0.0163711 0.0103469 0.0195326 0.00998916 0.0136535 0.0190965 0.00743241 0.0158718 0.0115916 0.0147144 0.0178462 0.0216031 0.0160289 0.0137179 0.00890272 0.00745627 0.0102703 0.014629 0.00957091 0.0103961 0.0247744 0.00740721 0.00874974 0.00911379 0.013331 0.0117537 0.0121249 0.0227667 0.00574705 
Throughputs: 4.1943 3.57171 3.94854 5.12819 4.5056 3.5881 4.17792 3.60448 4.45645 3.88301 4.58752 4.99712 4.35814 3.83386 5.04627 3.93216 3.67002 4.4073 5.27565 4.73498 4.83328 4.62029 5.09542 3.67002 4.84966 5.40672 5.40672 3.16211 3.2768 4.4073 
Utility: 5.66483 5.38528 5.94442 5.57042 6.11158 5.57138 5.38806 6.18408 5.63756 5.81408 5.74227 5.63483 5.30697 5.47723 5.90771 6.09059 6.1989 6.06176 5.88785 6.204 6.14185 5.2284 6.53364 6.03893 6.27688 6.00531 6.13123 5.56374 4.96932 6.64233 

--------------------------------------
Time: 36.0036
Split Ratios: 0.024 0.976 0.835 0.115 0.049 1 0.266 0.189 0.545 0.215 0.785 0.658 0.342 1 1 0.142 0.493 0.231 0.133 1 1 0.719 0.281 0.701 0.299 1 0.099 0.901 1 1 1 1 0.548 0.452 1 0.012 0.967 0.02 1 1 0.848 0.152 0.988 0.012 1 0.097 0.03 0.873 0.365 0.635 1 
Delays: 0.0144681 0.0163716 0.0103301 0.0192794 0.00992736 0.013998 0.0189302 0.00737406 0.0155643 0.0117889 0.0145973 0.0179784 0.0210085 0.0161485 0.0139177 0.00880995 0.00742623 0.0102833 0.0147198 0.00954664 0.0104251 0.0247018 0.00743743 0.00871568 0.00919606 0.01322 0.0117296 0.0122094 0.0226398 0.005755 
Throughputs: 4.45645 3.89939 4.096 4.63667 4.4073 4.17792 4.04685 3.62086 4.70221 4.73498 4.17792 5.19373 3.7847 3.32595 5.29203 4.14515 4.06323 3.88301 4.55475 4.48922 4.58752 4.99712 4.93158 3.48979 4.96435 5.40672 5.17734 3.45702 3.32595 4.66944 
Utility: 5.73016 5.47303 5.9827 5.48272 6.09572 5.69865 5.36493 6.1965 5.71081 5.99558 5.65673 5.66603 5.1938 5.32768 5.94079 6.15381 6.30472 5.93384 5.73473 6.15324 6.08688 5.30974 6.49689 5.99247 6.29126 6.01367 6.08994 5.64595 4.9898 6.69873 

