--------------------------------------
Time: 5.50022
Split Ratios: 1 1 1 1 1 1 1 1 1 1 
Delays: 0.0100252 0.0128801 0.0043548 0.0085713 0.0128563 0.0114443 0.00720596 0.0100242 0.00721312 0.0114257 
Throughputs: 1.90054 3.47341 2.99827 3.6864 3.26042 1.5401 2.91635 2.67059 3.50618 2.63782 
Utility: 5.2448 5.5972 6.53451 6.06399 5.53578 4.90211 6.00318 5.58506 6.18638 5.44185 

--------------------------------------
Time: 6.00031
Split Ratios: 1 1 1 1 1 1 1 1 1 1 
Delays: 0.0100033 0.012903 0.00437349 0.00858793 0.0128918 0.0114427 0.0071912 0.0100181 0.00721926 0.011384 
Throughputs: 2.11354 3.47341 2.65421 4.04685 3.50618 1.80224 2.32653 2.81805 3.94854 2.1463 
Utility: 5.3532 5.59543 6.40834 6.15534 5.60569 5.05944 5.77927 5.63941 6.30435 5.23929 

--------------------------------------
Time: 6.50053
Split Ratios: 1 1 1 1 1 1 1 1 1 1 
Delays: 0.010003 0.0128619 0.00437208 0.00858387 0.0128543 0.0114413 0.00719681 0.010047 0.00723545 0.0114077 
Throughputs: 1.72032 3.67002 3.21126 3.45702 3.39149 1.99885 2.47398 3.03104 3.73555 2.44122 
Utility: 5.14738 5.65368 6.59918 5.99828 5.57534 5.1631 5.83995 5.70939 6.24666 5.36597 

--------------------------------------
Time: 7.00063
Split Ratios: 1 1 1 1 1 1 1 1 1 1 
Delays: 0.0100341 0.012868 0.0043616 0.00858078 0.0128981 0.0114714 0.00719086 0.0100472 0.0072205 0.0114057 
Throughputs: 1.78586 3.88301 2.57229 3.2768 3.6864 1.99885 2.3593 3.12934 3.7847 2.88358 
Utility: 5.18166 5.70962 6.37971 5.9451 5.65533 5.16047 5.79331 5.74128 6.2618 5.53267 

--------------------------------------
Time: 7.50076
Split Ratios: 1 1 1 1 1 1 1 1 1 1 
Delays: 0.0100399 0.012903 0.00434202 0.00858912 0.0128722 0.0114587 0.00716263 0.0100194 0.00721606 0.0113931 
Throughputs: 2.06438 3.93216 2.71974 3.75194 3.67002 2.01523 2.21184 2.65421 3.48979 2.22822 
Utility: 5.32602 5.71948 6.43995 6.07953 5.65288 5.16974 5.7327 5.57938 6.18129 5.27595 

--------------------------------------
Time: 8.00102
Split Ratios: 1 1 1 1 1 1 1 1 1 1 
Delays: 0.0100412 0.0128638 0.00439305 0.00857114 0.0128517 0.011437 0.00719543 0.0100162 0.00721823 0.0114006 
Throughputs: 1.99885 3.76832 3.01466 3.53894 2.91635 1.91693 2.47398 2.67059 3.93216 2.60506 
Utility: 5.29363 5.67996 6.53122 6.02318 5.42461 5.12162 5.84014 5.58586 6.30033 5.43155 

--------------------------------------
Time: 8.50104
Split Ratios: 1 1 1 1 1 1 1 1 1 1 
Delays: 0.0100024 0.0128628 0.00437586 0.00855321 0.0128613 0.0114525 0.00718128 0.0100352 0.00720379 0.0114008 
Throughputs: 2.11354 3.63725 2.83443 3.34234 3.1785 2.12992 2.57229 2.71974 3.55533 2.27738 
Utility: 5.35329 5.64464 6.47349 5.96812 5.50994 5.22563 5.88107 5.6022 6.20159 5.2971 

--------------------------------------
Time: 9.00131
Split Ratios: 1 1 1 1 1 1 1 1 1 1 
Delays: 0.0100391 0.0128971 0.00437971 0.00857553 0.0128631 0.0114569 0.00717267 0.0100072 0.00721771 0.011415 
Throughputs: 1.98246 4.17792 2.62144 3.73555 3.67002 2.12992 2.22822 2.70336 3.42426 2.37568 
Utility: 5.28561 5.78057 6.3945 6.07674 5.65359 5.22524 5.73868 5.59894 6.1621 5.33811 

--------------------------------------
Time: 9.50132
Split Ratios: 1 1 1 1 1 1 1 1 1 1 
Delays: 0.0100374 0.0128745 0.00439185 0.00857435 0.0128687 0.0114726 0.00717012 0.0100257 0.0072101 0.0114227 
Throughputs: 2.09715 3.73555 3.26042 3.93216 3.52256 2.03162 2.29376 2.71974 3.52256 2.29376 
Utility: 5.34201 5.6704 6.60986 6.12817 5.61214 5.17663 5.76802 5.60314 6.19146 5.30235 

--------------------------------------
Time: 10.0014
Split Ratios: 1 1 1 1 1 1 1 1 1 1 
Delays: 0.0100317 0.0128719 0.00433203 0.00857489 0.0128678 0.0114399 0.00718943 0.0100099 0.00720517 0.0113936 
Throughputs: 1.99885 3.70278 2.73613 3.62086 3.34234 1.91693 2.58867 2.8672 3.2768 2.31014 
Utility: 5.29458 5.66179 6.44826 6.04563 5.55969 5.12137 5.88629 5.65752 6.11982 5.31201 

--------------------------------------
Time: 10.5014
Split Ratios: 1 1 1 1 1 1 1 1 1 1 
Delays: 0.010024 0.0128767 0.00437496 0.00859975 0.0129263 0.0114296 0.00721321 0.010019 0.00722166 0.0114056 
Throughputs: 1.99885 3.40787 2.63782 3.7847 3.76832 1.96608 2.65421 2.39206 3.85024 2.53952 
Utility: 5.29534 5.57842 6.40181 6.08699 5.67512 5.14759 5.90799 5.47542 6.27881 5.40563 

--------------------------------------
Time: 11.0022
Split Ratios: 1 1 1 1 1 1 1 1 1 1 
Delays: 0.0100459 0.0128794 0.00437597 0.00856527 0.0128592 0.0114343 0.00718884 0.0100358 0.00720779 0.0113844 
Throughputs: 2.01523 3.55533 2.83443 3.88301 3.55533 1.75309 2.94912 2.75251 3.39149 2.47398 
Utility: 5.30132 5.62057 6.47347 6.11665 5.62215 5.03252 6.01673 5.61411 6.15386 5.38134 

--------------------------------------
Time: 11.5023
Split Ratios: 1 1 1 1 1 1 1 1 1 1 
Delays: 0.0100693 0.0129043 0.00440882 0.00858717 0.0128992 0.0114361 0.00718194 0.00999795 0.00722496 0.0114068 
Throughputs: 2.24461 3.93216 3.06381 3.60448 3.53894 2.19546 2.39206 2.60506 3.53894 2.58867 
Utility: 5.40679 5.71938 6.54381 6.03966 5.61442 5.25737 5.80834 5.56283 6.19404 5.42469 

--------------------------------------
Time: 12.0024
Split Ratios: 1 1 1 1 1 1 1 1 1 1 
Delays: 0.0100245 0.0128643 0.00435752 0.00858049 0.0128778 0.0114466 0.00716606 0.0100378 0.00720363 0.011391 
Throughputs: 1.98246 3.67002 2.88358 3.53894 3.71917 2.09715 2.71974 2.85082 3.70278 2.4576 
Utility: 5.28706 5.65349 6.49489 6.02209 5.66575 5.21064 5.93894 5.649 6.24225 5.37411 

--------------------------------------
Time: 12.5031
Split Ratios: 1 1 1 1 1 1 1 1 1 1 
Delays: 0.0100156 0.0128685 0.00437156 0.00857525 0.0128762 0.011456 0.00718674 0.010033 0.00720918 0.0114095 
Throughputs: 2.27738 3.34234 3.01466 4.096 3.65363 1.88416 2.21184 2.58867 3.60448 2.63782 
Utility: 5.42663 5.55964 6.53612 6.16889 5.6481 5.10273 5.72934 5.55302 6.21458 5.44326 

--------------------------------------
Time: 13.0034
Split Ratios: 1 1 1 1 1 1 1 1 1 1 
Delays: 0.0100607 0.012885 0.0043475 0.00857574 0.0128889 0.0114588 0.00719718 0.010056 0.00720432 0.0113971 
Throughputs: 1.98246 3.91578 2.9655 3.83386 3.70278 2.09715 2.58867 2.83443 3.47341 2.29376 
Utility: 5.28346 5.7167 6.5252 6.10269 5.66047 5.20958 5.88521 5.64143 6.17821 5.30459 

--------------------------------------
Time: 13.5036
Split Ratios: 1 1 1 1 1 1 1 1 1 1 
Delays: 0.0100348 0.0129006 0.00434684 0.00857097 0.0128592 0.0114638 0.00716292 0.010005 0.00720234 0.0113932 
Throughputs: 1.9497 3.50618 3.16211 3.29318 2.94912 1.98246 2.3593 2.63782 3.76832 2.39206 
Utility: 5.26937 5.60501 6.58955 5.95123 5.4352 5.1529 5.7972 5.57463 6.25998 5.34689 

--------------------------------------
Time: 14.0036
Split Ratios: 1 1 1 1 1 1 1 1 1 1 
Delays: 0.0100441 0.0129011 0.00433011 0.00857627 0.0128783 0.0114493 0.00720717 0.0100153 0.00720709 0.0114074 
Throughputs: 1.9497 3.9977 2.58867 3.81747 3.60448 2.12992 2.5559 2.68698 3.67002 2.16269 
Utility: 5.26845 5.73616 6.39331 6.09834 5.63439 5.22592 5.87108 5.59206 6.23289 5.24485 

--------------------------------------
Time: 14.5038
Split Ratios: 1 1 1 1 1 1 1 1 1 1 
Delays: 0.0100155 0.012852 0.00434598 0.00855639 0.0128647 0.0114503 0.00716563 0.0100407 0.00720853 0.0113872 
Throughputs: 1.52371 3.42426 2.93274 3.16211 3.55533 2.19546 2.73613 2.63782 3.45702 2.17907 
Utility: 5.02477 5.58514 6.51444 5.91232 5.62171 5.25613 5.945 5.57107 6.1729 5.25416 

--------------------------------------
Time: 15.004
Split Ratios: 1 1 1 1 1 1 1 1 1 1 
Delays: 0.010004 0.0128704 0.00439795 0.00856739 0.0128697 0.0114636 0.00720092 0.0100428 0.00727733 0.0114083 
Throughputs: 2.24461 3.52256 2.89997 3.73555 3.53894 1.76947 2.67059 2.50675 3.70278 2.49037 
Utility: 5.4133 5.61202 6.49132 6.07769 5.61671 5.03926 5.91585 5.51989 6.23208 5.38584 

--------------------------------------
Time: 15.5048
Split Ratios: 1 1 1 1 1 1 1 1 1 1 
Delays: 0.0100693 0.0129106 0.00434116 0.00857114 0.0128769 0.0114423 0.00720686 0.010044 0.00719897 0.0114076 
Throughputs: 2.26099 3.6864 2.93274 3.44064 3.32595 2.06438 2.44122 3.04742 4.096 2.44122 
Utility: 5.41407 5.65436 6.51555 5.99501 5.55407 5.19527 5.82522 5.71508 6.34383 5.36597 

--------------------------------------
Time: 16.0052
Split Ratios: 1 1 1 1 1 1 1 1 1 1 
Delays: 0.0100209 0.0128576 0.00434263 0.00857805 0.0128737 0.0114403 0.00716632 0.0100333 0.00722932 0.0113846 
Throughputs: 1.85139 3.70278 2.52314 3.44064 3.5881 1.91693 2.83443 2.98189 3.81747 2.22822 
Utility: 5.21902 5.66291 6.36478 5.99421 5.63019 5.12133 5.9802 5.6944 6.2692 5.2767 

--------------------------------------
Time: 16.5055
Split Ratios: 1 1 1 1 1 1 1 1 1 1 
Delays: 0.0100443 0.0128723 0.0043938 0.00859805 0.0128717 0.011439 0.00716446 0.0100076 0.00722823 0.0113918 
Throughputs: 2.17907 4.096 2.94912 3.65363 3.52256 1.96608 2.32653 2.67059 3.6864 2.62144 
Utility: 5.37965 5.76269 6.50907 6.05194 5.61191 5.14677 5.783 5.58671 6.23441 5.43859 

--------------------------------------
Time: 17.0055
Split Ratios: 1 1 1 1 1 1 1 1 1 1 
Delays: 0.0100451 0.0129008 0.00440103 0.0085712 0.0128821 0.0114625 0.00718242 0.0100491 0.007237 0.0113946 
Throughputs: 2.06438 3.88301 3.01466 3.24403 3.5881 2.08077 2.62144 3.12934 3.6864 2.47398 
Utility: 5.3255 5.70708 6.5294 5.93616 5.62954 5.20141 5.89984 5.74109 6.2332 5.38045 

--------------------------------------
Time: 17.5063
Split Ratios: 1 1 1 1 1 1 1 1 1 1 
Delays: 0.0100274 0.012873 0.00437989 0.00857546 0.0128992 0.011437 0.00714843 0.0100112 0.00720712 0.0113917 
Throughputs: 1.72032 3.45702 2.9655 3.55533 3.86662 1.88416 2.34291 2.70336 3.60448 2.17907 
Utility: 5.14494 5.59303 6.51778 6.0273 5.70297 5.10438 5.79226 5.59855 6.21486 5.25377 

--------------------------------------
Time: 18.0065
Split Ratios: 1 1 1 1 1 1 1 1 1 1 
Delays: 0.0100504 0.0128725 0.00435295 0.00856256 0.0129012 0.0114606 0.00716731 0.0100163 0.00721662 0.0114079 
Throughputs: 2.11354 3.85024 2.58867 3.1785 3.89939 1.85139 2.44122 2.91635 3.80109 2.4576 
Utility: 5.3485 5.7008 6.38805 5.91676 5.71126 5.08478 5.83072 5.67387 6.26666 5.37263 

--------------------------------------
Time: 18.5067
Split Ratios: 1 1 1 1 1 1 1 1 1 1 
Delays: 0.0100157 0.0128904 0.004343 0.00857604 0.0128536 0.0114374 0.00717059 0.0100137 0.00721301 0.0113971 
Throughputs: 2.21184 4.06323 3.14573 3.47341 3.45702 1.88416 2.24461 2.65421 3.60448 2.22822 
Utility: 5.39743 5.75325 6.58524 6.00392 5.59454 5.10435 5.7463 5.57995 6.21405 5.2756 

--------------------------------------
Time: 19.0069
Split Ratios: 1 1 1 1 1 1 1 1 1 1 
Delays: 0.0100257 0.0128719 0.0043159 0.00857579 0.012893 0.0114456 0.00720265 0.0100221 0.00719226 0.0113984 
Throughputs: 2.03162 3.85024 2.83443 3.53894 3.75194 2.048 2.47398 2.53952 3.75194 2.11354 
Utility: 5.31144 5.70084 6.48729 6.02264 5.67334 5.18702 5.83914 5.53494 6.25702 5.22265 

--------------------------------------
Time: 19.507
Split Ratios: 1 1 1 1 1 1 1 1 1 1 
Delays: 0.0100066 0.0128712 0.00442248 0.00856935 0.0128606 0.0114617 0.00720589 0.0100542 0.00719738 0.0113911 
Throughputs: 2.12992 3.70278 3.32595 3.85024 3.40787 1.80224 2.8672 2.70336 3.47341 2.42483 
Utility: 5.36059 5.66185 6.62281 6.1077 5.57968 5.05777 5.98619 5.59426 6.17917 5.36068 

--------------------------------------
Time: 20.007
Split Ratios: 1 1 1 1 1 1 1 1 1 1 
Delays: 0.0100472 0.0128861 0.0044003 0.00858155 0.0128765 0.0114435 0.00719237 0.0100163 0.00723294 0.0113937 
Throughputs: 2.03162 3.94854 2.91635 3.48979 3.50618 2.26099 2.63782 2.8672 4.04685 2.39206 
Utility: 5.30929 5.72496 6.49642 6.00798 5.60688 5.28614 5.90469 5.65688 6.32705 5.34686 

--------------------------------------
Time: 20.5072
Split Ratios: 1 1 1 1 1 1 1 1 1 1 
Delays: 0.010032 0.0128667 0.00438529 0.00858038 0.0128553 0.0114543 0.00717652 0.0100078 0.00719607 0.0114158 
Throughputs: 1.91693 3.40787 2.88358 3.52256 3.34234 1.98246 2.52314 2.68698 3.9977 2.58867 
Utility: 5.2527 5.5792 6.48853 6.01746 5.56067 5.15373 5.86244 5.59281 6.31994 5.4239 

--------------------------------------
Time: 21.0074
Split Ratios: 1 1 1 1 1 1 1 1 1 1 
Delays: 0.010029 0.0128884 0.00435731 0.00856767 0.0128578 0.0114569 0.00718104 0.0100238 0.00717999 0.0114013 
Throughputs: 1.96608 3.91578 2.4576 3.29318 3.71917 2.3593 2.26099 2.39206 3.70278 2.47398 
Utility: 5.27831 5.71644 6.33509 5.95161 5.66731 5.32753 5.75212 5.47495 6.24554 5.37985 

--------------------------------------
Time: 21.5081
Split Ratios: 1 1 1 1 1 1 1 1 1 1 
Delays: 0.0100707 0.0129201 0.00436557 0.00855044 0.012861 0.011431 0.00718499 0.0100376 0.00719452 0.0113961 
Throughputs: 2.27738 3.88301 2.94912 3.1785 3.22765 2.03162 2.49037 2.68698 3.88301 2.08077 
Utility: 5.42115 5.70558 6.51551 5.91818 5.52531 5.18026 5.84819 5.58983 6.29105 5.20722 

--------------------------------------
Time: 22.0081
Split Ratios: 1 1 1 1 1 1 1 1 1 1 
Delays: 0.0100488 0.0128976 0.00435069 0.00859243 0.0128876 0.0114749 0.00719181 0.0100157 0.00722005 0.0114142 
Throughputs: 2.26099 3.6864 3.09658 3.5881 3.75194 1.93331 2.34291 2.71974 3.71917 2.27738 
Utility: 5.4161 5.65537 6.56772 6.0345 5.67376 5.12683 5.78621 5.60414 6.24439 5.29592 

--------------------------------------
Time: 22.5082
Split Ratios: 1 1 1 1 1 1 1 1 1 1 
Delays: 0.0100569 0.0129126 0.00438111 0.00858762 0.0128617 0.0114084 0.00719542 0.0100312 0.00723539 0.0114042 
Throughputs: 2.11354 3.83386 2.67059 3.63725 3.57171 1.98246 2.40845 2.49037 3.81747 2.73613 
Utility: 5.34785 5.69342 6.41275 6.04866 5.62654 5.15775 5.81329 5.51449 6.26836 5.48032 

--------------------------------------
Time: 23.0085
Split Ratios: 1 1 1 1 1 1 1 1 1 1 
Delays: 0.0100371 0.0129139 0.00438378 0.00857638 0.0128898 0.0114521 0.00721188 0.0100365 0.00720965 0.0114087 
Throughputs: 1.80224 4.21069 2.75251 3.12934 3.62086 1.98246 2.49037 2.57229 3.67002 2.32653 
Utility: 5.1905 5.78708 6.44236 5.89957 5.63803 5.15392 5.84446 5.54633 6.23253 5.31776 

--------------------------------------
Time: 23.5085
Split Ratios: 1 1 1 1 1 1 1 1 1 1 
Delays: 0.010066 0.0128912 0.00436408 0.00854952 0.012891 0.0114176 0.00717093 0.010009 0.00723099 0.0114046 
Throughputs: 2.06438 4.01408 2.81805 3.39149 3.63725 1.91693 2.39206 2.89997 3.71917 2.40845 
Utility: 5.32343 5.74102 6.47039 5.98315 5.64246 5.12332 5.80988 5.66897 6.24288 5.35272 

--------------------------------------
Time: 24.0087
Split Ratios: 1 1 1 1 1 1 1 1 1 1 
Delays: 0.0100317 0.0129298 0.00437143 0.00856731 0.0128757 0.0114798 0.0071574 0.0100292 0.0072023 0.0114066 
Throughputs: 1.85139 3.67002 3.16211 3.22765 3.48979 2.08077 2.53952 2.94912 3.62086 2.34291 
Utility: 5.21795 5.64841 6.58391 5.93155 5.60226 5.1999 5.87158 5.68376 6.22007 5.32496 

--------------------------------------
Time: 24.5087
Split Ratios: 1 1 1 1 1 1 1 1 1 1 
Delays: 0.010035 0.0128746 0.00435217 0.00857197 0.012862 0.011453 0.00717147 0.0100021 0.00718104 0.0114198 
Throughputs: 1.98246 3.85024 2.53952 3.34234 3.1785 1.70394 2.3593 2.57229 3.85024 2.44122 
Utility: 5.28602 5.70064 6.36906 5.96593 5.50989 5.00245 5.79601 5.54976 6.28445 5.3649 

--------------------------------------
Time: 25.0091
Split Ratios: 1 1 1 1 1 1 1 1 1 1 
Delays: 0.0100594 0.0128855 0.00435287 0.00857276 0.0128782 0.0114452 0.00717469 0.0100029 0.00721732 0.0113939 
Throughputs: 2.27738 3.7847 2.60506 3.80109 3.93216 1.85139 2.52314 2.62144 3.91578 2.21184 
Utility: 5.42227 5.68262 6.39437 6.09445 5.7214 5.08612 5.8627 5.5686 6.29628 5.2685 

--------------------------------------
Time: 25.5092
Split Ratios: 1 1 1 1 1 1 1 1 1 1 
Delays: 0.0100443 0.0128767 0.00435482 0.00858145 0.012877 0.0114493 0.00719439 0.0100358 0.00722821 0.0113988 
Throughputs: 1.85139 3.70278 2.52314 3.60448 3.70278 2.01523 2.73613 2.58867 3.53894 2.29376 
Utility: 5.21669 5.66142 6.36197 6.04033 5.6614 5.17056 5.941 5.55274 6.19359 5.30444 

--------------------------------------
Time: 26.0094
Split Ratios: 1 1 1 1 1 1 1 1 1 1 
Delays: 0.0100419 0.0128664 0.00437236 0.00857331 0.0128616 0.0114474 0.00716861 0.0100189 0.00720102 0.0114057 
Throughputs: 2.09715 4.12877 2.8672 3.6864 3.24403 2.09715 2.81805 2.58867 3.67002 2.32653 
Utility: 5.34157 5.77111 6.48579 6.06375 5.53032 5.21058 5.97409 5.55443 6.23373 5.31802 

--------------------------------------
Time: 26.5095
Split Ratios: 1 1 1 1 1 1 1 1 1 1 
Delays: 0.0100197 0.0128634 0.00438987 0.00857904 0.0128907 0.0114739 0.00718107 0.0100322 0.00719435 0.0113898 
Throughputs: 2.06438 3.80109 2.71974 3.81747 3.40787 1.88416 2.53952 2.50675 3.45702 2.44122 
Utility: 5.32803 5.68866 6.42899 6.09802 5.57734 5.10116 5.86828 5.52095 6.17487 5.36754 

--------------------------------------
Time: 27.0098
Split Ratios: 1 1 1 1 1 1 1 1 1 1 
Delays: 0.0100384 0.0128824 0.00435126 0.00858734 0.012871 0.0114268 0.00721161 0.0100259 0.007203 0.0114137 
Throughputs: 2.53952 3.44064 2.57229 3.83386 3.09658 1.80224 2.49037 2.62144 3.60448 2.24461 
Utility: 5.53331 5.58755 6.38208 6.10134 5.48307 5.06083 5.84449 5.5663 6.21543 5.28147 

--------------------------------------
Time: 27.51
Split Ratios: 1 1 1 1 1 1 1 1 1 1 
Delays: 0.0100178 0.0128744 0.00436538 0.00858208 0.0128778 0.0114623 0.00715823 0.0100176 0.00718852 0.0114267 
Throughputs: 2.16269 4.07962 2.99827 3.34234 3.65363 1.91693 2.53952 2.67059 3.62086 2.52314 
Utility: 5.37475 5.75851 6.53209 5.96475 5.64797 5.11942 5.87147 5.58571 6.22198 5.39731 

--------------------------------------
Time: 28.0103
Split Ratios: 1 1 1 1 1 1 1 1 1 1 
Delays: 0.0100061 0.0129056 0.00437142 0.00857323 0.0128706 0.011469 0.00719462 0.0100584 0.00720822 0.0113863 
Throughputs: 2.17907 3.80109 2.78528 3.50618 3.60448 2.16269 2.65421 2.5559 3.45702 2.50675 
Utility: 5.38346 5.68538 6.45702 6.01364 5.63499 5.23946 5.91057 5.53775 6.17294 5.39433 

--------------------------------------
Time: 28.5106
Split Ratios: 1 1 1 1 1 1 1 1 1 1 
Delays: 0.0100476 0.0128824 0.00433764 0.00858095 0.012891 0.0114321 0.00715825 0.0100044 0.00721612 0.0114088 
Throughputs: 2.22822 3.5881 2.73613 3.60448 3.1785 2.11354 2.24461 2.3593 3.93216 2.88358 
Utility: 5.40163 5.62952 6.44697 6.04039 5.50764 5.21969 5.74802 5.46309 6.30063 5.53241 

--------------------------------------
Time: 29.0111
Split Ratios: 1 1 1 1 1 1 1 1 1 1 
Delays: 0.0100316 0.0128635 0.00440372 0.00859718 0.0128608 0.0114618 0.00718862 0.0100392 0.00722087 0.0113867 
Throughputs: 1.96608 3.19488 3.45702 3.70278 3.3751 1.90054 2.52314 2.52314 3.57171 2.42483 
Utility: 5.27806 5.51491 6.66571 6.06541 5.57 5.11087 5.86076 5.52676 6.20383 5.36107 

--------------------------------------
Time: 29.5113
Split Ratios: 1 1 1 1 1 1 1 1 1 1 
Delays: 0.0100013 0.0128958 0.00437832 0.00859723 0.0129017 0.011479 0.00720759 0.0100451 0.00718542 0.0113958 
Throughputs: 2.09715 4.25984 2.73613 3.85024 3.83386 2.24461 2.29376 2.62144 3.47341 2.3593 
Utility: 5.34562 5.80009 6.43763 6.10445 5.69427 5.27577 5.76281 5.5644 6.18084 5.33287 

--------------------------------------
Time: 30.0121
Split Ratios: 1 1 1 1 1 1 1 1 1 1 
Delays: 0.0100428 0.0129031 0.00438142 0.00857744 0.0128665 0.0114541 0.00717629 0.0100466 0.00724565 0.0113901 
Throughputs: 1.91693 3.57171 2.99827 3.52256 3.39149 2.11354 2.71974 2.73613 3.86662 2.24461 
Utility: 5.25162 5.62333 6.52842 6.01781 5.57439 5.21777 5.93751 5.60706 6.27974 5.28354 

--------------------------------------
Time: 30.5121
Split Ratios: 1 1 1 1 1 1 1 1 1 1 
Delays: 0.0100506 0.0128823 0.00433689 0.00856776 0.0128433 0.0114431 0.00720365 0.0100585 0.00720093 0.011396 
Throughputs: 2.1463 3.80109 2.85082 3.26042 3.09658 2.03162 2.50675 2.8672 3.65363 2.49037 
Utility: 5.36387 5.68719 6.4882 5.9416 5.48523 5.1792 5.85216 5.65267 6.22927 5.38692 

--------------------------------------
Time: 31.0129
Split Ratios: 1 1 1 1 1 1 1 1 1 1 
Delays: 0.0100318 0.0128698 0.00435569 0.00856767 0.0128771 0.0114403 0.0071976 0.0100253 0.00720726 0.0114122 
Throughputs: 1.98246 3.63725 2.99827 3.76832 3.29318 1.99885 2.5559 3.03104 3.63725 2.7689 
Utility: 5.28634 5.6441 6.53431 6.08639 5.54416 5.16318 5.87241 5.71155 6.22389 5.49152 

--------------------------------------
Time: 31.513
Split Ratios: 1 1 1 1 1 1 1 1 1 1 
Delays: 0.0100229 0.0128774 0.00435289 0.00858275 0.0128679 0.0114467 0.0071938 0.0100362 0.00722231 0.0114003 
Throughputs: 1.96608 3.71917 2.98189 3.89939 3.65363 1.78586 2.63782 2.22822 3.6864 2.40845 
Utility: 5.27892 5.66578 6.52947 6.11882 5.64874 5.04995 5.90449 5.40276 6.23523 5.3531 

--------------------------------------
Time: 32.0132
Split Ratios: 1 1 1 1 1 1 1 1 1 1 
Delays: 0.0100285 0.0128729 0.00438414 0.00857288 0.0128746 0.0114569 0.00717689 0.0100419 0.00723695 0.0113967 
Throughputs: 2.08077 3.34234 3.16211 3.83386 3.30957 1.81862 2.71974 2.52314 3.81747 2.52314 
Utility: 5.33506 5.5593 6.581 6.10302 5.54932 5.06724 5.93743 5.52649 6.26814 5.39993 

--------------------------------------
Time: 32.5134
Split Ratios: 1 1 1 1 1 1 1 1 1 1 
Delays: 0.0100404 0.0128883 0.00436901 0.00857836 0.0128783 0.0114458 0.00718568 0.0100221 0.00720184 0.0114249 
Throughputs: 2.11354 3.81747 2.85082 3.44064 3.62086 2.03162 2.70336 2.67059 3.81747 2.08077 
Utility: 5.3495 5.69102 6.48082 5.99417 5.63893 5.17897 5.93016 5.58527 6.27301 5.2047 

--------------------------------------
Time: 33.0137
Split Ratios: 1 1 1 1 1 1 1 1 1 1 
Delays: 0.0100443 0.0129109 0.00440184 0.00857397 0.0128602 0.0114276 0.00718363 0.0100461 0.00723083 0.0113937 
Throughputs: 2.08077 3.60448 2.94912 3.80109 3.71917 1.75309 2.47398 2.80166 3.5881 2.3593 
Utility: 5.33349 5.63186 6.50724 6.09431 5.66712 5.0331 5.84178 5.63078 6.20702 5.33305 

--------------------------------------
Time: 33.514
Split Ratios: 1 1 1 1 1 1 1 1 1 1 
Delays: 0.0100177 0.0129094 0.00435363 0.00857386 0.0128606 0.0114354 0.00718387 0.0100211 0.00720441 0.0113955 
Throughputs: 1.9497 3.89939 2.88358 3.63725 3.60448 1.9497 2.71974 2.85082 3.52256 2.63782 
Utility: 5.27107 5.71062 6.49578 6.05026 5.63577 5.13872 5.93646 5.65067 6.19225 5.44449 

--------------------------------------
Time: 34.0148
Split Ratios: 1 1 1 1 1 1 1 1 1 1 
Delays: 0.0100296 0.0128819 0.00441978 0.00855055 0.0128808 0.0114598 0.00718768 0.0100626 0.00723741 0.0113844 
Throughputs: 1.93331 3.6864 2.63782 3.5881 3.65363 1.80224 2.94912 2.68698 3.5881 2.08077 
Utility: 5.26145 5.65658 6.39162 6.03938 5.64774 5.05794 6.01689 5.58734 6.20611 5.20825 

--------------------------------------
Time: 34.5151
Split Ratios: 1 1 1 1 1 1 1 1 1 1 
Delays: 0.010022 0.0128739 0.0043454 0.00856663 0.0128713 0.0114774 0.00717707 0.010002 0.00724416 0.0114144 
Throughputs: 2.21184 3.83386 2.58867 3.5881 3.63725 1.93331 2.60506 2.63782 3.65363 2.4576 
Utility: 5.3968 5.69642 6.38978 6.0375 5.64398 5.12661 5.89432 5.57492 6.22328 5.37206 

--------------------------------------
Time: 35.0151
Split Ratios: 1 1 1 1 1 1 1 1 1 1 
Delays: 0.0100305 0.0128706 0.00436365 0.00857306 0.0128595 0.0114344 0.00718254 0.0100522 0.00723313 0.0113918 
Throughputs: 1.83501 3.35872 2.68698 3.48979 2.85082 1.88416 2.3593 2.67059 3.80109 2.21184 
Utility: 5.20917 5.56437 6.42286 6.00897 5.40127 5.10461 5.79447 5.58226 6.26437 5.26868 

--------------------------------------
Time: 35.5151
Split Ratios: 1 1 1 1 1 1 1 1 1 1 
Delays: 0.0100222 0.0128906 0.00437673 0.00856439 0.0128719 0.0114406 0.00717118 0.0100102 0.00720356 0.0114004 
Throughputs: 1.96608 3.83386 3.21126 3.32595 3.76832 2.12992 2.27738 3.24403 3.76832 2.5559 
Utility: 5.279 5.69513 6.59812 5.9619 5.67934 5.22667 5.76071 5.78097 6.25981 5.41251 

--------------------------------------
Time: 36.0158
Split Ratios: 1 1 1 1 1 1 1 1 1 1 
Delays: 0.0100198 0.0128913 0.00436335 0.00858186 0.012889 0.0114758 0.0071657 0.0100355 0.00723602 0.0114173 
Throughputs: 2.24461 3.80109 2.94912 3.96493 3.86662 2.11354 2.44122 2.80166 3.76832 2.11354 
Utility: 5.41172 5.68649 6.51602 6.13559 5.70376 5.21587 5.83095 5.63184 6.25531 5.22099 

