--------------------------------------
Time: 5.5001
Split Ratios: 1 1 1 0.5 0.5 1 1 1 0.5 0.5 1 0.5 0.5 0.25 0.25 0.25 0.25 0.5 0.5 1 0.5 0.5 1 1 1 1 0.5 0.5 1 1 1 0.5 0.5 1 0.25 0.25 0.25 0.25 0.5 0.5 1 0.5 0.5 1 1 
Delays: 0.0197513 0.00912528 0.0130263 0.0237604 0.0101442 0.0100777 0.00573701 0.0243201 0.00739578 0.00921239 0.0223288 0.0155304 0.0153433 0.0193442 0.0101297 0.00430153 0.0107214 0.00729774 0.0212047 0.0105503 0.00633434 0.00629682 0.0150387 0.00929894 0.0190387 0.0108429 0.0129151 0.0148843 0.0236337 0.0105678 
Throughputs: 2.7689 2.42483 2.52314 2.70336 2.70336 2.70336 2.50675 2.53952 3.06381 2.24461 2.39206 2.91635 2.62144 2.98189 2.80166 2.94912 2.27738 2.71974 2.3593 2.62144 2.91635 2.37568 2.88358 2.60506 2.63782 2.73613 2.63782 2.65421 2.19546 2.73613 
Utility: 4.94299 5.58247 5.26629 4.73423 5.58535 5.59192 6.0798 4.64843 6.0265 5.49574 4.67404 5.23529 5.1408 5.03792 5.6225 6.53029 5.35854 5.92073 4.71189 5.51532 6.1321 5.933 5.25616 5.63531 4.93123 5.53079 5.31931 5.18359 4.53147 5.55648 

--------------------------------------
Time: 6.00014
Split Ratios: 1 1 1 0.648 0.352 1 1 1 0.584 0.416 1 0.116 0.884 0.457 0.103 0.219 0.221 0.379 0.621 1 0.264 0.736 1 1 1 1 0.719 0.281 1 1 1 0.461 0.539 1 0.593 0.046 0.05 0.312 0.553 0.447 1 0.386 0.614 1 1 
Delays: 0.0197478 0.00916783 0.0128527 0.0206194 0.0100891 0.0100632 0.00571845 0.0235144 0.00730332 0.00919319 0.0217762 0.016727 0.0152911 0.0187274 0.010073 0.00429446 0.0107933 0.0072481 0.0206856 0.010586 0.00636795 0.00628752 0.0148923 0.00912583 0.0188376 0.0110154 0.0128944 0.0150937 0.0236129 0.0105334 
Throughputs: 2.53952 2.65421 2.49037 3.40787 2.60506 2.75251 2.22822 2.9655 2.4576 2.67059 2.60506 3.16211 2.16269 3.09658 2.70336 2.5559 2.52314 2.27738 2.3593 2.42483 2.9655 2.93274 2.71974 2.5559 2.4576 3.08019 2.8672 2.99827 2.71974 2.49037 
Utility: 4.85669 5.6682 5.26663 5.10761 5.55375 5.61139 5.96526 4.83719 5.81861 5.67159 4.78439 5.24197 4.95184 5.10806 5.59239 6.38884 5.45433 5.75004 4.73668 5.43398 6.14353 6.14512 5.20745 5.63505 4.87108 5.63345 5.4043 5.29151 4.7465 5.46563 

--------------------------------------
Time: 6.50035
Split Ratios: 1 1 1 0.648 0.352 1 1 1 0.584 0.416 1 0.116 0.884 0.457 0.103 0.219 0.221 0.379 0.621 1 0.264 0.736 1 1 1 1 0.719 0.281 1 1 1 0.461 0.539 1 0.593 0.046 0.05 0.312 0.553 0.447 1 0.386 0.614 1 1 
Delays: 0.0199082 0.00919749 0.012853 0.0215488 0.0101616 0.0100225 0.00570446 0.0234564 0.0072948 0.00919195 0.0214701 0.0164076 0.0153401 0.0183076 0.0100928 0.00429251 0.0107511 0.00727829 0.0207094 0.0106323 0.0063368 0.00625757 0.0149022 0.00913414 0.0187531 0.0111267 0.0129019 0.0154013 0.0237508 0.0107841 
Throughputs: 3.08019 2.58867 2.50675 3.1785 2.8672 2.62144 2.67059 2.71974 2.67059 2.67059 2.3593 2.80166 2.37568 2.9655 2.52314 2.57229 2.42483 2.63782 2.85082 2.40845 2.93274 2.32653 2.50675 2.68698 2.78528 2.80166 3.03104 2.91635 2.78528 2.68698 
Utility: 5.04162 5.63997 5.27316 4.99384 5.64247 5.56665 6.14881 4.75315 5.90289 5.67173 4.69946 5.14022 5.04257 5.08749 5.52144 6.39568 5.41851 5.89281 4.92477 5.42284 6.13732 5.91834 5.12524 5.68415 5.00074 5.52862 5.45929 5.24363 4.76449 5.5181 

--------------------------------------
Time: 7.00045
Split Ratios: 1 1 1 0.648 0.352 1 1 1 0.584 0.416 1 0.116 0.884 0.457 0.103 0.219 0.221 0.379 0.621 1 0.264 0.736 1 1 1 1 0.719 0.281 1 1 1 0.461 0.539 1 0.593 0.046 0.05 0.312 0.553 0.447 1 0.386 0.614 1 1 
Delays: 0.0198617 0.00914012 0.0128243 0.0217526 0.0101292 0.0100705 0.00571468 0.0236326 0.00730203 0.00918805 0.0215339 0.0167135 0.0153532 0.0183644 0.0100874 0.00429346 0.0108668 0.00727786 0.0206665 0.0105523 0.00633787 0.00624524 0.014958 0.00914771 0.0192425 0.0110373 0.0129364 0.0151983 0.0235912 0.0105749 
Throughputs: 3.01466 2.53952 2.34291 2.81805 2.50675 2.70336 2.44122 2.98189 2.50675 2.52314 2.34291 2.98189 2.42483 2.9655 2.57229 2.53952 2.80166 2.62144 2.9655 2.53952 2.70336 2.29376 2.40845 2.71974 2.8672 3.06381 2.80166 3.21126 2.52314 2.75251 
Utility: 5.02245 5.62706 5.20781 4.86406 5.51132 5.59264 6.05721 4.83769 5.83859 5.61535 4.68952 5.18409 5.06219 5.08439 5.54127 6.38264 5.55225 5.88664 4.96629 5.48339 6.05571 5.90613 5.08149 5.69479 5.00397 5.62613 5.37792 5.35324 4.67239 5.56178 

--------------------------------------
Time: 7.50065
Split Ratios: 1 1 1 0.648 0.352 1 1 1 0.584 0.416 1 0.116 0.884 0.457 0.103 0.219 0.221 0.379 0.621 1 0.264 0.736 1 1 1 1 0.719 0.281 1 1 1 0.461 0.539 1 0.593 0.046 0.05 0.312 0.553 0.447 1 0.386 0.614 1 1 
Delays: 0.0197858 0.009172 0.0128917 0.0216477 0.0101806 0.0100735 0.00573533 0.0231704 0.00738722 0.00921972 0.0220726 0.0171841 0.015346 0.0183845 0.0101158 0.00430675 0.0106658 0.00728491 0.0206902 0.0106593 0.00626906 0.00622432 0.0148714 0.00916375 0.01901 0.0109509 0.0129082 0.0154767 0.0236066 0.0106215 
Throughputs: 2.8672 2.50675 2.89997 2.94912 2.78528 2.78528 2.62144 2.68698 2.67059 2.3593 2.83443 2.67059 2.42483 3.09658 2.60506 3.14573 2.50675 2.7689 2.89997 2.63782 2.53952 2.78528 2.70336 2.63782 2.53952 2.8672 2.80166 2.89997 2.5559 3.01466 
Utility: 4.97612 5.61059 5.41587 4.91436 5.61162 5.62219 6.12483 4.75329 5.8903 5.54477 4.85526 5.04607 5.06266 5.12654 5.55111 6.59362 5.4597 5.9404 4.94279 5.51127 6.0041 6.10364 5.20281 5.66245 4.89477 5.56767 5.3801 5.23312 4.68463 5.64836 

--------------------------------------
Time: 8.0007
Split Ratios: 1 1 1 0.648 0.352 1 1 1 0.584 0.416 1 0.116 0.884 0.457 0.103 0.219 0.221 0.379 0.621 1 0.264 0.736 1 1 1 1 0.719 0.281 1 1 1 0.461 0.539 1 0.593 0.046 0.05 0.312 0.553 0.447 1 0.386 0.614 1 1 
Delays: 0.0197786 0.00918651 0.0129443 0.0207271 0.0102047 0.0100312 0.00572123 0.0232136 0.0073144 0.00923151 0.0219773 0.0165655 0.0153696 0.0185842 0.0101266 0.00429587 0.0107675 0.00727129 0.0206812 0.0105695 0.00633857 0.00629976 0.01487 0.00911173 0.0188757 0.0110398 0.0129076 0.0150898 0.0236963 0.0107174 
Throughputs: 2.7689 2.70336 2.53952 2.65421 2.81805 2.37568 2.7689 2.62144 2.80166 2.68698 2.91635 2.53952 2.44122 2.71974 2.52314 2.80166 2.63782 2.9655 3.21126 2.93274 2.53952 2.71974 2.42483 2.65421 2.60506 2.9655 3.01466 2.73613 2.65421 3.06381 
Utility: 4.94161 5.68451 5.27908 4.85246 5.62095 5.46734 6.18202 4.72674 5.94812 5.67355 4.88808 5.03241 5.06786 4.98598 5.51809 6.48031 5.50118 6.01087 5.0452 5.62571 5.99308 6.06778 5.09417 5.67434 4.92734 5.59329 5.45342 5.20028 4.71858 5.65554 

--------------------------------------
Time: 8.5007
Split Ratios: 1 1 1 0.648 0.352 1 1 1 0.584 0.416 1 0.116 0.884 0.457 0.103 0.219 0.221 0.379 0.621 1 0.264 0.736 1 1 1 1 0.719 0.281 1 1 1 0.461 0.539 1 0.593 0.046 0.05 0.312 0.553 0.447 1 0.386 0.614 1 1 
Delays: 0.0196936 0.00919228 0.0129284 0.021858 0.0100627 0.010073 0.00572198 0.0229181 0.00731694 0.00923887 0.0218366 0.0168587 0.0153144 0.0185015 0.010092 0.00428983 0.0107045 0.00725538 0.0206466 0.0106334 0.00626999 0.00622612 0.0147144 0.00911251 0.0191977 0.0108737 0.0129422 0.0152213 0.0236074 0.0105418 
Throughputs: 2.63782 2.98189 2.26099 2.91635 2.5559 2.80166 2.63782 2.85082 2.47398 2.62144 2.7689 2.81805 2.34291 2.94912 2.19546 2.34291 2.4576 2.49037 2.60506 2.68698 2.62144 2.5559 2.42483 2.57229 2.58867 2.63782 2.94912 2.81805 2.63782 2.53952 
Utility: 4.89742 5.78195 5.16413 4.89352 5.53733 5.62811 6.13339 4.82344 5.82339 5.64806 4.84262 5.11894 5.03036 5.07141 5.3824 6.3029 5.43627 5.83844 4.83766 5.53217 6.0357 6.01741 5.10469 5.6429 4.90411 5.49136 5.42877 5.2211 4.71615 5.48439 

--------------------------------------
Time: 9.00083
Split Ratios: 1 1 1 0.648 0.352 1 1 1 0.584 0.416 1 0.116 0.884 0.457 0.103 0.219 0.221 0.379 0.621 1 0.264 0.736 1 1 1 1 0.719 0.281 1 1 1 0.461 0.539 1 0.593 0.046 0.05 0.312 0.553 0.447 1 0.386 0.614 1 1 
Delays: 0.0198641 0.00920978 0.0129437 0.0227326 0.0101299 0.0100813 0.00570735 0.0237794 0.00740544 0.00917487 0.0216796 0.0168314 0.0154374 0.0185744 0.010084 0.00429786 0.0108273 0.00726002 0.0205307 0.0105787 0.00636293 0.00621823 0.0150502 0.00915036 0.0187924 0.0110042 0.0128985 0.0153121 0.0236138 0.0106172 
Throughputs: 2.89997 2.94912 2.49037 2.99827 2.62144 2.91635 2.39206 2.88358 2.5559 2.68698 2.31014 2.70336 2.73613 2.85082 2.70336 2.75251 2.67059 2.58867 2.62144 2.98189 3.03104 2.58867 2.47398 2.8672 3.04742 3.12934 2.78528 2.99827 2.5559 2.42483 
Utility: 4.98354 5.769 5.25958 4.88199 5.55599 5.66741 6.03816 4.79797 5.84395 5.6797 4.66869 5.07901 5.17751 5.03358 5.5913 6.46215 5.50798 5.87652 4.84956 5.64147 6.16617 6.03141 5.10219 5.7473 5.0886 5.6503 5.37499 5.27715 4.68433 5.43105 

--------------------------------------
Time: 9.50085
Split Ratios: 1 1 1 0.648 0.352 1 1 1 0.584 0.416 1 0.116 0.884 0.457 0.103 0.219 0.221 0.379 0.621 1 0.264 0.736 1 1 1 1 0.719 0.281 1 1 1 0.461 0.539 1 0.593 0.046 0.05 0.312 0.553 0.447 1 0.386 0.614 1 1 
Delays: 0.0199513 0.00916199 0.0128957 0.0218963 0.0101538 0.0100933 0.00570702 0.0231165 0.00731038 0.00928405 0.0219619 0.0170785 0.0153096 0.0182811 0.0101005 0.00429722 0.0107068 0.00726668 0.0208285 0.0105458 0.00638884 0.00623264 0.0149068 0.00909692 0.0191553 0.0108543 0.0129555 0.0151238 0.0235869 0.0106056 
Throughputs: 3.09658 2.68698 2.65421 2.78528 2.58867 2.71974 2.57229 2.57229 2.53952 2.60506 2.47398 2.89997 2.60506 3.12934 2.85082 2.65421 2.39206 2.67059 2.88358 2.57229 2.78528 2.81805 2.75251 2.42483 2.65421 2.81805 2.88358 2.9655 2.32653 2.81805 
Utility: 5.04476 5.68111 5.32701 4.84579 5.54105 5.59642 6.11085 4.71201 5.85044 5.63691 4.72428 5.13464 5.13673 5.14271 5.64278 6.42593 5.40904 5.90676 4.93047 5.49682 6.07755 6.114 5.21845 5.58558 4.93132 5.55924 5.40527 5.27853 4.59144 5.58242 

--------------------------------------
Time: 10.0009
Split Ratios: 1 1 1 0.648 0.352 1 1 1 0.584 0.416 1 0.116 0.884 0.457 0.103 0.219 0.221 0.379 0.621 1 0.264 0.736 1 1 1 1 0.719 0.281 1 1 1 0.461 0.539 1 0.593 0.046 0.05 0.312 0.553 0.447 1 0.386 0.614 1 1 
Delays: 0.0198059 0.00921992 0.0129077 0.0221262 0.0102225 0.0100493 0.00571452 0.0234123 0.00733594 0.00918818 0.0221214 0.0167414 0.0153129 0.0180749 0.0101496 0.00429762 0.0107114 0.00723964 0.0206696 0.0105949 0.00633468 0.0062441 0.0149766 0.00910634 0.0193201 0.0110738 0.0129317 0.0151936 0.0237662 0.0105454 
Throughputs: 2.9655 2.42483 2.65421 3.11296 2.71974 2.99827 2.49037 2.75251 2.81805 2.60506 2.32653 2.68698 2.58867 2.65421 2.80166 2.70336 2.31014 2.68698 2.80166 2.68698 2.65421 2.8672 2.71974 2.53952 2.53952 2.62144 3.06381 2.71974 2.85082 2.71974 
Utility: 5.00882 5.57215 5.32607 4.94657 5.5837 5.69829 6.07718 4.76701 5.95101 5.64729 4.65559 5.07829 5.13021 4.98938 5.62053 6.44419 5.37375 5.9166 4.90931 5.5358 6.03786 6.12945 5.2018 5.63076 4.87859 5.46689 5.46773 5.18742 4.7871 5.5526 

