--------------------------------------
Time: 5.50007
Split Ratios: 1 1 1 1 1 1 1 1 1 1 1 1 1 1 1 1 1 1 1 1 1 1 1 1 1 1 1 1 1 1 
Delays: 0.00631803 0.0130986 0.00863899 0.00572903 0.00592777 0.0103603 0.0116371 0.0118961 0.0106351 0.0114136 0.0109583 0.00997542 0.00820038 0.0101576 0.00940269 0.0105698 0.00644249 0.00839286 0.0151371 0.010232 0.00628249 0.0107454 0.00985872 0.00828442 0.0148064 0.00819393 0.010091 0.00786539 0.0120132 0.00795827 
Throughputs: 1.96608 1.96608 1.67117 1.83501 1.65478 1.81862 1.86778 1.91693 1.83501 1.58925 1.57286 1.55648 1.65478 1.80224 1.93331 1.68755 1.57286 1.65478 1.70394 1.80224 1.86778 1.70394 1.62202 1.62202 1.70394 1.62202 1.75309 1.57286 1.88416 1.67117 
Utility: 5.74039 5.01129 5.26499 5.76926 5.63178 5.16785 5.0783 5.08227 5.15064 4.93621 4.96656 5.05006 5.30724 5.17856 5.32599 5.07304 5.49774 5.28404 4.72355 5.17127 5.69474 5.06622 5.10307 5.27705 4.74564 5.28803 5.15749 5.29818 5.05523 5.34707 

--------------------------------------
Time: 6.00036
Split Ratios: 1 1 1 1 1 1 1 1 1 1 1 1 1 1 1 1 1 1 1 1 1 1 1 1 1 1 1 1 1 1 
Delays: 0.00619592 0.0117395 0.00882663 0.00580211 0.00585218 0.0108493 0.0104155 0.011005 0.011958 0.0105481 0.0115248 0.0098742 0.00855703 0.00952531 0.00833529 0.0100984 0.00689829 0.00883652 0.0157049 0.0101439 0.00609719 0.0106636 0.00979831 0.00849049 0.0132385 0.00872754 0.0103213 0.00824584 0.0109302 0.00801538 
Throughputs: 1.60563 1.86778 1.78586 1.93331 2.12992 1.99885 1.86778 1.93331 2.01523 1.39264 1.88416 1.67117 1.86778 1.76947 1.60563 1.55648 2.06438 1.83501 2.06438 1.6384 1.70394 1.91693 1.62202 1.60563 1.67117 1.91693 1.86778 1.83501 1.76947 1.52371 
Utility: 5.55738 5.06954 5.30988 5.80877 5.89703 5.21623 5.18921 5.16864 5.12709 4.88301 5.09673 5.13135 5.38575 5.22448 5.26077 5.0378 5.70131 5.33591 4.87861 5.0846 5.63287 5.19164 5.10921 5.24233 4.83815 5.392 5.1983 5.40509 5.08691 5.24754 

--------------------------------------
Time: 6.50044
Split Ratios: 1 1 1 1 1 1 1 1 1 1 1 1 1 1 1 1 1 1 1 1 1 1 1 1 1 1 1 1 1 1 
Delays: 0.0062788 0.0110777 0.00932265 0.00592966 0.00581202 0.0116152 0.00923652 0.0108139 0.0126013 0.0107657 0.0116059 0.0100989 0.00821965 0.00887653 0.00906562 0.0102695 0.00698385 0.00921813 0.0151326 0.0104923 0.00603999 0.010444 0.00973022 0.00852778 0.0125779 0.00930701 0.0104759 0.0079194 0.0111679 0.00787297 
Throughputs: 1.72032 1.81862 1.78586 2.01523 1.83501 1.9497 1.67117 1.76947 2.03162 1.65478 1.91693 1.7367 1.37626 1.67117 1.68755 1.55648 1.72032 1.96608 1.91693 1.80224 1.34349 1.88416 1.34349 1.58925 1.76947 1.81862 2.09715 1.78586 1.6384 1.57286 
Utility: 5.61309 5.1009 5.25521 5.82852 5.75488 5.12311 5.19811 5.09761 5.08279 5.03506 5.10696 5.14731 5.12059 5.23787 5.22654 5.021 5.50666 5.36262 4.84163 5.14614 5.40462 5.19521 4.92779 5.22769 4.9465 5.27507 5.29926 5.41834 4.98843 5.29722 

--------------------------------------
Time: 7.00057
Split Ratios: 1 1 1 1 1 1 1 1 1 1 1 1 1 1 1 1 1 1 1 1 1 1 1 1 1 1 1 1 1 1 
Delays: 0.00635706 0.0110616 0.00885639 0.00578304 0.00599014 0.0107118 0.00930192 0.0108407 0.0109149 0.0109626 0.0108632 0.0103521 0.00820001 0.00983916 0.00903102 0.0108865 0.00643604 0.00847741 0.0144148 0.00994075 0.00599834 0.0113194 0.00980164 0.00833703 0.0130704 0.00856306 0.0100598 0.00797483 0.0122868 0.0081136 
Throughputs: 1.68755 1.90054 1.9497 1.99885 1.85139 1.86778 1.47456 1.83501 1.65478 1.81862 1.7367 1.90054 1.6384 1.85139 1.57286 1.85139 1.52371 1.80224 1.55648 1.6384 1.75309 2.09715 1.49094 1.78586 1.70394 1.72032 1.85139 1.85139 1.9497 1.78586 
Utility: 5.58147 5.14642 5.39429 5.8454 5.73358 5.16116 5.06589 5.13149 5.0213 5.11134 5.07436 5.2127 5.29734 5.23732 5.15999 5.13617 5.46699 5.35938 4.68193 5.10483 5.67765 5.22182 5.02462 5.36695 4.87035 5.30281 5.21514 5.4474 5.0669 5.39411 

--------------------------------------
Time: 7.50064
Split Ratios: 1 1 1 1 1 1 1 1 1 1 1 1 1 1 1 1 1 1 1 1 1 1 1 1 1 1 1 1 1 1 
Delays: 0.00635942 0.0118313 0.00901306 0.00574728 0.00603031 0.0104419 0.00991437 0.0105431 0.0106924 0.0109871 0.0113841 0.00920564 0.00818848 0.00920822 0.00867636 0.010743 0.00675756 0.00877941 0.0142609 0.0101353 0.00625469 0.0105589 0.0102559 0.00862935 0.0132746 0.0087106 0.0101595 0.00794452 0.0111219 0.00812449 
Throughputs: 1.81862 1.86778 1.81862 2.048 1.98246 1.50733 1.76947 1.57286 1.62202 1.76947 1.90054 1.85139 1.62202 1.62202 1.80224 1.88416 1.83501 1.75309 1.75309 1.68755 1.9497 1.76947 2.21184 1.90054 1.7367 1.62202 1.57286 1.70394 1.50733 1.76947 
Utility: 5.6559 5.06176 5.30716 5.87589 5.7953 4.97226 5.18445 5.00519 5.02189 5.08171 5.11768 5.30388 5.2887 5.17133 5.33618 5.16699 5.60414 5.29673 4.81161 5.11501 5.7421 5.12147 5.37372 5.39473 4.87389 5.22688 5.04224 5.36821 4.90918 5.38355 

--------------------------------------
Time: 8.00074
Split Ratios: 1 1 1 1 1 1 1 1 1 1 1 1 1 1 1 1 1 1 1 1 1 1 1 1 1 1 1 1 1 1 
Delays: 0.00623978 0.0165194 0.00899756 0.00574979 0.00589965 0.0103829 0.0155247 0.0156766 0.0111108 0.0107838 0.0114803 0.00935133 0.00836163 0.00948958 0.00891759 0.0103608 0.00665764 0.00896445 0.0204737 0.0100468 0.00602414 0.0106248 0.0098767 0.00860079 0.0180518 0.00864691 0.0106317 0.00799699 0.0113717 0.00807379 
Throughputs: 1.76947 1.78586 1.99885 1.99885 1.52371 1.6384 1.62202 1.9497 1.81862 1.90054 1.80224 1.78586 1.88416 1.67117 1.68755 1.83501 1.68755 1.98246 1.65478 1.44179 1.6384 1.88416 1.6384 1.68755 1.7367 1.7367 1.7367 1.9497 1.62202 2.11354 
Utility: 5.64749 4.68312 5.40337 5.85116 5.55401 5.06131 4.64899 4.82326 5.09791 5.17185 5.05616 5.25213 5.41758 5.17108 5.24301 5.17677 5.53527 5.39883 4.39228 4.96639 5.6057 5.17805 5.1113 5.27918 4.5665 5.30254 5.0959 5.49636 4.9603 5.5675 

--------------------------------------
Time: 8.50078
Split Ratios: 1 1 1 1 1 1 1 1 1 1 1 1 1 1 1 1 1 1 1 1 1 1 1 1 1 1 1 1 1 1 
Delays: 0.0061877 0.0149351 0.00866279 0.005696 0.00593971 0.0108477 0.0126653 0.0130205 0.0113192 0.010574 0.0111596 0.00932986 0.0083882 0.00928945 0.0086531 0.0104335 0.00658206 0.00907185 0.0190156 0.0102688 0.00600535 0.0110105 0.00982908 0.00870111 0.0164545 0.00877114 0.010346 0.00807144 0.0115734 0.00809001 
Throughputs: 1.86778 1.80224 1.72032 1.85139 1.91693 1.60563 1.76947 1.81862 1.99885 1.5401 1.80224 1.67117 1.62202 1.85139 2.048 1.62202 1.62202 1.88416 1.90054 1.86778 1.67117 1.7367 1.45818 1.60563 1.9497 1.83501 1.75309 2.11354 1.70394 1.78586 
Utility: 5.70994 4.79307 5.29123 5.78393 5.77682 4.99732 4.93957 4.93931 5.17383 4.9812 5.08448 5.18806 5.2646 5.29481 5.4667 5.0464 5.50708 5.33606 4.60464 5.20339 5.62863 5.06089 4.9996 5.21782 4.77483 5.34334 5.13253 5.56779 4.99199 5.39702 

--------------------------------------
Time: 9.00085
Split Ratios: 1 1 1 1 1 1 1 1 1 1 1 1 1 1 1 1 1 1 1 1 1 1 1 1 1 1 1 1 1 1 
Delays: 0.00624447 0.022461 0.00915026 0.00575541 0.00599449 0.0107607 0.0209222 0.0214843 0.0109677 0.0112165 0.011189 0.010158 0.00824982 0.0100538 0.00938659 0.0107396 0.00659965 0.00866718 0.0248816 0.0102352 0.00604482 0.0112731 0.00996828 0.00834102 0.0246941 0.00890404 0.00996816 0.0080397 0.0121581 0.00805557 
Throughputs: 1.65478 1.90054 1.6384 1.90054 1.7367 1.98246 1.90054 1.85139 1.72032 1.86778 1.80224 1.99885 1.65478 1.55648 1.86778 1.91693 1.62202 1.6384 1.91693 1.72032 1.75309 1.93331 1.65478 1.72032 2.06438 1.98246 1.50733 1.9497 1.98246 1.60563 
Utility: 5.57973 4.43812 5.18769 5.79975 5.6689 5.2162 4.50908 4.45637 5.05531 5.11511 5.08185 5.28207 5.30123 5.04223 5.29322 5.18454 5.50441 5.24193 4.34435 5.12443 5.66993 5.14457 5.11202 5.32908 4.42602 5.40559 5.0187 5.49104 5.0941 5.29491 

--------------------------------------
Time: 9.50118
Split Ratios: 1 1 1 1 1 1 1 1 1 1 1 1 1 1 1 1 1 1 1 1 1 1 1 1 1 1 1 1 1 1 
Delays: 0.00622935 0.0111791 0.00961573 0.00582673 0.00597041 0.0103354 0.00901499 0.0100366 0.0115349 0.0111731 0.0120062 0.0103358 0.00849929 0.0105258 0.00910213 0.0104071 0.00714691 0.00918795 0.0136827 0.010063 0.00600886 0.011638 0.00987191 0.00893226 0.012286 0.00902266 0.0106015 0.0081136 0.0121366 0.00802162 
Throughputs: 2.01523 1.9497 1.98246 2.01523 1.6384 1.44179 1.6384 1.80224 1.76947 1.98246 2.01523 1.98246 1.5401 1.93331 1.85139 1.44179 2.048 1.85139 1.80224 1.44179 1.47456 1.9497 1.86778 1.88416 1.85139 1.70394 1.72032 2.03162 2.048 1.76947 
Utility: 5.77922 5.16139 5.3287 5.84603 5.61466 4.93807 5.20259 5.19055 5.03306 5.17859 5.12307 5.25648 5.19962 5.21316 5.31519 4.93115 5.65794 5.3058 4.88066 4.96478 5.50288 5.12115 5.24281 5.35157 5.01524 5.24096 5.08927 5.52305 5.12839 5.3963 

--------------------------------------
Time: 10.0012
Split Ratios: 1 1 1 1 1 1 1 1 1 1 1 1 1 1 1 1 1 1 1 1 1 1 1 1 1 1 1 1 1 1 
Delays: 0.00634562 0.0111285 0.00901209 0.0058267 0.00585477 0.0114047 0.00897417 0.0109074 0.0121209 0.0104594 0.0109629 0.0106825 0.00821207 0.00980929 0.00870474 0.0103094 0.00670854 0.00926046 0.0144735 0.0105633 0.00607292 0.0115742 0.0100885 0.00816983 0.0128393 0.00879224 0.00984926 0.00809809 0.0121055 0.00807193 
Throughputs: 1.85139 2.01523 1.39264 1.70394 1.65478 1.58925 1.60563 1.76947 1.7367 1.76947 1.52371 1.76947 1.88416 1.80224 1.80224 1.6384 1.42541 2.12992 1.68755 1.83501 1.68755 2.17907 1.67117 1.5401 1.80224 1.96608 1.37626 1.76947 1.72032 1.80224 
Utility: 5.67593 5.19898 5.04039 5.67824 5.64417 4.93699 5.18692 5.08899 4.96481 5.13094 4.93439 5.10983 5.43563 5.21346 5.33292 5.06842 5.35883 5.43809 4.75872 5.15742 5.62719 5.23788 5.10988 5.23915 4.94428 5.40993 4.93973 5.38681 4.9566 5.40839 

--------------------------------------
Time: 10.5014
Split Ratios: 1 1 1 1 1 1 1 1 1 1 1 1 1 1 1 1 1 1 1 1 1 1 1 1 1 1 1 1 1 1 
Delays: 0.00661523 0.00902444 0.00885046 0.00575698 0.0059002 0.0112401 0.00706064 0.00886389 0.0110631 0.0113164 0.0113987 0.0103318 0.00827244 0.0101091 0.00948831 0.0108051 0.00677839 0.00850908 0.0122411 0.0101495 0.00607519 0.0109816 0.0103545 0.00833583 0.0107398 0.00841762 0.0102508 0.00808741 0.0123464 0.00805058 
Throughputs: 1.90054 1.75309 1.70394 1.91693 1.81862 1.37626 1.68755 1.5401 1.78586 1.80224 1.76947 1.91693 2.03162 1.70394 1.91693 1.86778 1.47456 1.75309 1.76947 1.50733 1.37626 1.88416 1.91693 1.6384 1.50733 1.58925 1.75309 1.96608 1.91693 1.80224 
Utility: 5.66052 5.2692 5.26023 5.80807 5.73085 4.80763 5.4765 5.15761 5.08404 5.07053 5.04494 5.22326 5.50366 5.12726 5.30842 5.15248 5.38237 5.328 4.97364 5.00067 5.42291 5.14501 5.22106 5.28091 4.94414 5.24069 5.14177 5.49349 5.04512 5.41104 

--------------------------------------
Time: 11.0014
Split Ratios: 1 1 1 1 1 1 1 1 1 1 1 1 1 1 1 1 1 1 1 1 1 1 1 1 1 1 1 1 1 1 
Delays: 0.00634118 0.0106874 0.00918518 0.00568771 0.00607482 0.0106417 0.00889102 0.0105301 0.0111494 0.0106319 0.0114878 0.0109991 0.00817339 0.0106947 0.00857868 0.0103546 0.00691269 0.00879247 0.0142721 0.0101161 0.00629221 0.0119866 0.00996149 0.00894869 0.012184 0.00842653 0.0105663 0.0080295 0.0131529 0.00807369 
Throughputs: 1.91693 2.08077 1.80224 1.72032 1.99885 2.01523 1.44179 1.86778 1.6384 1.75309 1.85139 1.98246 1.9497 1.5401 2.03162 1.40902 1.67117 1.76947 1.83501 1.70394 1.76947 1.90054 1.65478 2.16269 1.75309 1.72032 1.88416 1.58925 1.62202 1.76947 
Utility: 5.71141 5.27143 5.27919 5.71196 5.79617 5.24371 5.0886 5.17827 4.99009 5.10528 5.08241 5.19428 5.47454 4.96985 5.46731 4.91323 5.48792 5.30454 4.8565 5.12657 5.63912 5.0661 5.1127 5.4876 4.96901 5.31888 5.18356 5.28789 4.81478 5.38983 

--------------------------------------
Time: 11.5019
Split Ratios: 1 1 1 1 1 1 1 1 1 1 1 1 1 1 1 1 1 1 1 1 1 1 1 1 1 1 1 1 1 1 
Delays: 0.00644758 0.013097 0.00902032 0.00579317 0.00603848 0.0105525 0.0103111 0.0118834 0.011277 0.0112155 0.0117789 0.0099645 0.00814305 0.0097035 0.0087611 0.0106102 0.00698524 0.00879156 0.0148844 0.0100842 0.00604825 0.0108426 0.00989766 0.00904513 0.0145877 0.008824 0.0106154 0.00804528 0.0117579 0.00800239 
Throughputs: 1.90054 1.86778 1.60563 1.62202 1.75309 1.76947 1.88416 1.93331 1.86778 1.70394 2.01523 1.60563 1.5401 1.96608 2.048 1.80224 1.86778 1.86778 1.91693 1.80224 1.55648 2.03162 1.60563 1.83501 1.90054 2.03162 1.72032 1.98246 1.5401 1.86778 
Utility: 5.68619 4.96012 5.18179 5.63474 5.67098 5.12207 5.20802 5.09185 5.10973 5.0234 5.14218 5.08224 5.24243 5.31131 5.4543 5.13497 5.5887 5.35871 4.85817 5.18582 5.55041 5.2331 5.08897 5.31258 4.86971 5.43911 5.08796 5.50701 4.87507 5.45276 

--------------------------------------
Time: 12.0021
Split Ratios: 1 1 1 1 1 1 1 1 1 1 1 1 1 1 1 1 1 1 1 1 1 1 1 1 1 1 1 1 1 1 
Delays: 0.00602706 0.0101521 0.00871833 0.00583698 0.0060237 0.0107834 0.00844046 0.00974615 0.0116245 0.0107674 0.0114101 0.00999142 0.00850098 0.00956306 0.00917576 0.0102693 0.00725267 0.00859981 0.0138003 0.0103513 0.00622522 0.0104849 0.00994276 0.00921749 0.0120693 0.00835955 0.0108573 0.00774356 0.0121211 0.00798381 
Throughputs: 1.49094 2.1463 1.5401 1.93331 1.6384 1.55648 1.72032 1.78586 2.03162 1.60563 1.7367 1.88416 1.99885 2.09715 1.85139 1.62202 1.68755 1.6384 1.62202 1.68755 1.72032 1.67117 1.52371 1.85139 1.5401 1.83501 1.88416 1.7367 1.7367 1.60563 
Utility: 5.51091 5.35382 5.17417 5.80278 5.60577 4.97218 5.31723 5.21078 5.16347 5.00475 5.02524 5.23951 5.46014 5.39043 5.30713 5.06227 5.44966 5.24974 4.76674 5.09392 5.62166 5.07134 5.03206 5.30259 4.84893 5.3914 5.1564 5.41288 4.96479 5.30386 

--------------------------------------
Time: 12.5023
Split Ratios: 1 1 1 1 1 1 1 1 1 1 1 1 1 1 1 1 1 1 1 1 1 1 1 1 1 1 1 1 1 1 
Delays: 0.00646888 0.0116078 0.00949409 0.00574578 0.00604091 0.010789 0.00918159 0.0111604 0.0110258 0.0106884 0.0118365 0.00981695 0.00836138 0.00915164 0.00862287 0.0108514 0.00655951 0.00921781 0.0145901 0.0101536 0.00607418 0.010822 0.0100795 0.0084446 0.0134061 0.00905609 0.0102406 0.00791187 0.0112105 0.00793222 
Throughputs: 1.67117 1.5401 2.01523 2.048 1.96608 1.70394 1.91693 1.65478 1.90054 1.45818 1.96608 1.7367 1.58925 1.5401 2.06438 1.85139 1.44179 1.72032 1.86778 2.03162 1.80224 1.96608 1.76947 1.62202 2.01523 1.76947 1.80224 1.78586 1.72032 1.62202 
Utility: 5.55428 4.88793 5.35782 5.87615 5.78524 5.06217 5.34128 4.99905 5.14966 4.91578 5.11261 5.17563 5.24739 5.12567 5.47817 5.1394 5.39273 5.22913 4.85216 5.29876 5.69274 5.20222 5.16793 5.2579 5.01278 5.275 5.17043 5.41929 5.03342 5.32049 

--------------------------------------
Time: 13.0024
Split Ratios: 1 1 1 1 1 1 1 1 1 1 1 1 1 1 1 1 1 1 1 1 1 1 1 1 1 1 1 1 1 1 
Delays: 0.00627232 0.0124981 0.00916332 0.00570291 0.00595504 0.0105107 0.0101203 0.0103948 0.0109582 0.0108286 0.0115636 0.00953765 0.00799879 0.00989031 0.00896914 0.0104341 0.00693985 0.0086846 0.015187 0.0102468 0.00600977 0.0110955 0.0100234 0.00922613 0.0141513 0.00841855 0.0106024 0.00802616 0.0123247 0.00797098 
Throughputs: 1.6384 1.62202 1.80224 1.78586 2.03162 1.76947 1.76947 1.65478 1.75309 1.99885 1.80224 1.57286 1.58925 1.78586 1.75309 1.76947 1.83501 1.99885 2.03162 1.67117 1.60563 2.048 1.80224 1.67117 1.88416 1.72032 1.65478 1.93331 1.83501 2.01523 
Utility: 5.56533 4.86585 5.28158 5.74668 5.83235 5.12604 5.16389 5.07012 5.07505 5.21813 5.04892 5.10541 5.29173 5.1961 5.27534 5.13336 5.57752 5.43877 4.89615 5.09432 5.58789 5.21807 5.19187 5.19924 4.89143 5.31983 5.05035 5.48428 5.0032 5.53268 

--------------------------------------
Time: 13.5025
Split Ratios: 1 1 1 1 1 1 1 1 1 1 1 1 1 1 1 1 1 1 1 1 1 1 1 1 1 1 1 1 1 1 
Delays: 0.00638805 0.0149198 0.0089 0.00583514 0.00591484 0.0105425 0.0124111 0.0140537 0.0117261 0.0109494 0.011798 0.011225 0.00886951 0.0100714 0.00874321 0.0104618 0.00688445 0.00879292 0.0182508 0.0103015 0.00601839 0.0113357 0.00988682 0.00850757 0.0161922 0.00847136 0.0104106 0.00822529 0.0119519 0.00829598 
Throughputs: 1.67117 2.21184 1.76947 2.09715 1.65478 1.70394 1.93331 1.90054 1.90054 1.60563 1.80224 2.11354 1.68755 1.83501 1.9497 1.72032 1.76947 1.86778 1.76947 1.67117 1.50733 2.08077 1.68755 1.49094 1.70394 1.60563 1.55648 2.26099 1.68755 1.72032 
Utility: 5.56685 4.99889 5.29238 5.88444 5.63396 5.08528 5.0484 4.90701 5.08808 4.98798 5.02885 5.23797 5.24841 5.2051 5.40715 5.10254 5.54917 5.35856 4.57423 5.08899 5.52327 5.21254 5.13983 5.16621 4.65617 5.24458 5.00736 5.61635 4.95015 5.33449 

--------------------------------------
Time: 14.0026
Split Ratios: 1 1 1 1 1 1 1 1 1 1 1 1 1 1 1 1 1 1 1 1 1 1 1 1 1 1 1 1 1 1 
Delays: 0.00624954 0.00995092 0.00887503 0.00575735 0.00619243 0.0101479 0.00774399 0.00979312 0.0104811 0.0110899 0.0112938 0.00919926 0.00821983 0.00926651 0.00930263 0.0107687 0.006693 0.00877911 0.0120648 0.00997967 0.00615881 0.0106987 0.0102494 0.00849119 0.0114713 0.00856656 0.0102733 0.00806528 0.0113292 0.0077676 
Throughputs: 1.81862 1.83501 1.75309 1.86778 1.83501 1.75309 1.78586 1.85139 1.75309 1.72032 1.62202 1.68755 1.68755 1.65478 1.55648 1.81862 1.83501 1.75309 1.58925 1.65478 1.72032 1.76947 1.58925 1.83501 1.80224 1.72032 1.7367 2.19546 1.72032 1.50733 
Utility: 5.67333 5.21714 5.28589 5.78203 5.69148 5.15187 5.44074 5.24201 5.11956 5.04423 4.96717 5.21191 5.32449 5.18502 5.11989 5.12919 5.61374 5.29676 4.88072 5.11088 5.63238 5.10832 5.0438 5.37578 5.05694 5.3024 5.13019 5.60658 5.02288 5.26813 

--------------------------------------
Time: 14.5026
Split Ratios: 1 1 1 1 1 1 1 1 1 1 1 1 1 1 1 1 1 1 1 1 1 1 1 1 1 1 1 1 1 1 
Delays: 0.00629841 0.00952715 0.00875572 0.00571802 0.00596494 0.0106741 0.00807508 0.00959362 0.0120942 0.0110339 0.0109786 0.0100406 0.0091352 0.00992958 0.00910822 0.0107486 0.00661623 0.00848741 0.0128908 0.0105565 0.00609087 0.0107868 0.0101125 0.00838556 0.0112111 0.00859045 0.0102727 0.00807352 0.0123211 0.00783963 
Throughputs: 1.86778 1.62202 1.57286 1.91693 1.85139 1.62202 1.5401 1.80224 1.9497 2.1463 1.70394 2.09715 2.03162 1.86778 1.72032 1.7367 1.70394 2.01523 1.5401 1.90054 1.80224 1.67117 1.68755 1.6384 1.58925 1.70394 1.85139 2.16269 1.78586 1.47456 
Utility: 5.69221 5.13728 5.19095 5.81486 5.73779 5.0236 5.25082 5.23569 5.0827 5.27053 5.04475 5.3417 5.40445 5.23699 5.24109 5.08497 5.55117 5.46991 4.78309 5.19316 5.69 5.04296 5.11726 5.27496 4.95411 5.29004 5.1942 5.59052 4.97634 5.23692 

--------------------------------------
Time: 15.0026
Split Ratios: 1 1 1 1 1 1 1 1 1 1 1 1 1 1 1 1 1 1 1 1 1 1 1 1 1 1 1 1 1 1 
Delays: 0.00647453 0.0133926 0.00909975 0.00578783 0.00600488 0.0106559 0.0114511 0.0116329 0.0115968 0.0106435 0.0119477 0.00949158 0.00876589 0.00922731 0.00857838 0.0106125 0.00724561 0.00910923 0.0163566 0.0103517 0.00597492 0.0106728 0.00994902 0.00880271 0.0152286 0.00880384 0.0110616 0.00799382 0.0115139 0.00797995 
Throughputs: 2.1463 1.88416 1.70394 2.048 1.86778 1.91693 1.90054 1.76947 1.83501 1.72032 1.83501 1.47456 1.6384 1.47456 1.86778 1.98246 1.65478 2.01523 1.88416 1.67117 1.40902 1.76947 1.65478 1.60563 1.68755 1.91693 1.72032 1.86778 1.7367 1.83501 
Utility: 5.80363 4.94653 5.23245 5.86886 5.73993 5.19236 5.11181 5.0246 5.06408 5.08532 5.03427 5.04571 5.23061 5.07395 5.38326 5.23006 5.43103 5.3992 4.7466 5.08413 5.46308 5.11074 5.11395 5.20621 4.70786 5.38329 5.04678 5.45384 5.01619 5.43787 

--------------------------------------
Time: 15.5029
Split Ratios: 1 1 1 1 1 1 1 1 1 1 1 1 1 1 1 1 1 1 1 1 1 1 1 1 1 1 1 1 1 1 
Delays: 0.00634923 0.0140995 0.00924174 0.00581763 0.00594834 0.010632 0.0115359 0.0136048 0.011658 0.0108874 0.0114875 0.0100288 0.00833863 0.0093973 0.00880317 0.0107541 0.00661776 0.0092221 0.0177516 0.0101906 0.00610461 0.0109677 0.00992786 0.00839216 0.0157123 0.00913057 0.0101021 0.00790845 0.0115868 0.00802955 
Throughputs: 1.47456 1.93331 1.81862 1.88416 2.01523 1.7367 1.75309 1.78586 1.91693 1.62202 1.83501 1.76947 1.62202 1.7367 1.67117 1.86778 1.68755 1.98246 1.75309 1.83501 1.44179 1.83501 1.57286 1.49094 2.09715 1.98246 1.57286 1.90054 1.98246 1.83501 
Utility: 5.44778 4.92085 5.28211 5.78034 5.82538 5.09587 5.02367 4.87723 5.10249 5.00382 5.07355 5.17298 5.27053 5.21932 5.24617 5.15722 5.54128 5.37049 4.59266 5.19334 5.4646 5.11984 5.06531 5.17987 4.89389 5.38047 5.04791 5.48196 5.14223 5.43168 

--------------------------------------
Time: 16.003
Split Ratios: 1 1 1 1 1 1 1 1 1 1 1 1 1 1 1 1 1 1 1 1 1 1 1 1 1 1 1 1 1 1 
Delays: 0.00680695 0.00975665 0.0101104 0.00577954 0.00616387 0.0105264 0.00809485 0.00936943 0.0110468 0.0107435 0.0121762 0.0100344 0.00814719 0.00922821 0.00874213 0.0103652 0.00651651 0.00918912 0.0130558 0.0101172 0.00617079 0.0103955 0.00972226 0.00869318 0.0110416 0.00926806 0.0102555 0.00784367 0.0112272 0.00786805 
Throughputs: 1.67117 1.85139 2.17907 1.93331 1.90054 1.70394 1.65478 1.62202 1.72032 1.3271 1.57286 1.88416 1.57286 1.85139 1.70394 2.01523 1.65478 1.78586 1.72032 1.55648 1.55648 1.55648 1.7367 1.98246 1.6384 1.88416 1.70394 1.6384 1.85139 1.6384 
Utility: 5.50333 5.24574 5.37309 5.81267 5.73119 5.08681 5.3202 5.15397 5.04812 4.81645 4.86117 5.23522 5.26298 5.30143 5.27254 5.27004 5.53709 5.26963 4.88103 5.03594 5.53036 5.00881 5.18533 5.42956 4.99981 5.31466 5.11288 5.34177 5.10536 5.33866 

--------------------------------------
Time: 16.5032
Split Ratios: 1 1 1 1 1 1 1 1 1 1 1 1 1 1 1 1 1 1 1 1 1 1 1 1 1 1 1 1 1 1 
Delays: 0.00616462 0.0116817 0.00923999 0.0057081 0.00617134 0.0104742 0.0094429 0.0107095 0.0114564 0.0112724 0.0116075 0.0095089 0.00837583 0.00954621 0.00876778 0.0103463 0.00687863 0.00901397 0.0143989 0.0102307 0.00610442 0.0108063 0.00986438 0.00867142 0.0135886 0.00912948 0.0104045 0.00789689 0.0115352 0.00788379 
Throughputs: 1.65478 1.93331 1.93331 1.72032 2.06438 1.58925 1.58925 1.76947 1.86778 1.99885 1.47456 1.9497 1.58925 1.68755 1.60563 1.57286 1.80224 1.80224 1.88416 1.90054 1.68755 1.78586 1.58925 1.90054 2.08077 1.99885 1.62202 1.60563 1.80224 1.65478 
Utility: 5.5926 5.10897 5.34345 5.70838 5.81267 5.0221 5.12575 5.10731 5.09395 5.17797 4.84446 5.3232 5.24567 5.17489 5.21019 5.02402 5.56837 5.29801 4.87408 5.2245 5.62202 5.10752 5.08209 5.38986 5.03126 5.38882 5.04919 5.3148 5.05138 5.34662 

--------------------------------------
Time: 17.0033
Split Ratios: 1 1 1 1 1 1 1 1 1 1 1 1 1 1 1 1 1 1 1 1 1 1 1 1 1 1 1 1 1 1 
Delays: 0.00630249 0.0109355 0.00887061 0.00575672 0.0060162 0.0101993 0.00878127 0.0103002 0.0114927 0.0110368 0.0113616 0.00987783 0.00843479 0.00987988 0.00905369 0.0101823 0.00675564 0.00866975 0.0135144 0.0102837 0.00609041 0.0109879 0.00980293 0.00851603 0.0121268 0.00856869 0.0101404 0.00792438 0.0127397 0.00802624 
Throughputs: 2.11354 1.7367 1.45818 1.90054 2.27738 1.52371 1.78586 1.70394 1.86778 1.86778 2.01523 1.67117 1.6384 1.70394 1.65478 1.5401 1.42541 1.7367 1.70394 1.68755 1.5401 2.08077 1.65478 1.72032 1.86778 1.78586 2.06438 1.75309 1.76947 1.5401 
Utility: 5.81517 5.06773 5.1022 5.79953 5.93632 5.00659 5.31503 5.10853 5.09079 5.13127 5.17825 5.13099 5.26911 5.1502 5.20825 5.01895 5.35184 5.2999 4.83694 5.10048 5.53288 5.24369 5.12874 5.30832 5.03709 5.33954 5.31606 5.39919 4.93372 5.25688 

--------------------------------------
Time: 17.5034
Split Ratios: 1 1 1 1 1 1 1 1 1 1 1 1 1 1 1 1 1 1 1 1 1 1 1 1 1 1 1 1 1 1 
Delays: 0.00623349 0.0141366 0.00928759 0.00574671 0.00607483 0.0105942 0.01243 0.013597 0.0109552 0.0103871 0.0118253 0.00958608 0.00827072 0.00934696 0.00830469 0.0102894 0.00706453 0.00894071 0.0170166 0.0101051 0.00616314 0.0106488 0.00981391 0.00921304 0.0156144 0.00870796 0.0109378 0.00797147 0.0110531 0.0079366 
Throughputs: 1.70394 1.91693 1.44179 1.80224 1.93331 1.80224 1.60563 1.90054 1.67117 1.50733 2.03162 2.06438 1.85139 1.72032 1.60563 1.55648 2.09715 1.60563 1.72032 1.88416 1.67117 1.85139 1.68755 1.70394 1.72032 1.86778 2.01523 2.06438 1.57286 1.44179 
Utility: 5.61076 4.90971 5.04496 5.74816 5.76284 5.13648 4.86116 4.94005 5.02747 4.97753 5.14634 5.37228 5.41097 5.21521 5.26445 5.01907 5.69325 5.19066 4.61608 5.2282 5.60269 5.15825 5.14723 5.22008 4.70207 5.36827 5.21627 5.55672 4.95794 5.20216 

--------------------------------------
Time: 18.0036
Split Ratios: 1 1 1 1 1 1 1 1 1 1 1 1 1 1 1 1 1 1 1 1 1 1 1 1 1 1 1 1 1 1 
Delays: 0.00652239 0.01082 0.0086932 0.00577198 0.00595339 0.0104513 0.00920847 0.0105861 0.0107565 0.0103608 0.0112742 0.00937489 0.00848259 0.0094922 0.00850863 0.0103865 0.00715934 0.00885587 0.0135636 0.010129 0.00601041 0.0106626 0.00991373 0.00871873 0.0129359 0.00886502 0.0103354 0.00800643 0.0110593 0.00800358 
Throughputs: 1.99885 1.78586 1.67117 1.88416 1.80224 1.47456 1.5401 2.08077 1.68755 1.47456 1.72032 1.81862 1.85139 1.88416 1.49094 1.91693 1.68755 2.1463 1.55648 2.12992 1.5401 1.58925 1.80224 1.6384 1.91693 1.85139 1.76947 1.88416 1.96608 1.83501 
Utility: 5.72508 5.10625 5.25874 5.78822 5.71282 4.94939 5.11948 5.28095 5.05552 4.95809 5.02775 5.2678 5.38568 5.29077 5.16608 5.21797 5.46262 5.49042 4.74279 5.34844 5.54611 5.00427 5.20287 5.236 4.99847 5.34158 5.14286 5.46099 5.18052 5.43491 

--------------------------------------
Time: 18.5036
Split Ratios: 1 1 1 1 1 1 1 1 1 1 1 1 1 1 1 1 1 1 1 1 1 1 1 1 1 1 1 1 1 1 
Delays: 0.00637474 0.011742 0.00893965 0.00581068 0.00613182 0.0105356 0.00989251 0.0108197 0.0110317 0.0106649 0.0124444 0.00933493 0.00836737 0.00898263 0.00881067 0.010694 0.00782339 0.00878528 0.0138649 0.0106086 0.00644399 0.0108933 0.00990173 0.010017 0.0123521 0.00859223 0.0115323 0.00803745 0.0113784 0.00798549 
Throughputs: 1.80224 1.85139 1.68755 1.60563 1.75309 1.75309 1.40902 1.98246 1.81862 1.67117 1.75309 1.80224 1.85139 1.83501 1.86778 1.96608 1.88416 1.91693 1.68755 1.9497 1.93331 1.91693 1.65478 1.88416 1.70394 1.60563 1.7367 2.09715 1.55648 1.67117 
Utility: 5.64444 5.06052 5.24054 5.62158 5.65564 5.11437 4.95887 5.21073 5.10506 5.05432 4.94786 5.26302 5.39935 5.31951 5.35654 5.21412 5.48412 5.3854 4.80167 5.21377 5.70384 5.17033 5.11872 5.23696 4.92687 5.23041 5.01459 5.56422 4.91847 5.34365 

--------------------------------------
Time: 19.004
Split Ratios: 1 1 1 1 1 1 1 1 1 1 1 1 1 1 1 1 1 1 1 1 1 1 1 1 1 1 1 1 1 1 
Delays: 0.00611043 0.011713 0.00870537 0.00588186 0.00600905 0.0119402 0.00906191 0.0112972 0.0120817 0.010879 0.0109674 0.010462 0.00848115 0.00927846 0.00913883 0.0104468 0.00660826 0.0083242 0.0155653 0.010301 0.00610109 0.0105774 0.00995341 0.008291 0.0134038 0.00860634 0.010305 0.00812378 0.0113785 0.0079257 
Throughputs: 1.6384 2.09715 1.76947 1.81862 1.75309 1.57286 1.90054 1.58925 1.91693 1.86778 1.68755 1.88416 1.72032 1.6384 1.68755 1.70394 1.67117 1.67117 1.68755 2.01523 1.68755 1.70394 1.75309 1.80224 1.7367 1.76947 1.90054 1.70394 1.70394 1.80224 
Utility: 5.59148 5.18763 5.3145 5.73396 5.67587 4.88075 5.34582 4.94646 5.06679 5.14567 5.0361 5.19349 5.31242 5.17378 5.2185 5.0944 5.53296 5.30211 4.68599 5.27625 5.62257 5.08198 5.17122 5.38162 4.86421 5.32594 5.21727 5.3459 5.00897 5.42668 

--------------------------------------
Time: 19.5042
Split Ratios: 1 1 1 1 1 1 1 1 1 1 1 1 1 1 1 1 1 1 1 1 1 1 1 1 1 1 1 1 1 1 
Delays: 0.00625457 0.0137372 0.00883645 0.00579328 0.0060039 0.0105878 0.0117005 0.0125687 0.011091 0.0107998 0.0115984 0.0101499 0.00825426 0.00962699 0.00861908 0.0102633 0.00709612 0.00841977 0.0167254 0.0102734 0.00606955 0.0109312 0.00993429 0.00931984 0.0153429 0.00846257 0.0106623 0.00824144 0.0115197 0.00824219 
Throughputs: 1.88416 2.11354 1.68755 1.86778 1.86778 1.7367 1.62202 1.67117 1.68755 1.62202 1.9497 2.03162 1.49094 2.12992 1.7367 1.55648 1.80224 1.90054 1.76947 1.75309 1.90054 2.06438 1.60563 2.03162 1.7367 1.81862 1.50733 2.03162 1.49094 1.67117 
Utility: 5.70793 5.03601 5.25215 5.77581 5.74009 5.10004 4.9318 4.89007 5.0249 5.01189 5.12457 5.29912 5.19644 5.39927 5.30577 5.02161 5.53724 5.41931 4.66151 5.13958 5.74661 5.24097 5.08528 5.38444 4.72909 5.37018 4.95138 5.50741 4.86311 5.31201 

--------------------------------------
Time: 20.0044
Split Ratios: 1 1 1 1 1 1 1 1 1 1 1 1 1 1 1 1 1 1 1 1 1 1 1 1 1 1 1 1 1 1 
Delays: 0.00641999 0.0120403 0.00885401 0.00580518 0.00610454 0.0102486 0.0104584 0.0117005 0.0111319 0.0104522 0.0120749 0.00933312 0.00831142 0.00923897 0.00846985 0.0102618 0.00791254 0.00825074 0.0156694 0.0102438 0.00617788 0.0108028 0.0098967 0.00943651 0.0142973 0.00864844 0.0108886 0.00813558 0.0106589 0.00811271 
Throughputs: 1.67117 1.90054 1.49094 1.99885 1.93331 1.93331 1.88416 1.90054 1.96608 1.75309 1.7367 1.68755 1.5401 1.68755 1.58925 1.76947 1.7367 1.80224 1.55648 1.88416 1.57286 2.01523 1.75309 2.12992 1.80224 2.06438 1.78586 1.86778 1.52371 1.58925 
Utility: 5.56186 5.06163 5.12629 5.84158 5.75796 5.23985 5.19383 5.09027 5.17398 5.12233 4.96862 5.19747 5.22197 5.2076 5.2345 5.15001 5.3913 5.38648 4.59847 5.21456 5.53968 5.22868 5.17693 5.41925 4.83672 5.47521 5.09994 5.43626 4.96251 5.27758 

--------------------------------------
Time: 20.5046
Split Ratios: 1 1 1 1 1 1 1 1 1 1 1 1 1 1 1 1 1 1 1 1 1 1 1 1 1 1 1 1 1 1 
Delays: 0.00616132 0.00991943 0.00895307 0.00576957 0.00607325 0.0107688 0.00763365 0.00950858 0.0111619 0.0107136 0.0110612 0.00967938 0.00840004 0.00933821 0.00861678 0.0105478 0.00649048 0.00864282 0.0124434 0.0101671 0.00621106 0.0109259 0.00989797 0.00851731 0.0113766 0.00847619 0.0104779 0.00812342 0.0115666 0.00808049 
Throughputs: 1.78586 1.9497 1.49094 2.08077 1.78586 1.81862 1.68755 1.60563 1.72032 1.70394 1.68755 1.93331 1.72032 1.76947 1.85139 1.47456 1.7367 2.03162 1.76947 2.01523 1.83501 2.06438 1.40902 1.50733 1.50733 1.81862 1.83501 1.98246 1.98246 1.5401 
Utility: 5.66936 5.28093 5.11517 5.88789 5.68376 5.12918 5.39847 5.12908 5.03776 5.06918 5.02759 5.29699 5.32203 5.24432 5.36998 4.94019 5.58941 5.45986 4.95725 5.28933 5.68847 5.24145 4.95832 5.17599 4.88654 5.36857 5.16553 5.49734 5.14397 5.25015 

--------------------------------------
Time: 21.0046
Split Ratios: 1 1 1 1 1 1 1 1 1 1 1 1 1 1 1 1 1 1 1 1 1 1 1 1 1 1 1 1 1 1 
Delays: 0.00643578 0.0151465 0.0092519 0.00589271 0.00594902 0.0105022 0.0126491 0.0135548 0.0114444 0.0109866 0.0116991 0.00976759 0.00862142 0.0092897 0.00890981 0.0106458 0.00675608 0.00902164 0.0181793 0.0102067 0.00607539 0.0105248 0.00986332 0.00835991 0.0168591 0.00888465 0.0102568 0.00819888 0.0117006 0.00821925 
Throughputs: 1.83501 1.60563 1.88416 1.9497 1.85139 1.83501 2.06438 1.75309 1.9497 1.72032 2.01523 1.76947 1.65478 1.65478 1.78586 1.7367 1.6384 1.68755 1.80224 1.86778 1.5401 1.7367 1.47456 1.7367 1.81862 1.96608 1.72032 1.93331 1.93331 1.88416 
Utility: 5.65293 4.6635 5.31641 5.80171 5.74047 5.16322 5.095 4.86239 5.13793 5.05359 5.14898 5.19937 5.25718 5.18252 5.3005 5.09458 5.49103 5.23141 4.5965 5.20946 5.53535 5.10601 5.00729 5.3363 4.68095 5.39947 5.12232 5.46299 5.10735 5.43476 

--------------------------------------
Time: 21.5047
Split Ratios: 1 1 1 1 1 1 1 1 1 1 1 1 1 1 1 1 1 1 1 1 1 1 1 1 1 1 1 1 1 1 
Delays: 0.00615355 0.0123836 0.00844434 0.00578678 0.0058679 0.0105037 0.00999642 0.0117925 0.0112019 0.010279 0.0109349 0.0100221 0.00834314 0.00950903 0.00846638 0.0101114 0.00697185 0.00862434 0.0151005 0.0102863 0.00603277 0.0105069 0.00998711 0.00852603 0.0144204 0.00832567 0.0102062 0.00788826 0.0112964 0.00793082 
Throughputs: 1.72032 1.7367 1.62202 1.6384 1.6384 1.81862 1.76947 1.81862 1.86778 1.72032 1.88416 1.55648 1.68755 1.80224 1.60563 1.75309 1.50733 1.40902 1.67117 1.7367 1.60563 1.86778 1.65478 1.6384 1.90054 1.83501 1.57286 1.91693 1.57286 1.58925 
Utility: 5.63324 4.94337 5.25793 5.6459 5.63198 5.15411 5.17621 5.03837 5.11642 5.12016 5.14928 5.04538 5.30959 5.24454 5.24517 5.15547 5.37621 5.09606 4.70655 5.12894 5.58407 5.18048 5.11013 5.25835 4.88125 5.39546 5.03766 5.4931 4.93617 5.30026 

--------------------------------------
Time: 22.0048
Split Ratios: 1 1 1 1 1 1 1 1 1 1 1 1 1 1 1 1 1 1 1 1 1 1 1 1 1 1 1 1 1 1 
Delays: 0.00637452 0.0176462 0.00891759 0.00583103 0.00614544 0.0105496 0.0150589 0.0170026 0.0112614 0.0111575 0.0115105 0.0102682 0.00814754 0.0100465 0.00901107 0.0106736 0.00719576 0.00885673 0.0200877 0.0105423 0.00603956 0.0109133 0.0102064 0.00868486 0.0193054 0.00863249 0.0104886 0.00791082 0.0120318 0.00810331 
Throughputs: 1.96608 1.9497 1.7367 1.99885 2.01523 1.72032 1.88416 2.1463 2.01523 2.06438 1.68755 2.01523 1.49094 1.85139 1.88416 1.76947 2.06438 2.01523 1.78586 2.11354 1.60563 1.70394 1.58925 1.80224 1.80224 1.86778 1.68755 1.98246 1.6384 1.68755 
Utility: 5.73149 4.70491 5.27172 5.83713 5.79278 5.09418 4.82927 4.83814 5.18711 5.22047 4.98778 5.27944 5.20945 5.21647 5.34278 5.11066 5.6591 5.42731 4.48755 5.30072 5.58294 5.05071 5.048 5.3352 4.5364 5.37697 5.08074 5.52386 4.91392 5.33876 

--------------------------------------
Time: 22.505
Split Ratios: 1 1 1 1 1 1 1 1 1 1 1 1 1 1 1 1 1 1 1 1 1 1 1 1 1 1 1 1 1 1 
Delays: 0.00655316 0.0111955 0.00978133 0.00573793 0.00606999 0.0103304 0.00889643 0.0103107 0.011419 0.0111442 0.0119785 0.00944392 0.00854008 0.00883453 0.00917518 0.0110031 0.00668526 0.0091133 0.0141446 0.0101414 0.00608022 0.0103399 0.00991558 0.00872853 0.0123308 0.00921946 0.0104813 0.00809387 0.0114076 0.0082285 
Throughputs: 1.80224 1.85139 1.62202 1.67117 1.78586 1.55648 1.50733 1.75309 1.90054 1.85139 1.80224 1.7367 1.40902 1.76947 1.9497 1.98246 1.6384 1.93331 1.93331 1.52371 1.81862 1.83501 1.67117 1.70394 2.048 2.09715 1.57286 1.88416 1.83501 1.70394 
Utility: 5.61684 5.10818 5.11095 5.67418 5.6843 5.01509 5.13244 5.13595 5.11462 5.11277 5.01368 5.21437 5.10588 5.29977 5.35893 5.19392 5.50157 5.35725 4.91766 5.01227 5.70079 5.1788 5.12717 5.2741 5.11252 5.42702 5.01106 5.45013 5.08052 5.33309 

--------------------------------------
Time: 23.0051
Split Ratios: 1 1 1 1 1 1 1 1 1 1 1 1 1 1 1 1 1 1 1 1 1 1 1 1 1 1 1 1 1 1 
Delays: 0.00648407 0.0125496 0.00943949 0.00574577 0.00607067 0.0104966 0.0105947 0.0121346 0.0110747 0.0116164 0.0116795 0.00926154 0.00841763 0.00961816 0.00935903 0.0104797 0.00687282 0.00894742 0.0158488 0.0101425 0.00611292 0.010646 0.00989626 0.00887978 0.0144569 0.00880345 0.0105029 0.00793391 0.0117992 0.00786982 
Throughputs: 1.88416 1.81862 1.7367 1.85139 2.19546 1.99885 1.75309 1.91693 1.88416 1.80224 2.06438 1.5401 1.72032 1.86778 2.24461 1.78586 1.50733 1.78586 1.86778 1.72032 1.52371 1.88416 1.60563 1.99885 1.76947 1.65478 1.60563 1.70394 1.75309 1.70394 
Utility: 5.67189 4.97614 5.21484 5.77523 5.89068 5.24927 5.10878 5.06242 5.13658 5.04437 5.17475 5.11373 5.31994 5.26885 5.47994 5.13821 5.39052 5.29629 4.76941 5.13353 5.5185 5.17605 5.08912 5.41655 4.80726 5.23628 5.02963 5.36955 5.00111 5.37766 

--------------------------------------
Time: 23.506
Split Ratios: 1 1 1 1 1 1 1 1 1 1 1 1 1 1 1 1 1 1 1 1 1 1 1 1 1 1 1 1 1 1 
Delays: 0.00671461 0.0106546 0.00930791 0.00574063 0.00598984 0.011027 0.00836087 0.00965292 0.0118296 0.0111503 0.0116485 0.0100017 0.00850699 0.00930866 0.00913908 0.0108445 0.00713159 0.00912557 0.0137069 0.0103643 0.00625124 0.0106467 0.00998652 0.0089386 0.0119937 0.00881775 0.0108352 0.00789786 0.0115323 0.0078954 
Throughputs: 2.22822 2.03162 1.68755 1.78586 2.01523 1.78586 1.47456 1.85139 1.85139 1.52371 1.9497 1.81862 1.75309 1.62202 2.1463 1.99885 1.83501 1.93331 1.6384 1.67117 1.6384 1.76947 1.91693 1.98246 1.57286 1.81862 1.80224 1.70394 1.90054 1.83501 
Utility: 5.80467 5.2506 5.20017 5.74008 5.81843 5.0873 5.17255 5.25643 5.05309 4.91744 5.12026 5.20308 5.32825 5.16048 5.45894 5.21667 5.55027 5.35591 4.78358 5.08291 5.5687 5.11319 5.25724 5.40172 4.87627 5.32907 5.11399 5.3741 5.10474 5.44852 

--------------------------------------
Time: 24.006
Split Ratios: 1 1 1 1 1 1 1 1 1 1 1 1 1 1 1 1 1 1 1 1 1 1 1 1 1 1 1 1 1 1 
Delays: 0.00632441 0.0140748 0.0113774 0.00596257 0.00593639 0.0105372 0.012253 0.0122111 0.0114322 0.0110209 0.0133285 0.00959608 0.00841317 0.00946859 0.00888972 0.0105177 0.00739091 0.0104948 0.0161988 0.0107272 0.00611576 0.0109207 0.00996757 0.00893875 0.0162388 0.0107398 0.0105389 0.00815418 0.0117762 0.00796061 
Throughputs: 1.83501 1.78586 1.75309 1.90054 1.86778 1.83501 2.048 1.68755 1.85139 1.76947 1.76947 1.80224 1.67117 1.81862 2.22822 1.47456 1.90054 1.90054 2.03162 1.80224 1.45818 2.06438 1.67117 1.83501 1.70394 2.31014 1.6384 2.06438 1.6384 1.52371 
Utility: 5.67039 4.84326 5.03751 5.76439 5.7514 5.15989 5.11885 4.92869 5.08725 5.07864 4.88853 5.23543 5.29148 5.25785 5.52406 4.94306 5.54964 5.19901 4.83165 5.124 5.47407 5.24193 5.12194 5.32441 4.65329 5.3711 5.0464 5.53406 4.93539 5.2544 

--------------------------------------
Time: 24.5061
Split Ratios: 1 1 1 1 1 1 1 1 1 1 1 1 1 1 1 1 1 1 1 1 1 1 1 1 1 1 1 1 1 1 
Delays: 0.00611406 0.0145963 0.00964977 0.00574218 0.00604347 0.0103009 0.0117557 0.0140414 0.0112674 0.0102846 0.0115668 0.010171 0.00859996 0.00897925 0.00824546 0.0102481 0.00682612 0.00903526 0.0172444 0.0102769 0.00601712 0.0106116 0.00977306 0.00845347 0.0158853 0.00873856 0.0102486 0.00780073 0.0110577 0.00782721 
Throughputs: 1.67117 1.60563 1.68755 1.6384 1.98246 2.08077 1.81862 1.90054 1.70394 1.60563 1.85139 1.7367 1.70394 1.62202 1.72032 1.44179 1.65478 1.83501 1.70394 1.7367 1.93331 1.91693 1.55648 1.86778 1.83501 1.72032 1.39264 1.55648 1.6384 1.75309 
Utility: 5.61069 4.7005 5.1641 5.65364 5.79312 5.30826 5.0415 4.90789 5.01878 5.05062 5.07555 5.14021 5.28894 5.19651 5.3406 4.94655 5.49067 5.31367 4.59321 5.12985 5.77238 5.19653 5.07055 5.39793 4.74941 5.28252 4.91182 5.29597 4.99835 5.41153 

--------------------------------------
Time: 25.0061
Split Ratios: 1 1 1 1 1 1 1 1 1 1 1 1 1 1 1 1 1 1 1 1 1 1 1 1 1 1 1 1 1 1 
Delays: 0.00624177 0.0120686 0.00885537 0.00573414 0.00592804 0.0105779 0.00989129 0.0116582 0.011173 0.0104903 0.0115242 0.00909722 0.00845324 0.00894606 0.00839506 0.010302 0.00706394 0.00874864 0.0151522 0.0103768 0.00624673 0.0105087 0.00981304 0.00892938 0.013149 0.00889802 0.0107908 0.00797903 0.0105937 0.0079085 
Throughputs: 1.50733 1.67117 1.86778 1.76947 2.11354 1.60563 1.49094 1.9497 1.70394 1.62202 1.75309 1.76947 1.99885 1.57286 1.68755 1.93331 1.88416 1.98246 1.76947 2.048 1.6384 1.80224 1.80224 1.70394 1.88416 1.70394 1.5401 1.67117 1.6384 1.80224 
Utility: 5.48683 4.93067 5.35148 5.732 5.87642 5.0225 5.01551 5.11942 5.02719 5.04098 5.02469 5.27047 5.46578 5.16944 5.30339 5.23465 5.58623 5.4232 4.76029 5.28505 5.56942 5.14458 5.21307 5.25135 4.96489 5.25487 4.96091 5.34446 5.04122 5.42885 

--------------------------------------
Time: 25.5062
Split Ratios: 1 1 1 1 1 1 1 1 1 1 1 1 1 1 1 1 1 1 1 1 1 1 1 1 1 1 1 1 1 1 
Delays: 0.00619489 0.0130376 0.00900186 0.00581765 0.0060914 0.0105444 0.010626 0.0117071 0.0112597 0.0111393 0.0110989 0.00975863 0.00852512 0.00961729 0.00905702 0.0110193 0.00711155 0.00878463 0.01637 0.010648 0.0061107 0.0109582 0.00993664 0.00840974 0.0145909 0.00862938 0.0101438 0.00821987 0.0120649 0.00812356 
Throughputs: 1.60563 1.9497 1.86778 2.06438 1.60563 1.75309 1.57286 1.9497 1.9497 1.99885 1.80224 1.80224 1.7367 1.67117 1.90054 1.85139 1.90054 1.75309 1.70394 2.11354 1.34349 1.9497 1.80224 1.72032 2.06438 1.91693 1.5401 1.86778 1.70394 1.96608 
Utility: 5.55755 5.00759 5.33507 5.87169 5.57439 5.11354 4.99735 5.11523 5.1542 5.18985 5.08994 5.21863 5.31673 5.15772 5.34636 5.12405 5.58817 5.29613 4.64524 5.29075 5.39298 5.18134 5.20056 5.32087 4.95219 5.40331 5.02273 5.42595 4.95039 5.48903 

--------------------------------------
Time: 26.0063
Split Ratios: 1 1 1 1 1 1 1 1 1 1 1 1 1 1 1 1 1 1 1 1 1 1 1 1 1 1 1 1 1 1 
Delays: 0.00645587 0.0111857 0.00963568 0.00573761 0.00602105 0.0105255 0.00858446 0.0109481 0.011002 0.01099 0.0120707 0.0100027 0.00822865 0.00979722 0.00883351 0.0104827 0.00750381 0.00911509 0.0138102 0.0100661 0.00609073 0.0115022 0.00988204 0.00929194 0.0123194 0.00844839 0.0110667 0.00851697 0.0120431 0.00834721 
Throughputs: 1.81862 1.55648 1.52371 1.96608 1.78586 1.76947 1.58925 1.98246 1.62202 1.86778 1.98246 2.06438 1.83501 2.03162 1.65478 1.57286 1.67117 1.70394 1.78586 1.80224 1.52371 1.96608 1.75309 1.42541 1.76947 1.98246 1.65478 2.12992 1.6384 1.9497 
Utility: 5.64085 4.93555 5.06343 5.83675 5.69239 5.12463 5.22106 5.19893 4.99335 5.13552 5.10131 5.32973 5.40718 5.33449 5.23287 5.01093 5.40587 5.23076 4.86225 5.18761 5.52214 5.14126 5.17842 5.03307 4.96726 5.45812 5.00749 5.52178 4.91299 5.4535 

--------------------------------------
Time: 26.5066
Split Ratios: 1 1 1 1 1 1 1 1 1 1 1 1 1 1 1 1 1 1 1 1 1 1 1 1 1 1 1 1 1 1 
Delays: 0.00641704 0.0209502 0.00882012 0.00584128 0.00605513 0.0106672 0.0190688 0.0201127 0.0110247 0.0107103 0.0111285 0.00964702 0.00829658 0.00954644 0.0086334 0.0103265 0.00639749 0.00840899 0.0231817 0.00997643 0.00620197 0.0105404 0.00993824 0.0084323 0.0226479 0.00855854 0.00998303 0.00792465 0.0112562 0.0078294 
Throughputs: 1.80224 1.78586 1.75309 1.83501 1.83501 1.67117 2.11354 2.19546 1.88416 1.58925 1.49094 1.70394 1.60563 1.5401 1.80224 1.47456 1.49094 1.81862 1.81862 1.7367 1.75309 1.85139 1.91693 2.03162 1.83501 1.70394 1.42541 2.048 1.78586 1.65478 
Utility: 5.63783 4.44551 5.2921 5.74985 5.7139 5.05411 4.70807 4.69279 5.1411 4.99981 4.89766 5.17405 5.26543 5.08343 5.34115 4.9614 5.45126 5.37653 4.36247 5.15952 5.64427 5.16848 5.26209 5.48452 4.39474 5.29377 4.96133 5.55464 5.06673 5.35354 

--------------------------------------
Time: 27.0067
Split Ratios: 1 1 1 1 1 1 1 1 1 1 1 1 1 1 1 1 1 1 1 1 1 1 1 1 1 1 1 1 1 1 
Delays: 0.00630152 0.0121484 0.00936383 0.00572948 0.00588028 0.0105949 0.00995057 0.0118328 0.011325 0.012734 0.0116002 0.0101055 0.00871338 0.0106687 0.0103486 0.010635 0.00660117 0.00911789 0.0151602 0.0102018 0.0059597 0.0107204 0.00995172 0.00833532 0.0133697 0.00888744 0.0102963 0.00802324 0.0129112 0.00813385 
Throughputs: 1.70394 1.65478 1.88416 1.90054 1.70394 1.65478 1.9497 1.9497 1.91693 2.17907 1.75309 2.06438 1.80224 1.76947 2.19546 1.81862 1.83501 1.99885 1.78586 1.83501 1.7367 1.98246 1.62202 1.75309 1.83501 1.72032 1.40902 1.76947 1.88416 1.6384 
Utility: 5.5999 4.91423 5.30438 5.80427 5.66909 5.05106 5.2778 5.10455 5.13147 5.14238 5.01811 5.31951 5.33193 5.11112 5.35729 5.14169 5.62756 5.39009 4.76898 5.19224 5.67472 5.21994 5.09368 5.34863 4.92181 5.26563 4.91887 5.39609 4.98315 5.30544 

--------------------------------------
Time: 27.5068
Split Ratios: 1 1 1 1 1 1 1 1 1 1 1 1 1 1 1 1 1 1 1 1 1 1 1 1 1 1 1 1 1 1 
Delays: 0.00616545 0.0104057 0.00849253 0.00570492 0.00596067 0.0104 0.00846761 0.0107106 0.0109137 0.0118443 0.0105391 0.00966977 0.00815414 0.0108838 0.00954804 0.0104485 0.0064392 0.00843809 0.0128271 0.00998127 0.00608424 0.0106938 0.00977691 0.0083627 0.0118563 0.00835915 0.00998842 0.00801899 0.012167 0.00782458 
Throughputs: 1.70394 1.76947 1.7367 1.70394 2.01523 1.58925 1.52371 1.93331 1.75309 1.99885 1.6384 1.6384 1.49094 2.26099 1.67117 1.85139 1.57286 2.01523 1.7367 1.70394 1.45818 1.88416 1.35987 1.57286 1.76947 1.57286 1.62202 1.78586 1.93331 1.83501 
Utility: 5.62173 5.13609 5.32056 5.69937 5.82331 5.02921 5.19266 5.19576 5.07911 5.12848 5.04638 5.13247 5.20864 5.33629 5.16494 5.17723 5.49825 5.47573 4.90819 5.13999 5.47924 5.17157 4.93512 5.23687 5.00558 5.2373 5.09 5.40584 5.06826 5.45753 

--------------------------------------
Time: 28.0069
Split Ratios: 1 1 1 1 1 1 1 1 1 1 1 1 1 1 1 1 1 1 1 1 1 1 1 1 1 1 1 1 1 1 
Delays: 0.00636259 0.0108985 0.00964502 0.00586267 0.00616965 0.0104496 0.00943435 0.0102805 0.0112028 0.0106549 0.0121567 0.0097693 0.00847869 0.00966662 0.008754 0.0104376 0.00714478 0.0093426 0.0144942 0.0103417 0.00611725 0.0108888 0.00986526 0.00873267 0.0128704 0.00920182 0.0106793 0.00818126 0.0114726 0.00827049 
Throughputs: 1.86778 2.03162 1.60563 1.85139 1.80224 1.68755 2.048 1.55648 1.72032 1.78586 1.80224 1.90054 1.75309 1.90054 1.65478 1.76947 2.1463 1.93331 1.50733 1.67117 1.78586 1.75309 1.58925 1.76947 1.7367 2.12992 1.83501 1.85139 1.62202 1.75309 
Utility: 5.68207 5.22797 5.11483 5.75509 5.67714 5.08447 5.38026 5.01994 5.0341 5.12163 4.9989 5.27065 5.33158 5.28122 5.24191 5.13302 5.70512 5.33241 4.64435 5.08509 5.67654 5.0814 5.082 5.31137 4.90481 5.44444 5.14649 5.42185 4.95147 5.35644 

--------------------------------------
Time: 28.5072
Split Ratios: 1 1 1 1 1 1 1 1 1 1 1 1 1 1 1 1 1 1 1 1 1 1 1 1 1 1 1 1 1 1 
Delays: 0.00615995 0.0136215 0.00897684 0.00579469 0.005883 0.0115948 0.011719 0.0129398 0.0120004 0.0107322 0.0108721 0.0107974 0.00860415 0.0100525 0.00867307 0.0102817 0.00686591 0.00874013 0.0174912 0.0100463 0.00603017 0.0105094 0.00975753 0.0083769 0.014894 0.00853405 0.010181 0.0080136 0.0116483 0.00802745 
Throughputs: 1.67117 1.80224 1.47456 1.96608 1.58925 1.37626 1.62202 1.68755 2.22822 1.72032 1.85139 1.76947 1.42541 1.83501 1.83501 1.85139 1.34349 1.75309 2.37568 1.58925 1.85139 1.76947 1.60563 1.81862 1.75309 1.70394 1.27795 1.72032 1.76947 1.81862 
Utility: 5.60321 4.88513 5.10147 5.82685 5.59895 4.77657 4.93021 4.87073 5.22402 5.07702 5.13749 5.09913 5.10997 5.20698 5.35458 5.19333 5.27646 5.30121 4.91134 5.06381 5.72692 5.12617 5.10323 5.38036 4.76818 5.29663 4.83249 5.36913 5.02328 5.42297 

--------------------------------------
Time: 29.0074
Split Ratios: 1 1 1 1 1 1 1 1 1 1 1 1 1 1 1 1 1 1 1 1 1 1 1 1 1 1 1 1 1 1 
Delays: 0.00641283 0.0102341 0.00902538 0.00582031 0.00596265 0.0109083 0.00853678 0.00954525 0.0114429 0.0110082 0.0112515 0.00946895 0.00813319 0.00923924 0.00916546 0.0102588 0.00643202 0.00876627 0.0136206 0.0101109 0.00618362 0.0107789 0.0097322 0.0085612 0.011955 0.00887458 0.0102024 0.00809175 0.0111059 0.00795907 
Throughputs: 1.86778 1.9497 1.72032 1.80224 1.9497 1.72032 1.72032 1.6384 1.60563 1.55648 2.19546 1.68755 1.72032 1.80224 1.80224 1.70394 1.58925 1.62202 1.80224 1.57286 1.72032 1.55648 1.6384 1.52371 1.6384 1.72032 1.70394 1.96608 1.81862 1.75309 
Utility: 5.6742 5.24971 5.25023 5.73543 5.78991 5.06074 5.30588 5.14543 4.94391 4.95154 5.27364 5.18302 5.35431 5.27333 5.28134 5.11256 5.50973 5.22051 4.88521 5.04704 5.62836 4.97259 5.12604 5.18166 4.92032 5.26707 5.11807 5.49295 5.09836 5.39482 

--------------------------------------
Time: 29.5075
Split Ratios: 1 1 1 1 1 1 1 1 1 1 1 1 1 1 1 1 1 1 1 1 1 1 1 1 1 1 1 1 1 1 
Delays: 0.00637235 0.0109664 0.00869125 0.0057763 0.00600429 0.0109125 0.00928852 0.0103423 0.0112678 0.0106498 0.0109946 0.00935352 0.00850763 0.00922176 0.00854604 0.010484 0.0069599 0.00844178 0.0142854 0.0105225 0.00627546 0.0104533 0.00993939 0.00863961 0.0121387 0.00831843 0.0102232 0.00776606 0.011149 0.00785397 
Throughputs: 1.52371 1.80224 1.7367 1.6384 1.9497 2.048 1.6384 1.9497 1.99885 1.75309 1.81862 1.57286 1.78586 1.86778 1.55648 1.9497 1.81862 1.78586 1.58925 1.67117 1.78586 1.58925 1.7367 1.49094 1.78586 1.52371 1.58925 1.83501 1.85139 1.57286 
Utility: 5.47694 5.10195 5.29743 5.64771 5.78295 5.23471 5.1727 5.23918 5.17838 5.1036 5.10843 5.1249 5.34669 5.31094 5.20471 5.22558 5.56567 5.35446 4.71178 5.06776 5.65101 5.0241 5.16324 5.15081 4.99126 5.21043 5.04636 5.46504 5.11235 5.29963 

--------------------------------------
Time: 30.0076
Split Ratios: 1 1 1 1 1 1 1 1 1 1 1 1 1 1 1 1 1 1 1 1 1 1 1 1 1 1 1 1 1 1 
Delays: 0.00678454 0.0125948 0.00904719 0.00587461 0.00607971 0.0109335 0.00965154 0.0107864 0.0118504 0.0114368 0.0117445 0.0113075 0.00850996 0.0100947 0.00930804 0.0108639 0.00665521 0.0090404 0.0149326 0.0106544 0.00611975 0.0111842 0.0100924 0.00857216 0.0130198 0.00898723 0.0102812 0.00809452 0.0124869 0.00820651 
Throughputs: 2.03162 2.048 1.62202 1.91693 1.78586 1.90054 1.81862 1.78586 1.70394 1.86778 1.90054 2.17907 2.16269 1.65478 1.83501 1.99885 1.57286 2.08077 1.50733 2.17907 1.75309 1.91693 1.5401 1.86778 1.81862 2.1463 1.37626 2.16269 1.96608 1.72032 
Utility: 5.70194 5.09134 5.18897 5.78784 5.6827 5.15807 5.23872 5.10936 4.96833 5.09567 5.08651 5.26119 5.53787 5.09942 5.28393 5.21488 5.46525 5.43879 4.61455 5.32069 5.65761 5.14398 5.02782 5.38398 4.93937 5.4757 4.89681 5.58792 5.05912 5.34534 

--------------------------------------
Time: 30.5079
Split Ratios: 1 1 1 1 1 1 1 1 1 1 1 1 1 1 1 1 1 1 1 1 1 1 1 1 1 1 1 1 1 1 
Delays: 0.00620561 0.0117797 0.00876898 0.00590008 0.0059666 0.0104037 0.00976791 0.0110831 0.0110198 0.0105768 0.0112228 0.00980116 0.00827782 0.00958201 0.00844012 0.010283 0.00715161 0.00859576 0.0147357 0.0101911 0.00594904 0.010791 0.00990611 0.00863846 0.0129407 0.00868266 0.0102945 0.00802516 0.0113195 0.00798695 
Throughputs: 1.78586 1.68755 1.57286 1.75309 1.85139 1.75309 1.65478 2.11354 1.85139 1.47456 1.72032 1.86778 1.42541 1.81862 1.7367 1.76947 1.96608 2.01523 1.76947 1.78586 1.31072 1.70394 1.49094 1.65478 1.91693 2.03162 1.72032 1.81862 2.09715 1.85139 
Utility: 5.6622 4.96465 5.18943 5.69417 5.73752 5.12698 5.13232 5.25069 5.124 4.93745 5.03232 5.25 5.14863 5.24595 5.32675 5.14794 5.61646 5.45722 4.78816 5.16614 5.3951 5.06198 5.01401 5.2552 4.9981 5.45526 5.11865 5.42325 5.22181 5.44588 

--------------------------------------
Time: 31.0081
Split Ratios: 1 1 1 1 1 1 1 1 1 1 1 1 1 1 1 1 1 1 1 1 1 1 1 1 1 1 1 1 1 1 
Delays: 0.00628222 0.013773 0.00851195 0.00578484 0.00609791 0.0108957 0.0116021 0.0128318 0.0121652 0.0114998 0.0105056 0.0104052 0.00880526 0.00999317 0.00950652 0.011389 0.00685432 0.00813061 0.0179231 0.0101688 0.00597979 0.0108156 0.010146 0.008418 0.0145941 0.0082576 0.0100815 0.00805792 0.0121375 0.00811215 
Throughputs: 1.88416 1.76947 1.70394 1.78586 2.11354 1.93331 1.83501 1.81862 1.85139 1.80224 1.58925 1.88416 1.62202 1.81862 2.19546 1.85139 1.76947 1.70394 1.86778 2.03162 1.6384 1.7367 1.60563 1.5401 1.81862 1.7367 1.6384 1.83501 1.85139 1.9497 
Utility: 5.70351 4.85572 5.29923 5.73241 5.84817 5.17862 5.06362 4.95391 5.02512 5.05446 5.01911 5.19893 5.21608 5.20393 5.44217 5.09104 5.55356 5.34506 4.64641 5.29726 5.61309 5.07876 5.06419 5.20923 4.82522 5.34861 5.09078 5.42815 5.02739 5.48207 

--------------------------------------
Time: 31.5081
Split Ratios: 1 1 1 1 1 1 1 1 1 1 1 1 1 1 1 1 1 1 1 1 1 1 1 1 1 1 1 1 1 1 
Delays: 0.0063897 0.012187 0.00902921 0.00576612 0.00590967 0.0104412 0.0100615 0.0112747 0.0116065 0.0106385 0.0110016 0.00998919 0.00846888 0.00960801 0.00890836 0.0104165 0.00648394 0.00861386 0.0148569 0.0100892 0.0060473 0.0104823 0.00988901 0.0083753 0.0137731 0.00840768 0.0101665 0.00784197 0.0115457 0.00787073 
Throughputs: 1.76947 1.90054 1.68755 1.91693 1.76947 1.68755 1.96608 1.85139 1.76947 1.78586 1.68755 1.70394 1.98246 2.21184 1.75309 1.86778 1.67117 1.76947 1.83501 1.72032 1.67117 1.65478 1.52371 1.58925 1.88416 1.55648 1.81862 1.86778 1.65478 1.58925 
Utility: 5.62375 5.04952 5.23057 5.80648 5.70185 5.08527 5.27509 5.10113 5.02687 5.12318 5.03299 5.13919 5.4557 5.43898 5.28214 5.18911 5.55195 5.32506 4.81634 5.1388 5.62167 5.06174 5.03748 5.24573 4.91852 5.22104 5.18674 5.47301 4.96511 5.30786 

--------------------------------------
Time: 32.0081
Split Ratios: 1 1 1 1 1 1 1 1 1 1 1 1 1 1 1 1 1 1 1 1 1 1 1 1 1 1 1 1 1 1 
Delays: 0.00689974 0.0131378 0.0089231 0.00581014 0.00609787 0.0107229 0.0121927 0.0122235 0.0113182 0.0115709 0.0111907 0.00965695 0.00850991 0.00989272 0.00934921 0.0118799 0.00720634 0.00846174 0.016221 0.0100857 0.00619834 0.0110984 0.0105292 0.00867941 0.0151809 0.00856525 0.0104433 0.00814228 0.0120081 0.00820607 
Throughputs: 1.98246 1.91693 1.60563 1.72032 1.80224 1.76947 1.60563 2.01523 1.96608 1.7367 1.80224 1.57286 1.70394 1.76947 1.98246 2.37568 1.85139 1.90054 1.99885 1.76947 1.35987 1.68755 1.49094 1.85139 1.88416 1.9497 1.62202 2.11354 1.88416 2.09715 
Utility: 5.66061 4.98299 5.19263 5.69066 5.68885 5.10606 4.88044 5.10513 5.15739 5.01125 5.08171 5.09298 5.29946 5.18664 5.3568 5.29819 5.54873 5.41434 4.81402 5.16732 5.39086 5.02423 4.95301 5.36274 4.8212 5.42772 5.04547 5.55905 5.05566 5.54346 

--------------------------------------
Time: 32.5084
Split Ratios: 1 1 1 1 1 1 1 1 1 1 1 1 1 1 1 1 1 1 1 1 1 1 1 1 1 1 1 1 1 1 
Delays: 0.00631493 0.0151274 0.00859555 0.00577133 0.00617136 0.0110219 0.0142572 0.0144976 0.0116592 0.0115019 0.011198 0.00978824 0.00819442 0.0106055 0.00927991 0.0104886 0.00681901 0.00876723 0.0188925 0.0103484 0.00609174 0.0105403 0.00995156 0.0088743 0.0160357 0.00863597 0.0106031 0.00819101 0.012083 0.00818001 
Throughputs: 1.58925 1.9497 1.45818 1.99885 1.85139 1.62202 2.06438 1.68755 1.85139 1.83501 2.09715 1.96608 1.62202 1.90054 2.01523 1.68755 1.93331 1.78586 1.98246 1.70394 1.75309 1.62202 1.62202 1.57286 1.76947 1.81862 1.70394 1.86778 1.83501 1.75309 
Utility: 5.5281 4.85892 5.1337 5.84742 5.70377 4.99154 4.97533 4.75705 5.06759 5.07229 5.2326 5.30261 5.28797 5.18853 5.38064 5.08075 5.64728 5.31663 4.65333 5.10387 5.6622 5.03622 5.0937 5.17749 4.70362 5.3499 5.07955 5.42947 5.02301 5.36744 

--------------------------------------
Time: 33.0084
Split Ratios: 1 1 1 1 1 1 1 1 1 1 1 1 1 1 1 1 1 1 1 1 1 1 1 1 1 1 1 1 1 1 
Delays: 0.00658731 0.0101268 0.00890497 0.00576706 0.00598475 0.0108181 0.0090327 0.00982701 0.0115964 0.0109343 0.0109898 0.0102406 0.00866973 0.010221 0.00890281 0.0104036 0.00695562 0.00858322 0.013295 0.0100665 0.00606667 0.0113216 0.0100664 0.00852753 0.0120063 0.00854496 0.0105053 0.00813081 0.01224 0.00798058 
Throughputs: 1.83501 1.91693 1.42541 1.96608 1.93331 1.72032 1.5401 1.9497 1.91693 1.49094 2.19546 1.80224 1.93331 2.06438 1.75309 1.78586 1.49094 1.42541 1.76947 1.67117 1.5401 1.67117 1.42541 1.65478 1.47456 1.80224 1.57286 1.93331 1.99885 1.60563 
Utility: 5.62966 5.2433 5.0756 5.83164 5.77778 5.06905 5.13875 5.29029 5.10779 4.91526 5.29717 5.17043 5.40715 5.30814 5.28277 5.1455 5.36762 5.1124 4.89105 5.11207 5.53679 4.99456 4.95301 5.26813 4.81068 5.35144 5.00877 5.47133 5.09562 5.30426 

--------------------------------------
Time: 33.5085
Split Ratios: 1 1 1 1 1 1 1 1 1 1 1 1 1 1 1 1 1 1 1 1 1 1 1 1 1 1 1 1 1 1 
Delays: 0.00678558 0.00993422 0.00908201 0.00579388 0.00588864 0.0102939 0.00771326 0.00932256 0.011744 0.0110371 0.0117486 0.00982508 0.00837645 0.00918182 0.00928615 0.0104902 0.0072041 0.00872785 0.0131777 0.0102323 0.0059777 0.0108532 0.00992126 0.00921571 0.0118255 0.00865836 0.0105643 0.00800554 0.0118622 0.00791251 
Throughputs: 1.93331 1.67117 1.78586 1.81862 1.60563 1.45818 1.80224 1.70394 1.90054 1.80224 2.22822 1.65478 1.58925 1.78586 1.90054 1.91693 1.75309 1.85139 2.048 1.81862 1.57286 2.06438 1.37626 1.78586 1.6384 1.85139 1.31072 1.85139 1.58925 1.40902 
Utility: 5.65219 5.12529 5.28136 5.74903 5.60825 4.95339 5.45384 5.20826 5.08656 5.09552 5.24523 5.12649 5.24559 5.27043 5.32137 5.20804 5.49448 5.35717 5.04609 5.18029 5.57262 5.24813 4.93244 5.26674 4.93122 5.36517 4.82086 5.44356 4.89766 5.18221 

--------------------------------------
Time: 34.0085
Split Ratios: 1 1 1 1 1 1 1 1 1 1 1 1 1 1 1 1 1 1 1 1 1 1 1 1 1 1 1 1 1 1 
Delays: 0.00613086 0.0122325 0.00900966 0.00581706 0.00600474 0.0107858 0.0104801 0.0113457 0.0113298 0.0104582 0.0112535 0.0117558 0.00840769 0.0104212 0.00866026 0.0101656 0.00689167 0.00846819 0.0155369 0.0101359 0.00599807 0.0109513 0.00980026 0.00881056 0.0132627 0.00845416 0.0103402 0.00798604 0.0123849 0.00799136 
Throughputs: 1.67117 1.88416 1.68755 2.08077 1.80224 1.9497 1.78586 1.6384 1.90054 1.58925 1.86778 1.80224 1.40902 2.03162 1.5401 1.50733 1.67117 1.72032 1.81862 1.58925 1.47456 1.72032 1.88416 2.048 1.5401 1.62202 1.81862 2.09715 1.72032 1.7367 
Utility: 5.60794 5.03714 5.23274 5.8797 5.70424 5.1972 5.13818 4.97263 5.12246 5.02363 5.11182 5.03244 5.12151 5.27275 5.18085 4.99909 5.49096 5.31395 4.76262 5.05493 5.50468 5.05681 5.25883 5.44867 4.75464 5.25677 5.16979 5.57064 4.93378 5.38138 

--------------------------------------
Time: 34.5091
Split Ratios: 1 1 1 1 1 1 1 1 1 1 1 1 1 1 1 1 1 1 1 1 1 1 1 1 1 1 1 1 1 1 
Delays: 0.00621779 0.0111226 0.00895128 0.00578007 0.00613531 0.0105548 0.0091815 0.0112692 0.0112814 0.0107319 0.0110755 0.0105284 0.00853476 0.00960342 0.0087533 0.0103283 0.00676177 0.00856459 0.0147649 0.0101815 0.00618141 0.0111207 0.00980304 0.00904876 0.0127235 0.00835073 0.0104961 0.00787151 0.0116067 0.00792323 
Throughputs: 1.91693 1.78586 1.65478 2.03162 2.048 1.58925 1.60563 1.90054 1.9497 1.65478 1.50733 1.91693 1.55648 1.72032 1.72032 1.50733 1.80224 1.81862 1.70394 1.50733 1.70394 1.81862 1.50733 2.01523 1.78586 1.75309 1.57286 2.11354 2.1463 1.90054 
Utility: 5.73106 5.07868 5.21963 5.86217 5.81056 5.01444 5.16408 5.12782 5.15227 5.0382 4.91336 5.2044 5.20604 5.18815 5.28083 4.98321 5.5855 5.3582 4.74844 4.99752 5.61915 5.09702 5.0354 5.40586 4.9442 5.34679 5.00965 5.59287 5.21992 5.4801 

--------------------------------------
Time: 35.0091
Split Ratios: 1 1 1 1 1 1 1 1 1 1 1 1 1 1 1 1 1 1 1 1 1 1 1 1 1 1 1 1 1 1 
Delays: 0.00620108 0.0105307 0.00850875 0.00578049 0.00585114 0.0103362 0.00813272 0.00969301 0.0113223 0.0109181 0.0112558 0.0095475 0.00841256 0.00942804 0.00877251 0.010235 0.00717888 0.00832943 0.0128986 0.0103326 0.00596018 0.011009 0.00983462 0.00882041 0.0115885 0.00824963 0.0104581 0.00799691 0.0114456 0.00797144 
Throughputs: 1.62202 1.57286 1.5401 1.83501 2.01523 1.80224 1.72032 1.72032 1.78586 1.60563 1.75309 1.81862 1.5401 1.99885 1.90054 1.70394 1.93331 1.67117 1.45818 1.7367 1.57286 1.96608 1.72032 1.6384 1.85139 1.60563 1.76947 1.90054 1.75309 1.70394 
Utility: 5.5667 5.00636 5.19851 5.76032 5.84185 5.16114 5.35437 5.17886 5.06087 4.99085 5.04825 5.24956 5.20987 5.35664 5.37827 5.11488 5.59585 5.30148 4.72783 5.12444 5.57555 5.18508 5.16436 5.22441 5.07368 5.2711 5.13106 5.47084 5.03153 5.36483 

--------------------------------------
Time: 35.5091
Split Ratios: 1 1 1 1 1 1 1 1 1 1 1 1 1 1 1 1 1 1 1 1 1 1 1 1 1 1 1 1 1 1 
Delays: 0.00621081 0.0149591 0.00855867 0.00580486 0.00592156 0.0106779 0.0130286 0.0142071 0.0112765 0.0105419 0.0110475 0.00953792 0.00848753 0.00944214 0.00835271 0.010256 0.00660272 0.00857385 0.0177961 0.0101144 0.00621876 0.0104895 0.00986755 0.0084241 0.0161221 0.00880998 0.0101328 0.00789392 0.0111822 0.00792453 
Throughputs: 1.55648 1.93331 1.50733 1.65478 1.75309 1.86778 1.88416 1.93331 1.76947 1.68755 1.76947 1.67117 1.78586 1.67117 1.91693 1.42541 1.76947 1.78586 1.91693 1.62202 1.68755 1.7367 1.70394 1.75309 1.88416 2.01523 1.68755 1.86778 1.62202 1.68755 
Utility: 5.52389 4.86167 5.17115 5.65273 5.69053 5.16433 4.97409 4.91325 5.05572 5.07567 5.07624 5.166 5.34906 5.1761 5.43589 4.93435 5.59095 5.33894 4.6795 5.07746 5.60346 5.10937 5.15144 5.33804 4.76105 5.4326 5.11526 5.46641 4.9771 5.36107 

--------------------------------------
Time: 36.0091
Split Ratios: 1 1 1 1 1 1 1 1 1 1 1 1 1 1 1 1 1 1 1 1 1 1 1 1 1 1 1 1 1 1 
Delays: 0.00622994 0.0118006 0.00840339 0.00574374 0.00630467 0.0103914 0.0103174 0.0108222 0.0109846 0.0112125 0.0109981 0.00939772 0.00814166 0.00949369 0.00895481 0.0109293 0.0066948 0.00852004 0.0148632 0.0104507 0.00641002 0.0104355 0.00990153 0.00881653 0.0133434 0.00834573 0.0102186 0.00793777 0.0119523 0.00788267 
Throughputs: 1.72032 1.9497 1.39264 1.88416 2.11354 1.75309 1.70394 1.93331 1.6384 1.75309 1.93331 1.65478 1.70394 1.67117 1.81862 2.12992 1.78586 1.72032 2.08077 2.11354 1.7367 1.70394 1.83501 1.50733 1.42541 1.67117 1.67117 1.85139 2.01523 1.44179 
Utility: 5.6209 5.10728 5.11032 5.79313 5.81483 5.12816 5.10687 5.18539 5.00498 5.05211 5.16927 5.17096 5.3437 5.17065 5.31364 5.27239 5.58632 5.30784 4.9416 5.30945 5.60188 5.09549 5.22211 5.14147 4.67119 5.29953 5.09707 5.45206 5.12757 5.20898 

