--------------------------------------
Time: 5.50063
Split Ratios: 1 1 1 1 1 1 1 1 1 1 1 1 1 1 1 1 1 1 1 1 
Delays: 0.0080149 0.00994839 0.00562803 0.00565847 0.00826187 0.00788845 0.00792448 0.0114617 0.00759153 0.00827484 0.00967957 0.00822348 0.00688803 0.00768705 0.0110545 0.0119921 0.0100436 0.0107165 0.00764997 0.00938831 
Throughputs: 3.6864 2.06438 2.49037 2.50675 1.58925 2.16269 3.11296 2.1463 1.47456 3.06381 2.57229 3.19488 3.26042 3.70278 3.29318 2.048 2.12992 2.93274 1.40902 1.75309 
Utility: 6.1311 5.33518 6.09243 6.09359 5.25937 5.61371 5.97337 5.23249 5.26908 5.91419 5.58253 5.96231 6.15983 6.1773 5.69677 5.14037 5.35691 5.61191 5.21595 5.22967 

--------------------------------------
Time: 6.00068
Split Ratios: 1 1 1 1 1 1 1 1 1 1 1 1 1 1 1 1 1 1 1 1 
Delays: 0.00785685 0.00995004 0.00565855 0.00575835 0.0083332 0.00787076 0.00808388 0.01129 0.00763605 0.00824295 0.00984881 0.00822945 0.0061578 0.00750781 0.0104511 0.0114915 0.0102968 0.0109505 0.00762959 0.00934229 
Throughputs: 3.2768 2.31014 2.58867 2.80166 1.81862 2.31014 2.91635 2.09715 1.72032 2.73613 3.08019 3.60448 3.09658 3.98131 3.3751 2.06438 2.19546 3.11296 1.37626 1.90054 
Utility: 6.03324 5.44749 6.12573 6.18732 5.38559 5.68191 5.88822 5.22441 5.41739 5.80494 5.7454 6.08221 6.22033 6.27342 5.77747 5.19098 5.36231 5.64994 5.19509 5.31534 

--------------------------------------
Time: 6.50071
Split Ratios: 1 1 1 1 1 1 1 1 1 1 1 1 1 1 1 1 1 1 1 1 
Delays: 0.00771049 0.00989676 0.00565099 0.00569053 0.00849018 0.00777395 0.00783847 0.010785 0.00764951 0.00814193 0.00971214 0.00833241 0.00643149 0.00721941 0.0107854 0.011073 0.0105419 0.0108473 0.00770015 0.00932312 
Throughputs: 3.22765 2.06438 2.3593 3.06381 1.60563 2.16269 2.63782 2.4576 1.49094 2.53952 2.98189 3.44064 3.06381 3.47341 3.47341 2.03162 2.12992 3.35872 1.85139 1.5401 
Utility: 6.03693 5.34038 6.03429 6.28861 5.24236 5.62833 5.81867 5.42878 5.27252 5.7427 5.72694 6.02326 6.16621 6.17612 5.7747 5.21207 5.30849 5.7354 5.48245 5.1071 

--------------------------------------
Time: 7.00082
Split Ratios: 1 1 1 1 1 1 1 1 1 1 1 1 1 1 1 1 1 1 1 1 
Delays: 0.0077292 0.00979279 0.00565775 0.00569305 0.00812713 0.00774347 0.00796584 0.0110353 0.00766634 0.00817505 0.00971129 0.00847475 0.00625813 0.00764566 0.010768 0.011538 0.00997488 0.0107696 0.0076456 0.00934842 
Throughputs: 2.94912 2.11354 2.91635 2.8672 1.70394 1.99885 2.8672 2.7689 1.70394 2.9655 2.8672 3.63725 2.80166 3.53894 3.71917 2.19546 2.09715 2.8672 1.50733 1.47456 
Utility: 5.94426 5.37447 6.24506 6.22184 5.34549 5.55348 5.88593 5.52511 5.40386 5.89372 5.6878 6.06189 6.10409 6.13744 5.84468 5.2485 5.34827 5.58436 5.28396 5.06091 

--------------------------------------
Time: 7.5009
Split Ratios: 1 1 1 1 1 1 1 1 1 1 1 1 1 1 1 1 1 1 1 1 
Delays: 0.0171529 0.0190917 0.00602706 0.00572131 0.0080719 0.00783721 0.00796951 0.0111302 0.00763025 0.00815804 0.0098259 0.0085661 0.00626686 0.00773127 0.0109525 0.0111091 0.00998113 0.0105837 0.00780738 0.00927529 
Throughputs: 5.47226 3.91578 5.75078 2.91635 1.86778 2.65421 3.08019 2.048 1.35987 2.91635 2.71974 4.39091 2.9655 3.81747 3.57171 2.11354 1.93331 2.9655 1.80224 1.49094 
Utility: 5.76528 5.32351 6.86083 6.23389 5.44411 5.82502 5.95712 5.21496 5.18303 5.87908 5.62327 6.23948 6.15953 6.20207 5.78723 5.24836 5.26629 5.63549 5.44172 5.07981 

--------------------------------------
Time: 8.00104
Split Ratios: 1 1 1 1 1 1 1 1 1 1 1 1 1 1 1 1 1 1 1 1 
Delays: 0.0624293 0.0616539 0.00585493 0.00567673 0.00816991 0.00801843 0.00806028 0.0113209 0.00789392 0.00828017 0.00999802 0.0082104 0.006526 0.00755863 0.0106367 0.0113555 0.0102128 0.0105366 0.00774514 0.00932033 
Throughputs: 5.52141 4.17792 4.6039 2.94912 1.67117 2.24461 2.47398 2.21184 1.75309 2.73613 2.8672 3.39149 2.78528 3.89939 3.60448 2.21184 2.08077 3.03104 1.60563 1.78586 
Utility: 4.48235 4.21603 6.66738 6.25289 5.32082 5.63454 5.72664 5.27493 5.40304 5.80044 5.6587 6.02362 6.05631 6.24589 5.82562 5.27188 5.31685 5.66181 5.33421 5.25546 

--------------------------------------
Time: 8.50105
Split Ratios: 1 1 1 1 1 1 1 1 1 1 1 1 1 1 1 1 1 1 1 1 
Delays: 0.123107 0.12519 0.0059161 0.00573376 0.00815349 0.00769636 0.00805619 0.0125606 0.00780423 0.00800493 0.00993105 0.00843534 0.00650219 0.00911277 0.0114486 0.0125849 0.0100349 0.0105721 0.00780294 0.00930266 
Throughputs: 5.52141 4.1943 4.68582 3.21126 1.57286 2.52314 2.63782 2.80166 1.67117 2.5559 2.98189 3.26042 2.98189 4.32538 4.01408 1.9497 2.09715 3.09658 1.50733 1.68755 
Utility: 3.80334 3.51165 6.67462 6.32805 5.26221 5.79251 5.79127 5.4074 5.36661 5.7661 5.70465 5.95718 6.12817 6.16258 5.8597 5.04293 5.34226 5.67983 5.26359 5.20073 

--------------------------------------
Time: 9.00111
Split Ratios: 1 1 1 1 1 1 1 1 1 1 1 1 1 1 1 1 1 1 1 1 
Delays: 0.183159 0.185656 0.00597012 0.00571343 0.00828101 0.00773008 0.00817094 0.0120774 0.00782287 0.00831125 0.00984673 0.00870689 0.00758823 0.00829771 0.0121184 0.0122133 0.0103492 0.0107668 0.00774778 0.00930762 
Throughputs: 5.78355 3.93216 5.24288 3.45702 1.70394 2.31014 3.24403 2.37568 1.83501 2.8672 2.8672 3.45702 3.14573 3.89939 3.5881 2.08077 1.9497 3.2768 1.42541 1.40902 
Utility: 3.45242 3.05305 6.77786 6.40534 5.32673 5.69995 5.98399 5.2817 5.45775 5.84348 5.67395 5.98405 6.0272 6.1526 5.69065 5.13797 5.23851 5.71816 5.21481 5.01982 

--------------------------------------
Time: 9.50112
Split Ratios: 1 1 1 1 1 1 1 1 1 1 1 1 1 1 1 1 1 1 1 1 
Delays: 0.250317 0.250105 0.00594134 0.00574084 0.00830229 0.00765649 0.00794835 0.0113943 0.00777489 0.00791541 0.00971029 0.00821925 0.00608033 0.00811323 0.0105655 0.0117175 0.0102626 0.0105479 0.00777515 0.00929864 
Throughputs: 5.60333 4.11238 5.09542 2.94912 1.52371 2.26099 2.8672 2.40845 1.60563 2.27738 2.80166 3.21126 2.88358 3.85024 3.40787 2.19546 2.01523 2.9655 1.55648 1.76947 
Utility: 3.10839 2.79988 6.75416 6.24166 5.21237 5.68801 5.88813 5.35363 5.33037 5.66197 5.66478 5.96794 6.16173 6.16239 5.77625 5.23306 5.27998 5.63888 5.29925 5.24857 

--------------------------------------
Time: 10.0011
Split Ratios: 1 1 1 1 1 1 1 1 1 1 1 1 1 1 1 1 1 1 1 1 
Delays: 0.326709 0.330938 0.00591647 0.00565486 0.00833476 0.00769554 0.00773331 0.0113629 0.00786435 0.0081512 0.00963043 0.00807362 0.00636704 0.00790603 0.0104433 0.0117398 0.0101042 0.0106281 0.00773328 0.00930491 
Throughputs: 5.81632 3.86662 4.88243 2.71974 1.88416 2.19546 2.58867 2.09715 1.58925 2.7689 2.42483 3.24403 3.01466 3.67002 3.34234 2.11354 1.99885 3.19488 1.67117 1.67117 
Utility: 2.87935 2.45821 6.71566 6.17578 5.4208 5.6535 5.81336 5.21798 5.30868 5.82804 5.52859 5.99597 6.16011 6.14032 5.76846 5.19313 5.28737 5.7058 5.37575 5.19074 

