--------------------------------------
Time: 5.50008
Split Ratios: 1 1 1 1 1 1 1 1 1 1 1 1 1 1 1 1 1 1 1 1 1 1 1 1 1 1 1 1 1 1 
Delays: 0.00770672 0.00732473 0.00430465 0.00470601 0.00468439 0.00648015 0.0059374 0.00584005 0.00503288 0.0067275 0.00578171 0.00740405 0.00636703 0.00639107 0.00806078 0.00735169 0.00445816 0.00618817 0.00590803 0.00656022 0.00594504 0.00860603 0.00665423 0.00581099 0.00589593 0.00572 0.00739338 0.00890375 0.00802685 0.00591325 
Throughputs: 4.34176 3.03104 3.2768 3.55533 2.7689 3.89939 3.39149 2.94912 4.47283 4.17792 2.85082 3.52256 3.75194 3.16211 4.34176 2.98189 3.21126 4.5056 3.5881 4.76774 4.39091 4.78413 3.70278 3.1785 4.62029 3.62086 4.39091 3.14573 3.88301 4.096 
Utility: 6.33394 6.0254 6.63493 6.62736 6.38197 6.39983 6.34775 6.22452 6.78979 6.43137 6.20066 6.16492 6.37889 6.20409 6.28902 6.00538 6.57968 6.59044 6.40907 6.5886 6.60474 6.3206 6.32159 6.30441 6.66395 6.4505 6.38671 5.86733 6.18157 6.54057 

--------------------------------------
Time: 6.00015
Split Ratios: 1 1 1 1 1 1 1 1 1 1 1 1 1 1 1 1 1 1 1 1 1 1 1 1 1 1 1 1 1 1 
Delays: 0.00747292 0.00726017 0.00430925 0.0045586 0.00470519 0.00684904 0.0058997 0.00581571 0.00534973 0.00720636 0.00574819 0.00729305 0.0069382 0.00639968 0.00817646 0.00732404 0.00442655 0.00622018 0.00585758 0.00649095 0.00587074 0.00805705 0.00648705 0.00581975 0.00586551 0.005743 0.00733971 0.00887005 0.00843389 0.00589406 
Throughputs: 4.42368 2.8672 3.32595 3.09658 2.63782 4.01408 3.6864 3.01466 4.70221 4.01408 2.78528 2.94912 3.85024 3.34234 4.68582 3.1785 2.98189 4.44006 3.81747 4.68582 4.35814 4.11238 3.63725 3.34234 4.8169 4.21069 4.58752 3.40787 4.30899 3.81747 
Utility: 6.38344 5.97869 6.64875 6.52104 6.32904 6.37345 6.4375 6.25068 6.77874 6.3226 6.18322 6.00234 6.31885 6.25818 6.35104 6.073 6.51269 6.57062 6.47961 6.58189 6.60982 6.23521 6.32918 6.35317 6.7108 6.5974 6.4378 5.95116 6.2362 6.4734 

--------------------------------------
Time: 6.50018
Split Ratios: 1 1 1 1 1 1 1 1 1 1 1 1 1 1 1 1 1 1 1 1 1 1 1 1 1 1 1 1 1 1 
Delays: 0.00751599 0.00727371 0.00430086 0.00452657 0.00479739 0.00685666 0.00585274 0.0058107 0.00548 0.00697206 0.00576436 0.00736672 0.00674221 0.00631485 0.00835777 0.00732384 0.0044683 0.00616874 0.00594934 0.00680413 0.00583682 0.00857957 0.00697961 0.00581212 0.005835 0.0057356 0.0073204 0.00936867 0.00843763 0.00592301 
Throughputs: 3.76832 2.78528 3.08019 3.32595 2.81805 4.32538 3.47341 2.7689 4.58752 3.83386 2.71974 3.21126 4.06323 2.83443 4.42368 2.9655 3.65363 4.53837 3.91578 4.66944 4.6039 4.39091 3.63725 3.24403 3.86662 4.25984 4.99712 3.96493 4.096 4.17792 
Utility: 6.21735 5.94784 6.57393 6.59955 6.37573 6.44703 6.38598 6.1665 6.72999 6.30972 6.1566 6.07745 6.40135 6.10669 6.27154 6.00367 6.70647 6.60083 6.48949 6.53126 6.67047 6.23791 6.25599 6.32463 6.49626 6.61029 6.52595 6.04787 6.18506 6.55872 

--------------------------------------
Time: 7.00029
Split Ratios: 1 1 1 1 1 1 1 1 1 1 1 1 1 1 1 1 1 1 1 1 1 1 1 1 1 1 1 1 1 1 
Delays: 0.00760204 0.00727384 0.00431177 0.00459166 0.00471345 0.0069333 0.00592714 0.00584735 0.00581305 0.00794154 0.00580961 0.00735127 0.00740324 0.00638917 0.00832934 0.00738588 0.00445585 0.00618997 0.00590485 0.00663394 0.005861 0.00845377 0.00663992 0.00581906 0.00586215 0.00575887 0.00732198 0.00921461 0.00918964 0.00589504 
Throughputs: 4.52198 2.52314 3.30957 3.30957 2.94912 3.9977 3.86662 3.14573 4.39091 4.30899 2.7689 2.80166 3.91578 2.78528 4.96435 3.24403 3.30957 4.34176 4.14515 4.5056 4.47283 4.55475 3.67002 3.57171 4.5056 4.21069 5.06266 4.01408 4.57114 3.63725 
Utility: 6.38829 5.84897 6.64322 6.58033 6.43884 6.35714 6.4806 6.28781 6.62719 6.29635 6.16669 5.9431 6.27085 6.0775 6.39025 6.085 6.61035 6.55311 6.55392 6.52088 6.63746 6.28931 6.31485 6.41966 6.64456 6.59464 6.53877 6.07677 6.20944 6.42487 

--------------------------------------
Time: 7.50035
Split Ratios: 1 1 1 1 1 1 1 1 1 1 1 1 1 1 1 1 1 1 1 1 1 1 1 1 1 1 1 1 1 1 
Delays: 0.00744153 0.00725794 0.0043133 0.00453401 0.00465393 0.00643321 0.00592016 0.00578993 0.00592755 0.00752 0.00576421 0.00729282 0.00748875 0.00621933 0.00794092 0.00730969 0.00446538 0.00620236 0.00591878 0.00643088 0.00580276 0.00811224 0.00641575 0.00578826 0.005833 0.00573353 0.00728262 0.0086776 0.0090626 0.00585321 
Throughputs: 4.07962 2.78528 3.19488 2.9655 2.5559 3.83386 4.53837 2.89997 4.25984 3.98131 2.81805 2.75251 4.096 2.94912 4.21069 3.29318 3.29318 4.37453 3.7847 4.30899 4.21069 4.5056 3.14573 3.5881 4.37453 4.25984 4.47283 3.52256 4.58752 3.65363 
Utility: 6.30668 5.95001 6.6076 6.4832 6.30845 6.39015 6.64196 6.21633 6.57738 6.2718 6.19213 5.93338 6.30436 6.1616 6.27335 6.11041 6.60326 6.55862 6.46059 6.50735 6.58705 6.3197 6.19504 6.42954 6.62002 6.61065 6.42029 6.0062 6.22694 6.43649 

--------------------------------------
Time: 8.00046
Split Ratios: 1 1 1 1 1 1 1 1 1 1 1 1 1 1 1 1 1 1 1 1 1 1 1 1 1 1 1 1 1 1 
Delays: 0.00751767 0.0072335 0.00432156 0.00456469 0.00468273 0.00650865 0.0058903 0.00581301 0.00538947 0.00737702 0.00577063 0.00735507 0.00692376 0.00623037 0.00807715 0.0072955 0.00450502 0.00633035 0.00587718 0.00666374 0.0058407 0.00851039 0.00686687 0.00581747 0.0058465 0.00573152 0.00739168 0.00888465 0.00858567 0.0058966 
Throughputs: 4.34176 2.73613 3.1785 3.29318 2.93274 3.86662 4.01408 3.12934 4.11238 4.70221 2.71974 2.91635 3.88301 3.29318 4.32538 3.16211 3.86662 4.55475 4.01408 4.45645 4.63667 4.4073 3.70278 3.67002 4.25984 4.53837 4.73498 3.76832 4.53837 3.86662 
Utility: 6.35878 5.93558 6.60055 6.58126 6.43981 6.38701 6.52426 6.28848 6.63731 6.45742 6.15551 5.9827 6.32941 6.27017 6.28322 6.07174 6.75495 6.57857 6.52649 6.50543 6.6769 6.24973 6.29013 6.44709 6.59114 6.67434 6.46238 6.05006 6.27023 6.48576 

--------------------------------------
Time: 8.50047
Split Ratios: 1 1 1 1 1 1 1 1 1 1 1 1 1 1 1 1 1 1 1 1 1 1 1 1 1 1 1 1 1 1 
Delays: 0.00743646 0.00725242 0.00429726 0.00452479 0.00466017 0.00682601 0.00591792 0.00579287 0.00489055 0.00648161 0.00577266 0.00744744 0.00639485 0.00657324 0.00844427 0.0073184 0.00445536 0.0060932 0.00583753 0.00654441 0.00588715 0.00841479 0.00670144 0.00581241 0.0058695 0.00573414 0.0073467 0.00914704 0.00803284 0.00592165 
Throughputs: 3.96493 2.89997 3.26042 3.12934 2.99827 4.37453 3.96493 2.7689 4.12877 3.7847 2.85082 3.39149 3.3751 3.3751 4.44006 2.94912 3.35872 4.83328 3.75194 4.9152 4.55475 4.44006 3.86662 3.52256 4.03046 3.7847 4.71859 3.85024 4.24346 3.5881 
Utility: 6.27885 5.99112 6.63163 6.53901 6.46674 6.46281 6.50726 6.16958 6.73843 6.36975 6.20223 6.12115 6.26869 6.24117 6.26494 5.99887 6.62521 6.67611 6.46572 6.62148 6.65115 6.26843 6.35781 6.40695 6.53187 6.49229 6.46501 6.04246 6.2696 6.40676 

--------------------------------------
Time: 9.00058
Split Ratios: 1 1 1 1 1 1 1 1 1 1 1 1 1 1 1 1 1 1 1 1 1 1 1 1 1 1 1 1 1 1 
Delays: 0.00753234 0.00725536 0.0043205 0.00458383 0.0047292 0.00660374 0.0058578 0.00582901 0.00628677 0.0080247 0.00575434 0.00746424 0.00797792 0.0062766 0.00806882 0.00728829 0.00443 0.00615742 0.00593256 0.00680344 0.00584873 0.00843291 0.00674731 0.0058549 0.00582365 0.00572953 0.00737184 0.00907745 0.00932782 0.00593914 
Throughputs: 4.25984 3.08019 3.47341 3.44064 3.08019 4.27622 3.6864 2.81805 4.73498 4.30899 2.3593 3.39149 3.94854 2.99827 4.6039 2.85082 3.24403 4.25984 3.67002 4.65306 4.6039 4.8169 3.34234 3.44064 4.07962 3.86662 5.09542 3.67002 4.24346 4.24346 
Utility: 6.33778 6.05101 6.68952 6.62088 6.47899 6.47319 6.44463 6.18095 6.62429 6.28594 6.01616 6.1189 6.20442 6.16896 6.34665 5.96909 6.59617 6.53933 6.4275 6.52785 6.66844 6.34774 6.20528 6.37613 6.55183 6.5145 6.53843 6.00216 6.12013 6.57157 

--------------------------------------
Time: 9.50063
Split Ratios: 1 1 1 1 1 1 1 1 1 1 1 1 1 1 1 1 1 1 1 1 1 1 1 1 1 1 1 1 1 1 
Delays: 0.00752893 0.00724641 0.00430569 0.00459409 0.00463101 0.00655201 0.00586312 0.00581045 0.00498694 0.00677568 0.00578424 0.00747738 0.00645566 0.00637463 0.00814964 0.00738338 0.00451686 0.00615799 0.00592121 0.00637045 0.00584251 0.00811766 0.00637349 0.0059099 0.00580107 0.00573345 0.00737784 0.00868392 0.00822578 0.00601751 
Throughputs: 3.86662 3.26042 3.29318 3.21126 2.73613 4.25984 3.76832 2.68698 4.45645 4.24346 2.44122 3.40787 3.63725 3.30957 4.39091 2.9655 3.73555 4.58752 3.94854 4.70221 4.34176 4.22707 3.60448 3.71917 4.57114 4.096 4.71859 3.44064 4.17792 3.63725 
Utility: 6.24138 6.1091 6.63967 6.54965 6.38152 6.47721 6.4657 6.13651 6.79528 6.43979 6.04511 6.12196 6.33403 6.25225 6.28932 5.99557 6.71783 6.61335 6.50256 6.60412 6.61088 6.25522 6.33779 6.44463 6.66947 6.57145 6.46079 5.98194 6.2303 6.40431 

--------------------------------------
Time: 10.0007
Split Ratios: 1 1 1 1 1 1 1 1 1 1 1 1 1 1 1 1 1 1 1 1 1 1 1 1 1 1 1 1 1 1 
Delays: 0.00743207 0.00724993 0.00430512 0.00452519 0.00472126 0.00686876 0.00587842 0.00581536 0.00531875 0.00731326 0.0057583 0.00738518 0.00692234 0.00651898 0.00824381 0.00730458 0.00451199 0.00615216 0.00586929 0.00620937 0.00584612 0.0079934 0.00629937 0.00581033 0.00587462 0.0057441 0.00734402 0.00866771 0.00872487 0.00601546 
Throughputs: 3.63725 2.78528 3.19488 3.63725 2.91635 4.04685 4.03046 2.67059 4.71859 4.4073 2.73613 2.89997 3.7847 2.78528 4.44006 3.04742 3.60448 4.78413 3.94854 4.34176 4.48922 4.11238 3.03104 3.42426 4.39091 3.93216 4.63667 3.55533 4.29261 3.94854 
Utility: 6.19318 5.95111 6.6095 6.68932 6.42601 6.37871 6.53035 6.12955 6.78803 6.40133 6.16366 5.97298 6.30397 6.05739 6.28896 6.03355 6.68319 6.65626 6.51137 6.54998 6.64365 6.24314 6.17621 6.379 6.61665 6.52877 6.44787 6.0166 6.19847 6.48677 

--------------------------------------
Time: 10.5008
Split Ratios: 1 1 1 1 1 1 1 1 1 1 1 1 1 1 1 1 1 1 1 1 1 1 1 1 1 1 1 1 1 1 
Delays: 0.00738603 0.00725149 0.00431133 0.00449641 0.00463604 0.00663683 0.00586773 0.00581781 0.00615908 0.00808566 0.00580943 0.0074861 0.0076078 0.0062606 0.00809735 0.00732423 0.00454554 0.00620163 0.00589706 0.00675187 0.00588205 0.00837069 0.00683944 0.00577385 0.00584241 0.00574946 0.00731478 0.0090011 0.00937075 0.00603133 
Throughputs: 4.16154 2.60506 3.11296 3.26042 2.9655 3.83386 4.03046 2.65421 4.53837 4.57114 2.99827 3.1785 3.98131 3.09658 4.096 3.06381 3.7847 3.9977 3.89939 4.32538 4.78413 4.1943 3.73555 2.99827 4.68582 3.93216 4.58752 3.96493 4.57114 3.86662 
Utility: 6.33405 5.884 6.58208 6.58633 6.46094 6.35899 6.53217 6.12298 6.6024 6.33742 6.24631 6.05112 6.26019 6.20378 6.22623 6.03623 6.72458 6.46866 6.49412 6.46244 6.70115 6.21675 6.30294 6.25245 6.68715 6.52784 6.4412 6.0879 6.18992 6.46317 

--------------------------------------
Time: 11.0008
Split Ratios: 1 1 1 1 1 1 1 1 1 1 1 1 1 1 1 1 1 1 1 1 1 1 1 1 1 1 1 1 1 1 
Delays: 0.00752013 0.00725642 0.00430207 0.00454353 0.00474436 0.00696519 0.00588893 0.00577955 0.00514665 0.00674285 0.00576105 0.00737968 0.00655209 0.00641307 0.00850734 0.00733798 0.00444172 0.0061136 0.00590316 0.00701924 0.00582556 0.0086612 0.00718988 0.00582855 0.00585876 0.00575889 0.00730294 0.00943365 0.00834101 0.00592513 
Throughputs: 4.17792 3.24403 3.16211 3.5881 2.7689 3.91578 3.29318 2.70336 4.63667 3.63725 2.7689 2.85082 4.17792 2.83443 4.93158 3.01466 3.26042 4.48922 3.76832 5.16096 4.42368 4.29261 3.6864 3.35872 4.58752 4.52198 4.55475 3.60448 4.25984 3.89939 
Utility: 6.31999 6.10269 6.5999 6.67167 6.36925 6.33184 6.32654 6.14792 6.80341 6.2905 6.17508 5.95663 6.45778 6.09126 6.36249 6.01818 6.59857 6.59892 6.4589 6.60022 6.63247 6.2058 6.23973 6.35655 6.66316 6.66596 6.43565 5.94565 6.2358 6.48937 

--------------------------------------
Time: 11.5008
Split Ratios: 1 1 1 1 1 1 1 1 1 1 1 1 1 1 1 1 1 1 1 1 1 1 1 1 1 1 1 1 1 1 
Delays: 0.00761928 0.00727974 0.00430859 0.00470702 0.00465492 0.00651495 0.00590889 0.00587592 0.00535941 0.00718612 0.00572622 0.00732823 0.00671692 0.00620641 0.00812734 0.00733361 0.00445571 0.00622103 0.00594991 0.00665067 0.00591018 0.00839255 0.00668273 0.00583411 0.00584062 0.00573283 0.00736586 0.0088036 0.00865832 0.00588255 
Throughputs: 4.84966 2.62144 3.3751 3.50618 2.70336 4.21069 4.11238 3.06381 4.44006 4.34176 2.8672 2.71974 3.91578 3.16211 4.25984 2.93274 3.5881 4.34176 4.12877 4.14515 5.02989 4.62029 3.26042 3.40787 4.27622 4.29261 4.62029 3.16211 4.22707 3.26042 
Utility: 6.45598 5.88638 6.66357 6.61323 6.36433 6.47128 6.5453 6.25655 6.71957 6.40388 6.21604 5.91656 6.36814 6.23341 6.26175 5.99122 6.69119 6.5481 6.54236 6.43498 6.74648 6.31087 6.19008 6.37012 6.59599 6.61844 6.44136 5.88383 6.19074 6.31762 

--------------------------------------
Time: 12.0009
Split Ratios: 1 1 1 1 1 1 1 1 1 1 1 1 1 1 1 1 1 1 1 1 1 1 1 1 1 1 1 1 1 1 
Delays: 0.00749758 0.0073502 0.00429824 0.00459072 0.00476334 0.0067742 0.00598156 0.00578889 0.00522814 0.00707378 0.00576246 0.00746975 0.00667775 0.00648347 0.00825125 0.00733981 0.00452458 0.0061203 0.00592328 0.00632064 0.00586053 0.0079864 0.00637898 0.00581078 0.00586773 0.00573315 0.00731106 0.00882076 0.00835665 0.00594388 
Throughputs: 4.66944 3.12934 3.29318 3.30957 2.75251 4.24346 4.29261 2.7689 4.32538 4.12877 3.04742 3.22765 3.70278 3.01466 4.84966 2.8672 3.53894 4.24346 4.25984 4.11238 4.65306 4.37453 3.19488 3.60448 4.5056 3.86662 4.62029 3.73555 4.32538 3.7847 
Utility: 6.43421 6.05385 6.6414 6.58054 6.35932 6.44001 6.57597 6.17026 6.7182 6.36934 6.27069 6.06865 6.31806 6.14198 6.3763 5.96778 6.66206 6.54152 6.5781 6.47794 6.67704 6.30581 6.2163 6.43022 6.64361 6.51387 6.44882 6.04854 6.2492 6.45636 

--------------------------------------
Time: 12.501
Split Ratios: 1 1 1 1 1 1 1 1 1 1 1 1 1 1 1 1 1 1 1 1 1 1 1 1 1 1 1 1 1 1 
Delays: 0.00753075 0.00723302 0.00430813 0.00451996 0.00462015 0.00649004 0.00587856 0.00578311 0.00512849 0.00690458 0.00574861 0.00742242 0.00652018 0.00643631 0.00813527 0.00732789 0.00451364 0.00622932 0.00587235 0.00653646 0.00584174 0.00824222 0.00653495 0.00585749 0.00581238 0.00573515 0.00732648 0.00859683 0.00838639 0.00594835 
Throughputs: 3.93216 2.9655 3.32595 3.45702 2.70336 4.45645 3.80109 2.71974 4.75136 3.93216 3.11296 3.21126 3.70278 3.14573 4.39091 3.42426 3.65363 3.83386 4.24346 4.70221 4.52198 4.27622 3.42426 3.55533 4.63667 3.7847 4.83328 3.5881 3.98131 3.55533 
Utility: 6.25795 6.01615 6.64901 6.63966 6.37182 6.53184 6.47173 6.15335 6.83138 6.34476 6.29437 6.06992 6.34194 6.19184 6.29108 6.14695 6.69637 6.42236 6.58288 6.57839 6.65168 6.25156 6.26148 6.40848 6.68176 6.49211 6.49178 6.03398 6.16276 6.39309 

--------------------------------------
Time: 13.0011
Split Ratios: 1 1 1 1 1 1 1 1 1 1 1 1 1 1 1 1 1 1 1 1 1 1 1 1 1 1 1 1 1 1 
Delays: 0.0074705 0.00722792 0.00430162 0.00457815 0.00468392 0.00733004 0.00590632 0.00580772 0.00531668 0.00685292 0.00580257 0.00738444 0.0067982 0.00683464 0.00867397 0.00727943 0.00445167 0.00619041 0.00588157 0.00669355 0.00587653 0.00829571 0.00672815 0.00590347 0.00587517 0.00574464 0.00737453 0.00943952 0.00845582 0.00591977 
Throughputs: 4.07962 2.71974 3.29318 3.26042 2.73613 4.4073 3.86662 3.26042 4.29261 4.12877 2.8672 2.70336 3.75194 3.29318 4.71859 2.73613 3.67002 4.07962 3.71917 4.5056 5.2265 4.35814 3.11296 3.73555 4.22707 3.88301 4.9152 4.12877 4.47283 3.34234 
Utility: 6.3028 5.93034 6.64062 6.56831 6.37016 6.39904 6.48411 6.33042 6.6938 6.40106 6.20279 5.90288 6.31337 6.17761 6.29894 5.92925 6.71467 6.49076 6.44943 6.51193 6.79053 6.26406 6.13703 6.45011 6.57853 6.5161 6.50206 6.08083 6.27092 6.33613 

--------------------------------------
Time: 13.5011
Split Ratios: 1 1 1 1 1 1 1 1 1 1 1 1 1 1 1 1 1 1 1 1 1 1 1 1 1 1 1 1 1 1 
Delays: 0.00752774 0.00722924 0.00431064 0.00458889 0.00499283 0.00706899 0.00589428 0.0058012 0.00538108 0.00737378 0.00578749 0.0074247 0.00700595 0.00651541 0.00855624 0.0073589 0.0044732 0.0061499 0.00595704 0.00667455 0.00586515 0.00858196 0.00687235 0.00578815 0.00590685 0.00575366 0.00727604 0.00961308 0.0086477 0.00591729 
Throughputs: 4.62029 2.83443 3.21126 2.98189 2.63782 4.37453 3.83386 2.73613 4.58752 4.37453 2.94912 3.1785 3.57171 3.1785 4.66944 3.08019 3.45702 4.21069 4.096 4.57114 4.58752 4.35814 3.60448 3.42426 4.39091 4.32538 4.71859 4.1943 4.37453 3.7847 
Utility: 6.41962 5.97146 6.61333 6.47667 6.26971 6.42784 6.47764 6.15623 6.74821 6.38562 6.23356 6.05935 6.23404 6.18999 6.30213 6.03684 6.65006 6.52895 6.53319 6.52922 6.66207 6.23014 6.26243 6.38283 6.61118 6.62242 6.47468 6.07836 6.22626 6.46084 

--------------------------------------
Time: 14.0011
Split Ratios: 1 1 1 1 1 1 1 1 1 1 1 1 1 1 1 1 1 1 1 1 1 1 1 1 1 1 1 1 1 1 
Delays: 0.0075879 0.00726288 0.00429102 0.00461505 0.00459056 0.00679973 0.00585885 0.00579722 0.00549378 0.00734368 0.00577235 0.00741693 0.0066071 0.0066032 0.00822636 0.00731165 0.00449501 0.00634734 0.0058666 0.00708731 0.00589845 0.00876542 0.0072842 0.0058505 0.00583237 0.00574395 0.00732631 0.00938569 0.00864734 0.00595608 
Throughputs: 4.5056 2.89997 3.29318 3.30957 2.47398 4.32538 3.80109 2.63782 4.45645 4.52198 2.58867 3.29318 3.32595 2.78528 4.63667 3.09658 3.6864 4.32538 3.63725 5.12819 4.6039 4.93158 3.42426 3.73555 4.39091 4.6039 4.71859 3.80109 4.86605 3.76832 
Utility: 6.38652 5.98968 6.64308 6.57525 6.28958 6.45537 6.47509 6.12033 6.69849 6.42287 6.10582 6.09584 6.22137 6.04455 6.33441 6.04858 6.70944 6.52422 6.42971 6.5842 6.65997 6.3326 6.15293 6.45912 6.62387 6.68651 6.46779 6.00386 6.33279 6.44997 

--------------------------------------
Time: 14.5012
Split Ratios: 1 1 1 1 1 1 1 1 1 1 1 1 1 1 1 1 1 1 1 1 1 1 1 1 1 1 1 1 1 1 
Delays: 0.00747384 0.00725213 0.004308 0.00460721 0.00461769 0.00647071 0.00587673 0.00580194 0.0053239 0.0073259 0.00585964 0.00743738 0.00667654 0.00642691 0.00825039 0.00743919 0.00443736 0.00625997 0.00584094 0.00628513 0.00584955 0.00803224 0.00642881 0.00581141 0.00584864 0.00575508 0.00732839 0.00859649 0.00860972 0.00603464 
Throughputs: 3.83386 3.3751 3.22765 3.26042 2.73613 3.83386 3.70278 3.06381 4.6039 4.25984 2.88358 3.22765 3.53894 2.53952 4.17792 3.30957 3.60448 4.32538 3.81747 4.35814 4.32538 4.34176 3.19488 3.44064 4.45645 4.44006 5.09542 3.71917 4.42368 4.04685 
Utility: 6.24022 6.14289 6.61904 6.56199 6.3844 6.38434 6.44584 6.26922 6.76245 6.36557 6.1987 6.07299 6.27298 5.97924 6.22731 6.09781 6.69987 6.53808 6.48245 6.54162 6.60589 6.29257 6.20852 6.38359 6.6359 6.64834 6.54434 6.0699 6.24184 6.50818 

--------------------------------------
Time: 15.0013
Split Ratios: 1 1 1 1 1 1 1 1 1 1 1 1 1 1 1 1 1 1 1 1 1 1 1 1 1 1 1 1 1 1 
Delays: 0.0075323 0.00732192 0.004305 0.00459419 0.00458297 0.00664978 0.00591989 0.00580598 0.00501445 0.00676371 0.00579441 0.00741957 0.00635968 0.00645245 0.00817932 0.0073489 0.00444538 0.00618422 0.00593659 0.00670871 0.00584146 0.00835622 0.00663262 0.00580332 0.00582558 0.00574561 0.00733267 0.00885184 0.00813205 0.00589741 
Throughputs: 4.58752 3.06381 3.21126 3.3751 2.89997 4.1943 3.94854 2.88358 4.37453 4.21069 2.65421 3.26042 4.11238 3.06381 4.63667 3.03104 3.24403 4.45645 3.81747 4.30899 4.4073 4.25984 3.29318 3.35872 4.21069 4.21069 4.71859 3.6864 3.93216 4.096 
Utility: 6.41189 6.03654 6.61464 6.59939 6.45011 6.4469 6.50278 6.2079 6.77123 6.43381 6.12701 6.08549 6.47178 6.16295 6.34014 6.02211 6.59271 6.58011 6.46621 6.46505 6.62604 6.23398 6.20761 6.36089 6.58312 6.59695 6.46693 6.03178 6.18113 6.54325 

--------------------------------------
Time: 15.5014
Split Ratios: 1 1 1 1 1 1 1 1 1 1 1 1 1 1 1 1 1 1 1 1 1 1 1 1 1 1 1 1 1 1 
Delays: 0.00744227 0.00723357 0.00429956 0.00450786 0.00456629 0.00650098 0.00592703 0.00582508 0.00526938 0.00694761 0.005772 0.00738428 0.00663503 0.0062965 0.00809627 0.00735568 0.00445738 0.00615883 0.00587225 0.00679576 0.00582677 0.00862554 0.00685161 0.00583399 0.00585306 0.00574085 0.00732713 0.00896189 0.00840668 0.005907 
Throughputs: 4.14515 2.93274 2.80166 3.26042 2.75251 4.14515 3.52256 3.16211 4.06323 4.16154 2.89997 3.11296 3.47341 2.89997 4.52198 2.99827 4.11238 4.65306 3.89939 4.55475 4.34176 4.35814 3.7847 3.50618 4.45645 4.47283 4.68582 3.75194 4.63667 3.73555 
Utility: 6.32252 6.00496 6.47946 6.58379 6.40157 6.45774 6.38742 6.29682 6.64782 6.39524 6.21944 6.04398 6.26053 6.13246 6.3253 6.01032 6.8272 6.62739 6.49834 6.50763 6.61357 6.22507 6.31424 6.39858 6.63514 6.65817 6.46071 6.03705 6.31273 6.44951 

--------------------------------------
Time: 16.0015
Split Ratios: 1 1 1 1 1 1 1 1 1 1 1 1 1 1 1 1 1 1 1 1 1 1 1 1 1 1 1 1 1 1 
Delays: 0.00752075 0.00730731 0.00429892 0.00461287 0.00472227 0.00654953 0.00591639 0.00583084 0.00519666 0.00707872 0.00576669 0.00735511 0.00672914 0.00618673 0.00802723 0.00733863 0.00444936 0.0062174 0.00588144 0.00633595 0.00585378 0.00808548 0.0062901 0.00588889 0.00585987 0.00572983 0.00737738 0.00850336 0.00848633 0.00593543 
Throughputs: 4.44006 3.22765 3.19488 3.35872 3.04742 4.07962 3.93216 2.73613 4.4073 4.1943 2.65421 2.9655 3.60448 3.01466 4.27622 2.93274 3.53894 4.24346 3.80109 4.68582 4.57114 4.22707 3.16211 3.48979 4.58752 4.16154 4.89882 3.45702 4.30899 3.7847 
Utility: 6.38076 6.09063 6.61094 6.59047 6.46976 6.43436 6.49922 6.15114 6.743 6.38439 6.1318 5.99941 6.28349 6.18883 6.27799 5.99054 6.67882 6.52578 6.47124 6.60606 6.66043 6.25919 6.22002 6.38453 6.66297 6.58795 6.49833 6.0077 6.23 6.45778 

--------------------------------------
Time: 16.5015
Split Ratios: 1 1 1 1 1 1 1 1 1 1 1 1 1 1 1 1 1 1 1 1 1 1 1 1 1 1 1 1 1 1 
Delays: 0.00746883 0.00727446 0.00430142 0.00459463 0.00466894 0.00661978 0.00593906 0.00576329 0.00547776 0.007137 0.00576962 0.00741584 0.00711932 0.00642452 0.0082181 0.00731117 0.0044762 0.00616999 0.00586705 0.00653658 0.00582274 0.00820543 0.00662665 0.00586737 0.00587584 0.00572564 0.00729229 0.00865595 0.00874915 0.00593147 
Throughputs: 4.14515 2.62144 3.30957 3.12934 2.65421 4.47283 3.83386 2.83443 4.39091 4.25984 2.67059 3.04742 3.94854 2.94912 4.53837 2.85082 3.34234 4.80051 3.73555 4.1943 4.39091 4.1943 3.24403 3.32595 4.44006 4.25984 4.70221 3.62086 4.03046 3.44064 
Utility: 6.31896 5.88711 6.64563 6.52369 6.34297 6.51571 6.47008 6.19809 6.6866 6.39169 6.13745 6.01843 6.31829 6.12914 6.31398 5.96596 6.61565 6.65678 6.4563 6.46407 6.62552 6.23669 6.19347 6.34011 6.62758 6.61203 6.46897 6.03622 6.13268 6.36314 

--------------------------------------
Time: 17.0016
Split Ratios: 1 1 1 1 1 1 1 1 1 1 1 1 1 1 1 1 1 1 1 1 1 1 1 1 1 1 1 1 1 1 
Delays: 0.00749432 0.00724557 0.00430513 0.0045602 0.00491419 0.00687724 0.00588692 0.00582847 0.00532493 0.00704834 0.00576648 0.00747788 0.00675438 0.00629941 0.00822551 0.00733427 0.00448727 0.00621169 0.00588391 0.00750835 0.00582641 0.00903554 0.00753418 0.00582563 0.0058268 0.00575002 0.00729612 0.00981118 0.00863475 0.00591107 
Throughputs: 4.22707 3.16211 3.39149 3.2768 3.26042 4.096 4.01408 2.80166 4.39091 4.29261 2.78528 2.62144 3.70278 2.60506 4.55475 2.85082 4.07962 4.58752 4.25984 4.75136 4.27622 4.5056 3.5881 3.62086 4.45645 4.48922 4.86605 3.91578 4.80051 3.89939 
Utility: 6.33512 6.0786 6.66922 6.57726 6.49748 6.38955 6.52483 6.17521 6.71489 6.41186 6.18004 5.85953 6.30665 6.02475 6.31669 5.9628 6.81251 6.60466 6.58477 6.45017 6.59842 6.21191 6.16593 6.4322 6.63964 6.66023 6.50269 5.98925 6.32068 6.49175 

--------------------------------------
Time: 17.5017
Split Ratios: 1 1 1 1 1 1 1 1 1 1 1 1 1 1 1 1 1 1 1 1 1 1 1 1 1 1 1 1 1 1 
Delays: 0.00753385 0.00730605 0.00431802 0.00462416 0.00480378 0.00667238 0.00585841 0.0057694 0.00523007 0.00678979 0.00581631 0.00741491 0.0065459 0.00632725 0.00823535 0.00734174 0.00450662 0.00606365 0.0058933 0.00640644 0.00582782 0.0081367 0.00649295 0.00580294 0.00585881 0.00573618 0.00729165 0.00872276 0.00821627 0.00594317 
Throughputs: 4.25984 2.7689 3.22765 3.7847 2.99827 4.06323 3.98131 2.75251 4.65306 4.096 2.94912 2.9655 3.7847 3.14573 4.55475 3.29318 3.63725 4.17792 4.17792 4.24346 4.32538 4.75136 3.2768 3.71917 4.63667 4.03046 4.86605 3.5881 3.9977 3.86662 
Utility: 6.33758 5.9375 6.61671 6.70743 6.43639 6.41176 6.52149 6.1677 6.79085 6.40235 6.2286 5.99131 6.35988 6.20893 6.31549 6.10603 6.69344 6.53526 6.56375 6.49583 6.60961 6.3698 6.22391 6.46289 6.67381 6.55484 6.50331 6.01944 6.18736 6.47789 

--------------------------------------
Time: 18.0017
Split Ratios: 1 1 1 1 1 1 1 1 1 1 1 1 1 1 1 1 1 1 1 1 1 1 1 1 1 1 1 1 1 1 
Delays: 0.00754642 0.00728771 0.00430867 0.00462502 0.00472668 0.00672315 0.0058898 0.00581827 0.00548069 0.00715536 0.00576082 0.00741503 0.006961 0.00646428 0.00828732 0.00728077 0.0044439 0.00609891 0.00591122 0.00658456 0.00590203 0.00820126 0.00657044 0.00582076 0.00587179 0.00575697 0.0073343 0.00896848 0.00853577 0.00595496 
Throughputs: 4.4073 2.85082 3.14573 3.22765 2.99827 4.35814 3.81747 2.7689 4.62029 4.35814 2.32653 3.39149 3.85024 3.04742 4.12877 2.71974 3.5881 4.27622 3.93216 4.62029 4.80051 4.30899 3.29318 3.67002 4.53837 4.24346 4.86605 3.93216 4.12877 3.89939 
Utility: 6.36994 5.96917 6.59317 6.54803 6.45257 6.47425 6.47412 6.1652 6.73698 6.41194 6.00105 6.12551 6.31557 6.15576 6.21101 5.92306 6.69384 6.55271 6.50009 6.55348 6.70118 6.26417 6.21703 6.44652 6.65016 6.60272 6.49748 6.08323 6.18147 6.48435 

--------------------------------------
Time: 18.5018
Split Ratios: 1 1 1 1 1 1 1 1 1 1 1 1 1 1 1 1 1 1 1 1 1 1 1 1 1 1 1 1 1 1 
Delays: 0.0075205 0.00722143 0.00431269 0.00455704 0.00472919 0.00683125 0.00590359 0.00576106 0.00550763 0.00697543 0.005743 0.00742912 0.00691422 0.00657025 0.00842115 0.00734307 0.00444493 0.00611267 0.0059107 0.00667794 0.00586712 0.00833137 0.0066482 0.00581149 0.00585759 0.00575406 0.00729466 0.00913537 0.00874654 0.00591579 
Throughputs: 4.42368 2.26099 3.24403 3.44064 2.52314 4.44006 3.81747 2.78528 4.47283 3.7847 2.65421 3.04742 3.5881 2.98189 4.73498 3.3751 3.26042 4.39091 3.73555 4.44006 4.70221 4.35814 3.09658 3.44064 4.48922 4.16154 4.5056 3.83386 4.30899 3.85024 
Utility: 6.37709 5.74651 6.62301 6.62674 6.2795 6.47692 6.47178 6.18098 6.69964 6.29633 6.13592 6.01664 6.2518 6.11776 6.33199 6.13042 6.59785 6.57693 6.44889 6.49961 6.68642 6.25977 6.14371 6.38358 6.6417 6.58373 6.42593 6.03947 6.1998 6.47827 

--------------------------------------
Time: 19.0019
Split Ratios: 1 1 1 1 1 1 1 1 1 1 1 1 1 1 1 1 1 1 1 1 1 1 1 1 1 1 1 1 1 1 
Delays: 0.00753635 0.00725615 0.00432256 0.00458865 0.00463667 0.006548 0.00591531 0.0058287 0.00530983 0.00715319 0.00574917 0.00737436 0.00679996 0.00633735 0.00806567 0.0073139 0.00446216 0.00614563 0.00589384 0.00651475 0.00581952 0.0081962 0.00653579 0.00585165 0.00582063 0.00572616 0.00732128 0.00888078 0.00832746 0.00599504 
Throughputs: 4.24346 2.5559 2.88358 3.32595 2.53952 4.5056 4.14515 2.68698 4.58752 4.16154 2.78528 3.19488 3.76832 3.06381 4.37453 2.99827 3.81747 4.04685 4.16154 4.42368 4.57114 4.45645 3.12934 3.44064 4.21069 3.96493 4.84966 3.85024 4.25984 3.81747 
Utility: 6.3334 5.86431 6.50294 6.58593 6.30573 6.53392 6.55215 6.13338 6.76154 6.36608 6.18305 6.0713 6.31747 6.18095 6.29594 6.01601 6.75171 6.48995 6.55973 6.52066 6.6663 6.29844 6.17129 6.37669 6.58397 6.5402 6.49588 6.072 6.23743 6.45641 

--------------------------------------
Time: 19.5019
Split Ratios: 1 1 1 1 1 1 1 1 1 1 1 1 1 1 1 1 1 1 1 1 1 1 1 1 1 1 1 1 1 1 
Delays: 0.00743898 0.00728537 0.00429039 0.00442785 0.00455996 0.00639594 0.00588501 0.00579872 0.00544757 0.00697532 0.00575792 0.00735683 0.0067645 0.00617645 0.00789022 0.00733787 0.00443068 0.00610468 0.00589905 0.00638912 0.00587485 0.00797791 0.00639622 0.00587533 0.00582922 0.00573699 0.00735007 0.00840862 0.00841014 0.00592682 
Throughputs: 3.88301 2.81805 3.06381 3.16211 2.80166 4.07962 4.096 3.12934 4.57114 4.21069 2.88358 2.94912 3.6864 2.83443 4.22707 3.29318 3.52256 4.21069 4.30899 4.53837 4.27622 3.89939 3.42426 3.35872 4.48922 4.25984 5.06266 3.42426 4.27622 3.73555 
Utility: 6.25763 5.95793 6.57104 6.57108 6.42065 6.4581 6.54536 6.29094 6.73235 6.403 6.21621 5.99363 6.30072 6.12885 6.28364 6.10656 6.67839 6.53633 6.59367 6.56573 6.59015 6.1919 6.28293 6.34855 6.64655 6.61005 6.53494 6.00938 6.23139 6.44616 

--------------------------------------
Time: 20.0021
Split Ratios: 1 1 1 1 1 1 1 1 1 1 1 1 1 1 1 1 1 1 1 1 1 1 1 1 1 1 1 1 1 1 
Delays: 0.0074612 0.00722323 0.0043029 0.00450446 0.00462849 0.00647677 0.00588341 0.00579005 0.00518784 0.0069492 0.0057676 0.00743741 0.00653719 0.00620872 0.00802197 0.00736601 0.00447706 0.00618909 0.00591692 0.00634559 0.00590429 0.00798229 0.00633891 0.00583124 0.00587452 0.00574433 0.00727274 0.00841345 0.00837425 0.0059215 
Throughputs: 4.8169 2.88358 3.2768 3.3751 3.01466 3.85024 3.40787 2.37568 4.45645 4.35814 2.93274 2.91635 3.75194 2.9655 4.096 2.98189 3.6864 4.27622 3.88301 4.6039 4.73498 3.86662 3.32595 3.40787 4.75136 4.14515 4.48922 3.24403 4.37453 3.96493 
Utility: 6.47017 5.98949 6.63533 6.61911 6.47901 6.38767 6.36171 6.0169 6.75579 6.44118 6.23144 5.97157 6.35252 6.16885 6.23558 6.00344 6.71344 6.53804 6.48655 6.5869 6.68705 6.18291 6.2628 6.37061 6.69556 6.58148 6.4253 5.95474 6.25839 6.50665 

--------------------------------------
Time: 20.5021
Split Ratios: 1 1 1 1 1 1 1 1 1 1 1 1 1 1 1 1 1 1 1 1 1 1 1 1 1 1 1 1 1 1 
Delays: 0.00747516 0.00722228 0.00430123 0.00459646 0.00470023 0.00676345 0.00588268 0.00582949 0.0053387 0.00709987 0.00579101 0.00749993 0.00681954 0.00644583 0.00813084 0.00736731 0.00456584 0.00619569 0.00591381 0.0063136 0.00589804 0.00797466 0.00634001 0.00586711 0.00590902 0.00574909 0.00736602 0.00864138 0.00855757 0.0060173 
Throughputs: 4.21069 2.80166 3.2768 3.47341 2.70336 4.63667 3.40787 3.06381 4.21069 4.11238 3.21126 3.16211 3.93216 3.67002 4.37453 3.45702 3.88301 4.17792 3.83386 4.53837 4.68582 3.9977 3.52256 3.70278 4.80051 4.21069 5.04627 3.63725 4.1943 3.89939 
Utility: 6.3338 5.9608 6.63572 6.62761 6.35464 6.53022 6.36183 6.26448 6.6704 6.36168 6.31811 6.0441 6.35715 6.34452 6.28789 6.15111 6.74576 6.51371 6.47434 6.57762 6.67768 6.2172 6.32006 6.44748 6.7 6.59634 6.52953 6.04242 6.19467 6.47394 

--------------------------------------
Time: 21.0021
Split Ratios: 1 1 1 1 1 1 1 1 1 1 1 1 1 1 1 1 1 1 1 1 1 1 1 1 1 1 1 1 1 1 
Delays: 0.0074363 0.00727342 0.00431158 0.00453052 0.00461495 0.00647382 0.00589318 0.00583082 0.00551181 0.00748403 0.00579643 0.00736798 0.00695736 0.00630665 0.00797667 0.00731288 0.00442879 0.00626556 0.00587124 0.00642476 0.00587473 0.00819787 0.00647239 0.00580678 0.00584806 0.00572866 0.00735149 0.00854667 0.00868694 0.00591985 
Throughputs: 4.30899 2.89997 3.08019 3.39149 2.62144 3.6864 3.70278 3.04742 4.48922 4.32538 2.85082 3.14573 3.57171 2.63782 4.73498 3.35872 3.29318 4.65306 3.85024 4.47283 4.68582 4.14515 3.32595 3.50618 4.34176 4.07962 4.70221 3.81747 4.71859 4.73498 
Utility: 6.36209 5.98823 6.57144 6.61819 6.34218 6.34464 6.44304 6.25889 6.70254 6.35948 6.19812 6.05666 6.241 6.03611 6.38621 6.12968 6.61148 6.61021 6.48582 6.54562 6.68164 6.22582 6.24197 6.40325 6.60993 6.56828 6.46088 6.1018 6.29745 6.68442 

--------------------------------------
Time: 21.5022
Split Ratios: 1 1 1 1 1 1 1 1 1 1 1 1 1 1 1 1 1 1 1 1 1 1 1 1 1 1 1 1 1 1 
Delays: 0.00753918 0.00724091 0.0043139 0.00454707 0.00455933 0.00649334 0.00589359 0.00578856 0.00603727 0.00762156 0.00579813 0.0073723 0.00702961 0.00639452 0.00799477 0.00733104 0.00445524 0.00614837 0.00589265 0.00650935 0.00585366 0.00821957 0.00671795 0.00582994 0.00586424 0.00574814 0.00736194 0.0087654 0.0090448 0.00586582 
Throughputs: 4.06323 3.08019 3.11296 2.99827 2.9655 4.04685 3.65363 2.52314 4.39091 3.88301 2.88358 2.80166 4.14515 3.40787 4.5056 3.06381 3.40787 4.096 3.81747 4.16154 4.34176 4.5056 3.65363 3.73555 4.68582 4.21069 5.06266 3.35872 4.48922 3.80109 
Utility: 6.28962 6.053 6.58149 6.49131 6.47763 6.43492 6.42961 6.07737 6.58934 6.23338 6.20925 5.94024 6.37956 6.2784 6.33429 6.0353 6.63976 6.50158 6.47364 6.4604 6.60897 6.30656 6.29869 6.46264 6.68342 6.59651 6.53332 5.9485 6.20724 6.4739 

--------------------------------------
Time: 22.0022
Split Ratios: 1 1 1 1 1 1 1 1 1 1 1 1 1 1 1 1 1 1 1 1 1 1 1 1 1 1 1 1 1 1 
Delays: 0.0075622 0.00725963 0.00430351 0.00459373 0.00456731 0.00634013 0.00588543 0.00580671 0.0049765 0.00674399 0.00579316 0.00740343 0.00647892 0.00616854 0.00785 0.00740115 0.0044681 0.0061555 0.00589542 0.00749561 0.00582157 0.00915508 0.00738726 0.00583607 0.00584833 0.00574178 0.00733476 0.00947424 0.00809868 0.00593677 
Throughputs: 3.9977 3.06381 3.22765 3.63725 2.63782 3.42426 3.47341 3.03104 3.50618 4.55475 2.8672 2.81805 3.52256 3.08019 4.47283 3.48979 3.29318 4.1943 4.096 4.70221 4.55475 5.06266 3.42426 3.67002 4.12877 3.89939 4.98074 3.53894 4.34176 3.73555 
Utility: 6.27031 6.04509 6.62008 6.67429 6.35879 6.29174 6.38041 6.25765 6.55755 6.51527 6.20441 5.94186 6.29839 6.21328 6.34526 6.15596 6.60265 6.52414 6.54359 6.44147 6.66236 6.31534 6.13888 6.44389 6.55958 6.52081 6.52071 5.92301 6.28433 6.44449 

--------------------------------------
Time: 22.5022
Split Ratios: 1 1 1 1 1 1 1 1 1 1 1 1 1 1 1 1 1 1 1 1 1 1 1 1 1 1 1 1 1 1 
Delays: 0.00748394 0.00725346 0.00430198 0.00452426 0.0045487 0.00649195 0.00581554 0.00581035 0.00504148 0.00672704 0.00577809 0.00739475 0.00646249 0.0063591 0.00799793 0.00729723 0.00448141 0.0061779 0.00590752 0.00654161 0.00590651 0.00830338 0.00655416 0.00584975 0.00589399 0.00574216 0.00728005 0.00871708 0.00812153 0.00594998 
Throughputs: 4.37453 2.94912 3.09658 2.98189 2.75251 3.88301 3.53894 3.03104 4.096 3.67002 2.83443 2.94912 3.67002 2.88358 4.34176 2.94912 3.40787 4.39091 3.93216 4.45645 5.0135 4.35814 3.29318 3.32595 4.37453 4.096 4.83328 3.67002 4.6039 4.16154 
Utility: 6.37079 6.00778 6.57898 6.49086 6.40543 6.3938 6.41105 6.25702 6.70007 6.30182 6.19552 5.98849 6.34194 6.1169 6.29685 6.00177 6.6339 6.56631 6.50072 6.52392 6.74384 6.26314 6.21951 6.34311 6.60962 6.56993 6.49814 6.04267 6.34014 6.55025 

--------------------------------------
Time: 23.0024
Split Ratios: 1 1 1 1 1 1 1 1 1 1 1 1 1 1 1 1 1 1 1 1 1 1 1 1 1 1 1 1 1 1 
Delays: 0.00764996 0.00721587 0.00429842 0.00467797 0.00469169 0.00661176 0.00586813 0.00587931 0.00519113 0.00695633 0.00576848 0.00741808 0.00660583 0.0063664 0.00816899 0.00737397 0.00447292 0.00619072 0.00587985 0.00669298 0.00586556 0.0085388 0.00676085 0.00580932 0.0058847 0.00572834 0.0074089 0.00900817 0.00840646 0.00599888 
Throughputs: 4.63667 2.67059 3.06381 3.52256 3.11296 4.04685 3.85024 2.98189 4.07962 4.6039 2.81805 2.99827 3.83386 3.24403 4.68582 3.30957 3.55533 4.29261 4.01408 4.45645 4.4073 4.98074 3.62086 3.65363 4.44006 4.1943 5.0135 3.44064 4.30899 3.73555 
Utility: 6.40705 5.91377 6.56917 6.62408 6.49754 6.41684 6.48635 6.22887 6.66681 6.49501 6.19139 6.00187 6.36367 6.23354 6.35195 6.10662 6.67816 6.5416 6.52603 6.50105 6.62192 6.36871 6.28332 6.44401 6.62607 6.59606 6.51721 5.94528 6.23946 6.43408 

--------------------------------------
Time: 23.5025
Split Ratios: 1 1 1 1 1 1 1 1 1 1 1 1 1 1 1 1 1 1 1 1 1 1 1 1 1 1 1 1 1 1 
Delays: 0.00742239 0.00723149 0.00429459 0.0044835 0.00463155 0.00681935 0.00586799 0.0057883 0.00543217 0.00709154 0.00580498 0.00749856 0.00667789 0.0063855 0.00814864 0.00731456 0.00451653 0.00621731 0.00587933 0.00643814 0.005906 0.00809403 0.00642641 0.00585717 0.00595156 0.00572398 0.00733372 0.00890473 0.00858165 0.00600284 
Throughputs: 4.12877 2.47398 3.47341 3.09658 3.11296 4.07962 3.76832 2.99827 4.35814 4.24346 2.94912 3.14573 3.40787 3.42426 4.34176 3.22765 3.63725 4.42368 3.80109 4.76774 4.6039 4.32538 3.3751 3.47341 4.63667 3.47341 4.89882 3.30957 4.88243 3.93216 
Utility: 6.32123 5.83514 6.69553 6.53765 6.51044 6.39399 6.46487 6.24995 6.68746 6.39423 6.23055 6.03909 6.23504 6.28461 6.27818 6.08964 6.69124 6.56739 6.4716 6.60739 6.65869 6.28113 6.26376 6.38523 6.6581 6.40823 6.50427 5.91799 6.34377 6.48471 

--------------------------------------
Time: 24.0028
Split Ratios: 1 1 1 1 1 1 1 1 1 1 1 1 1 1 1 1 1 1 1 1 1 1 1 1 1 1 1 1 1 1 
Delays: 0.00756106 0.00724166 0.00429801 0.00456085 0.00470543 0.0065484 0.00587479 0.00579295 0.00550574 0.00726774 0.00577324 0.00743318 0.00694928 0.00629633 0.00810797 0.00728415 0.00447801 0.00618603 0.00592354 0.00642209 0.00582789 0.00817639 0.00637553 0.00583928 0.005798 0.00573807 0.00732827 0.00854472 0.00865207 0.00591611 
Throughputs: 4.8169 2.83443 3.11296 3.39149 3.16211 3.91578 3.86662 3.08019 4.44006 4.27622 2.67059 3.22765 3.80109 3.14573 4.16154 3.03104 3.2768 4.34176 3.83386 4.47283 4.39091 4.1943 3.3751 3.34234 3.80109 4.25984 5.07904 3.45702 4.47283 3.7847 
Utility: 6.45687 5.96975 6.58518 6.61151 6.51028 6.39355 6.48947 6.2761 6.69263 6.37738 6.13682 6.07355 6.3044 6.21383 6.24079 6.03096 6.59544 6.55374 6.47269 6.54603 6.62464 6.24023 6.27171 6.34982 6.48553 6.60986 6.54114 6.00285 6.24798 6.46104 

--------------------------------------
Time: 24.5028
Split Ratios: 1 1 1 1 1 1 1 1 1 1 1 1 1 1 1 1 1 1 1 1 1 1 1 1 1 1 1 1 1 1 
Delays: 0.00751011 0.00731678 0.00432447 0.00459851 0.00488585 0.00683489 0.00592989 0.0058094 0.00491654 0.00670013 0.00577057 0.00744013 0.00626896 0.00634872 0.0082937 0.00736422 0.0044955 0.0061788 0.0058775 0.0065956 0.00585789 0.00825733 0.00669866 0.00584859 0.00589782 0.00573658 0.00737629 0.00907151 0.00805821 0.00595001 
Throughputs: 4.57114 3.12934 3.2768 3.52256 3.08019 4.03046 4.01408 2.99827 4.24346 4.04685 2.91635 3.06381 3.62086 3.16211 4.89882 3.2768 3.76832 4.44006 3.88301 5.16096 5.21011 3.88301 3.52256 3.73555 4.12877 4.1943 5.25926 3.7847 4.24346 4.06323 
Utility: 6.41127 6.05841 6.63033 6.64121 6.4464 6.3796 6.51756 6.24631 6.76053 6.40357 6.22532 6.02053 6.35886 6.21074 6.38125 6.09799 6.73131 6.5773 6.49323 6.66248 6.79057 6.15326 6.26504 6.45945 6.55115 6.59462 6.56948 6.03358 6.26644 6.52634 

--------------------------------------
Time: 25.0028
Split Ratios: 1 1 1 1 1 1 1 1 1 1 1 1 1 1 1 1 1 1 1 1 1 1 1 1 1 1 1 1 1 1 
Delays: 0.00754294 0.00724335 0.00428956 0.00467494 0.00469686 0.00677848 0.0058705 0.00579962 0.00536168 0.00729608 0.00580421 0.00734187 0.00676079 0.00633214 0.00826757 0.00737085 0.00441906 0.00615666 0.0059323 0.00694724 0.00581179 0.0085848 0.00686421 0.00581863 0.00583993 0.00573682 0.00731669 0.00933484 0.00858122 0.00582996 
Throughputs: 4.4073 2.81805 3.40787 3.45702 2.63782 3.9977 3.40787 2.9655 4.37453 4.4073 2.89997 2.68698 3.35872 3.29318 4.65306 3.24403 3.32595 4.14515 4.44006 4.48922 4.42368 4.53837 3.40787 3.75194 4.24346 4.04685 4.24346 4.01408 4.25984 3.40787 
Utility: 6.37041 5.96372 6.67766 6.60595 6.33082 6.37972 6.3639 6.23701 6.70428 6.40368 6.21387 5.90258 6.20818 6.25397 6.33294 6.08704 6.62358 6.51216 6.61801 6.47109 6.63484 6.27033 6.20752 6.46896 6.58841 6.55879 6.36298 6.06381 6.20741 6.37083 

--------------------------------------
Time: 25.5028
Split Ratios: 1 1 1 1 1 1 1 1 1 1 1 1 1 1 1 1 1 1 1 1 1 1 1 1 1 1 1 1 1 1 
Delays: 0.0075899 0.00725353 0.00431286 0.00458851 0.00472097 0.0065712 0.00590543 0.00586075 0.00534386 0.00719619 0.00574875 0.00738374 0.00676733 0.00631252 0.00806369 0.00738155 0.00444954 0.00626935 0.00596438 0.00696518 0.00587283 0.00864479 0.00709386 0.00586277 0.0058646 0.00574919 0.00734932 0.00919242 0.00850192 0.00591744 
Throughputs: 4.25984 3.08019 3.3751 3.65363 3.01466 3.94854 3.6864 2.98189 4.29261 4.47283 2.68698 2.85082 3.55533 2.63782 4.22707 3.26042 4.14515 4.71859 4.32538 5.16096 4.65306 4.53837 3.88301 3.60448 4.32538 4.16154 4.80051 3.81747 4.71859 4.01408 
Utility: 6.33017 6.05126 6.66258 6.67992 6.45923 6.39841 6.43653 6.23204 6.6887 6.43223 6.14719 5.95608 6.2641 6.03518 6.26189 6.09063 6.83689 6.62359 6.58645 6.60795 6.67494 6.26337 6.30514 6.42131 6.60332 6.58458 6.48187 6.02896 6.31897 6.51966 

--------------------------------------
Time: 26.0028
Split Ratios: 1 1 1 1 1 1 1 1 1 1 1 1 1 1 1 1 1 1 1 1 1 1 1 1 1 1 1 1 1 1 
Delays: 0.00743041 0.00724821 0.00429955 0.00450923 0.00456288 0.00652254 0.00588135 0.00582903 0.0063252 0.00832837 0.00576945 0.00740355 0.00781179 0.00628294 0.00796339 0.00730207 0.00448161 0.00614649 0.00592707 0.00632892 0.00586478 0.00800757 0.00635412 0.00580464 0.00587676 0.00573516 0.00728025 0.00850945 0.0095575 0.00593943 
Throughputs: 4.47283 2.81805 3.14573 2.81805 2.27738 3.98131 3.73555 2.71974 4.25984 4.12877 2.8672 3.08019 4.17792 2.91635 4.63667 3.11296 3.75194 3.83386 4.03046 4.63667 4.6039 4.45645 3.42426 3.19488 4.75136 4.16154 4.48922 3.40787 4.94797 4.32538 
Utility: 6.4002 5.96305 6.59529 6.43767 6.21283 6.4141 6.45386 6.14544 6.51245 6.20607 6.20851 6.03079 6.28193 6.14025 6.3669 6.05517 6.73004 6.43574 6.52211 6.59662 6.6657 6.32172 6.28954 6.31065 6.69518 6.58702 6.42427 5.99267 6.24941 6.59064 

--------------------------------------
Time: 26.5028
Split Ratios: 1 1 1 1 1 1 1 1 1 1 1 1 1 1 1 1 1 1 1 1 1 1 1 1 1 1 1 1 1 1 
Delays: 0.00741412 0.00725245 0.00429132 0.00453658 0.00467562 0.00655142 0.00590969 0.00578442 0.00500299 0.00672031 0.00578168 0.00735362 0.00642658 0.00628674 0.00815815 0.00729349 0.00447886 0.00615405 0.00590521 0.00649217 0.00584399 0.00806871 0.00647724 0.00583811 0.0058394 0.00574517 0.00732013 0.0086669 0.00814999 0.00599926 
Throughputs: 3.83386 2.88358 3.60448 3.19488 2.7689 3.94854 3.83386 3.12934 3.91578 4.44006 2.94912 2.93274 3.81747 2.99827 4.70221 3.45702 3.75194 4.24346 4.04685 4.6039 4.37453 4.52198 3.29318 3.85024 4.73498 4.55475 5.34118 3.63725 4.21069 3.76832 
Utility: 6.24824 5.98545 6.73334 6.55713 6.38384 6.40142 6.47503 6.29341 6.66273 6.49329 6.23457 5.9885 6.3869 6.16735 6.35677 6.16118 6.73066 6.53602 6.52986 6.56406 6.61814 6.32871 6.23131 6.49148 6.6981 6.67557 6.59257 6.03947 6.24737 6.44275 

--------------------------------------
Time: 27.0029
Split Ratios: 1 1 1 1 1 1 1 1 1 1 1 1 1 1 1 1 1 1 1 1 1 1 1 1 1 1 1 1 1 1 
Delays: 0.00750946 0.00724645 0.00429815 0.00455576 0.00470446 0.00663519 0.00584123 0.00582997 0.0052764 0.00719097 0.00578209 0.00745906 0.0067506 0.00644184 0.0079728 0.00736332 0.00446983 0.00621155 0.00589927 0.00638131 0.0058716 0.00831066 0.00642158 0.00580239 0.00586423 0.00573481 0.00727686 0.00870928 0.00859812 0.00595312 
Throughputs: 4.73498 2.7689 2.93274 3.35872 2.70336 4.22707 3.2768 2.93274 4.17792 4.17792 2.88358 2.80166 3.39149 2.94912 4.80051 3.16211 3.94854 3.85024 4.096 4.5056 4.55475 4.65306 3.52256 3.71917 4.65306 3.98131 4.63667 3.48979 4.55475 3.75194 
Utility: 6.44657 5.94569 6.52551 6.60292 6.35374 6.45688 6.32968 6.22068 6.67432 6.36474 6.21202 5.92854 6.21939 6.12645 6.40044 6.06248 6.78375 6.42948 6.54294 6.5597 6.6538 6.32774 6.30728 6.46299 6.67641 6.54281 6.45705 5.99321 6.27238 6.44611 

--------------------------------------
Time: 27.5029
Split Ratios: 1 1 1 1 1 1 1 1 1 1 1 1 1 1 1 1 1 1 1 1 1 1 1 1 1 1 1 1 1 1 
Delays: 0.00761393 0.00726743 0.00430485 0.00458197 0.00468418 0.00677504 0.00592578 0.00580132 0.00535933 0.00713861 0.00576851 0.00737792 0.00676378 0.0063472 0.00816229 0.00729105 0.00448309 0.00627062 0.0058814 0.00651303 0.00588762 0.00835236 0.00661177 0.00583687 0.00590412 0.00572858 0.00730515 0.00894095 0.00856158 0.00592074 
Throughputs: 4.21069 3.26042 3.22765 3.57171 3.03104 4.21069 4.25984 2.81805 4.6039 4.52198 2.60506 3.21126 3.53894 2.7689 4.39091 2.80166 3.42426 4.30899 3.5881 4.30899 4.14515 4.55475 3.12934 3.45702 5.17734 3.83386 4.30899 3.86662 4.5056 4.096 
Utility: 6.3154 6.10621 6.61977 6.65867 6.47247 6.43214 6.57768 6.18571 6.75582 6.45119 6.1128 6.07593 6.26 6.07819 6.28777 5.95132 6.63833 6.53258 6.41358 6.49465 6.55684 6.30138 6.15973 6.38397 6.7764 6.50616 6.37988 6.0695 6.26579 6.53931 

--------------------------------------
Time: 28.003
Split Ratios: 1 1 1 1 1 1 1 1 1 1 1 1 1 1 1 1 1 1 1 1 1 1 1 1 1 1 1 1 1 1 
Delays: 0.00748421 0.00727723 0.00431043 0.00458256 0.00468886 0.0065109 0.00589452 0.00581057 0.00619133 0.00781605 0.00580757 0.00736322 0.00759936 0.00630717 0.0081766 0.00733974 0.00445925 0.00605244 0.00591472 0.00655778 0.00583152 0.00840576 0.00654849 0.00579635 0.00584284 0.00574467 0.00732272 0.00867382 0.00926144 0.00584261 
Throughputs: 4.63667 2.91635 3.16211 3.24403 2.83443 3.98131 3.86662 2.7689 4.25984 3.7847 2.93274 2.99827 4.096 2.99827 4.22707 3.08019 3.52256 4.1943 4.29261 4.98074 4.73498 3.81747 3.29318 3.32595 4.11238 4.25984 4.78413 3.57171 4.78413 3.71917 
Utility: 6.42896 5.99334 6.59796 6.56232 6.40441 6.41589 6.48611 6.16653 6.53384 6.18254 6.22453 6.00929 6.2897 6.1641 6.24799 6.03944 6.67196 6.54102 6.58721 6.63268 6.69945 6.11843 6.22038 6.35228 6.55654 6.60871 6.48208 6.02049 6.2472 6.45608 

--------------------------------------
Time: 28.5031
Split Ratios: 1 1 1 1 1 1 1 1 1 1 1 1 1 1 1 1 1 1 1 1 1 1 1 1 1 1 1 1 1 1 
Delays: 0.00744365 0.00728004 0.00429072 0.0044867 0.00458794 0.00658021 0.00587198 0.00578671 0.00541141 0.00716858 0.0057345 0.00737429 0.00688715 0.00640206 0.00813674 0.00735591 0.00449247 0.00613176 0.00589197 0.00705284 0.00583983 0.00880175 0.00719326 0.00579966 0.005874 0.00572561 0.00730072 0.00926663 0.00863293 0.00594719 
Throughputs: 4.04685 2.7689 3.22765 2.89997 2.68698 3.70278 4.03046 2.89997 4.6039 4.17792 2.85082 3.14573 3.75194 2.99827 4.47283 3.3751 3.47341 4.58752 4.07962 4.53837 4.30899 4.48922 3.50618 3.52256 4.65306 4.53837 4.89882 3.98131 4.58752 3.76832 
Utility: 6.29833 5.94107 6.62305 6.47134 6.37274 6.33277 6.53144 6.21689 6.74615 6.36786 6.20886 6.0558 6.30037 6.14917 6.30939 6.12868 6.65049 6.61761 6.54017 6.46689 6.60376 6.23448 6.18914 6.40914 6.67474 6.67537 6.50878 6.06295 6.27551 6.45147 

--------------------------------------
Time: 29.0034
Split Ratios: 1 1 1 1 1 1 1 1 1 1 1 1 1 1 1 1 1 1 1 1 1 1 1 1 1 1 1 1 1 1 
Delays: 0.00752683 0.00727114 0.00429896 0.00454302 0.00470039 0.00680642 0.00588872 0.0058138 0.00608986 0.00774287 0.00573597 0.00739543 0.00751604 0.00666455 0.00833238 0.00737139 0.0044834 0.00612701 0.00589956 0.00667928 0.00586891 0.00845811 0.00684543 0.00580051 0.00587069 0.0057328 0.0073094 0.00917342 0.00909527 0.00596891 
Throughputs: 4.12877 2.78528 3.22765 3.34234 2.5559 4.096 3.88301 2.73613 4.24346 4.66944 2.81805 3.03104 3.7847 3.19488 4.11238 2.78528 3.44064 3.98131 4.52198 4.66944 4.83328 4.6039 3.48979 2.99827 4.55475 3.96493 5.04627 3.83386 4.34176 4.01408 
Utility: 6.30726 5.94819 6.62114 6.60083 6.29852 6.3999 6.49133 6.15407 6.54651 6.40202 6.19704 6.0158 6.22168 6.1725 6.20161 5.9345 6.64303 6.47666 6.64183 6.54978 6.71361 6.29953 6.23402 6.24785 6.65395 6.53904 6.53724 6.03532 6.16828 6.511 

--------------------------------------
Time: 29.5035
Split Ratios: 1 1 1 1 1 1 1 1 1 1 1 1 1 1 1 1 1 1 1 1 1 1 1 1 1 1 1 1 1 1 
Delays: 0.00745151 0.00722979 0.00431221 0.00453408 0.00473404 0.00667391 0.00586411 0.00580027 0.00557431 0.0071432 0.00576149 0.00734597 0.00693857 0.00625178 0.0081506 0.00732631 0.00442303 0.00623027 0.00591872 0.00635557 0.00583147 0.00809315 0.00659938 0.00585156 0.00584693 0.00573862 0.00732299 0.00864185 0.008511 0.00590709 
Throughputs: 3.89939 2.68698 3.14573 3.53894 2.63782 3.7847 3.3751 2.98189 4.22707 3.96493 2.62144 3.06381 3.98131 2.94912 4.71859 3.44064 3.40787 4.29261 4.04685 4.94797 4.63667 4.37453 2.98189 3.44064 4.34176 4.22707 4.75136 3.48979 3.81747 3.76832 
Utility: 6.26016 5.91796 6.59235 6.65996 6.32293 6.34052 6.35533 6.24241 6.6311 6.31908 6.12028 6.03326 6.35227 6.1564 6.36117 6.15194 6.64702 6.53523 6.52757 6.6574 6.67848 6.29254 6.11334 6.3767 6.61012 6.60205 6.47517 6.00098 6.10598 6.45823 

--------------------------------------
Time: 30.0035
Split Ratios: 1 1 1 1 1 1 1 1 1 1 1 1 1 1 1 1 1 1 1 1 1 1 1 1 1 1 1 1 1 1 
Delays: 0.00743041 0.0072489 0.00429695 0.00454663 0.00479714 0.00645714 0.00588971 0.00584323 0.0058907 0.00721435 0.00575872 0.00740859 0.00679955 0.00617023 0.00803548 0.00734955 0.00447044 0.0061807 0.00583205 0.006335 0.00586812 0.00798561 0.0063856 0.00586507 0.00588207 0.00573876 0.00732531 0.00832326 0.00867432 0.00593276 
Throughputs: 3.60448 3.16211 3.42426 3.3751 2.80166 3.9977 3.81747 3.34234 4.47283 4.27622 2.32653 3.04742 3.83386 2.62144 4.45645 3.12934 3.85024 4.37453 3.73555 4.24346 4.48922 4.21069 3.42426 3.42426 4.99712 4.04685 5.35757 3.2768 4.25984 3.89939 
Utility: 6.18435 6.07815 6.68073 6.6098 6.36995 6.42829 6.47414 6.34914 6.6324 6.38475 6.00142 6.01941 6.33477 6.05174 6.31824 6.05394 6.7584 6.56212 6.46228 6.50704 6.6399 6.26774 6.28459 6.36962 6.74471 6.55845 6.59493 5.97557 6.19662 6.48809 

--------------------------------------
Time: 30.5035
Split Ratios: 1 1 1 1 1 1 1 1 1 1 1 1 1 1 1 1 1 1 1 1 1 1 1 1 1 1 1 1 1 1 
Delays: 0.00742939 0.00725786 0.00430814 0.00451208 0.00467863 0.00661668 0.00584412 0.00577678 0.00512041 0.00689772 0.00577568 0.00745946 0.00646364 0.00627629 0.00810599 0.00732338 0.00450673 0.00611851 0.00590102 0.00647571 0.00586028 0.00816388 0.00648582 0.00584473 0.00585153 0.00573733 0.00729732 0.00873916 0.008151 0.00599601 
Throughputs: 4.4073 3.01466 2.9655 2.9655 2.94912 4.03046 3.75194 2.75251 4.27622 4.04685 2.63782 3.22765 3.57171 3.39149 4.37453 3.09658 3.48979 4.35814 3.50618 4.48922 4.78413 4.37453 3.34234 3.30957 4.096 4.4073 4.78413 3.3751 4.25984 3.96493 
Utility: 6.38557 6.02916 6.5343 6.48805 6.44626 6.41204 6.46459 6.16642 6.72759 6.3745 6.12405 6.07003 6.31461 6.29225 6.29095 6.04698 6.65203 6.56848 6.38716 6.54138 6.70486 6.28383 6.24481 6.33903 6.55106 6.64402 6.48555 5.95637 6.25885 6.49415 

--------------------------------------
Time: 31.0038
Split Ratios: 1 1 1 1 1 1 1 1 1 1 1 1 1 1 1 1 1 1 1 1 1 1 1 1 1 1 1 1 1 1 
Delays: 0.00745579 0.00725272 0.00431311 0.00451707 0.00453873 0.00660616 0.00584521 0.00585101 0.00624673 0.00806945 0.00576621 0.0074113 0.00743823 0.00628185 0.00810283 0.00736578 0.00452464 0.00621763 0.00591573 0.006411 0.00585313 0.0081609 0.00651939 0.00580443 0.00586667 0.00574219 0.00734632 0.0087064 0.00939199 0.00599054 
Throughputs: 4.07962 2.98189 2.89997 2.89997 2.60506 3.70278 3.71917 3.14573 4.84966 4.55475 2.88358 3.24403 3.34234 3.12934 4.68582 2.8672 3.83386 4.11238 4.16154 4.29261 4.73498 4.07962 3.65363 3.57171 4.32538 3.9977 4.9152 3.5881 4.55475 4.4073 
Utility: 6.30477 6.01894 6.5108 6.46459 6.35256 6.32884 6.45563 6.28719 6.65461 6.33584 6.21477 6.08157 6.10779 6.21091 6.36008 5.96425 6.74209 6.49437 6.55602 6.50664 6.69575 6.2144 6.3287 6.42218 6.60297 6.54563 6.50589 6.02132 6.18407 6.60083 

--------------------------------------
Time: 31.5039
Split Ratios: 1 1 1 1 1 1 1 1 1 1 1 1 1 1 1 1 1 1 1 1 1 1 1 1 1 1 1 1 1 1 
Delays: 0.00751133 0.00727152 0.00430752 0.00457859 0.00466737 0.00669626 0.00590811 0.00580067 0.00528665 0.00709633 0.00578439 0.00731555 0.00681095 0.0064099 0.00820738 0.00732577 0.00443194 0.00613165 0.0059305 0.00630748 0.00585151 0.00797776 0.00637462 0.00581182 0.00586161 0.00576587 0.00727787 0.00867052 0.00853496 0.00584881 
Throughputs: 4.55475 2.99827 2.99827 3.5881 2.88358 3.83386 3.91578 2.68698 4.58752 4.39091 3.11296 2.93274 3.5881 2.73613 4.14515 3.01466 3.2768 4.04685 3.96493 4.58752 4.70221 4.03046 2.99827 3.44064 4.76774 4.42368 4.39091 3.96493 4.35814 3.71917 
Utility: 6.40751 6.02183 6.54543 6.66399 6.42619 6.35008 6.49644 6.1382 6.76591 6.42771 6.28817 5.99369 6.26685 6.05646 6.22466 6.01984 6.60578 6.49223 6.50514 6.58936 6.68909 6.22498 6.15347 6.38352 6.7012 6.64277 6.40245 6.12531 6.23563 6.45502 

--------------------------------------
Time: 32.004
Split Ratios: 1 1 1 1 1 1 1 1 1 1 1 1 1 1 1 1 1 1 1 1 1 1 1 1 1 1 1 1 1 1 
Delays: 0.00744665 0.00728399 0.00429562 0.00454789 0.00460731 0.00663141 0.00593408 0.00579442 0.00615207 0.00753517 0.00574169 0.00737546 0.00767985 0.00641486 0.00830967 0.00734981 0.00444847 0.00614594 0.00588546 0.00662064 0.0058138 0.00842151 0.00668332 0.00580454 0.00580658 0.0057282 0.00731616 0.00884287 0.0095155 0.00589717 
Throughputs: 4.04685 2.88358 3.08019 3.2768 2.70336 4.01408 3.67002 3.1785 4.34176 3.91578 2.50675 2.88358 4.24346 2.88358 4.63667 3.24403 3.39149 4.34176 3.67002 4.53837 4.47283 4.55475 3.40787 3.73555 4.22707 4.37453 4.53837 3.30957 4.58752 3.63725 
Utility: 6.29793 5.98111 6.57515 6.57996 6.37461 6.40575 6.42724 6.30727 6.55925 6.25319 6.07899 5.96863 6.31453 6.10817 6.32433 6.0899 6.63646 6.56024 6.43547 6.53013 6.64554 6.29314 6.23423 6.46701 6.59027 6.63815 6.43024 5.92496 6.17817 6.42451 

--------------------------------------
Time: 32.5043
Split Ratios: 1 1 1 1 1 1 1 1 1 1 1 1 1 1 1 1 1 1 1 1 1 1 1 1 1 1 1 1 1 1 
Delays: 0.00748811 0.00721577 0.00429987 0.00458989 0.00478951 0.00681183 0.00586638 0.00580847 0.00539983 0.00705305 0.00581224 0.00736015 0.00663517 0.00637852 0.00826175 0.007361 0.00448913 0.00622763 0.0058791 0.00672038 0.005852 0.00831644 0.00666668 0.0058158 0.00583206 0.00573102 0.00735901 0.0089696 0.00850572 0.00595895 
Throughputs: 4.24346 2.85082 3.2768 3.32595 2.80166 4.27622 3.6864 3.12934 4.34176 3.91578 2.65421 3.06381 3.60448 2.7689 4.63667 3.19488 3.98131 4.096 4.17792 4.53837 4.65306 4.76774 2.91635 3.45702 4.45645 4.30899 4.86605 4.04685 4.53837 4.12877 
Utility: 6.33982 5.97909 6.63604 6.58565 6.37154 6.44216 6.44317 6.28926 6.68967 6.31931 6.12393 6.03133 6.29755 6.07327 6.33012 6.07311 6.78771 6.48877 6.56617 6.51518 6.6785 6.35139 6.08097 6.38758 6.63874 6.62257 6.49411 6.11185 6.27958 6.54084 

--------------------------------------
Time: 33.0043
Split Ratios: 1 1 1 1 1 1 1 1 1 1 1 1 1 1 1 1 1 1 1 1 1 1 1 1 1 1 1 1 1 1 
Delays: 0.00748159 0.00727908 0.00428857 0.00449939 0.00480749 0.00710467 0.0058966 0.00583888 0.0052032 0.00718434 0.00576205 0.00743711 0.00660405 0.00651103 0.00866062 0.00733971 0.00445675 0.0062798 0.00591053 0.00652965 0.00582796 0.00818077 0.00649942 0.00581852 0.00583535 0.00572341 0.0073241 0.0092323 0.00838102 0.00599814 
Throughputs: 3.86662 2.99827 2.81805 3.50618 2.88358 4.11238 3.73555 2.85082 4.70221 4.39091 2.57229 3.01466 3.40787 3.47341 4.96435 3.08019 3.75194 4.48922 4.34176 4.75136 4.45645 4.35814 3.75194 3.3751 4.37453 3.81747 4.62029 3.60448 4.8169 3.52256 
Utility: 6.24769 6.02079 6.48785 6.65834 6.39662 6.36101 6.45128 6.19082 6.80651 6.41539 6.10126 6.00476 6.24616 6.27939 6.35125 6.03945 6.73561 6.5721 6.5993 6.58983 6.63944 6.27802 6.35831 6.36314 6.61962 6.50278 6.44704 5.96722 6.35392 6.37549 

--------------------------------------
Time: 33.5043
Split Ratios: 1 1 1 1 1 1 1 1 1 1 1 1 1 1 1 1 1 1 1 1 1 1 1 1 1 1 1 1 1 1 
Delays: 0.00747108 0.0072759 0.00430356 0.00456674 0.00461785 0.00671258 0.00594244 0.00581508 0.00502287 0.00675784 0.00577204 0.00735984 0.00645773 0.00637277 0.0081738 0.00729373 0.00446389 0.00607979 0.00585513 0.00653651 0.00585802 0.0081866 0.00656876 0.00583847 0.00588117 0.00574804 0.00733463 0.00864327 0.00820297 0.0058897 
Throughputs: 3.83386 3.01466 3.32595 3.34234 2.4576 3.96493 3.6864 3.04742 4.71859 3.91578 2.70336 2.99827 3.57171 2.7689 4.37453 2.65421 3.45702 3.85024 3.91578 4.4073 4.55475 4.32538 3.30957 3.45702 4.32538 4.80051 4.76774 3.6864 4.21069 3.7847 
Utility: 6.24059 6.02667 6.65007 6.59562 6.27701 6.38126 6.43029 6.2616 6.84526 6.36206 6.14923 6.00975 6.31552 6.07417 6.28262 5.89689 6.65214 6.45092 6.50545 6.51361 6.65612 6.26976 6.22225 6.3837 6.6005 6.72762 6.47702 6.05562 6.24088 6.46552 

--------------------------------------
Time: 34.0044
Split Ratios: 1 1 1 1 1 1 1 1 1 1 1 1 1 1 1 1 1 1 1 1 1 1 1 1 1 1 1 1 1 1 
Delays: 0.00760216 0.00724213 0.00430508 0.00461169 0.00470068 0.00692879 0.00588039 0.00579663 0.00514796 0.00663751 0.00580969 0.00735042 0.00649946 0.00653103 0.00839908 0.00739762 0.0044692 0.00604644 0.00594319 0.00661305 0.00586244 0.00832141 0.00655804 0.00581606 0.00582731 0.00573599 0.00735371 0.00900415 0.00803614 0.00590758 
Throughputs: 4.44006 2.91635 3.40787 3.39149 2.83443 3.81747 4.34176 2.62144 4.27622 3.71917 2.47398 3.09658 3.50618 2.71974 4.58752 3.16211 3.35872 4.34176 4.25984 4.65306 4.65306 4.57114 3.71917 3.39149 4.57114 3.89939 5.14458 3.81747 4.4073 3.96493 
Utility: 6.36999 5.99817 6.67405 6.60043 6.40189 6.31166 6.60441 6.1142 6.72223 6.32852 6.05406 6.0433 6.29056 6.03173 6.30297 6.05784 6.62211 6.57657 6.57474 6.55624 6.67671 6.30869 6.34056 6.3684 6.66496 6.52182 6.55049 6.04966 6.30707 6.50901 

--------------------------------------
Time: 34.5045
Split Ratios: 1 1 1 1 1 1 1 1 1 1 1 1 1 1 1 1 1 1 1 1 1 1 1 1 1 1 1 1 1 1 
Delays: 0.00745496 0.00726022 0.00430484 0.00452453 0.00470109 0.00667251 0.00588499 0.00579385 0.00517068 0.00696722 0.00577808 0.00740173 0.00662636 0.00628236 0.00816892 0.00730907 0.00450104 0.00623481 0.00587729 0.00669398 0.00582861 0.00836024 0.00669934 0.00579767 0.00584051 0.00574014 0.00729144 0.00896963 0.0083699 0.00590367 
Throughputs: 3.73555 2.81805 3.26042 3.65363 2.70336 4.34176 4.07962 2.8672 4.4073 4.34176 2.88358 2.98189 3.26042 3.06381 4.80051 2.89997 3.7847 4.5056 4.22707 4.99712 4.6039 4.5056 3.32595 3.32595 4.45645 4.25984 4.44006 3.2768 4.52198 3.6864 
Utility: 6.21677 5.96139 6.62987 6.69396 6.35446 6.47804 6.54135 6.20429 6.74801 6.43482 6.21272 5.9986 6.19855 6.18967 6.37614 5.98334 6.73442 6.58293 6.57817 6.61541 6.67188 6.28959 6.2075 6.35205 6.63729 6.6095 6.41172 5.90078 6.29206 6.43683 

--------------------------------------
Time: 35.0045
Split Ratios: 1 1 1 1 1 1 1 1 1 1 1 1 1 1 1 1 1 1 1 1 1 1 1 1 1 1 1 1 1 1 
Delays: 0.00745638 0.00726193 0.00429843 0.00459827 0.00462839 0.00657869 0.00585373 0.00581367 0.00499089 0.00674599 0.00575449 0.00736005 0.0064556 0.00629714 0.00793506 0.00730373 0.00446235 0.00608315 0.00590968 0.00670498 0.00588972 0.00835694 0.00656221 0.00582491 0.00586501 0.00574797 0.00733552 0.00867654 0.00807551 0.00587839 
Throughputs: 4.24346 3.21126 2.9655 3.55533 2.73613 4.07962 3.73555 2.93274 4.096 4.45645 2.47398 2.83443 3.40787 3.1785 4.30899 2.98189 3.50618 4.48922 3.96493 4.99712 4.24346 4.25984 3.60448 3.39149 4.98074 3.98131 5.30842 3.45702 3.81747 3.55533 
Utility: 6.34406 6.09177 6.53655 6.65052 6.38209 6.42992 6.45857 6.22348 6.71015 6.49316 6.0636 5.95353 6.26889 6.22407 6.29717 6.01193 6.66661 6.60391 6.50865 6.61377 6.57992 6.23389 6.30861 6.36688 6.74433 6.54052 6.58432 5.98754 6.15851 6.40492 

--------------------------------------
Time: 35.5045
Split Ratios: 1 1 1 1 1 1 1 1 1 1 1 1 1 1 1 1 1 1 1 1 1 1 1 1 1 1 1 1 1 1 
Delays: 0.00750209 0.00727506 0.00429363 0.00452816 0.00465666 0.0065106 0.00588451 0.00582633 0.00550361 0.00721927 0.00577759 0.00732935 0.00681624 0.00627238 0.00794131 0.00734141 0.00445529 0.00623278 0.00588268 0.00697801 0.00585548 0.00861897 0.00709372 0.0058343 0.00584121 0.00575695 0.00733794 0.00909849 0.00855314 0.00590003 
Throughputs: 4.32538 2.75251 3.19488 3.70278 2.57229 4.44006 3.5881 2.98189 4.58752 4.62029 2.9655 3.3751 3.71917 2.83443 4.29261 3.21126 3.44064 3.9977 3.60448 4.75136 4.48922 4.35814 3.2768 3.48979 4.65306 4.1943 4.47283 3.62086 4.14515 4.03046 
Utility: 6.35707 5.93582 6.61217 6.70652 6.31425 6.52499 6.41305 6.23792 6.72569 6.46146 6.24082 6.13229 6.30195 6.11344 6.29257 6.08089 6.64932 6.46365 6.41792 6.52342 6.64206 6.22584 6.13541 6.39384 6.68034 6.59108 6.41272 5.98636 6.1834 6.52668 

--------------------------------------
Time: 36.0046
Split Ratios: 1 1 1 1 1 1 1 1 1 1 1 1 1 1 1 1 1 1 1 1 1 1 1 1 1 1 1 1 1 1 
Delays: 0.00753439 0.00730592 0.00431218 0.00456248 0.00471075 0.00667433 0.00590437 0.00578288 0.00569595 0.0076396 0.00576685 0.00744365 0.00727405 0.00643317 0.00830064 0.00731335 0.00445514 0.00626516 0.0059025 0.00662568 0.00587436 0.008455 0.00662707 0.00579119 0.0058386 0.00574374 0.00733772 0.00906993 0.00907208 0.00598756 
Throughputs: 4.14515 2.98189 3.2768 3.7847 2.89997 3.9977 3.96493 3.22765 4.21069 4.35814 2.80166 3.22765 3.48979 3.06381 4.66944 2.85082 3.44064 4.48922 3.9977 5.02989 4.44006 4.32538 3.09658 3.32595 4.12877 4.04685 4.1943 4.11238 5.14458 3.9977 
Utility: 6.31022 6.01163 6.63318 6.72086 6.42261 6.3952 6.50955 6.32461 6.60563 6.34646 6.18584 6.07215 6.17328 6.16595 6.33246 5.96566 6.64936 6.57443 6.5181 6.6322 6.62783 6.2375 6.14689 6.35317 6.56124 6.55758 6.34846 6.11679 6.3405 6.50379 

