--------------------------------------
Time: 5.50003
Split Ratios: 1 0.5 0.5 1 1 1 1 1 1 1 1 1 0.5 0.5 1 1 0.5 0.5 0.333333 0.333333 0.333333 0.5 0.5 0.5 0.5 1 1 0.5 0.5 1 1 1 1 1 0.5 0.5 0.5 0.5 1 1 1 1 0.5 0.5 0.5 0.5 0.5 0.5 1 1 1 1 1 
Delays: 0.00755849 0.00891437 0.00740035 0.00736748 0.00753045 0.00613145 0.00732587 0.00597754 0.00576729 0.00438911 0.00450151 0.0075958 0.00604374 0.00753519 0.00741246 0.00757657 0.00822382 0.0057523 0.00439352 0.00594712 0.0120782 0.0088419 0.00599553 0.00445749 0.00905981 0.00593617 0.0114361 0.00671442 0.00447346 0.00443245 0.00749081 0.00589225 0.00739551 0.00520898 0.00926479 0.00732712 0.00595805 0.0058619 0.00435273 0.00584657 
Throughputs: 3.7847 1.96608 3.14573 2.4576 3.96493 3.39149 1.93331 2.9655 3.42426 2.63782 2.17907 2.68698 2.5559 2.3593 2.12992 3.2768 2.58867 3.09658 2.24461 2.62144 3.86662 2.26099 2.81805 2.49037 2.88358 2.70336 3.16211 3.6864 3.63725 3.70278 2.67059 1.91693 3.96493 2.63782 2.11354 2.68698 3.53894 2.70336 2.9655 3.21126 
Utility: 6.21605 5.39613 6.05227 5.80987 6.26629 6.31559 5.57558 6.20679 6.38644 6.39858 6.18224 5.86858 6.04714 5.74653 5.66068 6.06956 5.75187 6.28845 6.23615 6.08857 5.76873 5.54406 6.15279 6.3256 5.76294 6.12119 5.62222 6.30815 6.70082 6.72789 5.87638 5.78484 6.28437 6.22733 5.4299 5.90459 6.38684 6.13378 6.524 6.30856 

--------------------------------------
Time: 6.00008
Split Ratios: 1 0.762 0.238 1 1 1 1 1 1 1 1 1 0.143 0.857 1 1 0.089 0.911 0.267 0.247 0.487 0.563 0.437 0.138 0.862 1 1 0.209 0.791 1 1 1 1 1 0.542 0.458 0.986 0.014 1 1 1 1 0.316 0.684 0.691 0.309 0.034 0.966 1 1 1 1 1 
Delays: 0.00748175 0.00896215 0.00738581 0.00733295 0.00747816 0.00601547 0.00737236 0.00594503 0.00577671 0.00439712 0.00451999 0.00646464 0.00598541 0.00755424 0.00616616 0.00749834 0.00816725 0.00701317 0.00436116 0.00589545 0.0120711 0.00877355 0.00597225 0.00445192 0.00903521 0.0059157 0.0112753 0.00738292 0.00447609 0.00442245 0.00744635 0.00589294 0.00619508 0.00487779 0.0104393 0.00740769 0.00600231 0.00584978 0.00433368 0.00580242 
Throughputs: 3.70278 2.19546 2.21184 2.39206 3.76832 2.80166 2.3593 2.7689 3.12934 2.93274 1.75309 2.89997 2.83443 2.60506 1.98246 2.91635 2.58867 2.8672 1.90054 2.58867 3.42426 2.3593 2.85082 2.62144 3.5881 2.9655 3.2768 3.6864 3.52256 3.9977 2.53952 1.93331 3.71917 2.21184 2.67059 3.16211 4.27622 2.5559 2.83443 3.3751 
Utility: 6.20437 5.50113 5.70202 5.78753 6.2224 6.14363 5.76838 6.14365 6.29474 6.50274 5.96062 6.10611 6.16027 5.8431 5.77302 5.96341 5.75877 6.0133 6.07716 6.08472 5.64783 5.59438 6.16824 6.37814 5.98425 6.21719 5.672 6.21324 6.66819 6.80678 5.83201 5.79323 6.3975 6.11689 5.54448 6.05648 6.56868 6.07976 6.48318 6.36591 

--------------------------------------
Time: 6.50013
Split Ratios: 1 0.762 0.238 1 1 1 1 1 1 1 1 1 0.143 0.857 1 1 0.089 0.911 0.267 0.247 0.487 0.563 0.437 0.138 0.862 1 1 0.209 0.791 1 1 1 1 1 0.542 0.458 0.986 0.014 1 1 1 1 0.316 0.684 0.691 0.309 0.034 0.966 1 1 1 1 1 
Delays: 0.00753798 0.00895715 0.00736601 0.00735518 0.00766415 0.006053 0.00734181 0.00593445 0.00581804 0.00439292 0.00444943 0.00657894 0.00611544 0.00758753 0.00635394 0.00756605 0.00809648 0.00704408 0.00439042 0.00588803 0.0120296 0.00882425 0.00592285 0.00440612 0.00901037 0.00595448 0.0113021 0.00745804 0.00449731 0.00441829 0.00749263 0.0058863 0.00638778 0.00492373 0.0106804 0.00740738 0.00598137 0.00584443 0.00436782 0.00580782 
Throughputs: 3.45702 1.96608 2.32653 2.63782 4.37453 3.44064 2.06438 2.50675 3.55533 2.88358 1.78586 2.7689 3.32595 2.57229 2.57229 3.14573 2.39206 2.81805 2.21184 2.4576 3.08019 2.21184 2.98189 2.49037 3.22765 3.03104 3.2768 3.21126 3.45702 3.45702 2.78528 2.11354 3.94854 2.5559 2.81805 2.83443 3.73555 2.47398 3.1785 3.57171 
Utility: 6.12821 5.39135 5.75526 5.88231 6.347 6.34286 5.639 6.04597 6.41524 6.48679 5.99488 6.04233 6.29869 5.82605 6.00348 6.03013 5.68848 5.99161 6.22215 6.03402 5.54538 5.52408 6.22149 6.33719 5.88113 6.23252 5.66963 6.06513 6.64468 6.66241 5.91818 5.88349 6.42672 6.25209 5.57539 5.94712 6.437 6.0481 6.5899 6.42159 

--------------------------------------
Time: 7.00024
Split Ratios: 1 0.762 0.238 1 1 1 1 1 1 1 1 1 0.143 0.857 1 1 0.089 0.911 0.267 0.247 0.487 0.563 0.437 0.138 0.862 1 1 0.209 0.791 1 1 1 1 1 0.542 0.458 0.986 0.014 1 1 1 1 0.316 0.684 0.691 0.309 0.034 0.966 1 1 1 1 1 
Delays: 0.00753702 0.00893398 0.00743682 0.00728759 0.00751094 0.0061015 0.00741542 0.006071 0.00582721 0.00439876 0.00446363 0.00647383 0.00594753 0.00761717 0.00643513 0.00758312 0.0081196 0.00711143 0.00438013 0.00588952 0.0119247 0.00883203 0.00595027 0.00445388 0.00916866 0.00595215 0.0113257 0.00753423 0.00444246 0.0045006 0.0075592 0.0059032 0.00670178 0.00494312 0.0104978 0.0074881 0.00600227 0.00589551 0.00435601 0.00583234 
Throughputs: 3.32595 2.12992 2.83443 2.50675 3.81747 3.21126 2.26099 2.89997 3.42426 3.09658 1.96608 3.48979 2.93274 2.60506 2.3593 3.1785 2.67059 3.14573 2.12992 2.99827 3.09658 2.19546 2.99827 3.08019 3.52256 3.08019 3.1785 4.07962 3.5881 3.62086 2.47398 1.88416 3.89939 2.4576 2.68698 2.81805 3.57171 2.34291 2.85082 3.32595 
Utility: 6.08968 5.47398 5.94315 5.84057 6.23098 6.26589 5.72 6.16893 6.3761 6.55673 6.08783 6.28983 6.20071 5.8348 5.90435 6.03824 5.79577 6.0921 6.18676 6.23262 5.55944 5.51576 6.22236 6.53897 5.95115 6.249 5.63709 6.2943 6.69417 6.69026 5.79082 5.76574 6.3662 6.20894 5.54501 5.93048 6.38866 5.98496 6.4838 6.34609 

--------------------------------------
Time: 7.50031
Split Ratios: 1 0.762 0.238 1 1 1 1 1 1 1 1 1 0.143 0.857 1 1 0.089 0.911 0.267 0.247 0.487 0.563 0.437 0.138 0.862 1 1 0.209 0.791 1 1 1 1 1 0.542 0.458 0.986 0.014 1 1 1 1 0.316 0.684 0.691 0.309 0.034 0.966 1 1 1 1 1 
Delays: 0.00754604 0.00895349 0.00738574 0.00730331 0.00751783 0.00602644 0.00734264 0.00599368 0.00578535 0.0044031 0.00448604 0.00634172 0.00608527 0.00752538 0.00636079 0.00759674 0.00806651 0.00705516 0.00433884 0.00589079 0.0119036 0.00876475 0.00590234 0.00444273 0.00900722 0.00593192 0.0112464 0.00743395 0.00450269 0.00446257 0.00749367 0.00599563 0.00609478 0.00492128 0.0105653 0.00746829 0.00593506 0.005911 0.00433913 0.00579032 
Throughputs: 3.7847 1.9497 2.70336 2.68698 4.12877 3.40787 2.31014 2.8672 3.3751 2.65421 2.19546 2.40845 2.8672 2.71974 2.19546 3.29318 2.67059 3.34234 2.01523 2.65421 3.06381 2.09715 2.80166 2.34291 3.32595 3.19488 2.93274 3.6864 3.63725 3.48979 2.49037 2.12992 3.70278 2.37568 2.31014 2.63782 3.65363 2.52314 2.4576 2.85082 
Utility: 6.2177 5.38339 5.9027 5.90784 6.30846 6.33769 5.75137 6.17039 6.36885 6.40159 6.19317 5.93959 6.15522 5.89001 5.84399 6.07189 5.80234 6.16067 6.14088 6.11051 5.55057 5.4776 6.16262 6.26788 5.91148 6.28896 5.56364 6.20635 6.69431 6.66187 5.80613 5.87281 6.40941 6.17947 5.38749 5.86704 6.4226 6.05644 6.33927 6.19917 

--------------------------------------
Time: 8.00051
Split Ratios: 1 0.762 0.238 1 1 1 1 1 1 1 1 1 0.143 0.857 1 1 0.089 0.911 0.267 0.247 0.487 0.563 0.437 0.138 0.862 1 1 0.209 0.791 1 1 1 1 1 0.542 0.458 0.986 0.014 1 1 1 1 0.316 0.684 0.691 0.309 0.034 0.966 1 1 1 1 1 
Delays: 0.00761606 0.00903249 0.00732181 0.00729726 0.00754657 0.00610416 0.00730593 0.00601825 0.00580487 0.00437732 0.00442889 0.00644277 0.00606433 0.00763051 0.00634976 0.0076267 0.00815081 0.0071177 0.00434653 0.00596198 0.0119829 0.00878939 0.00595589 0.00447353 0.0090574 0.00596603 0.0113656 0.00745274 0.00450674 0.00454725 0.00743799 0.00590789 0.00666249 0.00492655 0.0105208 0.00753633 0.00601154 0.00593537 0.00433471 0.00580674 
Throughputs: 3.55533 2.16269 2.42483 2.7689 4.01408 3.55533 1.90054 2.80166 4.17792 2.7689 2.03162 2.91635 2.62144 2.65421 2.06438 3.57171 2.44122 3.06381 2.01523 2.5559 3.42426 2.16269 3.24403 2.40845 3.06381 3.24403 3.42426 3.93216 3.80109 3.71917 2.39206 1.90054 3.86662 2.37568 2.7689 3.34234 3.9977 2.65421 2.9655 3.12934 
Utility: 6.14594 5.47828 5.80266 5.93871 6.27647 6.36723 5.56121 6.14317 6.57887 6.44977 6.12844 6.11513 6.06905 5.85175 5.78417 6.14914 5.70213 6.06483 6.13911 6.06076 5.65516 5.50556 6.30019 6.28856 5.82383 6.29849 5.70805 6.26836 6.73747 6.70673 5.77331 5.77361 6.36364 6.1784 5.57285 6.09469 6.49979 6.10297 6.52815 6.28956 

--------------------------------------
Time: 8.50052
Split Ratios: 1 0.762 0.238 1 1 1 1 1 1 1 1 1 0.143 0.857 1 1 0.089 0.911 0.267 0.247 0.487 0.563 0.437 0.138 0.862 1 1 0.209 0.791 1 1 1 1 1 0.542 0.458 0.986 0.014 1 1 1 1 0.316 0.684 0.691 0.309 0.034 0.966 1 1 1 1 1 
Delays: 0.00750988 0.00893734 0.00742446 0.00732081 0.00744479 0.00600357 0.00734393 0.00593294 0.00580861 0.00443541 0.00445708 0.00638686 0.00600526 0.00754822 0.0063035 0.00760798 0.00801215 0.00712304 0.00436627 0.00589462 0.0120135 0.00884681 0.00596242 0.00444195 0.00911307 0.00596537 0.0113467 0.00743706 0.00448745 0.0044369 0.00755265 0.00601242 0.00639388 0.0048407 0.0104324 0.00749798 0.00594806 0.00588558 0.00436878 0.00579711 
Throughputs: 3.52256 2.3593 2.57229 2.63782 3.88301 3.11296 2.11354 2.68698 3.34234 2.98189 2.03162 2.81805 3.03104 2.49037 2.24461 3.12934 2.68698 3.57171 1.67117 2.52314 3.50618 2.37568 3.1785 2.17907 3.08019 3.39149 3.14573 3.57171 3.19488 3.65363 2.42483 1.96608 3.9977 2.29376 2.31014 2.94912 3.53894 2.63782 2.88358 3.06381 
Utility: 6.15072 5.57588 5.84777 5.88699 6.25685 6.25098 5.66224 6.11565 6.35508 6.51069 6.12209 6.08956 6.22403 5.79887 5.87518 6.01938 5.81521 6.21747 5.94737 6.05922 5.67625 5.59298 6.27869 6.19556 5.82304 6.34305 5.62487 6.17433 6.56802 6.71352 5.77162 5.78997 6.43813 6.16089 5.40015 5.97463 6.38852 6.1052 6.4923 6.27006 

--------------------------------------
Time: 9.00077
Split Ratios: 1 0.762 0.238 1 1 1 1 1 1 1 1 1 0.143 0.857 1 1 0.089 0.911 0.267 0.247 0.487 0.563 0.437 0.138 0.862 1 1 0.209 0.791 1 1 1 1 1 0.542 0.458 0.986 0.014 1 1 1 1 0.316 0.684 0.691 0.309 0.034 0.966 1 1 1 1 1 
Delays: 0.00761108 0.00899874 0.00733295 0.00732685 0.00755735 0.00598884 0.00734303 0.00603 0.00580769 0.00441233 0.00447261 0.00659005 0.00600902 0.00758247 0.00633844 0.0075378 0.00821734 0.0070586 0.00437585 0.00588838 0.0120607 0.00872248 0.00593721 0.00451587 0.00893876 0.00591715 0.0112171 0.0074443 0.0044947 0.00446344 0.00755088 0.00594169 0.00633481 0.00479696 0.0105707 0.00747747 0.0060847 0.00590713 0.00433266 0.00581297 
Throughputs: 3.57171 2.42483 2.53952 2.67059 3.81747 2.67059 2.26099 2.99827 3.29318 3.06381 2.01523 3.09658 2.71974 2.65421 2.5559 3.12934 2.68698 3.21126 2.29376 2.60506 3.1785 2.1463 2.7689 2.53952 3.26042 3.09658 3.03104 3.86662 3.62086 3.53894 2.65421 2.01523 3.71917 2.16269 2.7689 2.94912 3.96493 2.93274 3.24403 2.91635 
Utility: 6.1512 5.59643 5.84735 5.89851 6.22482 6.10016 5.72981 6.20904 6.34043 6.54301 6.11052 6.15249 6.11503 5.85806 5.99953 6.02865 5.78993 6.12017 6.26185 6.09223 5.57421 5.5056 6.14496 6.33213 5.89921 6.2602 5.59922 6.25269 6.69157 6.67566 5.86224 5.8265 6.3752 6.11112 5.56811 5.97737 6.47946 6.20753 6.61839 6.218 

--------------------------------------
Time: 9.50077
Split Ratios: 1 0.762 0.238 1 1 1 1 1 1 1 1 1 0.143 0.857 1 1 0.089 0.911 0.267 0.247 0.487 0.563 0.437 0.138 0.862 1 1 0.209 0.791 1 1 1 1 1 0.542 0.458 0.986 0.014 1 1 1 1 0.316 0.684 0.691 0.309 0.034 0.966 1 1 1 1 1 
Delays: 0.00764638 0.00910114 0.00740665 0.00732659 0.00753055 0.00606093 0.00738139 0.00602888 0.005788 0.00437703 0.00445661 0.00658305 0.00600645 0.00763492 0.00636102 0.0075333 0.00808264 0.00709962 0.0043718 0.00591255 0.0121337 0.00875947 0.0060692 0.00450112 0.00906982 0.00595026 0.011314 0.00747053 0.00442742 0.00446947 0.00749447 0.00594096 0.00646089 0.00493059 0.0104339 0.00758725 0.00603809 0.00592439 0.00432857 0.0058968 
Throughputs: 3.93216 2.53952 2.65421 2.19546 3.70278 2.9655 2.08077 2.9655 3.60448 2.57229 1.9497 2.89997 2.89997 2.53952 2.32653 3.08019 2.44122 3.24403 2.01523 2.71974 3.30957 2.31014 2.62144 2.53952 3.85024 3.30957 3.30957 3.7847 3.22765 3.39149 2.40845 1.93331 3.91578 2.17907 2.73613 2.58867 3.76832 2.73613 2.91635 3.40787 
Utility: 6.24271 5.63133 5.88152 5.70264 6.19787 6.19294 5.64153 6.19824 6.43415 6.37618 6.08104 6.08796 6.17962 5.807 5.90194 6.01341 5.71053 6.12453 6.13331 6.13122 5.60859 5.57493 6.06825 6.3354 6.05094 6.32114 5.67853 6.22776 6.59169 6.63175 5.77257 5.78512 6.407 6.09119 5.56924 5.83243 6.4363 6.13522 6.51285 6.35943 

--------------------------------------
Time: 10.0008
Split Ratios: 1 0.762 0.238 1 1 1 1 1 1 1 1 1 0.143 0.857 1 1 0.089 0.911 0.267 0.247 0.487 0.563 0.437 0.138 0.862 1 1 0.209 0.791 1 1 1 1 1 0.542 0.458 0.986 0.014 1 1 1 1 0.316 0.684 0.691 0.309 0.034 0.966 1 1 1 1 1 
Delays: 0.00755397 0.0090068 0.00733518 0.00746289 0.0075477 0.00600145 0.00730268 0.00604699 0.00578366 0.00440048 0.00444484 0.00649265 0.00608497 0.00751255 0.00622414 0.00756974 0.00817964 0.00709177 0.00434942 0.00593277 0.0119697 0.00880828 0.00592242 0.00445731 0.0089779 0.00597556 0.011137 0.00741977 0.00443911 0.00443271 0.00746595 0.00594092 0.00651606 0.00486588 0.0105392 0.00744073 0.00595497 0.00591024 0.00435702 0.00585868 
Throughputs: 2.89997 2.09715 2.70336 2.70336 4.16154 3.2768 2.22822 2.5559 3.65363 2.94912 1.98246 3.21126 3.14573 2.40845 2.08077 2.91635 2.47398 3.42426 1.99885 2.89997 3.5881 2.32653 2.91635 2.75251 3.40787 3.06381 2.94912 4.03046 3.62086 3.09658 2.63782 2.12992 4.04685 1.96608 2.1463 2.80166 3.86662 2.37568 2.49037 3.21126 
Utility: 5.95038 5.45036 5.90957 5.89231 6.3124 6.30262 5.72072 6.0466 6.44844 6.50755 6.10035 6.20375 6.24798 5.77016 5.81206 5.95393 5.71194 6.17971 6.13028 6.19196 5.703 5.57644 6.19934 6.42572 5.93908 6.23974 5.57899 6.29749 6.70401 6.54904 5.86736 5.88198 6.43142 6.00155 5.3164 5.931 6.47591 5.99635 6.3484 6.3065 

--------------------------------------
Time: 10.5009
Split Ratios: 1 0.762 0.238 1 1 1 1 1 1 1 1 1 0.143 0.857 1 1 0.089 0.911 0.267 0.247 0.487 0.563 0.437 0.138 0.862 1 1 0.209 0.791 1 1 1 1 1 0.542 0.458 0.986 0.014 1 1 1 1 0.316 0.684 0.691 0.309 0.034 0.966 1 1 1 1 1 
Delays: 0.00760002 0.00903948 0.00731188 0.00736583 0.00753092 0.00605608 0.00727545 0.00609831 0.00576374 0.00442882 0.00449551 0.0065046 0.0060665 0.00747909 0.00630145 0.00756458 0.00805424 0.00706746 0.00434414 0.00591839 0.0120854 0.00870338 0.00600831 0.00444103 0.00907479 0.00593192 0.011291 0.00749984 0.00453951 0.004477 0.0073891 0.00591891 0.00659913 0.00483301 0.0105505 0.00747714 0.00597252 0.00589255 0.00435976 0.00580401 
Throughputs: 3.44064 2.1463 2.65421 2.57229 3.94854 3.03104 1.90054 2.78528 3.50618 2.67059 2.58867 2.91635 3.04742 2.11354 2.29376 3.24403 2.34291 3.24403 1.99885 2.62144 3.48979 2.048 3.1785 2.3593 2.75251 3.16211 3.16211 4.1943 3.45702 3.52256 2.19546 1.96608 4.14515 2.57229 2.58867 2.88358 3.83386 2.80166 2.99827 2.91635 
Utility: 6.11526 5.4699 5.8944 5.8557 6.26208 6.2156 5.56539 6.12409 6.41069 6.40192 6.35582 6.10558 6.21927 5.64401 5.89717 6.0611 5.67295 6.12907 6.1315 6.09341 5.6656 5.46091 6.27102 6.27523 5.71477 6.27865 5.63499 6.3266 6.63534 6.66799 5.69414 5.80564 6.44276 6.27708 5.50272 5.95494 6.46446 6.16428 6.53337 6.21954 

--------------------------------------
Time: 11.0009
Split Ratios: 1 0.762 0.238 1 1 1 1 1 1 1 1 1 0.143 0.857 1 1 0.089 0.911 0.267 0.247 0.487 0.563 0.437 0.138 0.862 1 1 0.209 0.791 1 1 1 1 1 0.542 0.458 0.986 0.014 1 1 1 1 0.316 0.684 0.691 0.309 0.034 0.966 1 1 1 1 1 
Delays: 0.00745384 0.0089243 0.00743696 0.00736275 0.00753603 0.00596628 0.00736823 0.00592063 0.00578726 0.00440115 0.00444822 0.00638227 0.00607155 0.00757645 0.00635002 0.00760844 0.00813393 0.00698274 0.00439159 0.00592544 0.0120232 0.00875457 0.00595917 0.00448145 0.00895825 0.00593094 0.0112797 0.00741394 0.00449118 0.00444292 0.0074398 0.00595394 0.00616418 0.00493355 0.0104603 0.00744013 0.00596117 0.00590352 0.0043479 0.00584143 
Throughputs: 3.24403 2.26099 2.58867 2.89997 4.17792 3.50618 2.17907 2.58867 3.08019 2.89997 2.06438 2.70336 3.11296 2.58867 2.52314 2.98189 2.31014 3.3751 1.78586 2.49037 3.21126 2.12992 2.83443 2.50675 2.99827 2.94912 3.30957 3.81747 3.75194 3.52256 2.24461 1.99885 3.57171 2.39206 3.01466 2.88358 3.67002 2.62144 2.83443 3.42426 
Utility: 6.07584 5.53478 5.85244 5.97602 6.31787 6.37616 5.68948 6.08046 6.27709 6.49059 6.14008 6.04873 6.23971 5.83386 5.9848 5.97105 5.64902 6.18074 6.00796 6.04093 5.58758 5.49426 6.16467 6.3268 5.81322 6.20908 5.68157 6.24398 6.72791 6.67563 5.70944 5.81627 6.36205 6.18385 5.66365 5.9599 6.42268 6.09593 6.4799 6.37366 

--------------------------------------
Time: 11.501
Split Ratios: 1 0.762 0.238 1 1 1 1 1 1 1 1 1 0.143 0.857 1 1 0.089 0.911 0.267 0.247 0.487 0.563 0.437 0.138 0.862 1 1 0.209 0.791 1 1 1 1 1 0.542 0.458 0.986 0.014 1 1 1 1 0.316 0.684 0.691 0.309 0.034 0.966 1 1 1 1 1 
Delays: 0.00765091 0.00894067 0.00742295 0.00732854 0.00743419 0.00609483 0.00732533 0.00599629 0.00580372 0.00438763 0.00448098 0.00649955 0.00599695 0.00764143 0.00633781 0.00754936 0.00814632 0.00708519 0.00436098 0.00595221 0.0119888 0.00878361 0.00586666 0.00455459 0.00910321 0.00596992 0.0113666 0.00745659 0.0044955 0.00445827 0.00748483 0.0059284 0.00641905 0.00491 0.0104624 0.00746257 0.00608579 0.00588504 0.00434309 0.00583734 
Throughputs: 3.63725 2.09715 2.75251 2.47398 3.9977 3.22765 2.29376 2.5559 3.65363 2.93274 2.11354 2.94912 2.91635 2.78528 2.44122 3.32595 2.5559 3.45702 1.96608 2.75251 3.32595 2.40845 2.7689 2.44122 3.53894 3.11296 3.30957 3.44064 3.53894 3.35872 2.57229 2.11354 3.73555 1.88416 2.50675 2.78528 4.1943 2.63782 3.01466 3.30957 
Utility: 6.16416 5.45773 5.91569 5.82181 6.28738 6.27207 5.74661 6.05502 6.44498 6.5049 6.15628 6.11753 6.18684 5.89852 5.95372 6.08805 5.7486 6.19016 6.1111 6.13651 5.62554 5.61385 6.15692 6.28412 5.96296 6.2566 5.67389 6.13431 6.66851 6.62456 5.83967 5.87636 6.36638 5.94996 5.47896 5.9222 6.53553 6.1053 6.54265 6.3403 

--------------------------------------
Time: 12.001
Split Ratios: 1 0.762 0.238 1 1 1 1 1 1 1 1 1 0.143 0.857 1 1 0.089 0.911 0.267 0.247 0.487 0.563 0.437 0.138 0.862 1 1 0.209 0.791 1 1 1 1 1 0.542 0.458 0.986 0.014 1 1 1 1 0.316 0.684 0.691 0.309 0.034 0.966 1 1 1 1 1 
Delays: 0.00747107 0.00891426 0.00738962 0.00733181 0.00749092 0.00600006 0.00736056 0.00604247 0.00582894 0.00442389 0.00445708 0.00639363 0.00607061 0.00759541 0.00630537 0.00751783 0.00821113 0.00713156 0.00433763 0.00584736 0.0119965 0.00876746 0.00586572 0.00452022 0.00901937 0.00597738 0.0111539 0.00749751 0.00454916 0.00445907 0.00742533 0.00592716 0.0065709 0.00489058 0.0105829 0.00746207 0.00601933 0.00590394 0.00436421 0.00580264 
Throughputs: 3.67002 1.85139 2.9655 2.78528 4.06323 2.98189 2.37568 2.71974 3.62086 3.03104 2.048 2.98189 3.03104 2.75251 2.50675 2.8672 2.78528 3.6864 1.96608 2.4576 2.98189 2.03162 3.04742 2.60506 3.40787 3.03104 2.83443 4.06323 3.93216 3.62086 2.68698 2.06438 3.76832 1.88416 2.71974 2.83443 3.67002 2.21184 2.94912 3.04742 
Utility: 6.19691 5.33604 5.99473 5.93988 6.29604 6.20854 5.7769 6.10948 6.43163 6.52964 6.13012 6.14501 6.2132 5.89272 5.98534 5.94381 5.82661 6.24788 6.11647 6.04095 5.5157 5.44554 6.25293 6.35665 5.93447 6.22868 5.53781 6.29516 6.762 6.69953 5.89128 5.85304 6.35173 5.95393 5.54905 5.93976 6.41298 5.92596 6.51582 6.26374 

--------------------------------------
Time: 12.5011
Split Ratios: 1 0.762 0.238 1 1 1 1 1 1 1 1 1 0.143 0.857 1 1 0.089 0.911 0.267 0.247 0.487 0.563 0.437 0.138 0.862 1 1 0.209 0.791 1 1 1 1 1 0.542 0.458 0.986 0.014 1 1 1 1 0.316 0.684 0.691 0.309 0.034 0.966 1 1 1 1 1 
Delays: 0.00757675 0.00907499 0.00735292 0.00727156 0.00746149 0.00605076 0.00731686 0.00595399 0.00577691 0.00442316 0.00443833 0.00646729 0.00603666 0.00767127 0.00632955 0.00757765 0.00813576 0.006987 0.00437976 0.00589917 0.0120018 0.00878955 0.00599195 0.00445409 0.00896875 0.00587098 0.0113436 0.00742099 0.00451671 0.00447553 0.00745353 0.00600352 0.00623267 0.00481118 0.0103878 0.00748817 0.00598664 0.00585288 0.00431656 0.0058341 
Throughputs: 3.6864 2.26099 2.88358 2.24461 3.96493 3.44064 1.83501 2.83443 3.60448 2.70336 1.91693 3.03104 3.2768 2.52314 2.26099 2.81805 2.62144 3.08019 2.09715 2.50675 3.29318 2.16269 3.09658 2.47398 2.98189 3.09658 3.12934 3.93216 3.3751 3.34234 2.44122 2.08077 3.6864 2.03162 2.65421 2.99827 3.98131 2.68698 2.65421 2.9655 
Utility: 6.18732 5.51804 5.97169 5.73232 6.27549 6.34323 5.52462 6.16554 6.43606 6.4154 6.0682 6.1499 6.29677 5.79578 5.87833 5.9186 5.77521 6.0887 6.17134 6.05193 5.61456 5.50554 6.24764 6.31976 5.80657 6.26803 5.61992 6.27263 6.6164 6.6158 5.79156 5.84815 6.3826 6.04565 5.54327 5.99247 6.49984 6.12924 6.42144 6.23108 

--------------------------------------
Time: 13.0012
Split Ratios: 1 0.762 0.238 1 1 1 1 1 1 1 1 1 0.143 0.857 1 1 0.089 0.911 0.267 0.247 0.487 0.563 0.437 0.138 0.862 1 1 0.209 0.791 1 1 1 1 1 0.542 0.458 0.986 0.014 1 1 1 1 0.316 0.684 0.691 0.309 0.034 0.966 1 1 1 1 1 
Delays: 0.0075333 0.00904833 0.00742724 0.00728956 0.00752683 0.00603066 0.00735878 0.0059616 0.00578225 0.00440627 0.00459256 0.00644516 0.00602078 0.00762409 0.00633358 0.00754604 0.00809729 0.00706974 0.00436258 0.00591245 0.0120543 0.00880121 0.00599535 0.00447567 0.00912734 0.0059306 0.0113347 0.00745259 0.00449776 0.00447752 0.00746733 0.00596074 0.00612644 0.00509328 0.0105849 0.00738329 0.00603303 0.00582719 0.00434604 0.00584507 
Throughputs: 3.3751 2.03162 2.68698 2.58867 3.76832 3.19488 1.90054 2.88358 3.32595 2.75251 2.60506 2.93274 3.24403 2.70336 2.31014 3.22765 2.89997 3.29318 1.83501 2.81805 3.55533 2.12992 3.09658 2.71974 3.01466 2.93274 3.21126 4.07962 3.50618 3.60448 2.47398 2.11354 3.86662 2.5559 2.88358 2.58867 3.44064 2.31014 3.04742 3.57171 
Utility: 6.10485 5.41401 5.89102 5.87246 6.21591 6.27245 5.554 6.18145 6.35472 6.43724 6.34077 6.12036 6.28936 5.87094 5.8992 6.05849 5.88093 6.14379 6.04174 6.16674 5.68678 5.48895 6.24707 6.40964 5.79997 6.20356 5.64655 6.3052 6.6587 6.69086 5.80305 5.87092 6.44752 6.21824 5.60736 5.85968 6.34616 5.98253 6.55279 6.4152 

--------------------------------------
Time: 13.5013
Split Ratios: 1 0.762 0.238 1 1 1 1 1 1 1 1 1 0.143 0.857 1 1 0.089 0.911 0.267 0.247 0.487 0.563 0.437 0.138 0.862 1 1 0.209 0.791 1 1 1 1 1 0.542 0.458 0.986 0.014 1 1 1 1 0.316 0.684 0.691 0.309 0.034 0.966 1 1 1 1 1 
Delays: 0.00778152 0.00906785 0.00740486 0.00732727 0.00749599 0.00604434 0.00736225 0.00597368 0.00578881 0.00442454 0.00447667 0.00633737 0.00603593 0.00754609 0.00646868 0.00758085 0.00806498 0.00710646 0.00434585 0.00593123 0.0122325 0.00878991 0.00596753 0.00446922 0.00907905 0.00595604 0.011387 0.00754181 0.00448307 0.00449817 0.007521 0.00592018 0.00629046 0.00495599 0.0105897 0.00747741 0.00604421 0.00592521 0.00432523 0.00591648 
Throughputs: 3.94854 2.47398 2.63782 2.26099 4.21069 3.2768 2.19546 2.8672 3.52256 2.75251 1.86778 2.85082 2.75251 2.4576 2.47398 3.39149 2.50675 3.24403 2.11354 2.75251 4.11238 2.08077 2.67059 2.42483 3.21126 3.24403 2.93274 4.22707 3.52256 3.47341 2.70336 2.24461 4.01408 2.29376 2.60506 3.01466 3.91578 2.32653 3.01466 3.63725 
Utility: 6.22935 5.60885 5.87557 5.73196 6.33101 6.2955 5.69778 6.17373 6.41102 6.4331 6.03362 6.1089 6.12254 5.78591 5.94661 6.1034 5.73921 6.12357 6.1869 6.14004 5.81766 5.46689 6.10372 6.2963 5.86845 6.30017 5.55122 6.3288 6.66664 6.64922 5.88455 5.93792 6.45853 6.13735 5.50533 5.99935 6.47367 5.97292 6.54678 6.42124 

--------------------------------------
Time: 14.0013
Split Ratios: 1 0.762 0.238 1 1 1 1 1 1 1 1 1 0.143 0.857 1 1 0.089 0.911 0.267 0.247 0.487 0.563 0.437 0.138 0.862 1 1 0.209 0.791 1 1 1 1 1 0.542 0.458 0.986 0.014 1 1 1 1 0.316 0.684 0.691 0.309 0.034 0.966 1 1 1 1 1 
Delays: 0.00759358 0.0090354 0.00738828 0.00735951 0.00748413 0.00606238 0.00731335 0.0059299 0.00580564 0.0044596 0.00451015 0.00642257 0.00596095 0.00751109 0.00627667 0.0075262 0.00809499 0.00700567 0.0043543 0.00591057 0.0121666 0.00884776 0.00596791 0.0045564 0.00912365 0.00599455 0.0113602 0.00743762 0.00448385 0.00444609 0.00753874 0.00588592 0.00651566 0.00489768 0.0104416 0.00760647 0.00602568 0.00602351 0.00433921 0.00586892 
Throughputs: 3.39149 2.11354 2.50675 2.26099 3.67002 3.50618 2.06438 2.63782 3.75194 2.91635 1.83501 3.08019 3.14573 2.24461 2.40845 2.93274 2.80166 3.55533 1.78586 2.8672 3.70278 2.24461 3.09658 2.44122 3.19488 3.35872 3.50618 3.63725 3.11296 3.52256 2.78528 1.7367 3.70278 2.29376 2.57229 2.98189 3.53894 2.44122 3.04742 3.22765 
Utility: 6.10172 5.45497 5.82685 5.72757 6.19517 6.36018 5.64289 6.0977 6.4712 6.48303 6.00847 6.17293 6.26857 5.69991 5.9499 5.9653 5.84672 6.22948 6.01649 6.18435 5.71815 5.53612 6.25166 6.28372 5.85844 6.32847 5.73217 6.19243 6.54285 6.67492 5.91205 5.68718 6.34263 6.14919 5.50675 5.97131 6.37555 6.00458 6.55436 6.30984 

--------------------------------------
Time: 14.5014
Split Ratios: 1 0.762 0.238 1 1 1 1 1 1 1 1 1 0.143 0.857 1 1 0.089 0.911 0.267 0.247 0.487 0.563 0.437 0.138 0.862 1 1 0.209 0.791 1 1 1 1 1 0.542 0.458 0.986 0.014 1 1 1 1 0.316 0.684 0.691 0.309 0.034 0.966 1 1 1 1 1 
Delays: 0.00767012 0.00895656 0.00737369 0.00735255 0.00746236 0.00600771 0.0073954 0.00604136 0.00576868 0.00436049 0.00450271 0.00653422 0.00599894 0.00760072 0.00625144 0.00756907 0.00820218 0.00712199 0.0043824 0.00592039 0.0119926 0.00881598 0.00594145 0.00450539 0.00900475 0.00596625 0.0112721 0.0075418 0.00448262 0.00450739 0.00752823 0.0060089 0.00651591 0.00495232 0.0103685 0.00745356 0.00603962 0.00588305 0.00434143 0.00582429 
Throughputs: 4.07962 2.11354 2.93274 2.44122 3.75194 3.06381 2.09715 2.94912 3.65363 2.37568 1.96608 2.93274 2.88358 2.49037 1.75309 3.12934 3.01466 3.09658 2.31014 2.53952 3.16211 2.26099 3.16211 2.4576 3.2768 3.34234 3.11296 3.98131 3.81747 3.30957 2.31014 2.24461 4.07962 2.50675 2.60506 2.81805 4.096 2.49037 3.01466 3.19488 
Utility: 6.27643 5.46373 5.98577 5.8052 6.22016 6.23437 5.64748 6.19063 6.45103 6.30046 6.07912 6.10664 6.17521 5.79194 5.63632 6.02451 5.90684 6.07486 6.26747 6.06133 5.5747 5.54699 6.27704 6.30167 5.89687 6.32831 5.621 6.26891 6.74714 6.59886 5.72641 5.92304 6.43951 6.22689 5.52644 5.93511 6.51942 6.04811 6.54304 6.30727 

--------------------------------------
Time: 15.0014
Split Ratios: 1 0.762 0.238 1 1 1 1 1 1 1 1 1 0.143 0.857 1 1 0.089 0.911 0.267 0.247 0.487 0.563 0.437 0.138 0.862 1 1 0.209 0.791 1 1 1 1 1 0.542 0.458 0.986 0.014 1 1 1 1 0.316 0.684 0.691 0.309 0.034 0.966 1 1 1 1 1 
Delays: 0.00765705 0.0090006 0.00736865 0.00735328 0.00750459 0.00605878 0.0073416 0.00600893 0.0057691 0.00438013 0.00447603 0.00655942 0.00604652 0.00768239 0.00624705 0.0075221 0.0082138 0.00686431 0.00437165 0.00599244 0.0120664 0.00880201 0.00594604 0.00446529 0.00903761 0.00601685 0.0113832 0.00741604 0.00449641 0.0045167 0.00746853 0.0059389 0.00634543 0.00484106 0.0105958 0.00754615 0.00592638 0.00590515 0.00432736 0.00582458 
Throughputs: 3.52256 1.99885 2.67059 2.49037 3.6864 3.34234 2.42483 2.71974 3.29318 2.63782 1.98246 3.06381 2.98189 2.9655 2.048 3.29318 2.60506 2.81805 2.09715 2.83443 3.75194 2.09715 2.99827 2.44122 3.12934 3.3751 3.14573 3.94854 3.85024 3.91578 2.47398 2.06438 3.9977 1.91693 2.53952 2.91635 3.50618 2.62144 2.67059 3.16211 
Utility: 6.13132 5.40304 5.89282 5.82504 6.19689 6.31292 5.79996 6.11505 6.34709 6.40063 6.09336 6.14651 6.20083 5.95587 5.79251 6.08176 5.75939 6.01746 6.1732 6.1591 5.7396 5.47336 6.22307 6.30392 5.84718 6.32962 5.62166 6.27746 6.75261 6.76499 5.80289 5.85106 6.44574 5.98135 5.47927 5.95705 6.38287 6.09565 6.4251 6.29691 

--------------------------------------
Time: 15.5015
Split Ratios: 1 0.762 0.238 1 1 1 1 1 1 1 1 1 0.143 0.857 1 1 0.089 0.911 0.267 0.247 0.487 0.563 0.437 0.138 0.862 1 1 0.209 0.791 1 1 1 1 1 0.542 0.458 0.986 0.014 1 1 1 1 0.316 0.684 0.691 0.309 0.034 0.966 1 1 1 1 1 
Delays: 0.00758263 0.00897117 0.0073909 0.00734354 0.00749682 0.00595385 0.00734848 0.00602954 0.0058277 0.00438897 0.00445927 0.00629284 0.00603421 0.00760242 0.00634336 0.00756895 0.00809976 0.00722165 0.00438196 0.00585995 0.0120586 0.00872296 0.00586449 0.00443967 0.00903831 0.00593476 0.0113687 0.00749922 0.00454853 0.00449101 0.00743203 0.00596814 0.00662893 0.00485571 0.0104937 0.00760862 0.0060103 0.00589103 0.00432741 0.00583047 
Throughputs: 3.6864 1.93331 2.73613 2.65421 3.85024 3.26042 2.26099 2.65421 3.42426 2.94912 2.03162 3.04742 3.09658 2.40845 2.34291 3.48979 2.57229 3.50618 1.96608 2.31014 3.55533 2.21184 2.85082 2.32653 3.11296 3.22765 3.03104 4.24346 4.01408 2.73613 2.53952 1.81862 3.91578 2.27738 2.73613 3.14573 3.76832 2.40845 2.4576 3.19488 
Utility: 6.18654 5.37297 5.91405 5.89008 6.24141 6.30557 5.72907 6.08723 6.37602 6.51017 6.1216 6.18264 6.24061 5.75827 5.91174 6.13354 5.76072 6.1852 6.1063 5.97692 5.68642 5.53562 6.18645 6.26155 5.84186 6.29868 5.5858 6.33833 6.78276 6.41222 5.83393 5.7194 6.38133 6.15062 5.56352 6.02452 6.44091 6.01331 6.34197 6.30621 

--------------------------------------
Time: 16.0017
Split Ratios: 1 0.762 0.238 1 1 1 1 1 1 1 1 1 0.143 0.857 1 1 0.089 0.911 0.267 0.247 0.487 0.563 0.437 0.138 0.862 1 1 0.209 0.791 1 1 1 1 1 0.542 0.458 0.986 0.014 1 1 1 1 0.316 0.684 0.691 0.309 0.034 0.966 1 1 1 1 1 
Delays: 0.00755153 0.00903324 0.00736432 0.00733823 0.00743534 0.0060924 0.00731447 0.0059875 0.00579573 0.00440222 0.00445832 0.00623723 0.00595913 0.00765025 0.00627759 0.00755206 0.00803368 0.00720511 0.0043375 0.00587591 0.0119154 0.00880066 0.00588957 0.00444748 0.0089789 0.00599136 0.0112717 0.00746566 0.00447364 0.00446121 0.0074456 0.0058787 0.00644833 0.00499169 0.0103772 0.00747322 0.00594618 0.00593832 0.00435773 0.00581975 
Throughputs: 3.30957 2.06438 2.5559 2.31014 3.65363 3.44064 2.27738 2.7689 3.42426 3.09658 1.70394 2.88358 3.21126 2.99827 1.86778 3.48979 2.58867 3.19488 1.7367 2.52314 3.40787 1.88416 2.63782 2.39206 3.01466 3.26042 3.11296 3.57171 3.81747 3.50618 2.50675 1.7367 3.91578 2.24461 2.65421 2.88358 3.45702 2.50675 3.14573 3.04742 
Utility: 6.08282 5.43168 5.84951 5.75197 6.19723 6.33637 5.74092 6.13653 6.38152 6.55594 5.94593 6.13625 6.2895 5.97105 5.69552 6.13578 5.77526 6.09451 5.99245 6.0624 5.65601 5.36641 6.10453 6.28757 5.81636 6.29929 5.62104 6.17049 6.74914 6.66686 5.81912 5.68841 6.40895 6.10851 5.54429 5.95546 6.36541 6.04532 6.58185 6.2608 

--------------------------------------
Time: 16.5017
Split Ratios: 1 0.762 0.238 1 1 1 1 1 1 1 1 1 0.143 0.857 1 1 0.089 0.911 0.267 0.247 0.487 0.563 0.437 0.138 0.862 1 1 0.209 0.791 1 1 1 1 1 0.542 0.458 0.986 0.014 1 1 1 1 0.316 0.684 0.691 0.309 0.034 0.966 1 1 1 1 1 
Delays: 0.00765968 0.00903218 0.00734048 0.00734982 0.0074775 0.00609341 0.00736189 0.0059941 0.00580849 0.00437585 0.0044591 0.0064344 0.00597513 0.00760986 0.00630073 0.00753728 0.00815093 0.00707472 0.00439545 0.00591845 0.012168 0.008805 0.00597143 0.00444735 0.00907531 0.0059471 0.0114224 0.00743594 0.00446303 0.0045342 0.00748665 0.0059222 0.00629438 0.00488042 0.0104568 0.00745972 0.00607827 0.00588902 0.00436443 0.00580866 
Throughputs: 3.83386 2.32653 2.5559 2.42483 3.89939 3.22765 2.24461 3.08019 3.47341 2.62144 1.81862 3.24403 2.94912 2.40845 1.99885 3.45702 2.58867 3.14573 1.78586 2.71974 3.88301 2.44122 2.94912 2.49037 3.1785 3.03104 3.32595 3.86662 3.52256 3.85024 2.27738 1.93331 4.29261 2.29376 2.63782 2.58867 3.93216 2.3593 2.93274 3.24403 
Utility: 6.21566 5.55134 5.85276 5.79884 6.25668 6.2723 5.71997 6.24197 6.39357 6.39538 6.01089 6.22291 6.20166 5.75729 5.75966 6.1283 5.76077 6.09727 6.00708 6.13022 5.76555 5.62493 6.20228 6.32788 5.85861 6.23376 5.67394 6.25381 6.67111 6.74424 5.71766 5.78828 6.52499 6.15272 5.53045 5.84938 6.47222 5.99303 6.5102 6.32522 

--------------------------------------
Time: 17.0017
Split Ratios: 1 0.762 0.238 1 1 1 1 1 1 1 1 1 0.143 0.857 1 1 0.089 0.911 0.267 0.247 0.487 0.563 0.437 0.138 0.862 1 1 0.209 0.791 1 1 1 1 1 0.542 0.458 0.986 0.014 1 1 1 1 0.316 0.684 0.691 0.309 0.034 0.966 1 1 1 1 1 
Delays: 0.00776169 0.00899827 0.00740853 0.00736581 0.00749618 0.00612583 0.00735133 0.00600492 0.00588446 0.00437283 0.00443288 0.0064275 0.00610177 0.00763387 0.00630244 0.00749132 0.00790655 0.00705348 0.0043598 0.00597584 0.0120936 0.00880177 0.0059024 0.00447398 0.008957 0.00597961 0.0112991 0.00739053 0.00454681 0.00444727 0.00745517 0.00594041 0.00646622 0.00493944 0.010521 0.00743058 0.00596277 0.00589887 0.00437143 0.00584411 
Throughputs: 4.04685 2.29376 2.67059 2.44122 3.5881 3.55533 2.24461 2.52314 3.62086 2.67059 2.29376 2.71974 3.32595 2.37568 2.60506 3.21126 2.70336 3.40787 2.11354 2.52314 2.94912 2.17907 2.7689 2.21184 3.09658 3.16211 3.2768 3.53894 3.76832 3.32595 2.67059 2.08077 4.16154 2.27738 2.88358 2.9655 3.76832 2.67059 2.73613 3.50618 
Utility: 6.25649 5.54092 5.88742 5.8034 6.17098 6.36369 5.7214 6.04068 6.42215 6.41464 6.2489 6.04771 6.30093 5.74044 6.02427 6.06067 5.83456 6.18032 6.18369 6.04553 5.49658 5.5117 6.15084 6.2033 5.84562 6.27064 5.6699 6.17138 6.71996 6.61722 5.88115 5.85871 6.46705 6.13353 5.61342 5.9892 6.44885 6.11529 6.43921 6.39685 

--------------------------------------
Time: 17.5017
Split Ratios: 1 0.762 0.238 1 1 1 1 1 1 1 1 1 0.143 0.857 1 1 0.089 0.911 0.267 0.247 0.487 0.563 0.437 0.138 0.862 1 1 0.209 0.791 1 1 1 1 1 0.542 0.458 0.986 0.014 1 1 1 1 0.316 0.684 0.691 0.309 0.034 0.966 1 1 1 1 1 
Delays: 0.00757954 0.00895999 0.0073552 0.00739613 0.00755812 0.00611716 0.00733748 0.00595048 0.00579974 0.00443026 0.00443478 0.00652785 0.00601964 0.00760616 0.00643506 0.00764535 0.00800614 0.00718008 0.00433708 0.00588732 0.0121249 0.00879543 0.00601301 0.00441874 0.00904093 0.00596264 0.0113663 0.00748699 0.00451844 0.00447608 0.00746545 0.00595397 0.00647002 0.00496808 0.0105085 0.00757629 0.0059604 0.00596801 0.00434485 0.00581147 
Throughputs: 3.53894 2.03162 2.89997 2.68698 3.89939 3.63725 2.17907 2.71974 3.80109 2.85082 2.09715 3.04742 3.52256 2.42483 2.31014 3.45702 2.78528 3.53894 1.9497 2.98189 3.52256 2.08077 2.57229 2.08077 2.98189 3.22765 3.94854 3.53894 3.5881 3.53894 2.34291 1.90054 3.50618 1.9497 2.63782 3.47341 3.57171 2.32653 3.08019 3.24403 
Utility: 6.14613 5.42382 5.97705 5.89521 6.24595 6.38788 5.69366 6.12482 6.48523 6.4669 6.15886 6.14597 6.37192 5.76456 5.8833 6.11407 5.85189 6.20027 6.10823 6.22751 5.67168 5.46626 6.05863 6.15464 5.79855 6.294 5.85045 6.15842 6.67721 6.67284 5.74886 5.76584 6.2951 5.9724 5.52553 6.12787 6.39566 5.96572 6.56376 6.32474 

--------------------------------------
Time: 18.0018
Split Ratios: 1 0.762 0.238 1 1 1 1 1 1 1 1 1 0.143 0.857 1 1 0.089 0.911 0.267 0.247 0.487 0.563 0.437 0.138 0.862 1 1 0.209 0.791 1 1 1 1 1 0.542 0.458 0.986 0.014 1 1 1 1 0.316 0.684 0.691 0.309 0.034 0.966 1 1 1 1 1 
Delays: 0.00752554 0.00899672 0.00747804 0.00730023 0.00752952 0.00603051 0.00737806 0.00605734 0.00577452 0.00440243 0.00444202 0.00646165 0.00599917 0.00756158 0.00633597 0.0074401 0.00816008 0.00712935 0.00437756 0.00587945 0.0119848 0.0088206 0.00588733 0.00450953 0.00898603 0.0059608 0.0111625 0.00754282 0.00443653 0.00449502 0.00750491 0.00589638 0.0061863 0.00489929 0.010565 0.00753919 0.00596193 0.00593368 0.00432268 0.00578932 
Throughputs: 3.40787 2.31014 2.68698 2.5559 4.04685 3.14573 2.37568 2.83443 3.30957 3.08019 1.98246 3.12934 3.12934 2.52314 1.88416 2.68698 2.26099 3.09658 2.01523 2.78528 2.88358 1.80224 3.14573 2.7689 2.94912 3.08019 2.85082 4.04685 3.63725 3.70278 2.78528 1.93331 3.91578 2.09715 2.47398 2.89997 3.62086 2.83443 2.98189 3.29318 
Utility: 6.11554 5.5482 5.8842 5.85826 6.28686 6.25697 5.77453 6.14833 6.35112 6.55059 6.10099 6.18269 6.25696 5.81018 5.695 5.88929 5.62431 6.07383 6.132 6.16064 5.48315 5.3197 6.281 6.42001 5.79359 6.24754 5.5428 6.2851 6.70911 6.71387 5.91655 5.79265 6.45043 6.05925 5.45604 5.95234 6.40907 6.16895 6.53644 6.3436 

--------------------------------------
Time: 18.5018
Split Ratios: 1 0.762 0.238 1 1 1 1 1 1 1 1 1 0.143 0.857 1 1 0.089 0.911 0.267 0.247 0.487 0.563 0.437 0.138 0.862 1 1 0.209 0.791 1 1 1 1 1 0.542 0.458 0.986 0.014 1 1 1 1 0.316 0.684 0.691 0.309 0.034 0.966 1 1 1 1 1 
Delays: 0.00759303 0.00898402 0.00735632 0.00732246 0.00744008 0.00605469 0.00737002 0.00601924 0.00579421 0.00438214 0.00447332 0.00631317 0.00607185 0.00757201 0.00636333 0.00757779 0.00808942 0.00697702 0.00438093 0.00584061 0.01211 0.00878316 0.00600341 0.00443109 0.00911885 0.00590249 0.0112367 0.00748644 0.00448951 0.00451527 0.00753051 0.00588866 0.0064133 0.00492205 0.0103807 0.00752506 0.00596438 0.00587489 0.00435921 0.0058464 
Throughputs: 3.50618 2.16269 2.71974 2.73613 3.29318 3.39149 2.09715 2.62144 3.52256 2.60506 1.81862 2.8672 2.62144 2.50675 2.1463 3.2768 2.8672 3.2768 2.09715 2.67059 3.21126 2.1463 3.09658 2.3593 3.09658 2.75251 2.94912 3.91578 3.83386 3.6864 2.94912 2.08077 3.9977 2.26099 2.57229 3.04742 3.42426 2.83443 2.80166 2.91635 
Utility: 6.13505 5.48366 5.91273 5.92335 6.09273 6.32819 5.65092 6.07652 6.41008 6.38767 6.0077 6.11845 6.06782 5.80228 5.82095 6.0694 5.87053 6.152 6.17107 6.12522 5.58039 5.49867 6.24572 6.27747 5.82771 6.14489 5.57008 6.25968 6.74988 6.70494 5.9703 5.86746 6.4351 6.12983 5.5126 6.00381 6.35283 6.17891 6.46568 6.21226 

--------------------------------------
Time: 19.0018
Split Ratios: 1 0.762 0.238 1 1 1 1 1 1 1 1 1 0.143 0.857 1 1 0.089 0.911 0.267 0.247 0.487 0.563 0.437 0.138 0.862 1 1 0.209 0.791 1 1 1 1 1 0.542 0.458 0.986 0.014 1 1 1 1 0.316 0.684 0.691 0.309 0.034 0.966 1 1 1 1 1 
Delays: 0.00747732 0.00900991 0.0073264 0.00732912 0.00745859 0.00599325 0.00727925 0.00596864 0.00579292 0.00440047 0.00441764 0.00642572 0.00599754 0.00755067 0.0062609 0.00746226 0.00805787 0.0070197 0.00436894 0.00587892 0.011969 0.00878634 0.00595724 0.00443946 0.00905183 0.0058798 0.0112856 0.00741277 0.00443282 0.00445615 0.00749695 0.00592136 0.00635629 0.0048801 0.0105219 0.0075193 0.0059561 0.00590174 0.00432979 0.00583925 
Throughputs: 3.86662 2.24461 2.8672 2.31014 3.83386 3.40787 2.048 2.65421 3.94854 2.68698 1.9497 2.81805 2.94912 2.50675 2.03162 2.94912 2.75251 2.80166 1.98246 2.50675 3.21126 2.01523 3.01466 2.37568 2.85082 2.99827 2.65421 3.96493 3.21126 3.63725 2.49037 2.048 3.88301 1.9497 2.5559 2.81805 3.75194 2.49037 3.06381 3.5881 
Utility: 6.24826 5.51796 5.96961 5.75321 6.24226 6.34321 5.63959 6.09738 6.52447 6.41446 6.08982 6.08349 6.19791 5.80511 5.78226 5.9794 5.83362 5.98925 6.11758 6.05537 5.5921 5.43529 6.22663 6.28251 5.75239 6.23427 5.46037 6.28204 6.58538 6.7047 5.80569 5.84605 6.41492 5.99026 5.4927 5.92633 6.44561 6.04494 6.56189 6.42077 

--------------------------------------
Time: 19.5018
Split Ratios: 1 0.762 0.238 1 1 1 1 1 1 1 1 1 0.143 0.857 1 1 0.089 0.911 0.267 0.247 0.487 0.563 0.437 0.138 0.862 1 1 0.209 0.791 1 1 1 1 1 0.542 0.458 0.986 0.014 1 1 1 1 0.316 0.684 0.691 0.309 0.034 0.966 1 1 1 1 1 
Delays: 0.00747711 0.00900179 0.00737587 0.00730036 0.00742819 0.00597914 0.00734696 0.00604128 0.00579741 0.00438485 0.00449958 0.00644123 0.00597364 0.00754614 0.00625646 0.00751459 0.0081055 0.00704813 0.00435572 0.00587277 0.0119873 0.00874183 0.00591163 0.00440811 0.00895707 0.0059725 0.0112654 0.007583 0.00448564 0.00447759 0.00737076 0.00594715 0.00625343 0.00493169 0.0104253 0.00745729 0.00591225 0.00589243 0.00431332 0.00579266 
Throughputs: 3.81747 2.048 2.60506 2.44122 3.57171 3.34234 1.78586 2.75251 3.63725 2.5559 2.21184 2.85082 2.60506 2.67059 2.22822 3.03104 2.32653 3.22765 2.22822 2.63782 3.12934 2.37568 3.09658 2.29376 3.08019 3.12934 3.32595 4.03046 3.47341 3.70278 2.32653 2.03162 3.96493 2.22822 2.91635 3.21126 3.52256 2.47398 2.8672 3.04742 
Utility: 6.2355 5.4272 5.867 5.81233 6.17552 6.32615 5.49337 6.12165 6.44157 6.36801 6.1976 6.09264 6.07785 5.86902 5.87534 5.99981 5.65959 6.12675 6.23747 6.10738 5.56473 5.60492 6.26113 6.2545 5.8403 6.26141 5.68777 6.27573 6.65201 6.71776 5.75461 5.83368 6.45211 6.11328 5.63385 6.06523 6.38992 6.03992 6.49938 6.26546 

--------------------------------------
Time: 20.0018
Split Ratios: 1 0.762 0.238 1 1 1 1 1 1 1 1 1 0.143 0.857 1 1 0.089 0.911 0.267 0.247 0.487 0.563 0.437 0.138 0.862 1 1 0.209 0.791 1 1 1 1 1 0.542 0.458 0.986 0.014 1 1 1 1 0.316 0.684 0.691 0.309 0.034 0.966 1 1 1 1 1 
Delays: 0.00759138 0.00901615 0.00739744 0.00733891 0.007485 0.00595871 0.0073251 0.00595515 0.0058146 0.00440717 0.0044752 0.00640041 0.00603358 0.007556 0.00627897 0.00753434 0.00809438 0.00706225 0.00437125 0.00589367 0.0119866 0.00877279 0.00594471 0.00450175 0.00902775 0.00592975 0.0113175 0.00755115 0.00450927 0.00448244 0.00754983 0.00595889 0.0062694 0.00493879 0.010481 0.00747531 0.00598007 0.00589051 0.00433366 0.00583201 
Throughputs: 3.57171 2.58867 2.7689 2.60506 3.50618 3.57171 2.4576 2.73613 3.6864 2.78528 2.01523 2.81805 3.12934 2.85082 2.44122 2.8672 2.50675 3.21126 1.93331 2.93274 3.39149 2.048 3.1785 2.49037 3.35872 2.88358 3.03104 4.25984 3.42426 3.39149 2.65421 1.75309 3.50618 2.44122 2.50675 3.09658 3.80109 2.49037 2.94912 3.40787 
Utility: 6.15379 5.65988 5.92507 5.87202 6.14938 6.39595 5.81563 6.13004 6.45203 6.44887 6.10994 6.08744 6.25124 5.93302 5.96305 5.94162 5.73557 6.11966 6.09194 6.20981 5.64524 5.45296 6.28166 6.31572 5.91901 6.18681 5.59031 6.33529 6.6325 6.62886 5.86238 5.68425 6.3266 6.20313 5.47718 6.02645 6.45461 6.04684 6.52285 6.37048 

--------------------------------------
Time: 20.5018
Split Ratios: 1 0.762 0.238 1 1 1 1 1 1 1 1 1 0.143 0.857 1 1 0.089 0.911 0.267 0.247 0.487 0.563 0.437 0.138 0.862 1 1 0.209 0.791 1 1 1 1 1 0.542 0.458 0.986 0.014 1 1 1 1 0.316 0.684 0.691 0.309 0.034 0.966 1 1 1 1 1 
Delays: 0.00758728 0.00893788 0.00741358 0.00734282 0.00753962 0.00604065 0.00729067 0.00600502 0.00580466 0.00438999 0.00445437 0.0065486 0.00601195 0.00770017 0.00636349 0.00757036 0.00823584 0.00716153 0.00435197 0.00592406 0.0120755 0.00885058 0.00601136 0.00452166 0.0090914 0.00589395 0.0112209 0.00742721 0.00449896 0.00448577 0.0074677 0.00589904 0.00635209 0.00494461 0.0104731 0.0074868 0.00600095 0.00587399 0.00432767 0.00583167 
Throughputs: 3.39149 1.88416 2.5559 2.49037 3.30957 3.40787 2.40845 2.75251 3.83386 3.11296 2.1463 3.12934 3.26042 2.85082 2.34291 2.70336 2.5559 3.29318 1.83501 3.22765 3.86662 2.16269 3.14573 2.21184 3.5881 2.68698 3.12934 3.81747 3.50618 3.75194 2.37568 1.76947 3.98131 2.4576 2.78528 2.83443 3.86662 2.75251 3.03104 3.47341 
Utility: 6.10255 5.35094 5.84285 5.82646 6.0844 6.33533 5.80014 6.12767 6.49297 6.564 6.17762 6.16933 6.29586 5.91412 5.90857 5.87801 5.73767 6.13089 6.04418 6.30049 5.76896 5.49862 6.26015 6.1927 5.97805 6.12225 5.6308 6.24219 6.65844 6.72912 5.76245 5.70365 6.44058 6.20864 5.58329 5.93645 6.46822 6.14973 6.55163 6.38959 

--------------------------------------
Time: 21.0018
Split Ratios: 1 0.762 0.238 1 1 1 1 1 1 1 1 1 0.143 0.857 1 1 0.089 0.911 0.267 0.247 0.487 0.563 0.437 0.138 0.862 1 1 0.209 0.791 1 1 1 1 1 0.542 0.458 0.986 0.014 1 1 1 1 0.316 0.684 0.691 0.309 0.034 0.966 1 1 1 1 1 
Delays: 0.00754209 0.00893857 0.0074073 0.00733471 0.00744224 0.00600289 0.0073588 0.00598073 0.00579689 0.0044236 0.00443826 0.00643549 0.00602349 0.00752824 0.00637655 0.00745705 0.00813774 0.00711446 0.00440399 0.00594968 0.0120208 0.00877419 0.00593245 0.0044899 0.00905799 0.00595088 0.011154 0.00743552 0.0045603 0.00445068 0.00748723 0.00587145 0.00618515 0.00490749 0.0104136 0.00740481 0.00602125 0.00581002 0.00434341 0.00581349 
Throughputs: 3.42426 1.99885 2.63782 2.57229 4.03046 3.12934 2.26099 2.73613 3.39149 2.8672 1.86778 2.37568 3.11296 2.65421 1.98246 2.85082 2.78528 2.98189 2.08077 2.93274 3.71917 2.08077 3.21126 2.94912 3.14573 2.89997 2.94912 3.7847 3.88301 3.48979 2.26099 1.91693 3.96493 2.50675 2.65421 2.94912 3.75194 2.06438 3.09658 3.1785 
Utility: 6.11814 5.40995 5.87524 5.85993 6.29446 6.25634 5.72766 6.12576 6.3717 6.47414 6.04224 5.91121 6.24766 5.86524 5.73947 5.9462 5.83559 6.03818 6.15798 6.20035 5.73462 5.46868 6.29398 6.48743 5.85015 6.18892 5.57747 6.23245 6.74698 6.66454 5.71036 5.78838 6.46309 6.23598 5.54079 5.98713 6.43473 5.873 6.56939 6.30398 

--------------------------------------
Time: 21.5019
Split Ratios: 1 0.762 0.238 1 1 1 1 1 1 1 1 1 0.143 0.857 1 1 0.089 0.911 0.267 0.247 0.487 0.563 0.437 0.138 0.862 1 1 0.209 0.791 1 1 1 1 1 0.542 0.458 0.986 0.014 1 1 1 1 0.316 0.684 0.691 0.309 0.034 0.966 1 1 1 1 1 
Delays: 0.00759657 0.00895445 0.0074669 0.00733512 0.00745371 0.00602426 0.00739482 0.00597711 0.00581757 0.00437274 0.00444903 0.00644473 0.00595905 0.00762853 0.0062373 0.00766845 0.00802276 0.00703661 0.00435488 0.00596011 0.012065 0.00884695 0.00593503 0.00446563 0.00918685 0.00589666 0.0114301 0.00738157 0.00444117 0.00442287 0.00753095 0.0059605 0.00631049 0.00488936 0.0104967 0.0075515 0.0061024 0.00594367 0.00437311 0.00580938 
Throughputs: 4.11238 2.27738 2.88358 2.39206 3.50618 3.08019 2.12992 2.50675 3.57171 2.29376 2.16269 3.14573 2.8672 2.63782 2.17907 2.85082 2.37568 3.39149 1.99885 2.71974 3.40787 2.4576 2.50675 2.83443 2.94912 2.99827 3.3751 3.39149 3.75194 3.14573 2.53952 2.19546 3.9977 1.96608 2.39206 2.98189 4.11238 2.53952 2.91635 3.30957 
Utility: 6.29406 5.53863 5.95631 5.78724 6.15357 6.23695 5.66306 6.03881 6.41992 6.26256 6.18642 6.19054 6.17618 5.84581 5.85611 5.91825 5.69076 6.1779 6.12903 6.1232 5.64354 5.62687 6.04587 6.45319 5.77149 6.23141 5.68793 6.13004 6.73911 6.56701 5.82071 5.90899 6.45126 5.99674 5.42885 5.97857 6.51308 6.0574 6.50261 6.3451 

--------------------------------------
Time: 22.0019
Split Ratios: 1 0.762 0.238 1 1 1 1 1 1 1 1 1 0.143 0.857 1 1 0.089 0.911 0.267 0.247 0.487 0.563 0.437 0.138 0.862 1 1 0.209 0.791 1 1 1 1 1 0.542 0.458 0.986 0.014 1 1 1 1 0.316 0.684 0.691 0.309 0.034 0.966 1 1 1 1 1 
Delays: 0.00763109 0.00897695 0.00736041 0.00735977 0.00747418 0.00612404 0.00735433 0.00604432 0.00579694 0.00439332 0.00446048 0.00640636 0.00600152 0.00755372 0.00626739 0.00756844 0.00815658 0.00714015 0.00434737 0.0059331 0.0119989 0.00878829 0.00587084 0.00447671 0.0090104 0.00596612 0.0114231 0.00750969 0.0044781 0.00446124 0.00747675 0.00601921 0.00655902 0.00487381 0.0104845 0.0074932 0.00597446 0.00591075 0.00433043 0.00583628 
Throughputs: 3.75194 2.24461 2.11354 2.3593 3.50618 3.34234 2.16269 3.04742 3.39149 2.83443 1.93331 2.8672 3.06381 2.60506 1.99885 3.11296 2.53952 3.24403 1.96608 2.62144 3.1785 1.86778 2.4576 2.52314 3.3751 3.32595 3.55533 3.91578 3.40787 3.03104 2.29376 1.99885 4.096 2.70336 2.85082 2.85082 3.93216 2.47398 2.67059 3.24403 
Utility: 6.1978 5.52163 5.66 5.77009 6.15083 6.3022 5.68382 6.22293 6.37169 6.46951 6.07173 6.1038 6.2354 5.84317 5.76497 6.01934 5.74091 6.11884 6.11423 6.09093 5.57935 5.35908 6.03694 6.33437 5.9258 6.32341 5.74056 6.25657 6.63464 6.52123 5.72615 5.80537 6.43693 6.31837 5.60546 5.94136 6.48945 6.03681 6.42439 6.32048 

--------------------------------------
Time: 22.5019
Split Ratios: 1 0.762 0.238 1 1 1 1 1 1 1 1 1 0.143 0.857 1 1 0.089 0.911 0.267 0.247 0.487 0.563 0.437 0.138 0.862 1 1 0.209 0.791 1 1 1 1 1 0.542 0.458 0.986 0.014 1 1 1 1 0.316 0.684 0.691 0.309 0.034 0.966 1 1 1 1 1 
Delays: 0.00761948 0.00898432 0.00734698 0.00733412 0.00751203 0.00608255 0.00735433 0.00599834 0.00580371 0.0043751 0.00451841 0.00649336 0.0060208 0.00756712 0.00617788 0.00766885 0.00819302 0.00726995 0.00437452 0.00589534 0.0121238 0.00887801 0.00602298 0.00442748 0.00913486 0.00595541 0.0116572 0.00745772 0.0044642 0.00447684 0.00758102 0.00589679 0.00631868 0.00481859 0.010601 0.007543 0.00600746 0.00586838 0.0043606 0.00583651 
Throughputs: 3.60448 2.22822 2.88358 2.68698 3.89939 3.09658 2.34291 2.63782 3.63725 2.78528 2.1463 3.04742 2.89997 2.52314 2.24461 3.22765 2.8672 2.98189 2.24461 2.88358 3.57171 2.26099 2.88358 2.4576 2.89997 3.30957 3.09658 4.12877 3.65363 3.50618 2.98189 1.86778 3.75194 2.50675 2.42483 2.85082 3.67002 2.37568 3.01466 3.45702 
Utility: 6.15923 5.51348 5.9725 5.90363 6.25207 6.23263 5.76386 6.08623 6.44048 6.45618 6.16334 6.15127 6.17723 5.80945 5.89531 6.04234 5.85781 6.01656 6.24049 6.19263 5.68563 5.53998 6.17121 6.31911 5.76036 6.32027 5.58213 6.31648 6.70739 6.66336 5.97466 5.7581 6.38652 6.25426 5.43257 5.93474 6.41495 6.00346 6.53863 6.38403 

--------------------------------------
Time: 23.002
Split Ratios: 1 0.762 0.238 1 1 1 1 1 1 1 1 1 0.143 0.857 1 1 0.089 0.911 0.267 0.247 0.487 0.563 0.437 0.138 0.862 1 1 0.209 0.791 1 1 1 1 1 0.542 0.458 0.986 0.014 1 1 1 1 0.316 0.684 0.691 0.309 0.034 0.966 1 1 1 1 1 
Delays: 0.00755717 0.00895472 0.0073819 0.00730065 0.00748067 0.0060555 0.00735227 0.00593096 0.00581175 0.00440384 0.00447005 0.00643096 0.00598717 0.00757244 0.00630084 0.00760459 0.0081099 0.00726357 0.00433046 0.00594139 0.0119755 0.00888571 0.00591087 0.00446718 0.00917003 0.00593767 0.0114501 0.00744285 0.00447517 0.00446287 0.00752886 0.00611079 0.00641234 0.00487267 0.0104948 0.00740054 0.00595034 0.00586229 0.00435974 0.00583665 
Throughputs: 3.67002 2.53952 2.57229 2.67059 3.1785 3.45702 2.32653 2.65421 3.67002 3.03104 1.98246 2.63782 2.70336 2.40845 2.32653 3.21126 2.62144 3.63725 1.93331 3.11296 3.1785 2.34291 2.88358 2.73613 2.99827 3.04742 2.99827 4.03046 4.01408 3.70278 2.63782 2.08077 3.55533 2.40845 2.73613 2.73613 3.76832 2.24461 2.89997 3.19488 
Utility: 6.18545 5.64755 5.85352 5.90209 6.05184 6.3472 5.75712 6.10371 6.44807 6.53418 6.0947 6.01659 6.11263 5.76222 5.91145 6.04567 5.77839 6.21611 6.10132 6.26139 5.5813 5.57471 6.19 6.41754 5.78985 6.24074 5.56779 6.29438 6.79902 6.72105 5.85897 5.83044 6.31798 6.2031 5.56342 5.91275 6.45094 5.94775 6.50004 6.30515 

--------------------------------------
Time: 23.502
Split Ratios: 1 0.762 0.238 1 1 1 1 1 1 1 1 1 0.143 0.857 1 1 0.089 0.911 0.267 0.247 0.487 0.563 0.437 0.138 0.862 1 1 0.209 0.791 1 1 1 1 1 0.542 0.458 0.986 0.014 1 1 1 1 0.316 0.684 0.691 0.309 0.034 0.966 1 1 1 1 1 
Delays: 0.00758447 0.0090465 0.0073518 0.00730948 0.00747333 0.00610888 0.00731665 0.00602084 0.00582382 0.00441244 0.00442058 0.00641566 0.00604612 0.00756562 0.0061546 0.00760907 0.00815981 0.00728286 0.00434836 0.00591848 0.011989 0.00876037 0.00594131 0.00445026 0.00894649 0.00591544 0.0112894 0.00748318 0.00454565 0.00448232 0.00746602 0.00594156 0.00622658 0.00493242 0.0102885 0.00753335 0.00599601 0.00589514 0.0043348 0.00577725 
Throughputs: 3.57171 2.17907 2.75251 2.31014 3.52256 3.42426 2.09715 2.80166 3.22765 2.81805 1.96608 2.94912 2.93274 2.42483 1.9497 3.19488 2.53952 3.42426 1.88416 2.60506 3.29318 2.24461 3.11296 2.27738 3.01466 2.94912 3.12934 4.16154 3.5881 3.60448 2.19546 1.90054 3.86662 2.32653 2.42483 3.30957 4.07962 2.60506 2.68698 2.98189 
Utility: 6.1547 5.48428 5.92532 5.75589 6.1556 6.3289 5.65818 6.14274 6.31755 6.45937 6.09753 6.13052 6.18427 5.7699 5.75823 6.03996 5.74051 6.15312 6.07144 6.08713 5.61562 5.54605 6.2614 6.23782 5.81998 6.2117 5.62472 6.32098 6.67121 6.68979 5.68378 5.76792 6.43131 6.1563 5.46249 6.08523 6.52266 6.09108 6.4295 6.24638 

--------------------------------------
Time: 24.002
Split Ratios: 1 0.762 0.238 1 1 1 1 1 1 1 1 1 0.143 0.857 1 1 0.089 0.911 0.267 0.247 0.487 0.563 0.437 0.138 0.862 1 1 0.209 0.791 1 1 1 1 1 0.542 0.458 0.986 0.014 1 1 1 1 0.316 0.684 0.691 0.309 0.034 0.966 1 1 1 1 1 
Delays: 0.00773967 0.00914977 0.00742821 0.0072725 0.00750359 0.00607836 0.00734243 0.00595269 0.00578484 0.0043992 0.00445666 0.00640934 0.00604364 0.00768015 0.00628224 0.00766737 0.00813449 0.00718953 0.0043624 0.00594967 0.0120147 0.00876708 0.0059424 0.00448548 0.00906266 0.0059206 0.0114496 0.00748497 0.00454883 0.00449555 0.00756253 0.00596297 0.00631878 0.00490719 0.0105551 0.00752335 0.00603549 0.00585046 0.00435437 0.00582984 
Throughputs: 3.62086 2.1463 2.71974 2.09715 3.86662 3.50618 1.96608 2.60506 4.01408 2.99827 2.08077 2.89997 3.03104 2.58867 2.06438 3.60448 2.89997 3.08019 2.01523 3.14573 3.44064 2.29376 3.2768 2.31014 3.32595 2.93274 3.3751 3.98131 3.55533 3.65363 2.70336 2.24461 4.01408 2.06438 2.80166 2.81805 3.75194 2.57229 3.16211 3.35872 
Utility: 6.14811 5.45777 5.90301 5.66424 6.24476 6.35755 5.59013 6.08137 6.54232 6.52437 6.14609 6.1147 6.21765 5.82026 5.79486 6.15296 5.87634 6.06012 6.13547 6.27046 5.65729 5.56694 6.31251 6.24422 5.90535 6.20525 5.68622 6.27647 6.66133 6.70039 5.87905 5.93072 6.45404 6.04189 5.58136 5.92579 6.43237 6.08603 6.58782 6.35633 

--------------------------------------
Time: 24.502
Split Ratios: 1 0.762 0.238 1 1 1 1 1 1 1 1 1 0.143 0.857 1 1 0.089 0.911 0.267 0.247 0.487 0.563 0.437 0.138 0.862 1 1 0.209 0.791 1 1 1 1 1 0.542 0.458 0.986 0.014 1 1 1 1 0.316 0.684 0.691 0.309 0.034 0.966 1 1 1 1 1 
Delays: 0.00763993 0.00899548 0.00739751 0.00733757 0.00753407 0.00599042 0.00737941 0.0060525 0.00581746 0.004387 0.00444687 0.00661924 0.00599887 0.00758946 0.00633075 0.00756054 0.00819606 0.00721327 0.00432903 0.00589621 0.0120454 0.00879479 0.00591432 0.00446452 0.00900566 0.00590506 0.0112708 0.00754352 0.00448687 0.00453441 0.00744992 0.00599751 0.00630059 0.00499965 0.0106036 0.007509 0.00594517 0.00587286 0.00435376 0.00580514 
Throughputs: 3.26042 2.048 2.80166 2.60506 3.96493 3.24403 2.47398 2.65421 3.80109 2.65421 1.81862 2.5559 3.08019 2.53952 2.22822 3.06381 3.29318 3.06381 1.91693 2.5559 3.48979 2.24461 2.8672 2.58867 2.83443 2.68698 3.50618 3.98131 3.71917 3.67002 2.49037 1.86778 3.96493 2.39206 2.9655 2.8672 3.86662 2.49037 2.78528 3.52256 
Utility: 6.05622 5.4279 5.93683 5.8722 6.26581 6.29441 5.81489 6.08343 6.48218 6.40526 6.01363 5.95618 6.24118 5.81297 5.86354 6.00447 5.99596 6.05149 6.09314 6.07185 5.66891 5.54213 6.18372 6.36274 5.75174 6.12036 5.74007 6.26868 6.7201 6.69626 5.81198 5.74116 6.4446 6.17054 5.63361 5.94499 6.47756 6.04984 6.46106 6.4082 

--------------------------------------
Time: 25.0021
Split Ratios: 1 0.762 0.238 1 1 1 1 1 1 1 1 1 0.143 0.857 1 1 0.089 0.911 0.267 0.247 0.487 0.563 0.437 0.138 0.862 1 1 0.209 0.791 1 1 1 1 1 0.542 0.458 0.986 0.014 1 1 1 1 0.316 0.684 0.691 0.309 0.034 0.966 1 1 1 1 1 
Delays: 0.00753945 0.00903555 0.00739862 0.00737653 0.007527 0.00606678 0.0073435 0.00602763 0.00580511 0.00440641 0.00447012 0.00658992 0.00599062 0.00759141 0.00637449 0.00761872 0.00801128 0.00707189 0.00438465 0.00588761 0.0120921 0.00876355 0.00598841 0.00439184 0.00904974 0.00594226 0.0114015 0.00747298 0.00450334 0.00445625 0.0074415 0.00601118 0.0065217 0.00485599 0.0104355 0.0074911 0.00596641 0.00592767 0.00434414 0.00580163 
Throughputs: 3.80109 2.29376 3.03104 2.62144 3.9977 3.47341 2.09715 2.93274 3.52256 2.4576 1.99885 3.21126 3.35872 2.88358 2.42483 3.48979 2.47398 3.12934 2.29376 2.58867 3.60448 2.19546 3.22765 2.40845 3.35872 3.34234 3.26042 3.60448 3.63725 3.29318 2.3593 1.80224 3.89939 2.24461 2.16269 3.19488 4.04685 2.4576 2.75251 3.45702 
Utility: 6.22289 5.53678 6.01537 5.87318 6.27498 6.35006 5.65452 6.18734 6.4082 6.32388 6.10291 6.18888 6.32912 5.93977 5.94121 6.12699 5.73273 6.09245 6.25984 6.08605 5.69738 5.52354 6.28968 6.30699 5.91658 6.33234 5.65587 6.17864 6.69416 6.6053 5.75905 5.70317 6.39344 6.13607 5.33389 6.05559 6.51955 6.02731 6.45144 6.39002 

--------------------------------------
Time: 25.5022
Split Ratios: 1 0.762 0.238 1 1 1 1 1 1 1 1 1 0.143 0.857 1 1 0.089 0.911 0.267 0.247 0.487 0.563 0.437 0.138 0.862 1 1 0.209 0.791 1 1 1 1 1 0.542 0.458 0.986 0.014 1 1 1 1 0.316 0.684 0.691 0.309 0.034 0.966 1 1 1 1 1 
Delays: 0.00745765 0.00902794 0.00736274 0.00730732 0.00741019 0.0060454 0.00735084 0.00593299 0.0058038 0.00441007 0.00449521 0.00641166 0.00601629 0.00759855 0.00634945 0.00760255 0.00807328 0.00711841 0.00437208 0.00590656 0.0120945 0.00889334 0.00591682 0.00453694 0.00897281 0.00589587 0.011248 0.00750711 0.00446888 0.00446923 0.0074256 0.00588063 0.00599354 0.00489956 0.0104263 0.00741376 0.00602188 0.00588181 0.00431693 0.00582954 
Throughputs: 3.5881 2.57229 2.67059 2.24461 3.86662 3.5881 2.32653 2.78528 3.48979 2.70336 2.03162 3.08019 3.50618 2.89997 2.01523 2.89997 2.3593 3.16211 2.16269 2.65421 3.57171 2.16269 2.81805 2.63782 2.9655 3.32595 2.91635 3.94854 3.26042 3.57171 2.21184 1.83501 3.98131 2.3593 2.27738 2.75251 3.91578 2.39206 3.03104 3.3751 
Utility: 6.17614 5.65223 5.89362 5.72741 6.25728 6.38608 5.75732 6.15157 6.39908 6.41836 6.11357 6.17463 6.36781 5.9445 5.76012 5.94397 5.67756 6.09631 6.20387 6.10784 5.68805 5.4938 6.166 6.36546 5.8006 6.33526 5.5579 6.26525 6.59247 6.68358 5.69665 5.74314 6.49868 6.17697 5.38645 5.91693 6.47737 6.00805 6.55412 6.36124 

--------------------------------------
Time: 26.0022
Split Ratios: 1 0.762 0.238 1 1 1 1 1 1 1 1 1 0.143 0.857 1 1 0.089 0.911 0.267 0.247 0.487 0.563 0.437 0.138 0.862 1 1 0.209 0.791 1 1 1 1 1 0.542 0.458 0.986 0.014 1 1 1 1 0.316 0.684 0.691 0.309 0.034 0.966 1 1 1 1 1 
Delays: 0.00752476 0.00894899 0.00741048 0.00735563 0.00758943 0.00604638 0.00732575 0.00597572 0.00578122 0.00442 0.00443258 0.00651537 0.00606664 0.00754181 0.00620397 0.00767597 0.00818302 0.00717717 0.00437285 0.00589815 0.0119989 0.00871843 0.00588874 0.00449347 0.00901006 0.00594373 0.0114533 0.0074477 0.00446105 0.00447015 0.00754031 0.00604267 0.00616927 0.00492729 0.0105256 0.00744433 0.00598231 0.00590148 0.00432892 0.00582244 
Throughputs: 3.63725 2.32653 2.88358 2.52314 4.12877 3.01466 2.24461 2.73613 3.47341 2.88358 1.83501 2.83443 3.12934 3.03104 2.26099 3.04742 3.21126 3.42426 1.91693 2.68698 3.30957 2.16269 2.73613 2.11354 3.24403 3.21126 3.14573 4.01408 3.11296 3.44064 2.57229 2.06438 3.60448 2.17907 2.91635 2.9655 3.89939 2.44122 3.04742 3.60448 
Utility: 6.18078 5.56059 5.96389 5.83779 6.29898 6.21178 5.72489 6.12659 6.39828 6.48065 6.02582 6.07543 6.24577 5.9962 5.89837 5.98396 5.97236 6.16773 6.08306 6.12153 5.61976 5.51367 6.14126 6.15349 5.88623 6.29208 5.61552 6.28966 6.54794 6.64599 5.83229 5.83374 6.37035 6.09187 5.62428 5.98735 6.47977 6.02505 6.55673 6.42821 

--------------------------------------
Time: 26.5022
Split Ratios: 1 0.762 0.238 1 1 1 1 1 1 1 1 1 0.143 0.857 1 1 0.089 0.911 0.267 0.247 0.487 0.563 0.437 0.138 0.862 1 1 0.209 0.791 1 1 1 1 1 0.542 0.458 0.986 0.014 1 1 1 1 0.316 0.684 0.691 0.309 0.034 0.966 1 1 1 1 1 
Delays: 0.00750503 0.00897738 0.0073697 0.00731673 0.00743209 0.0060557 0.0073639 0.00597333 0.00577132 0.00435748 0.00446625 0.00629531 0.00605338 0.00755951 0.00630164 0.00750332 0.00813729 0.00711388 0.00435603 0.00590508 0.012014 0.00876326 0.00594255 0.00449248 0.00904471 0.00598588 0.011295 0.00750354 0.00452168 0.00447787 0.00744552 0.00589137 0.00650699 0.00479685 0.0104813 0.00750087 0.00598417 0.0059398 0.00433615 0.00581922 
Throughputs: 3.63725 1.86778 2.78528 2.62144 3.55533 3.35872 1.81862 2.98189 3.32595 2.73613 1.81862 2.70336 3.08019 2.37568 2.39206 3.1785 2.57229 3.47341 1.93331 2.83443 3.44064 1.9497 2.94912 2.8672 3.21126 3.39149 3.1785 3.98131 3.60448 3.5881 3.06381 2.03162 3.53894 2.16269 2.50675 3.14573 3.47341 2.68698 2.71974 3.2768 
Utility: 6.18341 5.3378 5.93473 5.88132 6.1704 6.31832 5.50925 6.21301 6.35661 6.44241 6.00929 6.06245 6.23213 5.75023 5.9391 6.04882 5.75609 6.19084 6.09543 6.17378 5.65734 5.40486 6.20712 6.45869 5.87224 6.33962 5.6398 6.27399 6.68105 6.68623 6.0198 5.8431 6.29871 6.11115 5.47715 6.03878 6.36377 6.1145 6.44131 6.33346 

--------------------------------------
Time: 27.0023
Split Ratios: 1 0.762 0.238 1 1 1 1 1 1 1 1 1 0.143 0.857 1 1 0.089 0.911 0.267 0.247 0.487 0.563 0.437 0.138 0.862 1 1 0.209 0.791 1 1 1 1 1 0.542 0.458 0.986 0.014 1 1 1 1 0.316 0.684 0.691 0.309 0.034 0.966 1 1 1 1 1 
Delays: 0.00758823 0.00896069 0.0074048 0.00730068 0.00754517 0.00607141 0.00737629 0.00599463 0.0057959 0.00444092 0.00443723 0.00655693 0.00602653 0.00760476 0.00622349 0.00761456 0.00817945 0.00720042 0.00434896 0.00591906 0.0119781 0.00878039 0.00598135 0.00442499 0.00896815 0.0059376 0.0113865 0.00746993 0.0045186 0.00447658 0.00748176 0.00597258 0.00650214 0.0049752 0.0105452 0.00743631 0.00597378 0.005902 0.00432473 0.00585307 
Throughputs: 3.67002 1.93331 2.75251 2.16269 4.14515 3.6864 2.12992 2.71974 3.44064 3.11296 1.9497 2.98189 3.19488 2.17907 2.42483 3.26042 2.98189 2.73613 1.96608 2.50675 3.19488 2.1463 3.34234 2.37568 2.93274 2.88358 2.99827 4.17792 3.35872 3.57171 2.58867 2.21184 4.03046 2.06438 2.58867 2.98189 3.76832 2.70336 2.78528 2.89997 
Utility: 6.18135 5.37414 5.91814 5.69114 6.30879 6.40881 5.66557 6.11743 6.38626 6.55247 6.0854 6.11979 6.27313 5.65788 5.96519 6.05955 5.89869 5.94016 6.11386 6.04857 5.58623 5.49898 6.32578 6.28577 5.79001 6.18548 5.57336 6.32668 6.61111 6.68194 5.84643 5.9144 6.42951 6.02812 5.50323 5.99394 6.447 6.12696 6.46775 6.20549 

--------------------------------------
Time: 27.5024
Split Ratios: 1 0.762 0.238 1 1 1 1 1 1 1 1 1 0.143 0.857 1 1 0.089 0.911 0.267 0.247 0.487 0.563 0.437 0.138 0.862 1 1 0.209 0.791 1 1 1 1 1 0.542 0.458 0.986 0.014 1 1 1 1 0.316 0.684 0.691 0.309 0.034 0.966 1 1 1 1 1 
Delays: 0.00758271 0.00906403 0.00744255 0.00735255 0.00746665 0.0059974 0.0073852 0.00604438 0.00582389 0.00438071 0.00444748 0.00635573 0.00601257 0.00763107 0.00623426 0.00754738 0.00815196 0.00729962 0.00433918 0.00588864 0.0119999 0.00872502 0.00597378 0.00455063 0.00901819 0.0059541 0.0112917 0.00744129 0.00445965 0.00449309 0.00741946 0.00601196 0.00600988 0.00488413 0.0103544 0.00750078 0.00602173 0.00590801 0.0043438 0.00582828 
Throughputs: 3.81747 2.048 3.21126 2.50675 3.65363 3.2768 2.24461 2.63782 4.01408 2.80166 1.83501 3.03104 3.03104 2.63782 2.27738 2.83443 2.8672 3.30957 2.16269 2.49037 2.99827 2.1463 3.04742 2.70336 3.08019 2.81805 3.42426 4.32538 3.85024 3.12934 2.16269 2.42483 3.45702 2.09715 2.31014 2.98189 3.60448 2.62144 3.06381 3.11296 
Utility: 6.22147 5.42031 6.06721 5.8317 6.19303 6.3033 5.71681 6.07858 6.5356 6.46076 6.02247 6.1673 6.22281 5.84548 5.90072 5.9284 5.86283 6.11675 6.21142 6.04716 5.52089 5.50531 6.23467 6.38699 5.8335 6.15972 5.71457 6.36521 6.76082 6.54604 5.675 5.99977 6.35476 6.06234 5.40765 5.98531 6.39456 6.09517 6.55866 6.28061 

--------------------------------------
Time: 28.0025
Split Ratios: 1 0.762 0.238 1 1 1 1 1 1 1 1 1 0.143 0.857 1 1 0.089 0.911 0.267 0.247 0.487 0.563 0.437 0.138 0.862 1 1 0.209 0.791 1 1 1 1 1 0.542 0.458 0.986 0.014 1 1 1 1 0.316 0.684 0.691 0.309 0.034 0.966 1 1 1 1 1 
Delays: 0.00754761 0.00902747 0.00735689 0.0073112 0.00742044 0.00604575 0.00735112 0.00602119 0.00579609 0.00438882 0.00445724 0.00636015 0.00596724 0.00775153 0.00635047 0.0076281 0.00813145 0.00718877 0.00437052 0.00592275 0.0120114 0.00879001 0.00594454 0.0044627 0.00910335 0.00594432 0.0113093 0.00752255 0.00448975 0.00447441 0.00740993 0.00593463 0.00686583 0.00494939 0.0104687 0.00751693 0.00597685 0.00594511 0.0043674 0.00579563 
Throughputs: 4.04685 2.1463 2.78528 2.65421 3.65363 3.26042 2.26099 2.40845 3.42426 2.80166 2.048 3.16211 3.1785 2.91635 2.39206 3.5881 2.49037 3.11296 2.32653 2.78528 3.45702 2.03162 2.73613 2.44122 2.93274 3.34234 3.44064 3.85024 3.32595 3.67002 2.70336 1.81862 4.12877 2.34291 2.40845 2.73613 3.94854 2.85082 2.57229 3.16211 
Utility: 6.28446 5.47123 5.93647 5.89449 6.19924 6.29025 5.72871 5.99145 6.38146 6.45891 6.13009 6.20894 6.27788 5.9302 5.93138 6.15354 5.72445 6.07081 6.27725 6.1533 5.66231 5.44297 6.13183 6.3045 5.77505 6.33199 5.71779 6.23799 6.60772 6.70958 5.89943 5.72503 6.39918 6.15988 5.43835 5.89714 6.49321 6.17279 6.37838 6.30189 

--------------------------------------
Time: 28.5025
Split Ratios: 1 0.762 0.238 1 1 1 1 1 1 1 1 1 0.143 0.857 1 1 0.089 0.911 0.267 0.247 0.487 0.563 0.437 0.138 0.862 1 1 0.209 0.791 1 1 1 1 1 0.542 0.458 0.986 0.014 1 1 1 1 0.316 0.684 0.691 0.309 0.034 0.966 1 1 1 1 1 
Delays: 0.00755152 0.00898754 0.00734234 0.00731217 0.0074518 0.006058 0.00738997 0.00595924 0.00577086 0.00440346 0.00442145 0.00627467 0.00596415 0.00764654 0.00643669 0.00757307 0.0082368 0.00692091 0.00435806 0.00588882 0.0120963 0.00886493 0.00593453 0.00455369 0.00909973 0.00589185 0.0113981 0.00745691 0.00442604 0.0044808 0.00746163 0.00588779 0.0064001 0.00484371 0.0103819 0.00741264 0.00608378 0.00592574 0.00433275 0.00582682 
Throughputs: 3.35872 2.39206 2.8672 2.27738 3.67002 3.29318 2.58867 2.32653 3.32595 3.09658 1.90054 2.70336 2.71974 2.57229 2.048 3.22765 2.49037 3.53894 2.16269 2.57229 3.29318 2.3593 2.65421 2.85082 3.12934 3.16211 3.1785 3.63725 3.60448 4.11238 2.53952 1.85139 3.89939 2.44122 2.42483 3.01466 3.6864 2.4576 2.53952 3.45702 
Utility: 6.09757 5.58407 5.96743 5.74124 6.1995 6.29823 5.85878 5.96719 6.35669 6.55566 6.06343 6.06573 6.12253 5.8183 5.7626 6.05491 5.71157 6.23704 6.20708 6.0795 5.60671 5.58402 6.10311 6.43942 5.84033 6.28543 5.63072 6.18984 6.70243 6.82196 5.82996 5.75081 6.41226 6.22257 5.45346 6.00805 6.40678 6.02763 6.37353 6.38569 

--------------------------------------
Time: 29.0025
Split Ratios: 1 0.762 0.238 1 1 1 1 1 1 1 1 1 0.143 0.857 1 1 0.089 0.911 0.267 0.247 0.487 0.563 0.437 0.138 0.862 1 1 0.209 0.791 1 1 1 1 1 0.542 0.458 0.986 0.014 1 1 1 1 0.316 0.684 0.691 0.309 0.034 0.966 1 1 1 1 1 
Delays: 0.00749702 0.00896186 0.00734745 0.00732579 0.00747542 0.00599658 0.00731933 0.00598639 0.00577993 0.00440982 0.00446035 0.00628119 0.00594845 0.00753937 0.00618129 0.00748382 0.00802961 0.00721351 0.00437165 0.00584116 0.0120053 0.00877199 0.0059958 0.00444896 0.00894251 0.0059747 0.0111282 0.00752661 0.00444183 0.00444666 0.00741541 0.00591509 0.0063068 0.00485029 0.0103902 0.00752917 0.00594152 0.005877 0.00436851 0.00582037 
Throughputs: 3.50618 1.9497 3.03104 2.75251 3.60448 2.99827 2.21184 2.49037 3.1785 3.01466 2.03162 2.81805 3.09658 2.42483 2.08077 3.1785 2.65421 3.09658 1.93331 2.67059 3.55533 1.98246 2.68698 2.26099 3.26042 3.09658 2.98189 3.9977 3.50618 3.55533 2.40845 1.83501 3.7847 2.01523 2.50675 2.9655 3.57171 2.8672 2.91635 3.06381 
Utility: 6.14778 5.38245 6.02231 5.92887 6.17831 6.2146 5.71106 6.0307 6.30977 6.52741 6.12136 6.10624 6.25492 5.77338 5.81897 6.05142 5.80077 6.0621 6.09185 6.12513 5.69086 5.42053 6.10511 6.23089 5.89879 6.25052 5.59083 6.27503 6.67121 6.68405 5.78318 5.7373 6.39709 6.02945 5.48588 5.97602 6.39884 6.19004 6.50367 6.26605 

--------------------------------------
Time: 29.5025
Split Ratios: 1 0.762 0.238 1 1 1 1 1 1 1 1 1 0.143 0.857 1 1 0.089 0.911 0.267 0.247 0.487 0.563 0.437 0.138 0.862 1 1 0.209 0.791 1 1 1 1 1 0.542 0.458 0.986 0.014 1 1 1 1 0.316 0.684 0.691 0.309 0.034 0.966 1 1 1 1 1 
Delays: 0.00753553 0.0091422 0.007379 0.00729764 0.00755118 0.00600076 0.00736869 0.0059688 0.0058191 0.00438412 0.00448658 0.0063579 0.00599294 0.00750184 0.00655309 0.00753371 0.00810009 0.00714704 0.00435788 0.00585289 0.0120969 0.00873796 0.00597429 0.00447786 0.00910871 0.00593399 0.011303 0.0074631 0.00447822 0.00447242 0.00752251 0.00587998 0.00651434 0.00474818 0.0105561 0.00746199 0.00597589 0.00590498 0.00431146 0.00582278 
Throughputs: 3.71917 2.11354 2.67059 2.60506 3.96493 3.11296 2.40845 2.65421 3.60448 2.88358 1.91693 2.83443 3.12934 2.5559 2.31014 3.12934 2.67059 3.24403 1.76947 2.32653 3.70278 2.06438 2.9655 2.49037 2.88358 2.63782 3.22765 3.96493 3.55533 3.65363 2.81805 1.9497 3.62086 2.3593 2.88358 2.89997 3.50618 2.91635 2.94912 3.21126 
Utility: 6.20163 5.44322 5.89142 5.87766 6.26354 6.25144 5.7895 6.09735 6.42879 6.4888 6.05739 6.0999 6.258 5.83101 5.86513 6.02919 5.79818 6.11787 6.00645 5.9852 5.72389 5.46491 6.20734 6.32104 5.75756 6.09701 5.65444 6.27527 6.67698 6.70555 5.9259 5.80387 6.32046 6.20836 5.61009 5.96263 6.37455 6.20229 6.52799 6.31264 

--------------------------------------
Time: 30.0026
Split Ratios: 1 0.762 0.238 1 1 1 1 1 1 1 1 1 0.143 0.857 1 1 0.089 0.911 0.267 0.247 0.487 0.563 0.437 0.138 0.862 1 1 0.209 0.791 1 1 1 1 1 0.542 0.458 0.986 0.014 1 1 1 1 0.316 0.684 0.691 0.309 0.034 0.966 1 1 1 1 1 
Delays: 0.00756456 0.00896965 0.00736719 0.00730918 0.00745679 0.00607928 0.00738854 0.00597629 0.00579265 0.00436856 0.00449099 0.00635893 0.00594329 0.00757822 0.00623388 0.00755148 0.00808796 0.00713061 0.0043683 0.00589784 0.0119823 0.00876796 0.00593462 0.00446419 0.00906659 0.00593563 0.0114297 0.00747624 0.0044611 0.00445536 0.00745848 0.00591916 0.00633448 0.00496968 0.0102676 0.0074645 0.00600635 0.00586554 0.00435919 0.00580002 
Throughputs: 3.29318 1.99885 2.4576 2.81805 3.60448 3.29318 2.22822 2.49037 3.63725 2.94912 2.21184 2.71974 2.85082 2.40845 2.27738 3.09658 2.99827 3.21126 1.93331 2.62144 3.2768 2.27738 2.67059 2.47398 3.06381 2.9655 2.99827 3.75194 3.63725 3.50618 2.44122 1.9497 3.70278 2.19546 2.39206 3.2768 3.91578 2.47398 2.75251 3.22765 
Utility: 6.07614 5.40648 5.8099 5.95467 6.18081 6.29472 5.70903 6.03239 6.44239 6.51483 6.19951 6.05843 6.1731 5.76146 5.90078 6.01631 5.91541 6.11002 6.09262 6.09689 5.6112 5.55967 6.10925 6.3175 5.82282 6.21383 5.56958 6.2183 6.70359 6.66817 5.7909 5.79723 6.37083 6.09079 5.45092 6.08446 6.47995 6.04449 6.44798 6.32165 

--------------------------------------
Time: 30.5026
Split Ratios: 1 0.762 0.238 1 1 1 1 1 1 1 1 1 0.143 0.857 1 1 0.089 0.911 0.267 0.247 0.487 0.563 0.437 0.138 0.862 1 1 0.209 0.791 1 1 1 1 1 0.542 0.458 0.986 0.014 1 1 1 1 0.316 0.684 0.691 0.309 0.034 0.966 1 1 1 1 1 
Delays: 0.00755707 0.00900707 0.00741332 0.00733142 0.00747885 0.0059857 0.00743448 0.00601405 0.00582324 0.0043997 0.00441496 0.00651376 0.00597943 0.00771679 0.00624796 0.00759773 0.00810808 0.00708757 0.00433669 0.00597249 0.0119787 0.00879455 0.00593372 0.0044919 0.00907076 0.00595875 0.0111836 0.00740379 0.00452257 0.00446963 0.0074761 0.00595719 0.00609409 0.00490466 0.0104576 0.007405 0.00604374 0.00586257 0.00435828 0.00578262 
Throughputs: 3.67002 2.19546 2.57229 2.68698 3.19488 3.08019 2.27738 2.80166 3.81747 2.9655 1.83501 2.70336 3.01466 2.68698 2.19546 3.26042 2.83443 3.45702 1.90054 3.14573 2.88358 2.12992 3.03104 2.63782 3.03104 3.16211 3.16211 3.44064 3.57171 3.47341 2.67059 1.96608 3.9977 2.50675 2.44122 2.8672 3.81747 2.34291 2.85082 3.39149 
Utility: 6.18547 5.49613 5.84927 5.904 6.05723 6.24337 5.72465 6.14387 6.48549 6.51327 6.02981 6.02833 6.22292 5.85277 5.86189 6.06176 5.85674 6.18982 6.08278 6.26664 5.48366 5.48971 6.23601 6.37543 5.8116 6.27413 5.64455 6.14142 6.67172 6.65559 5.87834 5.7992 6.48615 6.23656 5.45292 5.95894 6.44832 5.99056 6.48328 6.37417 

--------------------------------------
Time: 31.0027
Split Ratios: 1 0.762 0.238 1 1 1 1 1 1 1 1 1 0.143 0.857 1 1 0.089 0.911 0.267 0.247 0.487 0.563 0.437 0.138 0.862 1 1 0.209 0.791 1 1 1 1 1 0.542 0.458 0.986 0.014 1 1 1 1 0.316 0.684 0.691 0.309 0.034 0.966 1 1 1 1 1 
Delays: 0.00761416 0.00904538 0.00739957 0.00731873 0.00755895 0.00599913 0.0073882 0.00600713 0.00580581 0.00438187 0.00446546 0.00636491 0.006039 0.00753939 0.00627731 0.00753115 0.00810228 0.00721196 0.00435379 0.00590716 0.0120596 0.00883717 0.0059609 0.0044561 0.00900035 0.0059556 0.0112467 0.00741617 0.00449674 0.00449009 0.00742574 0.0059949 0.00646852 0.00493184 0.0106726 0.00743707 0.00598638 0.0058921 0.00433456 0.00581445 
Throughputs: 3.83386 2.34291 2.4576 2.53952 3.71917 3.55533 1.9497 2.60506 3.39149 2.80166 2.12992 2.83443 3.19488 2.57229 2.40845 3.1785 2.75251 2.99827 2.11354 2.5559 3.19488 2.34291 3.08019 2.62144 3.09658 3.09658 3.21126 3.62086 3.67002 3.47341 2.73613 2.11354 3.89939 2.50675 2.42483 3.03104 3.57171 2.7689 2.73613 3.19488 
Utility: 6.22162 5.5569 5.80552 5.84929 6.19852 6.38459 5.57554 6.07226 6.37016 6.46049 6.16747 6.0988 6.27107 5.83241 5.9498 6.04512 5.82812 6.03005 6.18507 6.07 5.57945 5.58018 6.24753 6.37721 5.84079 6.25372 5.65435 6.19081 6.7046 6.65102 5.90935 5.86521 6.40163 6.23103 5.42584 6.01018 6.39131 6.15259 6.44768 6.30896 

--------------------------------------
Time: 31.5028
Split Ratios: 1 0.762 0.238 1 1 1 1 1 1 1 1 1 0.143 0.857 1 1 0.089 0.911 0.267 0.247 0.487 0.563 0.437 0.138 0.862 1 1 0.209 0.791 1 1 1 1 1 0.542 0.458 0.986 0.014 1 1 1 1 0.316 0.684 0.691 0.309 0.034 0.966 1 1 1 1 1 
Delays: 0.00754657 0.00901977 0.00730673 0.00724971 0.00746057 0.0060249 0.00732928 0.00598853 0.00577571 0.0043755 0.00444175 0.00625607 0.00608591 0.0075702 0.00639549 0.00758345 0.00807175 0.00695848 0.00435659 0.00586269 0.0121028 0.00878981 0.0059929 0.00448294 0.00909565 0.0059045 0.0112508 0.00742983 0.0045016 0.00442728 0.00743598 0.0058841 0.00619776 0.00484396 0.0104351 0.00746773 0.00596667 0.00585746 0.00434945 0.00582272 
Throughputs: 3.53894 1.81862 2.63782 2.37568 3.75194 3.75194 2.12992 2.12992 3.35872 2.34291 1.85139 3.12934 3.2768 2.40845 2.08077 3.14573 2.42483 3.1785 2.01523 2.85082 3.50618 2.17907 3.44064 2.37568 3.03104 2.98189 3.35872 3.5881 3.71917 3.45702 2.53952 1.9497 3.98131 2.3593 2.49037 2.68698 3.16211 2.4576 3.30957 3.22765 
Utility: 6.15049 5.30642 5.88891 5.79208 6.2204 6.43413 5.67196 5.87399 6.36565 6.28313 6.03265 6.21503 6.28865 5.76252 5.7849 6.02783 5.70515 6.1242 6.1368 6.18675 5.66885 5.51306 6.35284 6.27276 5.80886 6.2246 5.69888 6.17987 6.71682 6.66038 5.8334 5.80317 6.46518 6.18839 5.47501 5.88558 6.27281 6.03922 6.63452 6.31774 

--------------------------------------
Time: 32.0028
Split Ratios: 1 0.762 0.238 1 1 1 1 1 1 1 1 1 0.143 0.857 1 1 0.089 0.911 0.267 0.247 0.487 0.563 0.437 0.138 0.862 1 1 0.209 0.791 1 1 1 1 1 0.542 0.458 0.986 0.014 1 1 1 1 0.316 0.684 0.691 0.309 0.034 0.966 1 1 1 1 1 
Delays: 0.0075472 0.00903404 0.0073187 0.00733534 0.00752681 0.00603607 0.00731803 0.00596905 0.00582814 0.00436144 0.00443271 0.0064488 0.00598842 0.0075655 0.00624927 0.00761025 0.00817005 0.00718867 0.00434359 0.0059286 0.0120308 0.00883394 0.00591465 0.00442845 0.00910088 0.00591356 0.0113783 0.00747993 0.00449109 0.0044769 0.00755398 0.006028 0.0064625 0.00491583 0.0104622 0.00748651 0.00595066 0.00587315 0.00435436 0.00584211 
Throughputs: 3.6864 2.42483 2.65421 2.7689 3.60448 2.85082 2.12992 2.65421 3.42426 2.68698 1.9497 2.63782 3.16211 2.70336 2.1463 3.42426 2.44122 3.30957 2.16269 3.2768 3.42426 2.34291 3.24403 2.44122 3.21126 3.22765 3.04742 3.50618 3.48979 3.81747 2.24461 1.98246 4.24346 2.27738 2.78528 2.91635 3.80109 2.44122 2.98189 3.35872 
Utility: 6.19123 5.59252 5.89347 5.9335 6.17146 6.15761 5.6735 6.09731 6.37594 6.42337 6.08642 6.01381 6.26917 5.87865 5.83904 6.10914 5.69978 6.13207 6.21041 6.31483 5.65117 5.58055 6.30714 6.3122 5.86605 6.30226 5.59035 6.15006 6.6555 6.74841 5.69421 5.79568 6.48712 6.13832 5.58433 5.96499 6.45954 6.02986 6.52913 6.35422 

--------------------------------------
Time: 32.5029
Split Ratios: 1 0.762 0.238 1 1 1 1 1 1 1 1 1 0.143 0.857 1 1 0.089 0.911 0.267 0.247 0.487 0.563 0.437 0.138 0.862 1 1 0.209 0.791 1 1 1 1 1 0.542 0.458 0.986 0.014 1 1 1 1 0.316 0.684 0.691 0.309 0.034 0.966 1 1 1 1 1 
Delays: 0.0076478 0.00904914 0.00736531 0.00732511 0.00760616 0.00607508 0.00738191 0.00602564 0.00576646 0.00437771 0.00452746 0.00663456 0.00603212 0.00762236 0.00631917 0.00751063 0.00821314 0.00711797 0.00436316 0.00600449 0.012173 0.0088874 0.00599937 0.00451284 0.00922695 0.00592492 0.0113858 0.00759234 0.00450297 0.00452223 0.00756657 0.00598922 0.00674972 0.00494194 0.0105089 0.00746174 0.00599904 0.00585677 0.0043507 0.0058167 
Throughputs: 4.17792 2.01523 2.57229 2.68698 3.71917 3.73555 2.58867 2.85082 3.7847 2.44122 2.01523 2.88358 3.21126 2.58867 2.09715 2.8672 2.67059 2.98189 1.76947 2.62144 3.30957 1.9497 2.91635 2.4576 3.40787 3.11296 3.39149 4.06323 3.24403 3.63725 2.85082 1.93331 3.73555 2.3593 2.40845 2.9655 3.9977 2.24461 2.85082 3.34234 
Utility: 6.30315 5.40582 5.85577 5.90486 6.1923 6.42146 5.85987 6.15934 6.48666 6.32373 6.09833 6.0745 6.27732 5.82781 5.80475 5.94477 5.78432 6.03769 6.00524 6.07897 5.60535 5.39079 6.18643 6.30001 5.91172 6.26416 5.69666 6.28259 6.57983 6.68998 5.93162 5.77703 6.31615 6.16836 5.43451 5.98501 6.50187 5.94869 6.48502 6.35369 

--------------------------------------
Time: 33.0029
Split Ratios: 1 0.762 0.238 1 1 1 1 1 1 1 1 1 0.143 0.857 1 1 0.089 0.911 0.267 0.247 0.487 0.563 0.437 0.138 0.862 1 1 0.209 0.791 1 1 1 1 1 0.542 0.458 0.986 0.014 1 1 1 1 0.316 0.684 0.691 0.309 0.034 0.966 1 1 1 1 1 
Delays: 0.00759929 0.00898014 0.00736857 0.00733153 0.00760148 0.00595791 0.00732344 0.00594074 0.00581679 0.00440394 0.0044021 0.00642802 0.00606359 0.00751255 0.00622254 0.00752355 0.00805205 0.00703522 0.00431943 0.00588409 0.0120343 0.00875058 0.00593525 0.00446404 0.00903313 0.0059527 0.0112687 0.00740521 0.00449321 0.00446482 0.00748851 0.00587937 0.00616708 0.00482278 0.0106584 0.00744987 0.00597418 0.00586791 0.00432978 0.00580369 
Throughputs: 3.57171 2.22822 2.73613 2.57229 3.45702 3.04742 2.22822 2.5559 3.67002 2.5559 1.93331 3.11296 3.1785 2.24461 2.34291 3.06381 2.58867 3.3751 1.93331 2.42483 3.22765 2.03162 2.8672 2.08077 2.85082 2.71974 3.19488 3.75194 3.71917 3.19488 2.71974 2.11354 3.62086 2.22822 2.7689 2.83443 3.21126 2.7689 2.58867 3.32595 
Utility: 6.15275 5.51394 5.91707 5.86037 6.11982 6.23733 5.71788 6.06433 6.4472 6.36366 6.08491 6.18266 6.26186 5.69971 5.93097 6.00938 5.77297 6.17325 6.10387 6.02127 5.59175 5.44747 6.18018 6.14444 5.75446 6.12445 5.64728 6.22784 6.71869 6.57308 5.89492 5.88467 6.37524 6.13561 5.55986 5.9414 6.28697 6.15671 6.39338 6.35102 

--------------------------------------
Time: 33.5031
Split Ratios: 1 0.762 0.238 1 1 1 1 1 1 1 1 1 0.143 0.857 1 1 0.089 0.911 0.267 0.247 0.487 0.563 0.437 0.138 0.862 1 1 0.209 0.791 1 1 1 1 1 0.542 0.458 0.986 0.014 1 1 1 1 0.316 0.684 0.691 0.309 0.034 0.966 1 1 1 1 1 
Delays: 0.0076006 0.0090268 0.00737841 0.00730031 0.00762 0.00612163 0.00738555 0.00600521 0.00578675 0.00435634 0.00449363 0.00638104 0.0060695 0.00762199 0.00642715 0.0075829 0.00803913 0.00710752 0.00434014 0.00592887 0.0120445 0.00885152 0.00594377 0.00448785 0.00912892 0.00593907 0.0114292 0.00752263 0.00450187 0.00447165 0.00757703 0.00600749 0.00651574 0.00490434 0.0104557 0.00753601 0.00589678 0.00587138 0.00431325 0.00584324 
Throughputs: 4.04685 1.67117 2.57229 2.52314 4.14515 3.47341 2.44122 2.70336 3.34234 2.71974 2.11354 2.68698 3.09658 2.52314 2.47398 3.19488 2.93274 3.62086 1.80224 2.71974 3.26042 2.12992 2.85082 2.37568 3.1785 3.14573 3.91578 4.07962 3.50618 4.12877 2.29376 1.90054 3.80109 2.12992 2.5559 2.8672 3.2768 2.37568 2.88358 3.88301 
Utility: 6.27747 5.22108 5.85399 5.84534 6.29892 6.34106 5.80073 6.10962 6.35885 6.43666 6.15346 6.04284 6.23478 5.80222 5.95305 6.04341 5.89937 6.23332 6.02888 6.12846 5.601 5.48325 6.17302 6.27167 5.85272 6.27225 5.8366 6.29584 6.65779 6.82798 5.71283 5.75689 6.36882 6.07372 5.49902 5.9414 6.32022 6.00295 6.5051 6.49908 

--------------------------------------
Time: 34.0031
Split Ratios: 1 0.762 0.238 1 1 1 1 1 1 1 1 1 0.143 0.857 1 1 0.089 0.911 0.267 0.247 0.487 0.563 0.437 0.138 0.862 1 1 0.209 0.791 1 1 1 1 1 0.542 0.458 0.986 0.014 1 1 1 1 0.316 0.684 0.691 0.309 0.034 0.966 1 1 1 1 1 
Delays: 0.00754895 0.00896067 0.00743306 0.00735325 0.00742852 0.00612915 0.00732064 0.00597838 0.00581325 0.00437582 0.00442254 0.006454 0.00606352 0.00762153 0.00626608 0.00759375 0.00813744 0.00701904 0.00434167 0.00587843 0.0119442 0.00876595 0.00598378 0.00453759 0.00899642 0.00585507 0.0113781 0.00740404 0.00447252 0.00448831 0.00746003 0.00597511 0.00637928 0.00493703 0.010509 0.00741143 0.00608401 0.00583168 0.00432499 0.00582999 
Throughputs: 3.63725 2.09715 2.60506 2.32653 3.91578 3.42426 2.3593 2.75251 3.67002 2.78528 2.29376 3.03104 3.11296 2.70336 1.80224 3.14573 2.53952 3.12934 2.24461 2.57229 3.09658 2.11354 2.80166 2.47398 3.08019 2.88358 3.5881 3.63725 4.01408 3.67002 2.50675 1.91693 3.7847 2.78528 2.5559 2.5559 4.03046 2.4576 2.5559 3.34234 
Utility: 6.17757 5.45549 5.85927 5.75699 6.26744 6.32558 5.77542 6.13212 6.44781 6.45601 6.25123 6.15196 6.24104 5.87127 5.66163 6.02647 5.74325 6.09995 6.24803 6.08126 5.55781 5.48524 6.14892 6.30119 5.83592 6.19948 5.75369 6.19696 6.79961 6.70648 5.81718 5.77088 6.38567 6.33534 5.49393 5.84314 6.49597 6.04364 6.38175 6.35141 

--------------------------------------
Time: 34.5032
Split Ratios: 1 0.762 0.238 1 1 1 1 1 1 1 1 1 0.143 0.857 1 1 0.089 0.911 0.267 0.247 0.487 0.563 0.437 0.138 0.862 1 1 0.209 0.791 1 1 1 1 1 0.542 0.458 0.986 0.014 1 1 1 1 0.316 0.684 0.691 0.309 0.034 0.966 1 1 1 1 1 
Delays: 0.00761611 0.00902862 0.00752408 0.0073387 0.00748189 0.00595428 0.00745441 0.00596434 0.00580278 0.00444913 0.00446221 0.00630601 0.00603468 0.00756314 0.00638776 0.00745908 0.00813676 0.00705414 0.00434198 0.00597585 0.0120751 0.00877321 0.00593752 0.00450635 0.00913161 0.00596517 0.0112693 0.00740109 0.00451065 0.00442437 0.00743146 0.00589701 0.00629104 0.00489979 0.0104171 0.00743523 0.00596758 0.00583785 0.00432531 0.00577691 
Throughputs: 3.52256 2.01523 2.60506 2.70336 3.85024 3.30957 2.52314 2.67059 3.62086 2.78528 2.06438 2.8672 3.11296 2.58867 2.17907 2.73613 2.44122 3.09658 1.83501 2.57229 3.75194 2.24461 3.01466 2.22822 3.12934 2.9655 3.11296 3.62086 3.65363 3.42426 2.47398 1.68755 3.7847 2.048 2.68698 2.89997 4.11238 2.75251 2.78528 3.34234 
Utility: 6.13668 5.40809 5.8471 5.90909 6.24341 6.32046 5.82445 6.10426 6.43613 6.43939 6.13694 6.11959 6.24581 5.83561 5.83227 5.90487 5.70386 6.08444 6.04647 6.06482 5.73888 5.54458 6.22995 6.20347 5.83684 6.20887 5.62124 6.19284 6.69704 6.65151 5.80786 5.65659 6.3996 6.03543 5.55272 5.96623 6.53542 6.15591 6.46762 6.36056 

--------------------------------------
Time: 35.0032
Split Ratios: 1 0.762 0.238 1 1 1 1 1 1 1 1 1 0.143 0.857 1 1 0.089 0.911 0.267 0.247 0.487 0.563 0.437 0.138 0.862 1 1 0.209 0.791 1 1 1 1 1 0.542 0.458 0.986 0.014 1 1 1 1 0.316 0.684 0.691 0.309 0.034 0.966 1 1 1 1 1 
Delays: 0.00749214 0.00897094 0.00741554 0.00732407 0.00750773 0.00602275 0.00741215 0.00592701 0.00584065 0.00436871 0.00452819 0.00633374 0.00595597 0.0075968 0.00627729 0.00752459 0.00809382 0.00719971 0.00433913 0.00587774 0.0120004 0.00882713 0.00590047 0.0044691 0.00919047 0.00601817 0.0113116 0.00735906 0.00448059 0.00444232 0.00746941 0.00593959 0.00616121 0.00484692 0.0104531 0.00753593 0.00598052 0.00592687 0.00436123 0.00583214 
Throughputs: 3.81747 2.3593 2.98189 2.58867 4.21069 3.09658 2.16269 2.52314 3.52256 2.67059 2.24461 2.52314 3.03104 2.52314 2.27738 3.3751 2.63782 3.45702 2.06438 2.60506 2.7689 2.19546 3.24403 2.62144 3.42426 2.94912 3.24403 3.21126 3.40787 3.52256 2.52314 2.31014 4.29261 2.47398 2.42483 2.89997 3.94854 3.03104 2.89997 3.11296 
Utility: 6.23349 5.57213 5.99673 5.86773 6.32945 6.24251 5.67599 6.05374 6.4021 6.41559 6.20596 5.98737 6.23227 5.80553 5.89384 6.10601 5.78661 6.17412 6.16491 6.09404 5.44127 5.51632 6.30954 6.37429 5.92047 6.19448 5.65875 6.07849 6.63409 6.67577 5.82244 5.96343 6.54638 6.23524 5.44662 5.95277 6.4926 6.23716 6.4997 6.27994 

--------------------------------------
Time: 35.5032
Split Ratios: 1 0.762 0.238 1 1 1 1 1 1 1 1 1 0.143 0.857 1 1 0.089 0.911 0.267 0.247 0.487 0.563 0.437 0.138 0.862 1 1 0.209 0.791 1 1 1 1 1 0.542 0.458 0.986 0.014 1 1 1 1 0.316 0.684 0.691 0.309 0.034 0.966 1 1 1 1 1 
Delays: 0.00751872 0.00899987 0.00741588 0.00735098 0.00752469 0.00600997 0.00744065 0.00593594 0.00580209 0.00442681 0.00448328 0.00645098 0.00612338 0.00752787 0.00637666 0.00755203 0.00816481 0.00707694 0.00441824 0.00588857 0.0121311 0.00876356 0.00592208 0.00449218 0.00905612 0.005968 0.0112808 0.00743654 0.00459974 0.00448033 0.00748919 0.00587964 0.00611702 0.00500511 0.0106204 0.0074206 0.00601768 0.00594842 0.00436989 0.00579833 
Throughputs: 3.80109 2.12992 2.73613 2.5559 3.86662 3.30957 2.26099 2.60506 3.34234 2.93274 2.16269 2.68698 2.80166 2.4576 2.42483 3.11296 2.47398 3.5881 2.31014 2.40845 3.24403 2.01523 2.9655 2.49037 2.9655 3.22765 3.11296 4.12877 3.94854 3.55533 2.17907 1.72032 4.06323 2.5559 2.63782 2.62144 3.98131 2.62144 2.8672 3.16211 
Utility: 6.22565 5.46663 5.91068 5.85133 6.24195 6.31115 5.7166 6.08418 6.35621 6.49601 6.17875 6.03194 6.12585 5.78833 5.94087 6.02151 5.71375 6.22853 6.25932 6.01372 5.5888 5.43789 6.21612 6.31785 5.79136 6.2931 5.62023 6.31933 6.7551 6.67651 5.67319 5.67877 6.49866 6.2357 5.51494 5.86722 6.49467 6.08835 6.48635 6.30143 

--------------------------------------
Time: 36.0032
Split Ratios: 1 0.762 0.238 1 1 1 1 1 1 1 1 1 0.143 0.857 1 1 0.089 0.911 0.267 0.247 0.487 0.563 0.437 0.138 0.862 1 1 0.209 0.791 1 1 1 1 1 0.542 0.458 0.986 0.014 1 1 1 1 0.316 0.684 0.691 0.309 0.034 0.966 1 1 1 1 1 
Delays: 0.00753772 0.00888894 0.00738338 0.00733612 0.00752652 0.00597718 0.00736474 0.00604029 0.00581122 0.00444923 0.00440808 0.00628964 0.00609473 0.00768584 0.00628502 0.00754675 0.00810546 0.00704112 0.00437495 0.0059242 0.0119446 0.00874506 0.00594711 0.00446849 0.00896616 0.00597734 0.0113781 0.00745797 0.00455775 0.00453551 0.00752052 0.00596162 0.00610935 0.00484595 0.0105178 0.0074193 0.00602386 0.00587187 0.00432367 0.00580825 
Throughputs: 3.62086 2.1463 2.7689 2.3593 3.67002 3.14573 2.24461 2.5559 4.12877 2.39206 1.99885 3.08019 3.1785 2.8672 2.21184 3.26042 3.09658 2.8672 2.16269 2.85082 3.24403 2.08077 2.91635 2.34291 3.29318 3.14573 3.3751 4.22707 3.91578 3.89939 2.58867 2.01523 4.17792 2.27738 2.80166 2.7689 3.98131 2.67059 2.60506 3.22765 
Utility: 6.17455 5.48669 5.92697 5.77331 6.18952 6.26585 5.71958 6.04771 6.56594 6.28718 6.11689 6.19384 6.25674 5.92171 5.86341 6.06849 5.94551 6.00932 6.20321 6.17631 5.6043 5.472 6.19518 6.2621 5.90615 6.26583 5.69249 6.33998 6.75594 6.75664 5.84126 5.82315 6.52775 6.15264 5.5849 5.92212 6.49364 6.11988 6.40111 6.32023 

