--------------------------------------
Time: 5.50002
Split Ratios: 1 0.5 0.5 1 0.333333 0.333333 0.333333 0.333333 0.333333 0.333333 1 1 0.5 0.5 0.5 0.5 0.5 0.5 1 1 0.5 0.5 1 1 1 1 1 0.5 0.5 1 0.5 0.5 1 1 1 1 1 0.5 0.5 1 0.5 0.5 1 
Delays: 0.00894858 0.00816694 0.00745344 0.00972057 0.0115333 0.0075947 0.00748794 0.00738748 0.00665572 0.00735111 0.00597718 0.00742544 0.0102933 0.00776251 0.00747252 0.00455984 0.0043992 0.00576459 0.00596248 0.00442058 0.00737134 0.00603715 0.00594439 0.00749964 0.0089062 0.0060616 0.00829956 0.00750642 0.00669356 0.00605315 
Throughputs: 2.60506 3.40787 3.63725 4.37453 3.94854 3.01466 4.55475 4.07962 2.60506 2.71974 3.22765 3.71917 3.67002 4.1943 2.44122 3.42426 3.86662 2.50675 3.60448 2.31014 4.21069 2.7689 3.93216 2.47398 3.75194 2.70336 3.47341 2.60506 3.34234 3.09658 
Utility: 5.67371 6.03375 6.19031 6.10931 5.83587 5.98379 6.41063 6.31397 5.96973 5.91344 6.29156 6.21634 5.87646 6.29218 5.78902 6.62135 6.77871 6.07501 6.40445 6.25879 6.34778 6.12827 6.4945 5.79873 6.04328 6.10028 6.03669 5.84945 6.21328 6.23747 

--------------------------------------
Time: 6.00009
Split Ratios: 1 0.468 0.532 1 0.094 0.342 0.563 0.224 0.516 0.26 1 1 0.825 0.175 0.739 0.261 0.929 0.071 1 1 0.491 0.509 1 1 1 1 1 0.285 0.715 1 0.627 0.373 1 1 1 1 1 0.854 0.146 1 0.491 0.509 1 
Delays: 0.00890658 0.00827452 0.00745619 0.00806439 0.0115918 0.00760246 0.00740203 0.00749854 0.00644912 0.00876643 0.00592076 0.00756487 0.0104236 0.00753539 0.00742057 0.00445933 0.00440933 0.00578553 0.00651795 0.00449789 0.00708863 0.0060314 0.00602891 0.00749433 0.00892284 0.00614427 0.00767227 0.00738705 0.00665922 0.00593138 
Throughputs: 2.7689 3.32595 3.29318 4.47283 4.01408 3.3751 4.5056 3.88301 2.47398 2.73613 3.42426 4.39091 3.76832 3.89939 2.21184 3.75194 3.3751 2.47398 3.71917 2.24461 4.21069 2.58867 4.096 2.78528 3.85024 2.39206 3.35872 2.50675 3.14573 3.32595 
Utility: 5.73941 5.99633 6.09057 6.31832 5.84726 6.09571 6.41132 6.24966 5.94964 5.74337 6.36017 6.36378 5.89031 6.24896 5.69732 6.73503 6.64046 6.05822 6.3467 6.21268 6.38689 6.06192 6.5212 5.91796 6.06728 5.96439 6.0817 5.82701 6.1578 6.32925 

--------------------------------------
Time: 6.50019
Split Ratios: 1 0.468 0.532 1 0.094 0.342 0.563 0.224 0.516 0.26 1 1 0.825 0.175 0.739 0.261 0.929 0.071 1 1 0.491 0.509 1 1 1 1 1 0.285 0.715 1 0.627 0.373 1 1 1 1 1 0.854 0.146 1 0.491 0.509 1 
Delays: 0.00888386 0.00809101 0.00749316 0.0084217 0.0118003 0.00771124 0.00743238 0.00743749 0.00620588 0.00894029 0.00597046 0.00754461 0.0100713 0.00760481 0.00757337 0.00455168 0.00442077 0.00575386 0.00642973 0.00456654 0.00727537 0.00603829 0.00605888 0.00747582 0.00911853 0.0060652 0.00778766 0.00753137 0.00667257 0.00597832 
Throughputs: 2.44122 3.45702 3.2768 4.096 3.91578 3.42426 4.06323 4.22707 2.58867 2.58867 3.6864 3.89939 3.60448 4.27622 2.39206 4.06323 3.89939 2.60506 3.75194 2.32653 4.24346 2.99827 4.01408 2.52314 3.85024 2.44122 3.06381 2.80166 3.42426 3.44064 
Utility: 5.61602 6.05741 6.08063 6.18695 5.80464 6.09596 6.30389 6.34273 6.0334 5.66833 6.42558 6.24774 5.88024 6.33205 5.75527 6.79424 6.78226 6.11534 6.36909 6.23338 6.36864 6.20767 6.49604 5.82158 6.04558 5.99768 5.97487 5.91889 6.24063 6.35527 

--------------------------------------
Time: 7.00023
Split Ratios: 1 0.468 0.532 1 0.094 0.342 0.563 0.224 0.516 0.26 1 1 0.825 0.175 0.739 0.261 0.929 0.071 1 1 0.491 0.509 1 1 1 1 1 0.285 0.715 1 0.627 0.373 1 1 1 1 1 0.854 0.146 1 0.491 0.509 1 
Delays: 0.00894865 0.00815289 0.00755469 0.00841408 0.0118468 0.00778113 0.00744387 0.00741628 0.00647476 0.00884499 0.00592516 0.00755498 0.0102817 0.00758094 0.00756595 0.00449002 0.00441408 0.00577841 0.00655014 0.00454479 0.00716979 0.00601212 0.00602476 0.00749578 0.00905858 0.00602815 0.00764052 0.00753649 0.00671446 0.00604038 
Throughputs: 3.01466 3.09658 3.47341 4.21069 4.16154 3.22765 4.5056 4.01408 2.67059 2.57229 3.01466 3.7847 3.76832 4.42368 2.57229 3.71917 3.96493 2.37568 3.73555 2.4576 4.80051 2.62144 4.04685 2.83443 3.94854 1.98246 3.39149 2.78528 3.53894 3.6864 
Utility: 5.81974 5.93968 6.13072 6.21548 5.86158 6.02781 6.40569 6.29389 6.02214 5.6727 6.23203 6.21652 5.90401 6.36909 5.82889 6.7194 6.80044 6.01891 6.34616 6.29296 6.5066 6.0777 6.50982 5.93526 6.07739 5.79566 6.09556 5.91235 6.26732 6.41394 

--------------------------------------
Time: 7.50028
Split Ratios: 1 0.468 0.532 1 0.094 0.342 0.563 0.224 0.516 0.26 1 1 0.825 0.175 0.739 0.261 0.929 0.071 1 1 0.491 0.509 1 1 1 1 1 0.285 0.715 1 0.627 0.373 1 1 1 1 1 0.854 0.146 1 0.491 0.509 1 
Delays: 0.0090318 0.00819378 0.00761242 0.00804427 0.0115918 0.0075975 0.00746757 0.00742701 0.00643419 0.00880939 0.0060086 0.0075284 0.0103908 0.00754634 0.00743581 0.00445938 0.00441813 0.00583672 0.00647276 0.00445298 0.00735395 0.00606493 0.00605524 0.0075286 0.00899019 0.00604833 0.00778244 0.00748241 0.00676311 0.00598161 
Throughputs: 2.88358 3.3751 3.19488 4.30899 4.096 3.40787 4.03046 4.096 2.52314 2.62144 3.34234 4.04685 3.55533 3.91578 2.39206 3.73555 3.76832 2.50675 4.06323 2.22822 3.88301 3.06381 4.29261 2.60506 4.12877 2.4576 3.09658 3.09658 3.60448 3.1785 
Utility: 5.76604 6.02081 6.03952 6.2835 5.86747 6.10602 6.29107 6.31264 5.97163 5.69566 6.32123 6.28701 5.83528 6.25171 5.7736 6.73064 6.74867 6.06258 6.44213 6.21539 6.26913 6.22489 6.56373 5.8465 6.1296 6.00716 5.98618 6.0255 6.27845 6.27547 

--------------------------------------
Time: 8.00033
Split Ratios: 1 0.468 0.532 1 0.094 0.342 0.563 0.224 0.516 0.26 1 1 0.825 0.175 0.739 0.261 0.929 0.071 1 1 0.491 0.509 1 1 1 1 1 0.285 0.715 1 0.627 0.373 1 1 1 1 1 0.854 0.146 1 0.491 0.509 1 
Delays: 0.0088989 0.0082209 0.00749874 0.00815072 0.0117027 0.00769427 0.00740705 0.00751914 0.00640809 0.00889784 0.00595908 0.00750109 0.0103886 0.00757063 0.00745526 0.00446522 0.00443412 0.00576675 0.00628919 0.00453591 0.00726051 0.00594707 0.00604026 0.00752112 0.00899826 0.00599225 0.00773254 0.00750024 0.00670116 0.00594324 
Throughputs: 2.75251 2.8672 3.14573 4.25984 3.80109 3.50618 4.29261 4.45645 2.50675 3.06381 3.08019 3.48979 3.75194 3.7847 2.5559 4.07962 3.6864 2.49037 3.70278 2.27738 4.12877 2.80166 3.93216 2.85082 3.52256 2.37568 3.32595 2.8672 3.53894 3.65363 
Utility: 5.73434 5.85441 6.03907 6.25888 5.78322 6.12181 6.36222 6.38466 5.96918 5.84161 6.24783 6.14255 5.88931 6.21445 5.83724 6.81744 6.72308 6.06808 6.37801 6.21875 6.34328 6.15507 6.4785 5.93765 5.96991 5.98257 6.06407 5.94616 6.2693 6.42122 

--------------------------------------
Time: 8.50034
Split Ratios: 1 0.468 0.532 1 0.094 0.342 0.563 0.224 0.516 0.26 1 1 0.825 0.175 0.739 0.261 0.929 0.071 1 1 0.491 0.509 1 1 1 1 1 0.285 0.715 1 0.627 0.373 1 1 1 1 1 0.854 0.146 1 0.491 0.509 1 
Delays: 0.00892832 0.00813651 0.00746828 0.0080229 0.0118237 0.0077139 0.00738185 0.00744376 0.00640687 0.00889803 0.00592583 0.00744967 0.0101012 0.00758048 0.007486 0.00451856 0.00442096 0.0057603 0.00660026 0.00446947 0.00718594 0.00601677 0.00611734 0.00750949 0.00906436 0.00616539 0.00786364 0.00747028 0.0066835 0.00599336 
Throughputs: 2.8672 3.11296 3.39149 4.24346 4.06323 3.76832 4.096 4.4073 2.19546 3.2768 3.53894 3.35872 3.44064 3.6864 2.11354 3.91578 3.75194 2.71974 3.85024 2.26099 4.4073 2.99827 4.25984 2.91635 3.67002 2.53952 3.70278 2.58867 3.50618 3.65363 
Utility: 5.77186 5.94697 6.11836 6.27083 5.83962 6.19136 6.31874 6.38364 5.83677 5.90879 6.39226 6.11115 5.83076 6.18683 5.64308 6.76457 6.74367 6.1573 6.36878 6.22629 6.41889 6.21124 6.54586 5.96192 6.0036 6.02078 6.15459 5.84797 6.26264 6.41282 

--------------------------------------
Time: 9.00036
Split Ratios: 1 0.468 0.532 1 0.094 0.342 0.563 0.224 0.516 0.26 1 1 0.825 0.175 0.739 0.261 0.929 0.071 1 1 0.491 0.509 1 1 1 1 1 0.285 0.715 1 0.627 0.373 1 1 1 1 1 0.854 0.146 1 0.491 0.509 1 
Delays: 0.00896734 0.00818678 0.00755064 0.00829405 0.0115735 0.00756997 0.00746865 0.00745245 0.00645076 0.00887064 0.00599688 0.00743437 0.0104898 0.00755459 0.00742887 0.00449755 0.00446554 0.00575907 0.00643649 0.00452845 0.00720379 0.00600142 0.00595458 0.00740986 0.00901775 0.00607893 0.00773062 0.0074908 0.00665021 0.0059454 
Throughputs: 2.99827 3.3751 3.42426 4.096 4.17792 3.48979 4.78413 3.71917 2.47398 2.65421 3.42426 3.85024 3.35872 4.07962 2.47398 3.65363 3.75194 2.52314 3.94854 2.49037 4.14515 2.68698 3.63725 2.71974 3.98131 2.3593 3.2768 2.68698 3.60448 3.26042 
Utility: 5.8122 6.02166 6.11701 6.20223 5.88885 6.13341 6.46234 6.21271 5.94939 5.70115 6.3474 6.24978 5.76892 6.2916 5.80821 6.69994 6.73364 6.08248 6.41912 6.30981 6.35509 6.10418 6.41482 5.90548 6.09017 5.96129 6.04943 5.8825 6.29528 6.30699 

--------------------------------------
Time: 9.50048
Split Ratios: 1 0.468 0.532 1 0.094 0.342 0.563 0.224 0.516 0.26 1 1 0.825 0.175 0.739 0.261 0.929 0.071 1 1 0.491 0.509 1 1 1 1 1 0.285 0.715 1 0.627 0.373 1 1 1 1 1 0.854 0.146 1 0.491 0.509 1 
Delays: 0.00896522 0.00820111 0.00748937 0.00835068 0.0118049 0.00766816 0.00745341 0.00749777 0.00635003 0.00887437 0.00601495 0.00756181 0.0103391 0.00761244 0.00751007 0.00452505 0.00445238 0.00578468 0.00628281 0.00450631 0.00725247 0.00607149 0.00609491 0.00752657 0.00906495 0.00607797 0.00782234 0.00751394 0.00681857 0.00604062 
Throughputs: 2.53952 3.29318 3.52256 4.29261 4.4073 3.26042 4.096 4.096 2.63782 2.47398 3.40787 3.70278 4.17792 3.88301 2.5559 3.7847 3.52256 2.94912 3.7847 2.40845 4.11238 3.01466 4.096 2.7689 3.75194 2.21184 3.1785 2.91635 3.7847 3.91578 
Utility: 5.64638 5.99534 6.15346 6.24231 5.9225 6.05253 6.3091 6.30316 6.02925 5.63042 6.33959 6.19373 6.00164 6.23458 5.82992 6.7291 6.6735 6.23405 6.40091 6.28126 6.34042 6.20764 6.51031 5.90776 6.02561 5.89691 6.00718 5.96133 6.31907 6.47426 

--------------------------------------
Time: 10.0006
Split Ratios: 1 0.468 0.532 1 0.094 0.342 0.563 0.224 0.516 0.26 1 1 0.825 0.175 0.739 0.261 0.929 0.071 1 1 0.491 0.509 1 1 1 1 1 0.285 0.715 1 0.627 0.373 1 1 1 1 1 0.854 0.146 1 0.491 0.509 1 
Delays: 0.00890793 0.00831176 0.00751506 0.00825159 0.011798 0.00760622 0.00746883 0.00748648 0.00632218 0.00879789 0.00603749 0.00755104 0.0103151 0.00757634 0.00747627 0.00447194 0.00446745 0.00573994 0.00645363 0.00450886 0.00715342 0.00603267 0.00614183 0.00749817 0.00908169 0.00619256 0.00785965 0.007471 0.00676849 0.00609617 
Throughputs: 2.91635 3.40787 3.60448 5.11181 4.53837 3.16211 4.44006 4.17792 2.34291 2.40845 3.26042 3.45702 3.52256 4.03046 2.4576 3.55533 3.7847 2.29376 3.52256 2.34291 4.22707 2.89997 3.94854 2.83443 4.11238 2.39206 3.6864 2.50675 3.26042 3.48979 
Utility: 5.79115 6.01617 6.17302 6.4289 5.95239 6.03003 6.38769 6.32447 5.91509 5.61223 6.29162 6.12648 5.83333 6.27661 5.79521 6.67838 6.7419 5.9905 6.3023 6.25311 6.38167 6.17527 6.46598 5.93494 6.1155 5.95656 6.15066 5.81571 6.17733 6.34994 

--------------------------------------
Time: 10.5007
Split Ratios: 1 0.468 0.532 1 0.094 0.342 0.563 0.224 0.516 0.26 1 1 0.825 0.175 0.739 0.261 0.929 0.071 1 1 0.491 0.509 1 1 1 1 1 0.285 0.715 1 0.627 0.373 1 1 1 1 1 0.854 0.146 1 0.491 0.509 1 
Delays: 0.00891521 0.0081561 0.00745663 0.00818833 0.011807 0.00764516 0.0074052 0.00753114 0.00647827 0.00874643 0.00591426 0.00757339 0.0101971 0.00756563 0.0074587 0.00456557 0.00437 0.00577945 0.00660686 0.00451816 0.00728965 0.0060222 0.00613106 0.00753977 0.00900758 0.00617024 0.00782642 0.00749076 0.00676825 0.00599577 
Throughputs: 2.39206 3.19488 3.6864 4.5056 3.85024 3.62086 4.25984 4.65306 2.73613 2.50675 2.75251 3.42426 3.50618 3.89939 2.49037 3.85024 3.80109 2.4576 3.85024 2.4576 4.35814 2.81805 4.29261 2.62144 3.70278 2.19546 3.12934 2.88358 3.44064 3.75194 
Utility: 5.59215 5.97054 6.2033 6.31037 5.78719 6.16039 6.3548 6.42623 6.04585 5.6581 6.1429 6.114 5.84018 6.24496 5.8108 6.73735 6.76828 6.05263 6.36778 6.29883 6.39335 6.14835 6.55128 5.85129 6.01877 5.87441 5.99107 5.95312 6.23117 6.43897 

--------------------------------------
Time: 11.0008
Split Ratios: 1 0.468 0.532 1 0.094 0.342 0.563 0.224 0.516 0.26 1 1 0.825 0.175 0.739 0.261 0.929 0.071 1 1 0.491 0.509 1 1 1 1 1 0.285 0.715 1 0.627 0.373 1 1 1 1 1 0.854 0.146 1 0.491 0.509 1 
Delays: 0.00892713 0.00813276 0.00743337 0.00809825 0.0117216 0.00762529 0.00739 0.00738176 0.0064095 0.00878002 0.00597758 0.00740709 0.0102017 0.00763107 0.00751038 0.00456101 0.0044111 0.00576776 0.0065592 0.0044875 0.00707482 0.00602662 0.00602328 0.00741723 0.00920485 0.00609964 0.00775384 0.00746684 0.00686168 0.00600271 
Throughputs: 2.85082 3.21126 3.50618 4.01408 4.42368 3.67002 4.03046 4.14515 2.3593 2.53952 3.22765 3.3751 3.3751 4.30899 2.83443 4.14515 3.62086 2.42483 3.6864 2.44122 4.53837 2.65421 4.06323 2.40845 3.48979 2.01523 3.34234 2.58867 3.5881 3.47341 
Utility: 5.76627 5.97852 6.1563 6.20592 5.9333 6.17648 6.30151 6.33068 5.90834 5.66725 6.29149 6.12174 5.80162 6.33623 5.93331 6.81215 6.71034 6.04123 6.33154 6.29896 6.46378 6.08772 6.5141 5.78293 5.93787 5.80026 6.06624 5.84843 6.25942 6.36068 

--------------------------------------
Time: 11.5008
Split Ratios: 1 0.468 0.532 1 0.094 0.342 0.563 0.224 0.516 0.26 1 1 0.825 0.175 0.739 0.261 0.929 0.071 1 1 0.491 0.509 1 1 1 1 1 0.285 0.715 1 0.627 0.373 1 1 1 1 1 0.854 0.146 1 0.491 0.509 1 
Delays: 0.00893609 0.00819662 0.00745557 0.00826111 0.0119146 0.00753891 0.00747415 0.00743691 0.00640635 0.00885928 0.00602576 0.00750444 0.0105743 0.00758316 0.00741256 0.00451168 0.00444157 0.00577281 0.00647502 0.00452208 0.00719499 0.00605283 0.00609238 0.00742656 0.00898728 0.00608283 0.00775672 0.00743755 0.00672674 0.00595026 
Throughputs: 2.62144 3.26042 2.93274 4.06323 4.44006 2.9655 4.6039 4.42368 2.67059 2.5559 3.30957 3.62086 3.71917 3.96493 2.49037 3.76832 3.55533 2.81805 3.55533 2.3593 3.76832 2.91635 4.39091 2.58867 4.01408 2.52314 3.65363 2.52314 3.48979 3.34234 
Utility: 5.68138 5.98589 5.97473 6.19818 5.92066 5.97472 6.42321 6.38827 6.03277 5.6647 6.30853 6.17897 5.86283 6.25931 5.81701 6.72771 6.68519 6.19064 6.30825 6.25715 6.261 6.17756 6.58025 5.85384 6.10175 6.02779 6.15492 5.82672 6.25151 6.33099 

--------------------------------------
Time: 12.0009
Split Ratios: 1 0.468 0.532 1 0.094 0.342 0.563 0.224 0.516 0.26 1 1 0.825 0.175 0.739 0.261 0.929 0.071 1 1 0.491 0.509 1 1 1 1 1 0.285 0.715 1 0.627 0.373 1 1 1 1 1 0.854 0.146 1 0.491 0.509 1 
Delays: 0.00891033 0.0081105 0.00749425 0.00771222 0.0117032 0.0076806 0.00738241 0.00744857 0.00638076 0.00886696 0.00594453 0.00744125 0.0103202 0.00752234 0.00751061 0.00451073 0.00437745 0.00578433 0.00641527 0.00451341 0.00731998 0.00596019 0.00603169 0.00740605 0.00909045 0.00608997 0.00772949 0.00755531 0.00686642 0.00604748 
Throughputs: 2.70336 3.11296 3.55533 4.22707 3.98131 3.48979 4.11238 4.07962 2.53952 2.62144 3.19488 3.50618 3.85024 3.98131 2.52314 3.94854 3.35872 2.67059 3.88301 2.29376 4.48922 2.50675 4.14515 2.75251 3.86662 2.11354 3.55533 2.83443 3.62086 4.07962 
Utility: 5.71504 5.95017 6.16207 6.30646 5.8295 6.1189 6.32266 6.30574 5.98644 5.68915 6.28683 6.15524 5.92179 6.27149 5.81694 6.77464 6.64285 6.1349 6.40568 6.2309 6.41883 6.04164 6.53267 5.91797 6.05291 5.84947 6.13116 5.92735 6.26783 6.51412 

--------------------------------------
Time: 12.501
Split Ratios: 1 0.468 0.532 1 0.094 0.342 0.563 0.224 0.516 0.26 1 1 0.825 0.175 0.739 0.261 0.929 0.071 1 1 0.491 0.509 1 1 1 1 1 0.285 0.715 1 0.627 0.373 1 1 1 1 1 0.854 0.146 1 0.491 0.509 1 
Delays: 0.00897441 0.00817142 0.00752068 0.00803774 0.0115538 0.00768335 0.00738765 0.00745872 0.00640907 0.00874084 0.00598253 0.00744312 0.0100631 0.0075523 0.00747107 0.0044258 0.00441727 0.00577262 0.00654747 0.00452035 0.00727853 0.00604063 0.00602704 0.00749657 0.00897892 0.00606666 0.00783435 0.00751805 0.00678267 0.00606191 
Throughputs: 2.65421 3.32595 3.70278 4.5056 4.04685 3.42426 3.88301 4.42368 2.50675 2.70336 3.70278 3.44064 3.60448 4.12877 2.53952 3.52256 3.73555 2.42483 3.53894 2.42483 4.01408 2.70336 4.44006 2.75251 3.73555 2.37568 3.2768 2.88358 3.24403 3.47341 
Utility: 5.68952 6.00887 6.19918 6.32893 5.85868 6.09958 6.26456 6.38534 5.96903 5.73424 6.428 6.13612 5.88106 6.30388 5.82869 6.67949 6.74013 6.04039 6.29251 6.28493 6.31263 6.10374 6.60217 5.90582 6.03077 5.97023 6.0361 5.94948 6.1702 6.35087 

--------------------------------------
Time: 13.0011
Split Ratios: 1 0.468 0.532 1 0.094 0.342 0.563 0.224 0.516 0.26 1 1 0.825 0.175 0.739 0.261 0.929 0.071 1 1 0.491 0.509 1 1 1 1 1 0.285 0.715 1 0.627 0.373 1 1 1 1 1 0.854 0.146 1 0.491 0.509 1 
Delays: 0.00894227 0.00816912 0.00750183 0.00801019 0.0114025 0.00767758 0.00735429 0.0074564 0.00631794 0.00871117 0.00592409 0.00742503 0.0104945 0.007516 0.00749599 0.00453349 0.0044423 0.00579278 0.00643664 0.00450082 0.00729009 0.00597538 0.00609597 0.00747679 0.00919056 0.00594037 0.0078844 0.00752929 0.00669776 0.0061018 
Throughputs: 2.49037 3.57171 3.32595 4.24346 4.16154 3.57171 3.86662 4.04685 2.71974 3.14573 3.34234 3.5881 3.98131 3.60448 2.29376 3.86662 3.67002 2.5559 3.39149 2.58867 4.5056 2.89997 4.47283 2.71974 4.096 2.09715 3.45702 2.78528 3.24403 3.93216 
Utility: 5.6294 6.08044 6.09436 6.27242 5.89981 6.1425 6.26485 6.29662 6.0649 5.88919 6.3354 6.18052 5.93851 6.1729 5.72358 6.74864 6.71678 6.08955 6.26702 6.35464 6.42656 6.18481 6.59815 5.89649 6.09959 5.86656 6.08328 5.9133 6.1828 6.46836 

--------------------------------------
Time: 13.5012
Split Ratios: 1 0.468 0.532 1 0.094 0.342 0.563 0.224 0.516 0.26 1 1 0.825 0.175 0.739 0.261 0.929 0.071 1 1 0.491 0.509 1 1 1 1 1 0.285 0.715 1 0.627 0.373 1 1 1 1 1 0.854 0.146 1 0.491 0.509 1 
Delays: 0.00896806 0.00821564 0.00751145 0.00837489 0.0115009 0.00760278 0.00732559 0.00743951 0.00636762 0.00882297 0.0059583 0.0073838 0.0102899 0.00752857 0.00746239 0.00449142 0.00439808 0.00575953 0.00660369 0.00449456 0.00717916 0.00598162 0.00609627 0.00751684 0.00909495 0.00604425 0.00779963 0.00745682 0.00679338 0.00601091 
Throughputs: 2.50675 3.30957 3.45702 4.12877 3.98131 3.09658 3.93216 4.52198 2.27738 2.65421 3.19488 3.60448 3.55533 4.27622 2.49037 3.55533 3.3751 2.7689 4.22707 2.83443 4.11238 2.29376 4.5056 2.91635 3.9977 2.34291 3.57171 2.83443 3.45702 3.30957 
Utility: 5.63307 5.99853 6.13173 6.2005 5.84694 6.00954 6.28557 6.4099 5.87955 5.70654 6.28452 6.19064 5.84504 6.34212 5.81031 6.67403 6.64301 6.17535 6.46164 6.44673 6.35058 5.94926 6.6054 5.96094 6.08575 5.96004 6.12672 5.94047 6.23221 6.311 

--------------------------------------
Time: 14.0013
Split Ratios: 1 0.468 0.532 1 0.094 0.342 0.563 0.224 0.516 0.26 1 1 0.825 0.175 0.739 0.261 0.929 0.071 1 1 0.491 0.509 1 1 1 1 1 0.285 0.715 1 0.627 0.373 1 1 1 1 1 0.854 0.146 1 0.491 0.509 1 
Delays: 0.0088741 0.00823122 0.00745692 0.00808812 0.0115937 0.00773249 0.00743059 0.00748978 0.00634389 0.00888671 0.00602533 0.00750776 0.0101741 0.00766005 0.00752484 0.0044512 0.00439704 0.00576862 0.00645058 0.00447693 0.00726751 0.00602666 0.00600937 0.00748227 0.0089684 0.00599118 0.00769014 0.00752926 0.00671819 0.00604663 
Throughputs: 2.32653 2.94912 3.44064 4.34176 4.29261 4.14515 4.25984 4.34176 2.22822 2.37568 3.55533 3.80109 3.71917 3.91578 2.26099 3.50618 4.11238 2.67059 3.73555 2.53952 4.25984 2.65421 4.27622 2.99827 3.80109 2.5559 2.73613 2.75251 3.70278 3.24403 
Utility: 5.569 5.88133 6.13427 6.28564 5.91419 6.28426 6.35138 6.3625 5.86147 5.58848 6.38023 6.22711 5.90141 6.23675 5.70535 6.66911 6.84083 6.13762 6.36148 6.34079 6.37357 6.08771 6.56751 5.99326 6.04934 6.05587 5.87436 5.90147 6.31202 6.28507 

--------------------------------------
Time: 14.5015
Split Ratios: 1 0.468 0.532 1 0.094 0.342 0.563 0.224 0.516 0.26 1 1 0.825 0.175 0.739 0.261 0.929 0.071 1 1 0.491 0.509 1 1 1 1 1 0.285 0.715 1 0.627 0.373 1 1 1 1 1 0.854 0.146 1 0.491 0.509 1 
Delays: 0.00891394 0.00829756 0.00744102 0.00798138 0.0117019 0.00760815 0.00735098 0.00744543 0.00647903 0.00892551 0.0059937 0.00743577 0.010108 0.00762195 0.00752653 0.00448354 0.00446105 0.00576034 0.00641313 0.00450575 0.00713686 0.00605474 0.00604309 0.00743649 0.00911894 0.00601083 0.00784803 0.00740809 0.00680961 0.00609807 
Throughputs: 2.67059 3.52256 3.03104 4.24346 4.11238 3.93216 4.17792 4.17792 2.81805 2.60506 2.88358 4.14515 3.50618 4.37453 2.73613 4.096 3.52256 2.31014 4.06323 2.27738 4.93158 2.75251 4.25984 2.5559 3.75194 2.03162 3.26042 2.88358 3.93216 3.62086 
Utility: 5.70244 6.05098 6.00965 6.27602 5.86201 6.24772 6.34273 6.32997 6.07523 5.6763 6.17608 6.32339 5.84895 6.35252 5.89586 6.81735 6.67156 5.99407 6.45139 6.22543 6.53814 6.11943 6.55807 5.83976 6.01967 5.82302 6.02935 5.96422 6.35861 6.3865 

--------------------------------------
Time: 15.0015
Split Ratios: 1 0.468 0.532 1 0.094 0.342 0.563 0.224 0.516 0.26 1 1 0.825 0.175 0.739 0.261 0.929 0.071 1 1 0.491 0.509 1 1 1 1 1 0.285 0.715 1 0.627 0.373 1 1 1 1 1 0.854 0.146 1 0.491 0.509 1 
Delays: 0.00899692 0.0082901 0.00755518 0.00814954 0.0118292 0.0077009 0.00743071 0.00739087 0.00645582 0.00882522 0.00601968 0.00750008 0.0104275 0.00769884 0.00751645 0.00448788 0.00444217 0.00574105 0.00641385 0.00456976 0.00707191 0.00610183 0.00609678 0.00748208 0.00907657 0.00621467 0.00782281 0.00751855 0.00679522 0.00599781 
Throughputs: 2.9655 3.47341 3.91578 4.80051 3.98131 3.71917 4.42368 4.6039 2.32653 2.70336 3.34234 3.40787 3.50618 4.096 2.42483 3.7847 3.86662 2.21184 3.86662 2.60506 4.37453 2.99827 4.096 2.67059 3.80109 2.40845 3.35872 2.58867 3.7847 3.57171 
Utility: 5.79792 6.03783 6.25054 6.37852 5.8188 6.17992 6.38911 6.43441 5.88715 5.72464 6.31939 6.11893 5.81783 6.2767 5.77642 6.73734 6.76899 5.95394 6.40168 6.34575 6.42742 6.1972 6.51 5.87754 6.03735 5.95982 6.06227 5.84153 6.3225 6.38941 

--------------------------------------
Time: 15.5015
Split Ratios: 1 0.468 0.532 1 0.094 0.342 0.563 0.224 0.516 0.26 1 1 0.825 0.175 0.739 0.261 0.929 0.071 1 1 0.491 0.509 1 1 1 1 1 0.285 0.715 1 0.627 0.373 1 1 1 1 1 0.854 0.146 1 0.491 0.509 1 
Delays: 0.00897217 0.00819668 0.00745611 0.00764239 0.0117064 0.00768837 0.0073633 0.00741101 0.00644748 0.00876202 0.00592147 0.00745072 0.0105496 0.00756533 0.00753754 0.00445438 0.00438997 0.00578886 0.00651229 0.00456385 0.00727937 0.00597118 0.00607906 0.00763887 0.00902199 0.00604074 0.00775853 0.00745616 0.00659635 0.00603446 
Throughputs: 2.71974 3.24403 3.24403 4.6039 3.88301 3.47341 4.096 4.29261 2.16269 2.47398 3.3751 3.65363 3.42426 3.80109 2.42483 3.60448 3.45702 2.94912 3.67002 2.67059 4.06323 2.22822 4.22707 3.26042 3.71917 2.11354 3.53894 2.58867 2.99827 3.53894 
Utility: 5.71417 5.98084 6.07554 6.40095 5.80423 6.11318 6.32126 6.36168 5.81542 5.64316 6.3456 6.19517 5.78255 6.21947 5.77362 6.69604 6.66884 6.23333 6.33426 6.37189 6.32469 5.92202 6.54441 6.05636 6.02159 5.85759 6.12279 5.84986 6.11927 6.3741 

--------------------------------------
Time: 16.0016
Split Ratios: 1 0.468 0.532 1 0.094 0.342 0.563 0.224 0.516 0.26 1 1 0.825 0.175 0.739 0.261 0.929 0.071 1 1 0.491 0.509 1 1 1 1 1 0.285 0.715 1 0.627 0.373 1 1 1 1 1 0.854 0.146 1 0.491 0.509 1 
Delays: 0.00891173 0.00828009 0.0075768 0.00819098 0.0117242 0.00765136 0.00752878 0.0074721 0.00636501 0.00883962 0.00602397 0.00756385 0.0103803 0.00773469 0.00749994 0.00445765 0.0044094 0.00578854 0.00654942 0.00447562 0.00723947 0.00603412 0.00601217 0.00746048 0.009186 0.00611997 0.00765542 0.00755454 0.00676855 0.00608415 
Throughputs: 3.06381 3.22765 3.06381 4.63667 4.21069 3.24403 4.86605 4.35814 2.3593 2.49037 3.44064 3.88301 3.35872 4.1943 2.85082 3.63725 3.86662 2.57229 3.48979 2.39206 4.48922 2.71974 3.75194 2.9655 4.25984 2.40845 2.99827 2.58867 3.67002 3.47341 
Utility: 5.84005 5.96565 6.00232 6.33872 5.88373 6.04969 6.4713 6.36863 5.9153 5.64094 6.34767 6.24099 5.77941 6.29577 5.94047 6.70436 6.7764 6.09667 6.27822 6.28127 6.42989 6.11086 6.43624 5.98518 6.13931 5.97518 5.97038 5.83675 6.29566 6.3472 

--------------------------------------
Time: 16.5016
Split Ratios: 1 0.468 0.532 1 0.094 0.342 0.563 0.224 0.516 0.26 1 1 0.825 0.175 0.739 0.261 0.929 0.071 1 1 0.491 0.509 1 1 1 1 1 0.285 0.715 1 0.627 0.373 1 1 1 1 1 0.854 0.146 1 0.491 0.509 1 
Delays: 0.00888517 0.00816326 0.00750134 0.00816924 0.0117651 0.00775861 0.00738836 0.00747571 0.00636169 0.00891377 0.00597409 0.00748887 0.010181 0.00754753 0.00745486 0.00450047 0.0044227 0.00575332 0.00652505 0.00445702 0.00712942 0.00591841 0.00605922 0.00754888 0.0091072 0.0061037 0.00784767 0.00748649 0.00660298 0.00604554 
Throughputs: 2.8672 3.12934 3.81747 4.76774 3.93216 3.47341 4.14515 4.1943 2.3593 2.47398 3.2768 3.71917 3.42426 3.94854 2.47398 3.76832 3.88301 2.62144 3.70278 2.34291 3.80109 2.85082 4.34176 2.83443 4.66944 2.47398 3.47341 2.68698 3.44064 3.45702 
Utility: 5.77671 5.94893 6.23226 6.36925 5.81181 6.10409 6.32979 6.32982 5.91582 5.62599 6.30719 6.20784 5.81811 6.25988 5.80472 6.7302 6.77762 6.1217 6.34119 6.26467 6.27881 6.17729 6.57445 5.9282 6.23973 6.00469 6.09268 5.88307 6.25589 6.34884 

--------------------------------------
Time: 17.0017
Split Ratios: 1 0.468 0.532 1 0.094 0.342 0.563 0.224 0.516 0.26 1 1 0.825 0.175 0.739 0.261 0.929 0.071 1 1 0.491 0.509 1 1 1 1 1 0.285 0.715 1 0.627 0.373 1 1 1 1 1 0.854 0.146 1 0.491 0.509 1 
Delays: 0.00887532 0.00826246 0.00745957 0.00812241 0.0117738 0.00762887 0.00739261 0.00740804 0.00637732 0.00885298 0.00598366 0.0074717 0.0104459 0.007616 0.0075728 0.00449465 0.00440349 0.00576482 0.00654877 0.00452099 0.00731743 0.00596642 0.00599539 0.00749654 0.00922818 0.00618556 0.00769634 0.00742839 0.0066805 0.00614086 
Throughputs: 2.75251 3.26042 3.45702 4.39091 4.16154 3.29318 4.07962 4.25984 2.17907 2.62144 2.94912 3.60448 3.86662 4.24346 2.8672 3.76832 3.34234 2.3593 3.65363 2.52314 4.34176 2.60506 4.17792 2.39206 4.01408 2.12992 3.21126 2.60506 3.76832 3.65363 
Utility: 5.73699 5.97789 6.13867 6.29267 5.86777 6.06767 6.31328 6.35442 5.83391 5.69072 6.20023 6.17881 5.91393 6.32288 5.93653 6.7315 6.63203 6.01435 6.3242 6.32453 6.38578 6.07906 6.54658 5.76547 6.0753 5.84162 6.03367 5.8599 6.33519 6.38851 

--------------------------------------
Time: 17.502
Split Ratios: 1 0.468 0.532 1 0.094 0.342 0.563 0.224 0.516 0.26 1 1 0.825 0.175 0.739 0.261 0.929 0.071 1 1 0.491 0.509 1 1 1 1 1 0.285 0.715 1 0.627 0.373 1 1 1 1 1 0.854 0.146 1 0.491 0.509 1 
Delays: 0.00898864 0.00815056 0.00743618 0.00802328 0.01178 0.00776371 0.0073591 0.0074021 0.00634581 0.00878574 0.00597467 0.0073562 0.0103785 0.00755529 0.00748992 0.00449453 0.00440079 0.00573039 0.00660089 0.0044089 0.00733388 0.0061022 0.00609868 0.00752416 0.00894024 0.00610573 0.00784603 0.00750303 0.00671846 0.00596072 
Throughputs: 3.11296 3.44064 3.16211 3.91578 4.12877 3.24403 4.07962 4.29261 2.50675 2.27738 3.50618 3.32595 3.34234 3.83386 2.67059 4.096 3.57171 2.37568 3.67002 2.19546 4.11238 2.93274 4.14515 2.7689 3.81747 2.62144 3.40787 3.09658 3.21126 3.32595 
Utility: 5.84737 6.04533 6.05264 6.19042 5.85933 6.03511 6.31782 6.36289 5.97895 5.55765 6.37475 6.11397 5.77469 6.22938 5.8765 6.8149 6.69902 6.02726 6.32075 6.21052 6.32925 6.17504 6.52162 5.90809 6.05678 6.06225 6.07384 6.02275 6.16956 6.32432 

--------------------------------------
Time: 18.0021
Split Ratios: 1 0.468 0.532 1 0.094 0.342 0.563 0.224 0.516 0.26 1 1 0.825 0.175 0.739 0.261 0.929 0.071 1 1 0.491 0.509 1 1 1 1 1 0.285 0.715 1 0.627 0.373 1 1 1 1 1 0.854 0.146 1 0.491 0.509 1 
Delays: 0.0088961 0.00825642 0.00746694 0.00810371 0.0117913 0.00790457 0.00740435 0.00745618 0.0064442 0.00889243 0.00597429 0.00753734 0.0103264 0.00766004 0.0075863 0.00445252 0.00443739 0.00578634 0.00644677 0.00463218 0.00723356 0.00597143 0.00600366 0.00747905 0.00907874 0.00606251 0.00770306 0.0074502 0.00671687 0.00602152 
Throughputs: 2.89997 3.04742 3.08019 4.03046 3.7847 3.67002 4.37453 4.03046 2.47398 2.5559 3.19488 3.93216 3.53894 3.89939 2.60506 3.71917 3.91578 2.7689 3.67002 2.27738 4.55475 2.7689 4.24346 2.75251 4.06323 2.16269 2.91635 2.67059 3.63725 4.22707 
Utility: 5.78684 5.91106 6.02226 6.20932 5.77136 6.14051 6.38149 6.29259 5.95041 5.66096 6.28184 6.25707 5.83688 6.23256 5.83887 6.72779 6.7827 6.1707 6.34437 6.19775 6.44519 6.13922 6.56076 5.90816 6.1038 5.87698 5.93647 5.88182 6.29436 6.55393 

--------------------------------------
Time: 18.5022
Split Ratios: 1 0.468 0.532 1 0.094 0.342 0.563 0.224 0.516 0.26 1 1 0.825 0.175 0.739 0.261 0.929 0.071 1 1 0.491 0.509 1 1 1 1 1 0.285 0.715 1 0.627 0.373 1 1 1 1 1 0.854 0.146 1 0.491 0.509 1 
Delays: 0.00895661 0.00817901 0.00749001 0.00815221 0.0116753 0.00769385 0.00738395 0.00745932 0.00639866 0.00895433 0.00606305 0.00745002 0.0102049 0.00749206 0.00748124 0.00455764 0.00446267 0.00577971 0.00651717 0.00446919 0.00712095 0.0060195 0.00598585 0.00744721 0.00912859 0.00609989 0.00779482 0.00746546 0.00677669 0.00602813 
Throughputs: 2.8672 3.24403 3.03104 4.53837 4.096 3.09658 4.45645 4.29261 2.3593 2.70336 3.39149 4.03046 3.08019 3.91578 2.39206 4.53837 4.16154 2.32653 3.81747 2.68698 4.32538 2.73613 4.1943 2.67059 3.88301 2.26099 3.47341 2.67059 3.76832 3.44064 
Utility: 5.7687 5.983 6.00309 6.32203 5.86029 5.99763 6.4028 6.35519 5.91003 5.71011 6.32681 6.29342 5.70988 6.25892 5.76751 6.90352 6.83789 5.99778 6.3729 6.39896 6.40921 6.11929 6.55208 5.88222 6.05295 5.91529 6.09943 5.87977 6.3209 6.34698 

--------------------------------------
Time: 19.0023
Split Ratios: 1 0.468 0.532 1 0.094 0.342 0.563 0.224 0.516 0.26 1 1 0.825 0.175 0.739 0.261 0.929 0.071 1 1 0.491 0.509 1 1 1 1 1 0.285 0.715 1 0.627 0.373 1 1 1 1 1 0.854 0.146 1 0.491 0.509 1 
Delays: 0.00889311 0.00819789 0.00736439 0.00781334 0.0114457 0.00757847 0.00740147 0.00746255 0.0064597 0.0087838 0.00599137 0.00757851 0.0104609 0.00759248 0.00750826 0.00451749 0.00443034 0.00576106 0.00648126 0.00450491 0.00707826 0.00596333 0.00608389 0.0074071 0.00893209 0.00605024 0.00780625 0.00745556 0.00672248 0.00604903 
Throughputs: 2.42483 3.24403 3.19488 4.39091 3.83386 3.44064 4.01408 4.37453 2.81805 2.57229 3.30957 3.6864 3.98131 4.21069 2.60506 3.75194 4.21069 2.62144 3.48979 2.53952 4.45645 2.71974 4.68582 2.81805 3.70278 2.29376 3.03104 2.81805 3.55533 3.53894 
Utility: 5.60824 5.9807 6.07265 6.33146 5.81401 6.1181 6.29588 6.37366 6.07822 5.67964 6.31425 6.18709 5.94172 6.31822 5.84921 6.72207 6.8569 6.12036 6.28868 6.33456 6.44508 6.12266 6.64665 5.94136 6.02719 5.93785 5.96174 5.93484 6.27075 6.37169 

--------------------------------------
Time: 19.5024
Split Ratios: 1 0.468 0.532 1 0.094 0.342 0.563 0.224 0.516 0.26 1 1 0.825 0.175 0.739 0.261 0.929 0.071 1 1 0.491 0.509 1 1 1 1 1 0.285 0.715 1 0.627 0.373 1 1 1 1 1 0.854 0.146 1 0.491 0.509 1 
Delays: 0.0089828 0.00812544 0.0075384 0.00810794 0.0118242 0.007672 0.00746091 0.00737826 0.00640647 0.00907494 0.00597074 0.00747786 0.0103949 0.00765502 0.00738232 0.00455721 0.00438911 0.00575742 0.00676916 0.00453457 0.00719707 0.00602678 0.00611805 0.00747248 0.00906479 0.00615238 0.00781215 0.00753429 0.00678446 0.00598376 
Throughputs: 2.62144 3.1785 4.24346 4.52198 3.67002 3.42426 4.45645 4.14515 2.32653 2.80166 3.47341 3.88301 3.30957 4.096 2.32653 4.01408 3.52256 2.65421 3.63725 2.50675 4.84966 2.89997 4.04685 2.62144 3.83386 2.3593 3.21126 2.5559 3.50618 3.71917 
Utility: 5.67617 5.96916 6.33312 6.32386 5.7378 6.10106 6.39243 6.33116 5.89482 5.73245 6.36602 6.25242 5.76325 6.28241 5.75304 6.78085 6.68782 6.13341 6.28661 6.31501 6.51299 6.17624 6.49445 5.86025 6.04723 5.94928 6.01874 5.8267 6.24765 6.43221 

--------------------------------------
Time: 20.0024
Split Ratios: 1 0.468 0.532 1 0.094 0.342 0.563 0.224 0.516 0.26 1 1 0.825 0.175 0.739 0.261 0.929 0.071 1 1 0.491 0.509 1 1 1 1 1 0.285 0.715 1 0.627 0.373 1 1 1 1 1 0.854 0.146 1 0.491 0.509 1 
Delays: 0.00888836 0.00822433 0.00757966 0.00803213 0.0117242 0.00761586 0.00740416 0.00750817 0.00636841 0.00871553 0.00591749 0.00746816 0.0101462 0.00769784 0.00751594 0.00446951 0.00438327 0.00579441 0.00640736 0.00443623 0.00723847 0.00598772 0.0059916 0.00741778 0.00901051 0.00606818 0.00769577 0.00757319 0.0067683 0.00596186 
Throughputs: 2.94912 3.14573 3.65363 4.1943 4.29261 3.1785 3.89939 4.14515 2.63782 2.58867 3.22765 3.52256 3.6864 4.04685 2.73613 3.26042 3.63725 2.71974 3.70278 1.98246 4.29261 2.31014 4.42368 2.49037 3.80109 2.21184 3.26042 2.58867 3.80109 3.76832 
Utility: 5.80452 5.9467 6.17801 6.25803 5.903 6.03393 6.26653 6.3137 6.02636 5.69379 6.3016 6.15629 5.89531 6.26475 5.89727 6.59233 6.72119 6.1514 6.35939 6.10229 6.38524 5.95535 6.60437 5.81631 6.04465 5.89852 6.04894 5.83429 6.33079 6.449 

--------------------------------------
Time: 20.5026
Split Ratios: 1 0.468 0.532 1 0.094 0.342 0.563 0.224 0.516 0.26 1 1 0.825 0.175 0.739 0.261 0.929 0.071 1 1 0.491 0.509 1 1 1 1 1 0.285 0.715 1 0.627 0.373 1 1 1 1 1 0.854 0.146 1 0.491 0.509 1 
Delays: 0.00897761 0.00826571 0.00759113 0.00796258 0.011778 0.00760775 0.00735858 0.00739779 0.00641847 0.00902974 0.00597982 0.00746496 0.0103101 0.00756359 0.00740871 0.00449815 0.00444228 0.00574606 0.00652259 0.00452739 0.00727516 0.00609717 0.00607381 0.00747899 0.00907072 0.00601799 0.00780134 0.00758779 0.00676569 0.00610227 
Throughputs: 2.91635 3.44064 3.62086 4.45645 3.93216 3.12934 4.07962 4.42368 2.67059 2.52314 3.32595 3.47341 3.06381 3.76832 2.52314 3.93216 3.88301 2.32653 3.40787 2.17907 4.22707 2.67059 4.37453 2.68698 3.9977 2.19546 3.14573 2.93274 3.34234 3.73555 
Utility: 5.78335 6.0313 6.16749 6.32735 5.81071 6.01941 6.31789 6.39355 6.03088 5.63273 6.32112 6.14267 5.69429 6.21104 5.8306 6.77328 6.7732 6.00362 6.25857 6.17651 6.3648 6.08223 6.57957 5.88407 6.08842 5.89939 5.99951 5.95715 6.20256 6.41699 

--------------------------------------
Time: 21.0027
Split Ratios: 1 0.468 0.532 1 0.094 0.342 0.563 0.224 0.516 0.26 1 1 0.825 0.175 0.739 0.261 0.929 0.071 1 1 0.491 0.509 1 1 1 1 1 0.285 0.715 1 0.627 0.373 1 1 1 1 1 0.854 0.146 1 0.491 0.509 1 
Delays: 0.00888512 0.00822013 0.0074487 0.00839142 0.0117075 0.00769832 0.00744772 0.00738515 0.00632034 0.00885528 0.00601298 0.00750151 0.0104009 0.00752528 0.00741929 0.00455403 0.0044233 0.00573354 0.00656283 0.00450119 0.00710374 0.00598128 0.00605555 0.00749369 0.00909038 0.00599658 0.00774281 0.00736989 0.00686212 0.00597429 
Throughputs: 2.68698 2.99827 3.57171 4.16154 4.11238 3.40787 4.096 4.06323 2.17907 2.93274 3.08019 3.73555 3.65363 4.25984 2.32653 4.21069 3.34234 2.24461 3.7847 2.32653 4.12877 2.65421 4.07962 2.75251 3.52256 2.09715 3.39149 2.40845 3.88301 3.48979 
Utility: 5.71179 5.8992 6.17276 6.20643 5.86153 6.09284 6.30986 6.31026 5.84288 5.80268 6.23883 6.21055 5.86158 6.33872 5.74805 6.82937 6.62754 5.96995 6.3573 6.24779 6.36511 6.09527 6.51278 5.90621 5.95973 5.85715 6.08226 5.78934 6.33835 6.37013 

--------------------------------------
Time: 21.5027
Split Ratios: 1 0.468 0.532 1 0.094 0.342 0.563 0.224 0.516 0.26 1 1 0.825 0.175 0.739 0.261 0.929 0.071 1 1 0.491 0.509 1 1 1 1 1 0.285 0.715 1 0.627 0.373 1 1 1 1 1 0.854 0.146 1 0.491 0.509 1 
Delays: 0.00884705 0.00813396 0.00747243 0.00807546 0.0116183 0.00772461 0.00733032 0.00744218 0.00635765 0.00882947 0.00597877 0.00740145 0.0102504 0.00763586 0.00753604 0.00445338 0.00441134 0.0057587 0.00642513 0.00452621 0.0071022 0.00599184 0.0060423 0.00743374 0.00905913 0.00597556 0.00770635 0.00746703 0.00670847 0.00592608 
Throughputs: 2.9655 3.09658 3.65363 4.32538 3.91578 3.45702 3.80109 4.39091 2.32653 2.91635 3.35872 3.52256 3.53894 3.94854 2.5559 3.93216 3.85024 2.67059 3.35872 2.34291 3.86662 2.73613 4.58752 2.81805 3.57171 2.19546 3.29318 2.52314 3.81747 3.21126 
Utility: 5.81472 5.942 6.19226 6.28342 5.82019 6.10375 6.25102 6.38013 5.90247 5.79999 6.3311 6.16527 5.84427 6.24825 5.82646 6.78328 6.77171 6.13934 6.2591 6.24926 6.29973 6.1239 6.63231 5.93777 5.97703 5.90647 6.05757 5.82276 6.34397 6.29506 

--------------------------------------
Time: 22.0027
Split Ratios: 1 0.468 0.532 1 0.094 0.342 0.563 0.224 0.516 0.26 1 1 0.825 0.175 0.739 0.261 0.929 0.071 1 1 0.491 0.509 1 1 1 1 1 0.285 0.715 1 0.627 0.373 1 1 1 1 1 0.854 0.146 1 0.491 0.509 1 
Delays: 0.00899756 0.00818675 0.00753884 0.00822972 0.0118027 0.00765318 0.00741004 0.00751524 0.00635078 0.00891432 0.00600156 0.00745776 0.010216 0.00758693 0.00751957 0.00446054 0.00441987 0.00577216 0.0065188 0.00455429 0.00717712 0.00598989 0.00598771 0.00739156 0.00900392 0.00615298 0.00774296 0.00750415 0.00681583 0.0060064 
Throughputs: 2.80166 3.29318 3.63725 4.30899 3.96493 3.44064 4.17792 4.47283 2.12992 2.75251 3.09658 3.48979 3.60448 4.12877 2.53952 3.60448 3.52256 2.60506 4.01408 2.9655 4.25984 2.81805 3.73555 2.63782 3.7847 2.29376 3.39149 2.94912 3.42426 3.94854 
Utility: 5.74102 5.99709 6.17891 6.26071 5.81691 6.10829 6.33473 6.38884 5.81526 5.73261 6.24603 6.14834 5.86598 6.29931 5.82222 6.69466 6.68083 6.11216 6.42287 6.47873 6.38609 6.15373 6.43594 5.87737 6.04106 5.92101 6.08224 5.97381 6.21939 6.48828 

--------------------------------------
Time: 22.5028
Split Ratios: 1 0.468 0.532 1 0.094 0.342 0.563 0.224 0.516 0.26 1 1 0.825 0.175 0.739 0.261 0.929 0.071 1 1 0.491 0.509 1 1 1 1 1 0.285 0.715 1 0.627 0.373 1 1 1 1 1 0.854 0.146 1 0.491 0.509 1 
Delays: 0.00896015 0.00825134 0.00760412 0.00803161 0.0117552 0.00769249 0.00744834 0.00745305 0.00644743 0.00881406 0.00594207 0.00747037 0.0103304 0.00748362 0.00748757 0.00450136 0.00440944 0.00577297 0.00648845 0.00451573 0.00715748 0.0059832 0.00610441 0.00743897 0.00904021 0.00615183 0.00776053 0.00755966 0.0067638 0.00599219 
Throughputs: 3.03104 3.52256 3.89939 4.16154 4.37453 3.70278 4.44006 4.34176 2.63782 2.7689 3.12934 3.5881 4.06323 4.06323 2.7689 3.63725 3.40787 2.63782 3.76832 2.12992 4.11238 2.31014 4.27622 2.99827 4.14515 2.71974 3.24403 2.67059 3.60448 3.39149 
Utility: 5.82387 6.05657 6.23989 6.25025 5.91926 6.1766 6.39043 6.36741 6.01403 5.74986 6.26652 6.17443 5.97465 6.29702 5.91296 6.6946 6.6501 6.12452 6.36436 6.15627 6.3536 5.95611 6.55181 5.99906 6.12801 6.09154 6.03552 5.86723 6.27835 6.33857 

--------------------------------------
Time: 23.0029
Split Ratios: 1 0.468 0.532 1 0.094 0.342 0.563 0.224 0.516 0.26 1 1 0.825 0.175 0.739 0.261 0.929 0.071 1 1 0.491 0.509 1 1 1 1 1 0.285 0.715 1 0.627 0.373 1 1 1 1 1 0.854 0.146 1 0.491 0.509 1 
Delays: 0.00885128 0.00823188 0.00751962 0.00802203 0.0115467 0.00757257 0.00741984 0.0073949 0.00639993 0.00871131 0.00595687 0.00747983 0.0103892 0.00748783 0.00743734 0.00451216 0.00446127 0.00575412 0.00636616 0.00453452 0.00713235 0.00590906 0.0060437 0.00750362 0.00903992 0.00604773 0.0077335 0.00748129 0.00677912 0.00612374 
Throughputs: 2.71974 3.47341 3.42426 4.17792 3.73555 3.06381 4.47283 4.12877 2.53952 2.80166 3.50618 3.80109 3.55533 3.80109 2.5559 3.81747 4.12877 2.53952 3.47341 2.16269 4.62029 2.63782 4.16154 3.01466 4.11238 2.37568 3.1785 2.50675 3.2768 3.57171 
Utility: 5.72773 6.04488 6.12112 6.25538 5.77925 6.00288 6.40162 6.32494 5.98344 5.77335 6.37774 6.23083 5.83543 6.22976 5.83965 6.74057 6.8303 6.08981 6.30189 6.16739 6.47357 6.10122 6.53462 5.99586 6.12011 5.97336 6.0186 5.81434 6.18078 6.36863 

--------------------------------------
Time: 23.5029
Split Ratios: 1 0.468 0.532 1 0.094 0.342 0.563 0.224 0.516 0.26 1 1 0.825 0.175 0.739 0.261 0.929 0.071 1 1 0.491 0.509 1 1 1 1 1 0.285 0.715 1 0.627 0.373 1 1 1 1 1 0.854 0.146 1 0.491 0.509 1 
Delays: 0.00882085 0.00814324 0.00745922 0.00810056 0.0116802 0.00775023 0.00737674 0.00745489 0.00643531 0.00891542 0.00596731 0.00743238 0.0101762 0.00765797 0.00756602 0.00453739 0.00440679 0.00579394 0.00657455 0.00456151 0.00705021 0.00602269 0.00610434 0.00755029 0.00911255 0.00603021 0.00771391 0.00753292 0.00663679 0.00598046 
Throughputs: 2.4576 3.35872 3.26042 4.6039 3.71917 3.14573 4.42368 4.47283 2.40845 2.60506 3.3751 3.60448 3.76832 3.89939 2.39206 4.32538 3.45702 2.39206 3.93216 2.65421 3.91578 2.49037 4.27622 2.85082 4.01408 2.49037 3.12934 2.52314 3.71917 3.52256 
Utility: 5.62982 6.02213 6.08016 6.34273 5.76336 6.00608 6.3964 6.39691 5.92494 5.67743 6.33788 6.18409 5.91434 6.23283 5.75625 6.8599 6.66502 6.0231 6.39374 6.36625 6.31971 6.02465 6.55183 5.93377 6.08791 6.0234 6.00555 5.81397 6.32863 6.37845 

--------------------------------------
Time: 24.0031
Split Ratios: 1 0.468 0.532 1 0.094 0.342 0.563 0.224 0.516 0.26 1 1 0.825 0.175 0.739 0.261 0.929 0.071 1 1 0.491 0.509 1 1 1 1 1 0.285 0.715 1 0.627 0.373 1 1 1 1 1 0.854 0.146 1 0.491 0.509 1 
Delays: 0.00893104 0.00812449 0.00744005 0.00792673 0.0118609 0.00754968 0.00743483 0.00743771 0.00630821 0.00878902 0.00601704 0.00746861 0.0104197 0.00758678 0.00750827 0.00451018 0.00444658 0.00576633 0.00656687 0.00444784 0.00707582 0.00602147 0.00598377 0.00748273 0.00912047 0.00611822 0.0077472 0.00741176 0.00674781 0.00600678 
Throughputs: 2.65421 3.14573 3.81747 4.24346 3.80109 3.12934 3.85024 4.17792 2.47398 2.4576 3.1785 3.73555 3.96493 3.76832 2.52314 3.91578 3.6864 2.27738 3.91578 2.12992 4.29261 2.93274 4.21069 2.4576 3.89939 2.4576 2.94912 2.4576 3.34234 3.47341 
Utility: 5.69437 5.95892 6.24047 6.28289 5.76979 6.02707 6.24971 6.33101 5.97173 5.63344 6.26957 6.21494 5.94154 6.20798 5.81725 6.76643 6.72027 5.97874 6.39073 6.17142 6.40797 6.18836 6.55633 5.79434 6.05805 5.99567 5.94193 5.80387 6.20521 6.36 

--------------------------------------
Time: 24.5031
Split Ratios: 1 0.468 0.532 1 0.094 0.342 0.563 0.224 0.516 0.26 1 1 0.825 0.175 0.739 0.261 0.929 0.071 1 1 0.491 0.509 1 1 1 1 1 0.285 0.715 1 0.627 0.373 1 1 1 1 1 0.854 0.146 1 0.491 0.509 1 
Delays: 0.00889066 0.00822644 0.00745356 0.00828869 0.0116706 0.0076086 0.00741272 0.00741536 0.00641027 0.00863357 0.00599647 0.00744798 0.0103641 0.00759394 0.0074496 0.00448087 0.00444892 0.00576688 0.00639285 0.00449561 0.00708931 0.00601899 0.00601096 0.00741136 0.00908836 0.0060822 0.00783289 0.00747685 0.00667957 0.00598848 
Throughputs: 2.93274 3.42426 3.53894 4.24346 4.01408 3.57171 4.32538 3.96493 2.60506 2.57229 3.16211 3.62086 3.53894 3.98131 2.50675 3.60448 3.7847 2.3593 3.88301 2.58867 3.85024 2.34291 4.39091 2.34291 3.73555 2.1463 3.48979 2.58867 3.48979 3.57171 
Utility: 5.79869 6.03129 6.16289 6.23824 5.84049 6.15152 6.36906 6.28169 6.00731 5.69689 6.26782 6.18652 5.83324 6.26202 5.81858 6.69011 6.74606 6.01399 6.40918 6.3558 6.2973 5.96423 6.59371 5.75614 6.01866 5.86614 6.09927 5.84709 6.25854 6.39096 

--------------------------------------
Time: 25.0031
Split Ratios: 1 0.468 0.532 1 0.094 0.342 0.563 0.224 0.516 0.26 1 1 0.825 0.175 0.739 0.261 0.929 0.071 1 1 0.491 0.509 1 1 1 1 1 0.285 0.715 1 0.627 0.373 1 1 1 1 1 0.854 0.146 1 0.491 0.509 1 
Delays: 0.00886233 0.00824858 0.00744914 0.00793188 0.0116969 0.00762945 0.00739406 0.0074631 0.00640066 0.00882054 0.00608694 0.0074071 0.0101435 0.00770584 0.00739417 0.00447687 0.00441306 0.00576911 0.00656464 0.00448471 0.00722651 0.00616002 0.00598613 0.0074652 0.00906041 0.00619606 0.00784732 0.00741882 0.00667258 0.00607472 
Throughputs: 2.65421 3.5881 3.19488 4.66944 3.67002 3.32595 4.4073 4.29261 2.65421 2.65421 3.30957 3.65363 3.45702 4.096 2.50675 4.01408 3.50618 2.98189 3.89939 2.60506 3.96493 2.80166 4.27622 2.57229 4.11238 2.80166 3.60448 2.67059 3.88301 3.86662 
Utility: 5.70209 6.07534 6.06121 6.3779 5.74863 6.0775 6.39034 6.35468 6.0275 5.70682 6.29843 6.20104 5.83133 6.27579 5.82605 6.79864 6.67771 6.24779 6.38688 6.36454 6.30749 6.11989 6.57138 5.8423 6.11784 6.11406 6.12976 5.88603 6.36636 6.456 

--------------------------------------
Time: 25.5034
Split Ratios: 1 0.468 0.532 1 0.094 0.342 0.563 0.224 0.516 0.26 1 1 0.825 0.175 0.739 0.261 0.929 0.071 1 1 0.491 0.509 1 1 1 1 1 0.285 0.715 1 0.627 0.373 1 1 1 1 1 0.854 0.146 1 0.491 0.509 1 
Delays: 0.00890272 0.00823366 0.00750317 0.00822529 0.0116624 0.00762353 0.00745513 0.00753688 0.00650099 0.00887323 0.0059674 0.00758579 0.010738 0.00765673 0.00754102 0.00453324 0.00442439 0.00576046 0.00654089 0.00446725 0.00711685 0.00596692 0.00600708 0.00749472 0.00894612 0.0060377 0.00774993 0.00750659 0.00676969 0.00600794 
Throughputs: 2.71974 3.29318 2.93274 4.04685 4.32538 3.53894 4.30899 4.21069 2.52314 2.67059 3.65363 3.80109 3.48979 4.07962 2.53952 3.80109 4.03046 2.32653 3.34234 2.65421 4.25984 2.91635 4.1943 2.57229 3.67002 2.24461 3.32595 2.80166 3.93216 3.76832 
Utility: 5.72194 5.99138 5.96837 6.19848 5.91588 6.14034 6.35956 6.32557 5.9613 5.70702 6.41717 6.21677 5.78381 6.27817 5.81937 6.73161 6.81451 6.00111 6.23635 6.38713 6.39452 6.19186 6.54854 5.83835 6.01673 5.91826 6.06183 5.92219 6.36449 6.4413 

--------------------------------------
Time: 26.0034
Split Ratios: 1 0.468 0.532 1 0.094 0.342 0.563 0.224 0.516 0.26 1 1 0.825 0.175 0.739 0.261 0.929 0.071 1 1 0.491 0.509 1 1 1 1 1 0.285 0.715 1 0.627 0.373 1 1 1 1 1 0.854 0.146 1 0.491 0.509 1 
Delays: 0.00890772 0.00812523 0.00753916 0.00811673 0.0115774 0.00760297 0.00746273 0.00745631 0.00654344 0.00871584 0.00601605 0.00747112 0.0104755 0.00759273 0.00752626 0.0045243 0.00442846 0.00576203 0.00663459 0.00446442 0.00725386 0.00603608 0.00603466 0.00752128 0.00911481 0.00607379 0.007778 0.00749328 0.00687079 0.00605397 
Throughputs: 2.80166 3.1785 3.34234 4.01408 3.71917 3.06381 4.34176 4.37453 2.12992 2.68698 3.5881 3.3751 3.24403 4.03046 2.11354 3.3751 3.6864 2.22822 3.86662 2.58867 4.17792 2.63782 4.14515 3.08019 4.1943 2.37568 3.29318 2.57229 3.98131 3.53894 
Utility: 5.75105 5.96919 6.09431 6.20364 5.7722 5.99887 6.36611 6.37449 5.78538 5.73103 6.39095 6.11314 5.73553 6.27445 5.63772 6.61472 6.72435 5.95767 6.36784 6.36276 6.35603 6.07996 6.53218 6.01501 6.13158 5.96906 6.04831 5.83855 6.36209 6.37087 

--------------------------------------
Time: 26.5035
Split Ratios: 1 0.468 0.532 1 0.094 0.342 0.563 0.224 0.516 0.26 1 1 0.825 0.175 0.739 0.261 0.929 0.071 1 1 0.491 0.509 1 1 1 1 1 0.285 0.715 1 0.627 0.373 1 1 1 1 1 0.854 0.146 1 0.491 0.509 1 
Delays: 0.00899838 0.00813414 0.00759686 0.00808585 0.0120733 0.00774335 0.00737174 0.00737502 0.00651654 0.00898869 0.0059759 0.00737662 0.00995692 0.00756701 0.00752791 0.00449765 0.00443043 0.00576271 0.00663537 0.00454345 0.00717018 0.00607027 0.0060228 0.00749771 0.00902676 0.00613328 0.00780497 0.00756152 0.00697096 0.00600732 
Throughputs: 3.06381 3.63725 3.6864 4.4073 4.12877 3.5881 4.21069 4.01408 2.4576 2.81805 3.47341 3.35872 3.60448 4.06323 2.57229 4.34176 3.76832 2.75251 4.11238 2.75251 4.1943 2.9655 4.14515 2.7689 3.70278 2.11354 3.53894 2.70336 3.45702 3.52256 
Utility: 5.83037 6.10291 6.18467 6.3009 5.83474 6.13854 6.34773 6.29947 5.9326 5.74783 6.36516 6.121 5.89167 6.28594 5.83393 6.87248 6.74589 6.16886 6.42934 6.40658 6.37155 6.1914 6.53414 5.91161 6.01665 5.84239 6.11682 5.87918 6.20641 6.37397 

--------------------------------------
Time: 27.0035
Split Ratios: 1 0.468 0.532 1 0.094 0.342 0.563 0.224 0.516 0.26 1 1 0.825 0.175 0.739 0.261 0.929 0.071 1 1 0.491 0.509 1 1 1 1 1 0.285 0.715 1 0.627 0.373 1 1 1 1 1 0.854 0.146 1 0.491 0.509 1 
Delays: 0.0088544 0.00833655 0.00744616 0.00793205 0.0118212 0.00769017 0.00746507 0.00745709 0.00649309 0.00905081 0.00599959 0.00755529 0.0105157 0.00762804 0.00748034 0.00452724 0.00442589 0.00578717 0.00648054 0.00456412 0.0071281 0.00600276 0.0061355 0.00741205 0.00900734 0.00615502 0.00780366 0.00752573 0.00675982 0.00596067 
Throughputs: 2.83443 3.1785 3.35872 4.12877 4.03046 3.34234 4.42368 4.44006 2.62144 2.53952 3.7847 3.81747 3.5881 4.14515 2.27738 3.9977 4.03046 2.99827 3.81747 2.47398 4.07962 2.83443 4.53837 2.99827 3.52256 2.32653 3.50618 2.75251 3.44064 3.6864 
Utility: 5.76868 5.94351 6.11162 6.25482 5.83174 6.07448 6.38449 6.38926 6.00074 5.63688 6.44703 6.2251 5.8325 6.29786 5.7185 6.78336 6.81417 6.25015 6.37854 6.29536 6.34971 6.15738 6.60623 6.00268 5.9689 5.93486 6.10769 5.90194 6.23242 6.42722 

--------------------------------------
Time: 27.5036
Split Ratios: 1 0.468 0.532 1 0.094 0.342 0.563 0.224 0.516 0.26 1 1 0.825 0.175 0.739 0.261 0.929 0.071 1 1 0.491 0.509 1 1 1 1 1 0.285 0.715 1 0.627 0.373 1 1 1 1 1 0.854 0.146 1 0.491 0.509 1 
Delays: 0.00888652 0.00822029 0.00744429 0.0083514 0.0116631 0.00768538 0.00740553 0.0074194 0.00642638 0.00877384 0.00601701 0.00749067 0.0101875 0.00756082 0.00750513 0.00451159 0.00443372 0.0057511 0.00654227 0.00448055 0.00697702 0.00602404 0.00600521 0.00747706 0.00909091 0.0061074 0.0078136 0.00747652 0.00676452 0.00604445 
Throughputs: 2.91635 3.34234 3.45702 4.48922 3.94854 3.29318 4.25984 4.32538 2.50675 2.50675 3.30957 3.44064 3.47341 3.9977 2.70336 3.93216 3.7847 2.75251 3.6864 2.70336 4.06323 2.3593 4.03046 2.78528 4.07962 2.4576 2.89997 2.71974 3.22765 3.39149 
Utility: 5.79355 6.00782 6.14072 6.287 5.82467 6.06029 6.35476 6.36816 5.96633 5.65497 6.30998 6.12975 5.83173 6.27049 5.88666 6.77029 6.74949 6.17088 6.33412 6.4025 6.36711 5.97036 6.50901 5.92026 6.10648 5.99744 5.91659 5.89653 6.16782 6.32988 

--------------------------------------
Time: 28.0037
Split Ratios: 1 0.468 0.532 1 0.094 0.342 0.563 0.224 0.516 0.26 1 1 0.825 0.175 0.739 0.261 0.929 0.071 1 1 0.491 0.509 1 1 1 1 1 0.285 0.715 1 0.627 0.373 1 1 1 1 1 0.854 0.146 1 0.491 0.509 1 
Delays: 0.00893768 0.00818382 0.00750907 0.0082257 0.0116905 0.00769838 0.0074536 0.00754305 0.00649187 0.00886015 0.00592462 0.00754819 0.0101121 0.00756298 0.00751033 0.0045062 0.00440458 0.0057823 0.00641987 0.00444617 0.00723318 0.00594698 0.00607159 0.00742781 0.00895697 0.00610018 0.00788232 0.00749715 0.00682555 0.00600133 
Throughputs: 2.81805 3.26042 3.81747 4.34176 3.96493 3.57171 4.21069 4.8169 2.31014 2.67059 3.24403 4.32538 3.89939 4.04685 2.70336 3.65363 3.98131 2.65421 3.71917 2.42483 4.4073 2.3593 4.32538 3.24403 4.21069 2.47398 3.2768 2.78528 3.12934 3.21126 
Utility: 5.75352 5.98745 6.23123 6.26877 5.82646 6.13979 6.33668 6.45926 5.87451 5.70849 6.30546 6.35095 5.95485 6.28243 5.88597 6.69802 6.80672 6.1291 6.36186 6.30147 6.41234 5.98324 6.56863 6.07934 6.15295 6.00527 6.03 5.91758 6.12791 6.28244 

--------------------------------------
Time: 28.5038
Split Ratios: 1 0.468 0.532 1 0.094 0.342 0.563 0.224 0.516 0.26 1 1 0.825 0.175 0.739 0.261 0.929 0.071 1 1 0.491 0.509 1 1 1 1 1 0.285 0.715 1 0.627 0.373 1 1 1 1 1 0.854 0.146 1 0.491 0.509 1 
Delays: 0.00888721 0.00814645 0.00754311 0.00823864 0.0115367 0.00760869 0.00740725 0.00740162 0.0063352 0.00874469 0.00595398 0.00744794 0.0100388 0.00755472 0.00745761 0.00451151 0.00440465 0.00573773 0.00657964 0.00446528 0.00715017 0.00600315 0.00606823 0.00752555 0.00906734 0.00610568 0.00779811 0.00750803 0.00688215 0.00596647 
Throughputs: 2.75251 3.22765 3.71917 4.96435 4.27622 3.5881 4.25984 4.07962 2.16269 2.37568 3.63725 3.44064 3.85024 3.98131 2.26099 4.04685 3.52256 2.58867 3.62086 2.57229 4.06323 2.42483 3.96493 2.91635 3.73555 2.01523 3.44064 2.70336 3.63725 3.35872 
Utility: 5.73566 5.98193 6.20062 6.4012 5.91529 6.15609 6.35453 6.31206 5.83299 5.60459 6.41492 6.13548 5.94944 6.26719 5.71432 6.79906 6.68428 6.11184 6.31049 6.35622 6.3426 6.00123 6.48218 5.95978 6.02097 5.79927 6.08953 5.88628 6.27005 6.33316 

--------------------------------------
Time: 29.0039
Split Ratios: 1 0.468 0.532 1 0.094 0.342 0.563 0.224 0.516 0.26 1 1 0.825 0.175 0.739 0.261 0.929 0.071 1 1 0.491 0.509 1 1 1 1 1 0.285 0.715 1 0.627 0.373 1 1 1 1 1 0.854 0.146 1 0.491 0.509 1 
Delays: 0.00892681 0.00824822 0.00747917 0.00831058 0.0116806 0.00755985 0.00737871 0.00746077 0.0064744 0.00866654 0.0059362 0.00745707 0.0107631 0.00752959 0.00749328 0.00448461 0.00442572 0.00577069 0.00652204 0.00444786 0.00733989 0.00602063 0.0060841 0.00759573 0.00904874 0.00611599 0.00769435 0.00748201 0.00679455 0.00603787 
Throughputs: 2.78528 3.16211 3.21126 4.03046 4.17792 3.34234 4.25984 4.83328 2.21184 2.57229 3.39149 3.80109 3.88301 4.03046 2.65421 4.1943 4.03046 2.70336 3.7847 2.26099 4.53837 2.83443 3.98131 2.98189 3.83386 2.17907 3.1785 2.70336 3.1785 3.76832 
Utility: 5.74305 5.949 6.0623 6.18411 5.87964 6.09157 6.35839 6.47362 5.83372 5.69308 6.34796 6.23388 5.88824 6.2828 5.8699 6.84083 6.8142 6.14946 6.36354 6.23114 6.427 6.1544 6.48369 5.97273 6.049 5.87575 6.02368 5.88975 6.14804 6.43633 

--------------------------------------
Time: 29.5041
Split Ratios: 1 0.468 0.532 1 0.094 0.342 0.563 0.224 0.516 0.26 1 1 0.825 0.175 0.739 0.261 0.929 0.071 1 1 0.491 0.509 1 1 1 1 1 0.285 0.715 1 0.627 0.373 1 1 1 1 1 0.854 0.146 1 0.491 0.509 1 
Delays: 0.00886655 0.00822795 0.00749794 0.00820208 0.0115241 0.00754862 0.00739839 0.00746096 0.00627077 0.00876904 0.00599837 0.00750117 0.0106122 0.00754343 0.00752389 0.00455789 0.00439161 0.00577023 0.0065538 0.00447892 0.00722202 0.00611063 0.00600703 0.00741684 0.00907593 0.00615388 0.00766382 0.00744729 0.00676669 0.0060584 
Throughputs: 2.68698 2.98189 3.76832 4.07962 4.22707 3.04742 4.37453 4.14515 2.3593 2.85082 3.29318 3.5881 3.62086 3.98131 2.57229 4.29261 3.62086 2.53952 3.7847 2.3593 4.30899 2.93274 4.17792 2.4576 3.80109 2.17907 3.50618 2.80166 3.57171 3.88301 
Utility: 5.71389 5.89278 6.21976 6.20937 5.90482 6.00069 6.38229 6.32001 5.93022 5.78413 6.30812 6.17032 5.83246 6.26869 5.83447 6.84779 6.71477 6.08702 6.35868 6.26674 6.39133 6.17366 6.54464 5.80319 6.03742 5.86957 6.12577 5.93012 6.26879 6.46292 

--------------------------------------
Time: 30.0041
Split Ratios: 1 0.468 0.532 1 0.094 0.342 0.563 0.224 0.516 0.26 1 1 0.825 0.175 0.739 0.261 0.929 0.071 1 1 0.491 0.509 1 1 1 1 1 0.285 0.715 1 0.627 0.373 1 1 1 1 1 0.854 0.146 1 0.491 0.509 1 
Delays: 0.00896319 0.0083029 0.0075235 0.0082296 0.0116411 0.0076788 0.00736937 0.00740754 0.00626412 0.00873995 0.00598493 0.00737049 0.0105144 0.00761459 0.00756742 0.00445578 0.00441141 0.00575341 0.00665955 0.00451167 0.00738417 0.00603561 0.00602398 0.00754277 0.00903015 0.00600077 0.0077898 0.00751302 0.0067608 0.00598818 
Throughputs: 3.09658 2.81805 3.55533 4.45645 3.60448 3.70278 3.81747 4.48922 2.57229 2.52314 3.48979 3.40787 3.3751 3.83386 2.40845 3.6864 3.71917 2.40845 3.5881 2.37568 4.07962 2.7689 4.4073 2.71974 3.83386 1.96608 3.1785 3.03104 3.32595 3.75194 
Utility: 5.84493 5.8272 6.15817 6.29437 5.73539 6.17838 6.25001 6.40694 6.01771 5.66535 6.36835 6.13636 5.77143 6.22156 5.76289 6.7182 6.73706 6.03694 6.28933 6.26637 6.31442 6.12853 6.59527 5.8877 6.05106 5.79191 6.01135 6.00002 6.19837 6.44024 

--------------------------------------
Time: 30.5041
Split Ratios: 1 0.468 0.532 1 0.094 0.342 0.563 0.224 0.516 0.26 1 1 0.825 0.175 0.739 0.261 0.929 0.071 1 1 0.491 0.509 1 1 1 1 1 0.285 0.715 1 0.627 0.373 1 1 1 1 1 0.854 0.146 1 0.491 0.509 1 
Delays: 0.00886653 0.00825526 0.00752406 0.00801224 0.0116931 0.00759646 0.0074183 0.00747099 0.0063131 0.00879248 0.00600919 0.00756873 0.0102439 0.00761497 0.00749559 0.00449344 0.00444065 0.00579064 0.00656586 0.00448128 0.00717673 0.00607958 0.00608966 0.00746353 0.00897585 0.00601793 0.00776504 0.007484 0.0067102 0.00597155 
Throughputs: 3.2768 3.21126 3.45702 4.65306 3.71917 3.19488 4.68582 4.52198 2.47398 2.78528 3.03104 4.07962 4.03046 4.53837 2.44122 3.55533 3.73555 2.7689 3.75194 2.27738 4.12877 2.57229 4.44006 2.52314 3.86662 2.60506 3.45702 2.57229 3.53894 3.35872 
Utility: 5.91234 5.96357 6.13006 6.36431 5.76226 6.04162 6.44835 6.40568 5.97096 5.75821 6.22337 6.28973 5.97496 6.39021 5.78594 6.67358 6.73485 6.16996 6.34814 6.23087 6.35489 6.04762 6.59183 5.82323 6.0656 6.07047 6.09853 5.83978 6.26795 6.33231 

--------------------------------------
Time: 31.0042
Split Ratios: 1 0.468 0.532 1 0.094 0.342 0.563 0.224 0.516 0.26 1 1 0.825 0.175 0.739 0.261 0.929 0.071 1 1 0.491 0.509 1 1 1 1 1 0.285 0.715 1 0.627 0.373 1 1 1 1 1 0.854 0.146 1 0.491 0.509 1 
Delays: 0.00889769 0.0081314 0.00748769 0.0081099 0.0115824 0.00768947 0.00741297 0.00739833 0.00643336 0.0088931 0.00595456 0.00749501 0.0103688 0.00756525 0.00751624 0.00449546 0.00439597 0.00575999 0.006604 0.00446575 0.00732328 0.00598885 0.00601666 0.00751221 0.00898269 0.006054 0.00772249 0.00752467 0.00669989 0.00604136 
Throughputs: 3.08019 3.16211 3.55533 4.57114 3.6864 3.24403 4.24346 3.93216 2.27738 2.75251 3.45702 3.65363 3.63725 4.1943 2.75251 3.7847 3.83386 2.47398 3.7847 2.4576 4.24346 2.44122 4.32538 2.70336 3.7847 2.06438 3.04742 2.91635 3.50618 3.6864 
Utility: 5.84696 5.96326 6.16294 6.33443 5.76292 6.04472 6.3499 6.27569 5.86928 5.73499 6.36401 6.18924 5.86018 6.31792 5.9032 6.73566 6.77094 6.06265 6.35105 6.3105 6.36208 6.01035 6.57772 5.88572 6.04342 5.83187 5.97792 5.9599 6.26019 6.41378 

--------------------------------------
Time: 31.5042
Split Ratios: 1 0.468 0.532 1 0.094 0.342 0.563 0.224 0.516 0.26 1 1 0.825 0.175 0.739 0.261 0.929 0.071 1 1 0.491 0.509 1 1 1 1 1 0.285 0.715 1 0.627 0.373 1 1 1 1 1 0.854 0.146 1 0.491 0.509 1 
Delays: 0.0088854 0.0083323 0.00749276 0.00817913 0.0116094 0.00767136 0.00740049 0.0074794 0.00640248 0.00889913 0.00595062 0.00747021 0.010407 0.00752181 0.00746054 0.0044411 0.00437694 0.00575388 0.00648963 0.00449792 0.00718203 0.00595813 0.0058983 0.0074116 0.00903887 0.00601545 0.00769209 0.00753349 0.00678239 0.0059396 
Throughputs: 2.8672 3.24403 3.29318 4.34176 4.24346 3.32595 4.12877 4.25984 2.63782 2.70336 3.1785 3.52256 3.67002 3.80109 2.73613 3.7847 4.1943 2.75251 3.70278 2.60506 3.9977 2.89997 3.57171 2.4576 3.86662 2.37568 3.12934 2.81805 3.73555 3.98131 
Utility: 5.77668 5.96443 6.08567 6.27445 5.90132 6.07202 6.32419 6.34483 6.02102 5.7163 6.28067 6.15602 5.86547 6.22524 5.90467 6.74782 6.86513 6.17039 6.34663 6.3616 6.32189 6.1877 6.40614 5.80389 6.0586 5.97871 6.00839 5.92444 6.31132 6.50773 

--------------------------------------
Time: 32.0042
Split Ratios: 1 0.468 0.532 1 0.094 0.342 0.563 0.224 0.516 0.26 1 1 0.825 0.175 0.739 0.261 0.929 0.071 1 1 0.491 0.509 1 1 1 1 1 0.285 0.715 1 0.627 0.373 1 1 1 1 1 0.854 0.146 1 0.491 0.509 1 
Delays: 0.00889465 0.00822443 0.00757178 0.00818314 0.0117681 0.00766069 0.0074048 0.00740782 0.00640314 0.00883112 0.00596965 0.00737827 0.0100675 0.00765162 0.00743151 0.00448129 0.00439074 0.00576228 0.00646048 0.00448262 0.00732633 0.00600456 0.00601682 0.00747571 0.00905533 0.00607302 0.00771899 0.00752204 0.00670059 0.00594062 
Throughputs: 2.49037 3.14573 3.86662 4.30899 3.53894 3.57171 4.21069 4.22707 2.68698 2.47398 3.26042 3.70278 3.19488 4.11238 2.26099 4.096 3.60448 2.52314 3.40787 2.24461 3.80109 2.78528 4.25984 2.71974 3.7847 2.03162 3.50618 2.89997 3.76832 3.60448 
Utility: 5.63474 5.94669 6.23571 6.26638 5.70619 6.1447 6.34325 6.34673 6.03938 5.6353 6.30292 6.2183 5.75999 6.28684 5.71783 6.81786 6.71044 6.08192 6.26814 6.21608 6.25157 6.13958 6.56243 5.89663 6.03537 5.81273 6.1186 5.95462 6.33219 6.40812 

--------------------------------------
Time: 32.5042
Split Ratios: 1 0.468 0.532 1 0.094 0.342 0.563 0.224 0.516 0.26 1 1 0.825 0.175 0.739 0.261 0.929 0.071 1 1 0.491 0.509 1 1 1 1 1 0.285 0.715 1 0.627 0.373 1 1 1 1 1 0.854 0.146 1 0.491 0.509 1 
Delays: 0.00887514 0.00823322 0.00760199 0.00802481 0.0116273 0.00767201 0.00744226 0.00750364 0.00642205 0.00888086 0.00598249 0.00750624 0.0104173 0.00772602 0.00745258 0.00446492 0.00440574 0.00577313 0.00658543 0.00448804 0.00726103 0.00610153 0.0060833 0.00743672 0.00900949 0.0061773 0.00779214 0.00753094 0.00679294 0.00605643 
Throughputs: 2.37568 3.3751 3.60448 4.68582 3.5881 3.71917 4.5056 4.4073 2.3593 2.4576 3.30957 3.40787 3.93216 4.29261 2.27738 4.1943 3.42426 2.37568 3.67002 2.27738 3.81747 2.71974 4.12877 2.26099 3.93216 2.37568 3.57171 2.93274 3.1785 3.50618 
Utility: 5.58978 6.016 6.16152 6.36976 5.73202 6.18368 6.4059 6.37563 5.90638 5.62304 6.31574 6.11811 5.93348 6.32006 5.72222 6.84523 6.65573 6.01982 6.32309 6.22936 6.26482 6.09975 6.52019 5.71713 6.07867 5.95216 6.12769 5.96467 6.14828 6.36116 

--------------------------------------
Time: 33.0043
Split Ratios: 1 0.468 0.532 1 0.094 0.342 0.563 0.224 0.516 0.26 1 1 0.825 0.175 0.739 0.261 0.929 0.071 1 1 0.491 0.509 1 1 1 1 1 0.285 0.715 1 0.627 0.373 1 1 1 1 1 0.854 0.146 1 0.491 0.509 1 
Delays: 0.00899194 0.00820622 0.00744891 0.00831814 0.0118301 0.00763254 0.00745577 0.00754437 0.00647776 0.00877439 0.00599706 0.00752883 0.0104864 0.00753906 0.00746334 0.00444442 0.00449896 0.00573688 0.00657841 0.00446593 0.00722604 0.00593566 0.00603303 0.00739026 0.0091005 0.00605771 0.00772429 0.00745192 0.00672728 0.00605764 
Throughputs: 3.06381 3.39149 3.57171 4.5056 4.14515 3.16211 4.73498 4.42368 2.50675 2.31014 3.34234 3.67002 3.63725 3.83386 2.29376 3.19488 3.75194 2.37568 3.47341 2.44122 4.84966 2.70336 4.096 2.68698 3.83386 2.27738 3.19488 2.67059 3.52256 3.30957 
Utility: 5.83108 6.02413 6.17273 6.29464 5.85905 6.02657 6.45374 6.37393 5.95837 5.57323 6.32316 6.18921 5.84891 6.23153 5.72794 6.57766 6.72618 6.02612 6.2691 6.30377 6.50897 6.12127 6.52052 5.89601 6.0433 5.92945 6.02494 5.88158 6.26077 6.30325 

--------------------------------------
Time: 33.5044
Split Ratios: 1 0.468 0.532 1 0.094 0.342 0.563 0.224 0.516 0.26 1 1 0.825 0.175 0.739 0.261 0.929 0.071 1 1 0.491 0.509 1 1 1 1 1 0.285 0.715 1 0.627 0.373 1 1 1 1 1 0.854 0.146 1 0.491 0.509 1 
Delays: 0.00899825 0.00812015 0.00749205 0.0079014 0.0117367 0.00756534 0.00732612 0.00743308 0.00634253 0.00884427 0.00598413 0.00745687 0.010475 0.00751701 0.00745959 0.00449598 0.00439948 0.00575662 0.00659335 0.00444308 0.00739376 0.00599936 0.00605724 0.0074216 0.00904054 0.00610272 0.00780529 0.00745266 0.00675497 0.00603434 
Throughputs: 3.16211 3.11296 3.47341 3.9977 3.67002 3.30957 3.73555 4.24346 2.40845 2.49037 2.78528 3.60448 3.96493 3.70278 2.39206 3.93216 3.40787 2.63782 3.60448 2.21184 4.42368 2.91635 4.25984 2.80166 3.88301 2.32653 3.39149 2.78528 3.44064 3.47341 
Utility: 5.86197 5.94898 6.13905 6.22643 5.74523 6.081 6.23421 6.34719 5.93946 5.64042 6.14299 6.1808 5.93625 6.19967 5.77041 6.77376 6.65236 6.12736 6.30387 6.21023 6.39409 6.18644 6.55573 5.93357 6.06265 5.9434 6.07422 5.92353 6.23313 6.35542 

--------------------------------------
Time: 34.0049
Split Ratios: 1 0.468 0.532 1 0.094 0.342 0.563 0.224 0.516 0.26 1 1 0.825 0.175 0.739 0.261 0.929 0.071 1 1 0.491 0.509 1 1 1 1 1 0.285 0.715 1 0.627 0.373 1 1 1 1 1 0.854 0.146 1 0.491 0.509 1 
Delays: 0.0089688 0.00810991 0.00751967 0.00823665 0.0114315 0.00763088 0.00740232 0.00754791 0.00633269 0.00866148 0.00595599 0.0075232 0.0103603 0.00752792 0.00751381 0.0045941 0.00440335 0.00577788 0.00640682 0.00443961 0.00716798 0.00604344 0.00608086 0.00755251 0.0091356 0.00601211 0.00774511 0.00751346 0.00679825 0.00599201 
Throughputs: 2.81805 3.65363 3.94854 4.22707 3.91578 3.24403 4.07962 4.63667 2.44122 2.37568 3.29318 3.85024 3.52256 3.70278 2.08077 4.06323 3.6864 2.8672 3.73555 2.52314 3.7847 2.37568 4.21069 2.78528 3.55533 2.3593 3.71917 3.04742 3.60448 3.67002 
Utility: 5.75005 6.11039 6.26358 6.24067 5.8364 6.05237 6.31196 6.42048 5.95453 5.61415 6.31521 6.2379 5.82897 6.19822 5.62375 6.78496 6.73004 6.20705 6.36829 6.34269 6.2691 5.97407 6.54024 5.91022 5.96402 5.97234 6.17419 6.00536 6.27327 6.41752 

--------------------------------------
Time: 34.505
Split Ratios: 1 0.468 0.532 1 0.094 0.342 0.563 0.224 0.516 0.26 1 1 0.825 0.175 0.739 0.261 0.929 0.071 1 1 0.491 0.509 1 1 1 1 1 0.285 0.715 1 0.627 0.373 1 1 1 1 1 0.854 0.146 1 0.491 0.509 1 
Delays: 0.00890645 0.00821267 0.00751013 0.00797978 0.0117167 0.00777459 0.00732992 0.0074599 0.00639111 0.00895843 0.00602805 0.00737757 0.0100712 0.00763916 0.00741474 0.00446594 0.00440812 0.00577086 0.00640018 0.00455765 0.00711012 0.00603261 0.00603822 0.00739617 0.00898931 0.00605037 0.0078141 0.00746062 0.00672602 0.00595466 
Throughputs: 2.81805 3.19488 3.35872 4.45645 3.65363 3.52256 4.07962 4.39091 2.75251 2.83443 3.32595 3.2768 3.29318 3.83386 2.63782 3.89939 3.57171 2.62144 3.76832 2.44122 4.06323 2.27738 4.53837 2.50675 3.75194 2.34291 3.34234 2.62144 3.32595 3.80109 
Utility: 5.75702 5.96363 6.10306 6.3252 5.74246 6.11608 6.32179 6.37775 6.06536 5.757 6.31309 6.09618 5.78993 6.21834 5.87424 6.7721 6.69735 6.11866 6.37806 6.28344 6.34821 5.9336 6.62221 5.82578 6.03399 5.95903 6.0585 5.86184 6.20353 6.45887 

--------------------------------------
Time: 35.0052
Split Ratios: 1 0.468 0.532 1 0.094 0.342 0.563 0.224 0.516 0.26 1 1 0.825 0.175 0.739 0.261 0.929 0.071 1 1 0.491 0.509 1 1 1 1 1 0.285 0.715 1 0.627 0.373 1 1 1 1 1 0.854 0.146 1 0.491 0.509 1 
Delays: 0.00884747 0.00824078 0.00746739 0.00822102 0.0114259 0.00781625 0.0074122 0.00733981 0.00630594 0.00877186 0.00602852 0.00741587 0.0103067 0.00767287 0.00762674 0.00449022 0.00442458 0.00575924 0.00647183 0.0045434 0.00712654 0.0060108 0.00597774 0.00749164 0.00903855 0.00598524 0.00770574 0.00743651 0.00672029 0.00601206 
Throughputs: 2.81805 3.21126 3.29318 3.91578 3.39149 3.45702 4.34176 3.70278 2.1463 2.70336 3.55533 3.42426 3.80109 4.68582 2.85082 3.86662 3.75194 2.78528 3.73555 2.39206 4.32538 2.62144 3.96493 2.83443 4.096 2.09715 3.26042 2.57229 3.2768 3.81747 
Utility: 5.76367 5.96532 6.08906 6.16607 5.69314 6.09196 6.37291 6.22353 5.83001 5.7307 6.3797 6.13502 5.91024 6.41461 5.9237 6.75824 6.74285 6.1813 6.35819 6.26624 6.40843 6.07792 6.4972 5.93581 6.11627 5.85904 6.04764 5.84615 6.18949 6.45358 

--------------------------------------
Time: 35.5056
Split Ratios: 1 0.468 0.532 1 0.094 0.342 0.563 0.224 0.516 0.26 1 1 0.825 0.175 0.739 0.261 0.929 0.071 1 1 0.491 0.509 1 1 1 1 1 0.285 0.715 1 0.627 0.373 1 1 1 1 1 0.854 0.146 1 0.491 0.509 1 
Delays: 0.00892201 0.00813703 0.00751079 0.00823747 0.0116963 0.0077695 0.00741086 0.00740484 0.00657464 0.00901967 0.00596272 0.00750405 0.0102702 0.007587 0.00749462 0.00449883 0.00436116 0.00574094 0.00649579 0.00460542 0.00712228 0.00599315 0.0060798 0.00756637 0.00903158 0.00605581 0.00779546 0.00751444 0.00681554 0.00604591 
Throughputs: 2.88358 3.39149 3.39149 4.58752 3.93216 3.86662 4.70221 4.21069 2.60506 2.67059 3.08019 3.45702 3.70278 4.01408 2.50675 3.47341 3.3751 2.22822 3.30957 2.49037 4.30899 2.62144 4.65306 2.70336 3.83386 2.29376 3.16211 3.14573 3.5881 3.71917 
Utility: 5.77827 6.0326 6.11268 6.3224 5.81767 6.20993 6.45284 6.34325 5.98199 5.69065 6.24722 6.13272 5.88759 6.27113 5.81256 6.64907 6.65144 5.96134 6.23342 6.29295 6.40523 6.08086 6.64031 5.87854 6.0509 5.93693 6.00545 6.03697 6.26617 6.42187 

--------------------------------------
Time: 36.0057
Split Ratios: 1 0.468 0.532 1 0.094 0.342 0.563 0.224 0.516 0.26 1 1 0.825 0.175 0.739 0.261 0.929 0.071 1 1 0.491 0.509 1 1 1 1 1 0.285 0.715 1 0.627 0.373 1 1 1 1 1 0.854 0.146 1 0.491 0.509 1 
Delays: 0.00901606 0.00825066 0.00746164 0.00811539 0.0118177 0.00771877 0.00739512 0.00742174 0.0064084 0.00876233 0.00603146 0.00747288 0.0101415 0.00767039 0.00747768 0.0044597 0.00437952 0.00575213 0.00645768 0.00456582 0.00705624 0.00612121 0.00609402 0.00753278 0.00894897 0.00605065 0.00782211 0.00745669 0.00674903 0.00596917 
Throughputs: 3.11296 2.99827 3.57171 4.21069 3.83386 3.65363 4.096 4.42368 2.53952 2.49037 3.26042 3.73555 3.75194 4.53837 2.44122 4.17792 3.44064 2.42483 3.67002 2.39206 4.42368 2.75251 4.5056 2.75251 3.65363 2.47398 3.21126 2.85082 3.67002 3.50618 
Utility: 5.84432 5.8955 6.17103 6.25162 5.78203 6.15982 6.31695 6.39031 5.98212 5.64972 6.29262 6.21437 5.91339 6.38296 5.78833 6.84249 6.66647 6.04395 6.34268 6.26131 6.44081 6.10851 6.60577 5.90101 6.01194 6.01342 6.01747 5.94625 6.29855 6.37567 

