--------------------------------------
Time: 5.50001
Split Ratios: 1 1 1 1 1 1 1 0.5 0.5 1 1 1 0.5 0.5 1 1 0.5 0.5 0.5 0.5 1 0.333333 0.333333 0.333333 1 1 
Delays: 0.00577456 0.00868903 0.00433947 0.00434922 0.00576667 0.00580908 0.00429293 0.00801496 0.00580126 0.00573535 0.00727034 0.00586658 0.00723691 0.00859232 0.00792406 0.0101508 0.010066 0.00758825 0.00720444 0.00716858 
Throughputs: 4.30899 2.78528 2.71974 2.85082 3.80109 2.19546 2.53952 3.1785 2.39206 2.50675 3.29318 2.1463 2.06438 2.01523 3.76832 2.34291 2.21184 3.70278 3.57171 2.53952 
Utility: 6.615 5.77004 6.44054 6.48536 6.49095 5.93472 6.38276 5.98285 6.02184 6.08009 6.11581 5.90223 5.65339 5.45762 6.16448 5.4416 5.39241 6.19024 6.2061 5.87002 

--------------------------------------
Time: 6.00015
Split Ratios: 1 1 1 1 1 1 1 0.804 0.196 1 1 1 0.486 0.514 1 1 0.246 0.754 0.632 0.368 1 0.302 0.341 0.358 1 1 
Delays: 0.00578303 0.0087061 0.00436134 0.00437317 0.00581416 0.00581446 0.00429109 0.00755045 0.00582112 0.0057407 0.00722815 0.0057565 0.00730863 0.00858027 0.00925994 0.00981595 0.0100274 0.00761215 0.00723653 0.00717905 
Throughputs: 3.98131 2.80166 2.81805 2.99827 4.24346 2.37568 2.91635 3.1785 2.8672 2.34291 3.3751 2.09715 2.1463 1.72032 3.9977 2.58867 2.09715 3.71917 3.42426 2.44122 
Utility: 6.53444 5.77394 6.47102 6.5303 6.59284 6.01269 6.52155 6.04256 6.1996 6.01157 6.1462 5.89801 5.68245 5.3008 6.06778 5.57489 5.34302 6.19151 6.1595 5.82908 

--------------------------------------
Time: 6.50053
Split Ratios: 1 1 1 1 1 1 1 0.804 0.196 1 1 1 0.486 0.514 1 1 0.246 0.754 0.632 0.368 1 0.302 0.341 0.358 1 1 
Delays: 0.00575308 0.00869636 0.00431517 0.00434354 0.00579575 0.0057862 0.00429436 0.00754617 0.00582083 0.00574014 0.00721316 0.00573897 0.00728547 0.00856674 0.00899793 0.00986246 0.0100777 0.00760532 0.00722082 0.00716434 
Throughputs: 3.98131 2.78528 2.21184 3.24403 3.85024 2.1463 2.67059 2.81805 2.19546 2.53952 3.47341 2.08077 2.22822 1.85139 3.57171 2.58867 2.37568 3.60448 3.47341 2.8672 
Utility: 6.53963 5.7692 6.23944 6.61588 6.49877 5.91603 6.43275 5.92276 5.9327 6.09225 6.17698 5.89321 5.72308 5.37581 5.98381 5.57016 5.46271 6.16108 6.17592 5.99198 

--------------------------------------
Time: 7.00055
Split Ratios: 1 1 1 1 1 1 1 0.804 0.196 1 1 1 0.486 0.514 1 1 0.246 0.754 0.632 0.368 1 0.302 0.341 0.358 1 1 
Delays: 0.00579964 0.0086643 0.00432496 0.00435694 0.00579171 0.00582053 0.004295 0.00756971 0.00579642 0.00573582 0.00721181 0.00560649 0.00729162 0.0085964 0.0091432 0.00962999 0.0100463 0.00739133 0.00719328 0.00716679 
Throughputs: 3.63725 2.80166 2.3593 3.09658 3.85024 2.21184 2.52314 3.22765 2.60506 2.5559 3.26042 2.39206 2.31014 2.11354 3.63725 2.83443 2.27738 3.63725 3.44064 2.63782 
Utility: 6.44119 5.77876 6.30171 6.56628 6.49946 5.94019 6.37581 6.05535 6.10797 6.09943 6.11389 6.05599 5.75834 5.50477 5.98597 5.68471 5.42358 6.19868 6.17027 5.90825 

--------------------------------------
Time: 7.50059
Split Ratios: 1 1 1 1 1 1 1 0.804 0.196 1 1 1 0.486 0.514 1 1 0.246 0.754 0.632 0.368 1 0.302 0.341 0.358 1 1 
Delays: 0.00576505 0.00868715 0.00432907 0.00436159 0.0057729 0.00582746 0.00430952 0.00748275 0.00584628 0.00574753 0.00724944 0.00545445 0.0073351 0.00860816 0.00906385 0.00975989 0.0100313 0.0077079 0.0072327 0.0071465 
Throughputs: 3.80109 2.75251 2.62144 3.09658 3.81747 2.11354 2.7689 2.81805 2.29376 2.57229 3.50618 2.09715 2.19546 1.96608 4.01408 2.47398 2.26099 4.01408 3.55533 2.52314 
Utility: 6.49123 5.75842 6.40613 6.56521 6.49417 5.89354 6.46538 5.9312 5.97214 6.10378 6.18136 5.9519 5.70147 5.43109 6.09327 5.5353 5.41784 6.25532 6.19759 5.86664 

--------------------------------------
Time: 8.00072
Split Ratios: 1 1 1 1 1 1 1 0.804 0.196 1 1 1 0.486 0.514 1 1 0.246 0.754 0.632 0.368 1 0.302 0.341 0.358 1 1 
Delays: 0.00581062 0.00871943 0.00432734 0.00434343 0.0058129 0.00583357 0.00429837 0.00763792 0.00577529 0.00574501 0.00722471 0.00585394 0.00730487 0.00860655 0.00921574 0.00985196 0.0100575 0.00769381 0.00721072 0.00716901 
Throughputs: 3.98131 2.57229 2.58867 2.67059 3.63725 2.4576 2.83443 2.98189 2.49037 2.75251 3.57171 2.31014 2.49037 2.24461 3.89939 2.37568 2.49037 3.53894 3.67002 2.65421 
Utility: 6.52968 5.687 6.39395 6.42139 6.4389 6.04331 6.49136 5.96719 6.0666 6.17194 6.20329 5.97795 5.83164 5.56376 6.04766 5.48537 5.51186 6.13117 6.23238 5.91413 

--------------------------------------
Time: 8.50072
Split Ratios: 1 1 1 1 1 1 1 0.804 0.196 1 1 1 0.486 0.514 1 1 0.246 0.754 0.632 0.368 1 0.302 0.341 0.358 1 1 
Delays: 0.00579105 0.00872208 0.00433062 0.00435898 0.00578262 0.00582355 0.00429397 0.00754349 0.0058093 0.00571255 0.00721983 0.00555293 0.00731486 0.00858496 0.00924023 0.00995065 0.0100128 0.00789882 0.00720354 0.00718975 
Throughputs: 3.89939 2.42483 3.04742 3.39149 3.57171 2.71974 2.70336 3.35872 2.47398 2.39206 3.2768 2.26099 2.40845 1.98246 4.17792 2.32653 1.93331 3.24403 3.34234 3.12934 
Utility: 6.51226 5.62766 6.55634 6.65679 6.42594 6.14638 6.44504 6.09863 6.05413 6.03725 6.11779 6.00923 5.79683 5.44208 6.114 5.45449 5.26313 6.01786 6.13985 6.07592 

--------------------------------------
Time: 9.00073
Split Ratios: 1 1 1 1 1 1 1 0.804 0.196 1 1 1 0.486 0.514 1 1 0.246 0.754 0.632 0.368 1 0.302 0.341 0.358 1 1 
Delays: 0.00579144 0.00871887 0.00432974 0.00434203 0.00580788 0.0058458 0.00430664 0.00752949 0.00583213 0.00572948 0.0072091 0.00581498 0.0072528 0.00858836 0.00891409 0.00969429 0.0100622 0.00778395 0.00722277 0.00719041 
Throughputs: 4.01408 2.5559 2.70336 3.16211 3.86662 2.27738 2.9655 2.94912 2.37568 2.85082 3.35872 2.21184 2.06438 2.09715 3.83386 2.42483 2.52314 3.63725 3.53894 2.9655 
Utility: 6.54118 5.68067 6.43674 6.59065 6.50092 5.96506 6.53464 5.97043 6.00966 6.20974 6.14397 5.94114 5.6512 5.49793 6.06399 5.52198 5.52448 6.14692 6.19435 6.02205 

--------------------------------------
Time: 9.50077
Split Ratios: 1 1 1 1 1 1 1 0.804 0.196 1 1 1 0.486 0.514 1 1 0.246 0.754 0.632 0.368 1 0.302 0.341 0.358 1 1 
Delays: 0.00578025 0.00867005 0.00433005 0.00439517 0.00581722 0.00583192 0.00429461 0.00756069 0.00579158 0.00574318 0.00722211 0.00564689 0.00734103 0.00857667 0.00909509 0.00989416 0.0100483 0.00763614 0.00720541 0.00718525 
Throughputs: 3.71917 2.70336 2.71974 2.91635 3.40787 2.60506 2.60506 3.40787 2.37568 2.42483 3.91578 1.98246 2.03162 2.19546 3.91578 2.31014 1.93331 3.65363 3.5881 2.62144 
Utility: 6.46681 5.74238 6.44271 6.49758 6.37302 6.10186 6.40785 6.11088 6.01663 6.0455 6.29562 5.86099 5.62311 5.5451 6.06503 5.45312 5.25959 6.17058 6.21055 5.89945 

--------------------------------------
Time: 10.0011
Split Ratios: 1 1 1 1 1 1 1 0.804 0.196 1 1 1 0.486 0.514 1 1 0.246 0.754 0.632 0.368 1 0.302 0.341 0.358 1 1 
Delays: 0.0057948 0.00869562 0.00432941 0.00435446 0.0057865 0.00580011 0.00428732 0.00754941 0.00579461 0.0057317 0.0072174 0.00574029 0.0073015 0.0085835 0.00895927 0.00985166 0.0100576 0.00759526 0.00722956 0.00718035 
Throughputs: 3.89939 2.7689 2.44122 2.53952 3.5881 2.29376 2.37568 3.53894 2.39206 2.39206 2.85082 2.50675 2.42483 1.91693 3.6864 2.4576 2.27738 3.60448 3.57171 2.80166 
Utility: 6.51162 5.76338 6.33482 6.36853 6.42985 5.98007 6.31738 6.15011 6.02298 6.0339 5.97887 6.07923 5.80544 5.40864 6.01972 5.5193 5.42245 6.16241 6.20262 5.96662 

--------------------------------------
Time: 10.5012
Split Ratios: 1 1 1 1 1 1 1 0.804 0.196 1 1 1 0.486 0.514 1 1 0.246 0.754 0.632 0.368 1 0.302 0.341 0.358 1 1 
Delays: 0.00583798 0.00869211 0.00431948 0.00436242 0.00578678 0.00583494 0.0042967 0.00759301 0.00579541 0.00572426 0.00725661 0.00557455 0.00731178 0.00859876 0.00895371 0.00982274 0.0100316 0.00755945 0.00718053 0.00721279 
Throughputs: 4.22707 3.12934 2.67059 3.22765 3.73555 2.34291 2.57229 3.16211 2.34291 2.40845 3.35872 1.9497 2.09715 2.048 3.89939 2.58867 2.1463 3.73555 3.71917 2.73613 
Utility: 6.58488 5.88616 6.42692 6.60648 6.47008 5.99529 6.3947 6.03177 6.00208 6.04202 6.1374 5.85722 5.65885 5.473 6.07651 5.5742 5.36576 6.20285 6.24988 5.93844 

--------------------------------------
Time: 11.0014
Split Ratios: 1 1 1 1 1 1 1 0.804 0.196 1 1 1 0.486 0.514 1 1 0.246 0.754 0.632 0.368 1 0.302 0.341 0.358 1 1 
Delays: 0.00578463 0.00869357 0.00435141 0.00436822 0.00577323 0.0058011 0.00430516 0.00749235 0.00579589 0.00571582 0.00718366 0.0057368 0.00732227 0.00857155 0.00946067 0.00982585 0.0100433 0.00783456 0.00727137 0.00717455 
Throughputs: 3.73555 2.4576 2.75251 2.78528 3.86662 2.32653 2.88358 3.14573 2.81805 2.67059 3.30957 2.4576 2.4576 1.58925 3.9977 2.31014 2.4576 4.096 3.96493 3.01466 
Utility: 6.47045 5.64436 6.44977 6.45775 6.50691 5.99408 6.50697 6.03992 6.18665 6.14682 6.13276 6.06004 5.81602 5.22257 6.04633 5.46005 5.50003 6.25922 6.3013 6.0407 

--------------------------------------
Time: 11.5014
Split Ratios: 1 1 1 1 1 1 1 0.804 0.196 1 1 1 0.486 0.514 1 1 0.246 0.754 0.632 0.368 1 0.302 0.341 0.358 1 1 
Delays: 0.00577211 0.00868726 0.0043328 0.00438884 0.00577594 0.00580733 0.00430009 0.00757967 0.00580418 0.00575159 0.00724436 0.00579485 0.00730849 0.00857094 0.00932225 0.00971909 0.0100657 0.00764601 0.0071962 0.00715208 
Throughputs: 3.47341 2.67059 2.37568 3.16211 3.76832 1.9497 2.44122 3.21126 2.37568 2.68698 3.3751 2.24461 1.99885 1.9497 3.98131 2.44122 2.34291 3.91578 3.71917 2.80166 
Utility: 6.39985 5.7282 6.30683 6.57993 6.48068 5.81631 6.34162 6.04895 6.01446 6.1467 6.14396 5.95932 5.61129 5.42705 6.05696 5.52616 5.45001 6.23859 6.2477 5.97057 

--------------------------------------
Time: 12.0017
Split Ratios: 1 1 1 1 1 1 1 0.804 0.196 1 1 1 0.486 0.514 1 1 0.246 0.754 0.632 0.368 1 0.302 0.341 0.358 1 1 
Delays: 0.00579342 0.00871613 0.00435147 0.00433567 0.0057645 0.00582842 0.00428997 0.00759286 0.00576619 0.00573709 0.00724893 0.00609476 0.00728817 0.00858085 0.008966 0.00983494 0.0100102 0.00764122 0.00724199 0.00717903 
Throughputs: 3.75194 2.63782 2.58867 2.7689 4.01408 2.31014 2.73613 3.26042 2.47398 2.89997 3.47341 2.31014 2.06438 1.65478 3.63725 2.26099 2.3593 3.53894 3.76832 2.60506 
Utility: 6.4733 5.71253 6.38839 6.45933 6.54584 5.98232 6.45802 6.0624 6.06157 6.2255 6.17204 5.93764 5.64633 5.26189 6.00554 5.43762 5.46251 6.13803 6.25449 5.89405 

--------------------------------------
Time: 12.5017
Split Ratios: 1 1 1 1 1 1 1 0.804 0.196 1 1 1 0.486 0.514 1 1 0.246 0.754 0.632 0.368 1 0.302 0.341 0.358 1 1 
Delays: 0.00581846 0.00874256 0.00431346 0.00439339 0.00577243 0.00583459 0.00430012 0.00755254 0.00581991 0.00573233 0.00720868 0.00585457 0.00730244 0.00859774 0.00898996 0.00965723 0.0100467 0.00779628 0.00723442 0.00718839 
Throughputs: 3.86662 2.57229 2.4576 2.9655 4.11238 2.42483 2.57229 3.11296 2.70336 2.50675 3.57171 2.19546 2.4576 1.91693 4.25984 2.44122 2.49037 3.7847 3.93216 3.06381 
Utility: 6.4991 5.68435 6.3452 6.5147 6.56867 6.02971 6.39391 6.02145 6.14097 6.08062 6.20551 5.92692 5.81873 5.40698 6.16088 5.53255 5.51294 6.18508 6.29809 6.05495 

--------------------------------------
Time: 13.0019
Split Ratios: 1 1 1 1 1 1 1 0.804 0.196 1 1 1 0.486 0.514 1 1 0.246 0.754 0.632 0.368 1 0.302 0.341 0.358 1 1 
Delays: 0.00581596 0.00869174 0.00431735 0.00438205 0.00578937 0.00584165 0.0043136 0.00756446 0.00579282 0.00574583 0.00721359 0.00569712 0.00730072 0.00862621 0.009119 0.00972212 0.0100632 0.00768145 0.00719157 0.00716728 
Throughputs: 3.76832 2.65421 2.32653 3.16211 3.94854 2.17907 2.99827 3.24403 2.65421 2.17907 3.70278 1.96608 1.7367 1.9497 4.12877 2.11354 2.40845 3.81747 3.30957 2.65421 
Utility: 6.47378 5.72153 6.28949 6.58148 6.52508 5.92164 6.54402 6.06111 6.12728 5.93818 6.24087 5.84384 5.47177 5.42062 6.11537 5.38171 5.47785 6.20853 6.13166 5.91438 

--------------------------------------
Time: 13.502
Split Ratios: 1 1 1 1 1 1 1 0.804 0.196 1 1 1 0.486 0.514 1 1 0.246 0.754 0.632 0.368 1 0.302 0.341 0.358 1 1 
Delays: 0.00576084 0.008717 0.00435505 0.00432202 0.00579068 0.00583779 0.00429171 0.00752711 0.00580958 0.00575167 0.00723502 0.00574839 0.00725843 0.00856557 0.0092198 0.00974104 0.0100407 0.00764421 0.00720502 0.00717301 
Throughputs: 3.83386 2.52314 2.65421 2.67059 3.7847 2.19546 2.71974 3.32595 2.49037 2.65421 3.24403 2.27738 2.22822 1.86778 3.93216 2.60506 2.08077 3.85024 4.04685 2.49037 
Utility: 6.50054 5.66798 6.41257 6.42633 6.48247 5.92979 6.45161 6.091 6.06068 6.13441 6.10564 5.98186 5.7268 5.38475 6.05559 5.58886 5.33384 6.22194 6.33092 5.84986 

--------------------------------------
Time: 14.0021
Split Ratios: 1 1 1 1 1 1 1 0.804 0.196 1 1 1 0.486 0.514 1 1 0.246 0.754 0.632 0.368 1 0.302 0.341 0.358 1 1 
Delays: 0.00578556 0.00871468 0.00435892 0.00440166 0.00576404 0.0058345 0.00429751 0.00759034 0.00581721 0.0057248 0.00721706 0.00582137 0.00731561 0.00859722 0.00922366 0.00972604 0.0100406 0.00773257 0.00722442 0.00718459 
Throughputs: 3.91578 2.27738 2.70336 3.09658 3.40787 2.21184 2.47398 3.11296 2.65421 2.42483 3.2768 2.5559 2.17907 1.96608 4.17792 2.26099 2.52314 3.94854 3.7847 2.63782 
Utility: 6.5174 5.56577 6.43003 6.55607 6.3822 5.93779 6.35555 6.01645 6.12308 6.04871 6.11818 6.08463 5.69664 5.43236 6.1158 5.44875 5.52662 6.23566 6.26126 5.90577 

--------------------------------------
Time: 14.5023
Split Ratios: 1 1 1 1 1 1 1 0.804 0.196 1 1 1 0.486 0.514 1 1 0.246 0.754 0.632 0.368 1 0.302 0.341 0.358 1 1 
Delays: 0.00578929 0.00868148 0.00434724 0.00436397 0.00577217 0.00580398 0.00428629 0.00755026 0.00577582 0.00577378 0.00721977 0.00570991 0.0072837 0.00858312 0.00908999 0.00982097 0.0100313 0.00756274 0.00721176 0.00717811 
Throughputs: 4.04685 2.71974 2.5559 2.94912 3.76832 2.37568 2.42483 2.89997 2.67059 2.78528 3.39149 1.88416 2.12992 2.09715 3.6864 2.29376 2.57229 3.88301 3.7847 2.93274 
Utility: 6.54968 5.7471 6.37662 6.51588 6.48134 6.0145 6.3381 5.95087 6.13638 6.17878 6.1522 5.79903 5.6782 5.49854 6.00523 5.45343 5.54684 6.24113 6.26301 6.01265 

--------------------------------------
Time: 15.0024
Split Ratios: 1 1 1 1 1 1 1 0.804 0.196 1 1 1 0.486 0.514 1 1 0.246 0.754 0.632 0.368 1 0.302 0.341 0.358 1 1 
Delays: 0.0057827 0.00868605 0.00434925 0.00436113 0.00576894 0.00583852 0.00430479 0.00756942 0.00581237 0.00573364 0.00720031 0.00576354 0.00727408 0.00857766 0.00895489 0.00969348 0.0100489 0.00764143 0.00722165 0.0071552 
Throughputs: 3.76832 2.47398 2.75251 2.94912 3.88301 2.31014 2.73613 3.29318 2.44122 2.62144 3.22765 2.29376 2.19546 1.80224 3.53894 2.12992 1.90054 3.52256 3.85024 2.75251 
Utility: 6.47951 5.65187 6.45027 6.51653 6.51188 5.98059 6.45457 6.07549 6.04026 6.12513 6.10538 5.9864 5.70983 5.34762 5.97938 5.39239 5.24243 6.13336 6.27881 5.95243 

--------------------------------------
Time: 15.5024
Split Ratios: 1 1 1 1 1 1 1 0.804 0.196 1 1 1 0.486 0.514 1 1 0.246 0.754 0.632 0.368 1 0.302 0.341 0.358 1 1 
Delays: 0.00578491 0.00868925 0.0043346 0.00438351 0.0057742 0.00581388 0.00428131 0.00763565 0.00580668 0.0057606 0.00729889 0.0059423 0.00732772 0.00858416 0.00904449 0.0100107 0.0100883 0.00761913 0.00717747 0.00716871 
Throughputs: 3.55533 2.75251 2.5559 3.04742 4.04685 2.31014 2.19546 3.45702 2.42483 2.58867 3.53894 2.32653 2.26099 2.09715 3.85024 1.99885 2.47398 3.71917 3.45702 2.7689 
Utility: 6.42095 5.75818 6.37953 6.5442 6.55229 5.98482 6.23989 6.11533 6.03451 6.10786 6.18386 5.97004 5.73189 5.49842 6.05373 5.29667 5.50221 6.19059 6.17722 5.95648 

--------------------------------------
Time: 16.0025
Split Ratios: 1 1 1 1 1 1 1 0.804 0.196 1 1 1 0.486 0.514 1 1 0.246 0.754 0.632 0.368 1 0.302 0.341 0.358 1 1 
Delays: 0.00577795 0.0086968 0.00432583 0.00436468 0.00581421 0.00583138 0.00430698 0.007537 0.00582777 0.00573625 0.007212 0.00577673 0.00729211 0.00860221 0.00869411 0.00996561 0.0100633 0.00777626 0.0072201 0.00716584 
Throughputs: 3.67002 2.93274 2.52314 2.75251 3.88301 2.24461 2.62144 3.1785 2.4576 2.40845 3.6864 2.52314 2.11354 1.76947 4.12877 2.01523 2.47398 4.04685 3.53894 2.67059 
Utility: 6.4539 5.82074 6.36865 6.44672 6.50406 5.95303 6.41124 6.04434 6.04431 6.03993 6.23666 6.07942 5.66933 5.32642 6.16309 5.30935 5.50469 6.25462 6.19472 5.92073 

--------------------------------------
Time: 16.5027
Split Ratios: 1 1 1 1 1 1 1 0.804 0.196 1 1 1 0.486 0.514 1 1 0.246 0.754 0.632 0.368 1 0.302 0.341 0.358 1 1 
Delays: 0.00579336 0.00870373 0.00431978 0.00436807 0.00577003 0.00584828 0.00428364 0.00755809 0.00583412 0.00572299 0.0072394 0.00577878 0.00727596 0.00860957 0.00906598 0.00981834 0.0100936 0.00772759 0.00718093 0.00716083 
Throughputs: 3.71917 2.7689 2.53952 2.88358 3.7847 2.29376 2.50675 3.26042 2.60506 2.53952 3.63725 2.08077 1.86778 2.31014 3.81747 2.42483 2.47398 3.81747 3.5881 2.39206 
Utility: 6.46454 5.76245 6.37653 6.49247 6.48605 5.9718 6.37194 6.06699 6.10149 6.09524 6.21944 5.8863 5.54793 5.59219 6.04281 5.50927 5.50168 6.20255 6.21395 5.81129 

--------------------------------------
Time: 17.0028
Split Ratios: 1 1 1 1 1 1 1 0.804 0.196 1 1 1 0.486 0.514 1 1 0.246 0.754 0.632 0.368 1 0.302 0.341 0.358 1 1 
Delays: 0.00579471 0.00874806 0.0043494 0.00436688 0.0057811 0.0057814 0.00430735 0.00754631 0.00582993 0.00573678 0.00719725 0.00579014 0.00733103 0.00859237 0.00910195 0.00972223 0.0100536 0.00758878 0.00727512 0.00715318 
Throughputs: 3.89939 2.53952 2.7689 2.98189 3.9977 2.048 2.85082 3.1785 2.73613 2.7689 3.42426 2.16269 2.17907 2.06438 3.63725 2.21184 2.34291 3.52256 3.53894 2.73613 
Utility: 6.51163 5.6709 6.45617 6.52626 6.53888 5.86997 6.49504 6.0431 6.15129 6.17931 6.16494 5.92295 5.69454 5.48171 5.99049 5.42717 5.45122 6.14027 6.18712 5.94674 

--------------------------------------
Time: 17.5031
Split Ratios: 1 1 1 1 1 1 1 0.804 0.196 1 1 1 0.486 0.514 1 1 0.246 0.754 0.632 0.368 1 0.302 0.341 0.358 1 1 
Delays: 0.00579745 0.00872676 0.00433123 0.00437907 0.00580296 0.0057777 0.00429766 0.00751064 0.00579111 0.00571939 0.00723753 0.00565233 0.00729696 0.00857456 0.0091301 0.00985001 0.0100708 0.007797 0.0072402 0.00716751 
Throughputs: 3.98131 2.62144 2.42483 3.12934 3.24403 2.27738 2.94912 3.14573 2.67059 2.52314 3.76832 2.048 2.32653 2.01523 3.53894 2.5559 2.42483 3.52256 4.22707 2.44122 
Utility: 6.53195 5.70508 6.32767 6.57174 6.3262 5.97677 6.53119 6.03748 6.13373 6.0894 6.25511 5.89255 5.76467 5.45969 5.96001 5.55869 5.48388 6.1132 6.36962 5.83069 

--------------------------------------
Time: 18.0031
Split Ratios: 1 1 1 1 1 1 1 0.804 0.196 1 1 1 0.486 0.514 1 1 0.246 0.754 0.632 0.368 1 0.302 0.341 0.358 1 1 
Delays: 0.00577386 0.00864657 0.00434283 0.00438819 0.00578092 0.0058102 0.00427967 0.00748662 0.00579279 0.00574016 0.0072441 0.00574544 0.00729788 0.00859328 0.00912163 0.00982829 0.0100568 0.00778422 0.00720279 0.00716482 
Throughputs: 3.83386 2.71974 2.49037 3.12934 3.96493 2.37568 2.27738 3.11296 2.49037 2.81805 3.3751 2.048 2.34291 1.9497 3.93216 2.26099 2.3593 3.75194 3.91578 2.58867 
Utility: 6.49828 5.75113 6.35166 6.56966 6.53068 6.01342 6.2769 6.03021 6.06357 6.19631 6.14399 5.87621 5.77157 5.42445 6.0663 5.43829 5.45787 6.17793 6.2983 5.88972 

--------------------------------------
Time: 18.5032
Split Ratios: 1 1 1 1 1 1 1 0.804 0.196 1 1 1 0.486 0.514 1 1 0.246 0.754 0.632 0.368 1 0.302 0.341 0.358 1 1 
Delays: 0.00576696 0.00870721 0.00431653 0.00436931 0.00577837 0.00578785 0.00429555 0.00758786 0.00581885 0.0057465 0.00724832 0.00543723 0.00729775 0.00858852 0.00906359 0.00967153 0.0100291 0.00748759 0.00721865 0.00717535 
Throughputs: 3.63725 2.78528 2.52314 3.30957 3.65363 2.27738 2.67059 2.7689 2.93274 2.57229 3.34234 1.83501 2.19546 2.08077 3.86662 2.47398 2.11354 3.86662 3.88301 2.83443 
Utility: 6.44684 5.76795 6.37081 6.62997 6.44936 5.97502 6.43248 5.89965 6.22259 6.10396 6.13366 5.82153 5.70658 5.49007 6.05587 5.5444 5.35063 6.24689 6.2877 5.97894 

--------------------------------------
Time: 19.0036
Split Ratios: 1 1 1 1 1 1 1 0.804 0.196 1 1 1 0.486 0.514 1 1 0.246 0.754 0.632 0.368 1 0.302 0.341 0.358 1 1 
Delays: 0.00578017 0.00864407 0.00434222 0.00439971 0.00578954 0.00584317 0.00429376 0.00758212 0.00577983 0.0057407 0.00720597 0.00580018 0.0073115 0.00861941 0.00890374 0.00970451 0.0100709 0.00765577 0.00722715 0.0071812 
Throughputs: 3.48979 2.65421 2.63782 3.04742 4.01408 2.24461 2.53952 3.30957 2.4576 2.62144 3.09658 1.98246 2.09715 2.22822 4.01408 2.21184 2.37568 3.89939 4.1943 2.73613 
Utility: 6.40316 5.72703 6.40932 6.54051 6.54151 5.95101 6.38257 6.07878 6.05257 6.1239 6.06314 5.83421 5.65889 5.55494 6.11109 5.42899 5.46339 6.23312 6.36364 5.94283 

--------------------------------------
Time: 19.5037
Split Ratios: 1 1 1 1 1 1 1 0.804 0.196 1 1 1 0.486 0.514 1 1 0.246 0.754 0.632 0.368 1 0.302 0.341 0.358 1 1 
Delays: 0.00577743 0.00872458 0.00433173 0.00434882 0.00580054 0.00581496 0.00430002 0.00749294 0.00582666 0.00574065 0.00722953 0.00612491 0.00731032 0.00858265 0.00933515 0.0096437 0.010057 0.00741795 0.00722246 0.0071544 
Throughputs: 3.34234 2.5559 2.39206 2.89997 3.9977 2.19546 2.63782 3.16211 2.62144 2.5559 3.45702 2.09715 2.17907 1.80224 4.06323 2.47398 2.09715 4.04685 4.07962 2.65421 
Utility: 6.36047 5.68002 6.31394 6.50255 6.53552 5.93371 6.41909 6.04503 6.10903 6.09859 6.16999 5.83597 5.69737 5.34704 6.07595 5.54728 5.34007 6.30179 6.33656 5.91617 

--------------------------------------
Time: 20.0039
Split Ratios: 1 1 1 1 1 1 1 0.804 0.196 1 1 1 0.486 0.514 1 1 0.246 0.754 0.632 0.368 1 0.302 0.341 0.358 1 1 
Delays: 0.00579737 0.00872546 0.00431474 0.00434983 0.00581327 0.00580241 0.00429532 0.00758531 0.00577788 0.00573941 0.00720631 0.00584312 0.00723934 0.0086095 0.00903129 0.00968219 0.0100639 0.00765002 0.00718977 0.00716784 
Throughputs: 3.83386 2.89997 2.27738 3.1785 4.06323 2.39206 2.99827 3.11296 2.24461 2.71974 3.1785 2.17907 2.03162 2.29376 3.93216 2.50675 2.26099 3.34234 3.53894 2.63782 
Utility: 6.49422 5.80621 6.26874 6.59403 6.54959 6.02164 6.54827 6.01712 5.96225 6.16094 6.08921 5.92139 5.63706 5.58508 6.07625 5.55646 5.4146 6.07972 6.19892 5.9081 

--------------------------------------
Time: 20.504
Split Ratios: 1 1 1 1 1 1 1 0.804 0.196 1 1 1 0.486 0.514 1 1 0.246 0.754 0.632 0.368 1 0.302 0.341 0.358 1 1 
Delays: 0.00578752 0.00868282 0.00433505 0.00435232 0.00579746 0.00580223 0.00429811 0.00767919 0.00581847 0.00576192 0.00724662 0.0056123 0.00730098 0.00859302 0.00912922 0.0097674 0.0100405 0.00760413 0.00718388 0.00716693 
Throughputs: 3.94854 2.62144 2.5559 2.80166 3.75194 2.08077 2.99827 3.08019 2.53952 2.83443 3.45702 1.90054 2.32653 1.67117 3.45702 2.4576 2.03162 4.03046 3.96493 2.65421 
Utility: 6.5254 5.71013 6.37943 6.46726 6.47261 5.88225 6.54761 5.99423 6.07869 6.19833 6.16763 5.82494 5.76412 5.27033 5.93668 5.52789 5.30996 6.27295 6.3134 5.91442 

--------------------------------------
Time: 21.004
Split Ratios: 1 1 1 1 1 1 1 0.804 0.196 1 1 1 0.486 0.514 1 1 0.246 0.754 0.632 0.368 1 0.302 0.341 0.358 1 1 
Delays: 0.00579564 0.00874146 0.00433458 0.00435282 0.00578947 0.00580055 0.00430726 0.00752499 0.0058284 0.00572973 0.00725186 0.00582313 0.00729493 0.00859437 0.00921001 0.00986204 0.0100331 0.00756288 0.00725501 0.00718536 
Throughputs: 4.096 2.75251 2.89997 2.9655 3.6864 2.63782 2.80166 2.83443 2.53952 2.1463 3.55533 2.32653 2.21184 1.86778 3.73555 2.68698 2.65421 3.88301 3.5881 2.70336 
Utility: 6.56066 5.75219 6.50583 6.52398 6.45637 6.11976 6.47767 5.93137 6.07699 5.92583 6.19495 5.99029 5.7144 5.3814 6.00536 5.60748 5.57801 6.24111 6.20369 5.93021 

--------------------------------------
Time: 21.5044
Split Ratios: 1 1 1 1 1 1 1 0.804 0.196 1 1 1 0.486 0.514 1 1 0.246 0.754 0.632 0.368 1 0.302 0.341 0.358 1 1 
Delays: 0.00582814 0.0087195 0.00432937 0.00433188 0.00578827 0.00583077 0.00429343 0.00756393 0.00579482 0.00575344 0.0072794 0.00552032 0.00730274 0.00858196 0.00890372 0.00981794 0.0100695 0.00764596 0.00722152 0.00720239 
Throughputs: 3.96493 2.65421 2.29376 2.9655 3.70278 2.42483 2.22822 3.22765 2.52314 2.65421 3.40787 2.03162 2.32653 2.09715 4.17792 2.60506 2.47398 3.7847 3.89939 3.26042 
Utility: 6.52255 5.71834 6.27253 6.5288 6.46101 6.03037 6.25187 6.05612 6.07629 6.1341 6.1488 5.90815 5.76388 5.49867 6.1511 5.581 5.50407 6.20455 6.29151 6.1152 

--------------------------------------
Time: 22.0046
Split Ratios: 1 1 1 1 1 1 1 0.804 0.196 1 1 1 0.486 0.514 1 1 0.246 0.754 0.632 0.368 1 0.302 0.341 0.358 1 1 
Delays: 0.00581454 0.00871642 0.00432758 0.0043686 0.00576876 0.00581404 0.00430597 0.00760152 0.00579658 0.00572413 0.00726046 0.00573176 0.00729583 0.00856652 0.00914074 0.00977824 0.0100679 0.00752996 0.00719808 0.00717147 
Throughputs: 3.94854 2.52314 2.68698 3.26042 3.63725 2.63782 2.70336 3.34234 2.44122 2.70336 3.35872 2.1463 2.32653 1.85139 3.63725 2.80166 2.37568 4.07962 3.52256 2.5559 
Utility: 6.52074 5.66805 6.43116 6.61517 6.44653 6.11743 6.44225 6.08608 6.04298 6.15756 6.13687 5.92548 5.76483 5.37583 5.98624 5.65781 5.46369 6.29487 6.19313 5.87605 

--------------------------------------
Time: 22.5047
Split Ratios: 1 1 1 1 1 1 1 0.804 0.196 1 1 1 0.486 0.514 1 1 0.246 0.754 0.632 0.368 1 0.302 0.341 0.358 1 1 
Delays: 0.00577638 0.00872947 0.00433778 0.00438539 0.00583207 0.00581351 0.00430157 0.00752723 0.0058304 0.00575235 0.00720051 0.00578729 0.00724541 0.00857856 0.00901721 0.00985829 0.0100273 0.00769591 0.00721295 0.00717513 
Throughputs: 3.9977 2.71974 2.52314 3.22765 3.93216 2.22822 2.78528 3.3751 2.7689 2.32653 3.21126 2.24461 2.27738 1.90054 4.06323 2.83443 2.5559 3.60448 3.65363 2.81805 
Utility: 6.5397 5.74159 6.36589 6.60123 6.51357 5.94877 6.47312 6.10565 6.16312 6.00252 6.10027 5.96062 5.75041 5.40063 6.1106 5.66128 5.54085 6.14924 6.2276 5.97318 

--------------------------------------
Time: 23.0049
Split Ratios: 1 1 1 1 1 1 1 0.804 0.196 1 1 1 0.486 0.514 1 1 0.246 0.754 0.632 0.368 1 0.302 0.341 0.358 1 1 
Delays: 0.00581169 0.00871308 0.00434922 0.00435869 0.00579642 0.00583247 0.00430134 0.00757865 0.00582557 0.00573665 0.00718769 0.00569953 0.00725874 0.00858658 0.00928598 0.00983209 0.0100915 0.00778747 0.00719178 0.0071789 
Throughputs: 3.93216 2.85082 2.75251 2.63782 4.06323 2.1463 2.57229 2.67059 2.65421 2.67059 3.19488 2.12992 2.1463 1.88416 3.42426 2.26099 2.32653 3.81747 3.48979 2.68698 
Utility: 6.51707 5.79054 6.45027 6.40554 6.55249 5.90806 6.39363 5.86472 6.12165 6.14318 6.09694 5.92346 5.6893 5.39104 5.91013 5.43791 5.44043 6.19483 6.18466 5.92503 

--------------------------------------
Time: 23.5049
Split Ratios: 1 1 1 1 1 1 1 0.804 0.196 1 1 1 0.486 0.514 1 1 0.246 0.754 0.632 0.368 1 0.302 0.341 0.358 1 1 
Delays: 0.00577802 0.00873573 0.00433173 0.00438725 0.00578642 0.00581359 0.00430048 0.0075144 0.00581148 0.00575165 0.00725273 0.00572293 0.00729402 0.00860539 0.00908695 0.00989483 0.0100399 0.0077661 0.00719929 0.00719295 
Throughputs: 3.45702 2.81805 2.34291 2.83443 3.81747 2.22822 2.75251 3.08019 2.57229 2.63782 3.32595 2.11354 2.26099 1.76947 3.63725 2.62144 2.52314 3.98131 3.94854 2.81805 
Utility: 6.3941 5.77638 6.29318 6.47089 6.49183 5.94876 6.46154 6.01593 6.09272 6.12822 6.12813 5.91164 5.7365 5.32605 5.99214 5.57947 5.52669 6.2396 6.30712 5.9707 

--------------------------------------
Time: 24.0051
Split Ratios: 1 1 1 1 1 1 1 0.804 0.196 1 1 1 0.486 0.514 1 1 0.246 0.754 0.632 0.368 1 0.302 0.341 0.358 1 1 
Delays: 0.00581149 0.00869536 0.00434065 0.00440556 0.00578855 0.00581793 0.00429618 0.007576 0.00584356 0.00575352 0.00722548 0.005724 0.00733775 0.00859148 0.00893958 0.00983719 0.0100628 0.00748514 0.00725593 0.0071766 
Throughputs: 3.75194 2.3593 2.52314 3.48979 3.5881 2.26099 2.5559 3.35872 2.63782 2.80166 2.99827 2.65421 2.39206 1.68755 3.83386 2.5559 2.17907 3.67002 3.86662 2.47398 
Utility: 6.47019 5.60333 6.36523 6.67473 6.42949 5.96261 6.38844 6.09433 6.11237 6.18816 6.02818 6.13923 5.78688 5.28026 6.06114 5.55999 5.37781 6.19503 6.27832 5.84276 

--------------------------------------
Time: 24.5053
Split Ratios: 1 1 1 1 1 1 1 0.804 0.196 1 1 1 0.486 0.514 1 1 0.246 0.754 0.632 0.368 1 0.302 0.341 0.358 1 1 
Delays: 0.00577026 0.00872839 0.00434809 0.00433947 0.00580011 0.00587138 0.00429607 0.00754945 0.00578099 0.0057441 0.0072135 0.00574691 0.00728117 0.00858357 0.00919776 0.00978445 0.0100253 0.00768913 0.00719146 0.0071815 
Throughputs: 3.73555 2.75251 2.34291 2.94912 3.85024 2.3593 2.63782 3.65363 2.34291 2.58867 3.35872 2.03162 2.19546 1.86778 4.22707 2.58867 2.39206 4.1943 3.57171 2.60506 
Utility: 6.47293 5.75369 6.28941 6.52151 6.49801 5.99603 6.42001 6.182 6.00457 6.11073 6.14336 5.86792 5.70885 5.38265 6.1303 5.57811 5.4748 6.30168 6.20791 5.8937 

--------------------------------------
Time: 25.0054
Split Ratios: 1 1 1 1 1 1 1 0.804 0.196 1 1 1 0.486 0.514 1 1 0.246 0.754 0.632 0.368 1 0.302 0.341 0.358 1 1 
Delays: 0.00578902 0.0086952 0.00435158 0.00436961 0.00578362 0.00582119 0.00429412 0.00750331 0.00580942 0.00574707 0.00726688 0.0058372 0.00731183 0.00859257 0.00910655 0.00990486 0.010027 0.00775609 0.00720957 0.00718363 
Throughputs: 4.27622 2.7689 2.65421 2.94912 3.75194 2.24461 2.94912 3.08019 2.21184 2.75251 3.52256 2.40845 2.42483 1.96608 3.86662 2.40845 2.17907 3.6864 3.67002 2.65421 
Utility: 6.60486 5.76343 6.41336 6.51459 6.475 5.95478 6.53201 6.0174 5.9421 6.17158 6.18362 6.02249 5.80402 5.4329 6.05114 5.49371 5.38138 6.16393 6.23254 5.9121 

--------------------------------------
Time: 25.5054
Split Ratios: 1 1 1 1 1 1 1 0.804 0.196 1 1 1 0.486 0.514 1 1 0.246 0.754 0.632 0.368 1 0.302 0.341 0.358 1 1 
Delays: 0.00577807 0.00870618 0.00434162 0.00436243 0.00581469 0.00585302 0.00430726 0.00758597 0.0057828 0.00572096 0.00723382 0.0057663 0.00723588 0.00861259 0.00913522 0.0100151 0.0100704 0.00758775 0.00716517 0.00716595 
Throughputs: 3.85024 2.60506 2.7689 3.11296 3.73555 2.34291 2.63782 3.57171 2.83443 2.34291 3.47341 2.17907 1.93331 2.06438 3.88301 2.26099 2.22822 3.62086 3.40787 2.5559 
Utility: 6.50182 5.70118 6.45796 6.5703 6.46526 5.99219 6.41741 6.1545 6.19471 6.01501 6.17412 5.93462 5.58794 5.47936 6.05223 5.41946 5.39936 6.16793 6.16461 5.87682 

--------------------------------------
Time: 26.0055
Split Ratios: 1 1 1 1 1 1 1 0.804 0.196 1 1 1 0.486 0.514 1 1 0.246 0.754 0.632 0.368 1 0.302 0.341 0.358 1 1 
Delays: 0.00577473 0.00868937 0.0043355 0.00436813 0.00579702 0.00577899 0.00428358 0.0075167 0.00580068 0.00574072 0.00724205 0.0059498 0.00727095 0.00859789 0.00898993 0.00992996 0.0100306 0.00762777 0.0072193 0.00717519 
Throughputs: 3.47341 2.98189 2.4576 2.81805 3.94854 2.29376 2.53952 3.09658 2.37568 2.94912 3.44064 2.19546 2.09715 1.91693 3.44064 2.44122 2.42483 3.67002 3.63725 2.73613 
Utility: 6.3994 5.83821 6.3401 6.46946 6.52376 5.98372 6.38494 6.02092 6.01506 6.24168 6.16351 5.91079 5.66445 5.40696 5.94731 5.50469 5.48788 6.17616 6.22222 5.94367 

--------------------------------------
Time: 26.5056
Split Ratios: 1 1 1 1 1 1 1 0.804 0.196 1 1 1 0.486 0.514 1 1 0.246 0.754 0.632 0.368 1 0.302 0.341 0.358 1 1 
Delays: 0.00581849 0.00871911 0.0043312 0.00436859 0.00578564 0.00581383 0.00429668 0.00747788 0.00585952 0.00572933 0.00724504 0.00578931 0.00733182 0.00857879 0.009174 0.00988027 0.0100721 0.0078855 0.00719721 0.00720598 
Throughputs: 4.096 3.08019 2.58867 2.91635 3.52256 2.24461 2.73613 3.24403 2.29376 2.4576 3.16211 2.32653 2.34291 1.90054 3.96493 2.58867 2.26099 3.83386 3.85024 2.70336 
Utility: 6.55673 5.86723 6.39306 6.50365 6.41156 5.95605 6.45646 6.07262 5.96988 6.06134 6.07868 5.99612 5.76693 5.4006 6.06887 5.56836 5.41379 6.1866 6.2822 5.92734 

--------------------------------------
Time: 27.0057
Split Ratios: 1 1 1 1 1 1 1 0.804 0.196 1 1 1 0.486 0.514 1 1 0.246 0.754 0.632 0.368 1 0.302 0.341 0.358 1 1 
Delays: 0.00580291 0.00870415 0.00433763 0.0043519 0.00575738 0.00581197 0.004288 0.00750611 0.00579533 0.00572817 0.00723577 0.00564211 0.00725832 0.00857448 0.00913074 0.00957185 0.0100438 0.00758645 0.00719578 0.00716351 
Throughputs: 4.1943 2.7689 2.3593 2.80166 3.7847 2.24461 2.4576 3.14573 2.60506 2.57229 3.60448 1.91693 2.37568 1.83501 3.40787 2.22822 2.21184 3.52256 3.62086 2.63782 
Utility: 6.58312 5.7624 6.29879 6.46736 6.48824 5.95637 6.35112 6.03808 6.10816 6.10716 6.2109 5.82822 5.79089 5.36601 5.9222 5.45013 5.39462 6.14058 6.22097 5.90871 

--------------------------------------
Time: 27.5059
Split Ratios: 1 1 1 1 1 1 1 0.804 0.196 1 1 1 0.486 0.514 1 1 0.246 0.754 0.632 0.368 1 0.302 0.341 0.358 1 1 
Delays: 0.00576773 0.00868296 0.00433866 0.00437307 0.00577778 0.00577676 0.00429318 0.00744752 0.00579407 0.00574356 0.00720072 0.00568549 0.0072916 0.0085727 0.00914267 0.0097236 0.0100199 0.00775668 0.00721048 0.00715975 
Throughputs: 3.65363 2.50675 2.68698 2.88358 3.71917 2.08077 2.49037 3.04742 2.50675 2.29376 3.44064 2.32653 2.42483 1.50733 4.096 2.21184 2.01523 3.83386 3.53894 2.58867 
Utility: 6.4512 5.66538 6.42861 6.49132 6.46724 5.88665 6.36316 6.01417 6.06991 5.98987 6.16923 6.01422 5.80679 5.16951 6.10481 5.42702 5.30391 6.20307 6.19605 5.89043 

--------------------------------------
Time: 28.006
Split Ratios: 1 1 1 1 1 1 1 0.804 0.196 1 1 1 0.486 0.514 1 1 0.246 0.754 0.632 0.368 1 0.302 0.341 0.358 1 1 
Delays: 0.00579092 0.00875548 0.00434143 0.00437146 0.00579532 0.00581803 0.00428775 0.00755275 0.00580473 0.00571334 0.00725094 0.00586783 0.00729742 0.00856616 0.00917312 0.00978832 0.0100244 0.00765771 0.00722904 0.00719822 
Throughputs: 3.98131 2.89997 2.24461 2.73613 3.67002 2.62144 2.63782 3.65363 2.81805 2.5559 3.53894 2.31014 2.52314 1.91693 4.34176 2.65421 2.16269 3.81747 3.88301 2.63782 
Utility: 6.53308 5.80278 6.24808 6.4392 6.4509 6.11052 6.42195 6.18156 6.18513 6.10336 6.19045 5.97558 5.84574 5.41066 6.15976 5.60271 5.37408 6.21163 6.28626 5.90388 

--------------------------------------
Time: 28.506
Split Ratios: 1 1 1 1 1 1 1 0.804 0.196 1 1 1 0.486 0.514 1 1 0.246 0.754 0.632 0.368 1 0.302 0.341 0.358 1 1 
Delays: 0.00581992 0.00870709 0.00431373 0.00435116 0.00583343 0.00579924 0.00429635 0.00753878 0.00577667 0.00573659 0.00723242 0.00551023 0.00727694 0.00856467 0.00895084 0.00968806 0.0100264 0.00770332 0.00722567 0.0071404 
Throughputs: 3.93216 2.7689 2.3593 3.03104 4.11238 2.39206 2.83443 3.21126 2.60506 2.53952 3.57171 2.11354 2.12992 1.72032 3.55533 2.34291 2.37568 3.67002 3.98131 2.49037 
Utility: 6.51566 5.76207 6.30432 6.54622 6.55815 6.02219 6.49183 6.05436 6.11138 6.09286 6.20223 5.94951 5.67913 5.30262 5.98445 5.48826 5.46781 6.1663 6.31173 5.85442 

--------------------------------------
Time: 29.0061
Split Ratios: 1 1 1 1 1 1 1 0.804 0.196 1 1 1 0.486 0.514 1 1 0.246 0.754 0.632 0.368 1 0.302 0.341 0.358 1 1 
Delays: 0.00579893 0.00866578 0.00432111 0.00437153 0.00577492 0.00583763 0.0043094 0.00761405 0.00580001 0.00577368 0.00726506 0.00576594 0.00729808 0.00857635 0.0090911 0.00985903 0.0100489 0.00763645 0.0072034 0.00722085 
Throughputs: 4.03046 2.62144 2.62144 3.1785 3.53894 2.21184 2.83443 3.22765 2.80166 2.80166 3.71917 2.24461 2.19546 2.11354 3.89939 2.27738 2.1463 3.6864 3.52256 2.52314 
Utility: 6.54396 5.7121 6.40797 6.58905 6.41806 5.93726 6.4888 6.04951 6.18011 6.18466 6.23818 5.96432 5.70653 5.50711 6.06128 5.44239 5.36404 6.17947 6.19239 5.85628 

--------------------------------------
Time: 29.5062
Split Ratios: 1 1 1 1 1 1 1 0.804 0.196 1 1 1 0.486 0.514 1 1 0.246 0.754 0.632 0.368 1 0.302 0.341 0.358 1 1 
Delays: 0.00576613 0.00865167 0.00431591 0.00435906 0.00578079 0.00580958 0.00429224 0.00757466 0.00575934 0.0057342 0.00725573 0.00561134 0.00732307 0.00857841 0.00910458 0.00983419 0.0100497 0.00745283 0.0071949 0.00718144 
Throughputs: 3.45702 2.37568 2.26099 3.08019 3.89939 2.4576 2.78528 3.40787 2.39206 2.65421 3.65363 2.34291 2.11354 1.86778 3.76832 2.40845 2.01523 4.17792 3.85024 2.85082 
Utility: 6.39616 5.61529 6.26125 6.56049 6.51404 6.04743 6.47529 6.10904 6.02909 6.13745 6.22169 6.03436 5.66509 5.38325 6.02561 5.50087 5.30095 6.32897 6.28252 5.98386 

--------------------------------------
Time: 30.0062
Split Ratios: 1 1 1 1 1 1 1 0.804 0.196 1 1 1 0.486 0.514 1 1 0.246 0.754 0.632 0.368 1 0.302 0.341 0.358 1 1 
Delays: 0.0057575 0.00870561 0.00432956 0.00441294 0.00577733 0.00583165 0.00432762 0.00753216 0.00578885 0.00574791 0.00721496 0.00565551 0.0073231 0.00859435 0.00912759 0.00978799 0.0100231 0.00791437 0.00722613 0.0071705 
Throughputs: 3.52256 2.47398 2.53952 2.93274 3.88301 2.75251 2.78528 3.06381 2.49037 2.71974 3.57171 2.34291 2.26099 2.26099 3.88301 2.40845 2.27738 3.94854 4.14515 2.4576 
Utility: 6.41644 5.64962 6.37426 6.49915 6.51042 6.15697 6.46709 6.00823 6.06425 6.15946 6.20464 6.02652 5.73253 5.57245 6.05306 5.50558 5.42589 6.21242 6.35199 5.83696 

--------------------------------------
Time: 30.5062
Split Ratios: 1 1 1 1 1 1 1 0.804 0.196 1 1 1 0.486 0.514 1 1 0.246 0.754 0.632 0.368 1 0.302 0.341 0.358 1 1 
Delays: 0.0057796 0.0086709 0.00435108 0.00437765 0.0057512 0.00583246 0.00429721 0.00756308 0.00579367 0.00574034 0.00728084 0.00566911 0.00734162 0.00857915 0.00900757 0.00991348 0.0100154 0.00774365 0.00720131 0.00715514 
Throughputs: 3.96493 2.62144 2.65421 3.14573 3.57171 2.67059 2.7689 3.1785 2.42483 2.73613 3.39149 2.26099 2.24461 1.98246 3.71917 2.40845 2.26099 4.14515 3.93216 2.37568 
Utility: 6.53091 5.71151 6.41348 6.57729 6.43139 6.12662 6.46824 6.04089 6.03675 6.16678 6.14378 5.98853 5.72273 5.44276 6.02319 5.49284 5.41944 6.28282 6.30268 5.80521 

--------------------------------------
Time: 31.0063
Split Ratios: 1 1 1 1 1 1 1 0.804 0.196 1 1 1 0.486 0.514 1 1 0.246 0.754 0.632 0.368 1 0.302 0.341 0.358 1 1 
Delays: 0.00578653 0.00871143 0.00431473 0.00436609 0.0057889 0.00579875 0.00430747 0.00754145 0.00577818 0.00574828 0.00723384 0.00582442 0.00724733 0.00858707 0.00883813 0.00991549 0.0100882 0.00745806 0.00723029 0.0071785 
Throughputs: 3.53894 2.78528 2.37568 2.99827 3.67002 2.3593 2.78528 3.19488 2.57229 2.17907 3.63725 2.3593 1.99885 1.80224 3.6864 2.63782 2.3593 3.73555 3.73555 2.53952 
Utility: 6.41605 5.76747 6.311 6.53192 6.45201 6.00848 6.47175 6.04889 6.09846 5.93775 6.22021 6.00406 5.61969 5.34653 6.03333 5.58361 5.45475 6.21636 6.24737 5.86864 

--------------------------------------
Time: 31.5065
Split Ratios: 1 1 1 1 1 1 1 0.804 0.196 1 1 1 0.486 0.514 1 1 0.246 0.754 0.632 0.368 1 0.302 0.341 0.358 1 1 
Delays: 0.00580503 0.00869683 0.00436413 0.00436787 0.00578334 0.00582591 0.00430149 0.00750621 0.00580889 0.00573028 0.00718912 0.00563342 0.00729567 0.00858325 0.00901973 0.0100089 0.0100489 0.00757092 0.00721582 0.00717185 
Throughputs: 3.45702 2.75251 2.62144 3.06381 3.91578 2.52314 2.34291 2.9655 2.71974 2.21184 3.44064 1.91693 2.1463 1.78586 3.47341 2.39206 1.90054 3.53894 4.22707 2.98189 
Utility: 6.38944 5.75731 6.39806 6.55314 6.51779 6.07094 6.30019 5.97907 6.1489 5.95582 6.17084 5.82976 5.68422 5.33784 5.95348 5.47644 5.24243 6.14727 6.37299 6.03015 

--------------------------------------
Time: 32.0068
Split Ratios: 1 1 1 1 1 1 1 0.804 0.196 1 1 1 0.486 0.514 1 1 0.246 0.754 0.632 0.368 1 0.302 0.341 0.358 1 1 
Delays: 0.00575839 0.00869574 0.00435071 0.00435414 0.00577251 0.00583815 0.00429096 0.00758047 0.00583226 0.00573566 0.00723868 0.00582873 0.00732318 0.00859501 0.00912871 0.00984725 0.0100343 0.00766861 0.00718162 0.00715826 
Throughputs: 3.57171 2.50675 2.63782 3.2768 3.83386 2.5559 2.73613 3.24403 2.40845 2.37568 3.53894 2.47398 2.31014 1.76947 3.83386 2.32653 2.29376 3.71917 3.57171 2.67059 
Utility: 6.43014 5.66391 6.40737 6.6235 6.49852 6.08175 6.45779 6.059 6.02333 6.02634 6.19214 6.05079 5.75402 5.32725 6.0402 5.46494 5.43194 6.18412 6.20927 5.92179 

--------------------------------------
Time: 32.5068
Split Ratios: 1 1 1 1 1 1 1 0.804 0.196 1 1 1 0.486 0.514 1 1 0.246 0.754 0.632 0.368 1 0.302 0.341 0.358 1 1 
Delays: 0.00578822 0.00867139 0.0043097 0.00433716 0.00576872 0.00583955 0.00428557 0.00761841 0.00577679 0.00574093 0.00720732 0.00557979 0.00731404 0.0086052 0.00911527 0.00993871 0.0100757 0.00768903 0.00721482 0.00718139 
Throughputs: 3.70278 2.57229 2.62144 3.06381 3.81747 2.048 2.91635 3.03104 2.4576 2.3593 3.09658 2.40845 2.34291 2.37568 3.89939 2.17907 2.21184 4.12877 3.29318 2.4576 
Utility: 6.46102 5.69252 6.41061 6.56019 6.49489 5.85996 6.52284 5.98609 6.05309 6.0185 6.06295 6.06759 5.76935 5.62067 6.05863 5.39022 5.39145 6.28594 6.12347 5.83545 

--------------------------------------
Time: 33.0068
Split Ratios: 1 1 1 1 1 1 1 0.804 0.196 1 1 1 0.486 0.514 1 1 0.246 0.754 0.632 0.368 1 0.302 0.341 0.358 1 1 
Delays: 0.00579719 0.00869725 0.00432064 0.00437108 0.00577175 0.00582317 0.00428818 0.00755085 0.00581975 0.00571931 0.00719425 0.0055905 0.00729736 0.0085791 0.00905747 0.00969474 0.0100559 0.00771117 0.00720306 0.00715948 
Throughputs: 4.04685 2.5559 2.4576 2.9655 3.26042 2.16269 2.67059 2.94912 2.58867 2.57229 3.12934 2.03162 2.44122 1.75309 4.12877 2.26099 2.26099 3.85024 3.47341 2.70336 
Utility: 6.54832 5.68315 6.34354 6.51979 6.33663 5.91726 6.43419 5.9676 6.09764 6.1087 6.0753 5.89552 5.81274 5.3198 6.12214 5.45198 5.4154 6.21322 6.17839 5.93381 

--------------------------------------
Time: 33.5073
Split Ratios: 1 1 1 1 1 1 1 0.804 0.196 1 1 1 0.486 0.514 1 1 0.246 0.754 0.632 0.368 1 0.302 0.341 0.358 1 1 
Delays: 0.00578713 0.00868979 0.00435147 0.0043512 0.00580612 0.00580107 0.00429794 0.00758699 0.00579208 0.0057608 0.00723804 0.00582952 0.00725938 0.00858943 0.00921349 0.00984213 0.0100329 0.00750589 0.0072093 0.00716061 
Throughputs: 3.60448 2.53952 2.42483 3.21126 3.65363 1.96608 2.8672 3.52256 2.40845 2.85082 3.71917 2.22822 2.11354 1.91693 3.65363 2.58867 2.21184 3.83386 3.52256 2.60506 
Utility: 6.4343 5.67758 6.323 6.60397 6.44457 5.82575 6.50296 6.14051 6.03025 6.20428 6.2419 5.94603 5.67382 5.40795 5.98281 5.57223 5.39571 6.23594 6.19157 5.89661 

--------------------------------------
Time: 34.0074
Split Ratios: 1 1 1 1 1 1 1 0.804 0.196 1 1 1 0.486 0.514 1 1 0.246 0.754 0.632 0.368 1 0.302 0.341 0.358 1 1 
Delays: 0.00579404 0.00869811 0.00432721 0.00438147 0.00577393 0.00582149 0.00429817 0.00753733 0.0057949 0.00574682 0.00722257 0.00588977 0.00732388 0.00854904 0.00902517 0.00980541 0.0100436 0.00779894 0.00719863 0.00715997 
Throughputs: 3.57171 2.63782 2.63782 2.70336 3.83386 2.53952 2.53952 3.39149 2.34291 2.34291 3.39149 2.1463 2.17907 1.81862 3.60448 2.24461 2.16269 3.67002 3.6864 2.49037 
Utility: 6.42397 5.7146 6.41279 6.42487 6.49827 6.07817 6.38154 6.10916 6.00217 6.0105 6.15181 5.89829 5.69551 5.36002 5.98992 5.43335 5.37217 6.15396 6.23851 5.85168 

--------------------------------------
Time: 34.5075
Split Ratios: 1 1 1 1 1 1 1 0.804 0.196 1 1 1 0.486 0.514 1 1 0.246 0.754 0.632 0.368 1 0.302 0.341 0.358 1 1 
Delays: 0.00578039 0.0087579 0.0043242 0.00439336 0.00576681 0.00582848 0.00429152 0.00753214 0.00578463 0.00576797 0.00723803 0.00578199 0.00739139 0.00857315 0.009101 0.00962255 0.0100695 0.00759951 0.0071963 0.00717148 
Throughputs: 3.26042 2.78528 2.81805 3.22765 3.73555 2.34291 2.68698 2.73613 2.37568 2.85082 3.60448 2.048 2.03162 1.72032 3.9977 2.17907 2.47398 4.096 4.03046 2.40845 
Utility: 6.33514 5.76215 6.47957 6.59941 6.47353 5.99639 6.43953 5.89512 6.01783 6.20304 6.21058 5.86987 5.61627 5.30163 6.08509 5.42254 5.50407 6.28968 6.32807 5.81663 

--------------------------------------
Time: 35.0075
Split Ratios: 1 1 1 1 1 1 1 0.804 0.196 1 1 1 0.486 0.514 1 1 0.246 0.754 0.632 0.368 1 0.302 0.341 0.358 1 1 
Delays: 0.00579553 0.00870236 0.00435908 0.00438411 0.00578156 0.00580621 0.0042981 0.00751686 0.00580058 0.00572716 0.00721297 0.00589107 0.00730545 0.00859381 0.00902783 0.00966052 0.0100542 0.00764954 0.00722253 0.00718172 
Throughputs: 4.25984 2.71974 2.67059 3.21126 4.1943 2.27738 2.83443 2.80166 2.19546 2.60506 3.14573 2.24461 2.58867 2.01523 4.12877 2.19546 2.1463 3.83386 4.1943 2.94912 
Utility: 6.5999 5.7447 6.41779 6.59643 6.58681 5.97185 6.49142 5.92082 5.93619 6.11999 6.07792 5.94285 5.87028 5.45745 6.12542 5.4261 5.36351 6.21698 6.36428 6.01772 

--------------------------------------
Time: 35.508
Split Ratios: 1 1 1 1 1 1 1 0.804 0.196 1 1 1 0.486 0.514 1 1 0.246 0.754 0.632 0.368 1 0.302 0.341 0.358 1 1 
Delays: 0.00581318 0.00872194 0.00433818 0.00437389 0.00583587 0.00577895 0.00430172 0.00771315 0.00582661 0.00572912 0.00726174 0.00581801 0.00728745 0.00858684 0.0090452 0.00969168 0.0100484 0.00753769 0.00722911 0.00718016 
Throughputs: 4.12877 2.60506 2.80166 3.45702 4.22707 2.44122 2.7689 3.45702 2.31014 2.68698 3.16211 2.22822 2.24461 1.91693 3.70278 2.32653 2.16269 3.88301 3.73555 2.19546 
Utility: 6.56561 5.69937 6.47051 6.67251 6.58524 6.04603 6.46719 6.10524 5.98263 6.15061 6.07638 5.948 5.73013 5.40825 6.01461 5.48086 5.3717 6.24445 6.24754 5.72282 

--------------------------------------
Time: 36.0082
Split Ratios: 1 1 1 1 1 1 1 0.804 0.196 1 1 1 0.486 0.514 1 1 0.246 0.754 0.632 0.368 1 0.302 0.341 0.358 1 1 
Delays: 0.00580269 0.00869545 0.00433946 0.00439089 0.0057707 0.00588689 0.0042949 0.00758276 0.00582237 0.00575619 0.00719099 0.0057269 0.00734305 0.00863555 0.0089449 0.00965306 0.0100678 0.00804992 0.00722277 0.00721219 
Throughputs: 4.39091 2.78528 2.53952 3.3751 4.03046 2.37568 2.8672 3.50618 2.62144 2.39206 3.39149 2.22822 2.44122 2.11354 3.47341 2.26099 2.26099 3.50618 3.50618 2.73613 
Utility: 6.62897 5.7693 6.37198 6.64465 6.54884 6.00031 6.50366 6.1364 6.10977 6.02964 6.1562 5.96379 5.8065 5.50023 5.96181 5.45628 5.41422 6.07662 6.18504 5.93853 

