--------------------------------------
Time: 5.50017
Split Ratios: 1 1 0.5 0.5 1 0.5 0.5 1 0.5 0.5 1 1 1 0.333333 0.333333 0.333333 1 1 0.5 0.5 1 1 0.5 0.5 1 1 1 0.5 0.5 1 1 1 1 1 1 1 0.5 0.5 0.5 0.5 
Delays: 0.00752997 0.00751897 0.00936795 0.00767816 0.0104142 0.00759231 0.00968615 0.0113409 0.00938273 0.00751552 0.00835794 0.00930836 0.0077328 0.012385 0.00938091 0.00771002 0.00761095 0.00579898 0.011492 0.00754812 0.0083871 0.00569985 0.00938055 0.0152934 0.00767 0.00766236 0.00574712 0.00773152 0.00965429 0.0103842 
Throughputs: 0.950272 0.770048 0.57344 0.622592 0.802816 0.851968 0.73728 0.507904 0.671744 0.65536 0.851968 0.458752 0.704512 0.65536 0.884736 0.802816 0.638976 0.802816 0.753664 0.507904 0.851968 0.671744 0.671744 0.720896 0.704512 0.786432 0.8192 0.835584 0.622592 0.8192 
Utility: 4.83786 4.62902 4.11436 4.39551 4.34495 4.72041 4.33227 3.80188 4.27101 4.46822 4.62434 3.8976 4.51203 3.9687 4.54661 4.64561 4.43028 4.93044 4.1833 4.20899 4.62085 4.76944 4.27124 3.85308 4.52019 4.63119 4.95963 4.68283 4.16649 4.36804 

--------------------------------------
Time: 6.0002
Split Ratios: 1 1 0.694 0.306 1 0.858 0.142 1 0.576 0.424 1 1 1 0.482 0.437 0.081 1 1 0.016 0.984 1 1 0.234 0.766 1 1 1 0.63 0.37 1 1 1 1 1 1 1 0.138 0.862 0.189 0.811 
Delays: 0.00764682 0.00758533 0.0105091 0.007682 0.0112268 0.0074691 0.00954437 0.0114175 0.00935362 0.00749968 0.00843142 0.00945312 0.00761023 0.0132376 0.0093485 0.00771903 0.00751711 0.00572101 0.011562 0.00766642 0.00832885 0.00582899 0.00940054 0.0153366 0.00750122 0.00749187 0.00578159 0.00762189 0.00945583 0.0109809 
Throughputs: 0.671744 0.671744 0.638976 0.835584 0.688128 0.688128 0.786432 0.770048 0.557056 0.753664 0.671744 0.65536 0.688128 0.393216 0.851968 0.606208 0.671744 0.8192 0.999424 0.638976 0.622592 0.8192 0.606208 0.770048 0.671744 0.753664 0.73728 0.704512 0.720896 1.01581 
Utility: 4.47559 4.48366 4.10763 4.68925 4.11567 4.5232 4.41155 4.21131 4.0869 4.61009 4.37791 4.23884 4.50448 3.3913 4.51233 4.36353 4.4927 4.96418 4.45946 4.42302 4.31417 4.94548 4.16646 3.91621 4.49481 4.61113 4.84829 4.52648 4.33386 4.52729 

--------------------------------------
Time: 6.50038
Split Ratios: 1 1 0.694 0.306 1 0.858 0.142 1 0.576 0.424 1 1 1 0.482 0.437 0.081 1 1 0.016 0.984 1 1 0.234 0.766 1 1 1 0.63 0.37 1 1 1 1 1 1 1 0.138 0.862 0.189 0.811 
Delays: 0.00764144 0.00742781 0.0105064 0.00766975 0.0112936 0.00744502 0.00957895 0.0114987 0.00942815 0.0074371 0.00865909 0.0097102 0.00754072 0.0132736 0.00937585 0.00768691 0.0074835 0.00584926 0.0115782 0.00761616 0.00847205 0.00573161 0.00949698 0.0152996 0.00757947 0.00751986 0.0057358 0.00774327 0.00961773 0.0109688 
Throughputs: 0.835584 0.638976 0.8192 0.606208 0.720896 0.638976 0.704512 0.753664 0.622592 0.688128 0.868352 0.589824 0.557056 0.802816 0.65536 0.65536 0.638976 0.884736 0.8192 0.688128 0.606208 0.98304 0.540672 0.720896 0.835584 0.688128 0.688128 0.966656 0.720896 0.933888 
Utility: 4.69455 4.45464 4.35634 4.36994 4.15625 4.45232 4.29794 4.18271 4.19019 4.52749 4.60799 4.10665 4.30235 4.10235 4.24705 4.44567 4.44717 5.01897 4.2592 4.5037 4.27045 5.14465 4.04184 3.85267 4.70269 4.51643 4.78725 4.82702 4.31689 4.44431 

--------------------------------------
Time: 7.00071
Split Ratios: 1 1 0.694 0.306 1 0.858 0.142 1 0.576 0.424 1 1 1 0.482 0.437 0.081 1 1 0.016 0.984 1 1 0.234 0.766 1 1 1 0.63 0.37 1 1 1 1 1 1 1 0.138 0.862 0.189 0.811 
Delays: 0.00766958 0.00760324 0.0104993 0.00756749 0.0111644 0.00748735 0.00971659 0.0113569 0.00953759 0.00745271 0.00870534 0.00957513 0.00768838 0.013212 0.00936959 0.00776749 0.00753092 0.00574014 0.0115465 0.00755683 0.00814794 0.00576878 0.00944822 0.0152388 0.00764801 0.00751768 0.00578916 0.00766781 0.00966077 0.01093 
Throughputs: 0.770048 0.606208 0.704512 0.540672 0.540672 0.671744 0.933888 0.917504 0.507904 0.753664 0.884736 0.589824 0.770048 0.65536 0.606208 0.638976 0.65536 1.01581 0.8192 0.704512 0.671744 0.720896 0.540672 0.688128 0.999424 0.917504 0.90112 0.835584 0.589824 0.8192 
Utility: 4.60919 4.37865 4.2062 4.26895 3.88008 4.49666 4.56552 4.39183 3.97505 4.61637 4.62135 4.12065 4.60674 3.90406 4.16975 4.40992 4.46617 5.17596 4.26194 4.53505 4.41211 4.82803 4.04699 3.81013 4.87273 4.8044 5.04765 4.6911 4.11175 4.31681 

--------------------------------------
Time: 7.50088
Split Ratios: 1 1 0.694 0.306 1 0.858 0.142 1 0.576 0.424 1 1 1 0.482 0.437 0.081 1 1 0.016 0.984 1 1 0.234 0.766 1 1 1 0.63 0.37 1 1 1 1 1 1 1 0.138 0.862 0.189 0.811 
Delays: 0.00756052 0.00758397 0.0100671 0.00761537 0.0112912 0.00744336 0.00962274 0.0113592 0.00936845 0.00750048 0.00840966 0.00949888 0.00773211 0.0133486 0.00937202 0.00762336 0.00747908 0.00570708 0.0114125 0.00748133 0.00862915 0.00569789 0.00940024 0.0153341 0.00760668 0.00753939 0.00575775 0.00760649 0.00962433 0.0108394 
Throughputs: 0.720896 0.884736 0.638976 0.720896 0.557056 0.73728 0.835584 0.835584 0.770048 0.671744 0.73728 0.557056 0.933888 0.8192 0.73728 0.753664 0.720896 0.720896 0.884736 0.507904 0.8192 0.73728 0.57344 0.638976 0.770048 0.704512 0.65536 0.868352 0.458752 0.770048 
Utility: 4.55756 4.75925 4.15059 4.55033 3.89864 4.59565 4.464 4.2981 4.40911 4.49491 4.47359 4.07149 4.79398 4.11692 4.36524 4.59373 4.56838 4.83879 4.35058 4.21788 4.55318 4.86287 4.11092 3.72979 4.61743 4.53736 4.73464 4.7376 3.86422 4.26327 

--------------------------------------
Time: 8.00202
Split Ratios: 1 1 0.694 0.306 1 0.858 0.142 1 0.576 0.424 1 1 1 0.482 0.437 0.081 1 1 0.016 0.984 1 1 0.234 0.766 1 1 1 0.63 0.37 1 1 1 1 1 1 1 0.138 0.862 0.189 0.811 
Delays: 0.00771291 0.00757492 0.0107881 0.00757978 0.0113022 0.00742842 0.00953592 0.0112796 0.00955335 0.00751066 0.00833378 0.00956997 0.0075516 0.0132773 0.00937466 0.00769155 0.00760897 0.00582074 0.0114036 0.00766405 0.00839856 0.0058539 0.00951464 0.0152882 0.00750227 0.00764424 0.00567063 0.00756179 0.00955936 0.0109566 
Throughputs: 0.966656 0.638976 0.770048 0.557056 0.688128 0.671744 0.90112 0.688128 0.49152 0.720896 0.786432 0.704512 0.753664 0.540672 0.704512 0.606208 0.835584 0.933888 0.884736 0.704512 0.638976 0.770048 0.802816 0.786432 0.802816 0.851968 0.770048 0.73728 0.770048 0.57344 
Utility: 4.83095 4.43502 4.26801 4.29718 4.10898 4.50456 4.54857 4.11098 3.94061 4.56417 4.54719 4.29888 4.60319 3.70676 4.3195 4.3671 4.6988 5.07793 4.35136 4.52096 4.33181 4.87935 4.43529 3.94042 4.67292 4.7136 4.91115 4.57986 4.38893 3.95771 

--------------------------------------
Time: 8.50219
Split Ratios: 1 1 0.694 0.306 1 0.858 0.142 1 0.576 0.424 1 1 1 0.482 0.437 0.081 1 1 0.016 0.984 1 1 0.234 0.766 1 1 1 0.63 0.37 1 1 1 1 1 1 1 0.138 0.862 0.189 0.811 
Delays: 0.00753024 0.00747461 0.0104614 0.00765674 0.0109432 0.0074536 0.00956615 0.0114811 0.00940887 0.00748961 0.00852657 0.00942992 0.00770751 0.0132293 0.00931336 0.00778947 0.00755039 0.00571792 0.0113772 0.00751818 0.00829683 0.00571077 0.0093929 0.0151455 0.00753792 0.00748057 0.00581605 0.00763347 0.00948813 0.0109278 
Throughputs: 0.65536 0.8192 0.540672 0.688128 0.65536 0.622592 0.868352 0.786432 0.753664 0.393216 0.868352 0.606208 0.73728 0.524288 0.770048 0.786432 0.671744 0.770048 0.802816 0.57344 0.671744 0.770048 0.638976 0.671744 0.98304 0.802816 0.917504 0.638976 0.638976 0.671744 
Utility: 4.46626 4.69682 3.94512 4.49839 4.09247 4.42519 4.50837 4.22681 4.38329 3.96084 4.62341 4.16334 4.56077 3.6796 4.415 4.61473 4.48828 4.90285 4.25652 4.33433 4.394 4.9041 4.21991 3.79218 4.8707 4.67582 5.06104 4.42732 4.20983 4.11857 

--------------------------------------
Time: 9.00244
Split Ratios: 1 1 0.694 0.306 1 0.858 0.142 1 0.576 0.424 1 1 1 0.482 0.437 0.081 1 1 0.016 0.984 1 1 0.234 0.766 1 1 1 0.63 0.37 1 1 1 1 1 1 1 0.138 0.862 0.189 0.811 
Delays: 0.00751013 0.00756771 0.0101588 0.00751946 0.010905 0.00743929 0.00970523 0.0113998 0.00938064 0.00744304 0.0086278 0.00946789 0.00763348 0.0132672 0.00943003 0.00772023 0.00743143 0.00572902 0.0114428 0.00750965 0.0081778 0.00578364 0.00929418 0.0153866 0.00751663 0.00749901 0.00574584 0.00759742 0.00937218 0.0111914 
Throughputs: 0.786432 0.770048 0.393216 0.688128 0.557056 0.753664 0.73728 0.851968 0.8192 0.524288 0.917504 0.606208 0.606208 0.966656 0.786432 0.753664 0.458752 0.802816 0.802816 0.638976 0.704512 0.688128 0.458752 0.851968 0.884736 0.73728 0.835584 0.73728 0.606208 0.622592 
Utility: 4.65125 4.62256 3.65602 4.51648 3.93345 4.61817 4.3303 4.31396 4.46968 4.25476 4.66667 4.15932 4.37468 4.28855 4.42361 4.5811 4.12279 4.94258 4.25077 4.44368 4.45608 4.77894 3.89912 4.01405 4.76817 4.5882 4.97965 4.57516 4.16948 4.01874 

--------------------------------------
Time: 9.50337
Split Ratios: 1 1 0.694 0.306 1 0.858 0.142 1 0.576 0.424 1 1 1 0.482 0.437 0.081 1 1 0.016 0.984 1 1 0.234 0.766 1 1 1 0.63 0.37 1 1 1 1 1 1 1 0.138 0.862 0.189 0.811 
Delays: 0.00752761 0.007485 0.0101264 0.00766927 0.0111357 0.00741703 0.00961962 0.0113388 0.00950709 0.00748885 0.00830979 0.0094846 0.00761953 0.0131968 0.00932599 0.00781804 0.00748026 0.00591478 0.0113087 0.00757445 0.00833805 0.00568655 0.00933334 0.0152521 0.00753127 0.0076296 0.00593159 0.00760017 0.00957692 0.0112001 
Throughputs: 0.704512 0.704512 0.524288 0.638976 0.704512 0.753664 0.688128 0.753664 0.57344 0.770048 0.884736 0.671744 0.753664 0.57344 0.671744 0.671744 0.73728 1.08134 0.688128 0.671744 0.65536 0.933888 0.622592 0.638976 0.671744 0.999424 0.917504 0.884736 0.589824 0.65536 
Utility: 4.53893 4.5446 3.94689 4.42265 4.14735 4.62117 4.27017 4.19671 4.09962 4.63304 4.66786 4.26021 4.59423 3.77168 4.27707 4.45344 4.5907 5.20851 4.1084 4.4851 4.36435 5.10125 4.2003 3.73515 4.49081 4.87514 5.04137 4.75712 4.12047 4.06926 

--------------------------------------
Time: 10.0044
Split Ratios: 1 1 0.694 0.306 1 0.858 0.142 1 0.576 0.424 1 1 1 0.482 0.437 0.081 1 1 0.016 0.984 1 1 0.234 0.766 1 1 1 0.63 0.37 1 1 1 1 1 1 1 0.138 0.862 0.189 0.811 
Delays: 0.00757416 0.0074584 0.00976542 0.00765511 0.011449 0.00750259 0.00959116 0.0113231 0.00936913 0.00748336 0.00851462 0.00963154 0.00763226 0.0133314 0.00933643 0.00764411 0.00752296 0.0057081 0.0113674 0.00761048 0.00811121 0.00605291 0.00948573 0.0152451 0.00747711 0.00752557 0.00562311 0.00794729 0.0095038 0.0107311 
Throughputs: 0.622592 0.8192 0.622592 0.540672 0.786432 0.671744 0.8192 0.704512 0.671744 0.65536 0.835584 0.73728 0.917504 0.704512 0.720896 0.507904 0.720896 0.917504 0.786432 0.835584 0.65536 1.03219 0.720896 0.868352 0.917504 0.802816 0.57344 0.966656 0.4096 0.638976 
Utility: 4.40915 4.69899 4.15504 4.25744 4.2296 4.49463 4.44749 4.13066 4.27246 4.4725 4.58635 4.33792 4.78927 3.96738 4.34657 4.19636 4.56254 5.07977 4.23675 4.6986 4.39194 5.1389 4.33071 4.04234 4.80981 4.66982 4.62477 4.80101 3.76349 4.08672 

--------------------------------------
Time: 10.5045
Split Ratios: 1 1 0.694 0.306 1 0.858 0.142 1 0.576 0.424 1 1 1 0.482 0.437 0.081 1 1 0.016 0.984 1 1 0.234 0.766 1 1 1 0.63 0.37 1 1 1 1 1 1 1 0.138 0.862 0.189 0.811 
Delays: 0.00761762 0.00747816 0.0101401 0.00761132 0.0112071 0.00746087 0.00974094 0.0112734 0.00940409 0.00747162 0.00856312 0.00959244 0.00767051 0.0132912 0.00928036 0.00775259 0.00757173 0.00578282 0.0113987 0.00764615 0.00847013 0.00593573 0.00937351 0.0150255 0.00756302 0.00751826 0.00573637 0.00762535 0.00947698 0.0110164 
Throughputs: 0.73728 0.704512 0.786432 0.73728 0.73728 0.753664 0.589824 0.622592 0.458752 0.557056 0.950272 0.688128 0.868352 0.73728 0.688128 0.65536 0.704512 0.786432 0.622592 0.524288 0.753664 0.753664 0.688128 0.540672 1.11411 0.688128 0.770048 0.8192 0.704512 0.753664 
Utility: 4.5725 4.54552 4.35101 4.57333 4.18642 4.61527 4.10349 4.01145 3.88737 4.31155 4.70928 4.273 4.72921 4.01587 4.30607 4.43716 4.53308 4.91262 4.00039 4.22784 4.4884 4.84396 4.29609 3.58306 4.99254 4.51664 4.89963 4.67685 4.30864 4.22556 

--------------------------------------
Time: 11.0061
Split Ratios: 1 1 0.694 0.306 1 0.858 0.142 1 0.576 0.424 1 1 1 0.482 0.437 0.081 1 1 0.016 0.984 1 1 0.234 0.766 1 1 1 0.63 0.37 1 1 1 1 1 1 1 0.138 0.862 0.189 0.811 
Delays: 0.00757078 0.00753447 0.0102673 0.00771173 0.0109827 0.00747867 0.00968964 0.0112989 0.00948484 0.0077244 0.00848092 0.00946939 0.00771543 0.0133779 0.00929906 0.00763948 0.00765037 0.00574186 0.0114083 0.00750442 0.00814837 0.00574412 0.00939161 0.0152315 0.00757783 0.00749038 0.00572243 0.0076769 0.00961208 0.0110333 
Throughputs: 0.606208 0.589824 0.606208 0.753664 0.638976 0.688128 0.868352 0.786432 0.49152 0.704512 1.03219 0.688128 0.753664 0.770048 0.720896 0.688128 0.73728 0.770048 0.884736 0.524288 0.524288 0.720896 0.589824 0.720896 0.688128 0.98304 0.622592 0.884736 0.65536 0.688128 
Utility: 4.38293 4.36034 4.07826 4.5822 4.06355 4.52192 4.49554 4.2428 3.94781 4.51312 4.80162 4.28591 4.58172 4.05285 4.35058 4.50065 4.56821 4.89867 4.35095 4.24655 4.16422 4.83232 4.14001 3.85713 4.50875 4.87703 4.6895 4.74707 4.22216 4.13306 

--------------------------------------
Time: 11.5064
Split Ratios: 1 1 0.694 0.306 1 0.858 0.142 1 0.576 0.424 1 1 1 0.482 0.437 0.081 1 1 0.016 0.984 1 1 0.234 0.766 1 1 1 0.63 0.37 1 1 1 1 1 1 1 0.138 0.862 0.189 0.811 
Delays: 0.00767069 0.00746933 0.0100275 0.00772253 0.0109598 0.00753514 0.00977748 0.0113423 0.00959556 0.00745255 0.00836683 0.00937876 0.00752611 0.0132508 0.00925787 0.00771286 0.0075647 0.00576141 0.0117501 0.00759944 0.00820584 0.00580665 0.0094323 0.0152338 0.00759409 0.00761177 0.00579655 0.00760777 0.00987132 0.0109654 
Throughputs: 0.622592 0.589824 0.57344 0.606208 0.671744 0.704512 0.786432 0.770048 0.90112 0.524288 0.770048 0.73728 0.933888 0.65536 0.851968 0.786432 0.786432 0.917504 0.98304 0.589824 0.622592 0.802816 0.753664 0.753664 0.802816 0.835584 0.802816 0.770048 0.638976 0.802816 
Utility: 4.39648 4.36902 4.04632 4.36308 4.11565 4.53793 4.38742 4.21791 4.54234 4.25348 4.52218 4.36452 4.82098 3.90113 4.52208 4.62462 4.64401 5.07047 4.42678 4.35175 4.32905 4.92912 4.38081 3.90143 4.66076 4.69843 4.93086 4.61728 4.17023 4.29338 

--------------------------------------
Time: 12.0065
Split Ratios: 1 1 0.694 0.306 1 0.858 0.142 1 0.576 0.424 1 1 1 0.482 0.437 0.081 1 1 0.016 0.984 1 1 0.234 0.766 1 1 1 0.63 0.37 1 1 1 1 1 1 1 0.138 0.862 0.189 0.811 
Delays: 0.00751814 0.00751604 0.0101849 0.0075063 0.011192 0.00748298 0.00982679 0.0112765 0.00935732 0.00748479 0.00879547 0.00958045 0.00765971 0.0134389 0.00946732 0.00762193 0.00754387 0.00578898 0.0113733 0.00759142 0.00828602 0.00584604 0.00942694 0.0152482 0.00757276 0.00751108 0.00573939 0.00756784 0.0097879 0.0109245 
Throughputs: 0.622592 0.753664 0.57344 0.720896 0.704512 0.704512 0.802816 0.557056 0.425984 0.458752 0.8192 0.671744 0.8192 0.704512 0.933888 0.688128 0.606208 0.704512 0.851968 0.770048 0.540672 0.835584 0.688128 0.638976 0.884736 0.753664 0.704512 0.622592 0.8192 0.720896 
Utility: 4.41657 4.60791 4.03075 4.56475 4.14231 4.54487 4.40301 3.89995 3.81824 4.11564 4.53409 4.25015 4.67235 3.95936 4.59151 4.50294 4.38649 4.80155 4.31628 4.61943 4.17824 4.96237 4.2904 3.73541 4.76073 4.60857 4.81015 4.40998 4.42718 4.18948 

--------------------------------------
Time: 12.5076
Split Ratios: 1 1 0.694 0.306 1 0.858 0.142 1 0.576 0.424 1 1 1 0.482 0.437 0.081 1 1 0.016 0.984 1 1 0.234 0.766 1 1 1 0.63 0.37 1 1 1 1 1 1 1 0.138 0.862 0.189 0.811 
Delays: 0.00767654 0.00751128 0.0100321 0.00758058 0.0110013 0.00745351 0.00961517 0.0112475 0.00944266 0.00751976 0.00850617 0.00959095 0.00758888 0.0132227 0.00940951 0.00756612 0.00756714 0.00582403 0.0115919 0.00761772 0.0078637 0.0056991 0.00943697 0.01534 0.00753658 0.00750208 0.00576569 0.0075338 0.00955143 0.0106952 
Throughputs: 0.638976 0.688128 0.622592 0.606208 0.688128 0.770048 0.770048 0.524288 0.507904 0.753664 0.671744 0.835584 0.933888 0.57344 0.835584 0.622592 0.73728 0.802816 1.04858 0.835584 0.507904 0.868352 0.671744 0.720896 0.786432 0.753664 0.933888 0.688128 0.65536 0.704512 
Utility: 4.4217 4.51757 4.12811 4.38163 4.13596 4.63777 4.38311 3.8419 3.98505 4.60741 4.36909 4.46731 4.81267 3.76972 4.48641 4.41021 4.57915 4.92613 4.50488 4.69765 4.16803 5.02629 4.26524 3.85003 4.64774 4.60977 5.08743 4.51458 4.22849 4.18771 

--------------------------------------
Time: 13.0076
Split Ratios: 1 1 0.694 0.306 1 0.858 0.142 1 0.576 0.424 1 1 1 0.482 0.437 0.081 1 1 0.016 0.984 1 1 0.234 0.766 1 1 1 0.63 0.37 1 1 1 1 1 1 1 0.138 0.862 0.189 0.811 
Delays: 0.00767526 0.00755472 0.00978315 0.00764617 0.0113197 0.0075216 0.00945413 0.0113553 0.00936672 0.00748018 0.00852079 0.00946244 0.00762668 0.0132138 0.00935032 0.00760806 0.00748275 0.00582753 0.0114355 0.00761636 0.00817085 0.00590353 0.00947752 0.0152307 0.00762117 0.0075841 0.00573317 0.00753735 0.00966402 0.0111338 
Throughputs: 0.753664 0.704512 0.540672 0.73728 0.688128 0.8192 0.606208 0.65536 0.753664 0.8192 0.884736 0.704512 0.933888 0.770048 0.8192 0.671744 0.802816 0.868352 0.884736 0.606208 0.540672 0.786432 0.65536 0.770048 0.90112 0.802816 0.8192 0.589824 0.753664 0.73728 
Utility: 4.58694 4.53533 4.01215 4.56876 4.10743 4.69055 4.16077 4.0555 4.38778 4.69607 4.64278 4.31017 4.8077 4.06519 4.47292 4.48067 4.67553 5.004 4.34857 4.37692 4.19224 4.89196 4.23626 3.92314 4.77271 4.66207 4.96206 4.35995 4.35654 4.19298 

--------------------------------------
Time: 13.5083
Split Ratios: 1 1 0.694 0.306 1 0.858 0.142 1 0.576 0.424 1 1 1 0.482 0.437 0.081 1 1 0.016 0.984 1 1 0.234 0.766 1 1 1 0.63 0.37 1 1 1 1 1 1 1 0.138 0.862 0.189 0.811 
Delays: 0.00762598 0.00747676 0.0107275 0.00768827 0.0113803 0.0074531 0.00963268 0.0113827 0.00945273 0.007604 0.00857875 0.00945993 0.00772409 0.0134355 0.00935448 0.00779298 0.00754582 0.00574668 0.0114696 0.00761462 0.00821788 0.00580348 0.00941969 0.015212 0.00769307 0.00766033 0.00567801 0.00752906 0.00966562 0.0108792 
Throughputs: 0.786432 0.8192 0.622592 0.73728 0.589824 0.753664 0.720896 0.786432 0.786432 0.786432 0.770048 0.770048 0.753664 0.720896 0.802816 0.8192 0.688128 0.606208 0.753664 0.802816 0.65536 0.851968 0.57344 0.688128 0.606208 1.03219 0.65536 0.835584 0.638976 0.770048 
Utility: 4.63595 4.69653 4.06108 4.56327 3.94794 4.61632 4.31533 4.23541 4.4212 4.63883 4.49716 4.39939 4.5806 3.98259 4.45227 4.65511 4.51298 4.6586 4.18525 4.65806 4.37887 4.98909 4.10885 3.81189 4.3669 4.90338 4.74858 4.70936 4.19129 4.2596 

--------------------------------------
Time: 14.0084
Split Ratios: 1 1 0.694 0.306 1 0.858 0.142 1 0.576 0.424 1 1 1 0.482 0.437 0.081 1 1 0.016 0.984 1 1 0.234 0.766 1 1 1 0.63 0.37 1 1 1 1 1 1 1 0.138 0.862 0.189 0.811 
Delays: 0.00759557 0.00756292 0.0101067 0.00759902 0.0109911 0.00744817 0.00957232 0.0113702 0.00953574 0.00750046 0.00841829 0.0095116 0.00762121 0.0132415 0.00935722 0.00756838 0.00750224 0.00565689 0.0114185 0.00767629 0.00827046 0.00582685 0.00934089 0.0154087 0.0074833 0.00762196 0.00564936 0.00771419 0.00959741 0.0109624 
Throughputs: 0.868352 0.8192 0.638976 0.540672 0.589824 0.589824 0.704512 0.753664 0.606208 0.557056 0.851968 0.507904 0.671744 0.622592 0.802816 0.786432 0.704512 0.917504 0.770048 0.704512 0.688128 0.802816 0.57344 0.884736 0.786432 0.802816 0.671744 0.999424 0.638976 0.770048 
Utility: 4.73903 4.68507 4.14666 4.26479 3.98274 4.37186 4.29863 4.19395 4.15218 4.3077 4.61714 3.97778 4.47894 3.85053 4.45198 4.64353 4.5423 5.08878 4.21122 4.51937 4.42128 4.92565 4.11725 4.05036 4.65483 4.65709 4.77834 4.86412 4.19837 4.25198 

--------------------------------------
Time: 14.5086
Split Ratios: 1 1 0.694 0.306 1 0.858 0.142 1 0.576 0.424 1 1 1 0.482 0.437 0.081 1 1 0.016 0.984 1 1 0.234 0.766 1 1 1 0.63 0.37 1 1 1 1 1 1 1 0.138 0.862 0.189 0.811 
Delays: 0.00770942 0.0075744 0.00987489 0.00763183 0.0110949 0.00743881 0.00972461 0.0114717 0.00940502 0.00744367 0.00830543 0.00950314 0.00754938 0.0131313 0.00928031 0.00772525 0.00747182 0.0057992 0.0114077 0.00756359 0.00831951 0.005781 0.00939932 0.0155295 0.00758912 0.00767243 0.00577984 0.00760784 0.00958594 0.0110251 
Throughputs: 0.720896 0.835584 0.622592 0.65536 0.73728 0.753664 0.73728 0.73728 0.704512 0.57344 0.622592 0.57344 0.65536 0.753664 0.753664 0.671744 0.753664 0.950272 0.884736 0.622592 0.720896 0.671744 0.73728 0.704512 1.01581 0.966656 0.90112 0.835584 0.671744 0.8192 
Utility: 4.53805 4.70336 4.1439 4.45286 4.19648 4.61824 4.32831 4.16308 4.31626 4.34429 4.31698 4.10003 4.46372 4.04995 4.39705 4.46538 4.61381 5.09903 4.351 4.41055 4.46189 4.7553 4.36233 3.81476 4.89672 4.83621 5.04926 4.69895 4.24958 4.30816 

--------------------------------------
Time: 15.0093
Split Ratios: 1 1 0.694 0.306 1 0.858 0.142 1 0.576 0.424 1 1 1 0.482 0.437 0.081 1 1 0.016 0.984 1 1 0.234 0.766 1 1 1 0.63 0.37 1 1 1 1 1 1 1 0.138 0.862 0.189 0.811 
Delays: 0.0075996 0.00751833 0.0107082 0.00766996 0.0110939 0.00744465 0.00954754 0.0114197 0.0094941 0.00751003 0.00848339 0.00945442 0.0076606 0.0132815 0.00927237 0.00778801 0.00749448 0.00581269 0.0114146 0.00771272 0.00805492 0.00573403 0.00945438 0.0152712 0.00753513 0.00758146 0.00567734 0.00758888 0.00953046 0.0111015 
Throughputs: 0.786432 0.65536 0.507904 0.671744 0.524288 0.770048 0.622592 0.786432 0.753664 0.8192 0.688128 0.589824 0.802816 0.786432 0.8192 0.606208 0.720896 0.884736 1.01581 0.622592 0.688128 0.8192 0.8192 0.688128 0.802816 1.01581 0.835584 0.638976 0.8192 0.638976 
Utility: 4.63941 4.46784 3.85928 4.47257 3.85564 4.63896 4.17761 4.23216 4.37428 4.69209 4.39586 4.13334 4.65204 4.08114 4.48129 4.35464 4.56633 5.02525 4.48855 4.39102 4.44769 4.96191 4.46185 3.80801 4.66855 4.89773 4.99165 4.43318 4.45383 4.05278 

--------------------------------------
Time: 15.5099
Split Ratios: 1 1 0.694 0.306 1 0.858 0.142 1 0.576 0.424 1 1 1 0.482 0.437 0.081 1 1 0.016 0.984 1 1 0.234 0.766 1 1 1 0.63 0.37 1 1 1 1 1 1 1 0.138 0.862 0.189 0.811 
Delays: 0.00790499 0.00759507 0.0101781 0.00769088 0.0108686 0.0074997 0.00952383 0.0114712 0.00935045 0.00745809 0.00866218 0.00937436 0.00761327 0.013161 0.00942794 0.00772394 0.00749238 0.00591952 0.0113032 0.00754197 0.00823021 0.00586998 0.00935368 0.0152065 0.0075986 0.00756546 0.00585468 0.0075715 0.00974654 0.0111247 
Throughputs: 0.753664 0.786432 0.688128 0.540672 0.622592 0.688128 0.638976 0.638976 0.622592 0.73728 0.786432 0.589824 0.704512 0.770048 0.770048 0.835584 0.638976 0.950272 0.720896 0.884736 0.671744 0.917504 0.753664 0.557056 0.884736 0.8192 0.835584 0.868352 0.622592 0.835584 
Utility: 4.55745 4.64001 4.21373 4.25278 4.04801 4.51911 4.20607 4.02003 4.19847 4.59367 4.50854 4.14185 4.52761 4.06919 4.40277 4.68381 4.44598 5.07849 4.15541 4.76481 4.40207 5.05181 4.38918 3.60094 4.75733 4.68473 4.96089 4.74221 4.15698 4.31896 

--------------------------------------
Time: 16.0105
Split Ratios: 1 1 0.694 0.306 1 0.858 0.142 1 0.576 0.424 1 1 1 0.482 0.437 0.081 1 1 0.016 0.984 1 1 0.234 0.766 1 1 1 0.63 0.37 1 1 1 1 1 1 1 0.138 0.862 0.189 0.811 
Delays: 0.00765403 0.00752638 0.0104948 0.00759494 0.0112315 0.00742669 0.00957615 0.0113545 0.0094532 0.00744979 0.00859353 0.00943538 0.00767844 0.0133005 0.00937255 0.00766403 0.00745962 0.00575395 0.011554 0.00766761 0.00792732 0.00577331 0.00943841 0.0153096 0.00752553 0.00770168 0.00580775 0.00765924 0.00956791 0.0107765 
Throughputs: 0.753664 0.98304 0.606208 0.475136 0.524288 0.770048 0.753664 0.770048 0.753664 0.638976 0.688128 0.622592 0.851968 0.458752 0.835584 0.688128 0.65536 0.868352 0.8192 0.704512 0.786432 0.704512 0.622592 0.589824 0.933888 1.01581 0.753664 0.90112 0.688128 0.688128 
Utility: 4.58971 4.87224 4.05634 4.13612 3.84332 4.64137 4.36567 4.21684 4.37859 4.45168 4.38296 4.18942 4.70913 3.54071 4.49035 4.49744 4.47568 5.01671 4.26129 4.5205 4.59719 4.80426 4.1891 3.65135 4.82106 4.882 4.86575 4.76773 4.27556 4.1566 

--------------------------------------
Time: 16.5106
Split Ratios: 1 1 0.694 0.306 1 0.858 0.142 1 0.576 0.424 1 1 1 0.482 0.437 0.081 1 1 0.016 0.984 1 1 0.234 0.766 1 1 1 0.63 0.37 1 1 1 1 1 1 1 0.138 0.862 0.189 0.811 
Delays: 0.00766831 0.00746737 0.010418 0.0075945 0.0111902 0.00745671 0.00966819 0.0114526 0.00936843 0.00747524 0.00858648 0.00944607 0.00759549 0.013324 0.0093957 0.00769208 0.00746236 0.00580981 0.0115944 0.00768975 0.00816344 0.00583982 0.00938735 0.0153127 0.00760278 0.00743339 0.00572525 0.00761531 0.00979926 0.0109157 
Throughputs: 0.770048 0.802816 0.622592 0.65536 0.688128 0.851968 0.65536 0.507904 0.622592 0.540672 0.851968 0.671744 0.966656 0.688128 0.802816 0.73728 0.589824 0.57344 0.868352 0.688128 0.557056 0.638976 0.622592 0.720896 0.802816 0.688128 0.786432 0.868352 0.671744 0.720896 
Utility: 4.60936 4.67758 4.09035 4.45776 4.11894 4.73843 4.21634 3.79208 4.19655 4.28122 4.59736 4.26428 4.84629 3.94441 4.44787 4.56278 4.36995 4.59211 4.31607 4.49409 4.223 4.69517 4.19453 3.85181 4.65961 4.52799 4.92262 4.73644 4.22757 4.1903 

--------------------------------------
Time: 17.0114
Split Ratios: 1 1 0.694 0.306 1 0.858 0.142 1 0.576 0.424 1 1 1 0.482 0.437 0.081 1 1 0.016 0.984 1 1 0.234 0.766 1 1 1 0.63 0.37 1 1 1 1 1 1 1 0.138 0.862 0.189 0.811 
Delays: 0.00757495 0.00753934 0.0105492 0.00756998 0.0110691 0.00744152 0.00952504 0.0113785 0.00932308 0.0074486 0.00848994 0.00945246 0.0076042 0.0133838 0.00943492 0.00775103 0.00752085 0.00569444 0.0115143 0.00758188 0.0085578 0.00582026 0.00938853 0.015379 0.00750555 0.00749671 0.00581682 0.00761169 0.00956629 0.0108734 
Throughputs: 0.671744 0.851968 0.49152 0.589824 0.720896 0.606208 0.802816 0.8192 0.524288 0.57344 0.884736 0.622592 0.950272 0.606208 0.65536 0.688128 0.851968 0.770048 0.704512 0.753664 0.835584 0.704512 0.57344 0.851968 0.786432 0.999424 0.638976 0.851968 0.638976 0.65536 
Utility: 4.48503 4.72741 3.84145 4.35563 4.17634 4.40015 4.4342 4.2766 4.02955 4.34363 4.64641 4.18762 4.82805 3.81318 4.24077 4.48615 4.72987 4.90696 4.11391 4.59919 4.58129 4.79616 4.11216 4.01455 4.65186 4.89271 4.69911 4.71786 4.20162 4.09886 

--------------------------------------
Time: 17.5122
Split Ratios: 1 1 0.694 0.306 1 0.858 0.142 1 0.576 0.424 1 1 1 0.482 0.437 0.081 1 1 0.016 0.984 1 1 0.234 0.766 1 1 1 0.63 0.37 1 1 1 1 1 1 1 0.138 0.862 0.189 0.811 
Delays: 0.00760794 0.00755473 0.0105928 0.0075474 0.0112705 0.00744265 0.00964064 0.0114354 0.00950185 0.0074928 0.00879498 0.00951434 0.00755747 0.0130752 0.00937279 0.00759486 0.00754089 0.00580227 0.0113997 0.00751448 0.00820177 0.00574307 0.00936391 0.0152008 0.00762116 0.007496 0.00570277 0.00749474 0.00957194 0.0108387 
Throughputs: 0.720896 0.720896 0.606208 0.589824 0.622592 0.835584 0.671744 0.688128 0.49152 0.720896 0.802816 0.557056 0.770048 0.557056 0.65536 0.589824 0.73728 0.770048 0.753664 0.73728 0.475136 0.835584 0.638976 0.8192 0.671744 0.917504 0.770048 0.753664 0.557056 0.704512 
Utility: 4.5513 4.55832 4.04705 4.35862 4.01171 4.7209 4.24389 4.09727 3.94602 4.56655 4.51394 4.06987 4.62392 3.75195 4.24737 4.35235 4.58263 4.8882 4.19136 4.58614 4.05925 4.98014 4.223 3.98698 4.47895 4.80729 4.9055 4.61074 4.06383 4.17438 

--------------------------------------
Time: 18.0123
Split Ratios: 1 1 0.694 0.306 1 0.858 0.142 1 0.576 0.424 1 1 1 0.482 0.437 0.081 1 1 0.016 0.984 1 1 0.234 0.766 1 1 1 0.63 0.37 1 1 1 1 1 1 1 0.138 0.862 0.189 0.811 
Delays: 0.00766632 0.0075358 0.00990045 0.00757219 0.011067 0.00739115 0.00988255 0.0112959 0.00941657 0.00749025 0.00870684 0.00938095 0.0075698 0.0131193 0.00935438 0.00777221 0.00745821 0.00590046 0.0113329 0.00755618 0.00816214 0.00579109 0.00946305 0.0152653 0.00759711 0.00753744 0.00576511 0.00759956 0.0095763 0.0107301 
Throughputs: 0.688128 0.753664 0.73728 0.589824 0.720896 0.770048 0.606208 0.704512 0.622592 0.671744 0.8192 0.704512 0.688128 0.606208 0.8192 0.589824 0.49152 0.73728 0.884736 0.638976 0.557056 0.73728 0.704512 0.57344 0.851968 0.802816 0.8192 0.770048 0.622592 0.688128 
Utility: 4.49714 4.60528 4.31039 4.35534 4.17653 4.64617 4.11645 4.13306 4.19142 4.49628 4.54422 4.31882 4.50981 3.83314 4.47248 4.32927 4.18819 4.82794 4.35758 4.4375 4.22316 4.84665 4.31011 3.62607 4.71978 4.66824 4.9565 4.61836 4.1746 4.16092 

--------------------------------------
Time: 18.5123
Split Ratios: 1 1 0.694 0.306 1 0.858 0.142 1 0.576 0.424 1 1 1 0.482 0.437 0.081 1 1 0.016 0.984 1 1 0.234 0.766 1 1 1 0.63 0.37 1 1 1 1 1 1 1 0.138 0.862 0.189 0.811 
Delays: 0.00745055 0.00760279 0.0108246 0.00756092 0.0109997 0.00748877 0.00950456 0.0115342 0.0094817 0.00749214 0.00873726 0.00939683 0.00753316 0.0131822 0.00934029 0.00762667 0.0075917 0.00594186 0.0114102 0.0078401 0.00847153 0.0057085 0.00939006 0.0152479 0.00764616 0.00764926 0.00573176 0.00755561 0.00937896 0.0108563 
Throughputs: 0.606208 0.73728 0.49152 0.622592 0.770048 0.720896 0.720896 0.884736 0.8192 0.720896 0.73728 0.65536 0.720896 0.589824 0.704512 0.753664 0.802816 1.06496 0.802816 0.475136 0.671744 0.835584 0.770048 0.786432 0.90112 0.851968 0.8192 0.802816 0.589824 0.704512 
Utility: 4.39894 4.57445 3.81568 4.4109 4.24858 4.56709 4.32872 4.33997 4.45896 4.56664 4.43537 4.24481 4.56118 3.80096 4.32317 4.5933 4.66107 5.18867 4.25362 4.10435 4.37317 4.98617 4.4068 3.94306 4.76944 4.71294 4.96231 4.66584 4.14136 4.17276 

--------------------------------------
Time: 19.0125
Split Ratios: 1 1 0.694 0.306 1 0.858 0.142 1 0.576 0.424 1 1 1 0.482 0.437 0.081 1 1 0.016 0.984 1 1 0.234 0.766 1 1 1 0.63 0.37 1 1 1 1 1 1 1 0.138 0.862 0.189 0.811 
Delays: 0.00752964 0.00747484 0.0100833 0.0076348 0.0110159 0.00751119 0.00952306 0.0113611 0.00945851 0.00748788 0.00835299 0.00948034 0.00762674 0.0132583 0.00930481 0.00773468 0.00754576 0.00571867 0.01153 0.00763219 0.00844005 0.00565298 0.00936652 0.0154288 0.00750406 0.00750553 0.00575271 0.00763171 0.00946038 0.0109488 
Throughputs: 0.65536 0.786432 0.589824 0.73728 0.73728 0.507904 0.73728 0.73728 0.704512 0.73728 0.786432 0.524288 0.688128 0.638976 0.753664 0.671744 0.786432 1.01581 0.770048 0.688128 0.884736 0.524288 0.704512 0.704512 0.770048 0.835584 1.09773 0.90112 0.589824 0.884736 
Utility: 4.46634 4.65596 4.06894 4.57025 4.20363 4.2139 4.34925 4.17278 4.31059 4.58968 4.54489 4.01282 4.50231 3.87524 4.39442 4.46416 4.64652 5.1797 4.2015 4.5016 4.6523 4.52986 4.32036 3.82127 4.63101 4.71249 5.25133 4.77133 4.13271 4.39206 

--------------------------------------
Time: 19.5127
Split Ratios: 1 1 0.694 0.306 1 0.858 0.142 1 0.576 0.424 1 1 1 0.482 0.437 0.081 1 1 0.016 0.984 1 1 0.234 0.766 1 1 1 0.63 0.37 1 1 1 1 1 1 1 0.138 0.862 0.189 0.811 
Delays: 0.00754745 0.00751448 0.0105618 0.007748 0.0111087 0.0074915 0.0095864 0.0113 0.00941679 0.00749672 0.0083969 0.00962628 0.00767353 0.0133423 0.00952968 0.00762149 0.00753381 0.00565413 0.0114279 0.00754911 0.00824114 0.00586759 0.00937526 0.015349 0.0078194 0.00747355 0.00580012 0.00757974 0.00946975 0.0109591 
Throughputs: 0.770048 0.720896 0.344064 0.606208 0.671744 0.786432 0.720896 0.802816 0.884736 0.73728 0.688128 0.671744 0.688128 0.671744 0.90112 0.524288 0.770048 0.671744 0.868352 0.884736 0.704512 0.720896 0.540672 0.753664 0.8192 0.90112 0.884736 0.802816 0.638976 0.704512 
Utility: 4.62524 4.56366 3.48359 4.35979 4.10215 4.65374 4.32015 4.26332 4.5428 4.5885 4.40611 4.24538 4.4962 3.91894 4.54923 4.23107 4.62705 4.77749 4.33054 4.76386 4.44837 4.81105 4.05474 3.89389 4.65172 4.79227 5.02741 4.66265 4.21176 4.16334 

--------------------------------------
Time: 20.0127
Split Ratios: 1 1 0.694 0.306 1 0.858 0.142 1 0.576 0.424 1 1 1 0.482 0.437 0.081 1 1 0.016 0.984 1 1 0.234 0.766 1 1 1 0.63 0.37 1 1 1 1 1 1 1 0.138 0.862 0.189 0.811 
Delays: 0.0075778 0.00752108 0.00998925 0.00754887 0.0111675 0.00746483 0.00958509 0.0113424 0.00933173 0.00751279 0.00870364 0.00954809 0.00757093 0.0132405 0.00930177 0.00769532 0.00751925 0.00573059 0.0114097 0.00761935 0.0081969 0.0057373 0.00935165 0.015189 0.00764662 0.00752003 0.0056927 0.00752606 0.00972517 0.0107136 
Throughputs: 0.786432 0.770048 0.524288 0.704512 0.606208 0.73728 0.589824 0.638976 0.835584 0.671744 0.622592 0.688128 0.606208 0.753664 0.638976 0.90112 0.540672 0.933888 0.835584 0.57344 0.540672 0.835584 0.65536 0.8192 0.8192 0.917504 0.770048 0.950272 0.868352 0.786432 
Utility: 4.64228 4.62874 3.96053 4.53611 3.99421 4.59276 4.11962 4.03132 4.49471 4.49327 4.27015 4.27763 4.38291 4.04167 4.22966 4.76303 4.27535 5.09354 4.29367 4.32096 4.18906 4.98114 4.24963 3.98776 4.67406 4.80409 4.90727 4.83838 4.49188 4.29599 

--------------------------------------
Time: 20.5128
Split Ratios: 1 1 0.694 0.306 1 0.858 0.142 1 0.576 0.424 1 1 1 0.482 0.437 0.081 1 1 0.016 0.984 1 1 0.234 0.766 1 1 1 0.63 0.37 1 1 1 1 1 1 1 0.138 0.862 0.189 0.811 
Delays: 0.00760191 0.00751789 0.0102267 0.00762558 0.0113828 0.00745702 0.00987981 0.0114243 0.00947857 0.00751338 0.00841497 0.00947712 0.00756818 0.0135619 0.00937651 0.00784962 0.00749957 0.00577047 0.0114431 0.00757448 0.0084931 0.00581173 0.00948735 0.0156195 0.00760243 0.0075649 0.0057339 0.00775542 0.00958068 0.0110126 
Throughputs: 0.786432 0.458752 0.622592 0.770048 0.73728 0.671744 0.884736 0.770048 0.622592 0.49152 0.720896 0.802816 0.73728 0.786432 0.770048 0.622592 0.786432 0.704512 0.917504 0.671744 0.638976 0.770048 0.589824 0.671744 0.917504 0.8192 0.999424 0.835584 0.8192 0.8192 
Utility: 4.63911 4.11122 4.10889 4.61494 4.17086 4.50072 4.4948 4.21071 4.18486 4.18082 4.45048 4.43925 4.57901 4.06024 4.40824 4.37343 4.65266 4.80475 4.38427 4.48509 4.32061 4.88657 4.12986 3.76136 4.79319 4.68481 5.16078 4.67974 4.44858 4.30929 

--------------------------------------
Time: 21.0128
Split Ratios: 1 1 0.694 0.306 1 0.858 0.142 1 0.576 0.424 1 1 1 0.482 0.437 0.081 1 1 0.016 0.984 1 1 0.234 0.766 1 1 1 0.63 0.37 1 1 1 1 1 1 1 0.138 0.862 0.189 0.811 
Delays: 0.00759517 0.00765997 0.0103129 0.00792426 0.011114 0.00754087 0.00969424 0.0115062 0.00945322 0.00756603 0.00848714 0.00945426 0.00753815 0.013388 0.00937836 0.00773986 0.00756987 0.00590067 0.0115779 0.00769014 0.00812451 0.00571437 0.00933124 0.0154193 0.00753279 0.00771824 0.00573185 0.00761175 0.00959973 0.0109671 
Throughputs: 0.73728 0.622592 0.868352 0.622592 0.589824 0.622592 0.720896 0.802816 0.786432 0.786432 0.753664 0.720896 0.753664 0.770048 0.753664 0.73728 0.557056 1.01581 0.966656 0.73728 0.671744 0.753664 0.770048 0.770048 0.90112 0.966656 0.688128 0.868352 0.720896 0.917504 
Utility: 4.57545 4.39788 4.4332 4.36396 3.97162 4.41355 4.30896 4.24524 4.42115 4.64384 4.48639 4.33403 4.60497 4.05209 4.38654 4.55658 4.29849 5.14837 4.42475 4.56303 4.41499 4.88196 4.41308 3.91083 4.78437 4.83026 4.78794 4.7369 4.31876 4.42675 

--------------------------------------
Time: 21.5134
Split Ratios: 1 1 0.694 0.306 1 0.858 0.142 1 0.576 0.424 1 1 1 0.482 0.437 0.081 1 1 0.016 0.984 1 1 0.234 0.766 1 1 1 0.63 0.37 1 1 1 1 1 1 1 0.138 0.862 0.189 0.811 
Delays: 0.00760453 0.00752992 0.0100334 0.00756549 0.0109699 0.00753252 0.00962179 0.0113627 0.00948176 0.00755781 0.00856373 0.00942772 0.00759758 0.0133374 0.00935962 0.0078063 0.00753294 0.00575832 0.011452 0.00757821 0.00805793 0.0057471 0.00938495 0.0151387 0.00747664 0.00752593 0.00578345 0.00753794 0.00953257 0.0109046 
Throughputs: 0.671744 0.638976 0.622592 0.753664 0.73728 0.73728 0.622592 0.720896 0.606208 0.622592 0.524288 0.786432 0.835584 0.49152 0.835584 0.57344 0.65536 0.622592 0.73728 0.557056 0.589824 0.73728 0.704512 0.802816 0.671744 0.720896 0.802816 0.73728 0.606208 0.950272 
Utility: 4.48113 4.44098 4.12797 4.60135 4.20781 4.58374 4.16986 4.15016 4.15785 4.41131 4.11451 4.42385 4.7003 3.60693 4.49173 4.29672 4.4659 4.68325 4.16481 4.29739 4.29317 4.85427 4.3184 3.97087 4.49809 4.56214 4.93313 4.58302 4.15251 4.46757 

--------------------------------------
Time: 22.0134
Split Ratios: 1 1 0.694 0.306 1 0.858 0.142 1 0.576 0.424 1 1 1 0.482 0.437 0.081 1 1 0.016 0.984 1 1 0.234 0.766 1 1 1 0.63 0.37 1 1 1 1 1 1 1 0.138 0.862 0.189 0.811 
Delays: 0.00758442 0.00748994 0.00997068 0.0078708 0.0111057 0.00739136 0.0096433 0.0114177 0.00935595 0.00745258 0.00856901 0.00947503 0.00756414 0.013388 0.00930557 0.0077632 0.00750879 0.00601358 0.0116751 0.00759852 0.00835654 0.00580363 0.00938421 0.0153196 0.00753168 0.00768294 0.0058393 0.00751676 0.00975583 0.0109812 
Throughputs: 0.753664 0.73728 0.458752 0.688128 0.507904 0.688128 0.802816 0.770048 0.65536 0.688128 0.884736 0.65536 0.884736 0.753664 0.753664 0.688128 0.770048 0.720896 0.704512 0.671744 0.65536 0.770048 0.770048 0.8192 0.835584 0.671744 0.73728 0.884736 0.638976 0.65536 
Utility: 4.59885 4.58941 3.82886 4.47081 3.82284 4.53366 4.42186 4.21129 4.24917 4.52542 4.63714 4.23652 4.76187 4.03059 4.39433 4.48458 4.63038 4.78648 4.10004 4.48192 4.36214 4.88797 4.40742 3.97919 4.70901 4.47087 4.83836 4.76815 4.182 4.089 

--------------------------------------
Time: 22.5138
Split Ratios: 1 1 0.694 0.306 1 0.858 0.142 1 0.576 0.424 1 1 1 0.482 0.437 0.081 1 1 0.016 0.984 1 1 0.234 0.766 1 1 1 0.63 0.37 1 1 1 1 1 1 1 0.138 0.862 0.189 0.811 
Delays: 0.00758551 0.00749414 0.0104274 0.0074981 0.0110529 0.00748647 0.00958358 0.0113314 0.00946661 0.00752588 0.00866082 0.00954254 0.00769894 0.0131486 0.00943712 0.00768197 0.00749276 0.0057753 0.0114766 0.00753573 0.00807054 0.00580566 0.00945175 0.0153224 0.007578 0.0076452 0.00583389 0.00760124 0.0095576 0.0109825 
Throughputs: 0.671744 0.802816 0.638976 0.786432 0.524288 0.770048 0.8192 0.606208 0.606208 0.688128 0.835584 0.49152 0.753664 0.835584 0.933888 0.671744 0.65536 0.720896 0.8192 0.57344 0.671744 0.884736 0.671744 0.868352 0.8192 0.868352 0.688128 0.835584 0.557056 0.917504 
Utility: 4.48364 4.674 4.11543 4.65286 3.85935 4.63336 4.44828 3.97965 4.15945 4.51563 4.56932 3.94174 4.58386 4.15181 4.59471 4.471 4.47125 4.8269 4.26802 4.332 4.42166 5.02646 4.26368 4.03728 4.68308 4.73252 4.77029 4.69982 4.06533 4.42535 

--------------------------------------
Time: 23.0139
Split Ratios: 1 1 0.694 0.306 1 0.858 0.142 1 0.576 0.424 1 1 1 0.482 0.437 0.081 1 1 0.016 0.984 1 1 0.234 0.766 1 1 1 0.63 0.37 1 1 1 1 1 1 1 0.138 0.862 0.189 0.811 
Delays: 0.00771446 0.00753818 0.0107321 0.0077307 0.0112295 0.00748653 0.00975437 0.0114224 0.00941426 0.00742053 0.00849714 0.00946466 0.00764755 0.0131517 0.00936833 0.00768535 0.0075249 0.00591114 0.0114917 0.00750064 0.00831609 0.0057732 0.00949604 0.0154213 0.00754075 0.00763265 0.00565945 0.00757138 0.00948247 0.0109297 
Throughputs: 1.11411 0.65536 0.507904 0.688128 0.720896 0.770048 0.753664 0.933888 0.65536 0.57344 0.688128 0.475136 0.835584 0.57344 0.8192 0.720896 0.57344 0.73728 0.851968 0.720896 0.589824 0.917504 0.73728 0.704512 0.770048 0.966656 0.8192 0.57344 0.49152 0.589824 
Utility: 4.97272 4.4652 3.85705 4.48878 4.16195 4.63335 4.34723 4.40378 4.24296 4.3474 4.39424 3.91604 4.69375 3.7751 4.47099 4.54118 4.33344 4.82613 4.30593 4.56551 4.26163 5.06843 4.35209 3.82175 4.62613 4.84141 4.975 4.32728 3.94806 3.98834 

--------------------------------------
Time: 23.5139
Split Ratios: 1 1 0.694 0.306 1 0.858 0.142 1 0.576 0.424 1 1 1 0.482 0.437 0.081 1 1 0.016 0.984 1 1 0.234 0.766 1 1 1 0.63 0.37 1 1 1 1 1 1 1 0.138 0.862 0.189 0.811 
Delays: 0.00770661 0.00758327 0.0109155 0.00758264 0.0113272 0.00749814 0.00953013 0.0114136 0.00942113 0.00747327 0.00840595 0.00939007 0.0076357 0.0132537 0.0093974 0.0076946 0.00760177 0.00583168 0.0114385 0.00756296 0.00811717 0.005822 0.00936908 0.0153274 0.00757325 0.0074994 0.00568275 0.00760925 0.00963163 0.0108555 
Throughputs: 0.868352 0.688128 0.638976 0.57344 0.753664 0.622592 0.753664 0.770048 0.720896 0.638976 0.720896 0.557056 0.704512 0.622592 0.90112 0.704512 0.638976 0.868352 1.08134 0.704512 0.704512 0.8192 0.638976 0.65536 0.933888 0.786432 0.557056 0.73728 0.540672 0.753664 
Utility: 4.72452 4.50803 4.06968 4.32579 4.19774 4.41924 4.37049 4.21165 4.33754 4.44853 4.45156 4.08301 4.52467 3.84962 4.56321 4.51699 4.43149 5.00329 4.54898 4.53424 4.46352 4.94668 4.22245 3.75554 4.81473 4.65268 4.58523 4.5736 4.02776 4.24028 

--------------------------------------
Time: 24.0143
Split Ratios: 1 1 0.694 0.306 1 0.858 0.142 1 0.576 0.424 1 1 1 0.482 0.437 0.081 1 1 0.016 0.984 1 1 0.234 0.766 1 1 1 0.63 0.37 1 1 1 1 1 1 1 0.138 0.862 0.189 0.811 
Delays: 0.00761878 0.00758228 0.01043 0.00759015 0.0113174 0.00745328 0.00969448 0.0112552 0.00943249 0.00749172 0.00828317 0.00949711 0.00755626 0.0133271 0.00933658 0.00748934 0.00748173 0.00590188 0.0115115 0.00765246 0.00802232 0.00584003 0.00956388 0.0151174 0.00759079 0.00757091 0.0057201 0.00755295 0.00961041 0.0110591 
Throughputs: 0.704512 0.98304 0.688128 0.688128 0.671744 0.557056 0.622592 0.688128 0.65536 0.73728 0.524288 0.671744 0.786432 0.753664 0.720896 0.57344 0.802816 0.73728 0.933888 0.73728 0.57344 1.1305 0.622592 0.868352 0.966656 0.671744 0.8192 0.835584 0.753664 0.671744 
Utility: 4.52689 4.86484 4.18929 4.50712 4.08354 4.31401 4.16233 4.11315 4.24103 4.58917 4.14781 4.25889 4.64513 4.03515 4.34656 4.33817 4.67566 4.8277 4.39601 4.56794 4.26943 5.26568 4.1759 4.05075 4.84691 4.48556 4.96434 4.70619 4.3621 4.10662 

--------------------------------------
Time: 24.515
Split Ratios: 1 1 0.694 0.306 1 0.858 0.142 1 0.576 0.424 1 1 1 0.482 0.437 0.081 1 1 0.016 0.984 1 1 0.234 0.766 1 1 1 0.63 0.37 1 1 1 1 1 1 1 0.138 0.862 0.189 0.811 
Delays: 0.00762242 0.00754574 0.0106744 0.00762949 0.0110916 0.00751127 0.00975368 0.0114412 0.00938996 0.0074345 0.00856742 0.00942303 0.00754311 0.0132068 0.00931032 0.00760164 0.00748298 0.00580054 0.0114917 0.00765387 0.00811672 0.0056996 0.00949396 0.0153381 0.00754544 0.00760423 0.00577355 0.00761438 0.00955134 0.0109091 
Throughputs: 1.04858 0.671744 0.65536 0.589824 0.507904 0.65536 0.851968 0.966656 0.606208 0.65536 0.671744 0.688128 0.950272 0.720896 0.73728 0.638976 0.753664 0.786432 0.884736 0.589824 0.802816 0.8192 0.688128 0.589824 0.884736 0.917504 0.720896 0.770048 0.57344 0.950272 
Utility: 4.92409 4.48889 4.11733 4.3478 3.8241 4.46878 4.4699 4.43663 4.16758 4.47905 4.36191 4.29082 4.83611 3.99976 4.37184 4.4315 4.61232 4.90956 4.34366 4.34461 4.5942 4.96793 4.28332 3.64948 4.76435 4.79295 4.82721 4.61641 4.09497 4.46715 

--------------------------------------
Time: 25.0151
Split Ratios: 1 1 0.694 0.306 1 0.858 0.142 1 0.576 0.424 1 1 1 0.482 0.437 0.081 1 1 0.016 0.984 1 1 0.234 0.766 1 1 1 0.63 0.37 1 1 1 1 1 1 1 0.138 0.862 0.189 0.811 
Delays: 0.00763935 0.00757638 0.010373 0.0077923 0.0114158 0.00753831 0.00959866 0.0113404 0.00952601 0.0074753 0.00878685 0.00958733 0.00773534 0.0132132 0.00934818 0.00765811 0.00755217 0.00582085 0.0114527 0.00770107 0.00835014 0.00593099 0.00956612 0.0150013 0.00764794 0.00749299 0.00578677 0.00765058 0.00961328 0.0110029 
Throughputs: 0.999424 0.704512 0.622592 0.65536 0.8192 0.786432 0.638976 0.671744 0.57344 0.671744 0.720896 0.770048 0.917504 0.57344 0.8192 0.802816 0.753664 0.835584 0.720896 0.73728 0.720896 1.04858 0.720896 0.475136 1.03219 0.720896 0.802816 0.786432 0.671744 0.786432 
Utility: 4.87387 4.53247 4.09469 4.43205 4.27333 4.64751 4.19824 4.0815 4.09763 4.49827 4.40724 4.38601 4.77586 3.77044 4.47315 4.65236 4.60311 4.96668 4.14227 4.56161 4.45822 5.175 4.32227 3.45546 4.905 4.56653 4.93255 4.63272 4.24673 4.26935 

--------------------------------------
Time: 25.5153
Split Ratios: 1 1 0.694 0.306 1 0.858 0.142 1 0.576 0.424 1 1 1 0.482 0.437 0.081 1 1 0.016 0.984 1 1 0.234 0.766 1 1 1 0.63 0.37 1 1 1 1 1 1 1 0.138 0.862 0.189 0.811 
Delays: 0.00764606 0.00756691 0.0102947 0.0075803 0.01119 0.0075037 0.00989047 0.0114916 0.00932944 0.00753885 0.00846111 0.00948006 0.0076447 0.0133825 0.0094488 0.0077126 0.00742159 0.00573406 0.0116651 0.0075249 0.00810492 0.00573178 0.00941109 0.0157443 0.00749329 0.00757025 0.00579512 0.00767698 0.0096903 0.0110361 
Throughputs: 0.851968 0.540672 0.524288 0.704512 0.73728 0.770048 0.704512 0.688128 0.8192 0.999424 0.720896 0.589824 0.8192 0.589824 0.851968 0.753664 0.442368 0.884736 0.802816 0.73728 0.638976 0.884736 0.671744 0.770048 0.851968 0.868352 0.688128 0.753664 0.475136 0.884736 
Utility: 4.71336 4.26903 3.93041 4.53195 4.18795 4.63106 4.26593 4.09236 4.47515 4.88711 4.44501 4.13063 4.67432 3.78588 4.50166 4.58209 4.08775 5.03886 4.23152 4.58475 4.3674 5.03926 4.26799 3.88998 4.73354 4.74237 4.77696 4.58672 3.89248 4.38411 

--------------------------------------
Time: 26.0154
Split Ratios: 1 1 0.694 0.306 1 0.858 0.142 1 0.576 0.424 1 1 1 0.482 0.437 0.081 1 1 0.016 0.984 1 1 0.234 0.766 1 1 1 0.63 0.37 1 1 1 1 1 1 1 0.138 0.862 0.189 0.811 
Delays: 0.00758026 0.00758535 0.0104882 0.00757582 0.0110574 0.00748835 0.00966172 0.0112609 0.00952634 0.00763435 0.00850513 0.00951007 0.00772934 0.0131488 0.00935105 0.007689 0.00752469 0.00573255 0.0114907 0.00766052 0.00842756 0.0056913 0.00930603 0.015175 0.00765504 0.0075388 0.00574042 0.00769524 0.00961281 0.0108438 
Throughputs: 0.704512 0.786432 0.638976 0.540672 0.638976 0.638976 0.851968 0.8192 0.475136 0.638976 0.720896 0.671744 0.8192 0.49152 0.835584 0.688128 0.65536 0.753664 0.851968 0.557056 0.638976 0.770048 0.65536 0.753664 0.688128 0.835584 0.851968 0.589824 0.8192 0.770048 
Utility: 4.53196 4.64129 4.10962 4.26785 4.05677 4.44652 4.47938 4.287 3.90954 4.42721 4.43983 4.25753 4.66331 3.62118 4.49264 4.49418 4.467 4.87879 4.30601 4.28659 4.32836 4.90751 4.25452 3.9053 4.49861 4.70807 5.00002 4.33922 4.44523 4.26286 

--------------------------------------
Time: 26.5154
Split Ratios: 1 1 0.694 0.306 1 0.858 0.142 1 0.576 0.424 1 1 1 0.482 0.437 0.081 1 1 0.016 0.984 1 1 0.234 0.766 1 1 1 0.63 0.37 1 1 1 1 1 1 1 0.138 0.862 0.189 0.811 
Delays: 0.00758014 0.00749621 0.0106139 0.00761238 0.0110973 0.00759712 0.00962508 0.0115164 0.00936978 0.00747246 0.00872166 0.00946382 0.0075316 0.0131535 0.00930242 0.00773147 0.0074817 0.00579082 0.0114842 0.00758133 0.00807443 0.00567737 0.00941022 0.015258 0.00755249 0.00756813 0.00581159 0.00756951 0.00954718 0.010846 
Throughputs: 0.786432 0.8192 0.589824 0.638976 0.589824 0.622592 0.770048 0.704512 0.622592 0.622592 0.638976 0.786432 0.622592 0.458752 0.786432 0.622592 0.770048 0.835584 0.557056 0.65536 0.933888 0.835584 0.753664 0.606208 0.671744 0.802816 0.704512 0.884736 0.786432 1.06496 
Utility: 4.64197 4.69393 4.01766 4.43009 3.97312 4.40612 4.38208 4.11374 4.1964 4.42267 4.29406 4.42003 4.41478 3.55182 4.43723 4.38859 4.63399 4.97186 3.8817 4.4595 4.75065 4.99164 4.38315 3.68212 4.488 4.66418 4.79765 4.76116 4.41126 4.58689 

--------------------------------------
Time: 27.0156
Split Ratios: 1 1 0.694 0.306 1 0.858 0.142 1 0.576 0.424 1 1 1 0.482 0.437 0.081 1 1 0.016 0.984 1 1 0.234 0.766 1 1 1 0.63 0.37 1 1 1 1 1 1 1 0.138 0.862 0.189 0.811 
Delays: 0.00778246 0.00757812 0.0101322 0.00759955 0.0111288 0.00741808 0.00955926 0.011406 0.0095433 0.0074975 0.0088626 0.00946664 0.00761381 0.0133521 0.0093625 0.00787787 0.00744925 0.00577471 0.0114673 0.00764989 0.00854865 0.0057924 0.00952648 0.0151426 0.00759006 0.00750193 0.00564894 0.00760391 0.00965833 0.0108347 
Throughputs: 0.688128 0.835584 0.90112 0.57344 0.606208 0.57344 0.557056 0.90112 0.65536 0.638976 0.786432 0.638976 0.770048 0.57344 0.671744 0.835584 0.671744 0.98304 0.753664 0.753664 0.720896 0.753664 0.638976 0.688128 0.770048 0.622592 0.770048 0.802816 0.671744 0.65536 
Utility: 4.4821 4.70287 4.48792 4.32356 3.99769 4.34773 4.06515 4.3695 4.22935 4.4453 4.48567 4.21209 4.61649 3.75998 4.27317 4.66407 4.50176 5.13716 4.18545 4.59026 4.43472 4.8684 4.20579 3.81646 4.61961 4.41873 4.91499 4.65946 4.24206 4.10243 

--------------------------------------
Time: 27.5158
Split Ratios: 1 1 0.694 0.306 1 0.858 0.142 1 0.576 0.424 1 1 1 0.482 0.437 0.081 1 1 0.016 0.984 1 1 0.234 0.766 1 1 1 0.63 0.37 1 1 1 1 1 1 1 0.138 0.862 0.189 0.811 
Delays: 0.00764422 0.00755043 0.0102321 0.00758683 0.0111113 0.0076028 0.00965921 0.0113343 0.00934903 0.00751551 0.00866411 0.00959958 0.00769723 0.0133975 0.0094225 0.00768637 0.00750694 0.00580936 0.0114302 0.00751311 0.00802209 0.00584033 0.00951355 0.0152689 0.00756245 0.0074739 0.00574631 0.00756552 0.00968316 0.0110456 
Throughputs: 0.999424 0.868352 0.704512 0.704512 0.73728 0.638976 0.770048 0.786432 0.622592 0.606208 0.802816 0.622592 0.770048 0.622592 0.720896 0.606208 0.622592 0.851968 0.770048 0.589824 0.557056 0.8192 0.638976 0.835584 0.835584 0.753664 0.8192 0.720896 0.73728 0.802816 
Utility: 4.87323 4.74499 4.23197 4.53109 4.19501 4.43135 4.37854 4.23967 4.19862 4.39025 4.52894 4.17217 4.60559 3.83883 4.33739 4.36777 4.41806 4.98808 4.21019 4.36318 4.24047 4.94354 4.20715 4.00231 4.70494 4.61353 4.95977 4.55689 4.33258 4.2861 

--------------------------------------
Time: 28.016
Split Ratios: 1 1 0.694 0.306 1 0.858 0.142 1 0.576 0.424 1 1 1 0.482 0.437 0.081 1 1 0.016 0.984 1 1 0.234 0.766 1 1 1 0.63 0.37 1 1 1 1 1 1 1 0.138 0.862 0.189 0.811 
Delays: 0.00779904 0.00749917 0.0105172 0.00760572 0.0110118 0.00748096 0.00955939 0.0113301 0.00954688 0.00752561 0.00856786 0.0093728 0.00762573 0.0132899 0.00928378 0.00768473 0.0075256 0.00576118 0.011681 0.00753091 0.00836789 0.00584642 0.00947383 0.0153103 0.00758034 0.00755536 0.00575111 0.00756657 0.00965979 0.0109875 
Throughputs: 0.8192 0.704512 0.753664 0.638976 0.622592 0.688128 0.688128 0.688128 0.753664 0.589824 0.8192 0.540672 0.770048 0.950272 0.884736 0.688128 0.688128 0.868352 0.868352 0.622592 0.73728 0.770048 0.688128 0.720896 0.851968 0.720896 0.73728 0.786432 0.671744 0.720896 
Utility: 4.65433 4.54271 4.27193 4.43097 4.03493 4.52161 4.27645 4.10651 4.36873 4.36151 4.56031 4.055 4.61492 4.26974 4.55702 4.49474 4.51566 5.01545 4.30863 4.41488 4.47857 4.88062 4.28544 3.85197 4.72199 4.55824 4.85358 4.64377 4.24191 4.18374 

--------------------------------------
Time: 28.5172
Split Ratios: 1 1 0.694 0.306 1 0.858 0.142 1 0.576 0.424 1 1 1 0.482 0.437 0.081 1 1 0.016 0.984 1 1 0.234 0.766 1 1 1 0.63 0.37 1 1 1 1 1 1 1 0.138 0.862 0.189 0.811 
Delays: 0.0076517 0.0074666 0.00989526 0.00764581 0.0112243 0.00758784 0.0095535 0.011426 0.00938549 0.0074664 0.0083479 0.00941468 0.00767044 0.0131461 0.00938986 0.00764666 0.00752454 0.00589352 0.0114199 0.00750935 0.00788441 0.00569005 0.00937506 0.0151425 0.00751797 0.00756349 0.00576462 0.00757329 0.00956019 0.0110577 
Throughputs: 0.868352 0.671744 0.671744 0.622592 0.638976 0.835584 0.688128 0.73728 0.606208 0.753664 0.65536 0.589824 0.90112 0.540672 0.704512 0.65536 0.688128 0.753664 0.933888 0.688128 0.671744 0.8192 0.835584 0.638976 0.884736 0.950272 0.73728 0.638976 0.57344 0.917504 
Utility: 4.73167 4.49944 4.21782 4.39973 4.04179 4.70158 4.27707 4.16708 4.16806 4.61453 4.36317 4.13755 4.76626 3.71669 4.31787 4.45092 4.51581 4.85109 4.404 4.51783 4.44499 4.96961 4.49008 3.74236 4.76799 4.83342 4.85123 4.43524 4.09405 4.41853 

--------------------------------------
Time: 29.0174
Split Ratios: 1 1 0.694 0.306 1 0.858 0.142 1 0.576 0.424 1 1 1 0.482 0.437 0.081 1 1 0.016 0.984 1 1 0.234 0.766 1 1 1 0.63 0.37 1 1 1 1 1 1 1 0.138 0.862 0.189 0.811 
Delays: 0.00764873 0.00752474 0.0103167 0.0079776 0.0110997 0.00751548 0.00970386 0.0112249 0.00933926 0.00748306 0.00860889 0.0094163 0.00762352 0.0131185 0.00937857 0.00775475 0.00746883 0.00579126 0.0114966 0.00756843 0.00807188 0.00589462 0.00954438 0.0156138 0.00755694 0.0074626 0.00573863 0.00766058 0.00966032 0.0109441 
Throughputs: 0.802816 0.770048 0.557056 0.65536 0.540672 1.08134 0.589824 0.589824 0.557056 0.524288 0.884736 0.688128 0.720896 0.589824 0.851968 0.720896 0.622592 0.999424 0.884736 0.606208 0.622592 0.802816 0.73728 0.688128 0.802816 0.851968 0.704512 0.8192 0.557056 0.638976 
Utility: 4.65359 4.62826 3.9889 4.40855 3.88589 4.96899 4.1073 3.96169 4.08844 4.2494 4.63249 4.29153 4.54926 3.8058 4.50912 4.53219 4.42315 5.15083 4.34324 4.38324 4.3455 4.91408 4.34702 3.78582 4.66566 4.73764 4.81028 4.67224 4.05464 4.06706 

--------------------------------------
Time: 29.5184
Split Ratios: 1 1 0.694 0.306 1 0.858 0.142 1 0.576 0.424 1 1 1 0.482 0.437 0.081 1 1 0.016 0.984 1 1 0.234 0.766 1 1 1 0.63 0.37 1 1 1 1 1 1 1 0.138 0.862 0.189 0.811 
Delays: 0.00767263 0.00755 0.0098922 0.00754189 0.0112494 0.00753865 0.00954669 0.0113774 0.00950151 0.00756767 0.00840617 0.00950067 0.00762979 0.0131911 0.00936318 0.00764506 0.0074662 0.00590276 0.0114011 0.00769394 0.00820819 0.00575321 0.00934437 0.0153213 0.00766524 0.007641 0.00574033 0.00761433 0.00962758 0.0109572 
Throughputs: 0.802816 0.8192 0.65536 0.589824 0.524288 0.638976 0.884736 0.966656 0.720896 0.442368 0.851968 0.851968 0.98304 0.704512 0.720896 0.540672 0.688128 0.73728 0.704512 0.704512 0.622592 0.753664 0.753664 0.786432 0.835584 0.688128 0.753664 0.835584 0.704512 0.770048 
Utility: 4.65047 4.68678 4.19344 4.35935 3.84173 4.43982 4.5291 4.44221 4.32904 4.06826 4.61858 4.49619 4.85859 3.97796 4.34371 4.25875 4.52359 4.82755 4.12379 4.51707 4.32876 4.87519 4.39017 3.93826 4.69144 4.50045 4.87743 4.6981 4.29287 4.25246 

--------------------------------------
Time: 30.0192
Split Ratios: 1 1 0.694 0.306 1 0.858 0.142 1 0.576 0.424 1 1 1 0.482 0.437 0.081 1 1 0.016 0.984 1 1 0.234 0.766 1 1 1 0.63 0.37 1 1 1 1 1 1 1 0.138 0.862 0.189 0.811 
Delays: 0.00778207 0.00759961 0.0105607 0.00761932 0.0112678 0.00748152 0.00975491 0.0112678 0.00927897 0.00751556 0.00883198 0.00950714 0.00761478 0.013298 0.00939565 0.00789243 0.00746284 0.00598877 0.0116095 0.00760016 0.00811591 0.00585842 0.00950276 0.0152727 0.00744784 0.0076245 0.00597057 0.00758033 0.00963851 0.0109383 
Throughputs: 0.835584 0.786432 0.638976 0.73728 0.720896 0.802816 0.8192 0.507904 0.57344 0.8192 0.786432 0.720896 0.753664 0.720896 0.73728 0.638976 0.622592 0.884736 0.720896 0.753664 0.638976 0.868352 0.589824 0.671744 0.622592 0.802816 0.786432 0.770048 0.622592 1.03219 
Utility: 4.67631 4.63941 4.10273 4.57228 4.15855 4.67569 4.43056 3.80834 4.1239 4.69135 4.48913 4.32845 4.59486 3.99288 4.36272 4.39396 4.42396 4.9954 4.12868 4.59678 4.36604 4.99872 4.12824 3.78381 4.42597 4.65676 4.88066 4.6209 4.16812 4.54717 

--------------------------------------
Time: 30.5197
Split Ratios: 1 1 0.694 0.306 1 0.858 0.142 1 0.576 0.424 1 1 1 0.482 0.437 0.081 1 1 0.016 0.984 1 1 0.234 0.766 1 1 1 0.63 0.37 1 1 1 1 1 1 1 0.138 0.862 0.189 0.811 
Delays: 0.00756109 0.00751971 0.00973994 0.00764261 0.01111 0.00751947 0.00962168 0.0113657 0.00940155 0.00748498 0.00837467 0.00956252 0.00769511 0.0132645 0.00931159 0.00748522 0.0075123 0.00573125 0.0116766 0.00761084 0.00848371 0.00583483 0.0095771 0.0153171 0.00753103 0.00752798 0.00574414 0.00761812 0.00954158 0.0109242 
Throughputs: 0.770048 0.786432 0.540672 0.589824 0.606208 0.884736 0.671744 0.704512 0.540672 0.57344 0.65536 0.557056 0.786432 0.688128 0.851968 0.589824 0.753664 0.720896 1.01581 0.835584 0.638976 0.999424 0.753664 0.884736 0.720896 0.8192 0.786432 0.720896 0.524288 0.73728 
Utility: 4.62344 4.64998 4.01658 4.34608 3.99938 4.76779 4.24586 4.12691 4.05194 4.33875 4.35997 4.06481 4.62692 3.94888 4.51629 4.36689 4.6084 4.83456 4.46586 4.69856 4.32172 5.14333 4.36557 4.05632 4.56146 4.6897 4.91933 4.54997 4.00638 4.21199 

--------------------------------------
Time: 31.0198
Split Ratios: 1 1 0.694 0.306 1 0.858 0.142 1 0.576 0.424 1 1 1 0.482 0.437 0.081 1 1 0.016 0.984 1 1 0.234 0.766 1 1 1 0.63 0.37 1 1 1 1 1 1 1 0.138 0.862 0.189 0.811 
Delays: 0.00762467 0.00755203 0.00967532 0.00760151 0.011006 0.00747592 0.0097203 0.0114008 0.00938518 0.00747889 0.00848543 0.00950141 0.00758342 0.0133787 0.0094198 0.00768717 0.00754263 0.00575823 0.0113575 0.00747638 0.00799226 0.00562852 0.00948075 0.0152002 0.00757204 0.00765418 0.00565381 0.0076498 0.00962402 0.0110956 
Throughputs: 0.524288 0.606208 0.622592 0.49152 0.720896 0.851968 0.802816 0.770048 0.557056 0.622592 0.770048 0.638976 0.753664 0.753664 0.753664 0.851968 0.606208 0.802816 0.622592 0.49152 0.589824 0.753664 0.720896 0.65536 0.73728 0.999424 0.671744 0.884736 0.557056 0.770048 
Utility: 4.23065 4.38541 4.16431 4.16916 4.18205 4.73586 4.41391 4.21277 4.08353 4.42181 4.5081 4.20843 4.59898 4.03129 4.38213 4.708 4.38665 4.93749 4.00401 4.18575 4.30135 4.8971 4.33123 3.76388 4.5785 4.87193 4.77755 4.75061 4.0584 4.2399 

--------------------------------------
Time: 31.5198
Split Ratios: 1 1 0.694 0.306 1 0.858 0.142 1 0.576 0.424 1 1 1 0.482 0.437 0.081 1 1 0.016 0.984 1 1 0.234 0.766 1 1 1 0.63 0.37 1 1 1 1 1 1 1 0.138 0.862 0.189 0.811 
Delays: 0.00767344 0.00745604 0.0102838 0.00756711 0.010941 0.00742139 0.0096428 0.0113773 0.00957391 0.00745851 0.00845594 0.009345 0.00747935 0.0131407 0.00935319 0.00785725 0.00749897 0.00572452 0.0113102 0.00748078 0.00797836 0.0057343 0.00938571 0.0151028 0.00757515 0.0076014 0.00572624 0.00761119 0.0095035 0.0110593 
Throughputs: 0.540672 0.720896 0.507904 0.688128 0.458752 0.720896 0.65536 0.786432 0.704512 0.688128 0.753664 0.671744 0.606208 0.638976 0.884736 0.786432 0.589824 0.786432 0.835584 0.73728 0.671744 0.638976 0.671744 0.671744 0.98304 0.950272 0.8192 0.622592 0.720896 0.720896 
Utility: 4.25505 4.57147 3.89973 4.51016 3.736 4.57613 4.21897 4.23588 4.29846 4.52462 4.49008 4.27504 4.39508 3.88415 4.54957 4.60607 4.36506 4.92275 4.30242 4.59063 4.43314 4.7134 4.27069 3.795 4.86578 4.82842 4.96327 4.40427 4.32884 4.17722 

--------------------------------------
Time: 32.0199
Split Ratios: 1 1 0.694 0.306 1 0.858 0.142 1 0.576 0.424 1 1 1 0.482 0.437 0.081 1 1 0.016 0.984 1 1 0.234 0.766 1 1 1 0.63 0.37 1 1 1 1 1 1 1 0.138 0.862 0.189 0.811 
Delays: 0.00756854 0.00752543 0.0105965 0.0076895 0.0111755 0.00744099 0.00961477 0.0113654 0.00937427 0.00755918 0.00861554 0.00962301 0.0076314 0.0131198 0.00930033 0.00780097 0.00748888 0.00578187 0.0115769 0.00775569 0.00849424 0.00577789 0.00940575 0.0151803 0.00758603 0.00750436 0.00568186 0.00763754 0.00955551 0.0108852 
Throughputs: 0.835584 0.753664 0.57344 0.802816 0.65536 0.704512 0.753664 0.851968 0.720896 0.868352 0.638976 0.589824 0.753664 0.770048 0.688128 0.753664 0.851968 0.802816 0.98304 0.606208 0.704512 0.770048 0.671744 0.475136 0.786432 0.688128 0.802816 0.704512 0.57344 0.770048 
Utility: 4.70413 4.60666 3.99113 4.64827 4.07146 4.5505 4.36165 4.31698 4.34253 4.74383 4.3063 4.11567 4.59267 4.07233 4.30393 4.5707 4.73413 4.9334 4.44164 4.3588 4.41812 4.89242 4.26856 3.4436 4.6412 4.51849 4.95085 4.52443 4.09454 4.25905 

--------------------------------------
Time: 32.52
Split Ratios: 1 1 0.694 0.306 1 0.858 0.142 1 0.576 0.424 1 1 1 0.482 0.437 0.081 1 1 0.016 0.984 1 1 0.234 0.766 1 1 1 0.63 0.37 1 1 1 1 1 1 1 0.138 0.862 0.189 0.811 
Delays: 0.007646 0.00749189 0.0103539 0.00759799 0.0111705 0.00748275 0.00971036 0.0113401 0.00945692 0.00744061 0.00840092 0.00946217 0.00760984 0.0134085 0.0093624 0.00769458 0.00753611 0.00581557 0.0114089 0.00766619 0.0081007 0.00587523 0.00948051 0.0150933 0.00756148 0.00748335 0.00572647 0.00759155 0.00955767 0.0107236 
Throughputs: 0.835584 0.57344 0.688128 0.622592 0.671744 0.753664 0.65536 0.933888 0.65536 0.638976 0.622592 0.720896 0.65536 0.786432 0.786432 0.720896 0.622592 0.851968 0.786432 0.786432 0.606208 0.65536 0.507904 0.720896 0.770048 0.786432 0.589824 0.753664 0.606208 0.770048 
Utility: 4.69395 4.33783 4.19662 4.40601 4.0966 4.61235 4.21199 4.41101 4.23844 4.45291 4.30555 4.33319 4.45574 4.07162 4.4308 4.53998 4.41419 4.98701 4.23311 4.63069 4.31527 4.71444 3.98105 3.86625 4.62339 4.65483 4.63473 4.59791 4.14988 4.27401 

--------------------------------------
Time: 33.0201
Split Ratios: 1 1 0.694 0.306 1 0.858 0.142 1 0.576 0.424 1 1 1 0.482 0.437 0.081 1 1 0.016 0.984 1 1 0.234 0.766 1 1 1 0.63 0.37 1 1 1 1 1 1 1 0.138 0.862 0.189 0.811 
Delays: 0.00760593 0.0076492 0.010258 0.00762951 0.0114752 0.00750882 0.00951516 0.0113611 0.00953267 0.00746406 0.00858105 0.00968974 0.00769149 0.01334 0.00933886 0.00763569 0.00748796 0.00576512 0.0114303 0.00769898 0.00823544 0.00585081 0.00953011 0.015242 0.00759031 0.00751258 0.00569507 0.00765566 0.00959614 0.0111213 
Throughputs: 0.90112 0.688128 0.704512 0.671744 0.704512 0.8192 0.688128 0.98304 0.704512 0.65536 0.704512 0.638976 0.868352 0.704512 0.917504 0.835584 0.589824 0.606208 0.835584 0.57344 0.557056 0.98304 0.802816 0.851968 0.835584 0.688128 0.671744 0.688128 0.835584 0.802816 
Utility: 4.77471 4.49937 4.22945 4.47785 4.11732 4.69225 4.28109 4.46045 4.30278 4.47509 4.40795 4.1888 4.72648 3.96674 4.58747 4.6953 4.36653 4.6554 4.29186 4.31057 4.21422 5.12407 4.43367 4.02349 4.70126 4.5174 4.77028 4.49853 4.46677 4.27926 

--------------------------------------
Time: 33.5202
Split Ratios: 1 1 0.694 0.306 1 0.858 0.142 1 0.576 0.424 1 1 1 0.482 0.437 0.081 1 1 0.016 0.984 1 1 0.234 0.766 1 1 1 0.63 0.37 1 1 1 1 1 1 1 0.138 0.862 0.189 0.811 
Delays: 0.00768381 0.00772302 0.0100115 0.00773028 0.0110069 0.00746169 0.00964861 0.0114336 0.00935933 0.00751898 0.00844512 0.00957445 0.00758139 0.0130837 0.00936682 0.00771927 0.0074837 0.00585205 0.0115214 0.00755766 0.00834411 0.00573973 0.00951855 0.0154794 0.00747114 0.00755291 0.00586756 0.00754579 0.00960856 0.0108476 
Throughputs: 0.786432 0.835584 0.73728 0.835584 0.622592 0.98304 0.638976 0.73728 0.638976 0.688128 0.557056 0.57344 1.04858 0.557056 0.966656 0.688128 0.770048 0.786432 0.786432 0.688128 0.57344 0.851968 0.720896 0.786432 0.720896 0.966656 0.851968 0.622592 0.540672 0.688128 
Utility: 4.62839 4.68392 4.29923 4.68299 4.03537 4.88087 4.19305 4.16641 4.22349 4.51654 4.18908 4.09256 4.92949 3.7513 4.63667 4.49026 4.63373 4.90071 4.2233 4.51141 4.2301 5.00014 4.32725 3.928 4.56945 4.85191 4.97811 4.4129 4.03016 4.15003 

--------------------------------------
Time: 34.0208
Split Ratios: 1 1 0.694 0.306 1 0.858 0.142 1 0.576 0.424 1 1 1 0.482 0.437 0.081 1 1 0.016 0.984 1 1 0.234 0.766 1 1 1 0.63 0.37 1 1 1 1 1 1 1 0.138 0.862 0.189 0.811 
Delays: 0.00750479 0.00754152 0.0102457 0.00774623 0.0113291 0.00749439 0.0096618 0.0113907 0.00942456 0.00745174 0.00844591 0.00953975 0.00768409 0.013119 0.00934852 0.00765612 0.00747574 0.00571478 0.0115717 0.00760251 0.00825864 0.00581803 0.00935829 0.0152901 0.00757398 0.00751851 0.00573906 0.00772232 0.00966338 0.010943 
Throughputs: 0.802816 0.73728 0.49152 0.704512 0.638976 0.540672 0.606208 0.65536 0.688128 0.442368 0.753664 0.425984 0.835584 0.57344 1.06496 0.589824 0.589824 0.8192 0.8192 0.73728 0.589824 0.73728 0.557056 0.753664 0.786432 0.720896 0.933888 0.835584 0.606208 0.73728 
Utility: 4.67258 4.58254 3.87064 4.5103 4.03249 4.27866 4.13904 4.05239 4.29066 4.08369 4.49126 3.79893 4.68898 3.77759 4.73547 4.34432 4.36816 4.96527 4.25977 4.57449 4.26856 4.84201 4.0864 3.89774 4.64279 4.56313 5.09206 4.68402 4.13888 4.21027 

--------------------------------------
Time: 34.5212
Split Ratios: 1 1 0.694 0.306 1 0.858 0.142 1 0.576 0.424 1 1 1 0.482 0.437 0.081 1 1 0.016 0.984 1 1 0.234 0.766 1 1 1 0.63 0.37 1 1 1 1 1 1 1 0.138 0.862 0.189 0.811 
Delays: 0.00758746 0.00752034 0.0104708 0.00758539 0.0110273 0.00747833 0.00966664 0.0113569 0.00953442 0.00748751 0.00859805 0.00947359 0.00760039 0.0133234 0.00941388 0.00759027 0.00748169 0.00566357 0.0113582 0.00775693 0.00813264 0.00578282 0.00940126 0.0152953 0.00752799 0.00750384 0.0057622 0.00759448 0.00971491 0.0110082 
Throughputs: 0.557056 0.65536 0.589824 0.835584 0.622592 0.589824 0.868352 0.770048 0.704512 0.622592 0.786432 0.65536 0.786432 0.49152 0.73728 0.90112 0.671744 0.753664 0.720896 0.622592 0.638976 0.884736 0.622592 0.73728 0.868352 0.786432 0.73728 0.770048 0.835584 0.688128 
Utility: 4.29617 4.46757 4.03124 4.70191 4.03352 4.36781 4.49792 4.21662 4.3026 4.42066 4.51597 4.23668 4.63931 3.60798 4.36078 4.77677 4.49742 4.89089 4.15055 4.38531 4.36398 5.0304 4.19305 3.87542 4.74797 4.65209 4.85165 4.61903 4.45447 4.13533 

--------------------------------------
Time: 35.0215
Split Ratios: 1 1 0.694 0.306 1 0.858 0.142 1 0.576 0.424 1 1 1 0.482 0.437 0.081 1 1 0.016 0.984 1 1 0.234 0.766 1 1 1 0.63 0.37 1 1 1 1 1 1 1 0.138 0.862 0.189 0.811 
Delays: 0.0076692 0.0075228 0.0102922 0.0076606 0.0113512 0.00747061 0.00962544 0.0113735 0.00944843 0.0075141 0.00864862 0.00944618 0.00758034 0.0133427 0.0094 0.00781267 0.00746655 0.0058271 0.0113405 0.00769533 0.00845397 0.00590344 0.00950746 0.0152815 0.00765697 0.00760332 0.00566121 0.00756566 0.00971201 0.0109517 
Throughputs: 0.704512 0.770048 0.638976 0.57344 0.589824 0.802816 0.720896 0.933888 0.73728 0.606208 1.01581 0.557056 0.65536 0.688128 0.868352 0.98304 0.589824 0.786432 0.786432 0.753664 0.671744 0.802816 0.8192 0.933888 0.98304 0.704512 0.704512 0.704512 0.606208 0.720896 
Utility: 4.52029 4.62852 4.12848 4.31556 3.9505 4.67715 4.31609 4.40807 4.35712 4.39044 4.76604 4.07706 4.45963 3.943 4.52589 4.8349 4.36939 4.90499 4.23912 4.58433 4.37524 4.91259 4.45625 4.11272 4.85503 4.52892 4.82387 4.53389 4.13386 4.187 

--------------------------------------
Time: 35.5216
Split Ratios: 1 1 0.694 0.306 1 0.858 0.142 1 0.576 0.424 1 1 1 0.482 0.437 0.081 1 1 0.016 0.984 1 1 0.234 0.766 1 1 1 0.63 0.37 1 1 1 1 1 1 1 0.138 0.862 0.189 0.811 
Delays: 0.00751632 0.00755479 0.00985704 0.00761671 0.0112039 0.00745428 0.00952996 0.0114442 0.00971472 0.00748975 0.00875142 0.00971471 0.00762149 0.0133275 0.00931391 0.00762231 0.00750168 0.00570472 0.0115445 0.00755644 0.00866357 0.0058261 0.00949138 0.0151995 0.00763453 0.00753318 0.00575297 0.0078403 0.00962117 0.0110134 
Throughputs: 0.57344 0.622592 0.49152 0.65536 0.770048 0.704512 0.720896 0.73728 0.622592 0.753664 0.622592 0.688128 0.73728 0.65536 0.638976 0.65536 0.720896 0.589824 0.90112 0.671744 0.622592 1.01581 0.868352 0.688128 0.770048 0.802816 0.753664 0.851968 0.638976 0.688128 
Utility: 4.33458 4.41171 3.90932 4.45484 4.23019 4.54872 4.32605 4.16549 4.16025 4.61141 4.26468 4.26033 4.572 3.89536 4.22836 4.4541 4.56537 4.63853 4.35743 4.48748 4.27476 5.16109 4.51621 3.81272 4.61377 4.66881 4.87523 4.68827 4.1959 4.13486 

--------------------------------------
Time: 36.0216
Split Ratios: 1 1 0.694 0.306 1 0.858 0.142 1 0.576 0.424 1 1 1 0.482 0.437 0.081 1 1 0.016 0.984 1 1 0.234 0.766 1 1 1 0.63 0.37 1 1 1 1 1 1 1 0.138 0.862 0.189 0.811 
Delays: 0.00764011 0.00750572 0.0103846 0.00764618 0.0110842 0.00756715 0.00971933 0.011407 0.00942516 0.00746209 0.00870889 0.00952843 0.00755794 0.0134149 0.00938382 0.00775403 0.00747846 0.00591164 0.0115086 0.00755896 0.00853586 0.00593164 0.00953109 0.015426 0.00759143 0.00756157 0.00583045 0.00761119 0.00964212 0.0109427 
Throughputs: 0.606208 0.90112 0.606208 0.835584 0.786432 0.720896 0.835584 0.950272 0.671744 0.65536 0.802816 0.688128 0.770048 0.524288 0.884736 0.65536 0.65536 0.868352 0.770048 0.507904 0.90112 0.73728 0.622592 0.622592 0.589824 0.786432 0.704512 0.73728 0.868352 0.917504 
Utility: 4.37381 4.78797 4.0669 4.69392 4.26199 4.55668 4.45401 4.42252 4.2665 4.47535 4.52378 4.2797 4.62385 3.66568 4.5463 4.43697 4.47316 4.98967 4.20336 4.20756 4.65936 4.82267 4.17933 3.69784 4.3528 4.64443 4.79441 4.57335 4.50046 4.42899 

