--------------------------------------
Time: 5.50006
Split Ratios: 1 1 1 1 1 1 1 1 1 1 1 1 1 1 1 1 1 1 1 1 1 1 1 1 1 1 1 1 1 1 
Delays: 0.00995281 0.101468 0.0836538 0.162125 0.0100624 0.164708 0.0929794 0.111944 0.0108768 0.16392 0.172955 0.0673051 0.0657882 0.00637185 0.00923969 0.0107919 0.0133104 0.0162219 0.0686218 0.123586 0.00577621 0.0338011 0.00949868 0.0125386 0.130898 0.109687 0.00574314 0.15056 0.176515 0.126892 
Throughputs: 3.52256 1.81862 2.94912 1.9497 3.67002 1.40902 2.89997 2.06438 3.24403 1.5401 1.6384 3.55533 2.80166 3.32595 3.40787 3.44064 4.83328 4.89882 3.19488 2.40845 3.19488 4.47283 4.99712 4.4073 2.52314 2.5559 3.75194 1.3271 1.72032 1.68755 
Utility: 5.86909 2.88609 3.56257 2.48706 5.89915 2.14648 3.44008 2.91459 5.69794 2.24022 2.24845 3.96697 3.75153 6.25762 5.91033 5.76462 5.89473 5.71039 3.8407 2.9698 6.31556 4.88528 6.26546 5.8622 2.95884 3.14853 6.48202 2.1764 2.27686 2.5877 

--------------------------------------
Time: 6.00008
Split Ratios: 1 1 1 1 1 1 1 1 1 1 1 1 1 1 1 1 1 1 1 1 1 1 1 1 1 1 1 1 1 1 
Delays: 0.0108954 0.282055 0.236538 0.485756 0.00998405 0.490037 0.280096 0.293176 0.0111347 0.483078 0.480406 0.176595 0.177634 0.00645047 0.00946337 0.0117575 0.0149803 0.0433905 0.175192 0.365907 0.00572366 0.0582246 0.00970175 0.0140668 0.358372 0.289482 0.0056639 0.487532 0.489214 0.357447 
Throughputs: 3.5881 2.08077 2.99827 1.88416 3.80109 1.50733 2.88358 2.31014 3.44064 1.3271 1.78586 3.04742 3.67002 3.52256 3.21126 4.29261 4.4073 5.30842 2.99827 2.4576 2.8672 4.4073 4.66944 4.30899 2.71974 2.65421 3.21126 1.40902 1.81862 1.55648 
Utility: 5.79704 1.99839 2.53968 1.35553 5.94205 1.12361 2.33166 2.06429 5.73335 1.01058 1.31302 2.84819 3.02823 6.30279 5.82699 5.90016 5.68428 4.80681 2.83991 1.90456 6.21648 4.32671 6.17649 5.72464 2.02672 2.21581 6.34031 1.0613 1.31303 1.47119 

--------------------------------------
Time: 6.50009
Split Ratios: 1 1 1 1 1 1 1 1 1 1 1 1 1 1 1 1 1 1 1 1 1 1 1 1 1 1 1 1 1 1 
Delays: 0.0105732 0.495897 0.390487 0.794807 0.0119943 0.808918 0.482149 0.495979 0.0111189 0.804409 0.805393 0.276928 0.279174 0.00655329 0.0095588 0.0116827 0.0159374 0.0694788 0.277593 0.590004 0.00567916 0.0791633 0.00953587 0.0128065 0.585848 0.486146 0.00574706 0.795669 0.804383 0.597067 
Throughputs: 3.57171 2.09715 2.98189 1.5401 3.98131 1.49094 2.58867 2.4576 3.60448 1.19603 2.12992 3.47341 2.89997 3.32595 3.35872 3.65363 5.02989 5.25926 3.32595 2.40845 2.98189 4.45645 5.09542 4.03046 2.4576 2.5559 3.45702 1.58925 1.7367 1.86778 
Utility: 5.82248 1.44197 2.03292 0.6615 5.80494 0.611467 1.68065 1.60041 5.78129 0.396657 0.97251 2.52913 2.34062 6.22954 5.86185 5.74536 5.75449 4.32673 2.48335 1.40661 6.26351 4.03059 6.28104 5.75168 1.43388 1.65965 6.39948 0.691833 0.769669 1.14047 

--------------------------------------
Time: 7.00013
Split Ratios: 1 1 1 1 1 1 1 1 1 1 1 1 1 1 1 1 1 1 1 1 1 1 1 1 1 1 1 1 1 1 
Delays: 0.0108045 0.670831 0.545201 0.890833 0.0120634 0.895127 0.674015 0.673863 0.0111919 0.892406 0.894524 0.389707 0.388976 0.00631295 0.0094761 0.011398 0.0201631 0.0665709 0.388049 0.836885 0.00574734 0.0699278 0.010155 0.0172463 0.819962 0.676032 0.00573836 0.892428 0.892547 0.828575 
Throughputs: 3.45702 2.24461 3.03104 2.27738 3.81747 1.21242 2.85082 2.12992 3.67002 1.40902 2.08077 3.21126 3.40787 3.73555 3.14573 4.11238 4.9152 5.27565 3.11296 2.24461 2.9655 4.44006 5.30842 4.68582 2.34291 2.52314 3.24403 1.24518 1.50733 2.08077 
Utility: 5.7682 1.20777 1.71551 0.938622 5.75716 0.303405 1.44211 1.15081 5.79276 0.456732 0.8442 2.10902 2.17033 6.38305 5.80503 5.88832 5.49623 4.37259 2.0822 0.9866 6.24606 4.15096 6.25908 5.6047 1.04989 1.31702 6.3374 0.333093 0.524014 0.920785 

--------------------------------------
Time: 7.50018
Split Ratios: 1 1 1 1 1 1 1 1 1 1 1 1 1 1 1 1 1 1 1 1 1 1 1 1 1 1 1 1 1 1 
Delays: 0.0103248 0.84381 0.707256 0.890843 0.00941483 0.895328 0.834506 0.846315 0.0117746 0.892488 0.894514 0.517503 0.520496 0.00734316 0.00951125 0.0109356 0.0118728 0.060121 0.516318 1.07487 0.00569877 0.0667558 0.00997047 0.0118943 1.06097 0.851111 0.00578843 0.892445 0.892406 1.0659 
Throughputs: 3.39149 1.81862 3.26042 1.96608 3.45702 1.52371 2.68698 2.32653 3.29318 1.47456 1.80224 3.30957 3.35872 3.91578 3.44064 3.7847 4.39091 5.11181 3.06381 2.03162 2.99827 4.6039 4.96435 4.47283 2.58867 2.71974 3.50618 1.35987 1.58925 1.81862 
Utility: 5.79447 0.767908 1.52822 0.791629 5.90588 0.531714 1.16933 1.01124 5.63366 0.502102 0.700505 1.85556 1.86453 6.279 5.89094 5.84669 5.91304 4.44295 1.78069 0.636631 6.26554 4.23362 6.21041 5.92971 0.891961 1.16175 6.40642 0.421182 0.577095 0.534258 

--------------------------------------
Time: 8.00021
Split Ratios: 1 1 1 1 1 1 1 1 1 1 1 1 1 1 1 1 1 1 1 1 1 1 1 1 1 1 1 1 1 1 
Delays: 0.0109193 0.891768 0.854271 0.890627 0.0147035 0.894807 0.890111 0.915617 0.0107141 0.892537 0.894374 0.603255 0.603475 0.00631456 0.00943032 0.0117671 0.0197918 0.0672042 0.605007 1.30555 0.00582087 0.0877479 0.00955818 0.0148901 1.29813 0.914183 0.00575047 0.892351 0.892524 1.30859 
Throughputs: 3.7847 2.24461 2.63782 1.99885 3.73555 1.3271 2.81805 2.40845 3.60448 1.60563 1.83501 3.67002 3.19488 3.34234 3.21126 4.01408 4.84966 5.06266 2.85082 2.29376 3.7847 4.65306 4.42368 4.35814 2.9655 2.3593 3.57171 1.17965 1.80224 1.85139 
Utility: 5.8482 0.92308 1.12746 0.8084 5.53757 0.394146 1.15245 0.96714 5.81838 0.587205 0.71868 1.80561 1.6666 6.27157 5.83049 5.83226 5.5014 4.32191 1.55012 0.563566 6.47727 3.97081 6.13733 5.67911 0.826119 0.948087 6.43152 0.279112 0.702732 0.346985 

--------------------------------------
Time: 8.50027
Split Ratios: 1 1 1 1 1 1 1 1 1 1 1 1 1 1 1 1 1 1 1 1 1 1 1 1 1 1 1 1 1 1 
Delays: 0.0104628 0.891727 0.891484 0.890743 0.0100733 0.894928 0.890011 0.899025 0.0106717 0.892453 0.894403 0.696973 0.697256 0.00630044 0.00895462 0.0108523 0.0125243 0.0792922 0.692119 1.45528 0.00574009 0.0893115 0.00937169 0.0114496 1.45816 0.897262 0.00583044 0.8924 0.892686 1.46049 
Throughputs: 4.22707 2.08077 1.96608 1.88416 3.50618 1.31072 2.58867 2.26099 3.65363 1.44179 1.76947 3.26042 3.29318 3.60448 3.08019 3.50618 4.70221 5.14458 3.12934 2.53952 3.29318 4.57114 4.98074 4.30899 3.01466 2.70336 3.67002 1.50733 1.75309 2.17907 
Utility: 6.00144 0.847332 0.790909 0.749181 5.85239 0.381589 1.06767 0.922249 5.83589 0.479668 0.68228 1.54286 1.55246 6.34931 5.84058 5.7779 5.92812 4.17256 1.50882 0.556777 6.35214 3.93539 6.27564 5.9305 0.726309 1.1029 6.44486 0.524179 0.674899 0.400127 

--------------------------------------
Time: 9.00033
Split Ratios: 1 1 1 1 1 1 1 1 1 1 1 1 1 1 1 1 1 1 1 1 1 1 1 1 1 1 1 1 1 1 
Delays: 0.0101517 0.891874 0.8915 0.890772 0.0106612 0.894681 0.890134 0.911469 0.0109182 0.892288 0.894305 0.816896 0.821957 0.00629098 0.00898433 0.0114197 0.0120443 0.0971908 0.814675 1.58398 0.00568416 0.112911 0.00897754 0.0108993 1.57776 0.9102 0.00580553 0.892367 0.892497 1.58534 
Throughputs: 3.45702 1.96608 2.06438 1.7367 3.91578 1.52371 2.68698 2.27738 3.62086 1.40902 1.88416 3.42426 3.21126 3.26042 3.29318 3.88301 4.44006 5.19373 3.09658 2.71974 3.19488 4.52198 4.39091 4.62029 2.88358 2.62144 3.5881 1.42541 1.78586 2.048 
Utility: 5.83052 0.790472 0.839682 0.667656 5.90615 0.532437 1.1048 0.915722 5.80404 0.456864 0.74519 1.43313 1.36273 6.25049 5.90413 5.82903 5.90983 3.97853 1.33526 0.540594 6.33162 3.69011 6.19257 6.04952 0.603028 1.05781 6.42657 0.468336 0.69363 0.256062 

--------------------------------------
Time: 9.50039
Split Ratios: 1 1 1 1 1 1 1 1 1 1 1 1 1 1 1 1 1 1 1 1 1 1 1 1 1 1 1 1 1 1 
Delays: 0.0102554 0.891841 0.891435 0.890869 0.0121413 0.89525 0.890168 0.916842 0.0104333 0.892415 0.894411 0.892268 0.892856 0.00613424 0.00945557 0.0115891 0.0187073 0.138887 0.892464 1.69526 0.00568057 0.169272 0.00998738 0.0163818 1.69106 0.914255 0.00577945 0.8925 0.89286 1.69455 
Throughputs: 4.03046 2.12992 1.91693 1.85139 3.83386 1.75309 2.93274 2.21184 3.12934 1.17965 1.7367 3.06381 3.67002 3.32595 3.70278 3.94854 4.98074 5.21011 2.98189 2.60506 3.19488 4.5056 4.65306 4.52198 2.94912 2.71974 3.40787 1.34349 1.81862 2.24461 
Utility: 5.97383 0.870552 0.765647 0.731496 5.75502 0.672032 1.19228 0.880645 5.70358 0.27904 0.663579 1.23365 1.41353 6.29563 5.97024 5.83104 5.58442 3.6247 1.20633 0.429619 6.33225 3.28157 6.14396 5.62054 0.556151 1.09018 6.37953 0.408998 0.711406 0.281114 

--------------------------------------
Time: 10.0004
Split Ratios: 1 1 1 1 1 1 1 1 1 1 1 1 1 1 1 1 1 1 1 1 1 1 1 1 1 1 1 1 1 1 
Delays: 0.0112449 0.891538 0.891522 0.890659 0.00982903 0.895274 0.88984 0.907372 0.0109297 0.892574 0.894341 0.892797 0.893284 0.00622749 0.00966546 0.0122145 0.0118119 0.143119 0.892844 1.77521 0.00583552 0.157211 0.00978448 0.0111903 1.77258 0.904411 0.00585308 0.892403 0.892356 1.77475 
Throughputs: 3.91578 1.75309 1.98246 1.88416 3.6864 1.49094 2.8672 2.44122 3.32595 1.72032 1.75309 3.22765 3.40787 3.63725 3.5881 4.06323 4.48922 5.0135 3.08019 2.98189 3.30957 4.70221 4.89882 4.30899 2.75251 2.47398 3.52256 1.27795 1.58925 2.01523 
Utility: 5.85285 0.676186 0.799166 0.749276 5.92707 0.510035 1.17005 0.989699 5.71803 0.656156 0.673047 1.28515 1.33894 6.37001 5.91682 5.80711 5.94032 3.55622 1.23834 0.518638 6.34061 3.3982 6.21595 5.95341 0.440079 1.0063 6.39998 0.359096 0.577151 0.127072 

