--------------------------------------
Time: 5.50031
Split Ratios: 1 1 1 1 1 1 1 1 1 1 
Delays: 0.00943787 0.00754429 0.0055986 0.00928735 0.0056063 0.00742689 0.00957667 0.00749647 0.00754772 0.00750158 
Throughputs: 1.14688 1.14688 1.24518 0.933888 0.999424 0.966656 0.966656 1.01581 1.11411 1.21242 
Utility: 4.80007 5.02401 5.40452 4.6107 5.18329 4.86874 4.61451 4.90901 4.99457 5.08526 

--------------------------------------
Time: 6.00145
Split Ratios: 1 1 1 1 1 1 1 1 1 1 
Delays: 0.00951777 0.00754739 0.00560668 0.0095432 0.00560266 0.00745091 0.00951453 0.00747262 0.0075725 0.00751176 
Throughputs: 1.29434 1.1305 1.19603 1.26157 1.24518 1.11411 1.08134 1.04858 1.09773 1.35987 
Utility: 4.91259 5.00921 5.36281 4.88428 5.4038 5.00748 4.73314 4.94394 4.97647 5.19868 

--------------------------------------
Time: 6.50156
Split Ratios: 1 1 1 1 1 1 1 1 1 1 
Delays: 0.00940389 0.00761778 0.00562243 0.00938516 0.00572772 0.00739765 0.00950582 0.00746974 0.00766162 0.0076397 
Throughputs: 1.08134 1.24518 1.17965 1.17965 0.999424 0.999424 1.06496 0.98304 1.2288 1.39264 
Utility: 4.74484 5.09655 5.34621 4.83384 5.16186 4.90602 4.71879 4.87979 5.07757 5.2056 

--------------------------------------
Time: 7.0019
Split Ratios: 1 1 1 1 1 1 1 1 1 1 
Delays: 0.00941111 0.0074696 0.00569581 0.00945625 0.00560882 0.00740518 0.00950536 0.00745539 0.00755186 0.00747164 
Throughputs: 1.2288 0.999424 1.44179 1.06496 1.2288 0.98304 1.01581 1.03219 0.8192 1.27795 
Utility: 4.8719 4.89634 5.53391 4.72402 5.38945 4.88847 4.67158 4.9305 4.68653 5.1419 

--------------------------------------
Time: 7.50231
Split Ratios: 1 1 1 1 1 1 1 1 1 1 
Delays: 0.00941048 0.00753581 0.00572266 0.00936352 0.00575843 0.00743411 0.00947208 0.00755439 0.00752668 0.0074652 
Throughputs: 0.90112 0.999424 1.29434 1.11411 1.09773 1.1305 1.1305 1.11411 1.11411 1.3271 
Utility: 4.56181 4.88751 5.42132 4.77899 5.25033 5.02433 4.78206 4.99368 4.99736 5.1805 

--------------------------------------
Time: 8.00495
Split Ratios: 1 1 1 1 1 1 1 1 1 1 
Delays: 0.00945769 0.00757262 0.00564053 0.00944327 0.00564702 0.00742072 0.00944709 0.00745309 0.00758378 0.00755343 
Throughputs: 1.52371 1.2288 1.34349 1.04858 0.98304 1.1305 1.14688 1.01581 0.999424 1.26157 
Utility: 5.08208 5.08925 5.47305 4.70989 5.15952 5.02614 4.79909 4.91481 4.88117 5.11811 

--------------------------------------
Time: 8.50571
Split Ratios: 1 1 1 1 1 1 1 1 1 1 
Delays: 0.00950438 0.00760051 0.00574104 0.00933184 0.0056047 0.00740683 0.00960685 0.00748738 0.00759901 0.00755572 
Throughputs: 1.11411 0.966656 1.19603 0.868352 0.98304 1.21242 1.35987 1.06496 1.21242 1.37626 
Utility: 4.76406 4.84563 5.33912 4.53316 5.16704 5.09797 4.95267 4.95747 5.07235 5.20482 

--------------------------------------
Time: 9.00576
Split Ratios: 1 1 1 1 1 1 1 1 1 1 
Delays: 0.00941689 0.0074644 0.00560923 0.00933733 0.00563127 0.00742124 0.00942859 0.00748107 0.00755691 0.00750766 
Throughputs: 1.14688 1.04858 1.14688 1.2288 1.21242 1.09773 1.04858 1.16326 1.03219 1.27795 
Utility: 4.8023 4.94504 5.32039 4.87977 5.37203 4.99665 4.71144 5.04661 4.91698 5.13709 

--------------------------------------
Time: 9.50659
Split Ratios: 1 1 1 1 1 1 1 1 1 1 
Delays: 0.00939202 0.0075966 0.00565107 0.00938444 0.00571437 0.00744768 0.00956058 0.00751737 0.00755376 0.00748698 
Throughputs: 0.917504 1.27795 1.27795 1.26157 1.31072 0.933888 1.17965 1.09773 0.999424 1.44179 
Utility: 4.5818 5.12531 5.42117 4.90106 5.43535 4.83145 4.81532 4.98378 4.88513 5.26048 

--------------------------------------
Time: 10.0067
Split Ratios: 1 1 1 1 1 1 1 1 1 1 
Delays: 0.00949209 0.00762359 0.00571468 0.00941488 0.0056286 0.00742771 0.00950832 0.00746895 0.00765162 0.00757658 
Throughputs: 1.37626 1.14688 1.2288 1.06496 1.16326 0.966656 1.2288 0.966656 1.06496 1.06496 
Utility: 4.97666 5.01355 5.37076 4.7284 5.33112 4.86863 4.86163 4.86309 4.93578 4.94563 

--------------------------------------
Time: 10.5087
Split Ratios: 1 1 1 1 1 1 1 1 1 1 
Delays: 0.00962236 0.00752939 0.00565574 0.00949584 0.00567566 0.00740645 0.00954057 0.00745221 0.00758367 0.00747693 
Throughputs: 1.39264 1.16326 1.17965 0.917504 1.29434 0.884736 1.27795 1.09773 1.06496 1.14688 
Utility: 4.97487 5.04017 5.3403 4.5708 5.42957 4.78294 4.89746 4.99249 4.9447 5.03298 

--------------------------------------
Time: 11.0094
Split Ratios: 1 1 1 1 1 1 1 1 1 1 
Delays: 0.00942991 0.0076306 0.0056674 0.00939743 0.00566856 0.00741539 0.00942912 0.00745187 0.00758506 0.00745531 
Throughputs: 1.2288 1.17965 1.34349 1.29434 0.999424 0.950272 1.03219 1.01581 1.04858 1.27795 
Utility: 4.86991 5.04081 5.46829 4.92532 5.17224 4.85319 4.69564 4.91497 4.92901 5.14409 

--------------------------------------
Time: 11.5095
Split Ratios: 1 1 1 1 1 1 1 1 1 1 
Delays: 0.00945854 0.00754092 0.00565979 0.00938748 0.00559038 0.0074269 0.00949516 0.00749897 0.00754202 0.00752059 
Throughputs: 0.999424 1.03219 1.17965 1.03219 0.835584 1.26157 1.17965 1.19603 0.999424 1.3271 
Utility: 4.66026 4.9191 5.33958 4.70006 5.00708 5.135 4.82219 5.072 4.88669 5.17311 

--------------------------------------
Time: 12.0098
Split Ratios: 1 1 1 1 1 1 1 1 1 1 
Delays: 0.00944086 0.00749221 0.00564398 0.0093888 0.00571826 0.00740458 0.00943919 0.00750713 0.00746676 0.00744502 
Throughputs: 1.19603 1.01581 1.08134 0.966656 1.17965 1.01581 1.09773 1.2288 0.90112 1.03219 
Utility: 4.84172 4.90958 5.25537 4.63432 5.32931 4.92134 4.75613 5.09794 4.79318 4.93189 

--------------------------------------
Time: 12.5101
Split Ratios: 1 1 1 1 1 1 1 1 1 1 
Delays: 0.0094525 0.00751173 0.00564244 0.00932176 0.00564864 0.00743576 0.00948085 0.00748074 0.0075277 0.00758516 
Throughputs: 1.29434 1.1305 1.39264 0.884736 1.1305 0.999424 1.16326 1.09773 0.917504 1.26157 
Utility: 4.91947 5.01395 5.50864 4.55294 5.299 4.90088 4.80971 4.98867 4.80307 5.11392 

--------------------------------------
Time: 13.0105
Split Ratios: 1 1 1 1 1 1 1 1 1 1 
Delays: 0.00942139 0.00750696 0.00567147 0.00932149 0.00560727 0.00742589 0.00945756 0.00743314 0.00760945 0.0074807 
Throughputs: 1.11411 1.11411 1.31072 0.917504 1.26157 1.17965 0.950272 1.11411 1.03219 1.44179 
Utility: 4.77283 4.99998 5.44288 4.58933 5.41605 5.068 4.60993 5.00987 4.91005 5.26132 

--------------------------------------
Time: 13.5106
Split Ratios: 1 1 1 1 1 1 1 1 1 1 
Delays: 0.00940008 0.00754042 0.0056421 0.0093315 0.00569078 0.00739606 0.00948036 0.00755696 0.0075414 0.007495 
Throughputs: 1.08134 1.16326 1.37626 1.09773 0.90112 0.884736 1.08134 1.1305 0.786432 1.34349 
Utility: 4.74524 5.03871 5.49687 4.7676 5.06479 4.78434 4.73674 5.00794 4.6471 5.18879 

--------------------------------------
Time: 14.0111
Split Ratios: 1 1 1 1 1 1 1 1 1 1 
Delays: 0.00947655 0.00757986 0.00570565 0.00936425 0.00570226 0.0074525 0.00946551 0.00745687 0.00757875 0.00746549 
Throughputs: 1.11411 1.19603 1.29434 1.08134 1.42541 1.19603 1.11411 0.933888 0.98304 1.26157 
Utility: 4.76699 5.06127 5.4243 4.74906 5.52135 5.07822 4.76816 4.83022 4.8653 5.12982 

--------------------------------------
Time: 14.5111
Split Ratios: 1 1 1 1 1 1 1 1 1 1 
Delays: 0.00947564 0.0076405 0.00560921 0.00939314 0.00566615 0.00739302 0.00938249 0.00752364 0.00756703 0.00753069 
Throughputs: 1.27795 1.26157 1.09773 1.19603 1.26157 1.09773 1.11411 0.917504 1.21242 1.17965 
Utility: 4.90429 5.10665 5.27659 4.84679 5.4056 5.00046 4.77697 4.80361 5.07657 5.05398 

--------------------------------------
Time: 15.0129
Split Ratios: 1 1 1 1 1 1 1 1 1 1 
Delays: 0.00941682 0.00748877 0.00560959 0.00934921 0.00564439 0.00741035 0.00952983 0.00754185 0.00754127 0.00750599 
Throughputs: 1.2288 0.98304 1.17965 0.933888 1.37626 1.03219 1.24518 1.16326 0.917504 1.44179 
Utility: 4.8713 4.87724 5.34849 4.60406 5.49646 4.93656 4.87261 5.03852 4.80127 5.25794 

--------------------------------------
Time: 15.5132
Split Ratios: 1 1 1 1 1 1 1 1 1 1 
Delays: 0.0094504 0.00756959 0.00568522 0.00936458 0.00564101 0.00738908 0.00954436 0.0074651 0.0075378 0.00745687 
Throughputs: 1.08134 1.11411 1.14688 1.01581 1.27795 1.1305 1.04858 1.17965 1.26157 1.17965 
Utility: 4.7399 4.99167 5.30693 4.6865 5.42295 5.03041 4.69924 5.06273 5.12018 5.06384 

--------------------------------------
Time: 16.0137
Split Ratios: 1 1 1 1 1 1 1 1 1 1 
Delays: 0.00946181 0.00756398 0.0056968 0.00944117 0.00568913 0.00743506 0.00944619 0.00746742 0.00747178 0.00744474 
Throughputs: 1.06496 1.1305 1.16326 1.21242 1.06496 1.24518 1.01581 1.1305 0.966656 1.11411 
Utility: 4.72343 5.00701 5.31908 4.85529 5.23213 5.12083 4.67783 5.01986 4.86271 5.00831 

--------------------------------------
Time: 16.5141
Split Ratios: 1 1 1 1 1 1 1 1 1 1 
Delays: 0.00938329 0.00755965 0.00570789 0.00934902 0.00567716 0.0074176 0.0096488 0.00745464 0.00756889 0.00749933 
Throughputs: 1.14688 1.09773 1.16326 1.21242 1.17965 1.08134 1.19603 0.917504 1.08134 0.884736 
Utility: 4.80587 4.97817 5.31714 4.8651 5.33652 4.9821 4.81993 4.81282 4.96191 4.77048 

--------------------------------------
Time: 17.0146
Split Ratios: 1 1 1 1 1 1 1 1 1 1 
Delays: 0.00953105 0.00768217 0.00566272 0.0094266 0.00572004 0.00743929 0.00952491 0.00747411 0.00755641 0.00744683 
Throughputs: 1.09773 1.29434 1.14688 0.98304 1.24518 1.1305 1.52371 1.08134 1.17965 1.29434 
Utility: 4.74644 5.12685 5.3109 4.64711 5.38306 5.02364 5.07499 4.97451 5.05058 5.15796 

--------------------------------------
Time: 17.5151
Split Ratios: 1 1 1 1 1 1 1 1 1 1 
Delays: 0.00949791 0.00760079 0.00574358 0.00937277 0.00560795 0.00744507 0.00947563 0.00744086 0.00756417 0.00748343 
Throughputs: 1.17965 1.27795 1.29434 1.08134 1.04858 1.1305 1.03219 1.11411 0.98304 1.08134 
Utility: 4.8219 5.12476 5.41767 4.74815 5.231 5.02286 4.69072 5.00883 4.86723 4.97327 

--------------------------------------
Time: 18.0156
Split Ratios: 1 1 1 1 1 1 1 1 1 1 
Delays: 0.00943678 0.00751722 0.00566617 0.00935273 0.00566905 0.00739992 0.00950912 0.00744115 0.00758934 0.00749073 
Throughputs: 1.06496 1.1305 1.3271 0.933888 1.29434 0.851968 0.98304 0.933888 1.06496 1.08134 
Utility: 4.72608 5.01321 5.45624 4.60369 5.43073 4.74608 4.6384 4.83233 4.94395 4.97229 

--------------------------------------
Time: 18.5173
Split Ratios: 1 1 1 1 1 1 1 1 1 1 
Delays: 0.00955063 0.00755127 0.0056364 0.009399 0.00562917 0.00739834 0.00943037 0.00754711 0.00762557 0.00752099 
Throughputs: 1.26157 0.966656 1.04858 1.08134 1.35987 0.966656 1.2288 1.40902 1.1305 1.24518 
Utility: 4.8835 4.85213 5.22594 4.74536 5.48718 4.87259 4.86986 5.22949 4.9989 5.10934 

--------------------------------------
Time: 19.0177
Split Ratios: 1 1 1 1 1 1 1 1 1 1 
Delays: 0.00951874 0.00759148 0.00572176 0.00943185 0.00566788 0.00745303 0.00970973 0.00754221 0.00773633 0.00756773 
Throughputs: 1.14688 1.19603 1.5401 1.03219 1.17965 1.03219 1.17965 1.14688 1.17965 1.24518 
Utility: 4.79154 5.05974 5.59532 4.69535 5.33816 4.93082 4.79984 5.02428 5.02704 5.10315 

--------------------------------------
Time: 19.5178
Split Ratios: 1 1 1 1 1 1 1 1 1 1 
Delays: 0.00942146 0.0075969 0.00561895 0.00930481 0.00561021 0.00745776 0.00946181 0.00747617 0.00753076 0.00746487 
Throughputs: 1.11411 1.06496 1.11411 0.835584 1.01581 1.08134 1.2288 1.08134 0.8192 1.17965 
Utility: 4.77282 4.94295 5.28967 4.4976 5.19885 4.97671 4.86653 4.97424 4.68933 5.06276 

--------------------------------------
Time: 20.0178
Split Ratios: 1 1 1 1 1 1 1 1 1 1 
Delays: 0.00952161 0.00759462 0.00563412 0.00937924 0.0056324 0.00739655 0.00941599 0.00749976 0.00755023 0.00754126 
Throughputs: 1.08134 1.21242 1.27795 1.14688 1.14688 0.999424 1.01581 1.1305 1.27795 1.27795 
Utility: 4.7324 5.07293 5.42417 4.8063 5.31626 4.90616 4.68103 5.01554 5.13144 5.13262 

--------------------------------------
Time: 20.5202
Split Ratios: 1 1 1 1 1 1 1 1 1 1 
Delays: 0.00941008 0.00754364 0.00568139 0.00949434 0.0057067 0.00740447 0.00946176 0.00748745 0.00765641 0.00753614 
Throughputs: 1.03219 1.21242 1.11411 1.17965 1.2288 1.14688 1.1305 0.950272 0.966656 1.47456 
Utility: 4.69766 5.07967 5.27862 4.82228 5.37215 5.04272 4.78315 4.84352 4.8383 5.2764 

--------------------------------------
Time: 21.0239
Split Ratios: 1 1 1 1 1 1 1 1 1 1 
Delays: 0.00944364 0.00752173 0.00568147 0.00936981 0.00566968 0.00741679 0.00942384 0.00759833 0.007631 0.00745736 
Throughputs: 1.14688 1.37626 1.1305 1.08134 1.04858 0.98304 1.17965 1.21242 1.01581 1.42541 
Utility: 4.79946 5.20933 5.2932 4.74847 5.22006 4.8869 4.82973 5.07244 4.89122 5.25301 

--------------------------------------
Time: 21.5241
Split Ratios: 1 1 1 1 1 1 1 1 1 1 
Delays: 0.00949137 0.0075947 0.00564951 0.00941109 0.00564046 0.00741019 0.00935731 0.0074682 0.00754527 0.00751154 
Throughputs: 1.34349 1.26157 1.16326 1.08134 0.966656 1.31072 1.03219 1.04858 0.966656 1.21242 
Utility: 4.95264 5.11266 5.32742 4.74407 5.14388 5.17548 4.70328 4.94453 4.85292 5.08393 

--------------------------------------
Time: 22.0241
Split Ratios: 1 1 1 1 1 1 1 1 1 1 
Delays: 0.00939704 0.00755649 0.00565284 0.00940532 0.00565863 0.00740265 0.00944714 0.0075208 0.00763115 0.00751458 
Throughputs: 0.90112 1.04858 1.17965 1.31072 1.16326 1.21242 1.08134 1.01581 1.35987 1.45818 
Utility: 4.56324 4.93278 5.34081 4.93706 5.3258 5.09853 4.74025 4.90577 5.18291 5.2681 

--------------------------------------
Time: 22.5249
Split Ratios: 1 1 1 1 1 1 1 1 1 1 
Delays: 0.00951454 0.00753314 0.00560581 0.00942917 0.00563295 0.00740915 0.00948468 0.00752579 0.00755037 0.00744818 
Throughputs: 1.17965 1.27795 1.16326 1.08134 1.39264 1.2288 1.31072 1.08134 1.01581 1.1305 
Utility: 4.82015 5.1337 5.33518 4.74215 5.51032 5.11108 4.92865 4.96762 4.90184 5.02244 

--------------------------------------
Time: 23.0256
Split Ratios: 1 1 1 1 1 1 1 1 1 1 
Delays: 0.00955249 0.00756244 0.00569956 0.00945899 0.00568882 0.0074185 0.00944483 0.00745683 0.00758411 0.00746235 
Throughputs: 1.31072 1.19603 1.16326 1.14688 0.966656 1.17965 0.950272 0.966656 1.14688 1.26157 
Utility: 4.92153 5.06357 5.3186 4.79784 5.13534 5.06899 4.61128 4.86471 5.01874 5.13024 

--------------------------------------
Time: 23.5257
Split Ratios: 1 1 1 1 1 1 1 1 1 1 
Delays: 0.00942381 0.00762022 0.00574796 0.00935469 0.00555662 0.00744306 0.0095633 0.00749333 0.00754076 0.00752225 
Throughputs: 1.11411 1.21242 1.21242 0.884736 0.917504 1.04858 1.2288 0.98304 0.950272 1.29434 
Utility: 4.77257 5.06956 5.35152 4.54941 5.10667 4.94791 4.85586 4.87664 4.83643 5.14789 

--------------------------------------
Time: 24.0276
Split Ratios: 1 1 1 1 1 1 1 1 1 1 
Delays: 0.00953333 0.00764502 0.0057076 0.00940515 0.0056209 0.00745307 0.00957054 0.00751661 0.00758693 0.00746519 
Throughputs: 1.06496 1.26157 1.50733 1.21242 1.19603 1.04858 1.3271 1.1305 0.90112 1.52371 
Utility: 4.7159 5.10606 5.5763 4.85911 5.36027 4.94656 4.93206 5.0133 4.77721 5.31865 

--------------------------------------
Time: 24.5276
Split Ratios: 1 1 1 1 1 1 1 1 1 1 
Delays: 0.00944579 0.00750295 0.00575508 0.00946199 0.00566769 0.00743359 0.00950233 0.00749566 0.00758955 0.00753243 
Throughputs: 0.999424 1.01581 1.31072 0.90112 1.24518 0.98304 1.31072 1.08134 1.27795 1.42541 
Utility: 4.66161 4.90814 5.42825 4.55636 5.39226 4.88464 4.9268 4.97164 5.12624 5.243 

--------------------------------------
Time: 25.0277
Split Ratios: 1 1 1 1 1 1 1 1 1 1 
Delays: 0.00942742 0.00752944 0.00564527 0.00941344 0.00561814 0.00742012 0.00943483 0.00746586 0.00752162 0.00752451 
Throughputs: 0.98304 1.24518 1.21242 1.24518 1.08134 1.09773 0.917504 1.31072 1.2288 1.21242 
Utility: 4.64703 5.10822 5.36955 4.8849 5.25996 4.9968 4.57725 5.16799 5.09601 5.0822 

--------------------------------------
Time: 25.5284
Split Ratios: 1 1 1 1 1 1 1 1 1 1 
Delays: 0.0094477 0.00756051 0.00564575 0.0093204 0.00567616 0.00740516 0.00950917 0.00744198 0.00753037 0.00746208 
Throughputs: 1.19603 1.11411 1.21242 0.884736 1.1305 1.34349 1.17965 0.884736 1.03219 1.40902 
Utility: 4.84099 4.99287 5.36947 4.55308 5.29414 5.20085 4.82071 4.77815 4.9205 5.24082 

--------------------------------------
Time: 26.0285
Split Ratios: 1 1 1 1 1 1 1 1 1 1 
Delays: 0.00959278 0.00752473 0.00573629 0.00942183 0.00568186 0.00744228 0.00952312 0.00755801 0.0074978 0.00749108 
Throughputs: 1.06496 1.27795 1.06496 1.2288 1.09773 1.09773 1.26157 1.09773 1.04858 1.2288 
Utility: 4.70968 5.13482 5.22388 4.87076 5.26372 4.99382 4.88639 4.97839 4.94058 5.10008 

--------------------------------------
Time: 26.529
Split Ratios: 1 1 1 1 1 1 1 1 1 1 
Delays: 0.00942356 0.00756521 0.00568532 0.00938534 0.00566103 0.00740399 0.00951229 0.00746996 0.00756774 0.00746462 
Throughputs: 1.34349 1.09773 1.3271 1.08134 1.3271 1.04858 1.03219 0.917504 0.98304 1.26157 
Utility: 4.95981 4.97744 5.45287 4.74681 5.45715 4.95317 4.68686 4.81077 4.86676 5.12994 

--------------------------------------
Time: 27.0309
Split Ratios: 1 1 1 1 1 1 1 1 1 1 
Delays: 0.00942351 0.00757596 0.0056541 0.00935899 0.00563553 0.00741943 0.00943097 0.00757059 0.00756666 0.00744818 
Throughputs: 1.08134 1.04858 1.2288 1.01581 1.17965 0.884736 0.98304 1.01581 1.06496 0.933888 
Utility: 4.74275 4.93021 5.38141 4.6871 5.34388 4.78119 4.64665 4.89917 4.94694 4.83139 

--------------------------------------
Time: 27.5313
Split Ratios: 1 1 1 1 1 1 1 1 1 1 
Delays: 0.00964559 0.00758145 0.00562069 0.00947022 0.00560977 0.00741005 0.00954334 0.00748713 0.00751194 0.00745236 
Throughputs: 1.34349 1.26157 1.16326 1.19603 1.08134 1.01581 1.19603 1.04858 1.06496 1.03219 
Utility: 4.93652 5.11441 5.33253 4.83861 5.26145 4.9206 4.83092 4.942 4.9542 4.93091 

--------------------------------------
Time: 28.0337
Split Ratios: 1 1 1 1 1 1 1 1 1 1 
Delays: 0.00951607 0.00752914 0.00572294 0.00951739 0.00571561 0.00743493 0.00953759 0.00749349 0.00763067 0.00746713 
Throughputs: 1.09773 1.45818 1.34349 1.40902 0.90112 1.14688 1.37626 1.09773 0.917504 1.11411 
Utility: 4.74802 5.26616 5.45854 4.99753 5.06044 5.03861 4.97188 4.98696 4.78948 5.0053 

--------------------------------------
Time: 28.5338
Split Ratios: 1 1 1 1 1 1 1 1 1 1 
Delays: 0.00939546 0.00756805 0.00566068 0.0094348 0.00563739 0.00738871 0.00941213 0.00746015 0.00754758 0.00744284 
Throughputs: 0.90112 0.999424 1.26157 0.835584 1.17965 1.03219 1.08134 1.11411 1.31072 0.933888 
Utility: 4.56341 4.88324 5.40657 4.48373 5.34355 4.93949 4.74396 5.00624 5.1571 4.8321 

--------------------------------------
Time: 29.0348
Split Ratios: 1 1 1 1 1 1 1 1 1 1 
Delays: 0.00950823 0.00751988 0.00560747 0.00938567 0.00561767 0.0074107 0.00937057 0.00743568 0.00752775 0.00748037 
Throughputs: 0.999424 1.08134 1.19603 1.19603 0.884736 1.21242 0.950272 1.01581 1.01581 1.21242 
Utility: 4.65502 4.96841 5.36266 4.84758 5.05937 5.09745 4.61917 4.91715 4.90484 5.08809 

--------------------------------------
Time: 29.5356
Split Ratios: 1 1 1 1 1 1 1 1 1 1 
Delays: 0.00941314 0.00757809 0.00563566 0.00938883 0.0056721 0.00740897 0.00941069 0.00749457 0.00756463 0.00754632 
Throughputs: 1.11411 1.1305 1.29434 0.966656 1.14688 0.98304 1.14688 1.01581 1.19603 1.01581 
Utility: 4.77371 5.00515 5.43664 4.63432 5.30924 4.88796 4.80295 4.90926 5.06328 4.90238 

--------------------------------------
Time: 30.0359
Split Ratios: 1 1 1 1 1 1 1 1 1 1 
Delays: 0.00946757 0.00749445 0.00566683 0.00943572 0.00567145 0.00741625 0.00942518 0.00751958 0.00751576 0.00746066 
Throughputs: 1.09773 0.917504 1.29434 1.03219 1.19603 0.933888 1.17965 1.01581 1.06496 1.31072 
Utility: 4.75313 4.80749 5.43112 4.69494 5.35132 4.83568 4.82959 4.90593 4.95369 5.16869 

--------------------------------------
Time: 30.5362
Split Ratios: 1 1 1 1 1 1 1 1 1 1 
Delays: 0.00938207 0.00757828 0.00572934 0.00932681 0.00577193 0.00743347 0.0095001 0.00753502 0.00755771 0.00750285 
Throughputs: 1.09773 1.35987 1.31072 0.868352 1.34349 0.966656 1.45818 1.16326 0.884736 1.2288 
Utility: 4.7622 5.18986 5.43273 4.5337 5.45002 4.86785 5.03364 5.03942 4.76272 5.09851 

--------------------------------------
Time: 31.0375
Split Ratios: 1 1 1 1 1 1 1 1 1 1 
Delays: 0.00949327 0.00755335 0.00566705 0.00944932 0.00564847 0.00741692 0.00946178 0.00749187 0.00749183 0.00751469 
Throughputs: 1.39264 1.14688 1.21242 0.802816 1.04858 1.1305 0.917504 1.03219 0.999424 1.50733 
Utility: 4.98837 5.02281 5.3657 4.44218 5.2238 5.02665 4.5744 4.92562 4.89337 5.30123 

--------------------------------------
Time: 31.5377
Split Ratios: 1 1 1 1 1 1 1 1 1 1 
Delays: 0.00954613 0.00757524 0.0056521 0.00948076 0.00561238 0.00744423 0.0094764 0.00748974 0.00764199 0.00754581 
Throughputs: 1.34349 1.34349 1.31072 1.19603 1.17965 1.16326 0.950272 0.98304 1.11411 1.24518 
Utility: 4.94689 5.17814 5.4463 4.8375 5.348 5.05155 4.60794 4.87712 4.98215 5.10605 

--------------------------------------
Time: 32.0379
Split Ratios: 1 1 1 1 1 1 1 1 1 1 
Delays: 0.00943739 0.00752661 0.00567327 0.00944799 0.00565945 0.00740891 0.0096245 0.00746314 0.00756932 0.00747438 
Throughputs: 1.27795 1.26157 1.1305 1.17965 1.14688 1.1305 1.21242 0.933888 1.03219 1.19603 
Utility: 4.90833 5.12167 5.29465 4.82717 5.31147 5.02773 4.83606 4.82938 4.91534 5.07528 

--------------------------------------
Time: 32.5385
Split Ratios: 1 1 1 1 1 1 1 1 1 1 
Delays: 0.00953954 0.00763317 0.00574964 0.00938697 0.00567531 0.00742871 0.00953843 0.00744379 0.00769093 0.00748804 
Throughputs: 1.44179 1.16326 1.31072 0.950272 1.39264 0.950272 1.2288 1.06496 0.933888 1.21242 
Utility: 5.0182 5.02648 5.42919 4.61743 5.50283 4.8514 4.85846 4.96331 4.79931 5.08706 

--------------------------------------
Time: 33.0388
Split Ratios: 1 1 1 1 1 1 1 1 1 1 
Delays: 0.00938849 0.0075069 0.00564767 0.00931574 0.00571953 0.00738617 0.00942843 0.0074826 0.00759601 0.00753474 
Throughputs: 1.01581 1.01581 1.19603 0.868352 1.3271 0.90112 1.17965 1.14688 1.11411 1.29434 
Utility: 4.68396 4.90762 5.35552 4.53489 5.44687 4.80403 4.82924 5.03222 4.98819 5.14623 

--------------------------------------
Time: 33.54
Split Ratios: 1 1 1 1 1 1 1 1 1 1 
Delays: 0.00946435 0.00756258 0.00558619 0.00934649 0.00559961 0.0073895 0.00950389 0.00743144 0.00751495 0.00747781 
Throughputs: 1.31072 1.2288 1.27795 1.01581 1.01581 1.34349 0.999424 0.90112 0.999424 1.27795 
Utility: 4.9308 5.09058 5.43272 4.68844 5.20074 5.20296 4.65548 4.79792 4.89028 5.14107 

--------------------------------------
Time: 34.0403
Split Ratios: 1 1 1 1 1 1 1 1 1 1 
Delays: 0.0094962 0.00750971 0.00567204 0.00941344 0.00560773 0.007402 0.00943292 0.00748187 0.00749103 0.00744299 
Throughputs: 1.1305 1.06496 1.24518 1.04858 1.31072 1.19603 1.17965 1.14688 1.01581 1.45818 
Utility: 4.77952 4.9545 5.39149 4.71305 5.45418 5.08501 4.82877 5.03232 4.90973 5.27767 

--------------------------------------
Time: 34.5415
Split Ratios: 1 1 1 1 1 1 1 1 1 1 
Delays: 0.00948697 0.00765499 0.00567213 0.00946001 0.00570306 0.00740389 0.00948058 0.00748181 0.00753948 0.00746311 
Throughputs: 1.06496 1.14688 1.17965 1.09773 1.42541 0.917504 1.04858 1.08134 1.03219 1.1305 
Utility: 4.72077 5.00944 5.33741 4.75392 5.52121 4.81965 4.70594 4.97348 4.91929 5.02044 

--------------------------------------
Time: 35.0417
Split Ratios: 1 1 1 1 1 1 1 1 1 1 
Delays: 0.00953003 0.00768857 0.00569104 0.00937085 0.00565494 0.00741235 0.00941621 0.00746527 0.00758851 0.00749586 
Throughputs: 1.34349 1.35987 1.08134 1.21242 1.06496 1.16326 1.1305 0.999424 1.21242 1.31072 
Utility: 4.94858 5.17541 5.24707 4.86277 5.23816 5.05584 4.78798 4.89692 5.07373 5.16398 

--------------------------------------
Time: 35.5421
Split Ratios: 1 1 1 1 1 1 1 1 1 1 
Delays: 0.00947998 0.00770496 0.00569673 0.00944163 0.00563043 0.00743379 0.00942157 0.00749365 0.00779266 0.00761164 
Throughputs: 1.16326 1.42541 1.39264 1.1305 1.17965 1.17965 0.90112 0.950272 1.27795 1.45818 
Utility: 4.8098 5.22035 5.49906 4.78528 5.34479 5.06694 4.56064 4.84269 5.09983 5.25526 

--------------------------------------
Time: 36.0422
Split Ratios: 1 1 1 1 1 1 1 1 1 1 
Delays: 0.00944486 0.00755463 0.00563551 0.00941221 0.00562051 0.00745021 0.0093917 0.0074834 0.00754085 0.00745905 
Throughputs: 1.11411 1.1305 1.19603 0.999424 1.16326 1.44179 0.851968 1.08134 0.999424 1.09773 
Utility: 4.77034 5.00825 5.35768 4.66517 5.33256 5.2654 4.50772 4.97327 4.88684 4.99157 

