--------------------------------------
Time: 5.5001
Split Ratios: 1 1 0.333333 0.333333 0.333333 0.5 0.5 1 1 1 0.5 0.5 0.5 0.5 1 0.333333 0.333333 0.333333 1 0.5 0.5 1 1 1 1 1 0.5 0.5 1 1 1 1 0.5 0.5 0.333333 0.333333 0.333333 0.5 0.5 1 1 1 1 
Delays: 0.012419 0.125863 0.0729781 0.151947 0.0728996 0.130754 0.0807663 0.0855225 0.0492475 0.0783308 0.114535 0.081494 0.0600918 0.0852721 0.0530961 0.0493542 0.0486906 0.00794692 0.0826345 0.0707455 0.0131327 0.0562035 0.0485129 0.0373115 0.066789 0.0965646 0.00637718 0.0804999 0.117345 0.0696886 
Throughputs: 3.70278 1.72032 2.9655 1.93331 2.34291 2.4576 3.19488 2.62144 2.91635 2.63782 2.89997 2.8672 3.71917 2.29376 2.9655 2.78528 3.81747 4.71859 2.71974 3.5881 2.88358 3.55533 4.27622 4.04685 3.5881 2.98189 3.12934 2.83443 3.01466 2.47398 
Utility: 5.69762 2.61507 3.70464 2.54346 3.47007 2.93363 3.67774 3.4227 4.08123 3.51677 3.23157 3.56056 4.12538 3.2921 4.0227 4.03308 4.36186 6.38648 3.49387 3.92629 5.39168 4.14722 4.479 4.68639 3.98384 3.4301 6.19585 3.56134 3.24612 3.56955 

--------------------------------------
Time: 6.00011
Split Ratios: 1 1 0.812 0.044 0.144 0.277 0.723 1 1 1 0.722 0.278 0.693 0.307 1 0.575 0.072 0.352 1 0.848 0.152 1 1 1 1 1 0.719 0.281 1 1 1 1 0.172 0.828 0.54 0.134 0.325 0.206 0.794 1 1 1 1 
Delays: 0.0116168 0.398909 0.257922 0.420337 0.215733 0.329411 0.209929 0.209497 0.0959631 0.211024 0.3254 0.213481 0.168584 0.255129 0.135016 0.125895 0.157212 0.0160435 0.234676 0.207377 0.0127186 0.140901 0.122093 0.089223 0.1716 0.286617 0.00694304 0.207272 0.322 0.201772 
Throughputs: 3.85024 1.5401 2.75251 1.98246 2.75251 2.52314 3.30957 2.40845 3.01466 2.88358 2.68698 2.8672 2.70336 2.42483 2.4576 3.11296 3.24403 5.0135 3.14573 3.53894 3.14573 3.96493 4.14515 3.80109 3.67002 2.65421 3.42426 2.7689 2.99827 2.88358 
Utility: 5.80344 1.35087 2.36761 1.55104 2.54623 2.03595 2.7578 2.44203 3.44728 2.61482 2.11112 2.59754 2.77482 2.25175 2.90155 3.20788 3.02698 5.74459 2.59559 2.83704 5.51074 3.33718 3.52491 3.7519 3.06279 2.22575 6.2009 2.59217 2.23124 2.65965 

--------------------------------------
Time: 6.50021
Split Ratios: 1 1 0.812 0.044 0.144 0.277 0.723 1 1 1 0.722 0.278 0.693 0.307 1 0.575 0.072 0.352 1 0.848 0.152 1 1 1 1 1 0.719 0.281 1 1 1 1 0.172 0.828 0.54 0.134 0.325 0.206 0.794 1 1 1 1 
Delays: 0.0106376 0.660211 0.396829 0.692273 0.361631 0.55357 0.299191 0.392485 0.167808 0.334311 0.540127 0.339548 0.35813 0.401988 0.275817 0.209011 0.317453 0.0391578 0.321472 0.328259 0.0116074 0.237446 0.218352 0.223352 0.309579 0.449011 0.00775454 0.338429 0.525435 0.33087 
Throughputs: 3.94854 1.91693 2.58867 2.44122 2.5559 1.99885 3.40787 2.24461 2.85082 2.4576 2.52314 2.93274 2.70336 2.63782 2.26099 3.22765 3.30957 4.65306 2.99827 3.39149 3.19488 3.76832 3.7847 3.32595 3.53894 3.04742 3.55533 3.16211 3.19488 2.60506 
Utility: 5.9167 1.06592 1.87539 1.26027 1.95554 1.28394 2.43276 1.74379 2.83254 1.99487 1.54145 2.15608 2.02136 1.88129 2.10382 2.73712 2.34424 4.77768 2.23288 2.33522 5.61766 2.76444 2.85261 2.70076 2.43637 1.915 6.12792 2.23468 1.80508 2.06348 

--------------------------------------
Time: 7.00021
Split Ratios: 1 1 0.812 0.044 0.144 0.277 0.723 1 1 1 0.722 0.278 0.693 0.307 1 0.575 0.072 0.352 1 0.848 0.152 1 1 1 1 1 0.719 0.281 1 1 1 1 0.172 0.828 0.54 0.134 0.325 0.206 0.794 1 1 1 1 
Delays: 0.0104188 0.856501 0.56209 0.98166 0.524215 0.795535 0.409227 0.590302 0.296082 0.470585 0.759283 0.472831 0.555297 0.548811 0.420682 0.304958 0.430629 0.0899618 0.466069 0.46896 0.0112033 0.308124 0.320031 0.338147 0.449929 0.595076 0.00678824 0.476002 0.707875 0.464788 
Throughputs: 3.75194 2.03162 2.8672 2.60506 2.68698 2.22822 3.76832 2.5559 2.88358 2.70336 3.03104 2.58867 2.34291 2.39206 2.47398 2.8672 3.45702 4.89882 2.83443 3.19488 3.01466 3.9977 4.14515 3.14573 3.08019 2.85082 3.32595 3.08019 2.94912 2.71974 
Utility: 5.88642 0.863732 1.62943 0.975964 1.63427 1.02995 2.22012 1.46553 2.27615 1.74827 1.38429 1.70016 1.43965 1.47216 1.77171 2.24092 2.08292 3.99736 1.80526 1.91879 5.59504 2.56297 2.56128 2.23032 1.92366 1.56667 6.19432 1.86733 1.42699 1.76671 

--------------------------------------
Time: 7.50021
Split Ratios: 1 1 0.812 0.044 0.144 0.277 0.723 1 1 1 0.722 0.278 0.693 0.307 1 0.575 0.072 0.352 1 0.848 0.152 1 1 1 1 1 0.719 0.281 1 1 1 1 0.172 0.828 0.54 0.134 0.325 0.206 0.794 1 1 1 1 
Delays: 0.0100937 1.05945 0.731767 1.221 0.697629 1.03337 0.50083 0.801379 0.397083 0.63982 0.990124 0.63641 0.752171 0.706807 0.571224 0.407434 0.577406 0.143706 0.599878 0.601329 0.0118673 0.385512 0.424035 0.468499 0.604744 0.747267 0.00709668 0.642086 0.895898 0.596833 
Throughputs: 3.42426 1.91693 2.7689 2.29376 2.4576 2.12992 3.44064 2.31014 2.60506 2.50675 2.65421 3.09658 2.49037 2.58867 2.34291 3.24403 3.40787 4.76774 3.22765 3.65363 3.03104 4.32538 4.07962 3.65363 3.63725 2.94912 3.5881 2.98189 3.04742 2.39206 
Utility: 5.82673 0.592969 1.33074 0.630525 1.25925 0.723261 1.92715 1.05873 1.88107 1.36556 0.986071 1.58221 1.19722 1.29814 1.41137 2.07469 1.7753 3.50186 1.68278 1.80433 5.54287 2.41768 2.26394 2.05394 1.79418 1.37284 6.22575 1.53559 1.22422 1.38827 

--------------------------------------
Time: 8.00027
Split Ratios: 1 1 0.812 0.044 0.144 0.277 0.723 1 1 1 0.722 0.278 0.693 0.307 1 0.575 0.072 0.352 1 0.848 0.152 1 1 1 1 1 0.719 0.281 1 1 1 1 0.172 0.828 0.54 0.134 0.325 0.206 0.794 1 1 1 1 
Delays: 0.0101486 1.24306 0.89967 1.47331 0.87199 1.26321 0.591893 0.956082 0.489742 0.788486 1.20658 0.794728 0.948108 0.845929 0.695492 0.513917 0.712984 0.217498 0.712284 0.736845 0.0115645 0.439642 0.513138 0.589234 0.753337 0.830222 0.00720445 0.793062 1.08424 0.734671 
Throughputs: 3.42426 2.048 2.71974 2.4576 2.39206 2.09715 3.53894 2.42483 2.5559 2.68698 2.7689 2.81805 2.4576 2.65421 2.29376 3.24403 3.67002 4.44006 2.7689 3.2768 3.45702 4.03046 3.5881 3.70278 3.44064 2.73613 3.70278 2.98189 3.14573 2.39206 
Utility: 5.8213 0.499291 1.10627 0.511676 1.00913 0.506927 1.78826 0.930674 1.65228 1.22606 0.830655 1.2658 0.952473 1.14347 1.19333 1.84251 1.63849 3.01623 1.35773 1.49225 5.70022 2.21567 1.94483 1.83802 1.5189 1.19261 6.24214 1.32441 1.06516 1.18049 

--------------------------------------
Time: 8.50027
Split Ratios: 1 1 0.812 0.044 0.144 0.277 0.723 1 1 1 0.722 0.278 0.693 0.307 1 0.575 0.072 0.352 1 0.848 0.152 1 1 1 1 1 0.719 0.281 1 1 1 1 0.172 0.828 0.54 0.134 0.325 0.206 0.794 1 1 1 1 
Delays: 0.0103541 1.35893 1.18946 1.78931 1.03954 1.48488 0.689004 1.11876 0.595049 0.89044 1.41868 0.892804 1.11918 0.889831 0.840404 0.629712 0.810373 0.2928 0.838764 0.860996 0.0138837 0.480126 0.592217 0.726946 0.901587 0.861446 0.00667486 0.89099 1.20063 0.862875 
Throughputs: 3.55533 1.96608 2.49037 2.52314 2.60506 2.16269 3.34234 2.50675 2.91635 3.01466 2.49037 3.09658 2.71974 2.57229 2.048 3.21126 3.67002 4.68582 2.53952 3.75194 3.01466 4.29261 3.98131 3.16211 3.06381 3.06381 3.53894 2.57229 3.01466 2.63782 
Utility: 5.83882 0.369344 0.738932 0.343671 0.918678 0.376018 1.57918 0.806765 1.58945 1.21953 0.562703 1.24369 0.887942 1.06152 0.890736 1.62916 1.51046 2.77281 1.1078 1.47194 5.38053 2.1906 1.90549 1.47014 1.22326 1.2688 6.27324 1.06022 0.920639 1.11744 

--------------------------------------
Time: 9.0003
Split Ratios: 1 1 0.812 0.044 0.144 0.277 0.723 1 1 1 0.722 0.278 0.693 0.307 1 0.575 0.072 0.352 1 0.848 0.152 1 1 1 1 1 0.719 0.281 1 1 1 1 0.172 0.828 0.54 0.134 0.325 0.206 0.794 1 1 1 1 
Delays: 0.0106067 1.41287 1.34764 2.07121 1.20258 1.67899 0.791557 1.25343 0.700757 0.891319 1.58102 0.894145 1.29289 0.889528 0.975704 0.737381 0.940404 0.363516 0.963205 0.960912 0.0110879 0.534617 0.692778 0.820134 1.03392 0.873342 0.00672854 0.892954 1.25968 0.960128 
Throughputs: 3.76832 1.90054 2.75251 2.47398 2.5559 2.27738 3.52256 2.08077 3.06381 2.83443 2.62144 2.93274 2.68698 2.24461 2.37568 3.12934 3.57171 4.4073 3.04742 3.2768 2.94912 4.11238 4.06323 3.2768 3.47341 2.93274 3.35872 2.80166 3.3751 2.70336 
Utility: 5.8729 0.296517 0.714156 0.177697 0.753937 0.304832 1.49294 0.506853 1.47525 1.15689 0.505656 1.18782 0.731534 0.925595 0.889879 1.44547 1.33449 2.49519 1.15179 1.22674 5.58341 2.04021 1.76902 1.38515 1.21178 1.21136 6.21296 1.14343 0.985567 1.03518 

--------------------------------------
Time: 9.50041
Split Ratios: 1 1 0.812 0.044 0.144 0.277 0.723 1 1 1 0.722 0.278 0.693 0.307 1 0.575 0.072 0.352 1 0.848 0.152 1 1 1 1 1 0.719 0.281 1 1 1 1 0.172 0.828 0.54 0.134 0.325 0.206 0.794 1 1 1 1 
Delays: 0.0104718 1.4764 1.37713 2.26546 1.37799 1.77085 0.883823 1.38146 0.71601 0.891506 1.64969 0.894357 1.50229 0.889686 1.11752 0.840176 1.07489 0.407886 1.03941 0.984506 0.0124707 0.596326 0.793703 0.928585 1.13311 0.89105 0.0072002 0.89435 1.30109 0.981612 
Throughputs: 3.65363 1.78586 2.71974 2.3593 2.65421 2.5559 3.98131 2.21184 3.03104 2.70336 2.63782 2.99827 2.71974 2.4576 2.49037 2.7689 3.71917 4.35814 2.81805 3.62086 2.98189 4.096 3.40787 3.45702 3.3751 3.12934 3.75194 2.85082 3.42426 2.4576 
Utility: 5.85479 0.190289 0.680538 0.0405834 0.655518 0.366949 1.50511 0.470687 1.44297 1.10934 0.469366 1.20969 0.593545 1.01607 0.801321 1.19259 1.24128 2.36881 0.99739 1.30233 5.47693 1.92698 1.45713 1.3145 1.09146 1.25618 6.25592 1.15926 0.967678 0.917745 

--------------------------------------
Time: 10.0004
Split Ratios: 1 1 0.812 0.044 0.144 0.277 0.723 1 1 1 0.722 0.278 0.693 0.307 1 0.575 0.072 0.352 1 0.848 0.152 1 1 1 1 1 0.719 0.281 1 1 1 1 0.172 0.828 0.54 0.134 0.325 0.206 0.794 1 1 1 1 
Delays: 0.0107742 1.54675 1.59044 2.42119 1.50793 1.78089 0.89353 1.52598 0.787393 0.89169 1.79218 0.894922 1.70506 0.889632 1.26771 0.893794 1.21904 0.444074 1.05692 0.985434 0.0111222 0.667348 0.868266 1.02113 1.21736 0.895113 0.00704455 0.894293 1.33137 0.98375 
Throughputs: 3.76832 2.08077 2.60506 1.93331 2.39206 2.4576 3.70278 2.34291 2.53952 2.65421 2.93274 2.85082 2.49037 2.47398 2.4576 3.2768 3.6864 4.9152 2.44122 3.34234 3.16211 4.22707 3.93216 3.60448 3.86662 2.94912 3.67002 2.88358 3.22765 2.53952 
Utility: 5.85723 0.296578 0.493443 -0.225025 0.461417 0.322073 1.42166 0.42876 1.171 1.09078 0.492501 1.15862 0.37883 1.02278 0.661976 1.29915 1.10658 2.4041 0.837133 1.22134 5.65006 1.84595 1.51045 1.26127 1.1557 1.19231 6.2557 1.17076 0.885542 0.948359 

