--------------------------------------
Time: 5.5001
Split Ratios: 1 1 1 1 1 1 1 1 1 1 1 1 1 1 1 1 1 1 1 1 1 1 1 1 1 1 1 1 1 1 
Delays: 0.0125022 0.150733 0.13691 0.00575277 0.0612356 0.196263 0.0627595 0.00943892 0.142121 0.00563996 0.00574494 0.00587878 0.0105399 0.0550482 0.00751717 0.053998 0.143277 0.00807938 0.133653 0.0648223 0.0581186 0.186568 0.0100568 0.118384 0.0583513 0.0508591 0.00581 0.19347 0.0640831 0.0553662 
Throughputs: 4.66944 1.86778 2.06438 3.98131 3.03104 1.04858 3.29318 4.6039 1.44179 2.9655 3.06381 3.6864 4.096 3.34234 3.34234 3.5881 1.44179 2.49037 1.98246 3.06381 3.16211 0.835584 4.14515 2.27738 2.83443 2.88358 4.29261 0.786432 3.48979 3.34234 
Utility: 5.92289 2.51699 2.71326 6.53968 3.90193 1.67573 3.9603 6.18982 2.31697 6.26493 6.27909 6.44106 5.9626 4.10622 6.09724 4.19643 2.30886 5.73087 2.69685 3.85576 3.99651 1.49934 6.02145 2.95684 3.88312 4.03773 6.60507 1.40238 3.99742 4.10046 

--------------------------------------
Time: 6.00014
Split Ratios: 1 1 1 1 1 1 1 1 1 1 1 1 1 1 1 1 1 1 1 1 1 1 1 1 1 1 1 1 1 1 
Delays: 0.0141658 0.444225 0.397191 0.00577773 0.175139 0.562854 0.188985 0.00911321 0.405675 0.00570855 0.00563618 0.00572358 0.00972467 0.113356 0.00765802 0.163918 0.397119 0.00826628 0.390467 0.177325 0.156651 0.591691 0.0101701 0.354806 0.160935 0.112062 0.00577729 0.5485 0.175644 0.11237 
Throughputs: 4.58752 1.85139 2.34291 4.12877 2.80166 1.1305 3.29318 4.78413 1.37626 2.94912 2.40845 3.35872 3.89939 3.1785 3.9977 3.60448 1.29434 2.70336 2.03162 3.52256 3.06381 0.704512 4.25984 2.27738 3.03104 3.2768 4.16154 0.835584 3.39149 3.26042 
Utility: 5.78027 1.42736 1.77473 6.57172 2.77239 0.697391 2.85794 6.26333 1.22157 6.2473 6.05753 6.37472 5.99391 3.33363 6.25772 3.09057 1.18152 5.79007 1.64924 2.98896 2.9734 0.17452 6.03753 1.85921 2.93566 3.37557 6.57971 0.420944 2.96057 3.36781 

--------------------------------------
Time: 6.50018
Split Ratios: 1 1 1 1 1 1 1 1 1 1 1 1 1 1 1 1 1 1 1 1 1 1 1 1 1 1 1 1 1 1 
Delays: 0.0135169 0.755955 0.660096 0.00577177 0.277797 0.938818 0.294782 0.00887194 0.646561 0.00574453 0.00574092 0.00574607 0.010065 0.156224 0.00760433 0.266994 0.659515 0.00829395 0.64502 0.281957 0.265603 0.97343 0.0101624 0.583367 0.26712 0.156082 0.00575393 0.939406 0.276851 0.154507 
Throughputs: 4.44006 1.80224 2.3593 4.44006 2.88358 0.950272 3.32595 4.4073 1.34349 3.06381 3.04742 3.62086 4.12877 3.04742 3.53894 3.39149 1.40902 2.80166 1.99885 3.53894 3.16211 0.671744 4.11238 2.09715 3.16211 3.11296 4.27622 0.98304 3.29318 3.57171 
Utility: 5.79449 0.868804 1.27373 6.64545 2.3399 0.0121264 2.42328 6.20812 0.731357 6.27917 6.27443 6.44595 6.01667 2.97076 6.14287 2.5418 0.759148 5.82244 1.13104 2.52983 2.47699 -0.370949 6.00306 1.27952 2.4713 2.99295 6.61094 0.0454018 2.47613 3.14056 

--------------------------------------
Time: 7.00019
Split Ratios: 1 1 1 1 1 1 1 1 1 1 1 1 1 1 1 1 1 1 1 1 1 1 1 1 1 1 1 1 1 1 
Delays: 0.0156013 1.04005 0.873978 0.00585212 0.38342 1.28153 0.403333 0.00859435 0.871674 0.00568401 0.00570865 0.00577582 0.0101485 0.205948 0.00758563 0.365135 0.878786 0.00829191 0.867695 0.393719 0.363111 1.40794 0.0102264 0.820646 0.36568 0.202951 0.00581167 1.27937 0.387901 0.204843 
Throughputs: 4.32538 1.91693 2.42483 4.06323 2.7689 0.802816 3.26042 4.53837 1.35987 3.06381 2.99827 3.35872 4.1943 3.08019 3.50618 3.45702 1.26157 3.04742 2.31014 3.50618 3.29318 0.557056 4.24346 2.26099 2.9655 3.35872 4.21069 0.98304 3.44064 3.26042 
Utility: 5.6249 0.611454 1.02046 6.54293 1.97707 -0.467682 2.08985 6.26922 0.44473 6.28976 6.26381 6.36563 6.02416 2.70512 6.13603 2.2479 0.361569 5.90677 0.979225 2.18664 2.2049 -0.927216 6.02816 1.01347 2.09304 2.80635 6.58551 -0.263472 2.18266 2.76737 

--------------------------------------
Time: 7.50021
Split Ratios: 1 1 1 1 1 1 1 1 1 1 1 1 1 1 1 1 1 1 1 1 1 1 1 1 1 1 1 1 1 1 
Delays: 0.0141261 1.20533 0.893755 0.00577893 0.50866 1.52701 0.533217 0.00846536 0.89537 0.00574766 0.00566475 0.00575109 0.0095704 0.28517 0.00763125 0.468422 0.894932 0.00872762 0.890542 0.522504 0.463641 1.7107 0.0105436 0.890412 0.462478 0.281212 0.00580804 1.54515 0.517556 0.280242 
Throughputs: 4.34176 1.90054 2.16269 3.98131 2.68698 1.11411 3.40787 3.81747 1.3271 3.44064 2.53952 3.52256 3.44064 2.93274 3.85024 3.73555 1.40902 3.03104 1.93331 3.71917 3.11296 0.688128 4.11238 2.19546 2.88358 3.06381 3.76832 1.01581 3.30957 3.73555 
Utility: 5.72801 0.455389 0.883675 6.53515 1.66439 -0.315255 1.85491 6.11136 0.393517 6.39462 6.10547 6.41755 5.88474 2.33061 6.22364 2.07628 0.453905 5.85017 0.775159 1.96262 1.90422 -0.91068 5.96624 0.90246 1.83019 2.3883 6.47514 -0.419434 1.85545 2.59 

--------------------------------------
Time: 8.00031
Split Ratios: 1 1 1 1 1 1 1 1 1 1 1 1 1 1 1 1 1 1 1 1 1 1 1 1 1 1 1 1 1 1 
Delays: 0.0148118 1.31497 0.894639 0.00576815 0.640812 1.74515 0.664086 0.00978372 0.896112 0.00572644 0.00573481 0.00575121 0.0122494 0.334072 0.00759822 0.563356 0.894973 0.0083219 0.890452 0.641745 0.560091 1.98493 0.0102618 0.890489 0.562324 0.332499 0.00583861 1.74 0.638115 0.334941 
Throughputs: 4.32538 1.57286 2.27738 3.85024 2.8672 1.03219 3.01466 4.48922 1.49094 3.01466 2.83443 3.85024 4.22707 3.5881 4.04685 3.88301 1.29434 3.01466 2.22822 3.48979 2.83443 0.557056 4.30899 2.29376 2.98189 2.63782 4.30899 0.884736 3.35872 3.45702 
Utility: 5.67683 0.179085 0.934359 6.50354 1.49836 -0.525153 1.51283 6.12871 0.509099 6.26615 6.20304 6.50648 5.84379 2.37402 6.27778 1.93045 0.368959 5.89235 0.917231 1.69341 1.6215 -1.27067 6.04003 0.946177 1.66823 2.07107 6.60397 -0.676351 1.6608 2.33421 

--------------------------------------
Time: 8.50036
Split Ratios: 1 1 1 1 1 1 1 1 1 1 1 1 1 1 1 1 1 1 1 1 1 1 1 1 1 1 1 1 1 1 
Delays: 0.0135149 1.45385 0.893915 0.00580511 0.767126 1.78042 0.780461 0.00834564 0.895408 0.00572886 0.00566372 0.00571707 0.00987396 0.424516 0.00760964 0.650687 0.895417 0.00814914 0.890411 0.781008 0.644835 2.11347 0.0100231 0.890328 0.64779 0.42313 0.00587146 1.77705 0.770016 0.426798 
Throughputs: 4.78413 1.70394 2.29376 4.21069 2.93274 0.933888 3.1785 4.14515 1.31072 3.06381 2.75251 3.7847 3.89939 3.11296 3.5881 3.6864 1.52371 2.63782 2.17907 3.62086 3.08019 0.622592 3.89939 2.11354 2.94912 2.8672 4.14515 0.884736 3.16211 3.73555 
Utility: 5.86927 0.158729 0.942337 6.58664 1.34104 -0.645248 1.40428 6.20796 0.381052 6.2819 6.18619 6.49527 5.97867 1.99238 6.15596 1.73438 0.531615 5.7798 0.894971 1.53388 1.56375 -1.22219 5.96368 0.864528 1.51569 1.91341 6.55959 -0.697422 1.41258 2.16934 

--------------------------------------
Time: 9.00039
Split Ratios: 1 1 1 1 1 1 1 1 1 1 1 1 1 1 1 1 1 1 1 1 1 1 1 1 1 1 1 1 1 1 
Delays: 0.0163311 1.56819 0.894662 0.00578199 0.872746 1.7807 0.878831 0.00897458 0.895958 0.00572398 0.00575434 0.00575415 0.0110159 0.470591 0.00763643 0.730367 0.895613 0.00816495 0.890494 0.881803 0.727901 2.23026 0.0102099 0.89046 0.729558 0.469851 0.00584772 1.77718 0.880107 0.470537 
Throughputs: 4.98074 1.35987 2.048 4.01408 2.65421 1.11411 2.93274 4.80051 1.68755 2.93274 3.14573 3.67002 4.16154 3.24403 2.93274 3.81747 1.29434 2.73613 2.09715 3.52256 3.40787 0.622592 4.53837 2.17907 2.50675 2.98189 4.01408 0.851968 3.53894 3.52256 
Utility: 5.72026 -0.142531 0.828173 6.54282 1.11226 -0.468948 1.2051 6.28208 0.633141 6.23903 6.30385 6.45803 5.9343 1.93058 5.95076 1.6538 0.368244 5.81445 0.85656 1.38498 1.54368 -1.27598 6.09697 0.894916 1.2343 1.8479 6.53151 -0.735231 1.39154 2.01307 

--------------------------------------
Time: 9.50061
Split Ratios: 1 1 1 1 1 1 1 1 1 1 1 1 1 1 1 1 1 1 1 1 1 1 1 1 1 1 1 1 1 1 
Delays: 0.0157903 1.68979 0.895407 0.00581949 0.891773 1.7818 0.890956 0.00900388 0.897463 0.00565466 0.00573063 0.00569665 0.0123668 0.543378 0.00761323 0.802289 0.894977 0.00832062 0.890629 0.898627 0.807786 2.35764 0.010376 0.890312 0.806801 0.539712 0.00588717 1.77696 0.894224 0.542693 
Throughputs: 4.76774 1.76947 2.19546 4.14515 3.47341 1.11411 3.29318 4.93158 1.6384 2.49037 2.78528 3.44064 4.1943 3.32595 3.44064 3.47341 1.42541 2.93274 2.26099 2.85082 3.3751 0.507904 4.66944 1.81862 2.8672 2.73613 3.85024 0.557056 3.39149 3.63725 
Utility: 5.71023 0.0460743 0.896866 6.56848 1.35968 -0.469568 1.30731 6.30576 0.601904 6.08771 6.18628 6.40353 5.82647 1.81171 6.11353 1.46542 0.465415 5.86495 0.931631 1.15449 1.42988 -1.53512 6.1093 0.714264 1.26801 1.62326 6.48312 -1.15999 1.33307 1.90244 

--------------------------------------
Time: 10.0007
Split Ratios: 1 1 1 1 1 1 1 1 1 1 1 1 1 1 1 1 1 1 1 1 1 1 1 1 1 1 1 1 1 1 
Delays: 0.0136953 1.77439 0.893936 0.00581738 0.891859 1.78062 0.891057 0.00848362 0.895561 0.0057626 0.0057077 0.00575464 0.00962075 0.620495 0.00755756 0.880486 0.895356 0.00874943 0.890703 0.902488 0.880978 2.48707 0.0106732 0.890372 0.877509 0.614903 0.00578105 1.77714 0.895229 0.619561 
Throughputs: 4.63667 1.52371 2.32653 4.45645 3.26042 1.08134 3.09658 4.45645 1.31072 2.75251 3.22765 3.16211 3.93216 3.42426 3.34234 3.63725 1.34349 2.63782 2.06438 3.1785 3.11296 0.720896 4.30899 2.34291 2.9655 3.24403 3.55533 0.90112 3.2768 3.06381 
Utility: 5.8247 -0.15231 0.956498 6.64126 1.2963 -0.498758 1.24564 6.26397 0.380882 6.16888 6.33769 6.30899 6.01302 1.70812 6.09188 1.41851 0.405803 5.70872 0.840576 1.25901 1.2623 -1.23836 6.00072 0.967511 1.21772 1.66311 6.42162 -0.679123 1.29754 1.5984 

