--------------------------------------
Time: 5.50014
Split Ratios: 0.333333 0.333333 0.333333 1 1 0.5 0.5 1 0.5 0.5 0.333333 0.333333 0.333333 0.333333 0.333333 0.333333 1 1 
Delays: 0.0122176 0.00577472 0.00713502 0.00710351 0.00579164 0.0102006 0.00723171 0.00744804 0.00572171 0.00865496 
Throughputs: 2.4576 2.08077 2.65421 2.27738 2.40845 3.04742 3.48979 2.81805 3.1785 2.1463 
Utility: 5.30406 5.887 5.91889 5.77019 6.03032 5.6996 6.17912 5.93585 6.3199 5.51337 

--------------------------------------
Time: 6.00043
Split Ratios: 0.304 0.128 0.568 1 1 0.673 0.327 1 0.033 0.967 0.396 0.073 0.53 0.596 0.295 0.11 1 1 
Delays: 0.0113663 0.00576763 0.00720544 0.00768223 0.00575882 0.0087549 0.00720139 0.00709321 0.00572168 0.00859033 
Throughputs: 2.44122 2.06438 2.94912 2.3593 1.99885 3.30957 3.3751 3.19488 3.22765 2.24461 
Utility: 5.3696 5.88033 6.01443 5.72721 5.84959 5.93496 6.14991 6.11017 6.33525 5.56565 

--------------------------------------
Time: 6.50077
Split Ratios: 0.304 0.128 0.568 1 1 0.673 0.327 1 0.033 0.967 0.396 0.073 0.53 0.596 0.295 0.11 1 1 
Delays: 0.0112684 0.00577104 0.00717362 0.00791944 0.00572508 0.00871407 0.00698438 0.00692076 0.00573324 0.00858919 
Throughputs: 2.67059 2.39206 2.71974 1.93331 2.42483 3.14573 3.45702 3.29318 3.30957 1.91693 
Utility: 5.46806 6.02706 5.93788 5.49767 6.04866 5.88886 6.20449 6.16508 6.35829 5.40797 

--------------------------------------
Time: 7.00095
Split Ratios: 0.304 0.128 0.568 1 1 0.673 0.327 1 0.033 0.967 0.396 0.073 0.53 0.596 0.295 0.11 1 1 
Delays: 0.0112853 0.00573204 0.00715667 0.007679 0.00577636 0.00869125 0.00697114 0.00711974 0.00573097 0.00858665 
Throughputs: 2.52314 2.26099 2.58867 2.21184 2.52314 3.26042 3.21126 3.19488 3.62086 2.01523 
Utility: 5.40976 5.97749 5.89086 5.66309 6.07948 5.92729 6.13264 6.10643 6.44858 5.45828 

--------------------------------------
Time: 7.50172
Split Ratios: 0.304 0.128 0.568 1 1 0.673 0.327 1 0.033 0.967 0.396 0.073 0.53 0.596 0.295 0.11 1 1 
Delays: 0.0111685 0.00581639 0.00716308 0.00782534 0.0057454 0.00873973 0.00700956 0.00702314 0.00573918 0.00857665 
Throughputs: 2.37568 2.4576 3.34234 1.78586 2.31014 3.21126 3.6864 2.80166 3.70278 1.68755 
Utility: 5.35994 6.04626 6.14549 5.43029 5.99667 5.90654 6.26513 5.98876 6.46952 5.28199 

--------------------------------------
Time: 8.00183
Split Ratios: 0.304 0.128 0.568 1 1 0.673 0.327 1 0.033 0.967 0.396 0.073 0.53 0.596 0.295 0.11 1 1 
Delays: 0.0111662 0.0057486 0.00713779 0.00762509 0.00572519 0.00861041 0.00698328 0.00689061 0.00572108 0.0085771 
Throughputs: 2.62144 2.32653 2.85082 1.68755 1.9497 2.98189 3.2768 3.11296 2.93274 2.42483 
Utility: 5.45859 6.00318 5.98996 5.39959 5.83055 5.84734 6.1511 6.11317 6.23953 5.64442 

--------------------------------------
Time: 8.50223
Split Ratios: 0.304 0.128 0.568 1 1 0.673 0.327 1 0.033 0.967 0.396 0.073 0.53 0.596 0.295 0.11 1 1 
Delays: 0.0115208 0.0057506 0.00714933 0.00774904 0.00572956 0.00865909 0.00691608 0.00691534 0.00573622 0.00856253 
Throughputs: 2.49037 2.27738 2.67059 2.048 2.34291 3.22765 3.50618 3.21126 3.16211 1.88416 
Utility: 5.37603 5.98147 5.92304 5.57705 6.01351 5.9209 6.22843 6.14068 6.3122 5.39384 

--------------------------------------
Time: 9.00249
Split Ratios: 0.304 0.128 0.568 1 1 0.673 0.327 1 0.033 0.967 0.396 0.073 0.53 0.596 0.295 0.11 1 1 
Delays: 0.0111439 0.00579848 0.00715744 0.00785558 0.00574276 0.00873587 0.00683699 0.00692254 0.00573109 0.0085747 
Throughputs: 2.73613 1.98246 2.42483 1.9497 2.49037 3.71917 2.98189 3.08019 4.01408 2.44122 
Utility: 5.50341 5.8345 5.82536 5.5142 6.07225 6.05382 6.07796 6.09796 6.55166 5.65144 

--------------------------------------
Time: 9.50286
Split Ratios: 0.304 0.128 0.568 1 1 0.673 0.327 1 0.033 0.967 0.396 0.073 0.53 0.596 0.295 0.11 1 1 
Delays: 0.0109561 0.00576369 0.00714683 0.00765725 0.00573949 0.00871648 0.0069963 0.00685444 0.00573415 0.00856504 
Throughputs: 2.70336 2.12992 2.83443 1.98246 2.21184 3.34234 3.39149 3.24403 3.29318 1.83501 
Utility: 5.50836 5.91226 5.98293 5.55644 5.95421 5.94921 6.18364 6.15968 6.35317 5.36712 

--------------------------------------
Time: 10.0029
Split Ratios: 0.304 0.128 0.568 1 1 0.673 0.327 1 0.033 0.967 0.396 0.073 0.53 0.596 0.295 0.11 1 1 
Delays: 0.0110974 0.00575731 0.00716155 0.00760659 0.00573246 0.0086011 0.00720272 0.00695886 0.00572608 0.0085907 
Throughputs: 2.37568 2.24461 2.8672 2.048 2.52314 3.2768 3.24403 3.09658 3.32595 2.34291 
Utility: 5.36633 5.96582 5.99236 5.5956 6.08711 5.94273 6.11011 6.09804 6.36448 5.60847 

--------------------------------------
Time: 10.5032
Split Ratios: 0.304 0.128 0.568 1 1 0.673 0.327 1 0.033 0.967 0.396 0.073 0.53 0.596 0.295 0.11 1 1 
Delays: 0.0115616 0.00574012 0.00719798 0.00754726 0.0057393 0.00868038 0.00702068 0.00698642 0.00572257 0.00859452 
Throughputs: 2.71974 1.80224 3.1785 1.93331 2.37568 2.98189 3.42426 2.91635 3.09658 1.96608 
Utility: 5.4606 5.74931 6.09036 5.54581 6.0257 5.83925 6.18978 6.03412 6.29363 5.43267 

--------------------------------------
Time: 11.0038
Split Ratios: 0.304 0.128 0.568 1 1 0.673 0.327 1 0.033 0.967 0.396 0.073 0.53 0.596 0.295 0.11 1 1 
Delays: 0.0111644 0.00575173 0.00717269 0.00774521 0.00574115 0.00868652 0.00711521 0.00713532 0.0057208 0.00857817 
Throughputs: 2.5559 1.88416 2.83443 1.83501 2.19546 3.29318 3.19488 3.22765 3.89939 2.19546 
Utility: 5.43343 5.79174 5.97932 5.46773 5.94649 5.93784 6.10707 6.11445 6.52447 5.54492 

--------------------------------------
Time: 11.5038
Split Ratios: 0.304 0.128 0.568 1 1 0.673 0.327 1 0.033 0.967 0.396 0.073 0.53 0.596 0.295 0.11 1 1 
Delays: 0.0112823 0.00573999 0.00713633 0.0076411 0.00573406 0.0087044 0.00685411 0.00712422 0.00573059 0.00859451 
Throughputs: 2.4576 2.31014 2.89997 2.12992 2.22822 3.09658 3.42426 2.89997 3.44064 2.34291 
Utility: 5.38371 5.99761 6.00726 5.6303 5.96254 5.87422 6.21379 6.00896 6.39759 5.60803 

--------------------------------------
Time: 12.004
Split Ratios: 0.304 0.128 0.568 1 1 0.673 0.327 1 0.033 0.967 0.396 0.073 0.53 0.596 0.295 0.11 1 1 
Delays: 0.011019 0.00579238 0.00716566 0.00759935 0.00572307 0.0086445 0.00697229 0.00694775 0.00573047 0.00860209 
Throughputs: 2.49037 2.09715 3.06381 2.01523 2.37568 3.1785 3.40787 3.5881 3.45702 2.19546 
Utility: 5.42056 5.89179 6.05811 5.58043 6.02853 5.90724 6.1919 6.24696 6.40236 5.54214 

--------------------------------------
Time: 12.5051
Split Ratios: 0.304 0.128 0.568 1 1 0.673 0.327 1 0.033 0.967 0.396 0.073 0.53 0.596 0.295 0.11 1 1 
Delays: 0.0113387 0.00576244 0.00716946 0.00753851 0.00571904 0.00870395 0.00695192 0.00674933 0.00572356 0.00859725 
Throughputs: 2.78528 2.12992 2.88358 2.17907 2.17907 3.08019 3.45702 2.99827 3.5881 2.49037 
Utility: 5.50388 5.91248 5.99696 5.66663 5.94285 5.86897 6.20915 6.09635 6.44079 5.66874 

--------------------------------------
Time: 13.0062
Split Ratios: 0.304 0.128 0.568 1 1 0.673 0.327 1 0.033 0.967 0.396 0.073 0.53 0.596 0.295 0.11 1 1 
Delays: 0.0112445 0.00576673 0.00717135 0.00772916 0.00573844 0.00874185 0.00698285 0.00676852 0.00574038 0.00860787 
Throughputs: 2.62144 2.06438 2.78528 2.19546 2.34291 3.2768 3.09658 3.11296 3.63725 2.53952 
Utility: 5.4516 5.88048 5.96201 5.64915 6.01196 5.9265 6.0946 6.13105 6.45146 5.68705 

--------------------------------------
Time: 13.5062
Split Ratios: 0.304 0.128 0.568 1 1 0.673 0.327 1 0.033 0.967 0.396 0.073 0.53 0.596 0.295 0.11 1 1 
Delays: 0.0113236 0.00577068 0.00717731 0.00779917 0.00574085 0.00870079 0.00717546 0.00681005 0.00573066 0.00858225 
Throughputs: 2.44122 2.048 3.04742 2.19546 2.09715 3.22765 3.5881 3.22765 3.16211 2.19546 
Utility: 5.37336 5.87183 6.05113 5.64013 5.90073 5.9161 6.21471 6.16111 6.31316 5.54445 

--------------------------------------
Time: 14.0064
Split Ratios: 0.304 0.128 0.568 1 1 0.673 0.327 1 0.033 0.967 0.396 0.073 0.53 0.596 0.295 0.11 1 1 
Delays: 0.0112453 0.00575777 0.00714292 0.00752555 0.00572999 0.0087262 0.0071806 0.00684866 0.00571814 0.00857435 
Throughputs: 2.81805 2.52314 2.34291 1.91693 2.44122 3.24403 3.11296 3.22765 3.5881 1.96608 
Utility: 5.52385 6.08271 5.79303 5.54018 6.05454 5.91824 6.07195 6.15546 6.44173 5.43502 

--------------------------------------
Time: 14.5065
Split Ratios: 0.304 0.128 0.568 1 1 0.673 0.327 1 0.033 0.967 0.396 0.073 0.53 0.596 0.295 0.11 1 1 
Delays: 0.0111446 0.00575414 0.00714372 0.00770561 0.00573053 0.00874461 0.00697174 0.00690489 0.00573213 0.00858269 
Throughputs: 2.81805 2.03162 2.5559 1.6384 2.01523 3.21126 3.3751 2.93274 3.60448 2.52314 
Utility: 5.53285 5.86667 5.87993 5.35953 5.86268 5.90598 6.18232 6.05146 6.44385 5.68351 

--------------------------------------
Time: 15.0065
Split Ratios: 0.304 0.128 0.568 1 1 0.673 0.327 1 0.033 0.967 0.396 0.073 0.53 0.596 0.295 0.11 1 1 
Delays: 0.0111572 0.00575295 0.00716472 0.00756324 0.00572437 0.00866721 0.00697978 0.00690092 0.00571568 0.00856091 
Throughputs: 2.52314 1.9497 2.88358 2.06438 2.03162 3.14573 3.29318 3.22765 3.09658 1.91693 
Utility: 5.42118 5.82572 5.99762 5.60929 5.87185 5.89425 6.15659 6.14785 6.29484 5.41127 

--------------------------------------
Time: 15.5075
Split Ratios: 0.304 0.128 0.568 1 1 0.673 0.327 1 0.033 0.967 0.396 0.073 0.53 0.596 0.295 0.11 1 1 
Delays: 0.011272 0.00576925 0.00715265 0.00756561 0.00574053 0.00865457 0.00706467 0.00674691 0.00574299 0.00857139 
Throughputs: 2.73613 2.16269 2.53952 1.91693 2.29376 2.89997 3.40787 3.16211 3.1785 2.21184 
Utility: 5.49198 5.92657 5.87225 5.53487 5.9904 5.81437 6.17874 6.14991 6.31618 5.55315 

--------------------------------------
Time: 16.0076
Split Ratios: 0.304 0.128 0.568 1 1 0.673 0.327 1 0.033 0.967 0.396 0.073 0.53 0.596 0.295 0.11 1 1 
Delays: 0.0110985 0.00577054 0.00716777 0.00783392 0.00572272 0.00876646 0.00707629 0.00672102 0.00573225 0.00860929 
Throughputs: 2.89997 1.99885 2.89997 2.29376 2.34291 2.9655 3.26042 2.99827 3.57171 2.27738 
Utility: 5.56565 5.84756 6.00286 5.67948 6.01471 5.82387 6.13286 6.10055 6.43469 5.57794 

--------------------------------------
Time: 16.5084
Split Ratios: 0.304 0.128 0.568 1 1 0.673 0.327 1 0.033 0.967 0.396 0.073 0.53 0.596 0.295 0.11 1 1 
Delays: 0.0110717 0.0057825 0.00716543 0.0075054 0.00574434 0.0086734 0.00703357 0.0068915 0.00573591 0.00858211 
Throughputs: 2.58867 2.11354 2.83443 2.048 2.42483 3.29318 3.85024 3.22765 3.08019 2.34291 
Utility: 5.45451 5.90128 5.98033 5.609 6.0453 5.93935 6.3052 6.14922 6.286 5.60947 

--------------------------------------
Time: 17.0085
Split Ratios: 0.304 0.128 0.568 1 1 0.673 0.327 1 0.033 0.967 0.396 0.073 0.53 0.596 0.295 0.11 1 1 
Delays: 0.0111976 0.0057303 0.00714366 0.00766245 0.00573387 0.00864392 0.00712157 0.00689487 0.00573017 0.00856837 
Throughputs: 2.73613 1.80224 3.01466 1.96608 2.40845 3.44064 3.30957 2.85082 3.24403 2.27738 
Utility: 5.4986 5.75102 6.04502 5.54746 6.04035 5.98656 6.14145 6.02458 6.33883 5.5827 

--------------------------------------
Time: 17.5093
Split Ratios: 0.304 0.128 0.568 1 1 0.673 0.327 1 0.033 0.967 0.396 0.073 0.53 0.596 0.295 0.11 1 1 
Delays: 0.0111186 0.00575004 0.00716256 0.00764511 0.00573467 0.0086944 0.00719134 0.00691247 0.00573816 0.00859344 
Throughputs: 2.67059 2.3593 3.08019 2.1463 2.47398 3.26042 3.19488 2.99827 3.42426 2.37568 
Utility: 5.48144 6.01691 6.06388 5.63744 6.06706 5.92693 6.09643 6.07246 6.3915 5.62204 

--------------------------------------
Time: 18.0093
Split Ratios: 0.304 0.128 0.568 1 1 0.673 0.327 1 0.033 0.967 0.396 0.073 0.53 0.596 0.295 0.11 1 1 
Delays: 0.0114627 0.00578086 0.00715562 0.00770066 0.00573237 0.0086947 0.00707896 0.00695074 0.00573465 0.00860881 
Throughputs: 2.39206 2.47398 2.83443 2.19546 2.34291 3.16211 3.5881 3.06381 2.93274 2.65421 
Utility: 5.34081 6.05903 5.9817 5.65284 6.01302 5.89628 6.22825 6.08857 6.23716 5.73112 

--------------------------------------
Time: 18.5101
Split Ratios: 0.304 0.128 0.568 1 1 0.673 0.327 1 0.033 0.967 0.396 0.073 0.53 0.596 0.295 0.11 1 1 
Delays: 0.0113761 0.00576039 0.00713642 0.00778762 0.00574006 0.00867129 0.00693419 0.00700048 0.00572206 0.00859529 
Throughputs: 2.62144 2.08077 2.32653 2.44122 2.17907 3.39149 3.24403 3.16211 3.12934 2.048 
Utility: 5.43996 5.88949 5.78692 5.74772 5.93918 5.96901 6.14811 6.11302 6.30425 5.4734 

--------------------------------------
Time: 19.0111
Split Ratios: 0.304 0.128 0.568 1 1 0.673 0.327 1 0.033 0.967 0.396 0.073 0.53 0.596 0.295 0.11 1 1 
Delays: 0.0112665 0.00576746 0.00716341 0.00782352 0.00574478 0.00869997 0.00694735 0.00698778 0.00572495 0.00859975 
Throughputs: 2.31014 2.27738 2.71974 1.96608 2.70336 3.08019 3.34234 3.04742 3.40787 2.32653 
Utility: 5.32323 5.97855 5.93931 5.52666 6.15396 5.86943 6.17607 6.07789 6.38901 5.6004 

--------------------------------------
Time: 19.5112
Split Ratios: 0.304 0.128 0.568 1 1 0.673 0.327 1 0.033 0.967 0.396 0.073 0.53 0.596 0.295 0.11 1 1 
Delays: 0.0111516 0.0057803 0.00713993 0.00796845 0.00572461 0.00868878 0.00689379 0.00681299 0.00573393 0.00855701 
Throughputs: 2.53952 2.26099 2.80166 2.03162 2.4576 3.19488 3.32595 3.35872 2.98189 2.048 
Utility: 5.42815 5.9691 5.97227 5.5411 6.06217 5.90727 6.17889 6.20048 6.25391 5.47787 

--------------------------------------
Time: 20.0116
Split Ratios: 0.304 0.128 0.568 1 1 0.673 0.327 1 0.033 0.967 0.396 0.073 0.53 0.596 0.295 0.11 1 1 
Delays: 0.0111733 0.00577291 0.00714586 0.00775394 0.00572515 0.00863934 0.00720391 0.00699698 0.00573057 0.00859085 
Throughputs: 2.32653 2.27738 3.03104 2.11354 2.01523 3.26042 3.34234 3.55533 3.34234 2.12992 
Utility: 5.3386 5.9776 6.05013 5.60792 5.86362 5.93328 6.1398 6.23072 6.36861 5.51314 

--------------------------------------
Time: 20.5119
Split Ratios: 0.304 0.128 0.568 1 1 0.673 0.327 1 0.033 0.967 0.396 0.073 0.53 0.596 0.295 0.11 1 1 
Delays: 0.0111445 0.00576816 0.00715664 0.00763629 0.00576394 0.00873201 0.00695023 0.00704855 0.00572544 0.00859301 
Throughputs: 2.26099 1.91693 2.98189 2.12992 2.49037 3.34234 3.32595 2.98189 3.40787 2.44122 
Utility: 5.31262 5.80613 6.03227 5.63093 6.06856 5.94743 6.17074 6.04749 6.38892 5.6493 

--------------------------------------
Time: 21.0121
Split Ratios: 0.304 0.128 0.568 1 1 0.673 0.327 1 0.033 0.967 0.396 0.073 0.53 0.596 0.295 0.11 1 1 
Delays: 0.0110769 0.00582814 0.00714311 0.00752413 0.00572864 0.00877166 0.00710239 0.00687733 0.00573656 0.00861259 
Throughputs: 2.73613 2.27738 2.93274 2.16269 2.12992 3.29318 3.03104 3.24403 3.63725 2.7689 
Utility: 5.50944 5.96808 6.01754 5.66099 5.91836 5.92808 6.05623 6.15634 6.45212 5.77298 

--------------------------------------
Time: 21.5122
Split Ratios: 0.304 0.128 0.568 1 1 0.673 0.327 1 0.033 0.967 0.396 0.073 0.53 0.596 0.295 0.11 1 1 
Delays: 0.0116283 0.00575719 0.00715585 0.00762906 0.00572391 0.00877988 0.0070879 0.00672431 0.00572867 0.00860069 
Throughputs: 2.57229 2.21184 2.68698 1.86778 2.50675 2.9655 3.39149 3.09658 3.16211 2.58867 
Utility: 5.39911 5.95113 5.92824 5.50054 6.08209 5.82234 6.17063 6.13232 6.31351 5.70706 

--------------------------------------
Time: 22.0125
Split Ratios: 0.304 0.128 0.568 1 1 0.673 0.327 1 0.033 0.967 0.396 0.073 0.53 0.596 0.295 0.11 1 1 
Delays: 0.0113374 0.00574535 0.00713703 0.00753031 0.00574694 0.00869443 0.00691674 0.00663921 0.00572441 0.00858662 
Throughputs: 2.75251 2.01523 2.78528 1.90054 2.3593 3.11296 3.1785 2.89997 3.32595 2.24461 
Utility: 5.49217 5.8601 5.96681 5.53096 6.01745 5.88065 6.13022 6.07946 6.36477 5.56608 

--------------------------------------
Time: 22.513
Split Ratios: 0.304 0.128 0.568 1 1 0.673 0.327 1 0.033 0.967 0.396 0.073 0.53 0.596 0.295 0.11 1 1 
Delays: 0.0109936 0.00576511 0.00716476 0.00773163 0.00571483 0.00866715 0.00691362 0.00685486 0.00573217 0.0086007 
Throughputs: 2.75251 2.34291 2.67059 1.86778 2.27738 3.11296 3.32595 2.68698 3.22765 2.63782 
Utility: 5.52296 6.00732 5.92088 5.48718 5.98771 5.88379 6.17602 5.97121 6.33342 5.72587 

--------------------------------------
Time: 23.0135
Split Ratios: 0.304 0.128 0.568 1 1 0.673 0.327 1 0.033 0.967 0.396 0.073 0.53 0.596 0.295 0.11 1 1 
Delays: 0.011249 0.00575172 0.00717426 0.00755102 0.00573532 0.00864151 0.0068668 0.00690714 0.00572637 0.00855754 
Throughputs: 2.57229 2.12992 3.16211 2.12992 2.11354 3.08019 3.45702 2.98189 3.52256 2.16269 
Utility: 5.43227 5.91434 6.0885 5.64216 5.90947 5.87617 6.22147 6.06776 6.42186 5.53229 

--------------------------------------
Time: 23.5136
Split Ratios: 0.304 0.128 0.568 1 1 0.673 0.327 1 0.033 0.967 0.396 0.073 0.53 0.596 0.295 0.11 1 1 
Delays: 0.0113003 0.00574229 0.00717523 0.00780709 0.00573257 0.00867498 0.00690572 0.00690886 0.0057304 0.00859436 
Throughputs: 2.21184 1.96608 3.01466 2.22822 2.52314 3.70278 3.19488 2.88358 3.35872 2.40845 
Utility: 5.27675 5.83594 6.04061 5.65393 6.08709 6.0564 6.13695 6.03398 6.37353 5.63563 

--------------------------------------
Time: 24.0141
Split Ratios: 0.304 0.128 0.568 1 1 0.673 0.327 1 0.033 0.967 0.396 0.073 0.53 0.596 0.295 0.11 1 1 
Delays: 0.0111723 0.00575562 0.00717572 0.00774937 0.00574522 0.00872012 0.00701306 0.00672312 0.00572844 0.00858552 
Throughputs: 2.29376 2.3593 2.57229 2.08077 2.3593 3.57171 3.47341 2.9655 3.50618 2.17907 
Utility: 5.32451 6.01594 5.88185 5.59288 6.01775 6.01517 6.20512 6.08925 6.41684 5.53658 

--------------------------------------
Time: 24.5145
Split Ratios: 0.304 0.128 0.568 1 1 0.673 0.327 1 0.033 0.967 0.396 0.073 0.53 0.596 0.295 0.11 1 1 
Delays: 0.0113375 0.00573308 0.00718556 0.00775532 0.00575009 0.00874081 0.0069721 0.00694299 0.00572788 0.00859792 
Throughputs: 2.71974 1.72032 2.75251 1.99885 2.81805 3.03104 3.16211 3.08019 3.45702 2.37568 
Utility: 5.48018 5.70401 5.9482 5.55195 6.19458 5.84866 6.11708 6.09501 6.40282 5.62152 

--------------------------------------
Time: 25.0153
Split Ratios: 0.304 0.128 0.568 1 1 0.673 0.327 1 0.033 0.967 0.396 0.073 0.53 0.596 0.295 0.11 1 1 
Delays: 0.0113024 0.00573545 0.00721193 0.00754939 0.00573768 0.00874029 0.00706187 0.00693558 0.00572634 0.00860246 
Throughputs: 2.70336 2.06438 3.26042 1.99885 2.31014 2.89997 3.47341 2.93274 3.16211 2.17907 
Utility: 5.47724 5.88592 6.11387 5.57886 5.99801 5.80451 6.19818 6.04703 6.31392 5.53461 

--------------------------------------
Time: 25.5155
Split Ratios: 0.304 0.128 0.568 1 1 0.673 0.327 1 0.033 0.967 0.396 0.073 0.53 0.596 0.295 0.11 1 1 
Delays: 0.0111154 0.00578563 0.00713913 0.00756552 0.00573549 0.00868941 0.00695053 0.00694376 0.00574163 0.00857598 
Throughputs: 2.53952 2.06438 2.57229 1.9497 2.39206 3.08019 3.30957 3.24403 3.83386 2.12992 
Utility: 5.4314 5.87721 5.88696 5.55183 6.03324 5.87064 6.16576 6.14673 6.50388 5.51487 

--------------------------------------
Time: 26.0155
Split Ratios: 0.304 0.128 0.568 1 1 0.673 0.327 1 0.033 0.967 0.396 0.073 0.53 0.596 0.295 0.11 1 1 
Delays: 0.0113898 0.00576679 0.00716467 0.00768978 0.00572592 0.0087109 0.00693187 0.00696486 0.00572466 0.00855759 
Throughputs: 2.47398 2.048 2.88358 2.1463 2.24461 2.8672 2.93274 3.19488 3.04742 1.96608 
Utility: 5.38086 5.8725 5.99763 5.63161 5.97128 5.79652 6.04756 6.12843 6.27727 5.43698 

--------------------------------------
Time: 26.5156
Split Ratios: 0.304 0.128 0.568 1 1 0.673 0.327 1 0.033 0.967 0.396 0.073 0.53 0.596 0.295 0.11 1 1 
Delays: 0.0112934 0.00577862 0.00715228 0.00777752 0.00575508 0.00870924 0.00693199 0.00700571 0.00573192 0.00856453 
Throughputs: 2.80166 2.048 2.93274 2.19546 2.44122 2.88358 3.44064 3.08019 3.75194 2.19546 
Utility: 5.51375 5.87045 6.01626 5.64291 6.05017 5.8024 6.20727 6.08602 6.48398 5.54652 

--------------------------------------
Time: 27.0157
Split Ratios: 0.304 0.128 0.568 1 1 0.673 0.327 1 0.033 0.967 0.396 0.073 0.53 0.596 0.295 0.11 1 1 
Delays: 0.0111502 0.00575636 0.00716965 0.00768247 0.00573442 0.00871927 0.00713879 0.00703547 0.00576547 0.00858819 
Throughputs: 2.81805 1.90054 2.58867 1.90054 2.4576 3.32595 3.39149 2.94912 2.98189 2.12992 
Utility: 5.53234 5.79959 5.88904 5.51095 6.06045 5.94398 6.16348 6.0383 6.24843 5.51345 

--------------------------------------
Time: 27.5164
Split Ratios: 0.304 0.128 0.568 1 1 0.673 0.327 1 0.033 0.967 0.396 0.073 0.53 0.596 0.295 0.11 1 1 
Delays: 0.0112462 0.00575992 0.00715881 0.00781523 0.00573743 0.00868468 0.00706392 0.00694632 0.00572197 0.00858047 
Throughputs: 2.5559 2.17907 2.53952 2.16269 2.32653 3.26042 4.07962 2.99827 3.48979 2.09715 
Utility: 5.42613 5.93573 5.87139 5.62303 6.00512 5.92805 6.35876 6.06758 6.41328 5.49885 

--------------------------------------
Time: 28.017
Split Ratios: 0.304 0.128 0.568 1 1 0.673 0.327 1 0.033 0.967 0.396 0.073 0.53 0.596 0.295 0.11 1 1 
Delays: 0.0113716 0.00575605 0.00716682 0.00766803 0.00574085 0.00865369 0.00698872 0.00692612 0.00573205 0.00857794 
Throughputs: 2.40845 2.11354 2.88358 1.9497 2.11354 3.34234 3.11296 3.04742 3.3751 2.29376 
Utility: 5.35562 5.90587 5.99733 5.53837 5.90851 5.95644 6.09903 6.08675 6.37811 5.58875 

--------------------------------------
Time: 28.517
Split Ratios: 0.304 0.128 0.568 1 1 0.673 0.327 1 0.033 0.967 0.396 0.073 0.53 0.596 0.295 0.11 1 1 
Delays: 0.0112207 0.00577813 0.00714295 0.00772732 0.00572639 0.0086351 0.00691064 0.00706826 0.00573566 0.00856857 
Throughputs: 2.37568 2.08077 2.8672 1.88416 2.39206 3.03104 3.53894 3.12934 3.63725 2.03162 
Utility: 5.35528 5.88641 5.99497 5.49647 6.03483 5.86083 6.23852 6.09296 6.45228 5.46849 

--------------------------------------
Time: 29.0171
Split Ratios: 0.304 0.128 0.568 1 1 0.673 0.327 1 0.033 0.967 0.396 0.073 0.53 0.596 0.295 0.11 1 1 
Delays: 0.0112176 0.00578606 0.00715445 0.00771586 0.00573249 0.00871958 0.00704424 0.00690689 0.00572748 0.00858491 
Throughputs: 2.71974 2.39206 2.70336 2.12992 2.37568 2.9655 3.70278 3.14573 3.09658 2.3593 
Utility: 5.49081 6.02446 5.93452 5.62056 6.02689 5.82923 6.26463 6.12128 6.29278 5.61611 

--------------------------------------
Time: 29.5172
Split Ratios: 0.304 0.128 0.568 1 1 0.673 0.327 1 0.033 0.967 0.396 0.073 0.53 0.596 0.295 0.11 1 1 
Delays: 0.0112224 0.00584437 0.00714284 0.00770125 0.0057421 0.00868342 0.00687024 0.00676774 0.00571215 0.00856309 
Throughputs: 2.65421 2.16269 2.49037 2.12992 2.53952 3.19488 3.14573 3.01466 3.12934 2.26099 
Utility: 5.46599 5.91363 5.85408 5.62246 6.0919 5.90789 6.1266 6.09907 6.30598 5.5761 

--------------------------------------
Time: 30.0172
Split Ratios: 0.304 0.128 0.568 1 1 0.673 0.327 1 0.033 0.967 0.396 0.073 0.53 0.596 0.295 0.11 1 1 
Delays: 0.0111447 0.00576041 0.00715626 0.00742543 0.00573576 0.00867307 0.00685638 0.00699442 0.00574533 0.00857015 
Throughputs: 2.80166 2.26099 2.73613 2.01523 2.08077 3.32595 3.06381 3.34234 3.73555 2.22822 
Utility: 5.527 5.97255 5.94631 5.60358 5.89377 5.94929 6.10223 6.16931 6.47726 5.56067 

--------------------------------------
Time: 30.5174
Split Ratios: 0.304 0.128 0.568 1 1 0.673 0.327 1 0.033 0.967 0.396 0.073 0.53 0.596 0.295 0.11 1 1 
Delays: 0.0115569 0.00579205 0.00715556 0.00762983 0.00574206 0.00878092 0.00705833 0.00681976 0.00573215 0.0086065 
Throughputs: 2.85082 2.048 2.75251 1.83501 2.1463 3.22765 3.35872 3.19488 3.21126 1.88416 
Utility: 5.50808 5.86813 5.95238 5.48274 5.92368 5.90693 6.16511 6.14948 6.32833 5.38872 

--------------------------------------
Time: 31.0182
Split Ratios: 0.304 0.128 0.568 1 1 0.673 0.327 1 0.033 0.967 0.396 0.073 0.53 0.596 0.295 0.11 1 1 
Delays: 0.0111818 0.00577634 0.0071638 0.00760318 0.00573389 0.00870929 0.00699942 0.00679994 0.00572483 0.00858595 
Throughputs: 2.50675 2.19546 2.93274 1.67117 2.68698 3.22765 3.11296 3.24403 3.32595 2.44122 
Utility: 5.41246 5.94037 6.01465 5.39271 6.14978 5.91512 6.0975 6.16766 6.3647 5.65012 

--------------------------------------
Time: 31.5182
Split Ratios: 0.304 0.128 0.568 1 1 0.673 0.327 1 0.033 0.967 0.396 0.073 0.53 0.596 0.295 0.11 1 1 
Delays: 0.0113556 0.00574367 0.00717397 0.00772785 0.00573818 0.00879588 0.0071285 0.00689367 0.00572991 0.00857102 
Throughputs: 2.68698 1.75309 2.78528 2.12992 2.68698 3.29318 3.40787 3.11296 3.3751 2.31014 
Utility: 5.46646 5.72104 5.96164 5.61901 6.14903 5.92533 6.16974 6.11273 6.37848 5.59668 

--------------------------------------
Time: 32.0186
Split Ratios: 0.304 0.128 0.568 1 1 0.673 0.327 1 0.033 0.967 0.396 0.073 0.53 0.596 0.295 0.11 1 1 
Delays: 0.0114206 0.00576636 0.00717548 0.00776867 0.00577256 0.00882115 0.00716647 0.00679917 0.00573164 0.00857482 
Throughputs: 2.58867 2.11354 3.01466 1.7367 2.3593 2.80166 3.29318 3.2768 3.73555 2.27738 
Utility: 5.42349 5.90408 6.04057 5.40965 6.013 5.76082 6.1302 6.17782 6.47965 5.58195 

--------------------------------------
Time: 32.5186
Split Ratios: 0.304 0.128 0.568 1 1 0.673 0.327 1 0.033 0.967 0.396 0.073 0.53 0.596 0.295 0.11 1 1 
Delays: 0.011326 0.00575426 0.00715415 0.0077627 0.00574966 0.00873609 0.00705027 0.00670107 0.00573212 0.00857007 
Throughputs: 2.37568 2.39206 2.58867 2.09715 2.49037 3.06381 3.19488 3.09658 3.50618 2.24461 
Utility: 5.34593 6.02997 5.89121 5.59901 6.07104 5.85995 6.11624 6.13578 6.4162 5.56801 

--------------------------------------
Time: 33.0187
Split Ratios: 0.304 0.128 0.568 1 1 0.673 0.327 1 0.033 0.967 0.396 0.073 0.53 0.596 0.295 0.11 1 1 
Delays: 0.0111899 0.0058162 0.0071513 0.00760528 0.00574162 0.00863709 0.00693127 0.00683185 0.00572788 0.00856513 
Throughputs: 2.39206 2.50675 3.01466 2.09715 2.11354 3.30957 3.35872 3.09658 3.24403 2.17907 
Utility: 5.3649 6.0661 6.04395 5.61949 5.90838 5.94851 6.18327 6.11646 6.33923 5.53896 

--------------------------------------
Time: 33.519
Split Ratios: 0.304 0.128 0.568 1 1 0.673 0.327 1 0.033 0.967 0.396 0.073 0.53 0.596 0.295 0.11 1 1 
Delays: 0.0110468 0.00577142 0.00716015 0.00745119 0.00573845 0.00870388 0.00675384 0.00697034 0.00573384 0.00859581 
Throughputs: 2.7689 2.21184 3.04742 1.88416 2.17907 3.04742 3.16211 2.99827 3.39149 2.68698 
Utility: 5.52406 5.94866 6.05352 5.53286 5.93947 5.85828 6.14888 6.06413 6.38264 5.7449 

--------------------------------------
Time: 34.0192
Split Ratios: 0.304 0.128 0.568 1 1 0.673 0.327 1 0.033 0.967 0.396 0.073 0.53 0.596 0.295 0.11 1 1 
Delays: 0.0113126 0.00580026 0.00714248 0.00780843 0.00573463 0.00871012 0.00728684 0.00697658 0.00572708 0.00858493 
Throughputs: 2.62144 2.11354 2.80166 2.22822 2.32653 2.78528 3.16211 2.94912 3.48979 2.21184 
Utility: 5.44556 5.89822 5.97191 5.65376 6.00561 5.76762 6.07293 6.0467 6.41239 5.55157 

--------------------------------------
Time: 34.5199
Split Ratios: 0.304 0.128 0.568 1 1 0.673 0.327 1 0.033 0.967 0.396 0.073 0.53 0.596 0.295 0.11 1 1 
Delays: 0.0112782 0.00575404 0.00717322 0.00773205 0.0057319 0.00880096 0.00709908 0.00705895 0.00572388 0.00859932 
Throughputs: 2.70336 2.03162 2.80166 2.24461 2.5559 3.09658 3.26042 2.80166 3.62086 2.50675 
Utility: 5.47938 5.86669 5.96761 5.67091 6.10011 5.86319 6.12964 5.98367 6.44982 5.67506 

--------------------------------------
Time: 35.0204
Split Ratios: 0.304 0.128 0.568 1 1 0.673 0.327 1 0.033 0.967 0.396 0.073 0.53 0.596 0.295 0.11 1 1 
Delays: 0.0112346 0.00575338 0.00717761 0.00777752 0.00573348 0.00870105 0.00699351 0.00701444 0.00571839 0.00858092 
Throughputs: 2.34291 2.32653 2.85082 2.09715 2.44122 3.08019 3.48979 3.29318 3.30957 2.08077 
Utility: 5.34015 6.00234 5.98439 5.5971 6.05393 5.8693 6.21261 6.15164 6.36089 5.49095 

--------------------------------------
Time: 35.5205
Split Ratios: 0.304 0.128 0.568 1 1 0.673 0.327 1 0.033 0.967 0.396 0.073 0.53 0.596 0.295 0.11 1 1 
Delays: 0.01096 0.00577009 0.00715827 0.00769696 0.00574817 0.008667 0.00693631 0.0068548 0.00572524 0.00856952 
Throughputs: 2.60506 2.09715 2.3593 2.16269 2.27738 3.2768 3.34234 3.16211 3.73555 2.42483 
Utility: 5.47096 5.89565 5.79785 5.63828 5.9819 5.9351 6.17766 6.13405 6.48077 5.64531 

--------------------------------------
Time: 36.021
Split Ratios: 0.304 0.128 0.568 1 1 0.673 0.327 1 0.033 0.967 0.396 0.073 0.53 0.596 0.295 0.11 1 1 
Delays: 0.0111807 0.00575621 0.00716673 0.00768916 0.00572982 0.00877313 0.0070748 0.00680353 0.0057303 0.00861034 
Throughputs: 2.63782 2.27738 2.8672 1.98246 2.47398 3.14573 3.44064 2.85082 3.45702 2.17907 
Utility: 5.46352 5.9805 5.99164 5.55228 6.0679 5.88211 6.18687 6.03792 6.40239 5.53369 

