--------------------------------------
Time: 5.50005
Split Ratios: 1 1 1 1 1 1 1 1 1 1 1 1 1 1 1 1 1 1 1 1 1 1 1 1 1 1 1 1 1 1 
Delays: 0.00804877 0.00723327 0.00473261 0.00619105 0.00865285 0.00514344 0.00437771 0.00767053 0.00726898 0.00660187 0.00448453 0.00721941 0.00625801 0.00610854 0.00714411 0.00793935 0.00841232 0.00814191 0.00473662 0.00585237 0.00432006 0.00743771 0.00595292 0.00583093 0.00666773 0.00719112 0.00659069 0.00720076 0.00437086 0.00804718 
Throughputs: 3.88301 2.88358 4.12877 3.53894 3.22765 3.81747 3.11296 3.57171 3.71917 3.32595 4.11238 3.47341 3.5881 3.48979 3.45702 3.26042 2.81805 3.09658 3.32595 3.26042 3.93216 2.89997 3.3751 3.03104 3.53894 2.88358 2.85082 2.75251 3.5881 3.34234 
Utility: 6.17885 5.9881 6.77126 6.34848 5.92162 6.60962 6.5668 6.14341 6.23764 6.22216 6.82113 6.17612 6.35152 6.34791 6.18188 6.01778 5.8141 5.94103 6.55419 6.32276 6.81368 5.96589 6.3403 6.25349 6.2743 5.99394 6.0697 5.94608 6.71042 6.0291 

--------------------------------------
Time: 6.00022
Split Ratios: 1 1 1 1 1 1 1 1 1 1 1 1 1 1 1 1 1 1 1 1 1 1 1 1 1 1 1 1 1 1 
Delays: 0.00808114 0.00724516 0.00482253 0.00612396 0.00887535 0.00524154 0.00436828 0.00767653 0.00729007 0.00668671 0.00449002 0.00724184 0.00634844 0.00615436 0.00713721 0.00812323 0.00850561 0.00819668 0.00477531 0.00582146 0.00432114 0.00738136 0.00594817 0.00582102 0.00683775 0.0072158 0.00671219 0.00721334 0.00436723 0.00817255 
Throughputs: 3.65363 3.47341 4.12877 3.1785 3.12934 3.71917 2.75251 3.5881 4.14515 3.16211 4.25984 3.04742 3.34234 3.71917 3.40787 3.6864 2.99827 2.83443 3.03104 3.48979 3.73555 2.99827 3.40787 3.21126 3.91578 3.1785 3.35872 2.93274 3.16211 2.58867 
Utility: 6.11394 6.17256 6.75243 6.25196 5.8653 6.56464 6.4459 6.14721 6.34318 6.15887 6.85513 6.04218 6.26622 6.4041 6.16852 6.11768 5.86507 5.84587 6.4532 6.39605 6.76213 6.00683 6.35076 6.31294 6.35031 6.08789 6.21539 6.00776 6.58487 5.75812 

--------------------------------------
Time: 6.50029
Split Ratios: 1 1 1 1 1 1 1 1 1 1 1 1 1 1 1 1 1 1 1 1 1 1 1 1 1 1 1 1 1 1 
Delays: 0.00824159 0.00725064 0.0048809 0.00635412 0.00925919 0.00564788 0.004357 0.00785748 0.00724836 0.00726693 0.00445879 0.00719953 0.00634873 0.00628302 0.0071563 0.00867282 0.009004 0.00828769 0.00478834 0.00582848 0.00431535 0.00735555 0.00595797 0.00590737 0.00688714 0.00719472 0.00687748 0.00723829 0.00435752 0.00817617 
Throughputs: 3.24403 3.06381 4.24346 3.40787 3.04742 3.88301 3.19488 3.86662 3.67002 3.1785 3.60448 3.29318 3.34234 3.2768 3.63725 3.39149 3.57171 3.14573 3.34234 3.26042 4.07962 3.24403 3.5881 3.3751 4.096 2.8672 3.39149 2.8672 3.14573 3.11296 
Utility: 5.97538 6.04632 6.7678 6.28474 5.79644 6.53309 6.59752 6.19867 6.22718 6.08083 6.69506 6.12559 6.26617 6.25677 6.23099 5.96883 5.98313 5.93903 6.54824 6.32685 6.85158 6.08912 6.40065 6.34798 6.38811 5.98774 6.20077 5.98171 6.5819 5.94211 

--------------------------------------
Time: 7.00036
Split Ratios: 1 1 1 1 1 1 1 1 1 1 1 1 1 1 1 1 1 1 1 1 1 1 1 1 1 1 1 1 1 1 
Delays: 0.00872674 0.00724751 0.00461866 0.0062555 0.00913074 0.00627918 0.00434678 0.00770104 0.0072909 0.00775964 0.00450413 0.00720294 0.00610145 0.00615516 0.00715731 0.00915033 0.00936775 0.00884724 0.00478652 0.0058599 0.00431617 0.00741999 0.00599209 0.00582832 0.00732506 0.0072045 0.00746606 0.00726278 0.00434146 0.00878473 
Throughputs: 3.26042 2.88358 3.57171 3.45702 2.99827 3.76832 3.32595 4.01408 4.17792 3.71917 3.93216 3.2768 3.1785 3.47341 3.7847 3.98131 2.98189 3.14573 3.60448 3.62086 3.45702 3.29318 3.47341 2.99827 4.25984 2.70336 3.2768 3.22765 3.26042 3.19488 
Utility: 5.92322 5.98613 6.6507 6.3147 5.79414 6.39715 6.64008 6.25621 6.35094 6.17232 6.77195 6.12013 6.25564 6.3356 6.27059 6.07558 5.76304 5.8737 6.62413 6.42634 6.6858 6.09543 6.36245 6.24306 6.36569 5.92754 6.08426 6.09675 6.6214 5.89629 

--------------------------------------
Time: 7.50038
Split Ratios: 1 1 1 1 1 1 1 1 1 1 1 1 1 1 1 1 1 1 1 1 1 1 1 1 1 1 1 1 1 1 
Delays: 0.00852107 0.00730493 0.00474272 0.00624348 0.0100077 0.00654605 0.00437587 0.00754934 0.00729493 0.00783579 0.00460614 0.00722191 0.00620775 0.00612745 0.00716591 0.00920711 0.00994476 0.00850429 0.00468172 0.005852 0.00430335 0.00747764 0.00602548 0.00582665 0.00723768 0.0072058 0.00706374 0.00722566 0.00437703 0.00863138 
Throughputs: 3.57171 3.63725 3.75194 3.47341 3.26042 3.39149 3.12934 3.88301 3.96493 3.44064 3.63725 3.71917 3.65363 3.52256 3.40787 3.83386 3.04742 3.11296 3.11296 3.42426 3.55533 2.8672 3.48979 3.03104 3.94854 3.19488 2.99827 2.67059 3.40787 3.34234 
Utility: 6.03826 6.21043 6.67342 6.32135 5.78625 6.25016 6.57247 6.24291 6.29806 6.08471 6.67159 6.24414 6.37768 6.35417 6.16451 6.03165 5.72501 5.90276 6.49966 6.37186 6.71681 5.94917 6.3616 6.25422 6.3018 6.09442 6.05082 5.91242 6.65747 5.95902 

--------------------------------------
Time: 8.00068
Split Ratios: 1 1 1 1 1 1 1 1 1 1 1 1 1 1 1 1 1 1 1 1 1 1 1 1 1 1 1 1 1 1 
Delays: 0.00829219 0.00724239 0.00472112 0.00616245 0.0093784 0.00614819 0.00437149 0.00764372 0.00725012 0.00738132 0.0045944 0.00721199 0.00616225 0.00619473 0.00713615 0.00878099 0.00941391 0.00826684 0.00481253 0.00586347 0.00430386 0.00737749 0.00605425 0.00584753 0.00671482 0.00718434 0.0068095 0.0071991 0.00436032 0.00828492 
Throughputs: 3.35872 3.2768 3.93216 3.24403 3.60448 3.73555 3.39149 3.86662 3.35872 3.71917 4.53837 2.94912 3.39149 3.52256 3.1785 3.65363 3.42426 3.16211 3.11296 3.44064 3.93216 2.81805 3.50618 2.89997 3.3751 3.03104 3.16211 2.99827 2.91635 3.03104 
Utility: 6.004 6.11467 6.7249 6.2661 5.95152 6.40949 6.65392 6.22625 6.1383 6.2223 6.89549 6.01352 6.31058 6.34324 6.09899 6.03089 5.89645 5.94674 6.47211 6.37467 6.81743 5.94537 6.36152 6.20644 6.21986 6.04476 6.14068 6.03183 6.50554 5.90222 

--------------------------------------
Time: 8.50068
Split Ratios: 1 1 1 1 1 1 1 1 1 1 1 1 1 1 1 1 1 1 1 1 1 1 1 1 1 1 1 1 1 1 
Delays: 0.00881639 0.0072586 0.00474061 0.00613582 0.00942677 0.00604606 0.00437227 0.0075503 0.00726375 0.00732266 0.00450516 0.00719835 0.00622744 0.00621465 0.00712531 0.00881198 0.00930295 0.00895981 0.00483271 0.00584763 0.00431613 0.00735684 0.00592553 0.00584772 0.00748634 0.00722139 0.0075853 0.0071882 0.00438498 0.00891893 
Throughputs: 3.34234 2.94912 3.7847 2.99827 3.21126 3.42426 3.03104 3.81747 4.07962 3.45702 3.67002 3.50618 3.40787 3.6864 3.1785 4.11238 3.73555 3.60448 3.29318 3.63725 3.52256 3.08019 3.22765 2.89997 4.03046 3.11296 3.40787 3.08019 3.42426 2.93274 
Utility: 5.93781 6.00707 6.68256 6.19165 5.83087 6.33923 6.54138 6.22576 6.33086 6.15719 6.70273 6.18843 6.30488 6.3855 6.10051 6.14565 5.99532 5.99718 6.5242 6.43295 6.70458 6.03712 6.30024 6.2064 6.28856 6.06628 6.10763 6.06031 6.66045 5.79552 

--------------------------------------
Time: 9.0007
Split Ratios: 1 1 1 1 1 1 1 1 1 1 1 1 1 1 1 1 1 1 1 1 1 1 1 1 1 1 1 1 1 1 
Delays: 0.00803678 0.00724965 0.00480117 0.00626502 0.00935052 0.00573629 0.00433682 0.00759248 0.0073355 0.00714024 0.00448536 0.0072229 0.00634517 0.00617398 0.00714344 0.00866723 0.00912349 0.00808809 0.00479145 0.00585458 0.00431795 0.0073574 0.0059171 0.00580912 0.00680024 0.00720383 0.00658835 0.00724789 0.00435589 0.00800608 
Throughputs: 3.11296 3.06381 3.71917 3.04742 3.39149 3.76832 3.19488 3.81747 4.4073 3.26042 4.07962 3.39149 3.96493 3.88301 3.48979 3.53894 3.35872 3.04742 3.26042 3.14573 3.75194 2.93274 2.9655 3.26042 4.21069 2.85082 2.99827 3.1785 3.62086 2.83443 
Utility: 5.9593 6.04646 6.6524 6.18707 5.89359 6.48757 6.60216 6.22018 6.39829 6.12386 6.81294 6.15177 6.43755 6.44402 6.1914 6.01203 5.90846 5.93166 6.52278 6.28658 6.76725 5.98798 6.21696 6.33018 6.42842 5.98075 6.12049 6.08345 6.72294 5.8694 

--------------------------------------
Time: 9.50074
Split Ratios: 1 1 1 1 1 1 1 1 1 1 1 1 1 1 1 1 1 1 1 1 1 1 1 1 1 1 1 1 1 1 
Delays: 0.00817194 0.00728522 0.00481192 0.00615521 0.00964844 0.00611572 0.0043957 0.00756422 0.00732387 0.00756262 0.00445591 0.00718996 0.00639621 0.00610093 0.00717116 0.00913119 0.0095822 0.00800072 0.00467451 0.00588274 0.00430928 0.00743241 0.00599037 0.00584531 0.00662926 0.00719667 0.00660482 0.00723791 0.00434954 0.00807524 
Throughputs: 3.67002 2.89997 4.06323 3.26042 3.39149 3.67002 3.16211 4.04685 3.88301 3.55533 3.98131 3.45702 3.62086 3.40787 3.73555 4.16154 3.09658 3.04742 3.47341 3.44064 3.7847 2.94912 3.16211 3.35872 3.85024 2.80166 3.04742 2.81805 2.89997 3.03104 
Utility: 6.10725 5.98661 6.73864 6.27231 5.86223 6.39709 6.57837 6.28226 6.27323 6.15298 6.79514 6.17548 6.33876 6.3254 6.25558 6.12194 5.77815 5.94252 6.61077 6.37139 6.77795 5.98341 6.26884 6.35368 6.3644 5.96435 6.13425 5.96447 6.50238 5.92786 

--------------------------------------
Time: 10.0009
Split Ratios: 1 1 1 1 1 1 1 1 1 1 1 1 1 1 1 1 1 1 1 1 1 1 1 1 1 1 1 1 1 1 
Delays: 0.00832628 0.00726426 0.00476804 0.00619565 0.00891341 0.0055839 0.00438616 0.00770751 0.00724666 0.00698641 0.00450329 0.00718797 0.00638288 0.00618235 0.00714394 0.00840371 0.00887095 0.00824905 0.00488508 0.0058832 0.00430691 0.0073575 0.00596818 0.00584445 0.00681108 0.00721181 0.00678037 0.00718545 0.0044116 0.00834653 
Throughputs: 3.42426 3.11296 3.63725 3.03104 3.45702 3.67002 3.52256 3.81747 3.70278 3.55533 3.67002 3.40787 3.26042 3.40787 3.7847 3.76832 2.89997 2.73613 3.29318 3.89939 3.65363 3.2768 3.29318 3.26042 3.89939 3.04742 3.67002 3.14573 3.70278 2.81805 
Utility: 6.01922 6.06036 6.63705 6.19281 5.96061 6.48806 6.68849 6.20515 6.2363 6.23224 6.70314 6.16143 6.23599 6.31215 6.27246 6.10571 5.78967 5.8042 6.51343 6.49648 6.74326 6.0989 6.31317 6.32412 6.35003 6.04633 6.29392 6.08174 6.7326 5.82195 

