--------------------------------------
Time: 5.50039
Split Ratios: 1 1 1 1 1 0.5 0.5 1 0.5 0.5 1 0.5 0.5 1 1 1 1 1 1 1 1 1 1 0.5 0.5 0.5 0.5 1 1 1 1 1 0.5 0.5 0.5 0.5 1 
Delays: 0.00864218 0.00584201 0.00720772 0.00579522 0.00593413 0.00726795 0.00723219 0.00928065 0.00435201 0.0095448 0.00580125 0.0103646 0.00889268 0.0103703 0.00575552 0.00594697 0.00582408 0.00439282 0.00590194 0.00862919 0.00810556 0.00739784 0.00730427 0.00716248 0.00573734 0.00731872 0.00586289 0.00922605 0.0100573 0.00731187 
Throughputs: 1.01581 3.08019 1.29434 1.78586 1.58925 2.32653 2.21184 2.50675 2.40845 1.35987 3.14573 2.37568 2.17907 2.03162 1.6384 2.1463 2.11354 1.31072 2.88358 2.85082 3.30957 3.22765 2.50675 2.62144 1.96608 1.16326 2.17907 2.1463 1.86778 1.5401 
Utility: 4.76678 6.26767 5.1906 5.73062 5.5903 5.76866 5.72304 5.59881 6.3161 4.95915 6.29573 5.43464 5.50143 5.27764 5.65132 5.88862 5.89412 5.69836 6.19151 5.80021 6.01202 6.07832 5.83828 5.90262 5.8368 5.06855 5.91801 5.44947 5.22421 5.3501 

--------------------------------------
Time: 6.00063
Split Ratios: 1 1 1 1 1 0.741 0.259 1 0.241 0.759 1 0.513 0.487 1 1 1 1 1 1 1 1 1 1 0.38 0.62 0.913 0.087 1 1 1 1 1 0.304 0.696 0.895 0.105 1 
Delays: 0.00862429 0.00579339 0.00726081 0.00584567 0.00588618 0.00660485 0.00723217 0.00698534 0.0043615 0.0094622 0.00576607 0.0102323 0.0087981 0.0101926 0.00575687 0.00584616 0.0058699 0.00433317 0.00580496 0.00866895 0.00780728 0.00733001 0.0072598 0.00722961 0.00582047 0.00724038 0.00579755 0.00795082 0.00777246 0.00731333 
Throughputs: 1.37626 2.81805 1.50733 1.7367 1.60563 2.40845 1.96608 2.4576 2.40845 1.62202 3.03104 2.29376 2.71974 1.88416 1.68755 2.26099 2.80166 1.40902 2.24461 3.2768 3.09658 3.12934 2.73613 2.50675 2.40845 1.40902 2.27738 1.93331 1.70394 1.58925 
Utility: 5.07254 6.18708 5.3356 5.69404 5.60867 5.89893 5.60526 5.86313 6.31392 5.14412 6.26467 5.4124 5.73376 5.21958 5.68064 5.95777 6.16813 5.78435 5.95757 5.93488 5.983 6.0566 5.93195 5.84856 6.02536 5.27098 5.97334 5.49372 5.39011 5.38132 

--------------------------------------
Time: 6.50067
Split Ratios: 1 1 1 1 1 0.741 0.259 1 0.241 0.759 1 0.513 0.487 1 1 1 1 1 1 1 1 1 1 0.38 0.62 0.913 0.087 1 1 1 1 1 0.304 0.696 0.895 0.105 1 
Delays: 0.00860386 0.00576778 0.00728277 0.00578113 0.00598121 0.00653215 0.00723876 0.00728934 0.00439041 0.0095686 0.00578274 0.0102524 0.00879579 0.0102561 0.00576232 0.00587307 0.00585402 0.00441333 0.00581645 0.0086773 0.00780478 0.0073549 0.00721817 0.00723314 0.00577702 0.00721551 0.00578451 0.00820165 0.00802969 0.00733223 
Throughputs: 1.29434 2.65421 1.42541 1.67117 1.40902 2.65421 2.11354 2.40845 2.44122 1.60563 3.16211 2.42483 2.22822 2.01523 1.65478 1.99885 2.53952 1.29434 2.49037 2.89997 2.81805 2.91635 2.37568 2.63782 2.31014 1.26157 1.96608 2.048 2.03162 1.68755 
Utility: 5.01354 6.13161 5.2767 5.66668 5.46203 6.00717 5.67667 5.80032 6.32083 5.12279 6.30412 5.46601 5.53469 5.28062 5.66009 5.82995 6.0726 5.68112 6.05949 5.81174 5.88906 5.98272 5.79644 5.89904 5.99118 5.16388 5.82861 5.52028 5.53344 5.43875 

--------------------------------------
Time: 7.00095
Split Ratios: 1 1 1 1 1 0.741 0.259 1 0.241 0.759 1 0.513 0.487 1 1 1 1 1 1 1 1 1 1 0.38 0.62 0.913 0.087 1 1 1 1 1 0.304 0.696 0.895 0.105 1 
Delays: 0.00865244 0.00577531 0.00726336 0.00583639 0.00583971 0.00671257 0.00724074 0.00737493 0.0043528 0.0091994 0.00579675 0.0101823 0.0087602 0.0102244 0.00573705 0.0058537 0.00579895 0.00436676 0.00582641 0.00871473 0.00782437 0.00735579 0.00724843 0.00726059 0.005788 0.0072806 0.005841 0.00816266 0.00768896 0.00735021 
Throughputs: 1.47456 2.70336 1.21242 1.85139 1.42541 2.21184 1.85139 2.8672 2.5559 1.58925 3.06381 2.24461 2.03162 2.29376 1.55648 2.34291 2.52314 1.37626 2.57229 2.65421 3.04742 2.9655 3.1785 2.80166 2.09715 1.29434 2.39206 2.21184 2.08077 1.5401 
Utility: 5.13827 6.14866 5.11753 5.75958 5.49753 5.7976 5.54397 5.963 6.37534 5.15188 6.27012 5.39564 5.44637 5.41317 5.60324 5.99208 6.07558 5.7531 6.09015 5.71889 5.96481 5.99931 6.08338 5.95551 5.89255 5.18054 6.01501 5.60201 5.60071 5.34487 

--------------------------------------
Time: 7.501
Split Ratios: 1 1 1 1 1 0.741 0.259 1 0.241 0.759 1 0.513 0.487 1 1 1 1 1 1 1 1 1 1 0.38 0.62 0.913 0.087 1 1 1 1 1 0.304 0.696 0.895 0.105 1 
Delays: 0.00862291 0.00578749 0.00727375 0.00584082 0.00589787 0.00662326 0.00724946 0.00732239 0.00437224 0.00941842 0.00575218 0.0103474 0.00885655 0.0101923 0.00574679 0.00589891 0.00584648 0.00445466 0.00582123 0.00867653 0.00798181 0.00734375 0.00725785 0.00720688 0.00583035 0.0072937 0.00579974 0.00826024 0.00781905 0.00727017 
Throughputs: 1.60563 2.80166 1.24518 2.06438 1.52371 2.048 1.98246 2.26099 2.40845 1.57286 3.09658 2.27738 2.34291 2.01523 1.37626 1.99885 2.53952 1.39264 2.26099 2.93274 2.88358 3.50618 2.88358 2.3593 2.12992 0.835584 2.42483 2.58867 2.09715 1.42541 
Utility: 5.22685 6.18227 5.14277 5.86772 5.55431 5.73403 5.61117 5.73262 6.31146 5.11799 6.28847 5.39404 5.57799 5.28686 5.47848 5.82556 6.07389 5.74501 5.96205 5.82307 5.88962 6.16843 5.98471 5.79108 5.90076 4.74112 6.0357 5.74745 5.59177 5.27843 

--------------------------------------
Time: 8.00102
Split Ratios: 1 1 1 1 1 0.741 0.259 1 0.241 0.759 1 0.513 0.487 1 1 1 1 1 1 1 1 1 1 0.38 0.62 0.913 0.087 1 1 1 1 1 0.304 0.696 0.895 0.105 1 
Delays: 0.00863493 0.005774 0.00723973 0.00581891 0.00589705 0.00669747 0.00724631 0.00732739 0.00442026 0.0101858 0.0058002 0.0102713 0.00880644 0.01036 0.00573684 0.00588906 0.00585638 0.00436823 0.00586006 0.00865024 0.00789981 0.00731283 0.00721004 0.00721886 0.00578539 0.00723086 0.00579174 0.0082395 0.0078855 0.00731892 
Throughputs: 1.47456 2.70336 1.44179 1.99885 1.40902 2.34291 2.048 2.99827 2.57229 1.42541 3.16211 2.52314 2.58867 2.03162 1.3271 2.4576 2.53952 1.34349 2.8672 2.62144 3.08019 3.19488 2.57229 2.22822 2.19546 1.2288 2.53952 2.16269 2.06438 1.98246 
Utility: 5.1403 6.14889 5.29406 5.83921 5.4762 5.85742 5.64413 6.01417 6.36635 4.94122 6.3011 5.50391 5.68342 5.27863 5.44385 6.03384 6.0722 5.72867 6.19293 5.71389 5.96591 6.07967 5.87708 5.73226 5.93881 5.13544 6.0833 5.57017 5.56756 5.60163 

--------------------------------------
Time: 8.50103
Split Ratios: 1 1 1 1 1 0.741 0.259 1 0.241 0.759 1 0.513 0.487 1 1 1 1 1 1 1 1 1 1 0.38 0.62 0.913 0.087 1 1 1 1 1 0.304 0.696 0.895 0.105 1 
Delays: 0.00864704 0.0058312 0.0072209 0.00582777 0.00588893 0.00679528 0.00728181 0.00730832 0.00439509 0.00951052 0.00581124 0.0102763 0.00887958 0.0102246 0.00574715 0.00587953 0.00583882 0.00438774 0.00579799 0.00873872 0.00783793 0.007378 0.00727015 0.00722795 0.00581122 0.0072244 0.00583905 0.00810599 0.00804523 0.00738271 
Throughputs: 1.3271 2.75251 1.40902 1.88416 1.57286 2.21184 2.4576 2.57229 2.63782 1.37626 3.03104 2.21184 2.88358 1.98246 1.11411 2.32653 2.37568 1.5401 2.52314 2.80166 3.11296 3.53894 2.78528 2.68698 2.21184 0.999424 2.5559 2.1463 1.67117 1.5401 
Utility: 5.03354 6.15705 5.27367 5.7786 5.58758 5.78535 5.82156 5.86354 6.39722 4.97472 6.25687 5.37174 5.78303 5.26729 5.26711 5.98066 6.00851 5.86078 6.07575 5.77021 5.98436 6.17308 5.94833 5.91822 5.94179 4.92972 6.08159 5.5789 5.3362 5.34046 

--------------------------------------
Time: 9.0013
Split Ratios: 1 1 1 1 1 0.741 0.259 1 0.241 0.759 1 0.513 0.487 1 1 1 1 1 1 1 1 1 1 0.38 0.62 0.913 0.087 1 1 1 1 1 0.304 0.696 0.895 0.105 1 
Delays: 0.0086303 0.00576504 0.00731145 0.00575435 0.00592608 0.00645344 0.00726223 0.00743165 0.00437711 0.00971802 0.00579395 0.0103496 0.00875056 0.0103234 0.00573921 0.00585987 0.00580713 0.00441183 0.0058047 0.00867898 0.00789856 0.00728594 0.0072817 0.00722451 0.0058063 0.00728419 0.0058342 0.00832983 0.00783144 0.00738852 
Throughputs: 1.50733 2.57229 1.27795 1.78586 1.70394 2.5559 2.16269 2.65421 2.5559 1.50733 3.09658 2.53952 2.27738 2.01523 1.27795 2.08077 2.16269 1.37626 2.68698 2.7689 3.2768 2.65421 2.94912 2.17907 1.96608 1.09773 2.39206 2.31014 1.96608 1.67117 
Utility: 5.16281 6.10074 5.16357 5.7377 5.66133 5.98155 5.69642 5.87815 6.36977 5.04411 6.28124 5.50278 5.56166 5.27407 5.40569 5.87236 5.92002 5.74283 6.1375 5.7653 6.02794 5.89796 6.0039 5.70917 5.82485 5.01529 6.01618 5.62522 5.52565 5.42135 

--------------------------------------
Time: 9.50132
Split Ratios: 1 1 1 1 1 0.741 0.259 1 0.241 0.759 1 0.513 0.487 1 1 1 1 1 1 1 1 1 1 0.38 0.62 0.913 0.087 1 1 1 1 1 0.304 0.696 0.895 0.105 1 
Delays: 0.00868254 0.00579015 0.00724033 0.00579346 0.0059371 0.00677652 0.0072631 0.00720025 0.00435369 0.00944559 0.00578117 0.0102926 0.00880633 0.0102816 0.0057646 0.00586931 0.00580957 0.00435 0.0058561 0.00870168 0.00781 0.00731922 0.00724793 0.00721853 0.00578901 0.00735444 0.00580078 0.00836228 0.00791668 0.00730967 
Throughputs: 1.3271 2.63782 1.2288 1.49094 1.47456 2.048 2.09715 2.63782 2.11354 1.62202 3.22765 2.39206 2.22822 1.88416 1.55648 2.49037 2.39206 1.42541 2.4576 3.06381 3.14573 2.83443 2.63782 2.60506 2.12992 1.1305 2.19546 2.47398 2.08077 1.83501 
Utility: 5.02944 6.12155 5.13413 5.55043 5.51489 5.71116 5.66553 5.90359 6.18509 5.14588 6.3249 5.44848 5.53349 5.21088 5.59845 6.05045 6.0204 5.79204 6.03946 5.8639 5.9984 5.95909 5.89699 5.88856 5.90788 5.03511 5.93615 5.68985 5.57152 5.52561 

--------------------------------------
Time: 10.0014
Split Ratios: 1 1 1 1 1 0.741 0.259 1 0.241 0.759 1 0.513 0.487 1 1 1 1 1 1 1 1 1 1 0.38 0.62 0.913 0.087 1 1 1 1 1 0.304 0.696 0.895 0.105 1 
Delays: 0.00865048 0.00579597 0.00722257 0.00583214 0.0058948 0.00652268 0.00727762 0.0076016 0.00437961 0.0094152 0.00577412 0.010228 0.00882345 0.0101998 0.00574067 0.00584031 0.00582848 0.00436777 0.00585135 0.00867422 0.00782023 0.00730261 0.00724366 0.00724796 0.0058112 0.00730061 0.00578003 0.00839418 0.00777888 0.00734617 
Throughputs: 1.50733 2.9655 1.50733 2.01523 1.47456 2.31014 2.24461 2.21184 2.53952 1.86778 3.04742 2.32653 2.16269 1.90054 1.47456 2.29376 2.42483 1.24518 2.85082 2.89997 2.83443 3.1785 2.63782 2.4576 2.26099 1.1305 2.57229 2.27738 2.1463 1.58925 
Utility: 5.16048 6.23764 5.34088 5.84511 5.52204 5.86978 5.73148 5.67322 6.36277 5.29018 6.26867 5.427 5.50169 5.22753 5.54854 5.97316 6.03076 5.65279 6.18869 5.8121 5.89288 6.07593 5.89758 5.82622 5.96377 5.04245 6.09814 5.60324 5.62009 5.37684 

--------------------------------------
Time: 10.5014
Split Ratios: 1 1 1 1 1 0.741 0.259 1 0.241 0.759 1 0.513 0.487 1 1 1 1 1 1 1 1 1 1 0.38 0.62 0.913 0.087 1 1 1 1 1 0.304 0.696 0.895 0.105 1 
Delays: 0.00863147 0.00581212 0.00719909 0.00582844 0.00585664 0.00677123 0.00726125 0.00719034 0.00440586 0.00948064 0.0057835 0.0102086 0.00879322 0.0102485 0.00576419 0.00585892 0.0058375 0.00439203 0.00579745 0.00868029 0.00779375 0.00728487 0.00729877 0.00717947 0.00578822 0.00723675 0.00580934 0.00829093 0.00787978 0.00737188 
Throughputs: 1.5401 3.19488 1.57286 2.09715 1.39264 2.50675 2.21184 2.65421 2.4576 1.44179 2.99827 2.5559 2.11354 1.78586 1.62202 2.52314 2.40845 1.21242 2.26099 2.8672 2.99827 2.70336 2.9655 2.60506 2.11354 1.06496 2.40845 2.11354 1.80224 1.86778 
Utility: 5.18419 6.30936 5.3867 5.88559 5.47138 5.91406 5.71903 5.91116 6.324 5.02439 6.25078 5.52293 5.48214 5.16052 5.63976 6.06529 6.02243 5.62058 5.96614 5.80004 5.95247 5.91645 6.0071 5.89398 5.90029 4.99152 6.02727 5.54096 5.43249 5.53483 

--------------------------------------
Time: 11.0015
Split Ratios: 1 1 1 1 1 0.741 0.259 1 0.241 0.759 1 0.513 0.487 1 1 1 1 1 1 1 1 1 1 0.38 0.62 0.913 0.087 1 1 1 1 1 0.304 0.696 0.895 0.105 1 
Delays: 0.00863423 0.0057993 0.00727422 0.00578845 0.00591367 0.00627686 0.00726302 0.00776846 0.00438789 0.00914471 0.00581472 0.0102715 0.00885101 0.0102544 0.00574918 0.00581993 0.00588125 0.00438797 0.00585801 0.00868145 0.007862 0.00734718 0.0072197 0.00721322 0.0057846 0.00725733 0.0057824 0.0083162 0.00796741 0.00738623 
Throughputs: 1.26157 2.52314 1.67117 1.88416 1.5401 2.22822 2.31014 2.24461 2.52314 1.16326 3.06381 2.49037 2.08077 2.08077 1.47456 2.19546 2.62144 1.35987 2.42483 2.85082 3.11296 3.04742 2.68698 2.47398 1.96608 1.03219 2.3593 2.32653 2.39206 1.99885 
Utility: 4.98438 6.07552 5.43694 5.78537 5.56233 5.87209 5.76227 5.66621 6.35441 4.84581 6.26702 5.49082 5.45996 5.31278 5.54706 5.93286 6.09971 5.73628 6.02571 5.79417 5.98129 6.02773 5.91936 5.83767 5.8286 4.95743 6.0113 5.63393 5.70455 5.60071 

--------------------------------------
Time: 11.502
Split Ratios: 1 1 1 1 1 0.741 0.259 1 0.241 0.759 1 0.513 0.487 1 1 1 1 1 1 1 1 1 1 0.38 0.62 0.913 0.087 1 1 1 1 1 0.304 0.696 0.895 0.105 1 
Delays: 0.00864147 0.00579337 0.00723965 0.00580523 0.00585683 0.00661091 0.00724539 0.00743331 0.0043853 0.00945249 0.00580234 0.010282 0.00877871 0.0103213 0.00574995 0.00583822 0.00580071 0.00439181 0.00588689 0.00867877 0.00788446 0.00735742 0.00724249 0.00723028 0.00575337 0.00727261 0.00580421 0.00832104 0.00811583 0.00732546 
Throughputs: 1.44179 2.53952 1.3271 2.048 1.31072 2.50675 1.81862 2.57229 2.048 1.55648 3.19488 2.22822 2.52314 2.31014 1.80224 2.11354 2.49037 1.55648 3.11296 2.63782 3.21126 3.65363 2.29376 2.78528 2.048 1.39264 2.21184 2.42483 1.99885 1.6384 
Utility: 5.11707 6.08302 5.21118 5.86586 5.41072 5.93802 5.52547 5.84658 6.14636 5.1039 6.31104 5.37857 5.66093 5.41085 5.74759 5.89169 6.06221 5.87044 6.2706 5.71683 6.00953 6.20777 5.75798 5.95383 5.87483 5.25484 5.943 5.67473 5.50651 5.41012 

--------------------------------------
Time: 12.0022
Split Ratios: 1 1 1 1 1 0.741 0.259 1 0.241 0.759 1 0.513 0.487 1 1 1 1 1 1 1 1 1 1 0.38 0.62 0.913 0.087 1 1 1 1 1 0.304 0.696 0.895 0.105 1 
Delays: 0.00860802 0.00578044 0.00725237 0.00577884 0.00588856 0.00651697 0.0072717 0.00738256 0.00442095 0.0095132 0.0057796 0.010283 0.00877156 0.0103458 0.00572305 0.00582725 0.00585115 0.00435486 0.00584676 0.00870088 0.00784132 0.00737263 0.00723367 0.00725814 0.00582229 0.00727087 0.00578473 0.00803606 0.00784849 0.00739083 
Throughputs: 1.24518 2.5559 1.31072 1.75309 1.29434 2.5559 2.17907 2.31014 2.73613 2.12992 3.09658 2.4576 2.71974 2.16269 1.39264 2.22822 2.47398 1.42541 2.40845 2.81805 3.12934 3.2768 2.4576 2.24461 1.85139 1.01581 2.1463 2.40845 1.93331 1.76947 
Utility: 4.97434 6.09168 5.197 5.71493 5.39274 5.97175 5.70266 5.74595 6.42794 5.41116 6.28372 5.47645 5.73678 5.34253 5.49445 5.94641 6.04695 5.79092 6.02085 5.78038 5.98917 6.09685 5.82819 5.73416 5.762 4.93956 5.91628 5.7028 5.50667 5.4782 

--------------------------------------
Time: 12.5024
Split Ratios: 1 1 1 1 1 0.741 0.259 1 0.241 0.759 1 0.513 0.487 1 1 1 1 1 1 1 1 1 1 0.38 0.62 0.913 0.087 1 1 1 1 1 0.304 0.696 0.895 0.105 1 
Delays: 0.00863475 0.00583582 0.00724888 0.00578525 0.00593837 0.00675156 0.0073047 0.00721522 0.00439628 0.00917405 0.00577921 0.010237 0.00882343 0.010261 0.005717 0.00584507 0.00586322 0.00433726 0.00586032 0.00872129 0.00792802 0.00734805 0.00725033 0.00724658 0.00580195 0.00727122 0.00587328 0.00827171 0.00795648 0.00733534 
Throughputs: 1.3271 2.42483 1.31072 1.72032 1.5401 2.39206 2.50675 2.68698 2.50675 1.40902 3.01466 2.12992 2.49037 2.19546 1.42541 2.27738 2.52314 1.39264 2.63782 3.01466 3.03104 3.22765 2.40845 2.63782 2.03162 0.933888 2.58867 1.96608 2.09715 1.76947 
Utility: 5.03496 6.0295 5.19749 5.69495 5.55816 5.87014 5.83823 5.91998 6.34598 5.03427 6.25697 5.33783 5.64277 5.3658 5.51877 5.96518 6.06456 5.77171 6.10951 5.84547 5.94626 6.08507 5.80569 5.89718 5.85839 4.85543 6.08849 5.47096 5.57435 5.48573 

--------------------------------------
Time: 13.0025
Split Ratios: 1 1 1 1 1 0.741 0.259 1 0.241 0.759 1 0.513 0.487 1 1 1 1 1 1 1 1 1 1 0.38 0.62 0.913 0.087 1 1 1 1 1 0.304 0.696 0.895 0.105 1 
Delays: 0.00865788 0.00577163 0.0072737 0.00579384 0.00596997 0.00635342 0.00731261 0.00721535 0.00446086 0.0100316 0.00580654 0.0102499 0.00877489 0.0101986 0.00571838 0.00584903 0.00588484 0.00432542 0.00588189 0.00867784 0.00783227 0.00727733 0.00722965 0.00724969 0.00578158 0.00729794 0.00578633 0.00833169 0.00789335 0.00731711 
Throughputs: 1.55648 2.68698 1.35987 1.85139 1.47456 2.50675 2.39206 2.26099 2.98189 1.45818 2.78528 2.06438 2.49037 2.1463 1.57286 1.9497 2.42483 1.24518 2.78528 2.3593 3.24403 3.03104 2.98189 2.26099 1.90054 1.1305 2.5559 2.19546 2.27738 1.80224 
Utility: 5.19171 6.14322 5.23088 5.7669 5.50937 5.97775 5.79031 5.74735 6.50497 4.9792 6.17312 5.30532 5.64829 5.34925 5.61697 5.80915 6.02114 5.66253 6.16023 5.60535 6.02632 6.0319 6.02212 5.7426 5.79522 5.04282 6.09066 5.57408 5.66476 5.50657 

--------------------------------------
Time: 13.5026
Split Ratios: 1 1 1 1 1 0.741 0.259 1 0.241 0.759 1 0.513 0.487 1 1 1 1 1 1 1 1 1 1 0.38 0.62 0.913 0.087 1 1 1 1 1 0.304 0.696 0.895 0.105 1 
Delays: 0.00864168 0.00581728 0.00724572 0.00582633 0.00590303 0.00661386 0.00724108 0.00754683 0.00437098 0.00949013 0.00577389 0.0102541 0.0089644 0.0102888 0.00571601 0.00590278 0.00584254 0.00438344 0.00582706 0.0087154 0.00781341 0.00730694 0.00721322 0.00727247 0.00579472 0.00726296 0.00576275 0.00847604 0.00788058 0.00739768 
Throughputs: 1.45818 3.06381 1.24518 1.58925 1.62202 2.34291 2.048 2.26099 2.62144 1.80224 2.9655 2.52314 2.4576 2.37568 1.68755 2.31014 2.37568 1.37626 2.34291 2.78528 2.91635 3.14573 2.60506 2.4576 2.09715 1.34349 2.12992 2.32653 1.96608 1.75309 
Utility: 5.12834 6.26658 5.14663 5.60863 5.61596 5.86998 5.64485 5.70243 6.39649 5.24653 6.24146 5.50558 5.61368 5.44198 5.68776 5.96964 6.00787 5.74929 5.99664 5.76701 5.92225 6.06498 5.88929 5.82284 5.89139 5.22024 5.91243 5.61489 5.5194 5.46797 

--------------------------------------
Time: 14.0026
Split Ratios: 1 1 1 1 1 0.741 0.259 1 0.241 0.759 1 0.513 0.487 1 1 1 1 1 1 1 1 1 1 0.38 0.62 0.913 0.087 1 1 1 1 1 0.304 0.696 0.895 0.105 1 
Delays: 0.00862751 0.00582507 0.00728694 0.00578027 0.00591315 0.00671345 0.00725165 0.00729919 0.00436057 0.00951143 0.00576599 0.0102419 0.00879471 0.0102356 0.00573856 0.00578379 0.00581343 0.00437194 0.00596198 0.0086782 0.00782066 0.00733544 0.0072201 0.00722193 0.00582042 0.00731023 0.00580238 0.00811779 0.00781875 0.00733941 
Throughputs: 1.34349 2.80166 1.26157 1.49094 1.44179 2.3593 1.9497 2.65421 2.29376 1.62202 3.06381 2.4576 2.26099 1.83501 1.5401 1.98246 2.3593 1.1305 2.57229 3.09658 3.04742 2.62144 2.53952 2.21184 2.50675 1.08134 2.29376 2.5559 2.11354 1.76947 
Utility: 5.04807 6.1758 5.15403 5.55271 5.49646 5.862 5.5942 5.89614 6.26534 5.13893 6.27544 5.48045 5.54941 5.18893 5.59239 5.83704 6.00595 5.55521 6.06715 5.87724 5.96528 5.87876 5.86286 5.72446 6.06537 4.99669 5.97968 5.7521 5.59959 5.48518 

--------------------------------------
Time: 14.5027
Split Ratios: 1 1 1 1 1 0.741 0.259 1 0.241 0.759 1 0.513 0.487 1 1 1 1 1 1 1 1 1 1 0.38 0.62 0.913 0.087 1 1 1 1 1 0.304 0.696 0.895 0.105 1 
Delays: 0.00866182 0.00578107 0.00724129 0.00577907 0.00593462 0.00652544 0.00726984 0.00724649 0.00442117 0.00956409 0.00576834 0.0103048 0.00874302 0.0102474 0.00574355 0.00584165 0.00586692 0.00437451 0.0058373 0.00869286 0.00789834 0.00733205 0.00721475 0.00720276 0.00584146 0.0072865 0.00581022 0.00840959 0.00786594 0.00735092 
Throughputs: 1.40902 2.7689 1.35987 1.98246 1.52371 2.32653 2.29376 2.24461 2.08077 1.49094 3.12934 2.44122 2.21184 2.1463 1.29434 2.21184 2.32653 1.45818 2.63782 2.73613 3.09658 3.19488 2.24461 2.58867 2.47398 1.04858 2.58867 2.42483 2.03162 1.70394 
Utility: 5.09173 6.17161 5.23535 5.83785 5.5481 5.87642 5.75421 5.73577 6.15409 5.04915 6.29619 5.46764 5.53332 5.34448 5.41768 5.93657 5.9828 5.80915 6.11344 5.7518 5.9714 6.07705 5.74016 5.88444 6.0486 4.96916 6.09928 5.66414 5.55404 5.44587 

--------------------------------------
Time: 15.0027
Split Ratios: 1 1 1 1 1 0.741 0.259 1 0.241 0.759 1 0.513 0.487 1 1 1 1 1 1 1 1 1 1 0.38 0.62 0.913 0.087 1 1 1 1 1 0.304 0.696 0.895 0.105 1 
Delays: 0.00858838 0.00583369 0.00722792 0.00579599 0.00588095 0.00639826 0.00728507 0.00753346 0.00439081 0.00918031 0.00577621 0.0102153 0.00883375 0.0101841 0.00577767 0.00583554 0.00586975 0.00436822 0.00583604 0.00868886 0.00790523 0.00730637 0.00722526 0.00724063 0.00579563 0.0072471 0.00577866 0.00841447 0.0079764 0.00737104 
Throughputs: 1.31072 3.22765 1.5401 1.90054 1.40902 2.31014 2.01523 2.71974 2.40845 1.44179 2.94912 2.21184 2.3593 1.9497 1.45818 2.24461 2.57229 1.3271 2.40845 3.12934 3.19488 3.11296 2.58867 2.24461 2.17907 0.950272 2.32653 2.42483 2.29376 1.65478 
Utility: 5.02792 6.31586 5.36165 5.79273 5.47893 5.88904 5.62266 5.88894 6.30722 5.05658 6.23551 5.37769 5.58754 5.2546 5.53094 5.95232 6.08274 5.7164 6.02269 5.88654 6.00178 6.05458 5.88132 5.73658 5.92955 4.87615 5.99796 5.66356 5.66146 5.41387 

--------------------------------------
Time: 15.5028
Split Ratios: 1 1 1 1 1 0.741 0.259 1 0.241 0.759 1 0.513 0.487 1 1 1 1 1 1 1 1 1 1 0.38 0.62 0.913 0.087 1 1 1 1 1 0.304 0.696 0.895 0.105 1 
Delays: 0.00861675 0.00582489 0.00727227 0.00579717 0.0058895 0.00666239 0.00730192 0.00723843 0.00435788 0.0096706 0.00579664 0.010289 0.00883066 0.010261 0.00573296 0.00583245 0.00579758 0.0043794 0.00587421 0.00869054 0.00791405 0.00735465 0.00728741 0.00722246 0.00577775 0.00729165 0.00581282 0.00838049 0.00773194 0.00736616 
Throughputs: 1.47456 2.99827 1.52371 1.65478 1.29434 2.58867 2.29376 2.42483 2.1463 1.50733 2.99827 2.75251 2.26099 2.1463 1.58925 1.99885 2.50675 1.21242 2.53952 2.73613 3.50618 2.70336 2.57229 2.31014 1.78586 1.17965 2.39206 2.40845 2.11354 1.75309 
Utility: 5.14241 6.24365 5.34484 5.65406 5.39258 5.96242 5.74981 5.81411 6.19952 5.049 6.24851 5.5892 5.54533 5.34315 5.62478 5.83689 6.0693 5.62346 6.06916 5.75206 6.09364 5.90692 5.8664 5.76787 5.73364 5.08624 6.01985 5.66083 5.61076 5.47224 

--------------------------------------
Time: 16.0029
Split Ratios: 1 1 1 1 1 0.741 0.259 1 0.241 0.759 1 0.513 0.487 1 1 1 1 1 1 1 1 1 1 0.38 0.62 0.913 0.087 1 1 1 1 1 0.304 0.696 0.895 0.105 1 
Delays: 0.00860815 0.00580309 0.0072332 0.0058259 0.00592901 0.00676862 0.00724598 0.00738852 0.00438403 0.0095413 0.00581189 0.0102542 0.0088484 0.0102682 0.00573884 0.0058823 0.00579136 0.00436685 0.00587206 0.00868375 0.00788108 0.00737121 0.00727896 0.00723166 0.00578995 0.00736944 0.00578656 0.0082746 0.0076684 0.00733416 
Throughputs: 1.31072 2.81805 1.17965 1.7367 1.65478 2.31014 1.93331 2.1463 2.60506 1.6384 3.3751 2.39206 2.5559 2.16269 1.35987 1.99885 2.42483 1.5401 2.60506 2.75251 2.99827 3.21126 2.7689 2.58867 2.27738 1.42541 2.37568 2.44122 1.72032 1.78586 
Utility: 5.02562 6.18541 5.09429 5.69743 5.63157 5.83277 5.58654 5.67157 6.38724 5.14585 6.36428 5.45222 5.66593 5.35005 5.46789 5.82838 6.03715 5.86556 6.095 5.75882 5.94133 6.07684 5.94122 5.88043 5.97466 5.26487 6.0175 5.68706 5.41316 5.49511 

--------------------------------------
Time: 16.503
Split Ratios: 1 1 1 1 1 0.741 0.259 1 0.241 0.759 1 0.513 0.487 1 1 1 1 1 1 1 1 1 1 0.38 0.62 0.913 0.087 1 1 1 1 1 0.304 0.696 0.895 0.105 1 
Delays: 0.00860607 0.00577726 0.00729625 0.00580896 0.0058916 0.00660923 0.00726845 0.00715763 0.00438268 0.00978344 0.00579908 0.0102218 0.00882505 0.0102096 0.00574899 0.0058288 0.00584606 0.0043746 0.00584815 0.00867161 0.00780372 0.00730549 0.00726182 0.00723745 0.00575951 0.0073294 0.00578152 0.0081792 0.00775177 0.00736192 
Throughputs: 1.44179 2.67059 1.34349 1.55648 1.60563 2.47398 1.93331 2.37568 2.34291 1.7367 2.70336 2.37568 2.4576 1.7367 1.27795 2.16269 2.60506 1.47456 3.01466 2.88358 2.93274 3.24403 2.75251 2.52314 2.12992 1.14688 2.57229 2.68698 2.06438 1.60563 
Utility: 5.12117 6.13613 5.21566 5.59078 5.60774 5.92512 5.58345 5.80486 6.28149 5.17905 6.14455 5.44852 5.62935 5.13642 5.40399 5.9163 6.09944 5.8203 6.24512 5.80674 5.92909 6.09595 5.93764 5.85399 5.91299 5.05291 6.09788 5.79458 5.58467 5.38495 

--------------------------------------
Time: 17.003
Split Ratios: 1 1 1 1 1 0.741 0.259 1 0.241 0.759 1 0.513 0.487 1 1 1 1 1 1 1 1 1 1 0.38 0.62 0.913 0.087 1 1 1 1 1 0.304 0.696 0.895 0.105 1 
Delays: 0.00863277 0.00580746 0.00724914 0.00579078 0.00591462 0.00676564 0.00722076 0.00716589 0.00434354 0.00928586 0.00581376 0.0102697 0.00884955 0.0102816 0.0057704 0.00582877 0.0057955 0.0043979 0.00581933 0.00868971 0.00779311 0.00738826 0.00724483 0.00724505 0.00577185 0.00728622 0.00581415 0.00830347 0.00777137 0.00745944 
Throughputs: 1.40902 2.65421 1.44179 1.9497 1.55648 2.27738 2.01523 2.52314 2.24461 1.50733 3.35872 2.17907 2.31014 2.26099 1.52371 1.93331 2.50675 1.37626 2.67059 2.75251 3.29318 3.1785 2.9655 2.37568 2.03162 1.14688 2.26099 2.08077 2.11354 1.58925 
Utility: 5.09509 6.12476 5.29276 5.81916 5.57275 5.81892 5.63153 5.86392 6.2476 5.0896 6.35909 5.35745 5.5647 5.3932 5.57616 5.80418 6.06966 5.746 6.12887 5.75813 6.04637 6.06427 6.01451 5.79272 5.86359 5.05882 5.96326 5.52382 5.60567 5.36154 

--------------------------------------
Time: 17.5031
Split Ratios: 1 1 1 1 1 0.741 0.259 1 0.241 0.759 1 0.513 0.487 1 1 1 1 1 1 1 1 1 1 0.38 0.62 0.913 0.087 1 1 1 1 1 0.304 0.696 0.895 0.105 1 
Delays: 0.00865187 0.0058128 0.00725297 0.00581912 0.00589348 0.0067128 0.00727595 0.00759278 0.0043879 0.00987189 0.00578067 0.0103173 0.0088317 0.0103231 0.00573232 0.00585304 0.00583694 0.00437916 0.0058065 0.00867715 0.00779443 0.00735715 0.00722348 0.00725322 0.00579461 0.00722158 0.00582458 0.00835384 0.00786047 0.00733946 
Throughputs: 1.27795 2.49037 1.2288 1.86778 1.52371 2.47398 2.34291 2.58867 2.1463 1.52371 2.4576 2.50675 2.32653 2.12992 1.90054 2.63782 2.47398 1.27795 2.50675 2.99827 3.06381 3.14573 2.91635 2.47398 2.22822 0.802816 2.17907 2.34291 2.26099 1.57286 
Utility: 4.99524 6.06012 5.13238 5.77135 5.55506 5.90957 5.77458 5.8317 6.19265 5.03921 6.05242 5.49292 5.57378 5.32945 5.80377 6.11075 6.04938 5.67616 6.06777 5.8451 5.974 6.05813 6.00075 5.83214 5.95203 4.71105 5.92457 5.63643 5.66171 5.36739 

--------------------------------------
Time: 18.0032
Split Ratios: 1 1 1 1 1 0.741 0.259 1 0.241 0.759 1 0.513 0.487 1 1 1 1 1 1 1 1 1 1 0.38 0.62 0.913 0.087 1 1 1 1 1 0.304 0.696 0.895 0.105 1 
Delays: 0.00867955 0.0057955 0.00728739 0.00580886 0.00588398 0.00638665 0.00730638 0.00730692 0.00439954 0.00946291 0.00578161 0.0101759 0.0087884 0.0102474 0.00572779 0.00589677 0.00583894 0.00436765 0.00588648 0.0086385 0.00780101 0.0073696 0.00720002 0.00724225 0.00576895 0.00727638 0.00580824 0.00819619 0.00758029 0.00731809 
Throughputs: 1.42541 2.60506 1.26157 1.70394 1.7367 2.42483 2.22822 2.49037 2.3593 1.76947 3.50618 2.21184 2.3593 1.99885 1.72032 2.3593 2.24461 1.16326 2.67059 2.47398 3.22765 3.03104 2.49037 2.58867 2.31014 1.2288 2.63782 2.65421 1.90054 1.6384 
Utility: 5.10124 6.10813 5.15396 5.68131 5.68751 5.93931 5.72021 5.83136 6.28462 5.23106 6.4076 5.38156 5.59269 5.27331 5.70494 5.99171 5.95174 5.58476 6.1174 5.65736 6.02526 6.0193 5.8461 5.87897 5.99258 5.12916 6.11843 5.78023 5.52434 5.41113 

--------------------------------------
Time: 18.5032
Split Ratios: 1 1 1 1 1 0.741 0.259 1 0.241 0.759 1 0.513 0.487 1 1 1 1 1 1 1 1 1 1 0.38 0.62 0.913 0.087 1 1 1 1 1 0.304 0.696 0.895 0.105 1 
Delays: 0.00864687 0.0057786 0.00725567 0.00580617 0.00586122 0.00671825 0.00723302 0.0073602 0.0043908 0.010102 0.00580891 0.0102368 0.00882404 0.0102782 0.00572007 0.00587582 0.00583811 0.00435887 0.00582453 0.00867357 0.00778726 0.00730475 0.00727985 0.00720745 0.0057792 0.00725043 0.00581141 0.00833632 0.00778886 0.00733054 
Throughputs: 1.31072 2.65421 0.999424 1.70394 1.42541 2.5559 2.29376 2.39206 2.7689 1.70394 3.1785 2.1463 2.50675 1.96608 1.5401 2.03162 1.99885 1.39264 2.60506 2.91635 2.91635 2.83443 2.94912 2.29376 2.06438 1.17965 2.29376 2.44122 1.78586 1.75309 
Utility: 5.02113 6.12974 4.9254 5.68178 5.49386 5.94133 5.75929 5.78383 6.44669 5.12797 6.30477 5.34551 5.64926 5.25377 5.59562 5.84574 5.83592 5.76674 6.10313 5.81781 5.9256 5.96107 6.00415 5.76283 5.87832 5.09191 5.97812 5.67963 5.43496 5.47709 

--------------------------------------
Time: 19.0033
Split Ratios: 1 1 1 1 1 0.741 0.259 1 0.241 0.759 1 0.513 0.487 1 1 1 1 1 1 1 1 1 1 0.38 0.62 0.913 0.087 1 1 1 1 1 0.304 0.696 0.895 0.105 1 
Delays: 0.00864627 0.00579256 0.00725891 0.00579718 0.00587805 0.00649129 0.00723783 0.00732231 0.004395 0.00991369 0.00581262 0.0102966 0.00880591 0.0103299 0.00573906 0.00580825 0.00582063 0.00436975 0.00579661 0.00872856 0.0079575 0.00734599 0.00725343 0.00723768 0.0058552 0.00724439 0.00582113 0.00831895 0.00772515 0.00732777 
Throughputs: 1.44179 2.98189 1.75309 1.76947 1.57286 2.5559 1.78586 2.49037 2.53952 1.37626 3.08019 2.27738 2.5559 2.22822 1.47456 2.16269 2.53952 1.17965 2.47398 3.22765 2.98189 2.89997 2.99827 2.71974 2.12992 1.11411 2.40845 2.01523 2.26099 1.55648 
Utility: 5.11651 6.24374 5.4869 5.72106 5.58943 5.9757 5.50833 5.82926 6.35926 4.93321 6.27272 5.39897 5.67074 5.37391 5.54882 5.91983 6.07832 5.59826 6.05631 5.91291 5.9262 5.9783 6.02432 5.92899 5.89651 5.03559 6.02524 5.48995 5.67908 5.35851 

--------------------------------------
Time: 19.5035
Split Ratios: 1 1 1 1 1 0.741 0.259 1 0.241 0.759 1 0.513 0.487 1 1 1 1 1 1 1 1 1 1 0.38 0.62 0.913 0.087 1 1 1 1 1 0.304 0.696 0.895 0.105 1 
Delays: 0.00863162 0.00580546 0.00724594 0.00581225 0.00592281 0.00653596 0.00729716 0.0073939 0.00435833 0.0100443 0.0057944 0.0102558 0.00882567 0.0103078 0.00572094 0.00583201 0.00583295 0.00435809 0.0058633 0.00868393 0.00787123 0.00738491 0.00724086 0.0072623 0.00580855 0.00733398 0.00579025 0.0082568 0.00798376 0.00735761 
Throughputs: 1.47456 3.19488 1.40902 2.08077 1.5401 2.12992 2.31014 2.57229 2.62144 1.49094 3.26042 2.26099 2.31014 2.08077 1.31072 2.09715 2.26099 1.24518 2.42483 3.06381 3.24403 3.62086 2.50675 2.5559 2.32653 0.98304 2.31014 2.16269 2.11354 1.70394 
Utility: 5.14068 6.31051 5.27021 5.88052 5.56079 5.78652 5.75758 5.8519 6.39939 5.00015 6.33272 5.39572 5.5674 5.30759 5.4342 5.88497 5.96004 5.655 6.0248 5.86594 6.02136 6.19503 5.847 5.86347 5.9928 4.89813 5.98889 5.56807 5.57871 5.44496 

--------------------------------------
Time: 20.0036
Split Ratios: 1 1 1 1 1 0.741 0.259 1 0.241 0.759 1 0.513 0.487 1 1 1 1 1 1 1 1 1 1 0.38 0.62 0.913 0.087 1 1 1 1 1 0.304 0.696 0.895 0.105 1 
Delays: 0.00864699 0.00580115 0.00731171 0.00582919 0.00593374 0.00646392 0.00727363 0.00743479 0.00437323 0.00978275 0.00578121 0.0102449 0.00888428 0.0102612 0.00576929 0.00593094 0.00584337 0.00438204 0.00582412 0.0086952 0.00784883 0.00735175 0.0072773 0.00722849 0.00581701 0.00723683 0.00582797 0.00815468 0.00808914 0.00727511 
Throughputs: 1.72032 3.04742 1.37626 1.80224 1.62202 2.32653 2.16269 2.70336 2.67059 1.76947 3.30957 2.70336 2.39206 1.91693 1.49094 2.21184 2.68698 1.11411 2.65421 2.68698 3.34234 3.11296 2.89997 2.62144 1.9497 1.08134 2.21184 1.98246 2.048 1.47456 
Utility: 5.29305 6.264 5.23764 5.73391 5.61077 5.8859 5.69485 5.89608 6.41455 5.19782 6.34996 5.57547 5.59563 5.23011 5.55461 5.9214 6.13086 5.5383 6.12189 5.7334 6.05406 6.04839 5.98769 5.89345 5.81464 5.00678 5.93891 5.4935 5.5341 5.31166 

--------------------------------------
Time: 20.5037
Split Ratios: 1 1 1 1 1 0.741 0.259 1 0.241 0.759 1 0.513 0.487 1 1 1 1 1 1 1 1 1 1 0.38 0.62 0.913 0.087 1 1 1 1 1 0.304 0.696 0.895 0.105 1 
Delays: 0.00861045 0.00577777 0.00731738 0.00579683 0.00595633 0.00660961 0.00730222 0.00734631 0.00438696 0.00920259 0.00576958 0.0103081 0.00883609 0.0102055 0.00579798 0.00590022 0.00583531 0.0043611 0.00585896 0.00877636 0.00792509 0.00732451 0.00723312 0.00723436 0.00587038 0.0072817 0.00581559 0.00836202 0.00797301 0.00730139 
Throughputs: 1.26157 2.49037 1.2288 1.60563 1.75309 2.5559 2.11354 2.37568 2.4576 1.44179 3.30957 2.26099 2.71974 1.85139 1.60563 2.34291 2.26099 1.3271 2.80166 3.29318 3.2768 3.19488 2.3593 2.52314 2.53952 1.16326 2.58867 2.65421 1.90054 1.68755 
Utility: 4.98713 6.06617 5.12354 5.62396 5.68468 5.95764 5.66794 5.77884 6.3283 5.05416 6.35197 5.39063 5.72945 5.20077 5.62376 5.98416 5.95963 5.71803 6.17 5.92755 6.02459 6.07808 5.78745 5.85442 6.06981 5.07362 6.09836 5.7602 5.47383 5.44297 

--------------------------------------
Time: 21.0037
Split Ratios: 1 1 1 1 1 0.741 0.259 1 0.241 0.759 1 0.513 0.487 1 1 1 1 1 1 1 1 1 1 0.38 0.62 0.913 0.087 1 1 1 1 1 0.304 0.696 0.895 0.105 1 
Delays: 0.0086069 0.00577796 0.00728612 0.00581875 0.00588261 0.00677745 0.00723533 0.00731121 0.00437305 0.00968228 0.00582466 0.0102858 0.00876707 0.0102989 0.00574697 0.00582813 0.00584515 0.00434318 0.00580955 0.00870621 0.00785945 0.00735385 0.00722871 0.00725214 0.00581799 0.00724739 0.00577637 0.00835081 0.00788839 0.00729276 
Throughputs: 1.3271 2.58867 1.42541 1.75309 1.70394 2.22822 1.98246 2.47398 2.4576 1.50733 3.5881 2.11354 2.31014 1.86778 1.40902 2.26099 2.31014 0.98304 2.29376 3.06381 2.75251 2.93274 2.52314 2.7689 2.12992 0.98304 2.29376 1.86778 2.40845 1.44179 
Utility: 5.03819 6.10485 5.27624 5.70805 5.6687 5.79536 5.61312 5.82418 6.33148 5.0478 6.42328 5.32536 5.57406 5.20047 5.50198 5.96086 5.97945 5.42204 5.97845 5.86338 5.85855 5.98847 5.8552 5.94491 5.90289 4.91001 5.98417 5.41015 5.72135 5.28676 

--------------------------------------
Time: 21.5041
Split Ratios: 1 1 1 1 1 0.741 0.259 1 0.241 0.759 1 0.513 0.487 1 1 1 1 1 1 1 1 1 1 0.38 0.62 0.913 0.087 1 1 1 1 1 0.304 0.696 0.895 0.105 1 
Delays: 0.00861849 0.00579141 0.00726586 0.00578934 0.00591478 0.00681061 0.00726016 0.00745001 0.00437957 0.00969522 0.00583187 0.0102845 0.00878237 0.0102805 0.00574325 0.0058484 0.00582143 0.00437507 0.00585326 0.00869427 0.00788584 0.00734693 0.00728693 0.00727141 0.00580781 0.00729235 0.00580267 0.00820872 0.00781551 0.00729964 
Throughputs: 1.50733 2.53952 1.52371 1.62202 1.26157 2.62144 2.048 2.52314 2.52314 1.86778 2.91635 2.3593 2.73613 1.83501 1.45818 2.26099 2.81805 1.14688 2.65421 3.11296 3.03104 3.35872 2.93274 2.73613 2.31014 1.24518 2.12992 2.49037 1.90054 1.55648 
Utility: 5.16418 6.08336 5.34572 5.63541 5.36266 5.953 5.64222 5.82504 6.35631 5.26087 6.21475 5.43548 5.74155 5.18456 5.53692 5.95739 6.18225 5.56888 6.1169 5.88067 5.95159 6.12503 5.99761 5.93035 5.98586 5.14021 5.90552 5.71499 5.49379 5.36236 

--------------------------------------
Time: 22.0041
Split Ratios: 1 1 1 1 1 0.741 0.259 1 0.241 0.759 1 0.513 0.487 1 1 1 1 1 1 1 1 1 1 0.38 0.62 0.913 0.087 1 1 1 1 1 0.304 0.696 0.895 0.105 1 
Delays: 0.00864585 0.00574364 0.00724665 0.00577668 0.00584656 0.00673771 0.00732515 0.00737638 0.00438987 0.00963286 0.00576977 0.010198 0.00880429 0.0102848 0.00575759 0.00580103 0.00586624 0.0043532 0.00585759 0.00868669 0.00783793 0.00735463 0.00721388 0.00723364 0.0057717 0.00731905 0.00582452 0.00817709 0.00794872 0.00734337 
Throughputs: 1.34349 2.60506 1.42541 1.85139 1.6384 2.19546 2.17907 2.3593 2.47398 1.55648 2.85082 2.49037 2.37568 2.26099 1.57286 2.08077 2.5559 1.09773 2.67059 3.06381 3.14573 3.06381 2.81805 2.3593 1.91693 1.34349 2.58867 2.03162 2.4576 1.60563 
Utility: 5.04595 6.11712 5.28167 5.76986 5.63562 5.78642 5.69534 5.76784 6.33429 5.085 6.20273 5.498 5.5978 5.39289 5.61013 5.88246 6.07695 5.53009 6.12232 5.86562 5.99483 6.03208 5.96779 5.78738 5.80551 5.21254 6.09682 5.51525 5.73393 5.38747 

--------------------------------------
Time: 22.5042
Split Ratios: 1 1 1 1 1 0.741 0.259 1 0.241 0.759 1 0.513 0.487 1 1 1 1 1 1 1 1 1 1 0.38 0.62 0.913 0.087 1 1 1 1 1 0.304 0.696 0.895 0.105 1 
Delays: 0.00863143 0.00577488 0.00723793 0.00577046 0.00586294 0.00685611 0.0072542 0.00756342 0.00437231 0.00962701 0.00582152 0.0102992 0.00888101 0.0102827 0.00574585 0.00581535 0.0058205 0.00434495 0.00587867 0.00874418 0.00783729 0.00736377 0.00729043 0.00720388 0.00577979 0.00729263 0.00580024 0.0081702 0.00781031 0.00737315 
Throughputs: 1.50733 2.89997 1.29434 1.55648 1.3271 2.34291 2.42483 2.31014 2.39206 1.75309 3.26042 2.37568 2.37568 2.01523 1.57286 2.09715 2.49037 1.19603 2.32653 2.71974 3.3751 3.08019 2.8672 2.11354 2.29376 1.06496 2.16269 2.32653 2.1463 1.88416 
Utility: 5.16268 6.21894 5.18642 5.59743 5.4221 5.83401 5.81194 5.72174 6.30462 5.20456 6.32805 5.44097 5.58912 5.27803 5.61218 5.88784 6.0588 5.61775 5.9808 5.7399 6.06529 6.03618 5.97453 5.6815 5.98358 4.98383 5.92121 5.65164 5.61606 5.54339 

--------------------------------------
Time: 23.0047
Split Ratios: 1 1 1 1 1 0.741 0.259 1 0.241 0.759 1 0.513 0.487 1 1 1 1 1 1 1 1 1 1 0.38 0.62 0.913 0.087 1 1 1 1 1 0.304 0.696 0.895 0.105 1 
Delays: 0.00870468 0.00577155 0.0072679 0.00581642 0.00586586 0.0066465 0.00724153 0.00719647 0.00434662 0.00956434 0.0057663 0.0102209 0.00882579 0.010244 0.00574298 0.00584189 0.00582661 0.00435594 0.00588436 0.00869565 0.00771155 0.007352 0.00725408 0.00722939 0.00578964 0.00728377 0.00578017 0.00830444 0.00760425 0.00735285 
Throughputs: 1.60563 2.63782 1.42541 1.7367 1.49094 2.32653 1.98246 2.5559 2.71974 1.9497 2.9655 2.3593 2.26099 2.048 1.60563 2.29376 2.22822 1.27795 2.57229 3.01466 3.06381 3.35872 2.85082 2.49037 2.11354 1.2288 2.19546 2.11354 1.7367 1.9497 
Utility: 5.21741 6.12477 5.27875 5.69906 5.53802 5.85804 5.61226 5.87257 6.4389 5.31739 6.24277 5.44168 5.54588 5.29793 5.63329 5.97289 5.94653 5.68147 6.08025 5.84842 5.9847 6.12434 5.9738 5.84203 5.90005 5.12814 5.93971 5.53933 5.43104 5.58034 

--------------------------------------
Time: 23.5047
Split Ratios: 1 1 1 1 1 0.741 0.259 1 0.241 0.759 1 0.513 0.487 1 1 1 1 1 1 1 1 1 1 0.38 0.62 0.913 0.087 1 1 1 1 1 0.304 0.696 0.895 0.105 1 
Delays: 0.0086082 0.00577263 0.00724947 0.00580921 0.00588419 0.00670738 0.00727153 0.00728488 0.00437422 0.00970162 0.0058065 0.0101674 0.008842 0.010269 0.00571151 0.00584291 0.00581713 0.00438021 0.00580051 0.00869243 0.00784586 0.0073318 0.00727283 0.00727001 0.00582789 0.00723502 0.00578437 0.00818454 0.00757888 0.00736983 
Throughputs: 1.5401 2.94912 1.35987 1.93331 1.58925 2.40845 2.09715 2.32653 2.12992 1.58925 3.1785 2.37568 2.27738 2.21184 1.37626 2.09715 2.44122 1.3271 2.42483 2.94912 3.11296 3.04742 2.8672 2.39206 2.12992 0.950272 2.22822 2.19546 2.048 1.57286 
Utility: 5.18689 6.23613 5.23422 5.80755 5.59875 5.88353 5.66437 5.76633 6.18811 5.09872 6.30518 5.45385 5.55127 5.37245 5.48464 5.88311 6.03944 5.71366 6.03557 5.82681 5.98334 6.02983 5.97695 5.79615 5.90118 4.87782 5.9538 5.5919 5.59925 5.36326 

--------------------------------------
Time: 24.0049
Split Ratios: 1 1 1 1 1 0.741 0.259 1 0.241 0.759 1 0.513 0.487 1 1 1 1 1 1 1 1 1 1 0.38 0.62 0.913 0.087 1 1 1 1 1 0.304 0.696 0.895 0.105 1 
Delays: 0.00864301 0.00578358 0.00722776 0.00581476 0.00585366 0.00662394 0.00724845 0.00729675 0.00434057 0.00960303 0.00580444 0.0102133 0.00881018 0.0102939 0.00574784 0.00583059 0.00584721 0.00437229 0.00582616 0.00865881 0.00778433 0.00740827 0.00723424 0.0072412 0.00579324 0.00728678 0.00581182 0.00800149 0.00799731 0.00735955 
Throughputs: 1.62202 2.7689 1.29434 1.49094 1.5401 2.7689 2.50675 2.58867 2.37568 1.35987 3.12934 2.22822 2.01523 2.26099 1.34349 2.06438 2.50675 1.21242 2.47398 2.5559 3.04742 3.03104 2.7689 2.65421 2.26099 1.01581 2.44122 2.3593 1.9497 1.58925 
Utility: 5.23467 6.17118 5.18782 5.54677 5.57253 6.03551 5.84596 5.87147 6.30503 4.95307 6.28996 5.38527 5.43258 5.39201 5.4542 5.86947 6.06078 5.62508 6.05123 5.68758 5.96994 6.01406 5.94738 5.90411 5.96687 4.93738 6.04036 5.68649 5.49632 5.37502 

--------------------------------------
Time: 24.505
Split Ratios: 1 1 1 1 1 0.741 0.259 1 0.241 0.759 1 0.513 0.487 1 1 1 1 1 1 1 1 1 1 0.38 0.62 0.913 0.087 1 1 1 1 1 0.304 0.696 0.895 0.105 1 
Delays: 0.00862622 0.00581356 0.00727839 0.00579649 0.00582055 0.00675135 0.00726868 0.00725418 0.00437705 0.00936131 0.00575193 0.0102324 0.008802 0.0103264 0.00574989 0.00581103 0.00581292 0.00434579 0.00579725 0.00867751 0.00773684 0.00731578 0.00727837 0.00719158 0.00579329 0.00719735 0.00579543 0.00826597 0.00800034 0.00736173 
Throughputs: 1.31072 2.52314 1.3271 1.40902 1.40902 2.47398 2.32653 2.32653 2.44122 1.67117 2.63782 2.27738 2.49037 2.17907 1.39264 2.16269 2.3593 1.08134 2.40845 2.98189 2.62144 3.04742 2.67059 2.52314 1.99885 1.17965 2.67059 2.16269 1.96608 1.50733 
Utility: 5.02353 6.07307 5.20585 5.4934 5.48926 5.90384 5.76856 5.77055 6.32388 5.18469 6.12817 5.40522 5.64521 5.35195 5.48978 5.91935 6.00604 5.51675 6.02935 5.83958 5.82549 6.03202 5.90515 5.86035 5.84363 5.09926 6.13299 5.56696 5.50431 5.3218 

--------------------------------------
Time: 25.005
Split Ratios: 1 1 1 1 1 0.741 0.259 1 0.241 0.759 1 0.513 0.487 1 1 1 1 1 1 1 1 1 1 0.38 0.62 0.913 0.087 1 1 1 1 1 0.304 0.696 0.895 0.105 1 
Delays: 0.00862486 0.00579393 0.00725739 0.00582128 0.00588754 0.00663071 0.00724996 0.00719034 0.00436475 0.00950282 0.00577282 0.0102385 0.0088267 0.0103209 0.00572505 0.00584562 0.00579493 0.00433312 0.00581323 0.00867018 0.00790045 0.00742425 0.00728618 0.00721503 0.00582573 0.00726972 0.00578422 0.00828971 0.00769387 0.0073575 
Throughputs: 1.68755 2.68698 1.39264 1.78586 1.58925 2.58867 1.91693 2.40845 2.50675 1.76947 3.2768 1.99885 2.47398 1.9497 1.44179 2.16269 2.06438 1.35987 3.09658 2.99827 3.30957 3.19488 2.57229 2.81805 2.11354 1.03219 2.3593 2.53952 1.81862 1.58925 
Utility: 5.27639 6.13936 5.25694 5.72613 5.59818 5.96719 5.57748 5.814 6.35318 5.22685 6.34146 5.27417 5.6358 5.24125 5.52879 5.91341 5.8756 5.74886 6.27792 5.8459 6.03765 6.06455 5.86657 5.96763 5.89383 4.95572 6.01099 5.72472 5.46541 5.3753 

--------------------------------------
Time: 25.5051
Split Ratios: 1 1 1 1 1 0.741 0.259 1 0.241 0.759 1 0.513 0.487 1 1 1 1 1 1 1 1 1 1 0.38 0.62 0.913 0.087 1 1 1 1 1 0.304 0.696 0.895 0.105 1 
Delays: 0.00863397 0.00578003 0.00724586 0.0057994 0.00592455 0.00664444 0.00724444 0.00717981 0.0043957 0.00957074 0.0057615 0.0102998 0.00882272 0.0102227 0.0057509 0.00580273 0.00581655 0.00439023 0.00583918 0.00869545 0.00783477 0.00734817 0.00725168 0.0071961 0.00580545 0.0073315 0.00579801 0.00823049 0.00788172 0.00736393 
Throughputs: 1.52371 2.94912 1.35987 1.83501 1.62202 2.03162 1.88416 2.70336 2.53952 1.47456 2.81805 2.7689 2.62144 1.81862 1.70394 2.048 2.29376 1.39264 2.83443 3.1785 3.16211 3.1785 2.7689 2.44122 2.03162 1.11411 2.42483 2.44122 1.93331 1.5401 
Utility: 5.1732 6.23485 5.23472 5.75705 5.61232 5.72281 5.561 5.93098 6.3591 5.0374 6.1926 5.59408 5.69415 5.18122 5.69134 5.86629 5.97724 5.75957 6.18501 5.90136 6.00042 6.06971 5.94497 5.82671 5.85779 5.02363 6.036 5.69241 5.50244 5.34301 

--------------------------------------
Time: 26.0051
Split Ratios: 1 1 1 1 1 0.741 0.259 1 0.241 0.759 1 0.513 0.487 1 1 1 1 1 1 1 1 1 1 0.38 0.62 0.913 0.087 1 1 1 1 1 0.304 0.696 0.895 0.105 1 
Delays: 0.0086475 0.00582107 0.00729072 0.00579504 0.00586223 0.00669002 0.0072889 0.00746362 0.00439225 0.00939538 0.00581503 0.0102496 0.00884985 0.0103031 0.00572905 0.00590335 0.00581448 0.00437867 0.00584373 0.00874011 0.00784433 0.00729989 0.00724357 0.00719202 0.00579761 0.00725157 0.00579693 0.00814937 0.00774524 0.00737327 
Throughputs: 1.45818 2.63782 1.40902 1.80224 1.52371 2.75251 2.22822 2.24461 2.7689 1.72032 2.8672 2.47398 2.47398 2.12992 1.21242 2.19546 2.68698 1.55648 2.53952 2.98189 3.19488 3.08019 2.58867 2.57229 2.21184 1.06496 2.58867 2.42483 1.80224 1.52371 
Utility: 5.12767 6.11623 5.26405 5.73978 5.56037 6.01965 5.72261 5.70625 6.44636 5.21005 6.20065 5.48635 5.63318 5.3314 5.35482 5.91862 6.13582 5.87344 6.07436 5.83239 6.00951 6.04489 5.87879 5.87958 5.94413 4.98948 6.10157 5.69558 5.44971 5.33104 

--------------------------------------
Time: 26.5052
Split Ratios: 1 1 1 1 1 0.741 0.259 1 0.241 0.759 1 0.513 0.487 1 1 1 1 1 1 1 1 1 1 0.38 0.62 0.913 0.087 1 1 1 1 1 0.304 0.696 0.895 0.105 1 
Delays: 0.00865823 0.00580832 0.00724679 0.00583916 0.00585721 0.00680869 0.00725373 0.00739059 0.00437929 0.00960965 0.00575048 0.0102927 0.00883904 0.0102265 0.00578208 0.00582523 0.00583323 0.00438234 0.00583612 0.00866713 0.00782053 0.00732782 0.00721917 0.00724741 0.0057728 0.0073443 0.00579864 0.00824698 0.00793275 0.00735176 
Throughputs: 1.37626 2.57229 1.44179 1.96608 1.76947 2.44122 2.34291 2.42483 2.26099 1.6384 2.81805 2.57229 2.71974 2.12992 1.65478 2.19546 2.19546 1.2288 2.27738 2.60506 3.3751 3.1785 2.89997 2.4576 2.12992 1.1305 2.39206 2.31014 1.75309 1.47456 
Utility: 5.06861 6.09326 5.29308 5.81921 5.71076 5.88205 5.77763 5.79331 6.24667 5.13871 6.19452 5.52112 5.72911 5.33885 5.65666 5.93195 5.93057 5.63621 5.96671 5.70567 6.06743 6.07248 5.99572 5.8263 5.91068 5.03649 6.02229 5.63522 5.39813 5.30117 

--------------------------------------
Time: 27.0052
Split Ratios: 1 1 1 1 1 0.741 0.259 1 0.241 0.759 1 0.513 0.487 1 1 1 1 1 1 1 1 1 1 0.38 0.62 0.913 0.087 1 1 1 1 1 0.304 0.696 0.895 0.105 1 
Delays: 0.00865321 0.00578799 0.00726564 0.00581082 0.00592839 0.00669424 0.00727224 0.00736387 0.00447484 0.0103196 0.00577655 0.0102833 0.00881136 0.010255 0.0057293 0.00582322 0.00590296 0.00434494 0.00587852 0.00870382 0.00785771 0.00733586 0.00729997 0.00725365 0.00584149 0.00733773 0.00581927 0.00826498 0.0077176 0.00745403 
Throughputs: 1.45818 2.63782 1.81862 1.80224 1.47456 2.37568 2.22822 2.63782 2.53952 1.37626 3.09658 2.3593 2.29376 2.17907 1.5401 2.048 2.89997 1.35987 2.68698 2.89997 3.06381 2.98189 2.99827 2.39206 2.17907 1.14688 2.21184 2.65421 1.96608 1.80224 
Utility: 5.12701 6.12193 5.52268 5.73706 5.51636 5.87179 5.7249 5.88112 6.34126 4.89307 6.28425 5.4356 5.56191 5.35889 5.59401 5.86277 6.197 5.74613 6.12487 5.80869 5.96592 6.00754 6.01792 5.79841 5.92167 5.05177 5.94041 5.77187 5.54029 5.48803 

--------------------------------------
Time: 27.5053
Split Ratios: 1 1 1 1 1 0.741 0.259 1 0.241 0.759 1 0.513 0.487 1 1 1 1 1 1 1 1 1 1 0.38 0.62 0.913 0.087 1 1 1 1 1 0.304 0.696 0.895 0.105 1 
Delays: 0.00864122 0.00581544 0.00724617 0.00580211 0.00592305 0.00650765 0.00731894 0.00733489 0.00434165 0.00937264 0.00579048 0.0102368 0.00878793 0.0102339 0.0057243 0.00583276 0.00582858 0.004396 0.00587424 0.00871689 0.00777228 0.00727955 0.00727703 0.00722173 0.00580286 0.00723281 0.00582054 0.0082388 0.00792459 0.00734569 
Throughputs: 1.58925 2.70336 1.45818 1.62202 1.50733 2.63782 2.048 2.39206 2.16269 1.67117 2.93274 2.47398 2.40845 1.70394 1.47456 2.01523 2.50675 1.47456 2.8672 2.60506 3.50618 2.93274 2.7689 2.37568 2.22822 1.17965 2.57229 2.048 1.99885 1.75309 
Utility: 5.21447 6.14173 5.30447 5.6332 5.53924 6.00473 5.63415 5.78727 6.21085 5.18348 6.22748 5.4876 5.61336 5.11499 5.5514 5.845 6.06397 5.81542 6.19052 5.69995 6.11172 5.99862 5.94148 5.79595 5.95061 5.09434 6.09116 5.51576 5.53036 5.47502 

--------------------------------------
Time: 28.0053
Split Ratios: 1 1 1 1 1 0.741 0.259 1 0.241 0.759 1 0.513 0.487 1 1 1 1 1 1 1 1 1 1 0.38 0.62 0.913 0.087 1 1 1 1 1 0.304 0.696 0.895 0.105 1 
Delays: 0.00862883 0.00580362 0.00721584 0.00575364 0.00591671 0.0066444 0.00728801 0.00696829 0.0044338 0.00937261 0.00574803 0.0102291 0.00878077 0.0102234 0.00572794 0.00579798 0.00588349 0.00434173 0.00583291 0.00871131 0.00783321 0.00733399 0.00725091 0.00721468 0.00582056 0.0072822 0.00577121 0.00819377 0.00775579 0.0073023 
Throughputs: 1.3271 3.03104 1.2288 1.65478 1.5401 2.3593 2.08077 2.26099 2.47398 1.31072 2.80166 2.1463 2.47398 1.81862 1.2288 1.86778 2.50675 1.47456 2.7689 2.80166 3.09658 3.08019 2.62144 2.42483 2.06438 1.11411 2.49037 2.60506 2.17907 2.01523 
Utility: 5.03565 6.25818 5.13752 5.66159 5.56182 5.87234 5.65426 5.78219 6.32433 4.94054 6.18911 5.34626 5.64102 5.18115 5.36844 5.77499 6.05459 5.82784 6.16269 5.77335 5.97968 6.04023 5.89035 5.8174 5.87119 5.03038 6.0673 5.76184 5.63821 5.6203 

--------------------------------------
Time: 28.5053
Split Ratios: 1 1 1 1 1 0.741 0.259 1 0.241 0.759 1 0.513 0.487 1 1 1 1 1 1 1 1 1 1 0.38 0.62 0.913 0.087 1 1 1 1 1 0.304 0.696 0.895 0.105 1 
Delays: 0.00864169 0.00575415 0.00722945 0.00582848 0.0058595 0.00654908 0.00720731 0.006978 0.00437165 0.00968926 0.00581175 0.0102828 0.00883312 0.0102796 0.00576122 0.00580717 0.0058198 0.00437795 0.00579059 0.00872268 0.00785213 0.00736015 0.00730726 0.00719445 0.00578575 0.00725611 0.00578157 0.00820999 0.00800254 0.00736116 
Throughputs: 1.34349 2.75251 1.26157 1.96608 1.6384 2.42483 1.9497 2.5559 2.57229 1.47456 3.22765 2.39206 2.09715 2.24461 1.62202 2.06438 2.12992 1.08134 2.70336 2.7689 2.91635 3.04742 3.2768 2.62144 1.80224 0.950272 2.3593 2.21184 1.62202 1.6384 
Utility: 5.04643 6.17035 5.16195 5.82104 5.63341 5.91419 5.60033 5.9034 6.37741 5.0251 6.31963 5.44944 5.46983 5.38613 5.64028 5.87349 5.90257 5.50938 6.14602 5.76028 5.9173 6.02597 6.10575 5.89817 5.74139 4.8749 6.01144 5.59623 5.31167 5.40526 

--------------------------------------
Time: 29.0054
Split Ratios: 1 1 1 1 1 0.741 0.259 1 0.241 0.759 1 0.513 0.487 1 1 1 1 1 1 1 1 1 1 0.38 0.62 0.913 0.087 1 1 1 1 1 0.304 0.696 0.895 0.105 1 
Delays: 0.0086279 0.00575683 0.00723258 0.00578141 0.00591084 0.00663822 0.00726494 0.0070167 0.0044066 0.00942136 0.00574925 0.0102958 0.00874904 0.0102461 0.00575311 0.00581983 0.00583455 0.00441558 0.00576893 0.00875728 0.00787189 0.0073116 0.00723998 0.00719015 0.00583483 0.0072462 0.00577355 0.0081244 0.00828823 0.00728756 
Throughputs: 1.21242 2.50675 1.39264 1.75309 1.50733 2.4576 2.06438 2.21184 2.52314 1.44179 3.03104 2.60506 2.5559 2.09715 1.6384 2.1463 2.44122 1.50733 2.53952 2.8672 3.53894 3.11296 2.53952 2.40845 2.3593 1.09773 2.4576 2.11354 2.16269 1.45818 
Utility: 4.94537 6.07636 5.26036 5.71449 5.54131 5.9141 5.64953 5.75329 6.35015 5.03066 6.26759 5.53347 5.67722 5.32143 5.65173 5.91023 6.03646 5.83295 6.08724 5.79121 6.10828 6.05387 5.86011 5.81403 6.00227 5.02052 6.05365 5.56125 5.56427 5.29877 

--------------------------------------
Time: 29.5055
Split Ratios: 1 1 1 1 1 0.741 0.259 1 0.241 0.759 1 0.513 0.487 1 1 1 1 1 1 1 1 1 1 0.38 0.62 0.913 0.087 1 1 1 1 1 0.304 0.696 0.895 0.105 1 
Delays: 0.00867233 0.00582466 0.00720348 0.00582077 0.00589643 0.00648849 0.00722885 0.00736507 0.00438383 0.00945538 0.00579114 0.0102442 0.00886025 0.0102018 0.00574825 0.00581671 0.00582796 0.00440615 0.00580466 0.00869184 0.00782239 0.00731082 0.00723007 0.00722657 0.00575963 0.00730833 0.00576283 0.00841622 0.0078394 0.00730947 
Throughputs: 1.50733 2.85082 1.39264 1.75309 1.83501 2.32653 1.62202 2.62144 2.63782 1.49094 2.8672 1.96608 2.42483 2.12992 1.47456 2.11354 2.1463 1.29434 2.7689 2.53952 3.12934 2.81805 3.01466 2.47398 1.83501 1.03219 2.22822 2.53952 1.98246 1.6384 
Utility: 5.15796 6.19326 5.26439 5.7077 5.74046 5.8821 5.41335 5.87473 6.39979 5.06058 6.20476 5.25708 5.61194 5.34127 5.54722 5.89538 5.90883 5.68275 6.16754 5.67735 5.99159 5.95444 6.03299 5.83582 5.76393 4.95042 5.95753 5.70957 5.53293 5.4123 

--------------------------------------
Time: 30.0057
Split Ratios: 1 1 1 1 1 0.741 0.259 1 0.241 0.759 1 0.513 0.487 1 1 1 1 1 1 1 1 1 1 0.38 0.62 0.913 0.087 1 1 1 1 1 0.304 0.696 0.895 0.105 1 
Delays: 0.00864371 0.00577097 0.00725402 0.0058187 0.0058512 0.00669874 0.00729382 0.00715472 0.00434239 0.0095145 0.00579234 0.010187 0.00876851 0.0103028 0.00573767 0.00581321 0.00582125 0.00432813 0.00580774 0.00864632 0.00782559 0.00736501 0.00726253 0.00724231 0.00580183 0.00726411 0.00580803 0.00836855 0.00790648 0.00735353 
Throughputs: 1.44179 2.99827 1.27795 1.86778 1.17965 2.52314 2.24461 2.58867 2.5559 1.47456 3.30957 2.19546 2.4576 1.93331 1.42541 1.91693 2.26099 1.19603 2.50675 2.62144 3.29318 3.19488 2.85082 2.32653 2.19546 1.14688 2.62144 2.16269 1.93331 1.47456 
Utility: 5.11681 6.25295 5.17146 5.77143 5.30632 5.93134 5.72926 5.89113 6.37774 5.0433 6.34804 5.37304 5.63577 5.23457 5.51516 5.79835 5.96204 5.62163 6.06755 5.71435 6.04221 6.07256 5.97263 5.77219 5.93597 5.06186 6.11224 5.55463 5.49931 5.30093 

--------------------------------------
Time: 30.506
Split Ratios: 1 1 1 1 1 0.741 0.259 1 0.241 0.759 1 0.513 0.487 1 1 1 1 1 1 1 1 1 1 0.38 0.62 0.913 0.087 1 1 1 1 1 0.304 0.696 0.895 0.105 1 
Delays: 0.00865458 0.00581684 0.00726138 0.00582428 0.0058811 0.00653828 0.00726223 0.00724766 0.00435679 0.00928273 0.00578101 0.0102407 0.00883838 0.0102454 0.00575218 0.00588181 0.00581124 0.00435082 0.00582423 0.00874288 0.00779509 0.00730595 0.00723711 0.00721219 0.00578321 0.00721435 0.00576537 0.00822864 0.00781652 0.0073916 
Throughputs: 1.27795 2.68698 1.47456 2.048 1.58925 2.31014 2.01523 2.39206 2.24461 1.27795 2.7689 2.37568 2.71974 2.16269 1.40902 2.27738 2.44122 1.21242 2.5559 2.93274 3.11296 3.30957 2.83443 2.4576 2.01523 1.1305 2.1463 1.96608 2.12992 1.45818 
Utility: 4.99493 6.13541 5.31355 5.86258 5.59927 5.86739 5.6258 5.79923 6.24455 4.92486 6.17162 5.44667 5.72919 5.35228 5.50107 5.95891 6.04046 5.63001 6.08414 5.81545 5.98984 6.11588 5.97038 5.83117 5.85353 5.05434 5.91963 5.47618 5.6076 5.2846 

--------------------------------------
Time: 31.006
Split Ratios: 1 1 1 1 1 0.741 0.259 1 0.241 0.759 1 0.513 0.487 1 1 1 1 1 1 1 1 1 1 0.38 0.62 0.913 0.087 1 1 1 1 1 0.304 0.696 0.895 0.105 1 
Delays: 0.00868739 0.0057711 0.00724875 0.00578583 0.00591603 0.00669988 0.00723012 0.0073959 0.00439554 0.00931945 0.00577977 0.0102615 0.00876059 0.0102443 0.00578003 0.00583473 0.00586722 0.00437578 0.00579612 0.00866145 0.00779972 0.00729714 0.00721883 0.00720343 0.00580692 0.00723418 0.00577992 0.00833511 0.00787922 0.00729556 
Throughputs: 1.16326 2.58867 1.6384 1.86778 1.5401 2.32653 2.22822 2.11354 2.31014 1.37626 2.99827 2.29376 2.29376 1.93331 1.47456 2.16269 2.3593 1.58925 2.67059 2.85082 3.30957 3.19488 2.3593 2.50675 2.32653 1.27795 2.29376 2.26099 2.19546 1.6384 
Utility: 4.89711 6.10604 5.42065 5.77709 5.56193 5.85004 5.7307 5.65519 6.26448 4.99502 6.25143 5.40955 5.56768 5.24027 5.54171 5.91528 5.99674 5.89493 6.13287 5.79648 6.05048 6.08182 5.78943 5.85219 5.99308 5.1742 5.98356 5.60308 5.62992 5.41421 

--------------------------------------
Time: 31.5061
Split Ratios: 1 1 1 1 1 0.741 0.259 1 0.241 0.759 1 0.513 0.487 1 1 1 1 1 1 1 1 1 1 0.38 0.62 0.913 0.087 1 1 1 1 1 0.304 0.696 0.895 0.105 1 
Delays: 0.00865254 0.0058158 0.00721631 0.00580021 0.00594379 0.006546 0.00725072 0.00721108 0.00444643 0.00962269 0.00580881 0.0102466 0.00878192 0.0103205 0.00575298 0.00585087 0.00588908 0.00436646 0.00581839 0.00876322 0.00787461 0.00731974 0.00728613 0.0072257 0.00583239 0.00724857 0.00581334 0.00795489 0.00773046 0.00739562 
Throughputs: 1.39264 3.08019 1.29434 1.9497 1.67117 2.57229 2.60506 2.09715 2.44122 1.6384 3.1785 2.26099 2.67059 1.85139 1.78586 2.17907 2.37568 1.21242 2.50675 3.08019 2.94912 3.29318 2.75251 2.32653 2.39206 1.19603 2.24461 2.21184 1.99885 1.93331 
Utility: 5.0811 6.27217 5.18941 5.81754 5.63893 5.9737 5.88411 5.67272 6.30815 5.13735 6.30479 5.39661 5.71736 5.18956 5.73793 5.92006 5.99994 5.62642 6.06572 5.86218 5.92562 6.10904 5.9343 5.77449 6.01648 5.10596 5.95613 5.62779 5.55516 5.5661 

--------------------------------------
Time: 32.0062
Split Ratios: 1 1 1 1 1 0.741 0.259 1 0.241 0.759 1 0.513 0.487 1 1 1 1 1 1 1 1 1 1 0.38 0.62 0.913 0.087 1 1 1 1 1 0.304 0.696 0.895 0.105 1 
Delays: 0.00864149 0.0057982 0.00727341 0.0058529 0.0059057 0.00646497 0.00728537 0.00720034 0.00439677 0.00921664 0.00582902 0.0102873 0.00887808 0.0102014 0.00574545 0.00592884 0.00587108 0.00438546 0.00584291 0.00867916 0.00783634 0.00735955 0.00727297 0.00721243 0.00581826 0.0072649 0.00578641 0.00819717 0.00786747 0.00733443 
Throughputs: 1.34349 2.78528 1.57286 1.70394 1.42541 2.24461 1.90054 2.4576 2.52314 1.7367 3.22765 2.70336 2.32653 1.96608 1.68755 2.70336 2.39206 1.3271 2.62144 2.9655 3.60448 3.03104 2.57229 2.32653 2.27738 1.1305 2.53952 2.53952 1.83501 1.72032 
Utility: 5.04645 6.17456 5.37643 5.67376 5.48629 5.84989 5.56403 5.83281 6.35239 5.23873 6.31666 5.57134 5.56855 5.26127 5.68263 6.12242 6.00987 5.71246 6.10625 5.83388 6.13116 6.02066 5.86839 5.77633 5.96978 5.04736 6.08422 5.73594 5.45207 5.45769 

--------------------------------------
Time: 32.5063
Split Ratios: 1 1 1 1 1 0.741 0.259 1 0.241 0.759 1 0.513 0.487 1 1 1 1 1 1 1 1 1 1 0.38 0.62 0.913 0.087 1 1 1 1 1 0.304 0.696 0.895 0.105 1 
Delays: 0.00860323 0.00577253 0.00730939 0.00578269 0.00588327 0.00637642 0.00725625 0.00738087 0.00435508 0.00942868 0.00576965 0.0103183 0.00883116 0.0102797 0.00580905 0.00584565 0.00579468 0.00438607 0.00583603 0.00868682 0.00779622 0.00732414 0.00722171 0.00722092 0.00585462 0.00726643 0.00582007 0.00827787 0.00786644 0.00742302 
Throughputs: 1.62202 2.47398 1.68755 1.72032 1.60563 2.19546 2.048 2.4576 2.5559 1.70394 2.62144 2.31014 2.42483 2.09715 1.5401 2.31014 2.03162 1.3271 2.63782 3.03104 3.06381 3.35872 2.67059 2.27738 2.03162 1.19603 2.22822 2.58867 1.80224 1.67117 
Utility: 5.23929 6.06047 5.44187 5.6954 5.60916 5.84154 5.64276 5.80805 6.37482 5.19694 6.11887 5.41115 5.61523 5.31817 5.58018 5.97937 5.85965 5.71232 6.11366 5.85485 5.97377 6.12814 5.91296 5.7538 5.84936 5.1035 5.94765 5.74532 5.43418 5.41669 

--------------------------------------
Time: 33.0071
Split Ratios: 1 1 1 1 1 0.741 0.259 1 0.241 0.759 1 0.513 0.487 1 1 1 1 1 1 1 1 1 1 0.38 0.62 0.913 0.087 1 1 1 1 1 0.304 0.696 0.895 0.105 1 
Delays: 0.0086173 0.00577303 0.00721848 0.0057938 0.00586229 0.00657507 0.00727169 0.00740452 0.00435648 0.00974615 0.00578559 0.0102367 0.00876804 0.010237 0.00574439 0.0058172 0.00580474 0.00435563 0.00584045 0.00868934 0.00775623 0.00732902 0.00729475 0.00724108 0.00579693 0.00728072 0.00576799 0.00811487 0.00779985 0.00737212 
Throughputs: 1.52371 2.58867 1.47456 1.68755 1.26157 2.60506 2.26099 2.75251 2.22822 1.67117 3.08019 2.21184 2.31014 2.16269 1.62202 2.11354 2.47398 1.29434 2.58867 3.04742 3.08019 3.14573 2.70336 2.47398 2.26099 1.34349 2.40845 2.24461 2.048 1.55648 
Utility: 5.17513 6.1057 5.31947 5.67425 5.37157 5.98192 5.73957 5.91818 6.2373 5.14441 6.27738 5.3756 5.57395 5.3531 5.6432 5.8953 6.05491 5.69428 6.09409 5.85996 5.98425 6.06196 5.9151 5.83381 5.96623 5.2178 6.03441 5.62259 5.57051 5.35248 

--------------------------------------
Time: 33.5072
Split Ratios: 1 1 1 1 1 0.741 0.259 1 0.241 0.759 1 0.513 0.487 1 1 1 1 1 1 1 1 1 1 0.38 0.62 0.913 0.087 1 1 1 1 1 0.304 0.696 0.895 0.105 1 
Delays: 0.00862303 0.00580707 0.00720276 0.00577154 0.00592647 0.00669959 0.00726779 0.00759062 0.00437054 0.00973902 0.00578996 0.0102897 0.00882218 0.0102667 0.00574774 0.00587065 0.00589921 0.00438841 0.00586678 0.00870459 0.00793105 0.00730417 0.00723991 0.00719639 0.00581103 0.00727248 0.0058299 0.00827448 0.0077774 0.00731887 
Throughputs: 1.49094 2.80166 1.26157 1.67117 1.52371 2.34291 2.26099 2.22822 2.42483 1.47456 2.75251 2.27738 2.5559 2.34291 1.72032 1.5401 2.47398 1.04858 2.78528 2.62144 2.88358 3.1785 2.91635 2.16269 2.21184 1.2288 2.58867 2.37568 2.17907 1.62202 
Utility: 5.15273 6.17889 5.16565 5.66834 5.54948 5.8571 5.74011 5.68205 6.31863 5.01997 6.16414 5.39964 5.66889 5.43025 5.70146 5.56963 6.03877 5.47622 6.1628 5.70763 5.896 6.07572 5.99848 5.70553 5.94182 5.1297 6.0959 5.65986 5.63543 5.40097 

--------------------------------------
Time: 34.0073
Split Ratios: 1 1 1 1 1 0.741 0.259 1 0.241 0.759 1 0.513 0.487 1 1 1 1 1 1 1 1 1 1 0.38 0.62 0.913 0.087 1 1 1 1 1 0.304 0.696 0.895 0.105 1 
Delays: 0.00865798 0.00576721 0.00727519 0.0058432 0.00590439 0.00661758 0.00726496 0.00717468 0.00437221 0.00953566 0.0058032 0.0102382 0.00890566 0.0101767 0.0057892 0.00591967 0.00582284 0.00434705 0.00582008 0.00868119 0.00781606 0.00731136 0.00725167 0.00721469 0.00577806 0.00724987 0.00577491 0.0083092 0.00767679 0.00737867 
Throughputs: 1.39264 3.1785 1.57286 1.9497 1.75309 2.11354 2.09715 2.49037 2.37568 1.49094 3.16211 1.7367 2.47398 1.90054 1.47456 2.67059 2.31014 1.52371 2.62144 2.7689 3.29318 3.04742 2.68698 2.39206 1.90054 0.835584 2.21184 2.27738 1.93331 1.68755 
Utility: 5.08047 6.31198 5.37618 5.81015 5.69344 5.76639 5.66527 5.84963 6.29777 5.05213 6.30059 5.13362 5.6269 5.22979 5.54012 6.11177 5.98328 5.85941 6.11016 5.76505 6.04343 6.03262 5.91494 5.80379 5.79583 4.74715 5.94806 5.61342 5.52879 5.43244 

--------------------------------------
Time: 34.5076
Split Ratios: 1 1 1 1 1 0.741 0.259 1 0.241 0.759 1 0.513 0.487 1 1 1 1 1 1 1 1 1 1 0.38 0.62 0.913 0.087 1 1 1 1 1 0.304 0.696 0.895 0.105 1 
Delays: 0.00861759 0.00578688 0.0072711 0.00577285 0.00587888 0.00658294 0.0073193 0.00750137 0.00435778 0.00947327 0.00579342 0.0103347 0.00872857 0.0102339 0.00578725 0.00581621 0.00579713 0.00438682 0.00588431 0.00868631 0.00782826 0.00731719 0.00721098 0.00722522 0.00580753 0.00742365 0.00581082 0.00825038 0.00779058 0.00731877 
Throughputs: 1.27795 2.89997 1.6384 1.58925 1.35987 2.5559 2.22822 2.32653 2.1463 1.5401 2.80166 2.47398 2.048 2.048 1.34349 1.90054 2.40845 1.3271 2.71974 3.11296 3.45702 3.11296 2.63782 2.03162 2.34291 0.917504 2.49037 2.50675 2.24461 1.42541 
Utility: 4.99921 6.21686 5.41757 5.61785 5.44378 5.96168 5.71845 5.73705 6.19954 5.09113 6.18125 5.47808 5.45802 5.29891 5.44737 5.78925 6.02938 5.71215 6.136 5.88158 6.09042 6.0531 5.9021 5.63901 5.99999 4.81699 6.06046 5.71648 5.66337 5.27177 

--------------------------------------
Time: 35.0078
Split Ratios: 1 1 1 1 1 0.741 0.259 1 0.241 0.759 1 0.513 0.487 1 1 1 1 1 1 1 1 1 1 0.38 0.62 0.913 0.087 1 1 1 1 1 0.304 0.696 0.895 0.105 1 
Delays: 0.00864643 0.00581202 0.0072369 0.00579716 0.00582105 0.00670602 0.00725248 0.00705134 0.00434617 0.00925208 0.00576725 0.0102457 0.00881757 0.0102272 0.00575292 0.00581534 0.00583584 0.00436692 0.00582309 0.00862907 0.00786107 0.00731095 0.00722959 0.00720099 0.00575872 0.0072557 0.00581462 0.00828739 0.00788791 0.00729966 
Throughputs: 1.26157 2.7689 1.26157 1.7367 1.60563 2.52314 2.26099 2.44122 2.24461 1.55648 2.83443 2.42483 2.49037 1.93331 1.57286 2.16269 2.048 1.31072 2.34291 2.42483 3.30957 3.16211 2.63782 2.80166 1.9497 1.39264 2.19546 2.31014 1.9497 1.55648 
Utility: 4.98296 6.16628 5.16092 5.70238 5.61979 5.93025 5.74222 5.84703 6.24699 5.12533 6.1974 5.46666 5.64344 5.24194 5.61095 5.91861 5.8606 5.70428 5.99732 5.63838 6.04265 6.06962 5.89953 5.96375 5.82471 5.25717 5.93377 5.63033 5.5101 5.36235 

--------------------------------------
Time: 35.5078
Split Ratios: 1 1 1 1 1 0.741 0.259 1 0.241 0.759 1 0.513 0.487 1 1 1 1 1 1 1 1 1 1 0.38 0.62 0.913 0.087 1 1 1 1 1 0.304 0.696 0.895 0.105 1 
Delays: 0.00863358 0.0057658 0.00721981 0.00579131 0.00589234 0.00672375 0.00728676 0.00696213 0.00439976 0.00923244 0.00578245 0.010293 0.00878314 0.0102605 0.00575861 0.005818 0.00586195 0.00436592 0.00584222 0.00869558 0.00777593 0.00734739 0.00724777 0.00723945 0.00579212 0.00729753 0.00582283 0.00826167 0.00780177 0.00730602 
Throughputs: 1.58925 2.91635 1.47456 1.91693 1.72032 2.09715 2.44122 2.34291 2.39206 1.68755 3.26042 2.50675 2.24461 1.93331 1.60563 2.048 2.47398 1.47456 2.5559 3.11296 3.09658 2.98189 2.80166 2.63782 2.06438 1.16326 2.4576 2.39206 2.17907 1.55648 
Utility: 5.21536 6.22614 5.31929 5.80212 5.67661 5.74269 5.81419 5.81866 6.29836 5.20831 6.33478 5.49528 5.54345 5.23869 5.63058 5.86366 6.0451 5.82229 6.08105 5.88051 5.98702 6.00597 5.95728 5.89816 5.87609 5.07145 6.04515 5.66828 5.6323 5.36148 

--------------------------------------
Time: 36.008
Split Ratios: 1 1 1 1 1 0.741 0.259 1 0.241 0.759 1 0.513 0.487 1 1 1 1 1 1 1 1 1 1 0.38 0.62 0.913 0.087 1 1 1 1 1 0.304 0.696 0.895 0.105 1 
Delays: 0.00861058 0.00578806 0.00729868 0.00575784 0.00588702 0.0064784 0.00725281 0.00720712 0.0043449 0.00977567 0.00578298 0.0102889 0.00877997 0.0102982 0.00573052 0.00583697 0.00582149 0.00442413 0.00585969 0.00867142 0.00784872 0.00730525 0.00723194 0.00721579 0.00577106 0.00731426 0.00577734 0.00821498 0.00809412 0.00737528 
Throughputs: 1.44179 2.8672 1.44179 1.81862 1.42541 2.4576 2.27738 2.49037 2.21184 1.65478 3.09658 2.52314 2.27738 2.22822 1.45818 2.24461 2.26099 1.52371 2.73613 2.53952 3.34234 2.78528 2.91635 2.67059 2.21184 1.06496 2.52314 2.3593 1.90054 1.49094 
Utility: 5.12065 6.20529 5.28595 5.75527 5.48946 5.93847 5.74939 5.84512 6.23258 5.13153 6.28313 5.50219 5.55831 5.377 5.53914 5.95207 5.962 5.84183 6.1462 5.6797 6.05407 5.94351 5.99958 5.91378 5.94872 4.98087 6.07932 5.66016 5.45876 5.30903 

