--------------------------------------
Time: 5.50063
Split Ratios: 1 1 1 1 1 1 1 1 1 1 1 1 1 1 1 1 1 1 1 1 1 1 1 1 1 1 1 1 1 1 
Delays: 0.00771571 0.00748967 0.00767747 0.00756494 0.0095269 0.00759078 0.00987773 0.00958571 0.00755023 0.00755403 0.00786749 0.00945779 0.00751107 0.00951568 0.00931963 0.007972 0.00765418 0.00588865 0.00773338 0.00744418 0.0076927 0.00585433 0.00968435 0.00958539 0.00763806 0.00757225 0.00589494 0.00760258 0.00995289 0.0097001 
Throughputs: 0.8192 0.442368 0.638976 0.589824 0.638976 0.720896 0.802816 0.884736 0.57344 0.65536 0.720896 0.688128 0.90112 0.557056 1.03219 0.638976 0.753664 0.835584 0.917504 0.540672 0.786432 0.786432 0.704512 0.73728 0.720896 0.966656 0.753664 0.8192 0.524288 0.720896 
Utility: 4.66507 4.07862 4.42158 4.3563 4.20575 4.55356 4.39784 4.52502 4.33008 4.4631 4.51776 4.28714 4.78726 4.06973 4.70732 4.38393 4.58969 4.9551 4.77611 4.28538 4.62723 4.90032 4.28699 4.34273 4.54735 4.84935 4.85085 4.67984 3.96418 4.30836 

--------------------------------------
Time: 6.00129
Split Ratios: 1 1 1 1 1 1 1 1 1 1 1 1 1 1 1 1 1 1 1 1 1 1 1 1 1 1 1 1 1 1 
Delays: 0.00754113 0.00764699 0.00785426 0.00754307 0.00974959 0.00754064 0.00972522 0.00930719 0.00758154 0.00750763 0.00791225 0.00941793 0.00751383 0.00954569 0.00935451 0.00780226 0.00764019 0.00575313 0.00757165 0.00752112 0.00769296 0.00598254 0.00956367 0.00957622 0.00767316 0.0075722 0.00581909 0.00757445 0.00976069 0.00958315 
Throughputs: 0.753664 0.770048 0.507904 0.65536 0.770048 0.671744 0.688128 0.786432 0.524288 0.753664 0.638976 0.524288 0.73728 0.557056 0.868352 0.589824 0.606208 0.835584 0.688128 0.540672 0.753664 0.73728 0.65536 0.90112 1.03219 0.90112 0.786432 0.720896 0.884736 0.688128 
Utility: 4.60457 4.61214 4.16924 4.46456 4.36923 4.48957 4.25925 4.43672 4.23632 4.60903 4.39146 4.01943 4.58622 4.06658 4.53074 4.32541 4.3738 4.97839 4.50956 4.2751 4.58464 4.81412 4.22721 4.54436 4.90171 4.77915 4.90636 4.55571 4.50693 4.27397 

--------------------------------------
Time: 6.50131
Split Ratios: 1 1 1 1 1 1 1 1 1 1 1 1 1 1 1 1 1 1 1 1 1 1 1 1 1 1 1 1 1 1 
Delays: 0.00769865 0.0074864 0.0076941 0.00775326 0.0097172 0.00751092 0.00996986 0.00948455 0.0075106 0.00751514 0.0077225 0.00942289 0.00780398 0.00957351 0.00933955 0.00802986 0.00751113 0.00590478 0.00758613 0.00777718 0.00765029 0.00582998 0.00964368 0.00983438 0.00756371 0.00760116 0.00574486 0.00751411 0.00967786 0.00974105 
Throughputs: 0.606208 0.622592 0.770048 0.589824 0.540672 0.638976 0.622592 0.688128 0.622592 0.65536 0.8192 0.622592 0.8192 0.73728 0.884736 0.638976 0.622592 0.786432 0.638976 0.802816 0.770048 0.688128 0.73728 0.835584 0.98304 1.01581 0.606208 0.835584 0.65536 0.933888 
Utility: 4.36618 4.4208 4.606 4.33171 4.01892 4.44351 4.13432 4.28431 4.41758 4.46827 4.66419 4.19075 4.65369 4.34397 4.55103 4.3767 4.41751 4.89174 4.43354 4.63693 4.61171 4.77096 4.33667 4.44225 4.86729 4.89514 4.65892 4.71135 4.21534 4.56301 

--------------------------------------
Time: 7.00154
Split Ratios: 1 1 1 1 1 1 1 1 1 1 1 1 1 1 1 1 1 1 1 1 1 1 1 1 1 1 1 1 1 1 
Delays: 0.00759367 0.00749833 0.0076145 0.00750739 0.00953388 0.0075568 0.00999174 0.00941248 0.00744994 0.00777073 0.00795992 0.00949897 0.00759415 0.00945354 0.00930479 0.00791919 0.00770157 0.00572157 0.00758887 0.00757834 0.00760604 0.00582711 0.00947501 0.00943525 0.0075448 0.00746258 0.00580981 0.00750276 0.00984483 0.00963999 
Throughputs: 0.638976 0.720896 0.557056 0.606208 0.507904 0.720896 0.786432 0.73728 0.622592 0.999424 0.884736 0.638976 0.884736 0.540672 0.802816 0.688128 0.802816 0.688128 0.917504 0.835584 0.770048 0.835584 0.65536 0.65536 0.753664 0.671744 0.90112 0.802816 0.57344 0.835584 
Utility: 4.43255 4.56581 4.29261 4.39134 3.97544 4.55805 4.36575 4.36093 4.42569 4.85682 4.71087 4.20868 4.75791 4.04642 4.4576 4.46469 4.6467 4.78973 4.79497 4.70284 4.61751 4.96561 4.23653 4.24073 4.60409 4.49998 5.04409 4.67285 4.06471 4.46221 

--------------------------------------
Time: 7.50245
Split Ratios: 1 1 1 1 1 1 1 1 1 1 1 1 1 1 1 1 1 1 1 1 1 1 1 1 1 1 1 1 1 1 
Delays: 0.00771939 0.0075769 0.00778039 0.007602 0.00971158 0.00749995 0.00990673 0.00937994 0.00755053 0.00752127 0.00772493 0.00963901 0.0077372 0.00941657 0.00935311 0.00786247 0.00774569 0.0057952 0.00760673 0.00750082 0.00773418 0.00584901 0.00939795 0.00947407 0.00756511 0.0075932 0.00589894 0.00756165 0.00941161 0.00953159 
Throughputs: 0.557056 0.73728 0.671744 0.720896 0.540672 0.622592 0.835584 0.671744 0.65536 0.720896 0.753664 0.589824 0.999424 0.57344 0.802816 0.589824 0.688128 0.753664 0.753664 0.73728 0.57344 0.884736 0.802816 0.770048 0.950272 0.835584 0.851968 0.671744 0.524288 0.884736 
Utility: 4.27893 4.57786 4.45827 4.55208 4.01949 4.41899 4.43492 4.2713 4.46357 4.56276 4.58049 4.11401 4.86114 4.10918 4.45242 4.31772 4.48684 4.86792 4.59591 4.58796 4.306 5.01902 4.44763 4.39789 4.8332 4.70088 4.97278 4.48679 4.0201 4.53068 

--------------------------------------
Time: 8.00257
Split Ratios: 1 1 1 1 1 1 1 1 1 1 1 1 1 1 1 1 1 1 1 1 1 1 1 1 1 1 1 1 1 1 
Delays: 0.0076383 0.00765762 0.00781378 0.0076652 0.00978826 0.00757252 0.0100294 0.00945151 0.00751742 0.00758927 0.00784034 0.00987067 0.00746231 0.00960024 0.00930115 0.00799403 0.00792107 0.0056786 0.00762184 0.00749319 0.0076209 0.00590335 0.00954167 0.00950144 0.00753893 0.00761574 0.00600367 0.00764026 0.00975414 0.00983256 
Throughputs: 0.688128 0.868352 0.557056 0.688128 0.638976 0.720896 0.802816 0.868352 0.65536 0.65536 0.802816 0.671744 0.8192 0.835584 0.557056 0.753664 0.786432 0.8192 0.8192 0.704512 0.8192 0.688128 0.57344 0.704512 0.770048 0.851968 0.8192 0.753664 0.507904 0.802816 
Utility: 4.5008 4.7309 4.26678 4.49728 4.17868 4.55597 4.3826 4.52042 4.46796 4.45845 4.62884 4.22031 4.69846 4.46634 4.09253 4.54625 4.59798 4.97162 4.67731 4.54351 4.67743 4.75846 4.09598 4.30606 4.62637 4.71733 4.91596 4.59151 3.9526 4.40243 

--------------------------------------
Time: 8.5029
Split Ratios: 1 1 1 1 1 1 1 1 1 1 1 1 1 1 1 1 1 1 1 1 1 1 1 1 1 1 1 1 1 1 
Delays: 0.00763089 0.00751241 0.00770518 0.00760443 0.00959633 0.00763351 0.00976747 0.00942252 0.00749152 0.00743104 0.00785579 0.0095201 0.00755714 0.0094748 0.00926266 0.00805779 0.00768515 0.0057961 0.00751902 0.00751964 0.00761626 0.00578216 0.00957917 0.00953564 0.00766334 0.0076148 0.00586521 0.00746553 0.00965099 0.009614 
Throughputs: 0.802816 0.851968 0.638976 0.622592 0.360448 0.638976 0.884736 0.589824 0.540672 0.65536 0.638976 0.65536 0.704512 0.786432 0.688128 0.57344 0.638976 0.851968 0.606208 0.802816 0.622592 1.01581 0.753664 0.950272 0.753664 0.917504 0.622592 0.802816 0.638976 0.688128 
Utility: 4.65592 4.73099 4.41797 4.40516 3.62597 4.42732 4.50623 4.13672 4.27904 4.47952 4.39862 4.23178 4.53501 4.41887 4.30798 4.26501 4.42058 4.99036 4.38979 4.67061 4.40361 5.16866 4.36536 4.60171 4.5885 4.79156 4.66485 4.67783 4.19281 4.27075 

--------------------------------------
Time: 9.00346
Split Ratios: 1 1 1 1 1 1 1 1 1 1 1 1 1 1 1 1 1 1 1 1 1 1 1 1 1 1 1 1 1 1 
Delays: 0.00763187 0.00756238 0.00788612 0.0076844 0.00960267 0.00754731 0.00966104 0.00934539 0.00753103 0.00751144 0.00792946 0.00968546 0.00763185 0.00942835 0.00931775 0.00776772 0.00764031 0.00590229 0.00750368 0.0074798 0.00753842 0.00574654 0.00941705 0.00947862 0.00757293 0.0077263 0.00581804 0.00747855 0.00957529 0.00971109 
Throughputs: 0.851968 0.770048 0.606208 0.786432 0.671744 0.884736 0.770048 0.524288 0.770048 0.557056 0.704512 0.606208 0.65536 0.507904 0.720896 0.671744 0.638976 0.770048 0.638976 0.720896 0.557056 0.753664 0.606208 0.589824 1.03219 0.753664 0.8192 0.90112 0.704512 0.770048 
Utility: 4.71522 4.62327 4.34212 4.62831 4.24784 4.7641 4.37835 4.02716 4.62742 4.30624 4.48692 4.1366 4.45285 3.98657 4.34857 4.4599 4.42643 4.87111 4.44447 4.56829 4.30265 4.87635 4.1647 4.13079 4.91486 4.58032 4.94736 4.7916 4.29832 4.37318 

--------------------------------------
Time: 9.50353
Split Ratios: 1 1 1 1 1 1 1 1 1 1 1 1 1 1 1 1 1 1 1 1 1 1 1 1 1 1 1 1 1 1 
Delays: 0.00752988 0.00753043 0.00769769 0.0076243 0.00960031 0.00754676 0.00978523 0.009546 0.00742836 0.00761373 0.00783092 0.0098474 0.00757146 0.00952496 0.00932713 0.00793138 0.00774465 0.00581178 0.00761062 0.0074542 0.00777038 0.00604837 0.00973042 0.00961627 0.00751778 0.00765817 0.00594831 0.0075657 0.00975492 0.0095246 
Throughputs: 0.622592 0.770048 0.557056 0.720896 0.73728 0.770048 0.622592 0.704512 0.65536 0.606208 0.868352 0.770048 0.770048 0.557056 0.999424 0.638976 0.688128 0.770048 0.966656 0.688128 0.688128 0.753664 0.868352 0.704512 0.720896 0.720896 0.65536 0.868352 0.589824 0.753664 
Utility: 4.41501 4.6275 4.28174 4.54915 4.34117 4.62533 4.15302 4.30138 4.47988 4.37727 4.70852 4.35925 4.62207 4.06875 4.67425 4.38904 4.48697 4.88657 4.8443 4.5252 4.48366 4.82516 4.49134 4.29405 4.56322 4.54472 4.70208 4.74297 4.10205 4.37107 

--------------------------------------
Time: 10.0051
Split Ratios: 1 1 1 1 1 1 1 1 1 1 1 1 1 1 1 1 1 1 1 1 1 1 1 1 1 1 1 1 1 1 
Delays: 0.00752694 0.0076243 0.00789508 0.00764604 0.00956252 0.00749744 0.00984771 0.00946306 0.007462 0.0075111 0.007901 0.0094999 0.00758548 0.00949568 0.00938744 0.00785326 0.0076242 0.00583701 0.00753903 0.00745321 0.00757619 0.00577801 0.00949996 0.00943044 0.00747446 0.00757812 0.00585154 0.00753091 0.00972884 0.00957186 
Throughputs: 0.90112 0.786432 0.688128 0.704512 0.65536 0.770048 0.606208 0.917504 0.557056 0.73728 0.753664 0.720896 0.966656 0.622592 0.802816 0.638976 0.622592 0.933888 0.622592 0.65536 0.704512 0.933888 0.589824 0.65536 0.8192 0.786432 0.917504 0.8192 0.557056 0.73728 
Utility: 4.78515 4.63617 4.46773 4.52332 4.22733 4.63189 4.11998 4.57426 4.31284 4.58659 4.55796 4.32921 4.84761 4.18305 4.44875 4.39894 4.40256 5.07514 4.4138 4.47654 4.5325 5.0853 4.12854 4.24124 4.69684 4.64224 5.05495 4.68931 4.04757 4.34414 

--------------------------------------
Time: 10.5055
Split Ratios: 1 1 1 1 1 1 1 1 1 1 1 1 1 1 1 1 1 1 1 1 1 1 1 1 1 1 1 1 1 1 
Delays: 0.00770232 0.00760476 0.00764403 0.00766614 0.00959886 0.00758597 0.00952404 0.0093024 0.00748106 0.00759713 0.00767092 0.00950537 0.00756904 0.00936448 0.00932649 0.00785368 0.00776335 0.00579675 0.00769515 0.00747967 0.00768525 0.00575284 0.00944045 0.00964057 0.00752167 0.00757938 0.00588906 0.00753673 0.00979574 0.00949785 
Throughputs: 0.786432 0.884736 0.688128 0.589824 0.786432 0.786432 0.65536 0.688128 0.557056 0.524288 0.851968 0.606208 0.770048 0.376832 0.73728 0.671744 0.606208 0.835584 0.589824 0.557056 0.720896 0.868352 0.933888 0.671744 0.770048 0.966656 0.90112 0.98304 0.49152 0.753664 
Utility: 4.62598 4.75652 4.50005 4.34301 4.40586 4.64121 4.23137 4.3037 4.31029 4.23427 4.71011 4.15537 4.62239 3.69488 4.37011 4.4489 4.35781 4.97083 4.33923 4.31048 4.54119 5.0169 4.59435 4.2439 4.62866 4.84841 5.03054 4.87086 3.91556 4.37388 

--------------------------------------
Time: 11.0061
Split Ratios: 1 1 1 1 1 1 1 1 1 1 1 1 1 1 1 1 1 1 1 1 1 1 1 1 1 1 1 1 1 1 
Delays: 0.00755802 0.00760059 0.00780555 0.00750625 0.00946555 0.00754347 0.00971483 0.00940002 0.00743651 0.00747659 0.00788987 0.00970599 0.00766419 0.00949301 0.00929667 0.00778404 0.0075429 0.00571874 0.00768118 0.00752719 0.00757312 0.00581907 0.00952133 0.00957185 0.007622 0.00754619 0.00585931 0.00761802 0.00968516 0.00958967 
Throughputs: 0.786432 0.770048 0.606208 0.671744 0.507904 0.73728 0.73728 0.704512 0.688128 0.540672 0.671744 0.770048 0.704512 0.606208 0.704512 0.65536 0.57344 0.704512 0.786432 0.671744 0.73728 0.802816 0.98304 0.57344 0.770048 0.688128 0.786432 0.753664 0.770048 0.8192 
Utility: 4.6449 4.61823 4.35239 4.49414 3.98263 4.58229 4.32931 4.31679 4.52757 4.28104 4.4443 4.37371 4.52095 4.15667 4.32785 4.43311 4.33105 4.81376 4.62873 4.49136 4.57836 4.92699 4.63712 4.09283 4.61541 4.51293 4.89947 4.59443 4.37586 4.44764 

--------------------------------------
Time: 11.5066
Split Ratios: 1 1 1 1 1 1 1 1 1 1 1 1 1 1 1 1 1 1 1 1 1 1 1 1 1 1 1 1 1 1 
Delays: 0.00773619 0.00762696 0.00768536 0.00762894 0.00958873 0.00758254 0.00958787 0.00944608 0.00746525 0.00752965 0.00769672 0.00978392 0.007615 0.00941505 0.00936279 0.00776525 0.00772069 0.00576618 0.0076332 0.00761425 0.00772069 0.00586366 0.00977674 0.00949195 0.00756162 0.0075665 0.00577186 0.00756613 0.00950768 0.00958424 
Throughputs: 0.720896 0.753664 0.638976 0.73728 0.589824 0.835584 0.540672 0.950272 0.507904 0.720896 0.65536 0.786432 0.753664 0.622592 0.966656 0.786432 0.868352 0.851968 0.770048 0.884736 0.704512 0.917504 0.753664 0.622592 0.73728 0.8192 0.770048 0.868352 0.557056 0.73728 
Utility: 4.53459 4.59326 4.42055 4.57102 4.11924 4.70228 4.03231 4.61115 4.22003 4.56165 4.44439 4.38677 4.59483 4.19158 4.6371 4.61785 4.72269 4.99554 4.61395 4.75527 4.5136 5.05288 4.34494 4.18345 4.57988 4.6846 4.89346 4.74292 4.07057 4.34285 

--------------------------------------
Time: 12.0069
Split Ratios: 1 1 1 1 1 1 1 1 1 1 1 1 1 1 1 1 1 1 1 1 1 1 1 1 1 1 1 1 1 1 
Delays: 0.00763823 0.00755613 0.00762038 0.00755679 0.00959043 0.00762616 0.00986842 0.00940532 0.00742358 0.00758588 0.00804219 0.00956389 0.00761314 0.00940293 0.00938947 0.0079277 0.00773751 0.00581591 0.00767399 0.00750175 0.00752289 0.00584589 0.00955906 0.00940312 0.00760805 0.00768964 0.00593321 0.00750775 0.00973416 0.00985852 
Throughputs: 0.524288 0.90112 0.606208 0.65536 0.753664 0.770048 0.557056 0.802816 0.557056 0.524288 0.753664 0.524288 0.720896 0.507904 0.606208 0.802816 0.524288 0.802816 0.73728 0.688128 0.753664 0.851968 0.73728 0.65536 0.933888 0.90112 0.704512 0.65536 0.770048 0.671744 
Utility: 4.22888 4.78128 4.3764 4.46274 4.36418 4.61487 4.03333 4.44685 4.318 4.23575 4.54025 4.00405 4.55062 3.98927 4.16763 4.61776 4.21596 4.92753 4.56513 4.51884 4.607 4.98181 4.34548 4.24414 4.81015 4.76376 4.77694 4.46925 4.37081 4.22154 

--------------------------------------
Time: 12.5072
Split Ratios: 1 1 1 1 1 1 1 1 1 1 1 1 1 1 1 1 1 1 1 1 1 1 1 1 1 1 1 1 1 1 
Delays: 0.00774546 0.00751346 0.00770102 0.00763593 0.0096042 0.00759258 0.00971995 0.00946959 0.00757898 0.00750705 0.00794647 0.00958776 0.00766642 0.00944782 0.00937341 0.00787486 0.00768759 0.00579118 0.00767563 0.00755194 0.00770544 0.00587212 0.00941354 0.00953625 0.00762451 0.00764704 0.00602495 0.00748077 0.00969272 0.00952143 
Throughputs: 0.8192 0.589824 0.524288 0.589824 0.720896 0.65536 0.73728 0.851968 0.8192 0.65536 0.704512 0.720896 0.802816 0.622592 0.753664 0.65536 0.589824 0.688128 0.8192 0.720896 0.540672 0.753664 0.671744 0.8192 0.90112 0.835584 0.835584 0.770048 0.720896 0.884736 
Utility: 4.66122 4.36313 4.22069 4.34696 4.31829 4.45801 4.32879 4.49946 4.68295 4.46934 4.48478 4.32001 4.65128 4.18811 4.38707 4.42151 4.34022 4.77764 4.67028 4.55869 4.25089 4.85473 4.26773 4.45323 4.77227 4.69381 4.93222 4.63412 4.30912 4.53174 

--------------------------------------
Time: 13.0073
Split Ratios: 1 1 1 1 1 1 1 1 1 1 1 1 1 1 1 1 1 1 1 1 1 1 1 1 1 1 1 1 1 1 
Delays: 0.00756038 0.00754544 0.00780375 0.00771672 0.00971396 0.00750083 0.00980179 0.00942775 0.00751874 0.0075731 0.00771229 0.00953312 0.00765037 0.0095054 0.00938605 0.00771738 0.00778288 0.00579243 0.00774572 0.00748741 0.00768203 0.00579017 0.00960253 0.00952407 0.00776445 0.00758903 0.00572748 0.00749275 0.00955891 0.00942105 
Throughputs: 0.917504 0.8192 0.65536 0.524288 0.638976 0.753664 0.753664 0.720896 0.524288 0.704512 0.802816 0.671744 1.01581 0.753664 0.917504 0.589824 0.671744 0.770048 0.917504 0.671744 0.770048 0.786432 0.65536 0.638976 0.966656 0.966656 0.671744 0.720896 0.606208 0.8192 
Utility: 4.79874 4.68739 4.43058 4.21865 4.1863 4.60993 4.34238 4.33684 4.24464 4.5329 4.64531 4.25511 4.88869 4.37309 4.58243 4.33635 4.45795 4.8899 4.77452 4.49665 4.60757 4.91135 4.22316 4.20604 4.82429 4.84714 4.7646 4.56656 4.14975 4.46538 

--------------------------------------
Time: 13.5081
Split Ratios: 1 1 1 1 1 1 1 1 1 1 1 1 1 1 1 1 1 1 1 1 1 1 1 1 1 1 1 1 1 1 
Delays: 0.00762673 0.00770845 0.00770334 0.0075758 0.00965051 0.00746448 0.00986819 0.00943005 0.00747293 0.00757869 0.00775789 0.00946799 0.00771721 0.00948539 0.00935696 0.00799312 0.00771212 0.00577079 0.00787604 0.00749095 0.0076999 0.00580061 0.00946212 0.00978548 0.00759207 0.00773894 0.00585437 0.00756902 0.00975862 0.00947496 
Throughputs: 0.704512 0.671744 0.786432 0.720896 0.622592 0.704512 0.868352 0.835584 0.606208 0.720896 0.688128 0.557056 0.802816 0.638976 0.802816 0.868352 0.589824 0.8192 0.786432 0.753664 0.704512 0.868352 0.540672 0.786432 0.950272 0.8192 0.73728 0.917504 0.622592 0.638976 
Utility: 4.52585 4.46756 4.62585 4.55554 4.16688 4.54735 4.47728 4.48423 4.39594 4.55516 4.48527 4.07475 4.64467 4.21011 4.45201 4.68802 4.33703 4.95552 4.60368 4.61125 4.5163 5.00863 4.04552 4.38661 4.82964 4.66206 4.83578 4.79759 4.15574 4.21121 

--------------------------------------
Time: 14.0082
Split Ratios: 1 1 1 1 1 1 1 1 1 1 1 1 1 1 1 1 1 1 1 1 1 1 1 1 1 1 1 1 1 1 
Delays: 0.00766876 0.0075108 0.00763378 0.00753148 0.00956031 0.00762406 0.00978846 0.00938253 0.00752029 0.00752085 0.007707 0.0095798 0.00779201 0.00945024 0.00932969 0.00783873 0.00760659 0.00568824 0.00761051 0.00750647 0.00773966 0.00575054 0.00957915 0.00945443 0.00755578 0.00762532 0.0059873 0.00754563 0.00971341 0.00954662 
Throughputs: 0.65536 0.786432 0.688128 0.57344 0.65536 0.770048 0.720896 0.540672 0.589824 0.638976 0.606208 0.770048 0.851968 0.622592 0.73728 0.8192 0.704512 0.868352 0.786432 0.786432 0.835584 0.65536 0.851968 0.720896 0.770048 0.8192 0.606208 0.851968 0.770048 0.688128 
Utility: 4.44803 4.65116 4.50139 4.33256 4.22756 4.61514 4.29929 4.05396 4.36222 4.44219 4.36509 4.3868 4.69445 4.18785 4.36977 4.64925 4.52849 5.0282 4.63798 4.65174 4.68177 4.73589 4.48796 4.33401 4.62414 4.67685 4.61758 4.72658 4.37295 4.27779 

--------------------------------------
Time: 14.5084
Split Ratios: 1 1 1 1 1 1 1 1 1 1 1 1 1 1 1 1 1 1 1 1 1 1 1 1 1 1 1 1 1 1 
Delays: 0.00769985 0.00779007 0.0077948 0.0077021 0.00951704 0.00754202 0.0100326 0.00951578 0.00757913 0.00748526 0.0077984 0.00952503 0.00757265 0.00943381 0.00936676 0.00778067 0.0075989 0.00577963 0.00768753 0.00757692 0.00756488 0.00586874 0.00968379 0.0097435 0.00769942 0.00759439 0.00583819 0.00754477 0.00959841 0.0095203 
Throughputs: 0.589824 0.720896 0.704512 0.704512 0.475136 0.57344 0.770048 0.786432 0.770048 0.638976 0.835584 0.688128 0.786432 0.524288 0.90112 0.671744 0.933888 0.851968 0.770048 0.802816 0.851968 0.933888 0.540672 0.770048 0.999424 0.966656 0.73728 0.770048 0.622592 0.638976 
Utility: 4.33862 4.52765 4.50405 4.51601 3.91052 4.33116 4.34061 4.41455 4.62105 4.44693 4.67421 4.28005 4.64296 4.01774 4.56647 4.45823 4.81135 4.99321 4.60685 4.66302 4.72403 5.06972 4.02236 4.36985 4.86603 4.84643 4.83855 4.6256 4.17229 4.20644 

--------------------------------------
Time: 15.0088
Split Ratios: 1 1 1 1 1 1 1 1 1 1 1 1 1 1 1 1 1 1 1 1 1 1 1 1 1 1 1 1 1 1 
Delays: 0.00765593 0.00756324 0.00770691 0.00766067 0.00968152 0.00750085 0.00972249 0.00946805 0.00759699 0.00758382 0.00782355 0.00957175 0.0076223 0.0094825 0.00931876 0.0079007 0.00772253 0.00575465 0.00766754 0.00751199 0.00766417 0.00587959 0.00958367 0.00966911 0.007599 0.00759272 0.00589305 0.00755791 0.00959256 0.00965913 
Throughputs: 0.638976 0.786432 0.704512 0.786432 0.475136 0.606208 0.73728 0.622592 0.475136 0.606208 0.688128 0.720896 0.73728 0.671744 0.950272 0.835584 0.851968 0.835584 0.507904 0.638976 0.688128 1.1305 0.835584 0.753664 1.04858 0.8192 0.8192 0.8192 0.65536 0.704512 
Utility: 4.42439 4.64421 4.51539 4.63141 3.89338 4.39221 4.32853 4.18597 4.13585 4.38121 4.47684 4.32168 4.57189 4.26043 4.62472 4.66118 4.70341 4.97812 4.1933 4.44337 4.49742 5.25892 4.46807 4.35601 4.92717 4.68114 4.93455 4.68573 4.2242 4.2896 

--------------------------------------
Time: 15.5088
Split Ratios: 1 1 1 1 1 1 1 1 1 1 1 1 1 1 1 1 1 1 1 1 1 1 1 1 1 1 1 1 1 1 
Delays: 0.00751763 0.00748343 0.00776383 0.00758275 0.00950419 0.00747832 0.0102162 0.00946944 0.00762134 0.00748853 0.008125 0.00950031 0.00758922 0.00944617 0.00923244 0.00804651 0.00761164 0.00586234 0.0075982 0.00747692 0.00758374 0.00583972 0.00949154 0.00947807 0.00769401 0.00765972 0.00609464 0.0075626 0.009952 0.00979111 
Throughputs: 0.720896 0.589824 0.688128 0.704512 0.540672 0.622592 0.851968 0.917504 0.557056 0.704512 1.03219 0.475136 0.73728 0.770048 0.770048 0.704512 0.524288 0.933888 0.917504 0.606208 0.622592 0.868352 0.540672 0.606208 1.16326 0.868352 0.802816 0.851968 0.65536 0.720896 
Utility: 4.56324 4.36713 4.4845 4.53163 4.04108 4.42188 4.42358 4.57359 4.29171 4.54413 4.84449 3.91228 4.57624 4.40084 4.42373 4.47227 4.23236 5.07081 4.79375 4.3954 4.40788 5.00191 4.04241 4.15824 5.01854 4.73062 4.88072 4.72433 4.18741 4.29902 

--------------------------------------
Time: 16.0092
Split Ratios: 1 1 1 1 1 1 1 1 1 1 1 1 1 1 1 1 1 1 1 1 1 1 1 1 1 1 1 1 1 1 
Delays: 0.00761015 0.00764322 0.00770658 0.00759312 0.00942369 0.00757042 0.00986656 0.0093917 0.00746965 0.00759753 0.00786382 0.00947744 0.00760202 0.00956638 0.00929842 0.00771247 0.0077304 0.00582606 0.00754798 0.00752462 0.00766766 0.00587824 0.00945263 0.00959127 0.00754282 0.0074879 0.00595707 0.00756837 0.00957956 0.00950991 
Throughputs: 1.01581 0.720896 0.507904 0.720896 0.606208 0.671744 0.786432 0.884736 0.606208 0.753664 0.704512 0.720896 0.8192 0.622592 0.589824 0.589824 0.688128 0.966656 0.8192 0.606208 0.671744 0.770048 0.720896 0.770048 0.933888 0.720896 0.704512 0.868352 0.622592 0.835584 
Utility: 4.89396 4.54668 4.18822 4.55325 4.164 4.48563 4.37835 4.54546 4.39637 4.59712 4.49523 4.33158 4.67991 4.17564 4.14998 4.33699 4.48881 5.1115 4.68705 4.38904 4.47287 4.8752 4.3342 4.3856 4.81876 4.56721 4.77293 4.74262 4.17426 4.4758 

--------------------------------------
Time: 16.5092
Split Ratios: 1 1 1 1 1 1 1 1 1 1 1 1 1 1 1 1 1 1 1 1 1 1 1 1 1 1 1 1 1 1 
Delays: 0.00757382 0.00758017 0.0078921 0.00758052 0.00961879 0.00752505 0.00985349 0.00937252 0.00744781 0.00751433 0.0079276 0.00975394 0.00752265 0.00944145 0.00925167 0.00776573 0.00773837 0.00581634 0.00771236 0.00756092 0.00771306 0.00591619 0.00970797 0.00964743 0.00751241 0.00765638 0.00585997 0.00752091 0.00958838 0.00954249 
Throughputs: 0.589824 0.770048 0.557056 0.65536 0.557056 0.802816 0.589824 0.73728 0.507904 0.688128 0.688128 0.557056 0.720896 0.688128 0.802816 0.704512 0.65536 0.950272 0.933888 0.606208 0.786432 0.688128 0.622592 0.507904 0.999424 0.835584 0.671744 0.868352 0.638976 0.753664 
Utility: 4.35513 4.62092 4.2568 4.4596 4.05895 4.66989 4.092 4.36519 4.22237 4.51716 4.46362 4.04499 4.56258 4.28887 4.46332 4.50778 4.43899 5.09608 4.79653 4.38423 4.62459 4.75628 4.16094 3.9636 4.89062 4.69259 4.74173 4.74891 4.19931 4.36919 

--------------------------------------
Time: 17.0095
Split Ratios: 1 1 1 1 1 1 1 1 1 1 1 1 1 1 1 1 1 1 1 1 1 1 1 1 1 1 1 1 1 1 
Delays: 0.00760703 0.00765911 0.00760225 0.00751156 0.00954586 0.00759572 0.00981285 0.00935514 0.00758351 0.00749229 0.00779651 0.00945744 0.00756079 0.00941749 0.00934035 0.00782176 0.00755606 0.00586825 0.00765382 0.00747968 0.00757282 0.00587309 0.00959873 0.00955992 0.00754991 0.00752958 0.00579772 0.00757093 0.00976304 0.0096501 
Throughputs: 0.770048 0.671744 0.704512 0.524288 0.638976 0.868352 0.65536 0.622592 0.65536 0.638976 0.868352 0.638976 0.688128 0.540672 0.868352 0.720896 0.671744 0.835584 0.851968 0.688128 0.557056 0.753664 0.671744 0.704512 0.950272 0.90112 0.770048 0.884736 0.720896 0.73728 
Utility: 4.61738 4.47398 4.52906 4.2456 4.20376 4.73901 4.20149 4.19797 4.45921 4.44599 4.71292 4.21307 4.511 4.05024 4.53225 4.52359 4.48753 4.95857 4.71234 4.52179 4.2981 4.85457 4.24825 4.29993 4.83521 4.7848 4.88899 4.76097 4.30189 4.336 

--------------------------------------
Time: 17.5097
Split Ratios: 1 1 1 1 1 1 1 1 1 1 1 1 1 1 1 1 1 1 1 1 1 1 1 1 1 1 1 1 1 1 
Delays: 0.00763075 0.00759087 0.0076254 0.00761237 0.00970818 0.00761318 0.00974828 0.00938968 0.00755737 0.00761506 0.00758788 0.00940912 0.00775193 0.00942735 0.00935649 0.00785834 0.00771088 0.00573543 0.0075644 0.00744291 0.0075721 0.00571068 0.00942421 0.00941228 0.00762287 0.00763215 0.00578716 0.00755914 0.00990819 0.00970153 
Throughputs: 0.73728 0.704512 0.557056 0.589824 0.540672 0.8192 0.704512 0.475136 0.638976 0.622592 0.73728 0.475136 0.786432 0.622592 0.835584 0.720896 0.671744 0.786432 0.8192 0.57344 0.65536 0.720896 0.688128 0.671744 0.802816 0.90112 0.622592 0.753664 0.524288 0.770048 
Utility: 4.57078 4.53056 4.29118 4.35005 4.01984 4.67845 4.28041 3.92399 4.43734 4.40376 4.57642 3.92192 4.61956 4.19028 4.49206 4.51892 4.46725 4.92084 4.68487 4.34439 4.46071 4.83816 4.29069 4.26786 4.65697 4.77127 4.67825 4.60219 3.96868 4.37417 

--------------------------------------
Time: 18.0097
Split Ratios: 1 1 1 1 1 1 1 1 1 1 1 1 1 1 1 1 1 1 1 1 1 1 1 1 1 1 1 1 1 1 
Delays: 0.00765421 0.00754686 0.00761836 0.00748291 0.00971357 0.00748674 0.00985297 0.00943742 0.00744329 0.00749011 0.00780414 0.00963894 0.00761183 0.00952866 0.0092866 0.00788889 0.0076485 0.0057071 0.00750166 0.00751971 0.00757772 0.00588355 0.00948587 0.0097088 0.00761795 0.00757644 0.0059492 0.00749201 0.00964962 0.00961403 
Throughputs: 0.638976 0.786432 0.73728 0.720896 0.65536 0.606208 0.8192 0.73728 0.606208 0.704512 0.65536 0.671744 0.638976 0.606208 0.557056 0.622592 0.57344 0.688128 0.835584 0.73728 0.688128 0.704512 0.622592 0.688128 0.999424 0.802816 0.851968 0.753664 0.638976 0.557056 
Utility: 4.42461 4.64637 4.57241 4.56787 4.21166 4.39409 4.42056 4.35828 4.39991 4.54392 4.43053 4.24407 4.43016 4.15292 4.09409 4.36844 4.31714 4.79226 4.71301 4.58544 4.50876 4.78535 4.18409 4.26094 4.87667 4.66308 4.96429 4.61111 4.19295 4.05944 

--------------------------------------
Time: 18.51
Split Ratios: 1 1 1 1 1 1 1 1 1 1 1 1 1 1 1 1 1 1 1 1 1 1 1 1 1 1 1 1 1 1 
Delays: 0.00771427 0.0076973 0.00768568 0.00767174 0.00962893 0.00755472 0.00972242 0.00941128 0.00757139 0.00781187 0.00790196 0.00946954 0.00764239 0.00941552 0.00940596 0.00794018 0.00764026 0.00578609 0.00770077 0.00752976 0.00755941 0.00593572 0.009625 0.00961906 0.00752475 0.00763206 0.0059319 0.00753658 0.00947253 0.00970979 
Throughputs: 0.802816 0.753664 0.688128 0.57344 0.671744 0.671744 0.8192 0.8192 0.557056 0.835584 0.933888 0.8192 0.802816 0.851968 0.8192 0.688128 0.753664 0.966656 0.622592 0.557056 0.557056 0.671744 0.524288 0.8192 0.671744 0.835584 0.8192 0.950272 0.57344 0.802816 
Utility: 4.64505 4.58408 4.49462 4.31411 4.24511 4.4877 4.43389 4.46642 4.29829 4.67249 4.77225 4.46025 4.65441 4.50519 4.46698 4.46204 4.59152 5.11839 4.39257 4.3038 4.29987 4.72889 3.99768 4.44458 4.49168 4.69577 4.92798 4.83698 4.10326 4.41499 

--------------------------------------
Time: 19.0101
Split Ratios: 1 1 1 1 1 1 1 1 1 1 1 1 1 1 1 1 1 1 1 1 1 1 1 1 1 1 1 1 1 1 
Delays: 0.00754925 0.00754435 0.00769925 0.00756173 0.00955724 0.00764309 0.00971411 0.00943579 0.00749082 0.00756053 0.00791469 0.00963257 0.00759185 0.00948724 0.00940427 0.00797015 0.00780623 0.00581148 0.00763301 0.0075454 0.0077612 0.00588498 0.00957623 0.00957228 0.00756924 0.0078207 0.00605353 0.00744621 0.00964618 0.00986234 
Throughputs: 0.720896 0.638976 0.557056 0.688128 0.884736 0.786432 0.704512 0.73728 0.704512 0.475136 0.606208 0.622592 0.802816 0.622592 0.8192 0.540672 0.73728 0.753664 1.01581 0.851968 0.507904 0.770048 0.720896 1.08134 0.884736 0.999424 0.720896 0.688128 0.8192 0.753664 
Utility: 4.55905 4.43907 4.28154 4.51087 4.52799 4.6337 4.28393 4.35846 4.54383 4.14066 4.3385 4.16874 4.66105 4.18394 4.46716 4.21711 4.54805 4.86511 4.89096 4.72661 4.18116 4.87405 4.32121 4.72709 4.7612 4.8504 4.77985 4.52627 4.44177 4.33622 

--------------------------------------
Time: 19.5103
Split Ratios: 1 1 1 1 1 1 1 1 1 1 1 1 1 1 1 1 1 1 1 1 1 1 1 1 1 1 1 1 1 1 
Delays: 0.00755572 0.00761766 0.00769532 0.00762311 0.00966786 0.00756927 0.00972686 0.0095847 0.00748424 0.00755486 0.00784276 0.00961409 0.00760264 0.00946684 0.00930606 0.00793952 0.00752852 0.00574775 0.0076184 0.00747336 0.00765802 0.00588421 0.00961013 0.00954022 0.00753824 0.00775164 0.00599131 0.00756378 0.00969265 0.0100376 
Throughputs: 0.753664 0.933888 0.65536 0.49152 0.622592 0.720896 0.802816 0.884736 0.802816 0.524288 0.966656 0.671744 0.65536 0.638976 0.638976 0.57344 0.8192 0.835584 0.720896 0.704512 0.73728 0.90112 0.786432 0.704512 0.73728 0.73728 0.770048 0.8192 0.638976 0.671744 
Utility: 4.60264 4.80889 4.44457 4.16632 4.16508 4.5564 4.41323 4.52512 4.67533 4.23985 4.81425 4.24665 4.45669 4.21207 4.2292 4.2798 4.68963 4.97932 4.54993 4.54616 4.56721 5.03137 4.40469 4.30199 4.58298 4.55506 4.85614 4.68496 4.1885 4.20354 

--------------------------------------
Time: 20.0111
Split Ratios: 1 1 1 1 1 1 1 1 1 1 1 1 1 1 1 1 1 1 1 1 1 1 1 1 1 1 1 1 1 1 
Delays: 0.00766776 0.0074927 0.00759519 0.00755658 0.00952165 0.00749013 0.00963279 0.00933459 0.00754836 0.00757279 0.00788025 0.00962918 0.00753685 0.00938426 0.00930265 0.00804973 0.00776924 0.00571282 0.00752009 0.00749537 0.00757235 0.0059422 0.00954478 0.00951709 0.00747256 0.00757299 0.00582796 0.00743772 0.00953123 0.00957572 
Throughputs: 0.786432 0.786432 0.524288 0.540672 0.851968 0.622592 0.507904 0.688128 0.671744 0.57344 0.851968 0.57344 0.720896 0.540672 0.802816 0.73728 0.8192 1.03219 0.786432 0.802816 0.688128 0.90112 0.688128 0.73728 0.90112 0.720896 0.933888 0.720896 0.622592 0.8192 
Utility: 4.63048 4.65358 4.23453 4.27039 4.49398 4.42031 3.96512 4.30025 4.48855 4.32709 4.68319 4.08685 4.56069 4.05378 4.45783 4.51733 4.65816 5.19673 4.64993 4.67384 4.50947 5.02156 4.27798 4.34988 4.7924 4.55591 5.07669 4.57393 4.17932 4.4491 

--------------------------------------
Time: 20.5119
Split Ratios: 1 1 1 1 1 1 1 1 1 1 1 1 1 1 1 1 1 1 1 1 1 1 1 1 1 1 1 1 1 1 
Delays: 0.00755053 0.00747513 0.00764849 0.00756327 0.00978885 0.00759897 0.00988168 0.00940868 0.00754047 0.00751984 0.00777473 0.0096408 0.007561 0.00942281 0.00935754 0.00787503 0.00761376 0.0059274 0.00751431 0.00751558 0.00762927 0.00588619 0.00956244 0.0095283 0.00754737 0.00770058 0.00597714 0.00753159 0.009766 0.00952956 
Throughputs: 0.753664 0.73728 0.507904 0.720896 0.671744 0.688128 0.638976 0.753664 0.770048 0.73728 0.851968 0.475136 0.8192 0.720896 0.770048 0.770048 0.770048 0.786432 0.753664 0.688128 0.540672 0.98304 0.73728 0.73728 0.98304 1.06496 0.786432 0.671744 0.458752 0.802816 
Utility: 4.60333 4.59139 4.19578 4.55719 4.22863 4.50596 4.16918 4.38331 4.62617 4.58542 4.69667 3.8976 4.68532 4.33736 4.41027 4.58276 4.6165 4.88792 4.60814 4.517 4.26082 5.11804 4.34513 4.3487 4.86945 4.9294 4.87956 4.49077 3.8496 4.43373 

--------------------------------------
Time: 21.012
Split Ratios: 1 1 1 1 1 1 1 1 1 1 1 1 1 1 1 1 1 1 1 1 1 1 1 1 1 1 1 1 1 1 
Delays: 0.00778628 0.00752513 0.00783494 0.00769695 0.00971023 0.00767768 0.00982107 0.00945193 0.00755703 0.00756203 0.00789343 0.00983933 0.00765335 0.0097097 0.00931426 0.00789703 0.0076752 0.00590711 0.00761651 0.00751048 0.00758644 0.00595525 0.00956274 0.00948477 0.00767633 0.00778831 0.00597326 0.0075152 0.00962857 0.00966537 
Throughputs: 0.720896 0.720896 0.524288 0.917504 0.753664 0.786432 0.851968 0.720896 0.720896 0.622592 0.622592 0.524288 0.90112 0.540672 0.720896 0.720896 0.720896 1.01581 0.802816 0.98304 0.835584 0.90112 0.73728 0.65536 0.851968 0.950272 0.671744 0.8192 0.786432 0.950272 
Utility: 4.52813 4.56225 4.20345 4.78083 4.35177 4.62919 4.46302 4.33428 4.55802 4.41075 4.36786 3.97565 4.7685 4.01969 4.34895 4.51401 4.5425 5.14728 4.65781 4.87435 4.70177 5.01937 4.34509 4.2355 4.70941 4.80412 4.72258 4.6914 4.40277 4.5882 

--------------------------------------
Time: 21.5121
Split Ratios: 1 1 1 1 1 1 1 1 1 1 1 1 1 1 1 1 1 1 1 1 1 1 1 1 1 1 1 1 1 1 
Delays: 0.00762649 0.00756898 0.00774161 0.00765277 0.00962998 0.0074727 0.00964144 0.00931766 0.00752093 0.00771316 0.00762195 0.00953695 0.00753378 0.0093639 0.0093165 0.00779831 0.00777879 0.00572819 0.0076548 0.00756596 0.00752243 0.00579703 0.00956139 0.00934114 0.00760095 0.00747783 0.00588978 0.00752657 0.00945579 0.00953709 
Throughputs: 0.688128 0.65536 0.557056 0.638976 0.557056 0.802816 0.638976 0.622592 0.753664 0.73728 0.671744 0.557056 0.638976 0.720896 0.786432 0.49152 0.589824 0.8192 0.671744 0.950272 0.638976 0.950272 0.622592 0.622592 0.90112 0.606208 0.671744 0.622592 0.671744 0.638976 
Utility: 4.50235 4.46113 4.27606 4.4248 4.05778 4.67687 4.1938 4.20198 4.60726 4.56004 4.47884 4.06749 4.44047 4.34363 4.43572 4.1436 4.32842 4.96293 4.47454 4.83309 4.44198 5.0994 4.17616 4.19946 4.77537 4.39528 4.73666 4.41545 4.26325 4.20468 

--------------------------------------
Time: 22.0128
Split Ratios: 1 1 1 1 1 1 1 1 1 1 1 1 1 1 1 1 1 1 1 1 1 1 1 1 1 1 1 1 1 1 
Delays: 0.00757459 0.00765084 0.00767336 0.00758963 0.00972024 0.00747999 0.00967639 0.00939099 0.00757909 0.00750943 0.00771292 0.00942687 0.00758964 0.00946493 0.0093632 0.00794842 0.00763128 0.00573458 0.00759375 0.00755542 0.00752349 0.00583902 0.00944021 0.00948104 0.00759664 0.0076482 0.00588728 0.00749218 0.00978889 0.00957781 
Throughputs: 0.688128 0.73728 0.622592 0.786432 0.606208 0.622592 0.8192 0.704512 0.835584 0.606208 0.753664 0.688128 0.868352 0.65536 0.802816 0.589824 0.786432 0.8192 0.802816 0.65536 0.57344 0.704512 0.622592 0.73728 0.73728 0.98304 0.802816 0.589824 0.638976 0.868352 
Utility: 4.50918 4.56815 4.39614 4.64072 4.13301 4.42166 4.43864 4.31775 4.70274 4.39106 4.58205 4.29041 4.73981 4.23759 4.45134 4.30685 4.63525 4.96181 4.6608 4.46292 4.33362 4.79294 4.18891 4.35367 4.57526 4.85618 4.91533 4.36596 4.17862 4.50715 

--------------------------------------
Time: 22.5139
Split Ratios: 1 1 1 1 1 1 1 1 1 1 1 1 1 1 1 1 1 1 1 1 1 1 1 1 1 1 1 1 1 1 
Delays: 0.00780564 0.0074979 0.00765898 0.00770542 0.00956062 0.00751818 0.00965003 0.0093461 0.00749143 0.00757035 0.00784224 0.0094402 0.00758602 0.00953109 0.00936518 0.0079251 0.00763006 0.00587763 0.0076018 0.00751446 0.00754379 0.00580832 0.00951437 0.00955011 0.00760072 0.00774969 0.0056583 0.00741635 0.00954727 0.00956708 
Throughputs: 0.835584 0.720896 0.671744 0.868352 0.704512 0.704512 0.786432 0.802816 0.786432 0.671744 0.73728 0.671744 0.8192 0.802816 0.933888 0.65536 0.57344 0.851968 0.917504 0.770048 0.589824 0.73728 0.753664 0.671744 0.802816 0.802816 0.589824 0.589824 0.638976 0.720896 
Utility: 4.67328 4.56587 4.474 4.72467 4.29985 4.54018 4.40055 4.45317 4.65375 4.48564 4.54344 4.2649 4.68202 4.43357 4.60236 4.41515 4.31956 4.9764 4.79327 4.62962 4.3591 4.84368 4.37214 4.25332 4.65988 4.64047 4.6467 4.37614 4.20361 4.32217 

--------------------------------------
Time: 23.0139
Split Ratios: 1 1 1 1 1 1 1 1 1 1 1 1 1 1 1 1 1 1 1 1 1 1 1 1 1 1 1 1 1 1 
Delays: 0.00781696 0.00759223 0.00783991 0.00764132 0.00951933 0.00756176 0.00984186 0.00938154 0.00741081 0.00753274 0.00783008 0.00947126 0.00755072 0.00941689 0.00923887 0.00791898 0.00775167 0.00596561 0.00764606 0.00749086 0.00775289 0.00589243 0.00942961 0.00956191 0.00760454 0.00761688 0.005814 0.00754411 0.00948229 0.00955338 
Throughputs: 0.688128 0.671744 0.671744 0.65536 0.589824 0.720896 0.65536 0.98304 0.606208 0.606208 0.835584 0.57344 0.622592 0.704512 0.73728 0.704512 0.73728 0.868352 0.671744 0.770048 0.73728 0.90112 0.524288 0.8192 0.73728 0.704512 0.73728 0.835584 0.57344 0.73728 
Utility: 4.47768 4.48275 4.45065 4.45161 4.1265 4.55739 4.19854 4.65191 4.40428 4.38796 4.67016 4.10339 4.41225 4.315 4.37955 4.48824 4.55506 4.98059 4.47569 4.63277 4.5549 5.02997 4.01819 4.45054 4.57422 4.52714 4.8427 4.70736 4.10223 4.34607 

--------------------------------------
Time: 23.5143
Split Ratios: 1 1 1 1 1 1 1 1 1 1 1 1 1 1 1 1 1 1 1 1 1 1 1 1 1 1 1 1 1 1 
Delays: 0.00772657 0.00758952 0.00770439 0.00753878 0.00957919 0.00750483 0.00985988 0.00944217 0.00753021 0.00761246 0.00791938 0.00957605 0.00756651 0.00948042 0.00934201 0.00782841 0.00763043 0.00573955 0.00758185 0.00742273 0.00749666 0.00591863 0.009618 0.00968471 0.00752757 0.00771797 0.00580261 0.00750263 0.00967537 0.00975757 
Throughputs: 0.638976 0.73728 0.524288 0.671744 0.704512 0.933888 0.622592 1.01581 0.688128 0.524288 0.868352 0.851968 0.638976 0.606208 0.704512 0.753664 0.589824 0.720896 0.835584 0.720896 0.606208 0.851968 0.704512 0.65536 0.753664 0.950272 0.720896 0.589824 0.753664 0.868352 
Utility: 4.4152 4.5762 4.22025 4.48982 4.29791 4.82381 4.14542 4.67825 4.51505 4.23225 4.69728 4.48828 4.43613 4.15799 4.32298 4.56719 4.34768 4.83311 4.70237 4.57595 4.39276 4.96944 4.29387 4.21464 4.60638 4.8132 4.82219 4.36457 4.35536 4.48855 

--------------------------------------
Time: 24.0147
Split Ratios: 1 1 1 1 1 1 1 1 1 1 1 1 1 1 1 1 1 1 1 1 1 1 1 1 1 1 1 1 1 1 
Delays: 0.00750723 0.00749338 0.00777881 0.00782369 0.00986545 0.00755743 0.00975839 0.00939071 0.00750698 0.00747112 0.00770218 0.0098429 0.00754434 0.00945743 0.00932475 0.00799782 0.00764348 0.00564148 0.00754898 0.00759448 0.00770561 0.00587431 0.009614 0.00937249 0.00767967 0.00752535 0.00599116 0.00743716 0.00953866 0.00959014 
Throughputs: 0.753664 0.835584 0.638976 0.622592 0.57344 0.884736 0.65536 0.753664 0.507904 0.753664 0.770048 0.835584 0.704512 0.606208 0.802816 0.753664 0.786432 0.802816 0.688128 0.589824 0.606208 0.917504 0.802816 0.65536 0.835584 0.868352 0.73728 0.802816 0.753664 0.770048 
Utility: 4.60908 4.71411 4.40846 4.37673 4.06261 4.76276 4.20706 4.38523 4.21446 4.6139 4.60495 4.44138 4.53671 4.16042 4.45545 4.54578 4.63365 4.95798 4.51256 4.3524 4.36527 5.05107 4.42491 4.24741 4.68955 4.74832 4.81268 4.68164 4.36959 4.38572 

--------------------------------------
Time: 24.515
Split Ratios: 1 1 1 1 1 1 1 1 1 1 1 1 1 1 1 1 1 1 1 1 1 1 1 1 1 1 1 1 1 1 
Delays: 0.00761963 0.00765696 0.00766273 0.0075819 0.00976319 0.00753895 0.00960684 0.00944034 0.00761122 0.00753542 0.00768526 0.00949524 0.00759505 0.00945984 0.00934377 0.0077252 0.00771402 0.00577584 0.00748442 0.00752174 0.00757174 0.00586074 0.00956679 0.00951867 0.00757712 0.00748913 0.00580676 0.00753111 0.00960653 0.00965648 
Throughputs: 0.770048 0.835584 0.622592 0.638976 0.540672 0.73728 0.65536 0.671744 0.589824 0.770048 0.770048 0.802816 0.835584 0.589824 0.98304 0.73728 0.98304 0.720896 0.622592 0.802816 0.720896 0.786432 0.606208 0.8192 0.966656 0.73728 0.73728 0.90112 0.688128 0.704512 
Utility: 4.61573 4.69252 4.39752 4.4341 4.01419 4.58288 4.22271 4.26489 4.3502 4.62684 4.60715 4.43733 4.70063 4.13277 4.65594 4.55848 4.84761 4.82681 4.42107 4.67033 4.55607 4.89923 4.14893 4.45507 4.84871 4.58952 4.84394 4.7846 4.27153 4.28988 

--------------------------------------
Time: 25.0151
Split Ratios: 1 1 1 1 1 1 1 1 1 1 1 1 1 1 1 1 1 1 1 1 1 1 1 1 1 1 1 1 1 1 
Delays: 0.00763743 0.00762767 0.00773116 0.00759901 0.00981181 0.00757949 0.00970365 0.00936988 0.0075434 0.00757382 0.00782314 0.00967754 0.00754761 0.00943686 0.00933074 0.00807706 0.00773116 0.00581095 0.00760865 0.00756569 0.00773773 0.00583166 0.0096908 0.00936848 0.00757292 0.00755765 0.00580077 0.00759591 0.00974134 0.00956274 
Throughputs: 0.90112 0.770048 0.524288 0.622592 0.8192 0.720896 0.770048 0.802816 0.8192 0.720896 0.802816 0.704512 0.589824 0.638976 0.802816 0.65536 0.770048 0.868352 0.720896 0.835584 0.65536 0.8192 0.606208 0.753664 0.98304 0.851968 0.851968 0.802816 0.57344 0.688128 
Utility: 4.77058 4.61467 4.21678 4.40587 4.42474 4.55505 4.37395 4.45063 4.68765 4.5558 4.63104 4.2877 4.35859 4.21524 4.45481 4.39616 4.60119 5.00685 4.55121 4.70451 4.43908 4.94503 4.13605 4.3876 4.86607 4.72499 4.98956 4.66052 4.07527 4.2761 

--------------------------------------
Time: 25.5151
Split Ratios: 1 1 1 1 1 1 1 1 1 1 1 1 1 1 1 1 1 1 1 1 1 1 1 1 1 1 1 1 1 1 
Delays: 0.00761975 0.00757249 0.00758125 0.00771079 0.00977733 0.00755048 0.00972018 0.00940165 0.00746064 0.00763519 0.00795306 0.00967638 0.00755884 0.00951594 0.00934054 0.00782535 0.00773734 0.00569407 0.00759709 0.0074602 0.00756423 0.00587483 0.00965644 0.00945355 0.007586 0.0077046 0.0060057 0.00750354 0.00970765 0.00970338 
Throughputs: 0.8192 0.606208 0.753664 0.671744 0.589824 0.671744 0.606208 0.671744 0.589824 0.770048 1.01581 0.753664 0.606208 0.8192 0.770048 0.835584 0.770048 0.65536 0.65536 0.671744 0.622592 0.90112 0.638976 0.638976 0.851968 0.884736 0.966656 0.65536 0.753664 0.8192 
Utility: 4.67758 4.3827 4.59927 4.46726 4.09976 4.48827 4.13302 4.26899 4.37018 4.61369 4.84988 4.35526 4.38451 4.45536 4.41209 4.67076 4.60039 4.74576 4.45742 4.5003 4.41046 5.03296 4.19224 4.21348 4.72125 4.74347 5.08113 4.46981 4.35203 4.43585 

--------------------------------------
Time: 26.0168
Split Ratios: 1 1 1 1 1 1 1 1 1 1 1 1 1 1 1 1 1 1 1 1 1 1 1 1 1 1 1 1 1 1 
Delays: 0.00769692 0.00758351 0.00771961 0.00762831 0.00962726 0.00756401 0.00975431 0.00935156 0.00747418 0.00743597 0.00782549 0.00969063 0.00768489 0.00947116 0.00929426 0.00789227 0.00763008 0.00577932 0.00750265 0.00749215 0.00759276 0.00576668 0.0094484 0.00963489 0.00751978 0.00762398 0.00581724 0.00756439 0.00971036 0.00959388 
Throughputs: 0.720896 0.57344 0.589824 0.557056 0.458752 0.671744 0.786432 0.753664 0.622592 0.65536 0.835584 0.622592 0.999424 0.458752 0.770048 0.851968 0.524288 0.966656 0.622592 0.606208 0.73728 0.835584 0.8192 0.786432 0.638976 0.851968 0.73728 0.90112 0.524288 0.90112 
Utility: 4.53967 4.32568 4.33606 4.2908 3.86391 4.48648 4.3898 4.3894 4.42244 4.47886 4.67075 4.16273 4.86792 3.88026 4.41706 4.68166 4.22994 5.11956 4.41864 4.39337 4.57577 4.97603 4.46248 4.40212 4.44233 4.71625 4.84214 4.78019 3.98885 4.54251 

--------------------------------------
Time: 26.5169
Split Ratios: 1 1 1 1 1 1 1 1 1 1 1 1 1 1 1 1 1 1 1 1 1 1 1 1 1 1 1 1 1 1 
Delays: 0.00763345 0.00747528 0.0077431 0.00769026 0.00956087 0.00759722 0.00980573 0.00934493 0.0075571 0.00743586 0.00790747 0.00943816 0.0076368 0.00954446 0.00936003 0.0081014 0.00768943 0.00576658 0.00754243 0.00749111 0.00761576 0.00582245 0.00957306 0.00941524 0.00763227 0.00773917 0.00580206 0.00751318 0.00958303 0.00967686 
Throughputs: 0.770048 0.753664 0.524288 0.589824 0.753664 0.65536 0.802816 0.720896 0.688128 0.57344 0.802816 0.671744 0.720896 0.589824 0.917504 0.704512 0.524288 0.770048 0.786432 0.884736 0.704512 0.770048 0.57344 0.688128 0.802816 0.950272 0.835584 0.65536 0.622592 0.671744 
Utility: 4.61391 4.61335 4.21524 4.33987 4.36727 4.4574 4.40516 4.34566 4.51149 4.34534 4.62032 4.26512 4.54752 4.12386 4.58521 4.46547 4.22219 4.89437 4.64696 4.77157 4.52729 4.88473 4.0927 4.29164 4.65574 4.81045 4.96992 4.46853 4.1739 4.24014 

--------------------------------------
Time: 27.0175
Split Ratios: 1 1 1 1 1 1 1 1 1 1 1 1 1 1 1 1 1 1 1 1 1 1 1 1 1 1 1 1 1 1 
Delays: 0.00762636 0.00752394 0.00764366 0.00748661 0.00973972 0.00761073 0.00987824 0.00937772 0.00745811 0.00764936 0.00787615 0.00960197 0.00760601 0.00936259 0.00928586 0.00812377 0.00767947 0.00582455 0.00766213 0.0075223 0.00785727 0.0060006 0.00959247 0.00951559 0.00750053 0.00764517 0.00594534 0.00754038 0.00969165 0.00976201 
Throughputs: 0.835584 0.868352 0.49152 0.425984 0.606208 0.589824 0.73728 0.606208 0.802816 0.704512 0.704512 0.638976 0.835584 0.802816 0.851968 0.868352 0.65536 0.704512 0.704512 0.73728 0.704512 0.73728 0.57344 0.835584 0.73728 0.671744 0.753664 0.868352 0.622592 0.73728 
Utility: 4.69652 4.74851 4.16363 4.04129 4.13101 4.35027 4.31263 4.16889 4.67882 4.52288 4.49367 4.1979 4.69919 4.4514 4.51906 4.6718 4.44663 4.79542 4.52121 4.5851 4.49607 4.81111 4.09068 4.4752 4.58799 4.4758 4.84234 4.74632 4.16263 4.32447 

--------------------------------------
Time: 27.5179
Split Ratios: 1 1 1 1 1 1 1 1 1 1 1 1 1 1 1 1 1 1 1 1 1 1 1 1 1 1 1 1 1 1 
Delays: 0.00773028 0.00756224 0.00778004 0.00760458 0.00963344 0.00755238 0.00969757 0.0095048 0.00752369 0.007551 0.00766824 0.00950807 0.00756932 0.00951472 0.00934213 0.00791618 0.00767152 0.00577147 0.00766602 0.00747971 0.00757974 0.00584022 0.00969296 0.00940415 0.00753183 0.00757022 0.00596658 0.00744094 0.00964206 0.0094858 
Throughputs: 0.835584 0.786432 0.589824 0.622592 0.704512 0.753664 0.704512 0.835584 0.802816 0.786432 0.802816 0.688128 0.638976 0.671744 0.688128 0.720896 0.671744 0.851968 0.622592 0.802816 0.720896 0.868352 0.606208 0.540672 0.933888 0.950272 0.851968 0.557056 0.606208 0.851968 
Utility: 4.68299 4.64434 4.32826 4.40514 4.29227 4.60308 4.28563 4.47633 4.67007 4.64583 4.65104 4.28183 4.43576 4.25704 4.29944 4.51159 4.47236 4.99462 4.39709 4.67593 4.55502 5.00183 4.13582 4.05166 4.82022 4.83253 4.96137 4.31567 4.14109 4.49775 

--------------------------------------
Time: 28.0186
Split Ratios: 1 1 1 1 1 1 1 1 1 1 1 1 1 1 1 1 1 1 1 1 1 1 1 1 1 1 1 1 1 1 
Delays: 0.00756972 0.0075833 0.00790218 0.00750965 0.00957988 0.00763284 0.00977431 0.00934755 0.00749204 0.00766549 0.0080493 0.00971802 0.00779075 0.00951543 0.0094233 0.00796893 0.00752295 0.00578221 0.00760328 0.00743615 0.00758823 0.00587632 0.0095046 0.00956012 0.00757792 0.00768054 0.00588042 0.00747986 0.00980045 0.00988088 
Throughputs: 0.557056 0.8192 0.753664 0.57344 0.65536 0.786432 0.835584 0.802816 0.540672 0.720896 0.802816 0.606208 0.98304 0.65536 0.786432 0.688128 0.49152 0.98304 0.802816 0.671744 0.65536 0.884736 0.65536 0.720896 0.73728 0.786432 0.688128 0.638976 0.90112 0.90112 
Utility: 4.29851 4.68238 4.55781 4.33546 4.22552 4.63505 4.44837 4.45301 4.27897 4.54377 4.60254 4.13324 4.83771 4.23227 4.42432 4.45842 4.17954 5.13586 4.65955 4.50352 4.45859 5.01436 4.23341 4.32289 4.57773 4.62882 4.76235 4.44765 4.52121 4.51304 

--------------------------------------
Time: 28.5193
Split Ratios: 1 1 1 1 1 1 1 1 1 1 1 1 1 1 1 1 1 1 1 1 1 1 1 1 1 1 1 1 1 1 
Delays: 0.00793708 0.00761516 0.00782396 0.0075165 0.00958321 0.00767379 0.0101626 0.00938761 0.00749771 0.00757307 0.00790173 0.00950668 0.00762976 0.00946295 0.00931843 0.00781564 0.00773413 0.00576666 0.00788229 0.00748147 0.00796598 0.00595361 0.00953177 0.00966855 0.00751848 0.00767248 0.00589702 0.00752832 0.00978935 0.00968128 
Throughputs: 0.57344 0.73728 0.802816 0.688128 0.606208 0.884736 0.73728 0.73728 0.65536 0.835584 0.442368 0.557056 0.622592 0.671744 0.65536 0.638976 0.704512 0.671744 0.851968 0.720896 0.671744 0.753664 0.966656 0.720896 0.98304 0.868352 0.704512 0.835584 0.753664 0.704512 
Utility: 4.28011 4.57283 4.63093 4.51687 4.14721 4.74748 4.28426 4.36358 4.47059 4.70353 4.02506 4.07067 4.40184 4.26249 4.25319 4.40374 4.51186 4.75778 4.68293 4.56807 4.4347 4.84095 4.61921 4.31162 4.87329 4.72896 4.78306 4.70946 4.34365 4.28731 

--------------------------------------
Time: 29.0194
Split Ratios: 1 1 1 1 1 1 1 1 1 1 1 1 1 1 1 1 1 1 1 1 1 1 1 1 1 1 1 1 1 1 
Delays: 0.00756565 0.00753427 0.00778906 0.00768902 0.00956624 0.00757212 0.00966323 0.00944299 0.00744268 0.00763552 0.00772892 0.00948645 0.00764276 0.00938553 0.0093458 0.00797957 0.00757227 0.00583941 0.00749937 0.00750581 0.00763838 0.00573866 0.00946269 0.00945687 0.00754092 0.00767286 0.00584182 0.00762938 0.00960362 0.00947456 
Throughputs: 0.868352 0.835584 0.671744 0.638976 0.540672 0.851968 0.73728 0.638976 0.475136 0.770048 0.671744 0.425984 0.8192 0.688128 0.802816 0.57344 0.753664 0.720896 0.966656 0.770048 0.688128 0.868352 0.704512 0.589824 0.73728 0.884736 0.73728 0.90112 0.393216 0.786432 
Utility: 4.74298 4.70867 4.45716 4.42007 4.03457 4.72308 4.33464 4.21459 4.15637 4.61364 4.46491 3.80454 4.67457 4.29481 4.4532 4.27477 4.60045 4.81586 4.85902 4.63078 4.50079 5.01937 4.31015 4.13308 4.58262 4.7476 4.83793 4.77163 3.71222 4.4189 

--------------------------------------
Time: 29.52
Split Ratios: 1 1 1 1 1 1 1 1 1 1 1 1 1 1 1 1 1 1 1 1 1 1 1 1 1 1 1 1 1 1 
Delays: 0.00779607 0.00767271 0.00799941 0.00753704 0.00963884 0.00750548 0.00983092 0.00927661 0.00748634 0.0075977 0.00793614 0.00944495 0.00767832 0.00941726 0.00931214 0.00798779 0.00764875 0.00584321 0.00766091 0.0075996 0.00772466 0.00575017 0.00951978 0.00975486 0.00755393 0.00749661 0.00597217 0.00761725 0.00980981 0.00977639 
Throughputs: 0.835584 0.884736 0.638976 0.606208 0.524288 0.8192 0.786432 0.704512 0.49152 0.8192 0.884736 0.704512 1.08134 0.475136 0.950272 0.638976 0.57344 0.786432 1.03219 0.65536 0.65536 0.835584 0.606208 0.851968 0.933888 0.770048 0.720896 0.622592 0.589824 0.524288 
Utility: 4.67451 4.74762 4.3805 4.38739 3.99624 4.69269 4.38197 4.33001 4.18442 4.68048 4.71386 4.31203 4.94756 3.92106 4.62543 4.38195 4.31711 4.90223 4.90331 4.45709 4.44077 4.9789 4.15385 4.46978 4.81729 4.632 4.79338 4.40348 4.09644 3.98207 

--------------------------------------
Time: 30.0203
Split Ratios: 1 1 1 1 1 1 1 1 1 1 1 1 1 1 1 1 1 1 1 1 1 1 1 1 1 1 1 1 1 1 
Delays: 0.00774652 0.0076084 0.00781781 0.00800175 0.00967105 0.00742129 0.010015 0.00940394 0.00753512 0.00750652 0.00790739 0.00954634 0.0077464 0.00942546 0.0093422 0.00799015 0.00762471 0.0059315 0.00755479 0.00755429 0.00766566 0.00584531 0.00940936 0.00956157 0.00756233 0.00769586 0.00581955 0.00754482 0.0100416 0.00987359 
Throughputs: 0.868352 0.770048 0.57344 0.753664 0.671744 0.671744 0.786432 0.606208 0.671744 0.786432 0.786432 0.57344 0.966656 0.770048 0.606208 0.90112 0.671744 1.14688 0.589824 0.671744 0.606208 0.720896 0.8192 0.622592 0.868352 0.73728 0.704512 0.802816 0.540672 0.770048 
Utility: 4.71935 4.6172 4.29525 4.54529 4.24074 4.50552 4.36343 4.16609 4.4903 4.65173 4.59971 4.0955 4.82661 4.40304 4.17268 4.72543 4.47848 5.26452 4.35764 4.48776 4.37047 4.81486 4.46662 4.17614 4.74342 4.56228 4.79628 4.66726 3.98607 4.35659 

--------------------------------------
Time: 30.5216
Split Ratios: 1 1 1 1 1 1 1 1 1 1 1 1 1 1 1 1 1 1 1 1 1 1 1 1 1 1 1 1 1 1 
Delays: 0.0076118 0.00764663 0.0076912 0.00749161 0.0098239 0.00763877 0.00996482 0.00936177 0.00752839 0.00766071 0.00785015 0.00970228 0.00763652 0.00945842 0.00935845 0.00809445 0.00762968 0.00564707 0.00758651 0.00753973 0.00758387 0.00576983 0.00952484 0.00951375 0.0076001 0.00767791 0.00583799 0.0074711 0.00965863 0.00955718 
Throughputs: 0.835584 0.606208 0.65536 0.622592 0.671744 0.65536 0.868352 0.753664 0.704512 0.671744 0.770048 0.589824 0.851968 0.638976 1.08134 0.49152 0.704512 0.671744 0.917504 0.688128 0.704512 0.606208 0.770048 0.802816 0.704512 0.835584 0.688128 0.688128 0.49152 0.851968 
Utility: 4.69843 4.37296 4.44511 4.42011 4.22506 4.45195 4.46754 4.38831 4.53882 4.47377 4.58592 4.10746 4.71461 4.21296 4.74968 4.10632 4.52546 4.77874 4.79528 4.51379 4.53148 4.65458 4.39255 4.43539 4.52934 4.68978 4.76959 4.52293 3.92965 4.49026 

--------------------------------------
Time: 31.0217
Split Ratios: 1 1 1 1 1 1 1 1 1 1 1 1 1 1 1 1 1 1 1 1 1 1 1 1 1 1 1 1 1 1 
Delays: 0.00759395 0.00773317 0.00767612 0.00749702 0.00956433 0.00753701 0.00994015 0.00932981 0.0074625 0.00758619 0.00784387 0.00946378 0.00755097 0.00940391 0.00933222 0.00780158 0.00767797 0.00582988 0.00753963 0.00747245 0.00760779 0.0058554 0.00945723 0.00945492 0.00757905 0.00762504 0.0058717 0.00757488 0.00973549 0.00959914 
Throughputs: 0.622592 0.557056 0.704512 0.589824 0.65536 0.73728 0.606208 0.688128 0.720896 0.835584 0.884736 0.425984 0.688128 0.671744 0.8192 0.688128 0.65536 0.884736 0.73728 0.688128 0.540672 0.753664 0.786432 0.786432 0.868352 0.688128 0.688128 0.704512 0.524288 0.770048 
Utility: 4.40654 4.27715 4.51939 4.36532 4.22714 4.58314 4.11064 4.30076 4.5706 4.7018 4.72556 3.80693 4.5123 4.26875 4.47486 4.47965 4.44683 5.02229 4.58279 4.52275 4.26364 4.85758 4.42073 4.42097 4.74121 4.50254 4.76383 4.53267 3.98626 4.38478 

--------------------------------------
Time: 31.5218
Split Ratios: 1 1 1 1 1 1 1 1 1 1 1 1 1 1 1 1 1 1 1 1 1 1 1 1 1 1 1 1 1 1 
Delays: 0.00778991 0.00752697 0.00768139 0.00761883 0.00950979 0.00751111 0.00981594 0.00940651 0.00748802 0.0076887 0.0077452 0.00948115 0.00748359 0.00955529 0.00926774 0.00782041 0.00787561 0.00587599 0.00760402 0.00749745 0.00755261 0.0059279 0.00956377 0.00959539 0.00772383 0.00751603 0.00595077 0.00752037 0.00964786 0.00973441 
Throughputs: 0.557056 0.606208 0.507904 0.475136 0.57344 0.65536 0.753664 0.704512 0.688128 0.720896 0.770048 0.606208 0.73728 0.671744 0.851968 0.802816 0.868352 0.802816 0.606208 0.966656 0.589824 0.933888 0.507904 0.638976 0.786432 0.8192 0.950272 0.8192 0.622592 0.589824 
Utility: 4.26984 4.38873 4.19149 4.13298 4.09933 4.4688 4.34094 4.3161 4.52067 4.54074 4.59938 4.15792 4.59026 4.25278 4.52101 4.63139 4.70283 4.91725 4.37855 4.85928 4.35793 5.05969 3.97231 4.19858 4.6232 4.69129 5.07323 4.69071 4.16715 4.10416 

--------------------------------------
Time: 32.0222
Split Ratios: 1 1 1 1 1 1 1 1 1 1 1 1 1 1 1 1 1 1 1 1 1 1 1 1 1 1 1 1 1 1 
Delays: 0.0076292 0.00767901 0.00769754 0.00760049 0.00967022 0.0075621 0.00966632 0.00946752 0.00743558 0.00743994 0.00786088 0.00963601 0.00780495 0.00956047 0.00936356 0.00792086 0.00774183 0.0056928 0.00760527 0.0076104 0.00759119 0.00587186 0.0093854 0.00968944 0.00750614 0.00767103 0.00574256 0.00747404 0.00969106 0.00959136 
Throughputs: 0.720896 0.753664 0.442368 0.851968 0.688128 0.90112 0.704512 0.704512 0.606208 0.589824 0.688128 0.851968 0.966656 0.688128 0.950272 0.770048 0.65536 0.868352 0.65536 0.753664 0.8192 0.851968 0.524288 0.638976 0.786432 0.884736 0.65536 0.753664 0.638976 0.606208 
Utility: 4.54851 4.58646 4.05124 4.71934 4.26492 4.78049 4.28886 4.30964 4.40095 4.37296 4.47208 4.48204 4.81908 4.27634 4.61992 4.57695 4.43855 5.02739 4.45634 4.59543 4.68134 4.97738 4.02289 4.18883 4.65178 4.74784 4.73728 4.61351 4.18866 4.14636 

--------------------------------------
Time: 32.5225
Split Ratios: 1 1 1 1 1 1 1 1 1 1 1 1 1 1 1 1 1 1 1 1 1 1 1 1 1 1 1 1 1 1 
Delays: 0.00754282 0.00750077 0.0078212 0.00774059 0.00964366 0.00750512 0.00973051 0.00945572 0.00751353 0.00752555 0.00781724 0.00960326 0.00770102 0.00957309 0.00934633 0.00774645 0.00762072 0.0058349 0.00770997 0.00763395 0.00754688 0.00585322 0.00964962 0.00954006 0.00762038 0.0076325 0.00579992 0.00753524 0.0097219 0.00958758 
Throughputs: 0.786432 0.90112 0.638976 0.622592 0.589824 0.671744 0.802816 0.753664 0.671744 0.507904 0.704512 0.933888 0.671744 0.622592 0.638976 0.65536 0.589824 0.868352 0.786432 0.57344 0.57344 0.786432 0.8192 0.622592 0.65536 0.851968 0.770048 0.884736 0.622592 0.65536 
Utility: 4.64691 4.78863 4.40303 4.38741 4.11352 4.49429 4.41286 4.37833 4.49317 4.21199 4.50117 4.57725 4.46852 4.17493 4.22488 4.43795 4.34895 5.00274 4.62499 4.31905 4.33052 4.90051 4.44141 4.17839 4.45436 4.71513 4.88861 4.7657 4.15951 4.22472 

--------------------------------------
Time: 33.0226
Split Ratios: 1 1 1 1 1 1 1 1 1 1 1 1 1 1 1 1 1 1 1 1 1 1 1 1 1 1 1 1 1 1 
Delays: 0.00762452 0.0075704 0.00784078 0.00772297 0.00956224 0.0075301 0.00995756 0.00927175 0.00752451 0.00748195 0.00776404 0.00959704 0.00759166 0.00944959 0.00931208 0.00785412 0.00763696 0.00578677 0.00759246 0.00751652 0.00771496 0.00581357 0.00947233 0.00957971 0.00761115 0.00756102 0.00591604 0.00752661 0.00983761 0.00954766 
Throughputs: 0.786432 0.98304 0.589824 0.475136 0.589824 0.835584 0.688128 0.704512 0.868352 0.753664 0.606208 0.671744 0.770048 0.622592 0.638976 0.884736 0.884736 0.770048 0.688128 0.73728 0.802816 0.999424 0.65536 0.73728 0.770048 0.917504 0.950272 0.802816 0.57344 0.8192 
Utility: 4.63614 4.8664 4.32049 4.1194 4.122 4.70922 4.23564 4.33053 4.74843 4.61245 4.35772 4.24842 4.6194 4.18792 4.22855 4.72425 4.75229 4.89088 4.50682 4.58587 4.64496 5.14698 4.23681 4.34332 4.61684 4.79865 5.07908 4.66968 4.06544 4.45203 

--------------------------------------
Time: 33.5227
Split Ratios: 1 1 1 1 1 1 1 1 1 1 1 1 1 1 1 1 1 1 1 1 1 1 1 1 1 1 1 1 1 1 
Delays: 0.00765255 0.0076482 0.00778035 0.00751729 0.00945718 0.00752651 0.00978106 0.00933766 0.00750004 0.00755246 0.00774163 0.00951752 0.00760328 0.00949294 0.00930735 0.00810814 0.00770634 0.00572928 0.00775765 0.00750877 0.00765442 0.0057884 0.0095281 0.00966077 0.00768719 0.00760625 0.00596687 0.00747793 0.00981805 0.0096834 
Throughputs: 0.73728 0.917504 0.753664 0.622592 0.507904 0.671744 0.638976 0.835584 0.638976 0.589824 0.835584 0.73728 0.851968 0.638976 0.8192 0.8192 0.540672 0.884736 0.753664 0.671744 0.57344 0.688128 0.786432 0.917504 0.8192 0.720896 0.950272 0.753664 0.671744 0.770048 
Utility: 4.56793 4.78719 4.57335 4.41669 3.98352 4.49145 4.17942 4.49407 4.44496 4.35795 4.68152 4.34983 4.71897 4.20932 4.47752 4.61546 4.25077 5.0397 4.57627 4.49381 4.31637 4.77812 4.41326 4.55358 4.66877 4.55153 5.07053 4.61299 4.22565 4.37604 

--------------------------------------
Time: 34.0229
Split Ratios: 1 1 1 1 1 1 1 1 1 1 1 1 1 1 1 1 1 1 1 1 1 1 1 1 1 1 1 1 1 1 
Delays: 0.00774713 0.00763317 0.00776112 0.0076229 0.00963394 0.00746566 0.00979649 0.00934434 0.00753569 0.0076271 0.0078114 0.00952442 0.0075396 0.00947153 0.00933176 0.00773091 0.00769608 0.00578563 0.00757875 0.00757366 0.00748103 0.00582314 0.00944794 0.0095297 0.00759175 0.00763134 0.0057854 0.00762892 0.00979564 0.0096454 
Throughputs: 0.90112 0.786432 0.786432 0.65536 0.720896 0.638976 0.557056 0.770048 0.57344 0.688128 0.753664 0.606208 0.851968 0.589824 0.557056 0.770048 0.688128 0.90112 0.671744 0.786432 0.507904 0.8192 0.4096 0.671744 0.8192 0.720896 0.720896 0.622592 0.589824 0.704512 
Utility: 4.75632 4.635 4.61838 4.45403 4.3152 4.44955 4.04064 4.41168 4.332 4.50227 4.56936 4.15336 4.72738 4.13153 4.08924 4.60123 4.49326 5.04826 4.48453 4.64283 4.21792 4.94649 3.76938 4.25546 4.68127 4.54823 4.82516 4.40194 4.09789 4.29102 

--------------------------------------
Time: 34.5233
Split Ratios: 1 1 1 1 1 1 1 1 1 1 1 1 1 1 1 1 1 1 1 1 1 1 1 1 1 1 1 1 1 1 
Delays: 0.00782345 0.00754025 0.00762643 0.00770099 0.00955092 0.00752449 0.00990425 0.0093862 0.00754758 0.00754168 0.00779332 0.00970129 0.00750012 0.00953606 0.00926914 0.00780161 0.00771744 0.00575283 0.00762679 0.00759958 0.00763764 0.00580525 0.00953604 0.00944825 0.0075106 0.00754513 0.0058344 0.00744605 0.00964438 0.00993905 
Throughputs: 0.638976 0.606208 0.589824 0.770048 0.524288 0.557056 0.8192 0.8192 0.753664 0.802816 0.8192 0.770048 0.802816 0.507904 0.802816 0.638976 0.540672 0.704512 0.835584 0.950272 0.606208 0.8192 0.73728 0.540672 0.720896 0.8192 0.720896 0.851968 0.65536 0.720896 
Utility: 4.40274 4.38697 4.3482 4.6051 4.0054 4.3045 4.41536 4.46909 4.60372 4.66768 4.65506 4.37419 4.67321 3.97521 4.46144 4.40554 4.24933 4.80781 4.69646 4.82866 4.37413 4.94957 4.34789 4.04698 4.56418 4.68743 4.81672 4.73986 4.21881 4.28402 

--------------------------------------
Time: 35.0238
Split Ratios: 1 1 1 1 1 1 1 1 1 1 1 1 1 1 1 1 1 1 1 1 1 1 1 1 1 1 1 1 1 1 
Delays: 0.00767071 0.00764577 0.00776174 0.00762532 0.0097168 0.00753367 0.00997686 0.00941605 0.0074937 0.00755468 0.00786989 0.0095303 0.00763062 0.00938536 0.00932398 0.00809463 0.00775556 0.00582953 0.00767367 0.00754031 0.00757771 0.0059598 0.00938221 0.00944789 0.00761311 0.00755205 0.00596683 0.00761865 0.00963581 0.00960303 
Throughputs: 0.720896 0.770048 0.8192 0.65536 0.704512 0.704512 0.688128 0.65536 0.753664 0.8192 0.884736 0.475136 1.01581 0.73728 0.786432 0.8192 0.753664 0.917504 0.917504 0.638976 0.57344 0.770048 0.507904 0.65536 0.8192 0.835584 0.884736 0.671744 0.622592 0.786432 
Utility: 4.54309 4.6123 4.65912 4.45371 4.28365 4.53812 4.23371 4.24277 4.61088 4.68616 4.72225 3.90913 4.89127 4.36382 4.43492 4.61713 4.57654 5.05872 4.78386 4.4396 4.32644 4.86142 3.99148 4.23939 4.67846 4.70631 4.99907 4.47928 4.16841 4.40543 

--------------------------------------
Time: 35.524
Split Ratios: 1 1 1 1 1 1 1 1 1 1 1 1 1 1 1 1 1 1 1 1 1 1 1 1 1 1 1 1 1 1 
Delays: 0.0076885 0.00761314 0.00781917 0.00762427 0.00948639 0.00758159 0.00975096 0.00931085 0.00762127 0.00767295 0.00782498 0.00948493 0.00761814 0.00950336 0.00927362 0.00813105 0.00766126 0.00579236 0.007768 0.00755711 0.00748481 0.00579438 0.0096118 0.00943942 0.00771785 0.00762296 0.00591992 0.00749601 0.00984341 0.00960673 
Throughputs: 0.802816 0.688128 0.688128 0.507904 0.540672 0.753664 0.835584 0.688128 0.802816 0.65536 0.8192 0.802816 0.868352 0.671744 0.884736 0.622592 0.835584 0.704512 0.638976 0.606208 0.73728 0.753664 0.524288 0.720896 0.704512 0.704512 0.720896 0.786432 0.557056 0.704512 
Utility: 4.6484 4.5041 4.4774 4.19896 4.04295 4.59922 4.45077 4.30279 4.65718 4.44748 4.65101 4.43842 4.73606 4.25823 4.55812 4.3382 4.69195 4.80097 4.40985 4.38473 4.59009 4.86806 3.99905 4.3356 4.51397 4.52634 4.80217 4.65314 4.03586 4.29504 

--------------------------------------
Time: 36.0245
Split Ratios: 1 1 1 1 1 1 1 1 1 1 1 1 1 1 1 1 1 1 1 1 1 1 1 1 1 1 1 1 1 1 
Delays: 0.00763357 0.00760883 0.00784192 0.00759761 0.00950648 0.00748325 0.00994761 0.00947253 0.00744162 0.00759493 0.00785841 0.0096363 0.00766175 0.00934438 0.00934573 0.00779528 0.00768026 0.00581842 0.00764191 0.00748711 0.00767335 0.00574145 0.00953886 0.0095924 0.00748935 0.00778532 0.00585448 0.00756472 0.009827 0.00955275 
Throughputs: 0.688128 0.868352 0.622592 0.589824 0.507904 0.73728 0.540672 0.933888 0.622592 0.671744 0.770048 0.671744 0.917504 0.524288 0.73728 0.73728 0.638976 0.868352 0.589824 0.802816 0.786432 0.835584 0.57344 0.8192 0.966656 0.8192 0.73728 0.999424 0.671744 0.950272 
Utility: 4.50142 4.73729 4.37441 4.35199 3.97832 4.5903 3.99548 4.59096 4.4268 4.4824 4.58487 4.24434 4.78542 4.02727 4.36805 4.54945 4.42121 5.00557 4.34618 4.67494 4.62975 4.98042 4.09628 4.44736 4.86036 4.65609 4.83576 4.88368 4.22474 4.59992 

