--------------------------------------
Time: 5.50001
Split Ratios: 0.5 0.5 1 0.5 0.5 1 1 1 0.5 0.5 1 1 1 0.333333 0.333333 0.333333 1 1 1 1 0.333333 0.333333 0.333333 1 1 1 0.5 0.5 1 0.5 0.5 1 1 1 1 1 1 1 0.333333 0.333333 0.333333 1 1 1 1 0.5 0.5 1 1 0.5 0.5 0.5 0.5 0.5 0.5 1 1 1 1 1 1 1 0.333333 0.333333 0.333333 1 1 0.5 0.5 0.5 0.5 1 1 0.5 0.5 1 1 1 1 1 
Delays: 0.00608974 0.00440999 0.00494283 0.00662651 0.00441395 0.00329293 0.00440479 0.0032999 0.00328946 0.00439781 0.00744344 0.00440646 0.00665234 0.00438479 0.00658303 0.00584759 0.00774727 0.00329785 0.00441863 0.00606714 0.00440341 0.00387474 0.0044028 0.00779311 0.00551643 0.00549586 0.00550687 0.00330173 0.00667736 0.00625077 0.00553193 0.00554734 0.00327476 0.00548309 0.00658779 0.00439436 0.00443265 0.0055321 0.00601843 0.00556298 0.00331046 0.00438484 0.00439797 0.00442501 0.00440979 0.00779658 0.00439527 0.00739437 0.00550049 0.00666094 0.0043883 0.00609397 0.00553704 0.00662988 0.00551927 0.00550761 0.0066628 0.00661553 0.00332126 0.00330639 
Throughputs: 10.8954 10.5021 10.3383 11.9931 11.1739 11.4524 12.4355 10.8298 12.2388 12.5338 11.2067 12.1733 10.879 9.65018 10.7151 11.1247 11.5671 11.223 11.01 10.9773 11.5343 10.1089 12.8942 11.862 12.3699 12.0586 11.1411 11.223 11.8456 10.4202 11.3377 11.3377 12.2552 11.092 11.8129 11.5343 11.6818 11.5507 11.092 11.5343 11.518 11.0592 9.69933 11.8456 11.5507 12.3699 11.4196 13.0908 10.8626 12.2552 10.3219 12.7304 10.0598 11.3377 12.5338 10.9773 11.092 10.5677 10.8462 11.7473 
Utility: 7.48949 7.77546 7.64567 7.50101 7.83656 8.15418 7.94561 8.09617 8.22165 7.95508 7.31693 7.92393 7.39962 7.69659 7.39492 7.5509 7.30858 8.13245 7.82073 7.5007 7.8707 7.86669 7.98229 7.32786 7.71529 7.69354 7.6124 8.13128 7.48099 7.4188 7.62535 7.62257 8.22746 7.61231 7.49173 7.87276 7.87679 7.64394 7.51915 7.63695 8.15458 7.83286 7.69867 7.89244 7.87068 7.36934 7.86256 7.47895 7.58824 7.51745 7.76308 7.64445 7.50484 7.4443 7.72794 7.59745 7.41744 7.37614 8.09123 8.17552 

--------------------------------------
Time: 6.00002
Split Ratios: 0.829 0.171 1 0.139 0.861 1 1 1 0.635 0.365 1 1 1 0.203 0.322 0.474 1 1 1 1 0.186 0.343 0.471 1 1 1 0.377 0.623 1 0.512 0.488 1 1 1 1 1 1 1 0.408 0.168 0.423 1 1 1 1 0.665 0.335 1 1 0.771 0.229 0.305 0.695 0.344 0.656 1 1 1 1 1 1 1 0.434 0.207 0.359 1 1 0.089 0.911 0.932 0.068 1 1 0.286 0.714 1 1 1 1 1 
Delays: 0.00645402 0.00440272 0.00382843 0.00658964 0.00442825 0.00329452 0.00405931 0.00329539 0.00327085 0.00438461 0.00711 0.00441527 0.00661241 0.00439545 0.00658967 0.00560784 0.00770454 0.0032971 0.00440797 0.0059467 0.00440406 0.00381792 0.00440693 0.00775645 0.00551285 0.00549772 0.00551282 0.0033045 0.00666186 0.00616734 0.00553115 0.00552424 0.00327611 0.00546769 0.00621627 0.00440374 0.00440817 0.00551037 0.00632054 0.00516726 0.00330077 0.00440975 0.00439338 0.00440684 0.00442187 0.00775728 0.00441472 0.00722202 0.00550757 0.00665103 0.00440526 0.00559029 0.00550685 0.00662615 0.00508928 0.00551772 0.00664055 0.00663871 0.0032911 0.00329822 
Throughputs: 10.7315 11.5507 11.5343 11.9276 11.5999 11.9603 12.3208 10.3383 11.6326 11.223 11.2722 11.6163 10.4366 10.879 10.7807 11.223 11.0264 11.5016 11.3377 12.1733 11.8129 10.6824 12.5993 12.3863 12.6648 12.2716 12.1897 11.0264 11.5671 10.6004 11.4852 11.8456 12.0259 11.0592 11.8784 11.8948 11.5507 11.5835 11.1411 10.8298 10.6004 11.223 10.5513 11.4852 11.7146 12.4027 11.3869 12.0914 11.4524 12.4682 11.649 12.6157 10.1253 10.5185 12.6321 10.9609 10.666 11.2067 9.89594 12.1569 
Utility: 7.41624 7.87228 8.01063 7.50111 7.87074 8.19709 8.01803 8.05109 8.17652 7.84762 7.36859 7.87509 7.36413 7.81402 7.40001 7.60156 7.26624 8.1572 7.85248 7.62417 7.89442 7.93664 7.95822 7.37582 7.7395 7.71071 7.70127 8.11277 7.45952 7.44938 7.63842 7.67057 8.20816 7.61216 7.55531 7.9014 7.87104 7.6507 7.47459 7.64772 8.0745 7.84191 7.7839 7.86566 7.88203 7.37704 7.85527 7.42311 7.63983 7.53617 7.88018 7.72166 7.5168 7.36987 7.81686 7.59412 7.38162 7.43135 8.00866 8.21227 

--------------------------------------
Time: 6.50003
Split Ratios: 0.829 0.171 1 0.139 0.861 1 1 1 0.635 0.365 1 1 1 0.203 0.322 0.474 1 1 1 1 0.186 0.343 0.471 1 1 1 0.377 0.623 1 0.512 0.488 1 1 1 1 1 1 1 0.408 0.168 0.423 1 1 1 1 0.665 0.335 1 1 0.771 0.229 0.305 0.695 0.344 0.656 1 1 1 1 1 1 1 0.434 0.207 0.359 1 1 0.089 0.911 0.932 0.068 1 1 0.286 0.714 1 1 1 1 1 
Delays: 0.00645319 0.00442027 0.00379161 0.00659721 0.00442328 0.00329576 0.00416523 0.00329283 0.00327887 0.00439129 0.00710253 0.00440937 0.00662863 0.00439243 0.00659638 0.00559609 0.00771283 0.00329038 0.00440904 0.00596952 0.00441427 0.00381639 0.00441149 0.00776581 0.00552008 0.00549282 0.00551994 0.00330429 0.00664958 0.00612529 0.00552856 0.00552226 0.00327915 0.00547723 0.00618514 0.00441726 0.0044198 0.00552225 0.0062557 0.00522306 0.00329956 0.00441142 0.00440497 0.00440601 0.00441616 0.00777835 0.00440651 0.00724503 0.00550417 0.00665109 0.00439985 0.00556323 0.00552815 0.00663355 0.00506831 0.00553402 0.00664591 0.00662983 0.00329488 0.0033032 
Throughputs: 11.0264 11.6326 10.666 12.3535 11.01 11.5016 12.4846 10.9445 12.5338 12.3372 10.8134 11.305 10.5185 10.7315 10.453 11.305 11.436 12.1078 12.3863 12.288 12.1569 10.879 11.8948 11.2558 12.6812 12.0586 11.9439 10.8626 11.4033 10.4038 11.862 11.9439 11.7309 10.6496 12.0259 12.6812 12.4027 12.6484 11.0264 11.9112 11.1903 11.2067 10.6168 10.5349 11.6818 12.501 11.223 11.8948 10.5841 11.8948 10.5677 11.9603 10.8134 11.7473 12.3863 11.4524 11.518 10.9937 11.7146 11.862 
Utility: 7.44348 7.87537 7.94202 7.53505 7.81968 8.1576 8.00548 8.10885 8.24868 7.94075 7.32809 7.84926 7.3695 7.80106 7.36812 7.61093 7.30164 8.2106 7.94069 7.62971 7.92081 7.95528 7.89964 7.27891 7.73948 7.69409 7.67961 8.09786 7.4471 7.4375 7.67117 7.67919 8.1824 7.57268 7.57266 7.96236 7.93958 7.73651 7.47456 7.73215 8.12901 7.84007 7.78746 7.77948 7.88052 7.38222 7.84264 7.40354 7.5616 7.48907 7.78398 7.67317 7.57869 7.47924 7.80134 7.63504 7.45766 7.41349 8.17622 8.1862 

--------------------------------------
Time: 7.00003
Split Ratios: 0.829 0.171 1 0.139 0.861 1 1 1 0.635 0.365 1 1 1 0.203 0.322 0.474 1 1 1 1 0.186 0.343 0.471 1 1 1 0.377 0.623 1 0.512 0.488 1 1 1 1 1 1 1 0.408 0.168 0.423 1 1 1 1 0.665 0.335 1 1 0.771 0.229 0.305 0.695 0.344 0.656 1 1 1 1 1 1 1 0.434 0.207 0.359 1 1 0.089 0.911 0.932 0.068 1 1 0.286 0.714 1 1 1 1 1 
Delays: 0.00645193 0.00441653 0.00377439 0.00658291 0.00441636 0.00330184 0.0041059 0.00329125 0.00327401 0.00438817 0.0071027 0.00442443 0.00662142 0.00438758 0.0065941 0.00564598 0.00770232 0.00330253 0.00440822 0.00594058 0.00440972 0.0038527 0.00441402 0.00774775 0.00551253 0.00549333 0.00550948 0.00328981 0.00664785 0.00615605 0.00552827 0.00551908 0.0032749 0.00546952 0.00622719 0.00441519 0.00441225 0.00551537 0.00628353 0.00518914 0.003301 0.00440112 0.00440071 0.00440783 0.00441095 0.00775145 0.00440977 0.00723403 0.00550491 0.00665753 0.00439878 0.0055795 0.00552845 0.00663964 0.00505874 0.0055271 0.00663903 0.00663144 0.00329376 0.00329885 
Throughputs: 11.0756 11.6163 10.879 11.518 11.1575 12.2716 12.0422 10.8134 11.7801 11.4196 10.2892 11.9767 11.1247 10.3219 10.3711 11.1411 11.1247 12.2388 11.9439 12.4682 12.7795 11.0756 12.8451 11.436 11.8784 12.4355 11.8784 10.8298 11.1084 10.1253 12.4191 11.4033 12.288 10.4366 10.7971 12.3863 11.5671 11.8948 11.1411 11.1411 11.6163 11.4196 10.4858 10.8462 11.3705 12.714 12.4191 11.6326 10.879 12.927 10.3875 11.649 11.1739 11.9603 12.927 11.5671 10.2892 11.2067 10.879 12.0259 
Utility: 7.44812 7.87481 7.96635 7.46719 7.83455 8.22056 7.98375 8.09728 8.18815 7.86418 7.27837 7.90358 7.42662 7.76325 7.3606 7.58745 7.2754 8.21768 7.90451 7.64913 7.97179 7.96373 7.97593 7.29712 7.67545 7.72477 7.67601 8.09923 7.42116 7.40536 7.71711 7.63344 8.23009 7.55388 7.4581 7.9393 7.87154 7.67632 7.48047 7.67183 8.16594 7.86123 7.77601 7.80819 7.85469 7.40258 7.94317 7.38277 7.58895 7.57132 7.76703 7.64388 7.61143 7.49629 7.84595 7.64626 7.34588 7.43244 8.10256 8.20124 

--------------------------------------
Time: 7.50005
Split Ratios: 0.829 0.171 1 0.139 0.861 1 1 1 0.635 0.365 1 1 1 0.203 0.322 0.474 1 1 1 1 0.186 0.343 0.471 1 1 1 0.377 0.623 1 0.512 0.488 1 1 1 1 1 1 1 0.408 0.168 0.423 1 1 1 1 0.665 0.335 1 1 0.771 0.229 0.305 0.695 0.344 0.656 1 1 1 1 1 1 1 0.434 0.207 0.359 1 1 0.089 0.911 0.932 0.068 1 1 0.286 0.714 1 1 1 1 1 
Delays: 0.00645639 0.00441322 0.00372983 0.00658512 0.00441473 0.00330131 0.00397945 0.00330272 0.00327858 0.0043895 0.00715412 0.00442048 0.00662604 0.00438662 0.0066015 0.00561003 0.00771066 0.00329877 0.00440317 0.00596964 0.00441472 0.00385086 0.00441246 0.00774458 0.00551447 0.00549648 0.0055189 0.00329979 0.0066623 0.00614839 0.00552513 0.00552247 0.00327702 0.00547533 0.00620792 0.0044121 0.00441796 0.00550177 0.00628925 0.0050842 0.00330076 0.00440339 0.00440237 0.00441741 0.004419 0.00775308 0.00441003 0.00720174 0.00550609 0.00665837 0.00439361 0.00559134 0.0055205 0.00662012 0.00506452 0.00552442 0.00664353 0.00662787 0.00328642 0.0032973 
Throughputs: 10.9609 11.0264 10.8626 12.6648 10.2728 12.0095 11.436 11.2722 12.3208 11.4524 11.1084 11.0428 10.453 10.4366 11.2722 11.2394 11.5016 12.2716 11.5016 11.436 12.9597 10.8298 12.1569 11.4688 12.2388 11.01 11.862 11.2722 11.4033 10.4858 12.288 11.7637 11.5671 10.6332 12.0095 11.8129 11.9603 11.3213 10.3711 11.9112 11.8456 10.6824 10.4202 11.1247 12.4682 12.3863 12.1078 11.7965 10.9609 12.4682 9.53549 12.5829 10.6004 11.1247 11.7965 11.7473 11.3705 11.4852 10.5841 11.1903 
Utility: 7.43702 7.82345 7.97672 7.56177 7.7523 8.19913 7.96338 8.13535 8.23163 7.86674 7.34776 7.82329 7.36364 7.77451 7.4428 7.60263 7.30763 8.22149 7.86791 7.55784 7.98466 7.94176 7.92122 7.30039 7.705 7.60246 7.67292 8.13624 7.44519 7.44158 7.70707 7.66395 8.16899 7.57148 7.56762 7.89259 7.90367 7.62937 7.40793 7.75909 8.18556 7.79397 7.76936 7.83137 7.94502 7.37626 7.91772 7.40123 7.59623 7.53506 7.68262 7.71888 7.56018 7.42681 7.7533 7.6622 7.44513 7.45753 8.07731 8.1297 

--------------------------------------
Time: 8.00005
Split Ratios: 0.829 0.171 1 0.139 0.861 1 1 1 0.635 0.365 1 1 1 0.203 0.322 0.474 1 1 1 1 0.186 0.343 0.471 1 1 1 0.377 0.623 1 0.512 0.488 1 1 1 1 1 1 1 0.408 0.168 0.423 1 1 1 1 0.665 0.335 1 1 0.771 0.229 0.305 0.695 0.344 0.656 1 1 1 1 1 1 1 0.434 0.207 0.359 1 1 0.089 0.911 0.932 0.068 1 1 0.286 0.714 1 1 1 1 1 
Delays: 0.00646699 0.00441499 0.00369303 0.00660037 0.00442213 0.00330065 0.00413808 0.00329142 0.00327334 0.00439459 0.00707281 0.00442001 0.00662477 0.00439647 0.00659285 0.00559426 0.00771063 0.00330114 0.00440235 0.00591512 0.00441526 0.00383542 0.0044155 0.00774541 0.00550632 0.0054985 0.00551787 0.00329303 0.00663168 0.006171 0.00552862 0.00551634 0.00327856 0.00547738 0.00621474 0.00441226 0.00441666 0.00551338 0.00628126 0.00520639 0.00329898 0.00441089 0.00439271 0.0044069 0.00442797 0.0077554 0.00441538 0.00721963 0.00550474 0.00666288 0.00439982 0.00558238 0.00550935 0.00663303 0.00512519 0.00552897 0.00663446 0.00662466 0.00328986 0.00329968 
Throughputs: 10.5185 11.5999 10.879 11.3377 11.223 12.1242 12.8778 10.3547 11.7965 12.1569 10.9937 12.4191 10.3383 11.0592 11.1903 12.1405 11.8948 12.288 12.1078 11.2067 12.6157 10.4202 12.3863 12.0914 12.3863 12.288 11.7309 11.1084 11.8129 9.9287 11.9112 10.8626 11.8292 10.1908 11.3869 11.5999 11.1575 11.8456 10.6988 10.9609 11.1903 11.518 10.6988 11.1575 11.7146 12.6157 11.3213 11.862 11.4524 12.1569 11.0428 12.6976 10.4858 11.223 12.3699 11.7801 11.3213 11.518 10.5677 12.1569 
Utility: 7.39418 7.87374 7.98814 7.44877 7.8391 8.20883 8.04303 8.05388 8.18975 7.92528 7.34882 7.94085 7.3528 7.83022 7.43682 7.68257 7.34126 8.22211 7.91946 7.54675 7.95763 7.90723 7.93923 7.35315 7.71845 7.7119 7.66199 8.12365 7.48509 7.38332 7.67529 7.58537 8.19093 7.52862 7.51329 7.87436 7.83448 7.67254 7.44031 7.6522 8.12919 7.86759 7.79794 7.8367 7.88065 7.39431 7.84935 7.40429 7.64035 7.5091 7.82797 7.72955 7.55133 7.43366 7.78886 7.66417 7.44217 7.46086 8.07471 8.21183 

--------------------------------------
Time: 8.50007
Split Ratios: 0.829 0.171 1 0.139 0.861 1 1 1 0.635 0.365 1 1 1 0.203 0.322 0.474 1 1 1 1 0.186 0.343 0.471 1 1 1 0.377 0.623 1 0.512 0.488 1 1 1 1 1 1 1 0.408 0.168 0.423 1 1 1 1 0.665 0.335 1 1 0.771 0.229 0.305 0.695 0.344 0.656 1 1 1 1 1 1 1 0.434 0.207 0.359 1 1 0.089 0.911 0.932 0.068 1 1 0.286 0.714 1 1 1 1 1 
Delays: 0.00645887 0.00441389 0.00369082 0.00659957 0.00441089 0.00329515 0.00414801 0.00329392 0.00327275 0.00438735 0.00703481 0.0044101 0.0066199 0.00439935 0.00659935 0.00557852 0.0077172 0.00329214 0.00441523 0.00599648 0.00441638 0.00381468 0.00440804 0.0077544 0.00551711 0.00549019 0.00551449 0.00330324 0.00665512 0.00617015 0.00552064 0.00551096 0.00327907 0.00547225 0.00619099 0.00440389 0.00441345 0.00552351 0.00626175 0.00514341 0.00330398 0.0043989 0.00440793 0.00441241 0.00442145 0.00774072 0.00441929 0.00723175 0.0055064 0.00664046 0.00439814 0.00557477 0.00552555 0.00662992 0.00505253 0.0055262 0.00665243 0.00663586 0.00329577 0.00330599 
Throughputs: 11.2394 11.4196 11.0428 12.5501 11.5343 12.075 12.2716 11.223 11.7146 12.075 11.6654 10.9773 10.4038 11.2722 10.8298 11.8784 11.7965 11.6326 11.8948 11.5999 11.7801 11.3869 12.2552 11.6654 11.7473 12.0586 11.8784 10.9937 11.7473 10.453 11.7473 12.1242 11.8784 10.6496 12.1405 11.862 11.7965 12.6321 11.862 11.5507 11.6982 10.9445 10.9773 10.3711 12.1242 12.1897 11.5999 12.2716 11.4524 12.3535 10.9281 11.6818 10.7151 11.1739 11.7637 11.862 11.2394 11.8784 10.1581 11.7473 
Utility: 7.46173 7.85834 8.00369 7.55048 7.86901 8.20644 7.99242 8.13364 8.18296 7.92017 7.41351 7.81969 7.35985 7.84864 7.40309 7.66355 7.3321 8.17003 7.89879 7.56758 7.88885 8.00136 7.93028 7.31612 7.66353 7.69457 7.6751 8.11017 7.47599 7.43492 7.66289 7.69622 8.19492 7.57359 7.58121 7.89861 7.8909 7.73498 7.54664 7.71679 8.17206 7.81924 7.82018 7.76235 7.91649 7.36185 7.87277 7.43656 7.64005 7.52852 7.81791 7.64754 7.57003 7.42974 7.75289 7.6716 7.4322 7.48999 8.03338 8.17565 

--------------------------------------
Time: 9.00007
Split Ratios: 0.829 0.171 1 0.139 0.861 1 1 1 0.635 0.365 1 1 1 0.203 0.322 0.474 1 1 1 1 0.186 0.343 0.471 1 1 1 0.377 0.623 1 0.512 0.488 1 1 1 1 1 1 1 0.408 0.168 0.423 1 1 1 1 0.665 0.335 1 1 0.771 0.229 0.305 0.695 0.344 0.656 1 1 1 1 1 1 1 0.434 0.207 0.359 1 1 0.089 0.911 0.932 0.068 1 1 0.286 0.714 1 1 1 1 1 
Delays: 0.00642427 0.00441085 0.0038225 0.00659645 0.00441379 0.00329825 0.00411467 0.00328712 0.00327525 0.00439253 0.00705128 0.00441642 0.00661929 0.00439511 0.00659529 0.00556629 0.00770338 0.00330218 0.00441262 0.00595651 0.00441984 0.00379366 0.00440776 0.00774858 0.00550749 0.00549682 0.00550805 0.00329593 0.0066498 0.00620612 0.00552719 0.00551605 0.00327947 0.00547408 0.00621105 0.00440844 0.00441018 0.00550844 0.00628618 0.00516829 0.0032963 0.00440388 0.00439435 0.00440786 0.00442259 0.00773572 0.00441434 0.00724176 0.00550627 0.00664908 0.00439427 0.00557113 0.00551644 0.0066281 0.00505136 0.00552789 0.00664351 0.00662689 0.00329315 0.00330425 
Throughputs: 11.2886 11.3869 10.6496 12.0095 10.9773 11.862 13.2055 11.0592 11.9112 12.288 10.1253 12.0095 10.5841 10.24 10.9609 12.0422 11.2886 12.1733 11.9112 11.2558 12.3372 10.6168 12.7304 11.01 12.2552 11.9439 11.4033 10.6332 11.6818 10.7643 11.436 11.1411 11.7801 10.6824 12.4355 12.0095 11.649 12.501 10.6004 11.649 11.0756 10.9445 10.1089 11.01 11.862 12.3535 11.4688 11.9767 11.4524 12.1569 10.8462 12.0259 10.453 11.092 11.9767 12.288 12.0586 11.4688 10.3219 11.3869 
Utility: 7.47146 7.85615 7.93237 7.50692 7.81885 8.1877 8.07383 8.12101 8.19884 7.93647 7.26958 7.90812 7.37712 7.75356 7.41573 7.67945 7.28989 8.21242 7.90076 7.54415 7.93427 7.93687 7.96838 7.25905 7.7076 7.68381 7.63545 8.07905 7.4712 7.45845 7.63485 7.61074 8.18649 7.57632 7.60198 7.90993 7.87906 7.72728 7.4303 7.72044 8.1197 7.81811 7.74086 7.82317 7.89437 7.37585 7.86253 7.41085 7.64007 7.51118 7.81127 7.67722 7.54691 7.42266 7.77106 7.70657 7.50389 7.45625 8.05018 8.14501 

--------------------------------------
Time: 9.50007
Split Ratios: 0.829 0.171 1 0.139 0.861 1 1 1 0.635 0.365 1 1 1 0.203 0.322 0.474 1 1 1 1 0.186 0.343 0.471 1 1 1 0.377 0.623 1 0.512 0.488 1 1 1 1 1 1 1 0.408 0.168 0.423 1 1 1 1 0.665 0.335 1 1 0.771 0.229 0.305 0.695 0.344 0.656 1 1 1 1 1 1 1 0.434 0.207 0.359 1 1 0.089 0.911 0.932 0.068 1 1 0.286 0.714 1 1 1 1 1 
Delays: 0.00644951 0.00441231 0.00378206 0.00659338 0.00442049 0.00329669 0.0041309 0.00329038 0.00327298 0.00438767 0.0071136 0.00440488 0.00662409 0.00439426 0.00658892 0.00565172 0.00771015 0.00329109 0.00441106 0.00594294 0.004416 0.00383564 0.00440953 0.00774343 0.00550821 0.00549197 0.00551221 0.00329914 0.00663866 0.00614725 0.005535 0.00551442 0.00327833 0.0054769 0.00626021 0.00441381 0.00441469 0.00551813 0.00627902 0.00517627 0.00329819 0.0043984 0.00440042 0.00440345 0.00441653 0.00774084 0.00441463 0.00721853 0.00551379 0.00664922 0.00439315 0.00558516 0.00551522 0.00662618 0.00502643 0.00551925 0.00664391 0.00663228 0.00328868 0.00329714 
Throughputs: 11.4688 11.3213 11.0264 11.4196 10.5349 11.5343 12.288 10.6332 12.1242 11.6818 10.9773 11.1903 10.7807 10.2892 11.1739 11.3869 10.9281 11.2067 11.9603 11.2886 12.0259 11.436 12.3535 11.5835 13.14 11.9439 11.4852 11.0264 11.5671 10.3219 11.4852 10.9609 11.0756 11.1084 11.4852 12.1405 12.288 13.3693 11.01 10.6004 10.453 10.6496 10.7643 11.1247 11.8292 12.4518 11.5835 12.7795 11.4688 11.5016 9.99424 12.8614 10.1089 11.3705 12.2716 11.7309 11.862 11.1903 10.7151 12.2552 
Utility: 7.48338 7.85005 7.97778 7.45702 7.7762 8.16016 7.99788 8.08073 8.21725 7.88699 7.34157 7.84009 7.3948 7.75855 7.43594 7.60826 7.25656 8.13304 7.90524 7.54934 7.90958 8.00019 7.93793 7.31049 7.77717 7.68469 7.64185 8.11439 7.46301 7.42602 7.63772 7.59472 8.12517 7.61491 7.5146 7.91957 7.93144 7.79268 7.46935 7.62457 8.06127 7.79204 7.80229 7.83454 7.89298 7.38311 7.87241 7.47895 7.64013 7.45574 7.72972 7.74188 7.51366 7.44775 7.80033 7.66174 7.4874 7.43085 8.08893 8.22065 

--------------------------------------
Time: 10.0001
Split Ratios: 0.829 0.171 1 0.139 0.861 1 1 1 0.635 0.365 1 1 1 0.203 0.322 0.474 1 1 1 1 0.186 0.343 0.471 1 1 1 0.377 0.623 1 0.512 0.488 1 1 1 1 1 1 1 0.408 0.168 0.423 1 1 1 1 0.665 0.335 1 1 0.771 0.229 0.305 0.695 0.344 0.656 1 1 1 1 1 1 1 0.434 0.207 0.359 1 1 0.089 0.911 0.932 0.068 1 1 0.286 0.714 1 1 1 1 1 
Delays: 0.00642095 0.00441203 0.00390529 0.00659002 0.00441856 0.00329615 0.00412028 0.0032926 0.00327134 0.00438399 0.00705922 0.00441686 0.00661319 0.00439015 0.00659171 0.00562313 0.00769845 0.00329833 0.00440238 0.0059786 0.00441625 0.00378662 0.0044079 0.00775778 0.00551008 0.00549151 0.00551981 0.00329686 0.00664293 0.00615677 0.00552713 0.00551098 0.00327881 0.00547027 0.00628764 0.00442046 0.00441629 0.00551379 0.0063082 0.00519329 0.00329927 0.00440178 0.00439788 0.0044116 0.00441952 0.00774546 0.00441246 0.00721388 0.00550682 0.00665242 0.00439135 0.00556981 0.00551328 0.00663128 0.00502322 0.00552917 0.00664979 0.0066317 0.00329223 0.00330259 
Throughputs: 10.6988 11.8948 11.5999 11.862 11.0264 11.6818 11.862 11.1247 11.5999 11.9767 10.9117 11.8129 9.96147 10.7807 10.9773 11.9439 10.7643 12.1078 11.7965 10.9773 12.3863 11.2558 11.8129 11.4196 12.3208 11.7637 11.8129 11.2394 11.5999 10.1253 11.862 12.4027 12.0914 11.1575 12.0914 12.8942 10.9773 12.3372 11.5671 10.2072 10.6332 11.2067 10.6824 10.7643 11.4688 12.2716 11.7309 11.5343 11.4196 11.3213 10.3055 11.305 11.223 11.7473 11.4524 11.436 11.1575 11.4033 10.453 11.8456 
Utility: 7.41832 7.89952 7.99642 7.49554 7.82224 8.17303 7.96517 8.12525 8.17355 7.91276 7.34326 7.89151 7.31741 7.80615 7.41777 7.66109 7.24297 8.20819 7.89341 7.5154 7.93905 7.99716 7.89355 7.29439 7.71246 7.66957 7.6686 8.13421 7.4652 7.40524 7.67143 7.71893 8.21277 7.62054 7.56166 7.97829 7.81828 7.71312 7.51407 7.58348 8.07804 7.84225 7.79523 7.79975 7.86135 7.36794 7.88555 7.37708 7.6371 7.43946 7.7608 7.61564 7.61856 7.47958 7.73188 7.63449 7.42528 7.44979 8.06308 8.18501 

