--------------------------------------
Time: 5.50001
Split Ratios: 1 1 1 1 1 1 1 1 1 1 1 1 1 1 1 1 1 1 1 1 1 1 1 1 1 1 1 1 1 1 
Delays: 0.00578637 0.00583054 0.00754026 0.005949 0.00568772 0.0444085 0.00841249 0.04773 0.00773254 0.00749656 0.00788281 0.00863507 0.00766356 0.00759901 0.0095182 0.0440935 0.0107243 0.00780037 0.046246 0.00796996 0.00593136 0.00820787 0.00971378 0.0441774 0.0109128 0.00758518 0.00601767 0.00800736 0.00585112 0.00574908 
Throughputs: 1.42541 2.5559 1.96608 1.19603 1.91693 1.7367 1.3271 1.57286 1.88416 2.34291 2.94912 2.4576 1.09773 1.24518 1.03219 2.50675 1.80224 1.42541 1.42541 0.950272 1.3271 2.85082 1.83501 2.34291 1.85139 1.3271 2.65421 2.4576 2.65421 1.9497 
Utility: 5.50671 6.08305 5.56354 5.30354 5.82017 3.66631 5.06104 3.49509 5.4958 5.74471 5.92458 5.65111 4.96452 5.09902 4.68623 4.04043 5.12427 5.20804 3.42824 4.78107 5.4105 5.85027 5.24126 3.97094 5.13376 5.16456 6.0892 5.72658 6.11727 5.82639 

--------------------------------------
Time: 6.00003
Split Ratios: 1 1 1 1 1 1 1 1 1 1 1 1 1 1 1 1 1 1 1 1 1 1 1 1 1 1 1 1 1 1 
Delays: 0.00577056 0.00599643 0.00760373 0.00593879 0.00566504 0.133193 0.00859856 0.137683 0.00770124 0.00744275 0.00784626 0.00866919 0.00763617 0.0077128 0.00966059 0.131815 0.0109203 0.00775736 0.134894 0.00790765 0.00615671 0.00859927 0.00987125 0.135706 0.0109564 0.00758526 0.00633282 0.00782205 0.00588206 0.00572082 
Throughputs: 1.2288 2.78528 2.22822 1.31072 2.63782 1.86778 1.34349 1.67117 1.98246 2.24461 3.01466 2.60506 1.04858 1.85139 1.1305 2.70336 2.08077 1.47456 1.34349 1.1305 1.31072 3.21126 1.7367 2.12992 1.47456 1.16326 2.62144 2.65421 2.34291 1.70394 
Utility: 5.36102 6.14094 5.68032 5.39683 6.1434 2.64071 5.05143 2.49633 5.55071 5.70905 5.9512 5.70543 4.92229 5.48081 4.76236 3.02085 5.24987 5.24747 2.29854 4.96258 5.36079 5.92274 5.17012 2.75335 4.9022 5.03278 6.02573 5.82695 5.98724 5.69658 

--------------------------------------
Time: 6.50027
Split Ratios: 1 1 1 1 1 1 1 1 1 1 1 1 1 1 1 1 1 1 1 1 1 1 1 1 1 1 1 1 1 1 
Delays: 0.00580908 0.00584631 0.00754302 0.00614481 0.00564039 0.204667 0.00856223 0.203655 0.00776241 0.0074939 0.00794435 0.00884904 0.00760753 0.00786854 0.00971875 0.202813 0.0108246 0.00766064 0.204143 0.00786345 0.00594181 0.00839843 0.0097297 0.203788 0.0111119 0.00759324 0.00599299 0.00785062 0.00576758 0.00568664 
Throughputs: 1.37626 3.09658 1.86778 1.27795 2.27738 1.3271 1.29434 1.67117 2.06438 2.27738 3.14573 2.50675 0.98304 1.86778 0.917504 2.52314 1.86778 1.50733 1.55648 1.16326 1.31072 2.88358 1.7367 2.63782 1.78586 1.35987 2.50675 2.71974 2.1463 1.58925 
Utility: 5.4677 6.27224 5.51188 5.33741 6.00083 1.86937 5.01839 2.10485 5.58329 5.71669 5.98134 5.64643 4.86151 5.46963 4.5476 2.52097 5.15068 5.282 2.03136 4.99676 5.39632 5.83874 5.18456 2.56063 5.07964 5.18789 6.03615 5.8477 5.91925 5.6329 

--------------------------------------
Time: 7.00047
Split Ratios: 1 1 1 1 1 1 1 1 1 1 1 1 1 1 1 1 1 1 1 1 1 1 1 1 1 1 1 1 1 1 
Delays: 0.00578706 0.00587756 0.00774219 0.0058941 0.0056057 0.259506 0.00892924 0.256727 0.00767938 0.00747514 0.00779746 0.00876569 0.00766529 0.00763183 0.00974049 0.256253 0.0105963 0.0078292 0.260006 0.00785434 0.00602779 0.00825319 0.0098031 0.257484 0.0108621 0.00765008 0.00603697 0.00779622 0.00586963 0.00575493 
Throughputs: 1.14688 2.88358 2.19546 1.08134 2.19546 1.83501 1.24518 1.6384 1.76947 2.048 2.91635 2.83443 1.19603 1.67117 1.08134 2.39206 1.81862 1.42541 1.40902 1.2288 1.40902 2.3593 1.9497 2.4576 1.93331 1.37626 2.83443 2.37568 2.32653 1.85139 
Utility: 5.28918 6.19565 5.64746 5.21201 5.97036 1.95603 4.93771 1.85346 5.4399 5.61304 5.92429 5.77875 5.05006 5.38895 4.70967 2.23375 5.14533 5.20435 1.68995 5.05273 5.45427 5.65552 5.29273 2.25598 5.18171 5.19241 6.1517 5.7194 5.98234 5.77364 

--------------------------------------
Time: 7.50052
Split Ratios: 1 1 1 1 1 1 1 1 1 1 1 1 1 1 1 1 1 1 1 1 1 1 1 1 1 1 1 1 1 1 
Delays: 0.00599464 0.00584934 0.00761074 0.00601908 0.00573028 0.342076 0.00822562 0.339749 0.00781439 0.007505 0.00791367 0.00818996 0.00770756 0.00772233 0.0098429 0.341001 0.0104511 0.00785748 0.345803 0.00796755 0.0059158 0.00841783 0.00990015 0.335213 0.0107198 0.00773696 0.0061354 0.00799573 0.00580754 0.00580474 
Throughputs: 1.31072 2.4576 1.99885 0.999424 2.5559 1.86778 1.17965 1.70394 1.81862 2.58867 3.19488 2.3593 0.950272 1.45818 1.09773 2.50675 1.75309 1.62202 1.16326 1.08134 1.34349 3.11296 1.96608 2.44122 1.57286 1.29434 2.39206 3.11296 2.11354 1.91693 
Utility: 5.38747 6.04061 5.57077 5.11224 6.1004 1.69747 4.96572 1.61249 5.44987 5.84333 6.00071 5.66321 4.81455 5.24082 4.71425 1.99486 5.12242 5.32996 1.21312 4.91058 5.4254 5.91298 5.29125 1.98549 4.98856 5.11974 5.96584 5.96442 5.89696 5.7998 

--------------------------------------
Time: 8.00054
Split Ratios: 1 1 1 1 1 1 1 1 1 1 1 1 1 1 1 1 1 1 1 1 1 1 1 1 1 1 1 1 1 1 
Delays: 0.00583254 0.0058174 0.00756526 0.0059034 0.00564443 0.41508 0.00886503 0.414934 0.00768771 0.00752536 0.0078519 0.00848608 0.00760901 0.00755059 0.00956801 0.413608 0.0105414 0.00785431 0.416529 0.00784297 0.00595754 0.00821674 0.00986474 0.409548 0.010772 0.00763057 0.00603599 0.00783714 0.00573113 0.00571856 
Throughputs: 1.26157 2.68698 1.96608 1.1305 2.40845 1.60563 1.16326 1.55648 1.9497 2.70336 2.71974 2.62144 1.09773 1.72032 1.06496 2.52314 1.57286 1.62202 1.45818 1.26157 1.04858 2.83443 1.67117 2.57229 1.70394 1.31072 2.80166 2.58867 2.49037 2.03162 
Utility: 5.37666 6.13532 5.56023 5.25488 6.05607 1.3528 4.87687 1.32206 5.53581 5.88397 5.84754 5.73305 4.97166 5.42864 4.71227 1.80834 5.00534 5.33036 1.25298 5.08049 5.17053 5.84342 5.13231 1.8375 5.06375 5.14617 6.14023 5.80003 6.07427 5.87287 

--------------------------------------
Time: 8.50081
Split Ratios: 1 1 1 1 1 1 1 1 1 1 1 1 1 1 1 1 1 1 1 1 1 1 1 1 1 1 1 1 1 1 
Delays: 0.00573892 0.00587701 0.00761486 0.00589831 0.00564094 0.493635 0.00868556 0.501458 0.00776346 0.00749281 0.00786967 0.00896649 0.00772087 0.0076227 0.00963727 0.497306 0.0112047 0.007769 0.502035 0.00798625 0.00603718 0.00815249 0.00969319 0.498207 0.0109686 0.00760088 0.00605643 0.00784137 0.0057563 0.00570953 
Throughputs: 1.16326 2.93274 2.12992 1.08134 2.32653 1.81862 1.19603 1.7367 2.048 2.40845 3.01466 2.68698 1.04858 1.31072 1.27795 2.5559 1.72032 1.60563 1.34349 1.21242 1.52371 2.85082 1.81862 2.29376 1.60563 1.47456 2.68698 2.57229 2.09715 2.12992 
Utility: 5.31171 6.21264 5.63374 5.21129 6.02208 1.30404 4.9251 1.24223 5.57519 5.77279 5.94822 5.70268 4.91126 5.1472 4.88738 1.63696 5.03393 5.33113 0.984354 5.02265 5.53097 5.85704 5.23441 1.52693 4.98624 5.26785 6.09505 5.79314 5.89804 5.9217 

--------------------------------------
Time: 9.00099
Split Ratios: 1 1 1 1 1 1 1 1 1 1 1 1 1 1 1 1 1 1 1 1 1 1 1 1 1 1 1 1 1 1 
Delays: 0.00592004 0.00585584 0.00759029 0.00610188 0.00561648 0.582963 0.00877121 0.584634 0.00774932 0.007473 0.00787096 0.00878045 0.00768507 0.00763485 0.00995668 0.583061 0.0109177 0.00786949 0.581674 0.00788216 0.00624401 0.00808069 0.0100262 0.584384 0.0110026 0.00762265 0.00601848 0.00803557 0.00602348 0.00565051 
Throughputs: 1.37626 2.68698 2.22822 1.3271 2.12992 1.60563 1.24518 1.70394 2.06438 2.1463 2.94912 2.39206 1.17965 1.55648 1.42541 2.42483 2.12992 1.52371 1.60563 1.11411 1.29434 2.5559 1.81862 2.3593 1.68755 1.35987 2.78528 2.16269 2.81805 1.68755 
Utility: 5.44878 6.12873 5.68209 5.38216 5.93813 1.01315 4.95556 1.06971 5.58498 5.66021 5.92608 5.60738 5.03369 5.31746 4.96397 1.42523 5.27346 5.26591 1.01536 4.95121 5.33413 5.75668 5.20064 1.39556 5.0329 5.18402 6.13727 5.59523 6.14814 5.69929 

--------------------------------------
Time: 9.50124
Split Ratios: 1 1 1 1 1 1 1 1 1 1 1 1 1 1 1 1 1 1 1 1 1 1 1 1 1 1 1 1 1 1 
Delays: 0.0058095 0.00605678 0.00761545 0.00599144 0.00564517 0.684549 0.00834834 0.686376 0.00781296 0.0075288 0.00787669 0.00856826 0.0076117 0.00783603 0.00952959 0.684738 0.011291 0.0077251 0.690933 0.00795521 0.00626416 0.00838963 0.00986864 0.692154 0.0108038 0.00763333 0.00592184 0.00787852 0.00586485 0.00564188 
Throughputs: 1.11411 3.04742 1.88416 1.08134 2.17907 1.78586 1.34349 1.7367 1.93331 2.22822 2.94912 2.24461 0.999424 1.6384 1.08134 2.57229 1.93331 1.6384 1.31072 1.16326 1.35987 2.85082 1.62202 2.3593 1.76947 1.50733 2.57229 2.93274 2.3593 1.70394 
Utility: 5.25632 6.22087 5.51106 5.19563 5.95585 0.958892 5.08096 0.928319 5.51121 5.69022 5.92535 5.56822 4.87749 5.34274 4.73156 1.32351 5.14299 5.357 0.640289 4.98516 5.3803 5.82836 5.10206 1.22631 5.09854 5.28557 6.0739 5.91955 5.99714 5.71048 

--------------------------------------
Time: 10.0016
Split Ratios: 1 1 1 1 1 1 1 1 1 1 1 1 1 1 1 1 1 1 1 1 1 1 1 1 1 1 1 1 1 1 
Delays: 0.00577572 0.00576622 0.00750183 0.00622837 0.0056537 0.792333 0.00864254 0.792672 0.00775331 0.00750123 0.00785805 0.00874398 0.00770931 0.00753764 0.00965367 0.791778 0.0109926 0.00782283 0.791699 0.00786297 0.00613525 0.00797104 0.0100224 0.786943 0.0110758 0.00769128 0.00595812 0.00812247 0.00574952 0.00570333 
Throughputs: 1.47456 2.73613 1.62202 1.39264 2.32653 1.7367 1.24518 1.58925 1.83501 2.62144 3.08019 2.58867 1.14688 1.35987 0.999424 2.49037 2.06438 1.24518 1.40902 1.08134 1.2288 2.4576 1.60563 2.4576 1.7367 1.68755 2.75251 2.80166 2.21184 1.70394 
Utility: 5.54245 6.16228 5.37628 5.40984 6.01982 0.784763 4.97034 0.695607 5.46668 5.85641 5.97121 5.69053 5.00237 5.19524 4.63984 1.14591 5.23536 5.06999 0.576471 4.9238 5.29974 5.73113 5.07645 1.13878 5.05498 5.39095 6.13551 5.84334 5.95246 5.69965 

