--------------------------------------
Time: 5.50011
Split Ratios: 1 1 1 1 1 1 1 1 1 1 1 1 1 1 1 1 1 1 1 1 1 1 1 1 1 1 1 1 1 1 
Delays: 0.00973417 0.0989235 0.107487 0.00775404 0.0696654 0.0056681 0.00846495 0.00581378 0.0993943 0.00591384 0.0776399 0.0792522 0.0103141 0.00800043 0.0991105 0.00586225 0.00939583 0.0733514 0.00748033 0.00785163 0.00609098 0.0940145 0.082463 0.0104292 0.00999707 0.00563248 0.00986311 0.0100907 0.00785396 0.0932491 
Throughputs: 3.11296 1.5401 1.83501 2.71974 1.88416 2.19546 2.67059 2.39206 1.52371 2.50675 2.21184 1.57286 1.80224 3.04742 1.88416 2.42483 2.08077 2.17907 2.60506 2.048 2.39206 1.24518 1.76947 2.70336 3.06381 1.96608 2.67059 2.71974 2.98189 1.57286 
Utility: 5.76769 2.74525 2.83744 5.86008 3.29753 5.95929 5.75412 6.01968 2.72981 6.04945 3.3495 2.98802 5.16327 5.94256 2.945 6.02498 5.40023 3.39139 5.85293 5.5639 5.9731 2.58359 3.06609 5.55764 5.72512 5.85525 5.60125 5.59668 5.93929 2.82538 

--------------------------------------
Time: 6.00033
Split Ratios: 1 1 1 1 1 1 1 1 1 1 1 1 1 1 1 1 1 1 1 1 1 1 1 1 1 1 1 1 1 1 
Delays: 0.00884168 0.293551 0.300071 0.00774438 0.202316 0.00565206 0.00852638 0.00604647 0.283674 0.00578434 0.207947 0.20903 0.0105705 0.00706112 0.301238 0.00599143 0.00880347 0.205618 0.00748 0.00760129 0.00598936 0.293136 0.205936 0.010598 0.0098108 0.005601 0.00977716 0.0097978 0.00772159 0.297758 
Throughputs: 2.93274 1.47456 1.62202 3.09658 1.60563 2.26099 2.50675 2.29376 1.85139 2.57229 2.17907 1.75309 2.1463 2.81805 1.83501 2.27738 2.16269 2.17907 2.12992 2.24461 2.8672 1.19603 1.98246 2.22822 2.83443 2.048 2.78528 2.47398 2.8672 1.75309 
Utility: 5.80421 1.61406 1.68741 5.99108 2.07144 5.99154 5.68358 5.93847 1.87587 6.0974 2.34937 2.12666 5.31343 5.9892 1.8069 5.94045 5.50396 2.36063 5.65161 5.68797 6.17111 1.40613 2.26453 5.34829 5.66611 5.90167 5.65205 5.53143 5.91707 1.77285 

--------------------------------------
Time: 6.50038
Split Ratios: 1 1 1 1 1 1 1 1 1 1 1 1 1 1 1 1 1 1 1 1 1 1 1 1 1 1 1 1 1 1 
Delays: 0.00855206 0.507951 0.512844 0.0079284 0.343294 0.00559954 0.0086057 0.00605286 0.5003 0.00600866 0.336439 0.34075 0.0104155 0.00671872 0.503475 0.00582355 0.00865097 0.342152 0.00746393 0.0078979 0.00624766 0.517029 0.34138 0.0104543 0.00968823 0.00565948 0.00991243 0.00995612 0.00791848 0.507359 
Throughputs: 2.71974 1.58925 1.47456 3.06381 1.83501 2.37568 2.57229 2.19546 1.6384 2.5559 2.40845 1.72032 2.24461 2.75251 1.9497 2.17907 2.3593 2.08077 2.44122 2.39206 2.5559 1.37626 1.67117 2.47398 2.4576 2.65421 2.83443 2.58867 2.7689 1.67117 
Utility: 5.76212 1.14063 1.05614 5.95696 1.67622 6.05035 5.70013 5.89361 1.18627 6.05296 1.96832 1.61912 5.37299 6.01537 1.3539 5.92474 5.60845 1.80524 5.79017 5.71331 6.01395 0.979024 1.58828 5.46657 5.53603 6.15057 5.65581 5.56071 5.857 1.19206 

--------------------------------------
Time: 7.00062
Split Ratios: 1 1 1 1 1 1 1 1 1 1 1 1 1 1 1 1 1 1 1 1 1 1 1 1 1 1 1 1 1 1 
Delays: 0.0094539 0.704107 0.711206 0.00777304 0.474693 0.00565426 0.00853683 0.00600424 0.710871 0.00580948 0.474011 0.475115 0.0105853 0.00791807 0.712036 0.00589855 0.00931825 0.477572 0.00750564 0.00774841 0.00610602 0.717043 0.475644 0.0106321 0.0101508 0.00559039 0.00982524 0.010154 0.00782586 0.714809 
Throughputs: 2.99827 1.76947 1.1305 3.11296 1.91693 2.31014 2.34291 2.32653 1.80224 2.3593 2.06438 1.60563 2.3593 2.91635 1.85139 2.26099 2.29376 2.08077 2.5559 2.44122 2.53952 1.1305 2.03162 2.49037 2.7689 1.86778 2.7689 2.7689 2.8672 2.048 
Utility: 5.75936 0.921506 0.463449 5.99267 1.39581 6.01266 5.61476 5.95967 0.930295 6.00663 1.47136 1.21772 5.40665 5.90894 0.955564 5.94885 5.50597 1.47178 5.83051 5.75276 6.03045 0.455276 1.45192 5.45631 5.60865 5.81145 5.64125 5.60833 5.90366 1.0526 

--------------------------------------
Time: 7.50065
Split Ratios: 1 1 1 1 1 1 1 1 1 1 1 1 1 1 1 1 1 1 1 1 1 1 1 1 1 1 1 1 1 1 
Delays: 0.0086123 0.902931 0.895531 0.00779072 0.608239 0.00569604 0.00875896 0.00606502 0.9056 0.00574717 0.61207 0.609463 0.0105353 0.00691983 0.899168 0.00586011 0.00864156 0.611318 0.00748279 0.00778639 0.00596116 0.898529 0.616143 0.0104649 0.00981512 0.00569423 0.0099078 0.0100158 0.00810494 0.897925 
Throughputs: 2.9655 1.40902 1.52371 3.08019 1.78586 2.53952 2.65421 2.24461 1.70394 2.048 1.96608 1.55648 2.11354 3.01466 1.72032 2.37568 2.19546 2.44122 2.27738 2.32653 2.68698 1.44179 1.98246 2.24461 2.80166 2.34291 2.85082 2.5559 3.09658 1.91693 
Utility: 5.84161 0.445007 0.531488 5.97981 1.07709 6.09996 5.71382 5.91375 0.632099 5.87591 1.16695 0.937605 5.30139 6.07685 0.648795 6.00487 5.53756 1.38463 5.71817 5.69975 6.11091 0.472883 1.16862 5.36826 5.65405 6.0197 5.66204 5.54199 5.94558 0.758392 

--------------------------------------
Time: 8.00068
Split Ratios: 1 1 1 1 1 1 1 1 1 1 1 1 1 1 1 1 1 1 1 1 1 1 1 1 1 1 1 1 1 1 
Delays: 0.0106039 0.934137 0.933916 0.00767283 0.733412 0.00566704 0.00934904 0.00602452 0.934335 0.00582798 0.739426 0.736024 0.011014 0.00866255 0.93207 0.00579511 0.010471 0.739103 0.00749409 0.00782628 0.00593963 0.934035 0.731046 0.0111444 0.00989336 0.00557951 0.00978713 0.0102069 0.00800317 0.935937 
Throughputs: 3.14573 1.57286 1.72032 2.71974 1.81862 2.47398 2.40845 2.01523 1.55648 2.60506 2.26099 1.78586 2.4576 3.3751 2.01523 2.19546 2.26099 1.83501 2.17907 2.08077 2.26099 1.42541 1.99885 2.80166 2.83443 1.67117 2.75251 2.50675 3.08019 1.42541 
Utility: 5.69258 0.521031 0.610879 5.87061 0.908128 6.07892 5.55146 5.81265 0.510347 6.10254 1.11769 0.88639 5.40778 5.96517 0.771082 5.93713 5.37495 0.909367 5.67254 5.583 5.94191 0.4227 1.00585 5.52703 5.65773 5.70218 5.6392 5.50368 5.95291 0.420665 

--------------------------------------
Time: 8.50069
Split Ratios: 1 1 1 1 1 1 1 1 1 1 1 1 1 1 1 1 1 1 1 1 1 1 1 1 1 1 1 1 1 1 
Delays: 0.00886481 0.934352 0.933854 0.00773027 0.856773 0.00564383 0.00813705 0.005979 0.934156 0.00581432 0.853902 0.855861 0.00992173 0.00702125 0.932255 0.00580038 0.00872526 0.86124 0.0074558 0.00778014 0.0060681 0.933835 0.860566 0.0101472 0.00985243 0.00561325 0.00970638 0.0100322 0.00793874 0.935898 
Throughputs: 2.73613 1.60563 1.76947 2.68698 1.96608 2.31014 2.06438 2.50675 1.47456 2.24461 2.08077 1.37626 1.91693 2.94912 2.06438 2.27738 2.31014 2.17907 2.17907 2.21184 2.53952 1.11411 2.11354 2.27738 2.81805 2.29376 2.42483 2.60506 3.06381 1.65478 
Utility: 5.73221 0.541419 0.639116 5.85103 0.830624 6.0145 5.53616 6.03849 0.456472 5.95596 0.890676 0.475014 5.26375 6.04032 0.79498 5.97286 5.57884 0.928281 5.67766 5.65001 6.03668 0.176514 0.898528 5.41358 5.65608 6.01282 5.52073 5.55941 5.95566 0.569919 

--------------------------------------
Time: 9.00071
Split Ratios: 1 1 1 1 1 1 1 1 1 1 1 1 1 1 1 1 1 1 1 1 1 1 1 1 1 1 1 1 1 1 
Delays: 0.00929447 0.934426 0.933946 0.00772197 0.933438 0.00563788 0.00978072 0.00586308 0.934412 0.0058958 0.935271 0.935564 0.0111737 0.00719976 0.932128 0.00581451 0.00921453 0.935308 0.00751271 0.00775554 0.00613894 0.933938 0.933921 0.0113695 0.00982234 0.00562061 0.00987791 0.00993425 0.00781917 0.93595 
Throughputs: 2.88358 1.65478 1.50733 2.91635 1.93331 2.03162 2.83443 2.24461 1.62202 2.68698 1.99885 1.47456 2.3593 2.75251 1.98246 1.93331 2.4576 2.31014 2.39206 2.31014 2.75251 1.16326 2.01523 2.83443 2.80166 1.83501 2.99827 2.47398 2.73613 1.81862 
Utility: 5.73737 0.571493 0.478675 5.93402 0.728116 5.88708 5.66918 5.94761 0.551508 6.12193 0.759489 0.454965 5.35255 5.94622 0.754626 5.80663 5.58616 0.90419 5.76332 5.69666 6.10562 0.219575 0.769098 5.51866 5.65331 5.78836 5.71549 5.5176 5.85772 0.664273 

--------------------------------------
Time: 9.50073
Split Ratios: 1 1 1 1 1 1 1 1 1 1 1 1 1 1 1 1 1 1 1 1 1 1 1 1 1 1 1 1 1 1 
Delays: 0.0090329 0.933645 0.933843 0.00785193 0.933597 0.00570507 0.00883415 0.00591145 0.934296 0.00581896 0.935727 0.935985 0.0107036 0.00738849 0.932019 0.00593781 0.00904295 0.935444 0.00749615 0.00761164 0.00594056 0.933809 0.933623 0.0106522 0.00989265 0.00563097 0.0097903 0.0101908 0.00818638 0.936026 
Throughputs: 3.06381 1.35987 1.42541 2.88358 1.99885 2.40845 2.81805 1.93331 1.78586 2.27738 2.32653 1.75309 2.17907 2.60506 1.83501 2.4576 2.3593 1.93331 2.47398 2.31014 2.83443 1.42541 1.70394 2.58867 3.01466 2.09715 2.47398 2.80166 2.99827 1.86778 
Utility: 5.82654 0.37605 0.422905 5.90603 0.761282 6.04538 5.76517 5.7901 0.64786 5.96966 0.910808 0.627535 5.31607 5.86529 0.677451 6.0256 5.56413 0.725969 5.79919 5.71539 6.16779 0.422942 0.601624 5.49313 5.71945 5.92005 5.53219 5.61649 5.90332 0.690861 

--------------------------------------
Time: 10.0008
Split Ratios: 1 1 1 1 1 1 1 1 1 1 1 1 1 1 1 1 1 1 1 1 1 1 1 1 1 1 1 1 1 1 
Delays: 0.0103984 0.934221 0.933983 0.00773398 0.933543 0.00568957 0.00896705 0.0058195 0.934304 0.0058912 0.936428 0.936058 0.0108085 0.00849967 0.93202 0.00592148 0.0102765 0.935723 0.00746245 0.0077582 0.00612755 0.9338 0.933788 0.0109 0.00983958 0.00560328 0.0100054 0.00986264 0.00784026 0.935711 
Throughputs: 3.26042 1.80224 1.58925 2.99827 1.60563 2.32653 2.75251 1.86778 1.5401 2.68698 2.67059 1.65478 2.26099 3.11296 1.80224 2.26099 2.27738 1.9497 2.37568 2.21184 2.63782 1.29434 1.83501 2.53952 2.94912 2.19546 3.04742 2.29376 2.4576 1.65478 
Utility: 5.74796 0.657072 0.531558 5.96017 0.542285 6.0135 5.72671 5.77129 0.499799 6.12271 1.04798 0.569749 5.34323 5.9033 0.659431 5.94497 5.40092 0.734109 5.76316 5.65283 6.06492 0.32649 0.675555 5.45097 5.70285 5.97079 5.71893 5.44919 5.74767 0.570119 

