--------------------------------------
Time: 5.50016
Split Ratios: 0.2 0.2 0.2 0.2 0.2 0.5 0.5 1 0.5 0.5 1 1 1 1 0.333333 0.333333 0.333333 1 1 0.5 0.5 0.5 0.5 1 1 1 0.5 0.5 0.5 0.5 1 1 1 0.5 0.5 0.333333 0.333333 0.333333 1 1 1 1 0.5 0.5 1 0.5 0.5 
Delays: 0.0136318 0.00929861 0.010126 0.0103154 0.00838099 0.00617206 0.00836611 0.00596756 0.0162702 0.0059476 0.0119009 0.0138148 0.0154975 0.0063355 0.00607699 0.00643621 0.00942797 0.0146957 0.0105547 0.00819628 0.00586186 0.0124111 0.0178697 0.00982733 0.0145264 0.0065777 0.0103739 0.0117539 0.00864285 0.0108444 
Throughputs: 2.93274 2.89997 2.67059 2.47398 2.73613 2.58867 2.68698 2.42483 2.60506 2.31014 2.83443 2.03162 2.39206 2.78528 3.14573 2.37568 2.34291 3.04742 2.26099 2.21184 2.31014 2.34291 2.44122 2.39206 2.53952 2.1463 2.67059 2.39206 2.8672 2.65421 
Utility: 5.37129 5.74259 5.57495 5.47995 5.78833 6.03887 5.77198 6.00718 5.07588 5.96208 5.47298 4.99085 5.03924 6.08593 6.24929 5.9111 5.51547 5.33449 5.36699 5.5979 5.9766 5.24056 4.91714 5.49474 5.16376 5.78782 5.55076 5.31573 5.80436 5.50025 

--------------------------------------
Time: 6.00026
Split Ratios: 0.362 0.023 0.108 0.05 0.457 0.839 0.161 1 0.019 0.981 1 1 1 1 0.174 0.343 0.483 1 1 0.614 0.386 0.579 0.421 1 1 1 0.856 0.144 0.719 0.281 1 1 1 0.104 0.896 0.05 0.756 0.194 1 1 1 1 0.692 0.308 1 0.597 0.403 
Delays: 0.0127483 0.00879868 0.00877179 0.00840936 0.00839152 0.00589833 0.00812497 0.00621332 0.0127856 0.00601159 0.011169 0.0121916 0.0153618 0.00631585 0.00635675 0.0067534 0.00901362 0.012347 0.00851078 0.00771063 0.00625963 0.00944051 0.0152078 0.0100204 0.0153718 0.00627394 0.00978485 0.0129221 0.0085103 0.0107974 
Throughputs: 3.08019 2.4576 2.5559 2.91635 2.37568 2.17907 2.49037 2.3593 3.04742 2.22822 3.06381 2.048 2.31014 3.12934 3.32595 2.31014 2.4576 2.70336 2.34291 2.32653 2.75251 2.44122 2.70336 2.26099 3.09658 2.1463 2.39206 2.63782 2.81805 2.83443 
Utility: 5.48735 5.63234 5.67462 5.84874 5.64582 5.91198 5.72524 5.93942 5.47373 5.91527 5.61427 5.12387 5.01318 6.20552 6.25999 5.83502 5.6082 5.38884 5.61782 5.70953 6.08615 5.55524 5.18044 5.41893 5.30551 5.8351 5.49908 5.31877 5.80252 5.5703 

--------------------------------------
Time: 6.50027
Split Ratios: 0.362 0.023 0.108 0.05 0.457 0.839 0.161 1 0.019 0.981 1 1 1 1 0.174 0.343 0.483 1 1 0.614 0.386 0.579 0.421 1 1 1 0.856 0.144 0.719 0.281 1 1 1 0.104 0.896 0.05 0.756 0.194 1 1 1 1 0.692 0.308 1 0.597 0.403 
Delays: 0.0127156 0.00845401 0.00905358 0.00859177 0.00843912 0.00601672 0.00819164 0.00611701 0.01274 0.00622198 0.0106599 0.0115258 0.0148992 0.00645968 0.00613967 0.00616921 0.00933542 0.0118912 0.00832667 0.00785019 0.00604825 0.00922101 0.0153165 0.0102297 0.0146841 0.00603938 0.00976203 0.0129504 0.00842509 0.010982 
Throughputs: 3.45702 2.91635 2.60506 2.75251 2.60506 2.49037 2.47398 2.32653 3.1785 2.50675 2.57229 2.40845 2.09715 2.80166 2.94912 2.27738 2.62144 2.99827 2.12992 2.44122 2.40845 2.32653 2.52314 2.29376 2.39206 2.08077 2.60506 2.65421 2.89997 2.89997 
Utility: 5.60533 5.84345 5.66205 5.76946 5.73233 6.02564 5.71047 5.94106 5.51942 5.99866 5.48606 5.34215 4.94703 6.07239 6.17449 5.91121 5.63766 5.52999 5.54438 5.73971 5.98697 5.53065 5.10433 5.41265 5.09315 5.84219 5.58671 5.32278 5.84124 5.5762 

--------------------------------------
Time: 7.0003
Split Ratios: 0.362 0.023 0.108 0.05 0.457 0.839 0.161 1 0.019 0.981 1 1 1 1 0.174 0.343 0.483 1 1 0.614 0.386 0.579 0.421 1 1 1 0.856 0.144 0.719 0.281 1 1 1 0.104 0.896 0.05 0.756 0.194 1 1 1 1 0.692 0.308 1 0.597 0.403 
Delays: 0.0131286 0.00856087 0.00895939 0.00897136 0.00936284 0.00596167 0.00821692 0.00617994 0.0122834 0.00700084 0.0108594 0.0121569 0.0151572 0.00624147 0.00627812 0.00610083 0.0086704 0.012301 0.00839021 0.00765171 0.00604112 0.00991498 0.0147987 0.010179 0.0147996 0.00613101 0.00957034 0.0129768 0.00815936 0.011345 
Throughputs: 2.9655 2.67059 2.83443 3.01466 3.06381 2.31014 2.4576 2.4576 2.68698 2.29376 2.68698 2.19546 2.11354 2.89997 3.09658 2.1463 2.11354 3.06381 2.71974 2.31014 2.47398 2.50675 2.57229 2.50675 2.91635 2.19546 2.34291 2.50675 2.78528 3.16211 
Utility: 5.42001 5.74285 5.75689 5.8172 5.79066 5.95972 5.70074 5.98563 5.38792 5.79192 5.51114 5.19625 4.93764 6.14124 6.20098 5.86308 5.4962 5.51773 5.78123 5.71014 6.015 5.5327 5.15801 5.50642 5.28349 5.88078 5.50048 5.26358 5.83294 5.63022 

--------------------------------------
Time: 7.50033
Split Ratios: 0.362 0.023 0.108 0.05 0.457 0.839 0.161 1 0.019 0.981 1 1 1 1 0.174 0.343 0.483 1 1 0.614 0.386 0.579 0.421 1 1 1 0.856 0.144 0.719 0.281 1 1 1 0.104 0.896 0.05 0.756 0.194 1 1 1 1 0.692 0.308 1 0.597 0.403 
Delays: 0.0126437 0.00902779 0.0089328 0.00830728 0.00907552 0.00580756 0.00857735 0.0060689 0.0127419 0.00622339 0.0107704 0.012439 0.015223 0.00634131 0.0060122 0.00613088 0.00872149 0.0120997 0.00833159 0.00790754 0.00655616 0.00882023 0.0152532 0.0100667 0.0150523 0.00635952 0.00987338 0.0128675 0.00813107 0.0110521 
Throughputs: 2.93274 2.3593 2.34291 3.14573 2.71974 2.57229 2.75251 2.26099 2.80166 2.71974 3.01466 2.60506 2.19546 3.08019 2.70336 2.09715 2.1463 2.80166 2.67059 2.17907 2.50675 2.26099 2.67059 2.32653 2.98189 2.1463 2.88358 2.65421 2.67059 3.19488 
Utility: 5.44653 5.56581 5.56942 5.93667 5.70271 6.09339 5.77114 5.92038 5.39307 6.07998 5.63444 5.34437 4.97133 6.18566 6.10846 5.835 5.50571 5.44478 5.77 5.61884 5.94634 5.54651 5.16526 5.4429 5.28878 5.82155 5.67695 5.3292 5.79436 5.66668 

--------------------------------------
Time: 8.00034
Split Ratios: 0.362 0.023 0.108 0.05 0.457 0.839 0.161 1 0.019 0.981 1 1 1 1 0.174 0.343 0.483 1 1 0.614 0.386 0.579 0.421 1 1 1 0.856 0.144 0.719 0.281 1 1 1 0.104 0.896 0.05 0.756 0.194 1 1 1 1 0.692 0.308 1 0.597 0.403 
Delays: 0.0131355 0.00846703 0.00888418 0.00845451 0.00880699 0.00579731 0.00823162 0.00620718 0.0124604 0.00672362 0.0113019 0.0119811 0.0159005 0.00648832 0.00627582 0.00649356 0.00870744 0.0122083 0.00833441 0.00781675 0.00629062 0.00945523 0.0151231 0.0100707 0.014736 0.00635148 0.00978699 0.0127744 0.00833977 0.0110475 
Throughputs: 3.1785 2.88358 2.58867 2.62144 2.57229 2.37568 2.24461 2.26099 3.11296 2.73613 3.26042 2.01523 2.47398 3.1785 3.21126 2.22822 2.24461 2.73613 2.4576 2.12992 2.73613 2.29376 2.5559 2.4576 2.73613 2.16269 2.58867 2.62144 3.26042 3.11296 
Utility: 5.48884 5.83061 5.67463 5.73678 5.67701 6.01564 5.6083 5.89785 5.52078 6.00867 5.66464 5.12516 5.04724 6.19416 6.23772 5.83815 5.55211 5.41218 5.68655 5.60757 6.07524 5.49138 5.12994 5.49731 5.22401 5.83042 5.57785 5.32403 5.96857 5.64113 

--------------------------------------
Time: 8.50038
Split Ratios: 0.362 0.023 0.108 0.05 0.457 0.839 0.161 1 0.019 0.981 1 1 1 1 0.174 0.343 0.483 1 1 0.614 0.386 0.579 0.421 1 1 1 0.856 0.144 0.719 0.281 1 1 1 0.104 0.896 0.05 0.756 0.194 1 1 1 1 0.692 0.308 1 0.597 0.403 
Delays: 0.0125041 0.00831927 0.0088259 0.00834232 0.00852949 0.00579586 0.00824845 0.00666674 0.0120695 0.00614504 0.0106812 0.0116358 0.0145603 0.00649896 0.00619994 0.00623196 0.0094393 0.0116208 0.00809102 0.00795702 0.00630905 0.00956505 0.0156335 0.00980558 0.0148559 0.00638354 0.00992531 0.0132904 0.0079423 0.0110914 
Throughputs: 3.26042 2.47398 2.78528 2.49037 2.31014 2.19546 2.73613 2.32653 2.40845 2.21184 2.68698 1.96608 2.12992 2.75251 2.75251 2.16269 2.65421 2.9655 2.31014 2.27738 2.71974 2.17907 2.99827 2.37568 2.78528 2.24461 2.53952 2.83443 2.58867 2.94912 
Utility: 5.56356 5.69501 5.75441 5.69884 5.60154 5.937 5.80427 5.855 5.29606 5.88593 5.52769 5.12971 4.98554 6.04863 6.09573 5.84942 5.63902 5.54201 5.65431 5.65672 6.06631 5.42854 5.25638 5.49009 5.2337 5.86256 5.54464 5.36256 5.7867 5.58309 

--------------------------------------
Time: 9.00048
Split Ratios: 0.362 0.023 0.108 0.05 0.457 0.839 0.161 1 0.019 0.981 1 1 1 1 0.174 0.343 0.483 1 1 0.614 0.386 0.579 0.421 1 1 1 0.856 0.144 0.719 0.281 1 1 1 0.104 0.896 0.05 0.756 0.194 1 1 1 1 0.692 0.308 1 0.597 0.403 
Delays: 0.012694 0.00880609 0.0088783 0.00925777 0.00846532 0.0059425 0.00810674 0.0063238 0.0126171 0.00630154 0.010693 0.0118655 0.0147789 0.00662423 0.00632313 0.00624087 0.00946034 0.0116611 0.00831108 0.00781506 0.00652302 0.00936116 0.0153235 0.0102593 0.0149664 0.00638897 0.00991405 0.0128556 0.0082325 0.0110877 
Throughputs: 3.14573 3.12934 2.71974 2.94912 2.91635 2.70336 2.37568 2.19546 2.8672 2.31014 2.80166 2.39206 1.93331 2.89997 2.85082 2.09715 2.39206 2.81805 2.22822 2.22822 2.68698 2.37568 2.83443 2.47398 2.81805 2.1463 2.70336 2.85082 3.22765 2.93274 
Utility: 5.51267 5.87314 5.72468 5.7638 5.84211 6.12012 5.68034 5.84982 5.42604 5.90427 5.56838 5.30628 4.87379 6.08172 6.11115 5.81722 5.5328 5.48754 5.59137 5.65291 6.02083 5.53647 5.22021 5.4854 5.23799 5.81693 5.6083 5.40158 5.97142 5.57786 

--------------------------------------
Time: 9.50048
Split Ratios: 0.362 0.023 0.108 0.05 0.457 0.839 0.161 1 0.019 0.981 1 1 1 1 0.174 0.343 0.483 1 1 0.614 0.386 0.579 0.421 1 1 1 0.856 0.144 0.719 0.281 1 1 1 0.104 0.896 0.05 0.756 0.194 1 1 1 1 0.692 0.308 1 0.597 0.403 
Delays: 0.0125461 0.009191 0.0103718 0.00855817 0.00858488 0.00614395 0.00805873 0.00615329 0.012282 0.00631364 0.0107511 0.0116662 0.0151669 0.00652769 0.00602546 0.00626927 0.00938738 0.0118884 0.00813482 0.00771607 0.00614717 0.00958063 0.0150476 0.0100144 0.0148207 0.00624551 0.00972406 0.0129336 0.00813671 0.0112048 
Throughputs: 3.34234 2.89997 2.89997 2.91635 2.57229 2.70336 2.68698 2.24461 2.67059 2.7689 2.75251 2.06438 2.17907 3.03104 2.83443 1.96608 2.37568 2.7689 2.67059 2.11354 2.47398 2.34291 2.5559 2.67059 2.63782 2.11354 2.65421 2.88358 3.16211 2.7689 
Utility: 5.58501 5.75423 5.63336 5.8312 5.70255 6.08678 5.80942 5.8993 5.38192 6.08349 5.54526 5.17589 4.96754 6.14061 6.1536 5.74814 5.53367 5.45064 5.7939 5.61281 5.99759 5.49941 5.13494 5.58603 5.18169 5.82426 5.6093 5.40696 5.96261 5.50986 

--------------------------------------
Time: 10.0006
Split Ratios: 0.362 0.023 0.108 0.05 0.457 0.839 0.161 1 0.019 0.981 1 1 1 1 0.174 0.343 0.483 1 1 0.614 0.386 0.579 0.421 1 1 1 0.856 0.144 0.719 0.281 1 1 1 0.104 0.896 0.05 0.756 0.194 1 1 1 1 0.692 0.308 1 0.597 0.403 
Delays: 0.012448 0.00848948 0.00890061 0.00829144 0.00872405 0.00587106 0.00837411 0.00615572 0.0125979 0.0063022 0.0112525 0.0123975 0.0151767 0.00630511 0.00597378 0.00618899 0.00860136 0.0121014 0.00826601 0.0079321 0.0062226 0.00897581 0.0150055 0.00998676 0.0146102 0.00635306 0.00988492 0.0130429 0.00841799 0.0111462 
Throughputs: 3.22765 2.53952 2.68698 2.49037 2.3593 2.22822 2.70336 2.08077 2.98189 2.68698 3.09658 2.4576 2.39206 3.06381 2.93274 2.16269 2.06438 2.78528 2.31014 2.22822 2.4576 2.27738 2.29376 2.31014 2.81805 1.90054 2.62144 3.12934 2.91635 3.03104 
Utility: 5.55795 5.7009 5.71005 5.70496 5.60004 5.93892 5.77711 5.82311 5.46678 6.05527 5.61746 5.28945 5.06015 6.18605 6.19631 5.85634 5.48067 5.43879 5.63291 5.63804 5.97875 5.53625 5.02953 5.44381 5.26208 5.70096 5.58047 5.48033 5.84772 5.60556 

