--------------------------------------
Time: 5.50008
Split Ratios: 1 1 1 1 1 1 1 1 1 1 1 1 1 1 1 1 1 1 1 1 1 1 1 1 1 1 1 1 1 1 
Delays: 0.00607003 0.00725449 0.00747217 0.00579576 0.00463833 0.00581297 0.00730677 0.00782607 0.00579649 0.00574588 0.0059709 0.0057349 0.00732531 0.0073301 0.00730203 0.00430186 0.00440221 0.00576238 0.00438995 0.00433085 0.00675591 0.00590111 0.0070422 0.007296 0.00868073 0.00593989 0.00863137 0.00754282 0.00590806 0.00578729 
Throughputs: 2.9655 3.08019 3.3751 4.22707 4.17792 3.19488 4.24346 3.94854 2.37568 2.37568 3.47341 3.9977 3.71917 3.71917 2.32653 4.04685 3.76832 2.5559 3.57171 2.40845 4.25984 2.75251 4.1943 2.83443 3.9977 2.29376 3.35872 2.88358 3.50618 2.89997 
Utility: 6.19144 6.05113 6.113 6.59214 6.80321 6.30921 6.36433 6.22364 6.01579 6.02456 6.36599 6.5469 6.22992 6.22927 5.76398 6.84665 6.75228 6.09481 6.70148 6.32097 6.44657 6.14513 6.38956 5.96227 6.13237 5.95626 5.96391 5.94619 6.38596 6.21679 

--------------------------------------
Time: 6.00009
Split Ratios: 1 1 1 1 1 1 1 1 1 1 1 1 1 1 1 1 1 1 1 1 1 1 1 1 1 1 1 1 1 1 
Delays: 0.00603864 0.00726201 0.00745054 0.0057839 0.00458206 0.00582869 0.00727364 0.00759188 0.00580002 0.00577548 0.00597789 0.00573103 0.00726459 0.00738017 0.00730769 0.00433036 0.00440934 0.0057985 0.00435305 0.0043161 0.00644814 0.0058608 0.00654539 0.00727525 0.00807235 0.00599557 0.00805465 0.0075791 0.00586037 0.00582513 
Throughputs: 2.93274 2.81805 3.09658 4.16154 3.75194 3.53894 4.12877 4.29261 2.21184 2.70336 3.44064 3.73555 3.62086 4.22707 2.49037 3.75194 3.85024 2.4576 3.40787 2.44122 4.04685 2.5559 3.88301 2.73613 3.57171 2.21184 3.39149 3.30957 3.5881 3.89939 
Utility: 6.18551 5.96114 6.02977 6.57856 6.70788 6.40879 6.34148 6.33757 5.94372 6.14863 6.35534 6.47976 6.21146 6.35047 5.83126 6.76438 6.77217 6.04934 6.66297 6.3379 6.4419 6.07788 6.3856 5.92982 6.09236 5.91056 6.04277 6.07918 6.41716 6.50639 

--------------------------------------
Time: 6.5001
Split Ratios: 1 1 1 1 1 1 1 1 1 1 1 1 1 1 1 1 1 1 1 1 1 1 1 1 1 1 1 1 1 1 
Delays: 0.00605998 0.00723395 0.00753449 0.00580993 0.00472835 0.00580062 0.00726667 0.00776938 0.00584794 0.0058082 0.00592974 0.00572758 0.00728064 0.00734185 0.00730954 0.00432907 0.00440047 0.00581355 0.00434406 0.00434049 0.00663024 0.00585328 0.00690736 0.00723468 0.00858413 0.00598529 0.008566 0.00755419 0.00587631 0.00580145 
Throughputs: 2.53952 3.09658 3.50618 4.52198 4.35814 3.2768 3.48979 4.52198 2.60506 2.7689 3.55533 3.35872 3.52256 3.6864 2.24461 4.16154 3.70278 2.70336 3.47341 2.50675 4.44006 2.62144 4.37453 2.88358 4.07962 2.29376 3.21126 2.78528 3.35872 3.60448 
Utility: 6.03802 6.05927 6.14279 6.65714 6.82623 6.33666 6.1743 6.36652 6.09912 6.16693 6.39622 6.37402 6.18172 6.21881 5.72711 6.86829 6.73513 6.14206 6.68408 6.35875 6.50678 6.10448 6.45097 5.9879 6.16384 5.94864 5.92662 5.91 6.34839 6.43182 

--------------------------------------
Time: 7.00019
Split Ratios: 1 1 1 1 1 1 1 1 1 1 1 1 1 1 1 1 1 1 1 1 1 1 1 1 1 1 1 1 1 1 
Delays: 0.00609017 0.00726248 0.00748417 0.00577778 0.00465225 0.00583571 0.0073188 0.00775422 0.00583441 0.00581383 0.00594809 0.00572229 0.00729563 0.00736842 0.00730287 0.00433115 0.00445098 0.00581648 0.00440399 0.00432749 0.00700626 0.00586741 0.0073093 0.007292 0.00889601 0.00596409 0.00886033 0.00761209 0.00585188 0.00583076 
Throughputs: 2.8672 3.29318 3.26042 4.4073 4.01408 3.71917 4.27622 4.14515 2.49037 2.75251 3.5881 3.5881 3.62086 3.89939 2.58867 3.76832 3.63725 2.49037 4.06323 2.3593 4.5056 2.31014 4.30899 3.03104 3.75194 2.12992 3.6864 3.06381 3.2768 3.70278 
Utility: 6.15442 6.11689 6.07682 6.637 6.76021 6.45726 6.37038 6.28146 6.05641 6.16003 6.40231 6.44101 6.20719 6.27137 5.87063 6.76855 6.70586 6.05949 6.82722 6.30113 6.46627 5.97565 6.37931 6.02988 6.04442 5.87808 6.03082 5.99768 6.32786 6.45369 

--------------------------------------
Time: 7.50026
Split Ratios: 1 1 1 1 1 1 1 1 1 1 1 1 1 1 1 1 1 1 1 1 1 1 1 1 1 1 1 1 1 1 
Delays: 0.00612558 0.00724973 0.00759279 0.00580495 0.00464647 0.00579851 0.00725405 0.00772194 0.0057803 0.0058085 0.00600661 0.00573295 0.00730953 0.00742834 0.00729614 0.00431641 0.00437235 0.00575606 0.00435246 0.00432881 0.00657305 0.00591322 0.00689747 0.00725072 0.00838718 0.00603463 0.00829005 0.00754307 0.00584739 0.00576028 
Throughputs: 2.93274 3.52256 3.44064 4.88243 3.65363 3.3751 4.22707 4.42368 2.34291 2.21184 3.35872 3.44064 3.62086 4.24346 2.70336 4.04685 3.89939 2.31014 3.76832 2.29376 4.16154 2.71974 3.9977 2.60506 3.80109 2.50675 3.62086 2.60506 3.39149 3.2768 
Utility: 6.17122 6.18598 6.11621 6.73469 6.66737 6.36658 6.36771 6.35066 6.0047 5.94226 6.32645 6.39718 6.20529 6.34783 5.91491 6.84327 6.79328 5.99481 6.76364 6.27266 6.45066 6.1311 6.36232 5.88411 6.11634 6.02923 6.07941 5.84458 6.36303 6.34364 

--------------------------------------
Time: 8.0003
Split Ratios: 1 1 1 1 1 1 1 1 1 1 1 1 1 1 1 1 1 1 1 1 1 1 1 1 1 1 1 1 1 1 
Delays: 0.00605683 0.00723887 0.00751792 0.00581915 0.00458039 0.00579567 0.00729904 0.00789116 0.00577223 0.00578379 0.00593848 0.00574019 0.0073233 0.00739789 0.00728212 0.0043048 0.00437536 0.00579527 0.00435238 0.00431698 0.0067354 0.00587987 0.00716505 0.00725966 0.00874554 0.00604198 0.00873593 0.00748861 0.00587787 0.00578344 
Throughputs: 2.53952 2.98189 3.53894 4.57114 3.86662 3.55533 4.34176 4.55475 2.048 2.17907 2.98189 3.21126 3.65363 4.22707 2.34291 3.63725 3.40787 2.4576 3.67002 2.31014 4.52198 2.81805 4.1943 2.80166 3.67002 2.44122 3.52256 3.09658 3.60448 3.75194 
Utility: 6.03854 6.02085 6.15429 6.66636 6.73835 6.41909 6.38829 6.35818 5.87156 5.9316 6.21886 6.32693 6.21242 6.34807 5.77373 6.73925 6.65786 6.0499 6.73723 6.28251 6.50933 6.17227 6.37227 5.95564 6.03941 6.00152 5.9995 6.02467 6.41874 6.47503 

--------------------------------------
Time: 8.50035
Split Ratios: 1 1 1 1 1 1 1 1 1 1 1 1 1 1 1 1 1 1 1 1 1 1 1 1 1 1 1 1 1 1 
Delays: 0.00605993 0.0072711 0.00757361 0.005786 0.00464011 0.00584508 0.0072957 0.00799808 0.00581101 0.00578792 0.00600764 0.00573055 0.00727655 0.00738023 0.00731684 0.00430214 0.00438696 0.00576703 0.00435273 0.00431368 0.00653407 0.00596693 0.00697993 0.00725073 0.00870587 0.00589523 0.00875589 0.00753388 0.0058522 0.00580641 
Throughputs: 3.04742 3.67002 3.52256 3.98131 3.83386 3.81747 4.01408 4.55475 2.49037 2.47398 3.5881 3.71917 3.63725 4.22707 2.39206 4.01408 3.50618 2.5559 3.40787 2.50675 4.35814 2.60506 4.5056 2.91635 3.83386 2.11354 3.48979 2.65421 3.30957 3.53894 
Utility: 6.22035 6.22404 6.14227 6.53393 6.71689 6.48174 6.31028 6.34473 6.06043 6.05781 6.39234 6.47544 6.21433 6.35046 5.78973 6.83845 6.68365 6.094 6.66304 6.36495 6.50277 6.07898 6.47004 5.99699 6.08763 5.88197 5.98787 5.86449 6.33776 6.41262 

--------------------------------------
Time: 9.00042
Split Ratios: 1 1 1 1 1 1 1 1 1 1 1 1 1 1 1 1 1 1 1 1 1 1 1 1 1 1 1 1 1 1 
Delays: 0.00612063 0.00726365 0.00749338 0.00579222 0.00464671 0.00580648 0.00729965 0.00791103 0.00577694 0.0058049 0.00595879 0.00575495 0.00728201 0.00731793 0.00728934 0.00431066 0.00436224 0.00575538 0.00437349 0.00434883 0.00667611 0.00583354 0.00708601 0.00721654 0.00869998 0.00605069 0.0085438 0.00753093 0.00590973 0.00579449 
Throughputs: 2.52314 3.55533 3.3751 4.29261 4.07962 3.48979 3.9977 4.44006 2.22822 2.83443 3.42426 3.75194 3.88301 3.98131 2.50675 3.5881 3.22765 2.32653 3.42426 2.80166 4.30899 2.40845 3.91578 2.65421 4.01408 2.53952 3.26042 2.91635 3.48979 3.94854 
Utility: 6.02159 6.19332 6.11016 6.60813 6.7776 6.39862 6.30565 6.33017 5.95509 6.19089 6.35377 6.47997 6.27896 6.29904 5.84033 6.72429 6.60652 6.002 6.66308 6.46806 6.46992 6.02311 6.31465 5.90753 6.13424 6.03956 5.9444 5.95907 6.381 6.52419 

--------------------------------------
Time: 9.50046
Split Ratios: 1 1 1 1 1 1 1 1 1 1 1 1 1 1 1 1 1 1 1 1 1 1 1 1 1 1 1 1 1 1 
Delays: 0.00608803 0.00727972 0.00747644 0.00579177 0.00460825 0.00588945 0.00731474 0.00776619 0.00578332 0.00580492 0.00596837 0.00576491 0.00729305 0.00737592 0.00732929 0.00431399 0.00439633 0.00577759 0.00435475 0.00433118 0.00648334 0.00590464 0.0067434 0.00726156 0.00835702 0.0061074 0.00815339 0.00757972 0.0059205 0.00578419 
Throughputs: 2.85082 3.44064 3.5881 4.06323 3.75194 3.29318 4.34176 4.65306 2.31014 2.44122 3.12934 3.86662 3.73555 4.39091 2.7689 3.83386 3.81747 2.63782 3.29318 2.60506 4.57114 2.60506 3.91578 2.88358 4.17792 2.32653 3.42426 2.65421 3.81747 3.48979 
Utility: 6.14904 6.15832 6.17362 6.5533 6.70218 6.32645 6.38614 6.3955 5.99009 6.04155 6.2621 6.50835 6.23873 6.38907 5.93433 6.78976 6.76657 6.12372 6.62834 6.39937 6.55828 6.08947 6.3642 5.98419 6.21447 5.94263 6.04021 5.85842 6.46892 6.40247 

--------------------------------------
Time: 10.0005
Split Ratios: 1 1 1 1 1 1 1 1 1 1 1 1 1 1 1 1 1 1 1 1 1 1 1 1 1 1 1 1 1 1 
Delays: 0.00620233 0.00722756 0.00769966 0.00579994 0.00468626 0.00579625 0.00728724 0.00768934 0.00577807 0.00577255 0.00597551 0.00573006 0.00732164 0.00737721 0.00728908 0.00432296 0.00438146 0.00580914 0.00441244 0.00432065 0.00652766 0.00594104 0.00679423 0.00724112 0.00854819 0.00606515 0.0084509 0.00758067 0.00590737 0.00577257 
Throughputs: 2.8672 3.08019 3.44064 4.37453 4.14515 2.8672 4.32538 4.07962 2.5559 2.50675 3.03104 4.06323 3.67002 4.14515 2.68698 3.86662 3.52256 2.49037 3.65363 2.47398 4.1943 2.60506 4.1943 2.8672 3.98131 2.44122 3.57171 2.9655 3.55533 3.22765 
Utility: 6.13617 6.05485 6.10224 6.62571 6.78506 6.20388 6.38613 6.27392 6.09209 6.07363 6.22899 6.56401 6.21712 6.3313 5.90979 6.7962 6.68956 6.06075 6.71905 6.35018 6.46543 6.08333 6.42541 5.98132 6.14365 5.99769 6.04653 5.9692 6.4 6.32639 

--------------------------------------
Time: 10.5007
Split Ratios: 1 1 1 1 1 1 1 1 1 1 1 1 1 1 1 1 1 1 1 1 1 1 1 1 1 1 1 1 1 1 
Delays: 0.00609075 0.00729136 0.00759992 0.00580212 0.00474617 0.00585677 0.00726811 0.00800407 0.00578653 0.00578324 0.00593915 0.00572923 0.00733 0.00736465 0.00732231 0.00433139 0.00439482 0.00575194 0.00433435 0.00433974 0.00674386 0.0058607 0.00735894 0.00725262 0.00887819 0.00598691 0.00866063 0.00765173 0.00592498 0.00582292 
Throughputs: 3.24403 3.5881 3.22765 4.25984 3.89939 3.44064 4.17792 4.42368 2.11354 2.62144 3.03104 3.44064 3.63725 3.44064 2.53952 3.94854 3.6864 2.26099 2.98189 2.47398 4.04685 2.94912 4.48922 2.70336 4.47283 2.06438 3.24403 3.04742 3.85024 3.89939 
Utility: 6.2778 6.19869 6.05137 6.59876 6.71124 6.37581 6.35407 6.31478 5.90058 6.11652 6.23509 6.39783 6.20701 6.14672 5.8488 6.81521 6.73198 5.97402 6.53374 6.34577 6.39706 6.22099 6.41352 5.92089 6.22218 5.84301 5.92578 5.98712 6.47671 6.50677 

--------------------------------------
Time: 11.001
Split Ratios: 1 1 1 1 1 1 1 1 1 1 1 1 1 1 1 1 1 1 1 1 1 1 1 1 1 1 1 1 1 1 
Delays: 0.00599075 0.00727483 0.0074144 0.00580293 0.0046033 0.00578416 0.00726456 0.00782405 0.00579115 0.005776 0.00594382 0.00574524 0.00728546 0.00733664 0.00728356 0.00431101 0.00435227 0.0057914 0.00436364 0.00432399 0.00656087 0.00588668 0.00688906 0.00726766 0.00865056 0.00604058 0.00856656 0.00748728 0.0058523 0.00580389 
Throughputs: 2.31014 3.26042 3.21126 4.12877 3.81747 3.22765 4.24346 4.83328 2.42483 2.70336 3.48979 3.81747 3.63725 4.03046 2.26099 3.7847 3.60448 2.50675 3.73555 2.12992 4.5056 2.63782 4.27622 2.62144 4.096 2.34291 3.12934 2.42483 3.39149 3.71917 
Utility: 5.95485 6.10519 6.071 6.56737 6.72057 6.32439 6.37013 6.42608 6.03719 6.14854 6.37525 6.49897 6.2131 6.30876 5.73794 6.77755 6.71924 6.07037 6.75234 6.19966 6.53195 6.10502 6.43089 5.88805 6.16014 5.96065 5.90071 5.78031 6.36219 6.46273 

--------------------------------------
Time: 11.501
Split Ratios: 1 1 1 1 1 1 1 1 1 1 1 1 1 1 1 1 1 1 1 1 1 1 1 1 1 1 1 1 1 1 
Delays: 0.00610627 0.0072203 0.00756601 0.00580151 0.00467107 0.0058403 0.00735176 0.00774593 0.00579775 0.00578658 0.00600725 0.00571576 0.00732358 0.00740354 0.00730623 0.00431629 0.0043843 0.00578545 0.00433507 0.00434762 0.00641814 0.00587743 0.00672578 0.00727986 0.00831288 0.00592805 0.00819705 0.00749831 0.00590674 0.0057842 
Throughputs: 2.78528 2.94912 3.30957 4.06323 4.16154 3.22765 4.57114 4.30899 2.80166 2.62144 3.6864 3.26042 3.76832 4.04685 2.34291 3.93216 3.75194 2.3593 3.53894 2.34291 4.1943 2.75251 4.24346 2.62144 3.67002 2.19546 3.40787 2.8672 3.76832 3.32595 
Utility: 6.12279 6.01237 6.08091 6.55162 6.79225 6.31473 6.43258 6.32129 6.1805 6.11594 6.41944 6.34638 6.24329 6.30374 5.77042 6.81455 6.752 6.01077 6.70485 6.28952 6.48235 6.14915 6.44719 5.88637 6.09015 5.91445 6.03007 5.94641 6.45829 6.35438 

--------------------------------------
Time: 12.0011
Split Ratios: 1 1 1 1 1 1 1 1 1 1 1 1 1 1 1 1 1 1 1 1 1 1 1 1 1 1 1 1 1 1 
Delays: 0.00611293 0.00727167 0.0074871 0.00578221 0.00478694 0.00582772 0.00730496 0.00766396 0.00576055 0.00579193 0.00599073 0.00573426 0.00726171 0.00745638 0.00729639 0.00430283 0.00440889 0.00576964 0.00434532 0.0043324 0.00647338 0.00597789 0.0067778 0.00724353 0.00833323 0.00598391 0.0081206 0.00761346 0.00588444 0.005793 
Throughputs: 3.19488 3.26042 3.65363 4.30899 4.37453 3.57171 3.96493 3.89939 2.40845 2.62144 3.21126 3.50618 3.35872 4.11238 2.99827 3.50618 3.83386 2.3593 3.5881 2.37568 4.16154 2.68698 4.27622 2.89997 3.48979 2.3593 3.52256 2.65421 3.91578 3.60448 
Utility: 6.2589 6.10562 6.1903 6.61367 6.81766 6.41817 6.29669 6.23205 6.0357 6.11501 6.28421 6.41582 6.1367 6.31269 6.01841 6.70301 6.768 6.01351 6.71628 6.30692 6.46594 6.1081 6.44717 5.99235 6.03735 5.97704 6.07254 5.85398 6.50046 6.43328 

--------------------------------------
Time: 12.5012
Split Ratios: 1 1 1 1 1 1 1 1 1 1 1 1 1 1 1 1 1 1 1 1 1 1 1 1 1 1 1 1 1 1 
Delays: 0.00629642 0.00727673 0.00753894 0.00581306 0.00472183 0.00580606 0.00731843 0.00768711 0.00579324 0.00578576 0.00598412 0.00573947 0.0073482 0.0073529 0.00729299 0.00430551 0.0043909 0.00582066 0.00436016 0.00432932 0.00650967 0.00585573 0.0068106 0.00722752 0.00822066 0.00604034 0.00823222 0.00754121 0.0058771 0.00581532 
Throughputs: 2.60506 3.22765 3.5881 4.16154 3.71917 3.35872 4.04685 4.16154 2.63782 2.94912 3.24403 3.60448 3.93216 3.7847 2.32653 3.94854 3.85024 2.50675 3.83386 2.5559 4.04685 2.44122 4.11238 2.83443 3.71917 2.62144 3.71917 2.53952 3.80109 3.47341 
Utility: 6.02523 6.09483 6.1653 6.57353 6.66906 6.36041 6.3153 6.29409 6.12102 6.23386 6.29546 6.44257 6.28249 6.24363 5.76522 6.82121 6.77636 6.06533 6.77912 6.38075 6.4324 6.03283 6.40328 5.9717 6.1146 6.07302 6.1132 5.81935 6.47198 6.3924 

--------------------------------------
Time: 13.0013
Split Ratios: 1 1 1 1 1 1 1 1 1 1 1 1 1 1 1 1 1 1 1 1 1 1 1 1 1 1 1 1 1 1 
Delays: 0.00620652 0.00727083 0.0075846 0.00577187 0.00474436 0.00582406 0.00733901 0.00785836 0.00578925 0.0058004 0.00597113 0.00573982 0.00729616 0.00735681 0.00734432 0.00431753 0.00440098 0.00580973 0.00437554 0.00433265 0.00648338 0.00589199 0.00706732 0.00723804 0.00853466 0.00594672 0.00838857 0.00764261 0.00591023 0.00578839 
Throughputs: 3.32595 3.47341 3.29318 4.34176 4.1943 3.21126 3.98131 4.17792 2.27738 3.19488 3.40787 4.01408 3.60448 3.85024 2.44122 4.30899 3.65363 2.50675 3.75194 2.34291 4.17792 2.42483 4.35814 2.78528 3.88301 2.048 3.5881 2.78528 3.32595 3.03104 
Utility: 6.28391 6.16902 6.07349 6.62304 6.78453 6.31242 6.29616 6.27599 5.97478 6.31138 6.34691 6.55014 6.20258 6.26026 5.80632 6.90577 6.72165 6.06721 6.754 6.29297 6.46833 6.01992 6.42432 5.95275 6.12023 5.84178 6.05851 5.89836 6.33283 6.26081 

--------------------------------------
Time: 13.5015
Split Ratios: 1 1 1 1 1 1 1 1 1 1 1 1 1 1 1 1 1 1 1 1 1 1 1 1 1 1 1 1 1 1 
Delays: 0.00597512 0.00725635 0.00750125 0.00579153 0.00456965 0.0057938 0.00730614 0.00765732 0.00583164 0.00576133 0.00603758 0.00574588 0.00729647 0.00738631 0.00728255 0.00430307 0.00437671 0.00576672 0.00437531 0.00434035 0.00682597 0.00594109 0.00703656 0.00728678 0.00875127 0.00604407 0.00861796 0.00746149 0.00586497 0.0058115 
Throughputs: 2.73613 3.03104 3.32595 4.32538 3.96493 3.47341 4.01408 4.04685 2.37568 2.63782 3.52256 4.03046 3.63725 4.1943 2.4576 3.86662 3.45702 2.31014 3.86662 2.40845 4.47283 2.52314 4.22707 3.12934 4.21069 2.53952 3.48979 2.52314 3.2768 3.5881 
Utility: 6.1267 6.03478 6.09444 6.61586 6.76581 6.3961 6.30885 6.27003 6.00974 6.12654 6.36894 6.55315 6.21159 6.34186 5.82146 6.80081 6.67187 5.99296 6.78416 6.31878 6.48504 6.05136 6.39815 6.06252 6.17618 6.04065 6.00375 5.8235 6.32562 6.42554 

--------------------------------------
Time: 14.0019
Split Ratios: 1 1 1 1 1 1 1 1 1 1 1 1 1 1 1 1 1 1 1 1 1 1 1 1 1 1 1 1 1 1 
Delays: 0.00621704 0.00726503 0.0076328 0.00582144 0.00471938 0.00590947 0.00731862 0.00790713 0.00577978 0.00579705 0.00602961 0.00572025 0.00735954 0.00740087 0.00729833 0.00431077 0.00438591 0.00579454 0.0043716 0.0043077 0.00658627 0.00591424 0.00693918 0.00721244 0.00859995 0.00603436 0.00843314 0.00765544 0.00584345 0.00580774 
Throughputs: 3.09658 3.2768 3.52256 4.12877 3.96493 3.34234 4.34176 4.44006 2.09715 2.70336 3.16211 3.55533 3.53894 4.1943 2.75251 3.75194 3.60448 2.47398 3.88301 2.44122 4.16154 2.37568 4.37453 2.39206 3.9977 2.17907 3.55533 3.12934 3.55533 3.24403 
Utility: 6.21076 6.11155 6.13449 6.56419 6.73357 6.33787 6.38561 6.33066 5.89397 6.1449 6.26231 6.43219 6.17559 6.33988 5.93262 6.76891 6.71154 6.05667 6.78924 6.33985 6.44865 5.99568 6.44637 5.8041 6.14172 5.88918 6.04403 6.01316 6.41088 6.32538 

--------------------------------------
Time: 14.5019
Split Ratios: 1 1 1 1 1 1 1 1 1 1 1 1 1 1 1 1 1 1 1 1 1 1 1 1 1 1 1 1 1 1 
Delays: 0.00612628 0.00725881 0.00753233 0.00579521 0.00462925 0.00581082 0.00732727 0.0076502 0.00579905 0.00580733 0.00595709 0.00571588 0.00731967 0.0073738 0.00733006 0.00432156 0.00434814 0.00578082 0.00436966 0.00431448 0.00659691 0.00591746 0.00680452 0.00731152 0.00827213 0.0059777 0.00819039 0.00752724 0.00585691 0.00584444 
Throughputs: 2.68698 3.5881 3.47341 4.29261 4.37453 3.35872 4.52198 4.47283 2.27738 2.70336 3.40787 3.70278 3.63725 3.96493 2.65421 4.096 3.62086 2.60506 3.91578 2.44122 4.34176 2.67059 4.22707 2.78528 3.80109 2.4576 3.09658 2.78528 3.26042 3.71917 
Utility: 6.08358 6.20316 6.13369 6.60762 6.85116 6.35959 6.4251 6.37105 5.97309 6.14313 6.34926 6.47359 6.20842 6.28731 5.89192 6.85415 6.72472 6.11066 6.79808 6.33827 6.48943 6.11215 6.43168 5.94265 6.13015 6.0189 5.93509 5.91358 6.32199 6.45576 

--------------------------------------
Time: 15.0019
Split Ratios: 1 1 1 1 1 1 1 1 1 1 1 1 1 1 1 1 1 1 1 1 1 1 1 1 1 1 1 1 1 1 
Delays: 0.00618764 0.00733717 0.00766357 0.00581821 0.00478113 0.00586637 0.00731067 0.00776472 0.00581051 0.00577508 0.00593529 0.00575172 0.00731873 0.00737434 0.0073886 0.00431564 0.00437705 0.00579872 0.00435015 0.00432834 0.00679127 0.00591449 0.00694222 0.00725507 0.00855872 0.00607484 0.00848481 0.00770598 0.00582819 0.00583936 
Throughputs: 2.85082 3.5881 3.60448 4.32538 4.12877 3.73555 4.53837 4.34176 2.26099 2.5559 3.14573 3.80109 3.70278 3.7847 2.8672 3.81747 4.07962 2.67059 4.04685 2.37568 4.63667 2.34291 4.35814 2.78528 3.98131 2.32653 2.9655 2.93274 3.48979 3.73555 
Utility: 6.13281 6.19242 6.15345 6.61126 6.76106 6.45641 6.43099 6.32644 5.96389 6.09261 6.27288 6.49354 6.2264 6.24072 5.96115 6.7851 6.83738 6.13242 6.83548 6.30785 6.52611 5.98174 6.44218 5.9504 6.14242 5.94798 5.85652 5.94169 6.39489 6.46103 

--------------------------------------
Time: 15.502
Split Ratios: 1 1 1 1 1 1 1 1 1 1 1 1 1 1 1 1 1 1 1 1 1 1 1 1 1 1 1 1 1 1 
Delays: 0.00610524 0.00726701 0.00748615 0.0057712 0.00459255 0.00579782 0.00727882 0.00777471 0.00580475 0.00582786 0.0059838 0.00572629 0.00728179 0.00742927 0.00731802 0.00431656 0.00434952 0.00581116 0.00436283 0.00436168 0.00634121 0.00590887 0.00668694 0.00725826 0.008367 0.0058926 0.00818814 0.00749509 0.00583345 0.00580022 
Throughputs: 3.12934 3.09658 3.44064 4.32538 3.71917 3.29318 4.37453 4.6039 2.52314 2.50675 3.3751 4.01408 3.26042 4.04685 2.37568 4.04685 3.2768 2.88358 3.6864 2.40845 4.1943 2.8672 4.07962 2.34291 3.85024 2.21184 2.78528 2.19546 3.26042 3.50618 
Utility: 6.23943 6.05471 6.13036 6.61937 6.69682 6.34213 6.39858 6.38378 6.07458 6.06409 6.33512 6.55249 6.10423 6.30027 5.7827 6.84324 6.62456 6.20701 6.73928 6.31388 6.49441 6.18464 6.4136 5.77701 6.1316 5.92788 5.82942 5.6799 6.326 6.40439 

--------------------------------------
Time: 16.002
Split Ratios: 1 1 1 1 1 1 1 1 1 1 1 1 1 1 1 1 1 1 1 1 1 1 1 1 1 1 1 1 1 1 
Delays: 0.00613053 0.00725648 0.00756177 0.00580819 0.00465828 0.00585168 0.0073733 0.00771826 0.00581234 0.00580992 0.00598644 0.00574647 0.00728468 0.00734662 0.00732708 0.00431767 0.00439292 0.00578783 0.00435012 0.00432651 0.00652016 0.00583306 0.00677909 0.00727171 0.00819209 0.00597717 0.00827528 0.00758098 0.0058443 0.00580176 
Throughputs: 2.99827 3.52256 3.12934 3.85024 3.93216 3.89939 4.48922 4.57114 2.65421 2.7689 3.29318 3.89939 3.81747 3.88301 2.52314 3.71917 3.81747 2.47398 3.67002 2.71974 4.22707 2.60506 4.01408 2.99827 3.6864 2.47398 3.70278 2.44122 3.09658 3.80109 
Utility: 6.19251 6.18505 6.02547 6.49662 6.7383 6.50185 6.41157 6.38393 6.12392 6.16664 6.31011 6.51999 6.26157 6.27013 5.84168 6.75854 6.76735 6.05783 6.73775 6.44353 6.47437 6.10167 6.38372 6.0218 6.10924 6.02564 6.10357 5.77461 6.27259 6.48488 

--------------------------------------
Time: 16.5021
Split Ratios: 1 1 1 1 1 1 1 1 1 1 1 1 1 1 1 1 1 1 1 1 1 1 1 1 1 1 1 1 1 1 
Delays: 0.00631455 0.00725181 0.00764177 0.00579087 0.00469866 0.00584643 0.00727764 0.00778652 0.00576856 0.00581066 0.00596554 0.00573427 0.00732282 0.00738227 0.00734304 0.00434468 0.00440078 0.00576491 0.004379 0.00431629 0.00654945 0.00586713 0.0068832 0.00720563 0.0084527 0.00600148 0.00847789 0.00759012 0.00587199 0.00582323 
Throughputs: 2.58867 3.29318 3.40787 4.8169 4.01408 3.55533 4.07962 4.17792 2.3593 2.78528 3.06381 3.63725 3.96493 3.88301 2.17907 4.01408 4.78413 2.67059 3.48979 2.09715 4.12877 2.70336 4.22707 2.50675 3.83386 2.34291 3.53894 2.85082 3.63725 3.70278 
Utility: 6.01604 6.11836 6.10021 6.7236 6.75029 6.41037 6.32895 6.28517 6.0137 6.17241 6.24141 6.45252 6.29425 6.26528 5.6929 6.82861 6.99128 6.13827 6.68078 6.18594 6.44635 6.13288 6.42018 5.85188 6.11714 5.96714 6.03412 5.92851 6.42879 6.45498 

--------------------------------------
Time: 17.0021
Split Ratios: 1 1 1 1 1 1 1 1 1 1 1 1 1 1 1 1 1 1 1 1 1 1 1 1 1 1 1 1 1 1 
Delays: 0.00604099 0.00727648 0.00749882 0.00578544 0.00467981 0.0058105 0.00727202 0.00772007 0.0057974 0.00580903 0.00591557 0.0057116 0.00729542 0.00738255 0.00730935 0.00430196 0.00437066 0.00578764 0.00435791 0.00431753 0.00659027 0.00589914 0.00684654 0.00727999 0.00848491 0.00599324 0.00829674 0.00752202 0.00589988 0.0058199 
Throughputs: 2.53952 3.21126 3.44064 4.39091 3.91578 3.1785 4.39091 4.4073 2.37568 2.52314 3.22765 3.40787 3.57171 3.71917 2.17907 3.98131 3.85024 2.24461 3.6864 2.29376 3.94854 2.49037 4.45645 2.83443 3.91578 2.57229 3.04742 2.9655 3.63725 4.096 
Utility: 6.04116 6.08977 6.12867 6.63195 6.72951 6.3045 6.40326 6.34719 6.01563 6.07384 6.30192 6.39134 6.19355 6.22214 5.6975 6.8303 6.78098 5.96056 6.74041 6.27526 6.39551 6.04538 6.47836 5.96447 6.13448 6.06192 5.90619 5.97697 6.42405 6.55648 

--------------------------------------
Time: 17.5021
Split Ratios: 1 1 1 1 1 1 1 1 1 1 1 1 1 1 1 1 1 1 1 1 1 1 1 1 1 1 1 1 1 1 
Delays: 0.00620588 0.00728119 0.00758517 0.00583522 0.00463184 0.00579815 0.00727568 0.00761969 0.00577699 0.00580657 0.00594525 0.00573303 0.00727442 0.00737566 0.00732885 0.0043029 0.00437991 0.00578704 0.00438116 0.00432928 0.0066253 0.00593066 0.0066685 0.00727365 0.00821709 0.00598206 0.00820974 0.00754114 0.00589285 0.00582677 
Throughputs: 2.80166 2.99827 3.76832 4.06323 3.93216 3.04742 3.73555 4.4073 2.50675 2.71974 3.52256 3.47341 3.09658 3.75194 2.39206 3.53894 3.7847 2.60506 3.96493 2.50675 4.1943 2.70336 3.86662 2.99827 3.70278 2.53952 3.35872 2.81805 3.63725 3.65363 
Utility: 6.11247 6.0205 6.20819 6.54582 6.74399 6.26451 6.24111 6.36028 6.07286 6.1493 6.38435 6.40665 6.05369 6.23184 5.78809 6.71229 6.76169 6.10959 6.80793 6.36134 6.45059 6.12211 6.36274 6.02153 6.11062 6.05097 6.01399 5.92343 6.42524 6.44101 

--------------------------------------
Time: 18.0022
Split Ratios: 1 1 1 1 1 1 1 1 1 1 1 1 1 1 1 1 1 1 1 1 1 1 1 1 1 1 1 1 1 1 
Delays: 0.00606436 0.00727014 0.00757067 0.00579835 0.00467861 0.00578454 0.00735293 0.00792341 0.00579839 0.00575551 0.00594058 0.00574538 0.007352 0.00732413 0.00729239 0.00431349 0.00436113 0.00578488 0.00437072 0.00434516 0.00662021 0.00584419 0.00726332 0.00726226 0.00873685 0.00593879 0.00861836 0.0075356 0.00584157 0.00578513 
Throughputs: 2.7689 2.81805 3.65363 4.21069 3.96493 2.89997 4.37453 4.58752 2.24461 2.65421 3.52256 3.53894 4.07962 4.03046 2.31014 3.6864 3.76832 2.73613 3.40787 2.68698 4.34176 2.71974 4.30899 2.78528 3.86662 2.4576 3.22765 2.4576 3.40787 3.76832 
Utility: 6.12378 5.96002 6.1792 6.58781 6.74224 6.21727 6.38845 6.36127 5.95871 6.13374 6.38514 6.42319 6.31879 6.31046 5.75823 6.75066 6.76165 6.15905 6.65892 6.42711 6.48591 6.14285 6.38562 5.94941 6.09259 6.02544 5.92561 5.7873 6.36884 6.47909 

--------------------------------------
Time: 18.5022
Split Ratios: 1 1 1 1 1 1 1 1 1 1 1 1 1 1 1 1 1 1 1 1 1 1 1 1 1 1 1 1 1 1 
Delays: 0.00616152 0.00725229 0.00748743 0.00577172 0.00464972 0.00586952 0.00728511 0.00770437 0.00584672 0.00574017 0.00602304 0.00572342 0.00731496 0.0073775 0.00730353 0.00432354 0.00437624 0.00573658 0.00434865 0.00431855 0.00659491 0.00586294 0.00692108 0.00729676 0.00845385 0.00594056 0.0082661 0.0075544 0.0058974 0.00580631 
Throughputs: 2.80166 2.9655 3.50618 4.58752 4.03046 3.75194 4.16154 4.1943 2.27738 2.32653 3.53894 3.50618 3.50618 3.86662 2.85082 4.16154 3.70278 2.40845 4.07962 2.5559 4.35814 2.12992 4.45645 2.8672 3.93216 2.16269 3.50618 2.65421 3.83386 3.96493 
Utility: 6.11965 6.01348 6.14906 6.67812 6.76483 6.46025 6.34781 6.29969 5.9649 6.00464 6.37599 6.41772 6.17236 6.2617 5.967 6.86957 6.74065 6.03987 6.84389 6.38324 6.4935 5.89519 6.46754 5.97366 6.14232 5.8973 6.05012 5.86177 6.47711 6.5263 

--------------------------------------
Time: 19.0024
Split Ratios: 1 1 1 1 1 1 1 1 1 1 1 1 1 1 1 1 1 1 1 1 1 1 1 1 1 1 1 1 1 1 
Delays: 0.00612859 0.00728432 0.00750266 0.00577026 0.00465974 0.00584753 0.00729422 0.00775376 0.00587103 0.00576912 0.00594736 0.00573786 0.00732282 0.00736689 0.00726494 0.00430597 0.00437443 0.00576979 0.00437323 0.00433135 0.00664057 0.00588125 0.0068702 0.00725422 0.00849955 0.00596055 0.00844258 0.00752657 0.0058368 0.0057661 
Throughputs: 2.83443 3.12934 3.80109 4.14515 3.85024 3.53894 3.89939 4.34176 2.39206 2.34291 3.44064 3.47341 3.83386 4.096 2.49037 3.96493 3.76832 2.5559 3.73555 2.50675 4.29261 2.73613 4.47283 2.89997 3.91578 1.99885 3.42426 2.68698 3.62086 3.83386 
Utility: 6.13663 6.06285 6.22778 6.57698 6.71693 6.40557 6.28149 6.32786 6.00988 6.00663 6.36047 6.40581 6.26063 6.32077 5.83713 6.82524 6.75861 6.09353 6.75015 6.36086 6.47145 6.14253 6.47858 5.99087 6.13276 5.81516 6.00535 5.87773 6.43028 6.49963 

--------------------------------------
Time: 19.5024
Split Ratios: 1 1 1 1 1 1 1 1 1 1 1 1 1 1 1 1 1 1 1 1 1 1 1 1 1 1 1 1 1 1 
Delays: 0.00618751 0.007251 0.00770617 0.00579834 0.00473388 0.00581987 0.00730846 0.00803057 0.00582571 0.00577727 0.00595437 0.00573859 0.00729283 0.00740724 0.00732584 0.00429691 0.00440261 0.00581159 0.00439193 0.00434764 0.00690435 0.00596015 0.00750801 0.00722136 0.00884983 0.00598505 0.00886465 0.00763095 0.00584791 0.00579431 
Throughputs: 2.60506 3.35872 3.39149 4.21069 4.11238 3.50618 4.4073 4.1943 2.73613 2.60506 3.42426 3.48979 3.39149 4.63667 2.53952 3.70278 3.86662 2.24461 3.89939 2.7689 3.98131 2.73613 4.42368 2.42483 4.5056 2.27738 3.6864 2.63782 3.67002 3.16211 
Utility: 6.04268 6.13818 6.087 6.58781 6.76701 6.401 6.40198 6.25823 6.15202 6.11128 6.35451 6.41038 6.14213 6.43929 5.84832 6.75894 6.77794 5.95643 6.78881 6.45657 6.35721 6.1292 6.37876 5.81647 6.23268 5.94151 6.03033 5.8455 6.44187 6.30212 

--------------------------------------
Time: 20.0025
Split Ratios: 1 1 1 1 1 1 1 1 1 1 1 1 1 1 1 1 1 1 1 1 1 1 1 1 1 1 1 1 1 1 
Delays: 0.00601374 0.00728003 0.00744763 0.00583704 0.00457436 0.00582564 0.007307 0.00759221 0.00582569 0.00581287 0.0059117 0.00572979 0.00732482 0.00734286 0.00729267 0.00430965 0.00441586 0.00576394 0.00433633 0.00435419 0.00674764 0.00589067 0.00689976 0.00724052 0.00846452 0.00602982 0.00828201 0.00747657 0.00586699 0.00580448 
Throughputs: 2.52314 3.39149 3.35872 4.76774 3.94854 3.48979 4.29261 4.17792 2.26099 2.57229 3.26042 3.7847 3.53894 3.7847 2.8672 3.76832 3.55533 2.22822 3.67002 2.34291 4.096 2.65421 4.07962 2.99827 3.73555 2.09715 3.62086 2.42483 3.39149 3.50618 
Utility: 6.03921 6.14389 6.11142 6.7054 6.76064 6.39533 6.37582 6.31045 5.96128 6.09248 6.31268 6.49304 6.18031 6.24499 5.97422 6.77353 6.691 5.95734 6.74092 6.28801 6.40857 6.11053 6.38227 6.0261 6.08977 5.85162 6.08038 5.78174 6.35968 6.40365 

--------------------------------------
Time: 20.5026
Split Ratios: 1 1 1 1 1 1 1 1 1 1 1 1 1 1 1 1 1 1 1 1 1 1 1 1 1 1 1 1 1 1 
Delays: 0.00609785 0.00724788 0.00751443 0.0057683 0.00465588 0.0058148 0.0073365 0.00771346 0.00580505 0.00575915 0.00595835 0.00573087 0.00728158 0.0073692 0.00736912 0.00430418 0.00434574 0.00576455 0.00432836 0.00434044 0.00670109 0.00589988 0.0070399 0.00730773 0.00877212 0.00598011 0.00853335 0.00753556 0.00584054 0.00578932 
Throughputs: 2.53952 3.01466 3.06381 3.9977 3.98131 3.67002 4.44006 4.47283 2.49037 2.53952 3.48979 3.2768 3.2768 4.12877 2.50675 3.76832 3.44064 2.53952 3.57171 2.37568 3.98131 2.81805 4.4073 2.7689 3.98131 2.3593 3.2768 3.08019 3.45702 3.57171 
Utility: 6.03179 6.03053 6.01059 6.5411 6.75124 6.44755 6.40556 6.36281 6.06146 6.08894 6.3728 6.34876 6.10927 6.32842 5.82944 6.7748 6.67422 6.088 6.71561 6.30506 6.3871 6.16887 6.43942 5.93727 6.11779 5.97768 5.95064 6.01311 6.38334 6.42479 

--------------------------------------
Time: 21.0027
Split Ratios: 1 1 1 1 1 1 1 1 1 1 1 1 1 1 1 1 1 1 1 1 1 1 1 1 1 1 1 1 1 1 
Delays: 0.00594558 0.00722398 0.00742702 0.00580789 0.00455049 0.00583112 0.0072714 0.00763543 0.00581076 0.00579897 0.00595729 0.0057333 0.00727504 0.00738717 0.00730059 0.00432514 0.00436772 0.00578022 0.0043616 0.00431086 0.00654075 0.00588477 0.00673424 0.00726606 0.00835845 0.00600836 0.00815387 0.00743982 0.00587494 0.00577417 
Throughputs: 2.60506 2.81805 3.16211 4.21069 3.50618 3.62086 4.04685 4.30899 2.7689 2.50675 3.30957 3.81747 3.67002 3.60448 2.44122 3.42426 3.71917 2.57229 3.67002 2.52314 4.01408 2.57229 4.07962 2.71974 4.03046 2.5559 3.42426 2.91635 3.5881 3.57171 
Utility: 6.08256 5.96639 6.05387 6.58616 6.64705 6.43126 6.32174 6.33566 6.16649 6.06906 6.31996 6.50105 6.2235 6.19019 5.8123 6.6742 6.74701 6.09811 6.73511 6.37212 6.41951 6.08018 6.40655 5.92508 6.17836 6.05301 6.04015 5.97124 6.41468 6.42741 

--------------------------------------
Time: 21.5027
Split Ratios: 1 1 1 1 1 1 1 1 1 1 1 1 1 1 1 1 1 1 1 1 1 1 1 1 1 1 1 1 1 1 
Delays: 0.00608025 0.00723641 0.00752986 0.00580562 0.00460734 0.0058251 0.00731671 0.0076361 0.00577672 0.00578956 0.00596335 0.00572528 0.00734399 0.00739576 0.0072866 0.00430377 0.00436977 0.00575714 0.00435988 0.00432056 0.00640087 0.00591641 0.00652985 0.00724539 0.00803221 0.00592589 0.00793068 0.00755996 0.00588232 0.00583196 
Throughputs: 2.68698 3.30957 3.12934 4.84966 3.75194 3.5881 4.32538 4.14515 2.27738 2.27738 3.40787 4.06323 3.35872 3.9977 2.44122 3.75194 3.86662 2.19546 3.67002 2.37568 4.25984 2.80166 4.14515 2.5559 3.67002 2.048 2.78528 2.94912 4.11238 3.73555 
Utility: 6.09113 6.12545 6.0297 6.72784 6.70238 6.4232 6.38209 6.29681 5.97694 5.97472 6.34821 6.56484 6.12543 6.29257 5.81422 6.77054 6.78543 5.9437 6.73551 6.30965 6.50055 6.16024 6.45331 5.8658 6.12449 5.84529 5.86136 5.9664 6.54981 6.4623 

--------------------------------------
Time: 22.0029
Split Ratios: 1 1 1 1 1 1 1 1 1 1 1 1 1 1 1 1 1 1 1 1 1 1 1 1 1 1 1 1 1 1 
Delays: 0.00608492 0.00727052 0.00746454 0.00577616 0.00468132 0.0058053 0.00728862 0.00768846 0.00577618 0.00578879 0.0059186 0.0057359 0.00726341 0.00738736 0.00733525 0.00432345 0.00436941 0.00581069 0.00440402 0.0043325 0.00668005 0.0058968 0.00675203 0.00728745 0.00848036 0.00601573 0.00838758 0.00749357 0.00586315 0.00583351 
Throughputs: 3.06381 3.26042 3.29318 4.1943 3.81747 3.7847 4.1943 4.71859 2.21184 2.81805 3.62086 3.42426 3.40787 3.80109 2.49037 3.88301 3.75194 2.63782 3.75194 2.63782 4.16154 2.60506 3.88301 2.44122 4.1943 2.26099 3.45702 2.78528 3.2768 3.81747 
Utility: 6.2216 6.10578 6.08945 6.58774 6.70376 6.47995 6.35517 6.41954 5.94784 6.18788 6.41637 6.3919 6.15099 6.24327 5.82749 6.80031 6.7554 6.11801 6.74751 6.41156 6.43451 6.0908 6.35452 5.8141 6.20373 5.92918 6.02141 5.91806 6.32594 6.48373 

--------------------------------------
Time: 22.503
Split Ratios: 1 1 1 1 1 1 1 1 1 1 1 1 1 1 1 1 1 1 1 1 1 1 1 1 1 1 1 1 1 1 
Delays: 0.00618694 0.00725046 0.00766502 0.00583492 0.00483335 0.00583641 0.00729544 0.00782371 0.00578524 0.00579805 0.00597561 0.00571944 0.00731857 0.00740932 0.00733193 0.00430854 0.00439519 0.00574837 0.00438248 0.00432697 0.00653191 0.00592002 0.00707648 0.00728105 0.0086493 0.00596865 0.00845029 0.00770372 0.00587746 0.00581607 
Throughputs: 3.16211 3.14573 3.9977 4.12877 4.17792 3.57171 4.14515 4.57114 2.4576 2.67059 3.11296 3.86662 3.5881 4.11238 2.5559 3.5881 3.81747 2.26099 3.6864 2.1463 4.30899 2.9655 4.84966 2.78528 3.63725 2.53952 3.39149 2.89997 3.7847 3.6864 
Utility: 6.23656 6.07274 6.25681 6.56187 6.76203 6.41668 6.34245 6.37036 6.05163 6.13253 6.25564 6.51627 6.19496 6.31902 5.85392 6.72478 6.76683 5.97464 6.73479 6.20664 6.49176 6.21646 6.52989 5.94683 6.0415 6.05321 5.99482 5.93075 6.4676 6.45178 

--------------------------------------
Time: 23.0031
Split Ratios: 1 1 1 1 1 1 1 1 1 1 1 1 1 1 1 1 1 1 1 1 1 1 1 1 1 1 1 1 1 1 
Delays: 0.00601475 0.00722916 0.00747633 0.00581665 0.00464044 0.0058238 0.00723733 0.00795102 0.00579932 0.0058839 0.00599174 0.00571667 0.00724874 0.00733938 0.00731168 0.00431476 0.00439506 0.00579871 0.00436483 0.00432286 0.00642605 0.00589089 0.00690274 0.00724023 0.00845241 0.005976 0.00841937 0.00747526 0.00588779 0.00578541 
Throughputs: 2.58867 3.45702 3.70278 4.12877 3.93216 3.32595 3.91578 4.34176 2.50675 3.06381 3.32595 3.57171 3.42426 3.83386 2.52314 4.06323 3.9977 2.98189 3.86662 2.42483 4.17792 2.71974 4.27622 2.58867 3.88301 2.49037 3.45702 2.67059 3.19488 3.21126 
Utility: 6.06469 6.17004 6.2051 6.56501 6.74214 6.34756 6.29352 6.30274 6.069 6.25519 6.31913 6.43741 6.15781 6.25837 5.84378 6.84769 6.81299 6.24268 6.78656 6.3296 6.47721 6.13489 6.42891 5.87925 6.12991 6.03243 6.01763 5.87846 6.29642 6.31908 

--------------------------------------
Time: 23.5032
Split Ratios: 1 1 1 1 1 1 1 1 1 1 1 1 1 1 1 1 1 1 1 1 1 1 1 1 1 1 1 1 1 1 
Delays: 0.00620668 0.0073135 0.00760831 0.00578364 0.00469583 0.00583773 0.00727179 0.0077704 0.00579128 0.00575111 0.00597644 0.00572357 0.00731442 0.00743495 0.00730391 0.00431807 0.00439359 0.00575086 0.00434046 0.00432344 0.00655304 0.00600904 0.00678942 0.00721542 0.00846067 0.00603831 0.00842429 0.00755743 0.00586039 0.00584037 
Throughputs: 2.91635 3.67002 3.60448 4.35814 3.47341 3.1785 4.34176 4.27622 2.5559 2.4576 3.55533 3.3751 3.47341 4.24346 2.58867 3.7847 3.6864 2.12992 3.40787 2.40845 4.25984 2.93274 4.12877 2.50675 3.85024 2.49037 3.11296 2.81805 3.47341 3.71917 
Utility: 6.15246 6.21823 6.16069 6.62477 6.60622 6.29982 6.39203 6.3105 6.08981 6.05755 6.38838 6.37959 6.16304 6.34694 5.87049 6.77591 6.73226 5.91449 6.66586 6.32269 6.47706 6.19043 6.41037 5.85052 6.12046 6.02206 5.91221 5.92127 6.38467 6.45646 

--------------------------------------
Time: 24.0033
Split Ratios: 1 1 1 1 1 1 1 1 1 1 1 1 1 1 1 1 1 1 1 1 1 1 1 1 1 1 1 1 1 1 
Delays: 0.00615548 0.00725846 0.00758773 0.0057823 0.00469483 0.00582242 0.00729892 0.00772411 0.00580953 0.0057983 0.00595683 0.00573855 0.00731802 0.00733474 0.00728421 0.00430158 0.00438641 0.00575335 0.00433266 0.00432242 0.00674698 0.00591703 0.00700156 0.00725445 0.0084829 0.00592727 0.00837881 0.00756511 0.0058324 0.00580759 
Throughputs: 2.78528 3.03104 3.40787 4.42368 4.21069 3.50618 3.76832 4.47283 2.31014 2.62144 3.34234 3.9977 3.63725 4.04685 2.01523 3.65363 3.50618 2.52314 3.5881 2.57229 4.21069 2.26099 4.39091 2.60506 3.86662 2.01523 3.39149 2.53952 3.29318 3.45702 
Utility: 6.11476 6.03449 6.10731 6.63992 6.79892 6.40057 6.24666 6.36143 5.98557 6.11391 6.32989 6.54627 6.20864 6.31307 5.62278 6.7445 6.68377 6.08348 6.71919 6.38874 6.43629 5.94572 6.44116 5.88359 6.12208 5.82893 6.00332 5.81618 6.33618 6.389 

--------------------------------------
Time: 24.5034
Split Ratios: 1 1 1 1 1 1 1 1 1 1 1 1 1 1 1 1 1 1 1 1 1 1 1 1 1 1 1 1 1 1 
Delays: 0.00604537 0.0072281 0.00745202 0.00579363 0.00456196 0.00580568 0.00727701 0.00769215 0.00581344 0.0057935 0.00602727 0.00572883 0.00728645 0.00739098 0.00732901 0.00432245 0.00435437 0.00580978 0.00436312 0.00433338 0.00645526 0.00592026 0.00661248 0.00724584 0.0083039 0.00592153 0.00818737 0.00748454 0.00584026 0.00579374 
Throughputs: 2.68698 3.22765 3.16211 4.14515 3.86662 3.65363 3.63725 4.096 2.49037 2.3593 3.29318 3.86662 3.81747 3.76832 2.44122 3.89939 3.7847 2.68698 3.52256 2.52314 4.21069 2.80166 3.88301 2.80166 3.62086 2.58867 3.34234 2.63782 3.57171 3.62086 
Utility: 6.09688 6.10153 6.05051 6.57294 6.74238 6.44464 6.21426 6.27757 6.06001 6.00938 6.30332 6.51463 6.26133 6.23412 5.80841 6.80475 6.76754 6.13663 6.69376 6.36691 6.48049 6.15959 6.37541 5.95754 6.07774 6.0803 6.01183 5.86487 6.41603 6.43769 

--------------------------------------
Time: 25.0036
Split Ratios: 1 1 1 1 1 1 1 1 1 1 1 1 1 1 1 1 1 1 1 1 1 1 1 1 1 1 1 1 1 1 
Delays: 0.00626063 0.00728625 0.00761579 0.00577151 0.00475312 0.00583458 0.00727922 0.00768125 0.00581317 0.00582489 0.00597249 0.00572015 0.00727073 0.00738987 0.007343 0.0043454 0.0043845 0.00578384 0.00435887 0.00432429 0.00680285 0.0058979 0.00725346 0.00727151 0.00862058 0.00594772 0.00862954 0.00763403 0.0058781 0.00583905 
Throughputs: 3.50618 3.21126 3.50618 4.48922 4.32538 3.11296 3.93216 4.57114 2.19546 2.9655 3.52256 3.2768 3.57171 4.01408 2.65421 4.35814 3.6864 2.47398 3.88301 2.53952 5.14458 2.60506 4.25984 2.70336 3.73555 2.08077 3.30957 2.7689 3.83386 3.53894 
Utility: 6.328 6.08843 6.13206 6.6565 6.81345 6.27953 6.29192 6.38874 5.93402 6.23266 6.37978 6.35063 6.19694 6.29745 5.89015 6.91068 6.73433 6.05852 6.79215 6.37548 6.62836 6.09061 6.37551 5.91829 6.0715 5.85748 5.94938 5.89359 6.48039 6.40702 

--------------------------------------
Time: 25.5036
Split Ratios: 1 1 1 1 1 1 1 1 1 1 1 1 1 1 1 1 1 1 1 1 1 1 1 1 1 1 1 1 1 1 
Delays: 0.00614298 0.00721025 0.00758521 0.00579243 0.00466293 0.00582781 0.00731796 0.00768597 0.00579206 0.00580083 0.00589526 0.00574428 0.00731705 0.00734923 0.00735096 0.00430233 0.00435273 0.00578158 0.00437354 0.00432802 0.00658553 0.00585058 0.00679761 0.00723445 0.00822578 0.00596823 0.00828418 0.00748016 0.00586194 0.00578452 
Throughputs: 2.71974 3.04742 3.5881 4.70221 3.88301 3.30957 4.52198 4.45645 2.50675 3.04742 3.32595 3.50618 3.5881 3.98131 2.5559 3.76832 3.50618 2.42483 3.6864 2.29376 4.30899 2.78528 4.47283 2.78528 3.71917 2.47398 3.14573 2.63782 3.5881 3.70278 
Utility: 6.09298 6.04655 6.15918 6.69924 6.72472 6.34193 6.42637 6.36271 6.07026 6.26405 6.33536 6.41408 6.19517 6.29477 5.85133 6.77523 6.69148 6.03884 6.73683 6.27284 6.48358 6.16556 6.48921 5.95325 6.11398 6.02713 5.93945 5.86546 6.4169 6.46165 

--------------------------------------
Time: 26.0037
Split Ratios: 1 1 1 1 1 1 1 1 1 1 1 1 1 1 1 1 1 1 1 1 1 1 1 1 1 1 1 1 1 1 
Delays: 0.00617053 0.00723261 0.00755516 0.00583184 0.00458128 0.00577936 0.00728635 0.00779066 0.00578228 0.00582173 0.00598237 0.00573303 0.00729532 0.00737832 0.00731871 0.00432256 0.0043812 0.0057775 0.00434958 0.00432946 0.00634818 0.0059042 0.00665701 0.00724709 0.0082011 0.0060099 0.00810977 0.00747666 0.00583594 0.00578492 
Throughputs: 2.88358 3.34234 3.45702 4.21069 3.62086 3.1785 4.17792 4.16154 2.57229 2.91635 3.35872 3.62086 3.67002 3.9977 2.40845 3.83386 3.73555 2.65421 3.53894 2.44122 4.37453 2.88358 3.6864 2.57229 3.65363 2.32653 3.34234 2.85082 3.1785 3.22765 
Utility: 6.147 6.13582 6.12593 6.58205 6.67249 6.30987 6.35157 6.28071 6.09775 6.21649 6.3305 6.44822 6.22072 6.29493 5.7963 6.78778 6.74833 6.12993 6.7015 6.33481 6.53539 6.19112 6.31673 5.87195 6.09921 5.95872 6.02136 5.94357 6.30013 6.32425 

--------------------------------------
Time: 26.5037
Split Ratios: 1 1 1 1 1 1 1 1 1 1 1 1 1 1 1 1 1 1 1 1 1 1 1 1 1 1 1 1 1 1 
Delays: 0.00603929 0.00726808 0.00746348 0.00581858 0.00465296 0.00584226 0.00733204 0.00774399 0.00578356 0.00581199 0.00598054 0.00572658 0.00732064 0.00742118 0.00736854 0.00432462 0.00440275 0.00579824 0.00440175 0.00432023 0.00654952 0.00598371 0.0067917 0.00722531 0.00844694 0.00598039 0.00836432 0.00747505 0.00591856 0.00579741 
Throughputs: 2.94912 3.45702 3.48979 4.96435 3.91578 3.3751 3.62086 4.34176 2.42483 2.93274 3.32595 3.39149 3.93216 4.27622 2.7689 4.32538 3.91578 2.37568 3.86662 2.47398 4.48922 2.8672 4.14515 2.85082 3.81747 2.29376 3.53894 2.70336 3.09658 3.76832 
Utility: 6.19098 6.16467 6.14758 6.74898 6.73526 6.35906 6.20221 6.32912 6.0385 6.22377 6.321 6.3839 6.28625 6.35649 5.92898 6.90793 6.79054 6.01548 6.77814 6.35028 6.53004 6.17205 6.41399 5.97777 6.11354 5.94946 6.04761 5.89068 6.25996 6.47697 

--------------------------------------
Time: 27.0037
Split Ratios: 1 1 1 1 1 1 1 1 1 1 1 1 1 1 1 1 1 1 1 1 1 1 1 1 1 1 1 1 1 1 
Delays: 0.00623942 0.00723218 0.00764291 0.0057744 0.00476432 0.00582414 0.0073134 0.00770889 0.00578998 0.00579294 0.00595857 0.00575196 0.00729353 0.00740757 0.00739442 0.00431302 0.00436223 0.0057567 0.00433079 0.00434142 0.00673891 0.00588704 0.00705845 0.00721232 0.00871752 0.00606513 0.00869968 0.00765664 0.00587697 0.00577993 
Throughputs: 2.70336 3.22765 3.88301 4.45645 4.37453 3.29318 4.24346 4.30899 2.3593 2.70336 3.6864 3.98131 3.88301 4.37453 2.7689 4.06323 3.83386 2.42483 3.24403 2.67059 4.17792 2.52314 4.07962 2.60506 3.9977 2.16269 3.52256 2.78528 3.40787 3.75194 
Utility: 6.07136 6.10097 6.23059 6.64867 6.8224 6.3376 6.36342 6.32608 6.00999 6.14561 6.42758 6.53983 6.27738 6.38105 5.92548 6.8481 6.77864 6.04315 6.61882 6.42185 6.42967 6.0605 6.35953 5.88942 6.12814 5.87655 6.00366 5.89653 6.3628 6.47564 

--------------------------------------
Time: 27.5039
Split Ratios: 1 1 1 1 1 1 1 1 1 1 1 1 1 1 1 1 1 1 1 1 1 1 1 1 1 1 1 1 1 1 
Delays: 0.0061883 0.00726259 0.00750477 0.0057906 0.0046953 0.00582666 0.00729324 0.00767286 0.00580171 0.00580618 0.00596995 0.00572728 0.00733254 0.00735335 0.00729112 0.00431723 0.00436056 0.00579436 0.00436926 0.0043885 0.0063764 0.00594435 0.00659845 0.00728608 0.00812397 0.00596599 0.0081396 0.00766361 0.00592023 0.00581785 
Throughputs: 2.81805 3.2768 3.03104 4.03046 4.21069 3.16211 4.24346 4.42368 2.19546 2.80166 3.32595 3.70278 4.01408 3.81747 2.4576 3.65363 3.45702 2.5559 3.91578 2.58867 4.17792 2.57229 4.11238 2.94912 3.47341 2.42483 3.50618 2.98189 3.63725 3.44064 
Utility: 6.12114 6.11189 6.00112 6.5454 6.79882 6.29655 6.36619 6.35704 5.93599 6.17905 6.32277 6.4716 6.30524 6.25219 5.82028 6.74086 6.67556 6.08928 6.79818 6.37991 6.48496 6.07011 6.43492 6.0033 6.05807 6.00744 6.06554 5.96383 6.42061 6.38248 

--------------------------------------
Time: 28.0041
Split Ratios: 1 1 1 1 1 1 1 1 1 1 1 1 1 1 1 1 1 1 1 1 1 1 1 1 1 1 1 1 1 1 
Delays: 0.0059854 0.00727869 0.00740683 0.00578576 0.00458112 0.00582082 0.00733137 0.00776053 0.00581129 0.00579664 0.00595191 0.00572846 0.00737264 0.00733442 0.0073279 0.0043334 0.00438933 0.00579836 0.00436177 0.00433842 0.00665688 0.00588494 0.00680113 0.00720711 0.00853949 0.00606483 0.00835183 0.00750764 0.00588107 0.00579384 
Throughputs: 2.5559 3.06381 3.2768 4.44006 4.25984 3.47341 4.35814 4.47283 2.4576 2.68698 2.8672 3.67002 3.88301 3.96493 2.68698 4.03046 4.22707 2.71974 3.7847 2.32653 4.04685 2.75251 4.30899 2.91635 4.096 2.34291 3.62086 2.83443 4.17792 3.52256 
Utility: 6.05684 6.04246 6.09222 6.64302 6.83504 6.39145 6.38764 6.35673 6.04714 6.13889 6.17738 6.46251 6.26659 6.29266 5.90448 6.83529 6.87009 6.15072 6.76584 6.28462 6.41004 6.14787 6.45137 6.00302 6.17307 5.95664 6.07199 5.93368 6.56583 6.41015 

--------------------------------------
Time: 28.5041
Split Ratios: 1 1 1 1 1 1 1 1 1 1 1 1 1 1 1 1 1 1 1 1 1 1 1 1 1 1 1 1 1 1 
Delays: 0.00612121 0.00726691 0.00754102 0.00578122 0.00466363 0.00581035 0.00727977 0.00764705 0.00581708 0.0057518 0.00592043 0.00572522 0.00727072 0.00734561 0.00729126 0.00431979 0.0043731 0.00580283 0.00436788 0.00434723 0.0066091 0.00583894 0.00656934 0.00724583 0.00837507 0.00597032 0.00813707 0.00750594 0.00585786 0.00580875 
Throughputs: 2.78528 3.09658 3.42426 4.34176 4.24346 3.35872 4.4073 4.35814 2.57229 2.5559 3.5881 3.71917 3.29318 3.88301 2.29376 3.93216 3.76832 2.67059 3.73555 2.78528 3.89939 2.57229 4.25984 3.01466 3.30957 2.19546 3.30957 2.71974 3.47341 3.6864 
Utility: 6.12034 6.05472 6.11828 6.62142 6.81334 6.35967 6.40592 6.34548 6.09175 6.09665 6.40697 6.47637 6.11576 6.27026 5.75127 6.81374 6.75891 6.13171 6.75137 6.46256 6.38013 6.088 6.47457 6.03081 5.97931 5.90734 6.00814 5.8926 6.38511 6.45304 

--------------------------------------
Time: 29.0042
Split Ratios: 1 1 1 1 1 1 1 1 1 1 1 1 1 1 1 1 1 1 1 1 1 1 1 1 1 1 1 1 1 1 
Delays: 0.0060702 0.00727609 0.0075327 0.00580465 0.00467734 0.00580442 0.00730724 0.00759023 0.00576261 0.00577283 0.00598945 0.00571725 0.00730374 0.00736793 0.00730155 0.00430199 0.00440932 0.00576683 0.00435944 0.0043165 0.00666877 0.0058946 0.00671913 0.00725313 0.00818467 0.00598902 0.00812547 0.00745991 0.00586907 0.00580333 
Throughputs: 2.9655 3.3751 3.35872 4.42368 3.83386 3.50618 4.5056 4.14515 2.3593 2.81805 3.50618 3.63725 3.39149 4.03046 2.50675 3.86662 3.67002 2.78528 4.04685 2.53952 4.32538 2.67059 3.80109 2.81805 3.86662 2.34291 3.12934 2.78528 3.96493 3.50618 
Utility: 6.19141 6.13959 6.10006 6.63607 6.7089 6.40366 6.42421 6.30283 6.01473 6.19064 6.37228 6.45549 6.14064 6.3045 5.83866 6.80106 6.72423 6.17998 6.83335 6.37729 6.47482 6.11602 6.33808 5.96237 6.15787 5.96922 5.95358 5.92256 6.51555 6.40385 

--------------------------------------
Time: 29.5043
Split Ratios: 1 1 1 1 1 1 1 1 1 1 1 1 1 1 1 1 1 1 1 1 1 1 1 1 1 1 1 1 1 1 
Delays: 0.00616429 0.00727277 0.00755749 0.00579508 0.00467686 0.00582867 0.00726932 0.00770016 0.00580243 0.00578722 0.00596718 0.0057314 0.00727606 0.00740234 0.00730016 0.00432422 0.00436275 0.00578028 0.00435981 0.00431168 0.00626398 0.00593959 0.00658284 0.00726548 0.00827452 0.00594821 0.0080919 0.00755937 0.0058365 0.00579452 
Throughputs: 3.06381 3.67002 3.6864 4.27622 3.96493 3.53894 3.76832 4.4073 2.5559 2.70336 3.57171 3.29318 3.83386 4.22707 2.52314 3.83386 3.75194 2.73613 3.52256 2.52314 3.91578 2.21184 4.07962 2.58867 4.17792 2.39206 3.3751 2.65421 3.24403 3.7847 
Utility: 6.20864 6.22381 6.18987 6.60382 6.74262 6.40879 6.25072 6.34978 6.08788 6.1466 6.39453 6.35365 6.26704 6.34747 5.84536 6.7874 6.75693 6.15985 6.69451 6.37193 6.43795 5.91994 6.42929 5.87577 6.22439 5.99682 6.03332 5.86111 6.32044 6.48181 

--------------------------------------
Time: 30.0045
Split Ratios: 1 1 1 1 1 1 1 1 1 1 1 1 1 1 1 1 1 1 1 1 1 1 1 1 1 1 1 1 1 1 
Delays: 0.00610865 0.00724891 0.00748321 0.0057973 0.00465058 0.00579855 0.00728469 0.00800889 0.00578971 0.00580743 0.00592609 0.00572023 0.00729967 0.007394 0.00730489 0.0043137 0.00438203 0.00576579 0.00436354 0.00432831 0.00673884 0.0058476 0.00729781 0.00725522 0.00890473 0.00597063 0.00876542 0.00759548 0.00589578 0.00578003 
Throughputs: 2.78528 2.98189 3.60448 4.01408 3.83386 3.16211 4.1943 4.83328 2.31014 2.52314 2.9655 3.32595 3.42426 4.01408 2.27738 3.6864 3.24403 2.50675 3.70278 2.27738 4.32538 2.7689 4.48922 2.71974 4.1943 2.29376 3.32595 2.75251 3.88301 3.65363 
Utility: 6.1224 6.01946 6.17727 6.54017 6.71463 6.30139 6.35571 6.40273 5.98898 6.07412 6.21544 6.3655 6.15081 6.2969 5.74224 6.75061 6.60706 6.0748 6.74356 6.2656 6.46437 6.16017 6.42186 5.92657 6.1549 5.9511 5.9387 5.89272 6.49013 6.44907 

--------------------------------------
Time: 30.5045
Split Ratios: 1 1 1 1 1 1 1 1 1 1 1 1 1 1 1 1 1 1 1 1 1 1 1 1 1 1 1 1 1 1 
Delays: 0.00614942 0.00733053 0.00763189 0.00579975 0.00470403 0.00579624 0.00733664 0.00774765 0.00575276 0.00577788 0.00601294 0.00572878 0.00729157 0.00745214 0.00735505 0.00431053 0.00438043 0.00579599 0.00435553 0.00432761 0.00648608 0.00592251 0.00684656 0.00728043 0.00829841 0.00597284 0.0082037 0.00758012 0.00586767 0.00582126 
Throughputs: 3.06381 3.52256 3.62086 4.11238 3.75194 3.76832 4.55475 4.44006 2.26099 2.44122 3.67002 3.91578 3.89939 4.30899 2.4576 3.9977 3.85024 2.7689 3.67002 2.50675 4.1943 2.52314 3.88301 2.78528 3.67002 2.50675 3.48979 2.50675 3.39149 3.83386 
Utility: 6.21106 6.1749 6.16213 6.56394 6.68161 6.47718 6.43105 6.35103 5.97388 6.04622 6.41404 6.52727 6.28186 6.35996 5.81155 6.83241 6.77874 6.16904 6.7365 6.36173 6.47182 6.0545 6.34062 5.94691 6.09189 6.03952 6.05301 5.80121 6.35957 6.49011 

--------------------------------------
Time: 31.0046
Split Ratios: 1 1 1 1 1 1 1 1 1 1 1 1 1 1 1 1 1 1 1 1 1 1 1 1 1 1 1 1 1 1 
Delays: 0.00621654 0.0072852 0.00763942 0.00580575 0.00469387 0.00583395 0.00731914 0.00773515 0.00579069 0.00577507 0.00592188 0.00573675 0.00732354 0.00737823 0.0073009 0.00431779 0.00436515 0.00577069 0.00438572 0.00432094 0.00656916 0.00588422 0.00681062 0.00724175 0.00842126 0.00594214 0.00841421 0.00758716 0.00586294 0.00582199 
Throughputs: 2.75251 3.40787 3.42426 4.24346 4.11238 3.2768 4.58752 4.21069 2.44122 2.58867 3.2768 3.32595 3.91578 3.81747 2.49037 4.21069 3.47341 2.68698 3.50618 2.37568 4.12877 2.71974 4.01408 2.89997 3.75194 2.1463 3.39149 2.81805 3.30957 3.57171 
Utility: 6.09306 6.148 6.10532 6.59428 6.7755 6.33093 6.4406 6.29961 6.044 6.10535 6.31597 6.36262 6.28167 6.24881 5.83219 6.88264 6.67924 6.14338 6.68393 6.30957 6.44335 6.13602 6.37908 5.99259 6.09927 5.88943 5.9991 5.91734 6.33592 6.41916 

--------------------------------------
Time: 31.5047
Split Ratios: 1 1 1 1 1 1 1 1 1 1 1 1 1 1 1 1 1 1 1 1 1 1 1 1 1 1 1 1 1 1 
Delays: 0.00595098 0.00724371 0.00748739 0.00579159 0.00456454 0.00585834 0.00731061 0.00771118 0.00578097 0.00577774 0.00599256 0.00572566 0.00737495 0.00744731 0.00723847 0.00433681 0.00439095 0.00577535 0.00434977 0.00431313 0.00690488 0.00593571 0.00715737 0.00724982 0.00864882 0.00600451 0.00853454 0.00753608 0.0058495 0.00579086 
Throughputs: 2.57229 3.01466 3.65363 4.42368 3.88301 3.2768 4.55475 3.93216 2.09715 2.5559 3.32595 3.57171 3.76832 3.96493 2.53952 4.29261 3.86662 2.53952 3.81747 2.53952 4.55475 2.81805 4.66944 2.44122 4.01408 2.52314 3.35872 2.42483 3.44064 3.55533 
Utility: 6.069 6.03111 6.19026 6.63832 6.74605 6.32676 6.4346 6.23427 5.89376 6.09215 6.31899 6.43584 6.2363 6.27739 5.86032 6.89751 6.78059 6.08613 6.77722 6.37807 6.4917 6.16281 6.48065 5.81928 6.14014 6.04075 5.97519 5.77382 6.37706 6.41992 

--------------------------------------
Time: 32.0048
Split Ratios: 1 1 1 1 1 1 1 1 1 1 1 1 1 1 1 1 1 1 1 1 1 1 1 1 1 1 1 1 1 1 
Delays: 0.00613401 0.0072359 0.0075176 0.00583447 0.00463425 0.00580704 0.00727077 0.00784708 0.00581855 0.00577798 0.00592024 0.00574811 0.00731424 0.00733839 0.00725779 0.00431618 0.00437722 0.00577544 0.00438688 0.00433669 0.00664511 0.00584745 0.00730811 0.00719973 0.00882607 0.005966 0.00862685 0.00756744 0.00585374 0.00578609 
Throughputs: 2.91635 3.14573 3.44064 4.57114 3.89939 3.39149 4.03046 4.47283 2.52314 2.85082 3.08019 3.60448 3.63725 3.6864 2.4576 3.73555 3.70278 2.49037 3.53894 2.65421 3.76832 2.50675 4.37453 2.26099 4.24346 2.52314 3.01466 2.63782 3.60448 3.40787 
Utility: 6.16424 6.07475 6.12617 6.66373 6.7351 6.36995 6.31777 6.34563 6.07221 6.20131 6.25437 6.44106 6.20916 6.21929 5.82486 6.76328 6.74043 6.06657 6.69297 6.41679 6.3405 6.06074 6.39457 5.74951 6.17542 6.04718 5.85636 5.85386 6.42285 6.37839 

--------------------------------------
Time: 32.5048
Split Ratios: 1 1 1 1 1 1 1 1 1 1 1 1 1 1 1 1 1 1 1 1 1 1 1 1 1 1 1 1 1 1 
Delays: 0.00602113 0.00724319 0.00744304 0.00578276 0.00456336 0.00583688 0.00731152 0.00764896 0.00585262 0.00577572 0.00598258 0.00573146 0.00727266 0.0073863 0.00732836 0.00430563 0.00434061 0.00579392 0.00435944 0.00433582 0.00641513 0.0058925 0.00655871 0.00726874 0.0081507 0.00593099 0.00812865 0.00745474 0.0058715 0.0057583 
Throughputs: 2.89997 2.93274 3.63725 4.65306 3.93216 3.57171 3.91578 3.94854 2.93274 2.62144 3.34234 4.07962 3.9977 3.91578 2.47398 3.6864 3.22765 2.63782 3.60448 2.60506 3.89939 2.73613 3.83386 2.65421 3.85024 2.22822 3.24403 2.58867 3.57171 3.42426 
Utility: 6.17718 6.00363 6.1917 6.6904 6.75889 6.4166 6.28332 6.24653 6.2168 6.11782 6.32557 6.56779 6.30935 6.27314 5.82183 6.75248 6.61149 6.1209 6.71759 6.3983 6.40992 6.14062 6.37083 5.90032 6.15779 5.92877 5.98918 5.85005 6.41069 6.388 

--------------------------------------
Time: 33.0048
Split Ratios: 1 1 1 1 1 1 1 1 1 1 1 1 1 1 1 1 1 1 1 1 1 1 1 1 1 1 1 1 1 1 
Delays: 0.00604575 0.00722026 0.00747286 0.00579199 0.00456159 0.00582005 0.00732294 0.00763157 0.0057683 0.00581394 0.00595834 0.00572839 0.0072529 0.00734749 0.00729719 0.00431008 0.00442675 0.00576831 0.0043849 0.00433473 0.00647492 0.00590139 0.00667977 0.00727324 0.00830476 0.00601916 0.00819583 0.00747041 0.00585752 0.00577553 
Throughputs: 2.57229 3.47341 3.53894 4.44006 3.89939 3.42426 4.16154 3.94854 2.49037 2.44122 3.53894 4.14515 3.44064 3.88301 2.24461 3.53894 3.9977 2.81805 3.65363 2.50675 4.07962 2.63782 4.5056 2.73613 3.94854 2.40845 3.1785 2.71974 3.45702 3.12934 
Utility: 6.0532 6.176 6.16031 6.64195 6.75091 6.37733 6.34263 6.24881 6.06781 6.03999 6.38679 6.58426 6.16201 6.27001 5.7288 6.71063 6.80581 6.19142 6.72531 6.36008 6.44582 6.10252 6.51399 5.9301 6.16427 5.99179 5.96054 5.89734 6.38044 6.29495 

--------------------------------------
Time: 33.5048
Split Ratios: 1 1 1 1 1 1 1 1 1 1 1 1 1 1 1 1 1 1 1 1 1 1 1 1 1 1 1 1 1 1 
Delays: 0.0060543 0.00728087 0.00741272 0.00579831 0.00454153 0.00582418 0.00733018 0.00753825 0.00579857 0.00579069 0.00595531 0.005734 0.00729555 0.00740631 0.00731265 0.0043116 0.00439679 0.00579075 0.00435372 0.00432707 0.00652777 0.00592636 0.00663767 0.00724811 0.00814749 0.0060186 0.00803115 0.00746918 0.00583411 0.00581319 
Throughputs: 3.03104 2.9655 2.89997 4.06323 3.55533 3.12934 4.11238 3.96493 2.53952 2.53952 3.29318 3.65363 3.55533 4.1943 2.62144 3.96493 3.57171 2.44122 4.04685 2.4576 4.14515 2.70336 3.80109 2.93274 3.9977 2.47398 3.35872 2.42483 3.40787 3.70278 
Utility: 6.21589 6.00955 5.96926 6.55217 6.66294 6.28656 6.32976 6.26525 6.08212 6.08348 6.31533 6.45706 6.18894 6.33915 5.88187 6.82393 6.69993 6.04399 6.83466 6.34205 6.45363 6.12284 6.35028 6.00295 6.19576 6.01873 6.03599 5.78273 6.37012 6.45671 

--------------------------------------
Time: 34.0048
Split Ratios: 1 1 1 1 1 1 1 1 1 1 1 1 1 1 1 1 1 1 1 1 1 1 1 1 1 1 1 1 1 1 
Delays: 0.00611853 0.00725094 0.00751533 0.00582453 0.00468696 0.00581872 0.00734738 0.00790316 0.00579364 0.00579925 0.00593941 0.0057217 0.00732713 0.00735043 0.00732759 0.00429925 0.00436593 0.00580126 0.00437659 0.0043422 0.00671067 0.00586709 0.0072449 0.00724587 0.00875569 0.00604016 0.00867665 0.00755235 0.00586187 0.00581371 
Throughputs: 2.93274 3.06381 3.2768 4.70221 3.9977 3.35872 4.83328 4.48922 2.29376 2.57229 3.11296 3.40787 3.44064 3.94854 2.73613 3.42426 3.35872 2.67059 3.67002 2.4576 4.45645 2.40845 4.48922 2.75251 3.6864 2.67059 3.57171 2.99827 3.29318 3.47341 
Utility: 6.17237 6.04628 6.07768 6.69371 6.74869 6.35824 6.48894 6.34217 5.98119 6.09482 6.26172 6.38958 6.15183 6.28634 5.92265 6.6802 6.64548 6.13198 6.73168 6.33856 6.49841 6.01738 6.42914 5.93984 6.0427 6.09163 6.02017 5.98393 6.33114 6.39267 

--------------------------------------
Time: 34.5051
Split Ratios: 1 1 1 1 1 1 1 1 1 1 1 1 1 1 1 1 1 1 1 1 1 1 1 1 1 1 1 1 1 1 
Delays: 0.00598185 0.00724431 0.00749377 0.00578511 0.00458367 0.00583478 0.00730809 0.00768244 0.00583801 0.00578014 0.00593984 0.0057317 0.00732609 0.00737058 0.00729594 0.00431405 0.00438517 0.00575295 0.00435499 0.00435134 0.00664305 0.00592164 0.00680641 0.00728227 0.00832685 0.0059383 0.00824985 0.00741406 0.0058697 0.00578241 
Throughputs: 2.68698 3.19488 3.50618 3.63725 3.70278 3.2768 4.35814 4.52198 2.44122 2.71974 3.47341 3.55533 3.55533 4.07962 2.62144 4.24346 3.67002 2.50675 3.63725 2.29376 4.44006 2.63782 4.34176 2.8672 3.48979 1.93331 3.35872 2.78528 3.48979 3.44064 
Utility: 6.10744 6.08909 6.14821 6.44369 6.69434 6.33079 6.39082 6.37777 6.03586 6.15386 6.37121 6.43019 6.18476 6.31626 5.88416 6.89126 6.72972 6.07703 6.72766 6.26746 6.50485 6.0991 6.45817 5.97565 6.03811 5.78557 6.00912 5.92873 6.38779 6.38859 

--------------------------------------
Time: 35.0052
Split Ratios: 1 1 1 1 1 1 1 1 1 1 1 1 1 1 1 1 1 1 1 1 1 1 1 1 1 1 1 1 1 1 
Delays: 0.00606188 0.00729196 0.00749702 0.00579499 0.00459847 0.00583802 0.00727106 0.00762326 0.00578712 0.00577012 0.00600797 0.00571928 0.00727545 0.00734274 0.0073402 0.00430652 0.00438602 0.00577625 0.0043683 0.00432212 0.00648394 0.00589058 0.00660027 0.00721774 0.00820573 0.00600539 0.00816064 0.0075027 0.00587079 0.00579003 
Throughputs: 2.70336 3.30957 3.57171 4.12877 3.86662 3.39149 4.22707 4.12877 2.7689 2.58867 3.3751 3.53894 3.93216 3.89939 3.03104 4.07962 3.6864 2.53952 3.83386 2.32653 3.89939 2.67059 3.81747 2.29376 3.71917 2.42483 3.3751 2.52314 3.2768 3.60448 
Utility: 6.10023 6.1178 6.16629 6.56874 6.73441 6.36463 6.36536 6.29453 6.17057 6.10621 6.33109 6.42774 6.29244 6.27486 6.02329 6.85363 6.73398 6.08598 6.77725 6.28839 6.39925 6.1167 6.36023 5.76141 6.11642 6.00086 6.02486 5.81799 6.32463 6.4338 

--------------------------------------
Time: 35.5054
Split Ratios: 1 1 1 1 1 1 1 1 1 1 1 1 1 1 1 1 1 1 1 1 1 1 1 1 1 1 1 1 1 1 
Delays: 0.00614033 0.00726304 0.00747373 0.00577114 0.00462173 0.00581181 0.00735385 0.00771133 0.00582951 0.00583115 0.00595189 0.00572218 0.00733207 0.00737046 0.00728765 0.00431221 0.00440017 0.00574534 0.0043476 0.00435873 0.00681028 0.00584867 0.00730721 0.00726763 0.00887588 0.00601065 0.00881103 0.0075015 0.00587247 0.00578823 
Throughputs: 2.68698 3.03104 3.76832 4.17792 3.94854 3.12934 4.04685 3.89939 2.68698 2.47398 3.44064 3.70278 3.98131 4.17792 2.32653 3.71917 3.75194 2.21184 3.65363 2.4576 4.48922 2.71974 4.4073 2.88358 4.17792 2.44122 3.70278 2.99827 3.40787 3.71917 
Utility: 6.08129 6.03386 6.22299 6.5847 6.75033 6.28869 6.31047 6.22589 6.13324 6.05037 6.3597 6.47249 6.29711 6.34009 5.76595 6.75981 6.74838 5.95319 6.73385 6.33476 6.491 6.14208 6.40216 5.98336 6.15423 6.00672 6.04084 5.99069 6.36357 6.46543 

--------------------------------------
Time: 36.0054
Split Ratios: 1 1 1 1 1 1 1 1 1 1 1 1 1 1 1 1 1 1 1 1 1 1 1 1 1 1 1 1 1 1 
Delays: 0.00602209 0.00725737 0.00748243 0.00579366 0.00460322 0.00586992 0.00730616 0.00758421 0.00581775 0.00581538 0.00599476 0.00573605 0.00729991 0.0073969 0.0073106 0.00431729 0.00436606 0.00576078 0.00437651 0.00431124 0.0066275 0.00586706 0.00663055 0.00728346 0.00829453 0.00608832 0.0081391 0.00752608 0.00585319 0.00578488 
Throughputs: 2.62144 2.98189 3.73555 4.76774 4.24346 3.65363 4.04685 4.096 2.65421 2.60506 3.65363 3.73555 4.03046 3.71917 2.62144 4.04685 3.39149 2.75251 3.86662 2.57229 4.70221 2.42483 4.12877 2.73613 3.94854 2.22822 3.24403 2.53952 3.26042 3.19488 
Utility: 6.07604 6.01829 6.21309 6.71286 6.82638 6.43364 6.31698 6.2917 6.12299 6.1047 6.41259 6.47888 6.31378 6.22019 5.88215 6.84307 6.65516 6.1692 6.78388 6.39133 6.56456 6.02416 6.43405 5.92869 6.16551 5.90259 5.98789 5.82136 6.32262 6.31406 

