--------------------------------------
Time: 5.50013
Split Ratios: 1 1 1 1 1 1 1 1 1 1 1 1 1 1 1 1 1 1 1 1 1 1 1 1 1 1 1 1 1 1 1 1 1 1 1 1 1 1 1 1 1 1 1 1 1 1 1 1 1 1 
Delays: 0.00634205 0.0118556 0.0057811 0.0108612 0.00851309 0.00881096 0.00618916 0.00835057 0.0106367 0.0120167 0.00872584 0.0107766 0.00976591 0.0100408 0.00992022 0.00941082 0.010775 0.00657485 0.0083799 0.011186 0.00668104 0.00582233 0.00845563 0.00999455 0.0113241 0.00808661 0.010938 0.0102815 0.00876283 0.00926586 0.00776259 0.00631197 0.00716404 0.0104901 0.0101099 0.00604222 0.00936023 0.00660033 0.0109125 0.00815489 0.0110853 0.00996458 0.00699411 0.00809091 0.011469 0.0107891 0.00850247 0.0109317 0.0103545 0.00954233 
Throughputs: 1.17965 1.21242 1.04858 1.27795 1.21242 1.17965 1.06496 1.09773 1.16326 1.16326 1.01581 1.19603 1.03219 1.2288 1.04858 1.17965 1.14688 1.21242 1.19603 1.35987 1.3271 1.09773 1.27795 1.26157 1.06496 1.04858 1.11411 1.27795 0.98304 1.26157 1.14688 1.08134 1.24518 1.01581 1.01581 1.06496 1.01581 1.26157 1.09773 0.950272 0.753664 1.34349 0.966656 0.884736 1.17965 1.03219 1.01581 1.03219 1.35987 1.06496 
Utility: 5.22577 4.62757 5.20059 4.76781 4.95877 4.89698 5.14789 4.87867 4.69467 4.57269 4.75715 4.70938 4.66054 4.80714 4.66061 4.83111 4.66757 5.21712 4.96093 4.80049 5.29148 5.2393 5.01818 4.83807 4.54376 4.86498 4.62357 4.82267 4.72013 4.91377 4.99548 5.14351 5.15796 4.57301 4.60993 5.17192 4.68697 5.25299 4.61109 4.75813 4.21933 4.90399 4.92877 4.69455 4.63332 4.56091 4.78308 4.54778 4.87772 4.71496 

--------------------------------------
Time: 6.00029
Split Ratios: 1 1 1 1 1 1 1 1 1 1 1 1 1 1 1 1 1 1 1 1 1 1 1 1 1 1 1 1 1 1 1 1 1 1 1 1 1 1 1 1 1 1 1 1 1 1 1 1 1 1 
Delays: 0.00642752 0.0107783 0.00583414 0.0103791 0.00918297 0.00826448 0.00612355 0.00836825 0.0108609 0.0114517 0.00894517 0.0105239 0.00922224 0.0100614 0.00999724 0.00959594 0.0107324 0.00604215 0.00821874 0.0105873 0.00609487 0.00600272 0.00844648 0.0101025 0.0113941 0.00845884 0.0114544 0.0114724 0.00835583 0.00846752 0.0077725 0.00619403 0.00686381 0.0104446 0.0102522 0.00625128 0.00847634 0.00697573 0.0112618 0.00827207 0.0117177 0.00978512 0.00669405 0.00806538 0.0110191 0.010599 0.00831295 0.0106743 0.011354 0.00860389 
Throughputs: 1.03219 1.01581 1.17965 1.06496 1.6384 1.11411 1.35987 1.1305 1.11411 1.29434 1.29434 1.21242 1.04858 1.06496 1.11411 1.11411 0.999424 0.933888 1.14688 1.03219 1.09773 1.42541 1.09773 1.47456 0.90112 1.19603 1.19603 1.14688 1.09773 1.27795 1.09773 1.14688 1.19603 1.03219 1.16326 0.884736 1.29434 1.09773 1.24518 1.34349 0.98304 1.08134 1.11411 1.1305 1.42541 1.01581 1.34349 1.1305 0.950272 1.11411 
Utility: 5.07885 4.54591 5.30924 4.6309 5.18413 4.90385 5.403 4.90597 4.63064 4.72761 4.97464 4.74672 4.73357 4.66198 4.7135 4.75447 4.53391 5.0406 4.93838 4.57978 5.19355 5.47 4.86725 4.98333 4.37054 4.95155 4.64839 4.60486 4.87804 5.01678 4.95041 5.22121 5.1605 4.59336 4.73149 4.9525 5.02847 5.05856 4.70562 5.09014 4.42955 4.7051 5.11459 4.94283 4.86259 4.56268 5.08521 4.66257 4.42718 4.8636 

--------------------------------------
Time: 6.50048
Split Ratios: 1 1 1 1 1 1 1 1 1 1 1 1 1 1 1 1 1 1 1 1 1 1 1 1 1 1 1 1 1 1 1 1 1 1 1 1 1 1 1 1 1 1 1 1 1 1 1 1 1 1 
Delays: 0.0064087 0.0114051 0.00589962 0.0105378 0.00895624 0.00845067 0.00602647 0.00835641 0.0111108 0.0117068 0.00833871 0.0110416 0.0095025 0.0098344 0.00990827 0.00930208 0.0106612 0.00627482 0.00794523 0.0109049 0.0063463 0.00589086 0.00815324 0.00992967 0.011816 0.00826864 0.0109626 0.0103207 0.00837214 0.00872827 0.00769292 0.00644635 0.00717257 0.0100095 0.0107043 0.00609278 0.00901587 0.00650285 0.0108637 0.00835047 0.01148 0.00964734 0.00645591 0.00805904 0.0108631 0.0103582 0.00841652 0.010387 0.0102593 0.00869716 
Throughputs: 1.27795 1.35987 1.04858 0.933888 1.09773 0.73728 1.2288 1.08134 1.17965 1.19603 1.11411 1.17965 1.42541 0.966656 1.08134 1.2288 1.17965 1.09773 1.01581 1.01581 1.26157 1.16326 0.835584 1.29434 1.2288 1.34349 1.2288 1.24518 0.851968 1.1305 1.03219 1.09773 0.999424 1.04858 1.09773 0.98304 1.44179 0.917504 1.14688 1.16326 0.999424 1.1305 1.17965 0.917504 1.24518 0.999424 1.01581 1.27795 1.16326 1.21242 
Utility: 5.29536 4.78109 5.1803 4.48439 4.80865 4.46872 5.31763 4.86293 4.66505 4.62659 4.8949 4.6713 5.01066 4.58796 4.69259 4.88356 4.70636 5.16445 4.85087 4.53422 5.29224 5.28558 4.62972 4.87023 4.64434 5.09055 4.71931 4.79289 4.62264 4.86384 4.89914 5.13748 4.93692 4.65166 4.63035 5.08354 5.07466 4.94942 4.65937 4.93667 4.46657 4.76373 5.20798 4.73486 4.74167 4.5694 4.79324 4.81246 4.7308 4.93737 

--------------------------------------
Time: 7.00069
Split Ratios: 1 1 1 1 1 1 1 1 1 1 1 1 1 1 1 1 1 1 1 1 1 1 1 1 1 1 1 1 1 1 1 1 1 1 1 1 1 1 1 1 1 1 1 1 1 1 1 1 1 1 
Delays: 0.00646553 0.0114204 0.00598337 0.0105299 0.00901155 0.00827154 0.00597445 0.00837239 0.0110542 0.0115388 0.00846312 0.0109833 0.00953751 0.0100606 0.0101019 0.00931378 0.0107633 0.00617187 0.00829283 0.010886 0.0062127 0.00586528 0.00816393 0.0101471 0.0114372 0.00828637 0.0109227 0.0105958 0.00846014 0.00893893 0.00779811 0.00631585 0.00695747 0.0103239 0.0105201 0.00613352 0.00954066 0.00643418 0.0109416 0.00812735 0.0120304 0.00975329 0.00687411 0.00813157 0.0110209 0.0107096 0.00827653 0.0106347 0.0107142 0.00881273 
Throughputs: 1.09773 1.21242 1.3271 1.16326 1.34349 0.999424 1.16326 1.03219 1.35987 1.08134 1.19603 1.31072 1.08134 1.16326 0.98304 1.19603 1.11411 1.09773 1.03219 1.03219 1.29434 1.27795 1.2288 1.14688 1.01581 1.11411 1.19603 1.17965 1.08134 1.24518 1.42541 1.2288 1.17965 0.950272 1.21242 0.98304 1.09773 1.21242 1.24518 1.17965 1.03219 1.03219 1.27795 1.01581 0.966656 1.2288 1.03219 1.21242 0.868352 1.11411 
Utility: 5.13451 4.66497 5.40177 4.70477 5.00452 4.79436 5.27149 4.8145 4.81233 4.54024 4.95105 4.78196 4.73073 4.75036 4.57793 4.85527 4.63967 5.181 4.82405 4.55196 5.33916 5.38396 5.01407 4.72761 4.48657 4.9012 4.69592 4.71252 4.85059 4.93662 5.20833 5.27073 5.13315 4.52229 4.74708 5.07688 4.74544 5.23875 4.73447 4.97774 4.452 4.66184 5.22525 4.82769 4.47405 4.74265 4.82602 4.73625 4.39503 4.83962 

--------------------------------------
Time: 7.50074
Split Ratios: 1 1 1 1 1 1 1 1 1 1 1 1 1 1 1 1 1 1 1 1 1 1 1 1 1 1 1 1 1 1 1 1 1 1 1 1 1 1 1 1 1 1 1 1 1 1 1 1 1 1 
Delays: 0.00635134 0.0115489 0.00564774 0.0105538 0.00893076 0.00820113 0.0061924 0.00851099 0.0107845 0.0113313 0.00854433 0.0104747 0.00913034 0.01027 0.0098829 0.0089317 0.0108899 0.00626363 0.00830764 0.0109177 0.00625472 0.00578313 0.00835396 0.00983576 0.0109482 0.00850646 0.0106524 0.0101948 0.00827393 0.0093195 0.00781054 0.00635462 0.00693688 0.0102601 0.0103774 0.00626594 0.00933255 0.00666248 0.0110138 0.0084908 0.0106973 0.00979492 0.00657977 0.00801001 0.0114038 0.0104776 0.00885333 0.0105398 0.010362 0.00890152 
Throughputs: 1.03219 1.34349 1.03219 0.950272 1.34349 1.01581 1.26157 1.34349 1.44179 1.1305 1.34349 1.11411 1.09773 1.09773 0.851968 1.11411 1.11411 0.917504 1.11411 1.16326 1.21242 1.01581 0.999424 1.14688 1.06496 1.31072 0.999424 1.01581 0.950272 1.3271 1.16326 1.19603 1.1305 0.950272 1.06496 1.08134 1.21242 1.1305 1.03219 1.2288 1.09773 1.19603 1.2288 1.08134 1.1305 1.26157 1.19603 1.19603 1.09773 1.24518 
Utility: 5.09077 4.75644 5.20819 4.50027 5.01352 4.81917 5.31679 5.06167 4.89554 4.60284 5.05776 4.66685 4.78939 4.67177 4.45674 4.82621 4.62798 4.9869 4.89864 4.6686 5.26703 5.16849 4.78444 4.75878 4.57752 5.03751 4.5414 4.60156 4.74364 4.95865 5.00351 5.23758 5.09356 4.52849 4.63106 5.15083 4.86686 5.13392 4.54029 4.97481 4.631 4.8049 5.22979 4.90527 4.59647 4.79088 4.90597 4.73161 4.66285 4.94082 

--------------------------------------
Time: 8.00104
Split Ratios: 1 1 1 1 1 1 1 1 1 1 1 1 1 1 1 1 1 1 1 1 1 1 1 1 1 1 1 1 1 1 1 1 1 1 1 1 1 1 1 1 1 1 1 1 1 1 1 1 1 1 
Delays: 0.00625493 0.0115223 0.00596879 0.0110484 0.00884074 0.00825765 0.00618551 0.00822002 0.0103682 0.0115095 0.00860775 0.0104307 0.00913718 0.0100853 0.0103482 0.00917732 0.0105546 0.00622766 0.00825025 0.0109024 0.00603604 0.00592695 0.00849001 0.0100958 0.011062 0.00892207 0.0104934 0.010174 0.00852771 0.00880977 0.00776495 0.00653539 0.00692809 0.0103835 0.0104298 0.00647132 0.00874119 0.00704225 0.0113411 0.00867852 0.0109784 0.0099955 0.00687132 0.00805815 0.0112286 0.0103901 0.00845188 0.0104389 0.0104995 0.00827986 
Throughputs: 1.2288 1.17965 0.999424 1.19603 1.37626 0.999424 1.34349 1.19603 1.16326 1.08134 1.01581 1.04858 1.17965 1.17965 1.16326 1.1305 0.917504 1.03219 1.03219 0.933888 1.11411 1.34349 0.950272 1.03219 1.04858 1.34349 1.1305 1.06496 1.08134 1.04858 1.58925 1.14688 1.06496 1.14688 1.17965 1.14688 1.3271 1.29434 1.21242 1.2288 0.933888 1.40902 1.19603 1.09773 1.11411 1.03219 1.1305 1.03219 1.01581 1.06496 
Utility: 5.28042 4.62869 5.12064 4.68448 5.04775 4.79604 5.38082 4.98019 4.72024 4.54279 4.77078 4.61043 4.86062 4.7619 4.72217 4.81368 4.46509 5.11044 4.8292 4.45037 5.21807 5.42352 4.71786 4.62732 4.55168 5.0145 4.67967 4.65086 4.84264 4.77933 5.3214 5.16757 5.03511 4.70458 4.72831 5.17742 5.02271 5.21383 4.67194 4.95294 4.44343 4.94852 5.15941 4.91431 4.59735 4.59859 4.89602 4.5939 4.57211 4.85687 

--------------------------------------
Time: 8.5012
Split Ratios: 1 1 1 1 1 1 1 1 1 1 1 1 1 1 1 1 1 1 1 1 1 1 1 1 1 1 1 1 1 1 1 1 1 1 1 1 1 1 1 1 1 1 1 1 1 1 1 1 1 1 
Delays: 0.00678981 0.0111969 0.0058116 0.0105562 0.00891433 0.00813014 0.00604577 0.00866862 0.011508 0.0120513 0.00833266 0.010918 0.00967012 0.0100372 0.0100765 0.00970335 0.0110245 0.00609633 0.00800651 0.0109211 0.00616877 0.00600301 0.00835485 0.00996956 0.0115191 0.0083357 0.0104712 0.0105238 0.00838209 0.00856064 0.00775879 0.00664974 0.00719071 0.010337 0.0105648 0.00600904 0.00853477 0.00686252 0.0111484 0.00827267 0.0115898 0.00988408 0.00680333 0.00803109 0.0106665 0.0113401 0.00887937 0.0107836 0.0102688 0.00869662 
Throughputs: 1.03219 0.98304 1.14688 1.21242 1.06496 0.90112 0.835584 1.17965 1.19603 1.16326 1.31072 1.11411 1.06496 1.09773 1.03219 1.31072 1.27795 1.06496 0.999424 1.17965 1.39264 1.34349 1.14688 1.24518 1.39264 1.21242 1.19603 1.67117 1.06496 1.04858 0.999424 1.1305 1.19603 1.06496 1.37626 1.1305 1.24518 1.11411 1.19603 0.933888 1.16326 1.11411 1.24518 1.03219 1.19603 1.27795 1.37626 1.1305 1.09773 1.06496 
Utility: 5.02402 4.47501 5.28494 4.74366 4.78303 4.70806 4.92877 4.91326 4.64372 4.56981 5.05815 4.6254 4.70165 4.6947 4.62923 4.90586 4.7529 5.16301 4.82692 4.68227 5.41946 5.41076 4.92196 4.8275 4.79495 4.97982 4.73814 5.06764 4.8446 4.80801 4.85835 5.13583 5.11397 4.63496 4.8696 5.23715 4.98289 5.08974 4.67547 4.7264 4.60886 4.72489 5.20963 4.85612 4.71965 4.72467 5.04339 4.65238 4.67189 4.80776 

--------------------------------------
Time: 9.00124
Split Ratios: 1 1 1 1 1 1 1 1 1 1 1 1 1 1 1 1 1 1 1 1 1 1 1 1 1 1 1 1 1 1 1 1 1 1 1 1 1 1 1 1 1 1 1 1 1 1 1 1 1 1 
Delays: 0.00616817 0.0118015 0.00573405 0.0109207 0.00960689 0.00877517 0.00616068 0.00854921 0.0115375 0.0126543 0.00866678 0.0114853 0.00983207 0.0102483 0.00998331 0.0100636 0.0117139 0.00628866 0.00852174 0.0112124 0.00643847 0.00584483 0.00824678 0.00995304 0.0116961 0.00858276 0.0110208 0.0112365 0.00844741 0.00888202 0.00781287 0.00642775 0.00699051 0.0107301 0.0104818 0.00626056 0.00884684 0.00696256 0.0110009 0.00828271 0.0114196 0.00999987 0.0068977 0.0081676 0.0116329 0.0100765 0.00833562 0.0107944 0.0105289 0.00920976 
Throughputs: 1.14688 1.2288 0.917504 0.884736 1.6384 1.37626 1.21242 0.933888 1.16326 1.27795 1.31072 1.08134 1.06496 1.16326 1.03219 1.09773 1.29434 0.933888 1.1305 1.1305 1.47456 1.16326 1.2288 1.16326 1.19603 1.42541 1.16326 1.26157 1.08134 1.2288 1.14688 1.06496 0.917504 1.08134 1.06496 0.933888 1.1305 1.08134 0.950272 1.27795 1.29434 1.26157 1.40902 1.14688 1.24518 1.06496 1.2288 1.1305 0.90112 1.14688 
Utility: 5.2254 4.64557 5.07523 4.39463 5.13899 5.0552 5.28218 4.69352 4.61339 4.61502 5.01883 4.54489 4.68504 4.73187 4.63853 4.69207 4.70497 5.00061 4.88779 4.61339 5.43382 5.29343 5.00397 4.76111 4.62751 5.11246 4.6592 4.72094 4.8521 4.92976 4.98903 5.11007 4.8771 4.61291 4.62105 5.00509 4.85035 5.04541 4.45877 5.03884 4.73042 4.83754 5.31946 4.94463 4.6732 4.66049 4.99325 4.65138 4.44952 4.82454 

--------------------------------------
Time: 9.50181
Split Ratios: 1 1 1 1 1 1 1 1 1 1 1 1 1 1 1 1 1 1 1 1 1 1 1 1 1 1 1 1 1 1 1 1 1 1 1 1 1 1 1 1 1 1 1 1 1 1 1 1 1 1 
Delays: 0.00644611 0.0116571 0.00583635 0.010776 0.00926447 0.00844421 0.00607712 0.00856248 0.0103388 0.0110426 0.00874315 0.0104054 0.00913539 0.00997775 0.0100433 0.0100935 0.0102252 0.00669539 0.00807716 0.0109231 0.00626178 0.00589959 0.00818069 0.0100762 0.0106611 0.00823265 0.0110454 0.0110253 0.00838595 0.00877035 0.00762999 0.00653575 0.0070416 0.0105588 0.010543 0.00617726 0.00888167 0.00673656 0.0109871 0.00843821 0.0120469 0.00964504 0.00658658 0.00835185 0.0109596 0.0109531 0.00845793 0.0107236 0.0107865 0.00850468 
Throughputs: 1.37626 1.29434 1.09773 1.17965 1.24518 1.11411 1.19603 1.04858 1.17965 1.04858 1.35987 0.999424 0.933888 0.868352 1.09773 1.31072 1.01581 1.17965 1.09773 1.14688 0.90112 1.26157 1.03219 1.26157 1.08134 1.26157 1.21242 1.08134 0.98304 1.16326 1.01581 1.2288 0.851968 1.09773 1.04858 1.19603 1.29434 1.11411 1.21242 1.16326 1.19603 1.24518 1.24518 0.933888 1.35987 1.08134 1.08134 0.98304 1.2288 1.04858 
Utility: 5.36364 4.70984 5.23689 4.69565 4.90085 4.88233 5.28223 4.8078 4.73707 4.55343 5.04688 4.56485 4.6272 4.46624 4.69409 4.86644 4.59859 5.17155 4.91196 4.65392 4.96917 5.36523 4.83766 4.82993 4.61936 5.032 4.69836 4.58577 4.76409 4.88761 4.89135 5.23651 4.79571 4.64404 4.59972 5.26589 4.98176 5.10826 4.70365 4.92622 4.59796 4.8606 5.242 4.71687 4.82093 4.59233 4.85086 4.5182 4.73549 4.81457 

--------------------------------------
Time: 10.0018
Split Ratios: 1 1 1 1 1 1 1 1 1 1 1 1 1 1 1 1 1 1 1 1 1 1 1 1 1 1 1 1 1 1 1 1 1 1 1 1 1 1 1 1 1 1 1 1 1 1 1 1 1 1 
Delays: 0.00647819 0.0112736 0.00572887 0.0106294 0.00868145 0.00819427 0.00613143 0.0084144 0.0108215 0.0111855 0.00851084 0.0103842 0.00902972 0.00985441 0.00990654 0.00928205 0.0103529 0.00617836 0.00798441 0.0107122 0.0060456 0.00602777 0.00814616 0.00973641 0.0105525 0.00834621 0.0105828 0.0104708 0.00793251 0.00881326 0.00771468 0.00636384 0.0070661 0.0101179 0.0105989 0.00620916 0.00884253 0.00652101 0.0110398 0.00831579 0.01115 0.0096892 0.00645924 0.00784303 0.0105924 0.0105456 0.00853324 0.0104938 0.0104288 0.00863976 
Throughputs: 1.27795 1.09773 1.08134 1.01581 1.31072 1.17965 1.40902 0.98304 1.01581 1.24518 0.917504 0.98304 1.06496 0.999424 1.17965 1.03219 0.770048 1.21242 0.917504 1.09773 1.17965 1.16326 0.884736 1.1305 1.21242 1.24518 0.98304 1.08134 0.868352 1.1305 0.917504 1.06496 1.24518 0.98304 1.29434 1.03219 1.31072 1.24518 1.26157 0.933888 1.14688 1.14688 1.1305 0.868352 1.11411 1.27795 1.19603 1.21242 1.06496 1.03219 
Utility: 5.28457 4.57853 5.24044 4.55982 5.01714 4.96954 5.43722 4.7607 4.5419 4.71242 4.68032 4.55036 4.77017 4.61926 4.77978 4.71136 4.30919 5.27932 4.74417 4.62961 5.27364 5.26261 4.68774 4.75454 4.744 5.00523 4.53142 4.63737 4.69563 4.85415 4.77853 5.12006 5.17173 4.57635 4.805 5.11341 4.99876 5.25201 4.7386 4.7212 4.63336 4.77379 5.1649 4.70697 4.65568 4.7973 4.9428 4.74958 4.62613 4.78306 

--------------------------------------
Time: 10.5021
Split Ratios: 1 1 1 1 1 1 1 1 1 1 1 1 1 1 1 1 1 1 1 1 1 1 1 1 1 1 1 1 1 1 1 1 1 1 1 1 1 1 1 1 1 1 1 1 1 1 1 1 1 1 
Delays: 0.00667433 0.0125314 0.00593539 0.0115812 0.008849 0.00809643 0.00598481 0.00848957 0.0108255 0.013145 0.00954027 0.0109513 0.0102503 0.0100768 0.00997411 0.00977054 0.0107889 0.00614095 0.00811555 0.0113956 0.00617591 0.00588491 0.00828508 0.0102207 0.0118015 0.0082712 0.0108456 0.0108924 0.00855482 0.00881455 0.00770748 0.00643677 0.00713988 0.0107366 0.0106245 0.0060247 0.00861686 0.00647936 0.0115732 0.00812011 0.0123026 0.0100186 0.0068439 0.00817407 0.0110796 0.0115214 0.00866499 0.010342 0.0106529 0.00898498 
Throughputs: 1.21242 1.27795 1.09773 1.08134 1.3271 0.950272 1.27795 1.01581 1.03219 1.35987 1.04858 1.31072 1.2288 1.16326 1.08134 1.08134 1.1305 1.17965 1.03219 1.31072 1.29434 1.03219 1.03219 1.14688 1.3271 1.11411 1.03219 1.39264 0.884736 1.50733 1.16326 1.1305 1.29434 1.29434 1.03219 1.04858 1.3271 1.06496 1.11411 1.06496 1.1305 1.3271 1.45818 1.06496 1.08134 1.06496 1.45818 0.98304 1.08134 1.04858 
Utility: 5.2021 4.62478 5.22006 4.53658 5.01045 4.76532 5.36379 4.7846 4.55753 4.6391 4.69967 4.78487 4.78649 4.74875 4.68597 4.70659 4.65189 5.25799 4.84566 4.74511 5.3451 5.16705 4.82498 4.72039 4.72253 4.90303 4.55568 4.85089 4.63879 5.14169 5.01679 5.16838 5.20006 4.7921 4.57628 5.15932 5.03703 5.10207 4.56712 4.87635 4.5206 4.88631 5.36158 4.86973 4.58086 4.52649 5.12565 4.55444 4.62013 4.75963 

--------------------------------------
Time: 11.0022
Split Ratios: 1 1 1 1 1 1 1 1 1 1 1 1 1 1 1 1 1 1 1 1 1 1 1 1 1 1 1 1 1 1 1 1 1 1 1 1 1 1 1 1 1 1 1 1 1 1 1 1 1 1 
Delays: 0.00608731 0.0113356 0.00575626 0.0108122 0.00852995 0.00840333 0.00590964 0.00844235 0.0108389 0.0114039 0.00868184 0.0104805 0.0093949 0.0101636 0.00988667 0.00967143 0.0105123 0.0063877 0.00819837 0.0106314 0.00624514 0.00611375 0.00812194 0.0100326 0.011206 0.00814464 0.010413 0.0104022 0.00829915 0.0082114 0.00783317 0.00632125 0.00757437 0.0103879 0.0105332 0.00614589 0.00871166 0.00689269 0.0110522 0.0085799 0.011128 0.00969832 0.00646064 0.00800347 0.010847 0.0107373 0.00890901 0.0107788 0.0106156 0.00846392 
Throughputs: 1.2288 1.09773 1.03219 1.21242 1.16326 0.98304 1.2288 1.21242 1.16326 1.16326 1.01581 1.11411 1.16326 0.933888 1.14688 0.999424 1.1305 1.40902 1.08134 1.03219 1.44179 1.3271 1.01581 1.21242 1.50733 1.11411 1.17965 1.42541 0.770048 1.1305 1.16326 1.01581 0.999424 1.04858 1.27795 1.06496 1.35987 1.24518 1.19603 0.917504 1.04858 1.2288 1.31072 1.03219 1.35987 1.37626 1.16326 1.08134 1.16326 1.11411 
Utility: 5.30759 4.57305 5.18915 4.7197 4.9154 4.76202 5.33721 4.96711 4.67584 4.62503 4.76221 4.66629 4.81882 4.52054 4.75361 4.638 4.67787 5.39628 4.88202 4.57563 5.44184 5.38021 4.82887 4.79453 4.90164 4.91845 4.72991 4.9202 4.5303 4.92489 5.00062 5.07952 4.88241 4.61455 4.79849 5.15491 5.05048 5.19658 4.68414 4.67224 4.54573 4.84184 5.3126 4.85957 4.83126 4.8534 4.87192 4.60838 4.69666 4.88 

--------------------------------------
Time: 11.5022
Split Ratios: 1 1 1 1 1 1 1 1 1 1 1 1 1 1 1 1 1 1 1 1 1 1 1 1 1 1 1 1 1 1 1 1 1 1 1 1 1 1 1 1 1 1 1 1 1 1 1 1 1 1 
Delays: 0.00624297 0.0108202 0.0056849 0.0105463 0.00898744 0.00847617 0.00605687 0.00843978 0.0112027 0.0113895 0.00869601 0.010553 0.00899187 0.0101399 0.00988361 0.00999793 0.0105115 0.00626182 0.00836412 0.010583 0.00599133 0.00588941 0.00838742 0.010006 0.0109502 0.00832958 0.010821 0.0111831 0.00862158 0.00829014 0.00774805 0.00646038 0.00759806 0.0105937 0.0102982 0.00615262 0.00854801 0.00687299 0.0112865 0.00842584 0.0115789 0.00995986 0.0071643 0.00830067 0.0107396 0.0108145 0.00910848 0.0110338 0.0106627 0.00852326 
Throughputs: 1.04858 1.03219 0.950272 0.966656 1.27795 1.1305 1.29434 1.19603 1.16326 1.17965 1.29434 1.11411 1.11411 1.19603 0.851968 1.06496 1.19603 1.04858 0.90112 1.01581 1.35987 1.17965 0.999424 1.2288 0.90112 1.26157 1.17965 1.11411 0.999424 1.04858 0.999424 1.19603 0.933888 1.04858 1.24518 1.08134 1.19603 1.06496 1.26157 1.24518 0.950272 1.31072 1.5401 0.933888 0.98304 1.17965 1.5401 1.37626 0.950272 1.14688 
Utility: 5.12373 4.55803 5.11893 4.51807 4.95719 4.89315 5.36456 4.95381 4.64283 4.64028 5.00289 4.6594 4.81949 4.77029 4.45667 4.66831 4.7343 5.12072 4.67969 4.56419 5.42483 5.29982 4.78045 4.81061 4.41028 5.0203 4.69148 4.60141 4.75291 4.84012 4.85974 5.22108 4.81146 4.59493 4.79507 5.16908 4.94107 5.04309 4.7165 4.99573 4.40756 4.87977 5.37049 4.72302 4.51672 4.69209 5.13039 4.82616 4.48999 4.902 

--------------------------------------
Time: 12.0025
Split Ratios: 1 1 1 1 1 1 1 1 1 1 1 1 1 1 1 1 1 1 1 1 1 1 1 1 1 1 1 1 1 1 1 1 1 1 1 1 1 1 1 1 1 1 1 1 1 1 1 1 1 1 
Delays: 0.0064514 0.0113704 0.00582882 0.0106564 0.00893613 0.00864284 0.00601541 0.00847517 0.010999 0.0119451 0.00892721 0.0103847 0.00958251 0.00988273 0.00996064 0.00963902 0.0105599 0.00645294 0.00821783 0.0108496 0.00634766 0.00590138 0.00835356 0.010002 0.0114342 0.00808394 0.0109312 0.0108414 0.00866367 0.00824751 0.00766359 0.00637481 0.00709232 0.0102614 0.0105929 0.00599058 0.00874494 0.00652335 0.0107873 0.0080703 0.0113902 0.00963443 0.00669296 0.0080492 0.0110564 0.0107137 0.00870062 0.0111131 0.0103712 0.00834622 
Throughputs: 1.40902 1.24518 0.999424 1.06496 1.09773 1.17965 1.04858 1.11411 1.11411 1.47456 1.11411 1.08134 1.45818 0.98304 1.04858 1.3271 1.17965 1.14688 1.17965 0.884736 1.19603 1.1305 0.835584 1.52371 1.19603 1.06496 1.01581 1.24518 0.933888 1.21242 1.1305 1.14688 1.11411 1.03219 1.2288 1.06496 1.37626 0.933888 1.29434 0.950272 1.06496 1.24518 1.21242 1.19603 1.17965 1.06496 1.14688 1.34349 1.04858 1.03219 
Utility: 5.38636 4.69602 5.14436 4.60453 4.81089 4.91624 5.16086 4.87867 4.618 4.8158 4.82671 4.64562 5.025 4.59986 4.65655 4.92493 4.71591 5.18026 4.96667 4.40116 5.23868 5.25523 4.60544 5.02612 4.65015 4.88081 4.53181 4.74367 4.68022 4.99046 4.99393 5.19245 5.0568 4.61105 4.75361 5.18051 5.05865 4.96397 4.78738 4.76856 4.53794 4.8617 5.19931 5.00119 4.66996 4.59917 4.88141 4.7949 4.61615 4.81763 

--------------------------------------
Time: 12.5028
Split Ratios: 1 1 1 1 1 1 1 1 1 1 1 1 1 1 1 1 1 1 1 1 1 1 1 1 1 1 1 1 1 1 1 1 1 1 1 1 1 1 1 1 1 1 1 1 1 1 1 1 1 1 
Delays: 0.00644395 0.0114609 0.00574746 0.0108328 0.00886643 0.00838811 0.00608968 0.00859446 0.0108559 0.0115868 0.00865447 0.0108508 0.00916579 0.0101082 0.010117 0.00982232 0.0108906 0.00624935 0.00788507 0.0107578 0.00624992 0.00579795 0.00801063 0.00997092 0.0108892 0.00822844 0.0107707 0.0105442 0.00845998 0.00892689 0.00764348 0.00655642 0.00709229 0.0102228 0.0105241 0.00613176 0.00902441 0.00631944 0.0109291 0.00847093 0.0118935 0.00972039 0.00650316 0.00816732 0.011278 0.0111014 0.00879754 0.0104649 0.0102978 0.00867516 
Throughputs: 1.2288 1.2288 1.24518 0.933888 1.19603 1.01581 1.17965 1.16326 1.29434 1.1305 1.31072 1.17965 1.35987 0.98304 1.16326 1.03219 0.950272 1.08134 1.04858 1.11411 1.1305 1.14688 0.851968 1.45818 1.08134 1.16326 1.29434 1.17965 1.24518 1.40902 1.2288 1.26157 1.06496 0.966656 1.29434 1.1305 1.11411 1.2288 1.03219 1.19603 1.42541 1.19603 1.16326 0.999424 0.98304 1.24518 1.19603 1.2288 0.851968 1.19603 
Utility: 5.25065 4.67485 5.37828 4.45678 4.90449 4.79662 5.26638 4.90787 4.78105 4.58055 5.02026 4.68874 4.99967 4.5773 4.74477 4.65478 4.46884 5.15348 4.89022 4.64018 5.19784 5.2873 4.66678 4.98527 4.59819 4.95139 4.78892 4.71739 4.99169 5.06158 5.07994 5.25967 5.01168 4.54922 4.81208 5.21693 4.81588 5.27016 4.54801 4.95012 4.78622 4.81254 5.1867 4.80704 4.46779 4.71997 4.91229 4.76577 4.41562 4.9263 

--------------------------------------
Time: 13.003
Split Ratios: 1 1 1 1 1 1 1 1 1 1 1 1 1 1 1 1 1 1 1 1 1 1 1 1 1 1 1 1 1 1 1 1 1 1 1 1 1 1 1 1 1 1 1 1 1 1 1 1 1 1 
Delays: 0.00619087 0.0120827 0.00581318 0.0112491 0.00849639 0.00833581 0.00614731 0.00855869 0.0126715 0.0140069 0.00914481 0.0129704 0.0111519 0.0104485 0.0101111 0.00909937 0.0127527 0.00613141 0.00796242 0.0107911 0.00621156 0.00577897 0.00840397 0.0101777 0.0137165 0.00845733 0.010643 0.010427 0.00838668 0.00899244 0.00775741 0.0063636 0.00681211 0.0102958 0.0102762 0.00603076 0.00868705 0.00669512 0.0111748 0.00845303 0.0108833 0.00961547 0.00672607 0.00813329 0.0114048 0.0106323 0.00890488 0.0107969 0.0106623 0.00862994 
Throughputs: 1.24518 1.1305 0.98304 0.966656 1.06496 1.04858 1.17965 1.03219 1.17965 1.39264 1.19603 1.35987 1.08134 1.27795 1.11411 1.16326 1.37626 1.06496 0.950272 1.01581 1.06496 1.08134 1.08134 1.2288 1.34349 1.17965 1.29434 1.27795 1.2288 1.17965 0.884736 0.98304 0.98304 0.98304 1.11411 0.8192 1.40902 0.999424 1.26157 1.42541 1.04858 0.917504 1.2288 1.06496 1.39264 1.01581 1.34349 1.2288 1.31072 1.06496 
Utility: 5.30396 4.53864 5.13052 4.45356 4.83105 4.83463 5.25696 4.79249 4.53362 4.59941 4.87358 4.65248 4.57435 4.80656 4.70218 4.85078 4.68138 5.15727 4.78202 4.54471 5.14428 5.23174 4.85726 4.7936 4.58443 4.93794 4.80085 4.80862 4.98715 4.87659 4.73664 5.04006 4.97195 4.55891 4.68598 4.91146 5.08882 5.0058 4.72645 5.12769 4.56796 4.55828 5.2078 4.87473 4.80492 4.55954 5.01643 4.73453 4.81162 4.81545 

--------------------------------------
Time: 13.503
Split Ratios: 1 1 1 1 1 1 1 1 1 1 1 1 1 1 1 1 1 1 1 1 1 1 1 1 1 1 1 1 1 1 1 1 1 1 1 1 1 1 1 1 1 1 1 1 1 1 1 1 1 1 
Delays: 0.00632048 0.0113133 0.0057854 0.0107778 0.00862126 0.00836002 0.00599148 0.00831229 0.0102745 0.0114685 0.00874253 0.0103044 0.00911916 0.0100665 0.00999873 0.00935338 0.0102599 0.00637591 0.00814864 0.010859 0.00611466 0.00603575 0.00806746 0.0100759 0.0108526 0.00849595 0.0108782 0.0108378 0.00872133 0.00856702 0.00791712 0.00610969 0.007049 0.0104821 0.0108003 0.00617723 0.00896992 0.00721645 0.0111907 0.00832817 0.0115379 0.00985435 0.00698331 0.0079592 0.0111231 0.0106752 0.00853146 0.0104633 0.0105056 0.00871922 
Throughputs: 1.26157 1.1305 1.01581 1.17965 1.16326 1.14688 1.19603 1.19603 1.16326 1.26157 1.37626 1.16326 0.950272 0.868352 0.90112 1.34349 1.03219 1.11411 0.966656 1.21242 1.19603 1.37626 0.917504 1.35987 0.884736 1.21242 1.01581 1.09773 1.03219 1.04858 1.21242 0.98304 1.21242 1.35987 1.14688 0.884736 0.950272 1.11411 1.03219 1.35987 1.04858 1.35987 1.35987 0.868352 1.24518 1.1305 1.17965 0.966656 1.08134 1.14688 
Utility: 5.29632 4.60443 5.1681 4.69549 4.90475 4.92134 5.29643 4.96903 4.72932 4.70051 5.05892 4.72642 4.64637 4.45739 4.50118 4.96729 4.6112 5.16329 4.77599 4.71538 5.27608 5.42942 4.73382 4.905 4.40088 4.96078 4.53668 4.61796 4.77367 4.80727 5.03134 5.08077 5.14748 4.86548 4.66522 4.96442 4.66287 5.03945 4.52436 5.0955 4.50955 4.92723 5.27162 4.69227 4.71801 4.66249 4.92921 4.52597 4.63405 4.87927 

--------------------------------------
Time: 14.0033
Split Ratios: 1 1 1 1 1 1 1 1 1 1 1 1 1 1 1 1 1 1 1 1 1 1 1 1 1 1 1 1 1 1 1 1 1 1 1 1 1 1 1 1 1 1 1 1 1 1 1 1 1 1 
Delays: 0.006204 0.0121949 0.00592799 0.0104801 0.00872097 0.00832576 0.0060121 0.00875791 0.0105835 0.011603 0.0085354 0.0105983 0.00923279 0.0101088 0.00987555 0.00930235 0.0105962 0.00640717 0.00789394 0.0116456 0.00623777 0.00588522 0.00814522 0.0100908 0.0107272 0.00825407 0.0105125 0.0104444 0.00868655 0.00904998 0.00775981 0.00625372 0.00742487 0.0104694 0.0103086 0.00618797 0.00911363 0.00674408 0.0111518 0.00846711 0.0109441 0.00991647 0.00741675 0.00808814 0.011538 0.010451 0.0085079 0.0107406 0.0102104 0.00918902 
Throughputs: 1.17965 1.24518 1.16326 1.26157 1.34349 1.19603 1.42541 0.98304 1.2288 1.01581 1.11411 1.27795 1.17965 1.01581 0.917504 1.14688 1.09773 1.26157 0.90112 1.1305 1.27795 1.24518 0.98304 1.14688 0.98304 1.1305 1.03219 1.26157 1.11411 1.21242 1.42541 1.09773 0.999424 1.08134 1.08134 0.950272 1.27795 1.31072 1.26157 1.08134 1.11411 1.09773 1.50733 1.11411 1.14688 0.950272 1.24518 1.09773 1.04858 1.24518 
Utility: 5.24778 4.62602 5.2793 4.79063 5.03729 4.96741 5.46844 4.72069 4.7545 4.47218 4.87159 4.79232 4.85021 4.61003 4.53159 4.81453 4.64051 5.28269 4.73754 4.57548 5.32239 5.35459 4.79322 4.73317 4.51787 4.91971 4.58688 4.79404 4.85404 4.89761 5.21326 5.16782 4.90234 4.63751 4.65298 5.03414 4.94324 5.26967 4.72851 4.84977 4.62301 4.7068 5.31435 4.92541 4.59916 4.51005 4.98604 4.62697 4.63179 4.90903 

--------------------------------------
Time: 14.5034
Split Ratios: 1 1 1 1 1 1 1 1 1 1 1 1 1 1 1 1 1 1 1 1 1 1 1 1 1 1 1 1 1 1 1 1 1 1 1 1 1 1 1 1 1 1 1 1 1 1 1 1 1 1 
Delays: 0.00617442 0.0115032 0.00582052 0.0106539 0.00896945 0.00861041 0.00610542 0.00879649 0.0108757 0.0114149 0.00863284 0.0106248 0.00911364 0.0101237 0.0101204 0.00898092 0.0106383 0.00660123 0.00827793 0.011366 0.00644451 0.00585247 0.00813964 0.00987323 0.0111711 0.00807796 0.0107011 0.0104028 0.00875252 0.00860903 0.00775889 0.00632105 0.00650909 0.0101062 0.0104846 0.00633296 0.0089843 0.00646854 0.010531 0.00841844 0.0109946 0.00971845 0.00649333 0.00817026 0.011059 0.0103577 0.00831971 0.0106589 0.0100584 0.00858172 
Throughputs: 1.06496 1.1305 1.2288 1.03219 1.21242 0.98304 1.29434 1.17965 1.04858 1.19603 1.21242 1.08134 1.08134 1.17965 0.98304 1.27795 0.933888 1.50733 1.01581 0.999424 1.45818 1.1305 1.03219 1.44179 1.21242 1.01581 0.966656 1.29434 0.950272 1.1305 1.26157 1.21242 0.917504 0.8192 1.11411 1.17965 1.47456 1.17965 1.01581 1.16326 0.868352 1.1305 1.21242 1.11411 1.31072 1.11411 1.09773 1.37626 0.917504 1.17965 
Utility: 5.15028 4.58779 5.3524 4.57352 4.90655 4.73768 5.35658 4.89862 4.56866 4.65185 4.9448 4.62277 4.77619 4.7581 4.57609 4.95791 4.47489 5.43084 4.80985 4.47655 5.42171 5.26355 4.84269 4.98382 4.68704 4.8343 4.5035 4.82368 4.68741 4.8776 5.09127 5.25648 4.94846 4.39518 4.6659 5.2272 5.10064 5.20602 4.56912 4.92856 4.36919 4.75639 5.22959 4.91531 4.77509 4.67808 4.88237 4.86073 4.51325 4.92334 

--------------------------------------
Time: 15.0035
Split Ratios: 1 1 1 1 1 1 1 1 1 1 1 1 1 1 1 1 1 1 1 1 1 1 1 1 1 1 1 1 1 1 1 1 1 1 1 1 1 1 1 1 1 1 1 1 1 1 1 1 1 1 
Delays: 0.00634505 0.0113285 0.00578375 0.0103712 0.00881142 0.00808711 0.00606764 0.00827736 0.0105443 0.0110739 0.00820449 0.010302 0.00864407 0.0101888 0.00989174 0.00942491 0.0103911 0.00632006 0.00833102 0.011436 0.00603351 0.00578204 0.00808681 0.00986452 0.0108938 0.00823023 0.0104347 0.0103266 0.00840679 0.00861639 0.0076018 0.00638351 0.00741154 0.0102222 0.0105506 0.0064524 0.00921542 0.006638 0.0110736 0.00831658 0.0110643 0.00965016 0.0065731 0.00796894 0.0109432 0.0105386 0.00874269 0.0103623 0.0102552 0.00874416 
Throughputs: 1.1305 1.17965 0.999424 0.999424 1.29434 1.06496 1.19603 1.27795 1.01581 1.11411 0.917504 1.08134 0.851968 1.08134 1.01581 1.08134 1.09773 0.98304 0.966656 1.11411 1.24518 1.03219 1.16326 1.08134 1.24518 0.98304 1.21242 1.19603 1.03219 1.39264 1.01581 0.966656 1.01581 1.06496 1.16326 1.37626 1.1305 1.01581 1.19603 1.3271 1.24518 0.966656 1.37626 1.14688 1.11411 1.03219 1.29434 0.933888 0.98304 1.06496 
Utility: 5.18274 4.64565 5.15213 4.56815 4.9897 4.88042 5.28379 5.03949 4.56786 4.61122 4.71698 4.65362 4.59068 4.66467 4.63174 4.7426 4.66005 5.04692 4.75386 4.57904 5.32971 5.18468 4.96875 4.69702 4.73885 4.78284 4.75524 4.75204 4.8104 5.08529 4.89505 5.02012 4.9204 4.64613 4.7028 5.36267 4.80953 5.03063 4.6822 5.0725 4.72332 4.60687 5.34414 4.96925 4.62309 4.5844 4.99753 4.50118 4.56286 4.80231 

--------------------------------------
Time: 15.5035
Split Ratios: 1 1 1 1 1 1 1 1 1 1 1 1 1 1 1 1 1 1 1 1 1 1 1 1 1 1 1 1 1 1 1 1 1 1 1 1 1 1 1 1 1 1 1 1 1 1 1 1 1 1 
Delays: 0.00642082 0.010906 0.00593327 0.0105033 0.00896392 0.00835832 0.00614383 0.0083707 0.0109342 0.0120612 0.00864074 0.0107598 0.00958596 0.0101819 0.0100881 0.0099046 0.0106189 0.00625195 0.00805484 0.010848 0.00636352 0.00591098 0.00810995 0.0101675 0.01103 0.00859878 0.0106373 0.0105637 0.00855156 0.00842858 0.00775169 0.0062253 0.00746411 0.0103108 0.0104539 0.00620771 0.00844125 0.00709294 0.011629 0.00878878 0.011278 0.00973443 0.00698202 0.00794862 0.011594 0.0106956 0.00850724 0.0103147 0.0103582 0.00876724 
Throughputs: 1.17965 1.04858 1.3271 1.17965 1.1305 1.01581 1.14688 1.09773 1.08134 1.31072 1.2288 1.14688 1.49094 0.999424 1.14688 1.14688 0.999424 1.16326 1.11411 1.16326 1.42541 1.31072 0.917504 1.37626 1.1305 1.26157 1.06496 1.19603 0.90112 1.24518 0.98304 0.933888 1.42541 1.1305 0.933888 1.09773 1.14688 1.35987 0.802816 1.16326 1.04858 1.16326 1.04858 0.917504 1.2288 1.17965 1.26157 1.16326 1.21242 0.933888 
Utility: 5.21342 4.56588 5.41018 4.72129 4.8372 4.80018 5.22935 4.87626 4.59406 4.68833 4.95731 4.66898 5.04687 4.58657 4.73345 4.7518 4.54454 5.22609 4.92954 4.675 5.41163 5.40152 4.72857 4.90792 4.62979 4.98849 4.60632 4.72934 4.65753 4.99541 4.84274 5.01073 5.25211 4.69722 4.49238 5.17521 4.91167 5.25605 4.23462 4.88551 4.53233 4.78332 5.01185 4.74866 4.66331 4.70313 4.99919 4.72542 4.76259 4.66833 

--------------------------------------
Time: 16.0037
Split Ratios: 1 1 1 1 1 1 1 1 1 1 1 1 1 1 1 1 1 1 1 1 1 1 1 1 1 1 1 1 1 1 1 1 1 1 1 1 1 1 1 1 1 1 1 1 1 1 1 1 1 1 
Delays: 0.00628864 0.0118861 0.00599702 0.0109566 0.00887738 0.00825515 0.00603548 0.00848738 0.0107769 0.0112648 0.00873346 0.0106946 0.00945053 0.0101391 0.00996987 0.0093369 0.0105171 0.00633377 0.00799997 0.0118253 0.0062279 0.00588434 0.00837818 0.0100511 0.0111926 0.0083692 0.0110089 0.0107768 0.0085348 0.00909857 0.00773076 0.00635351 0.00694042 0.010222 0.0103734 0.005946 0.00939947 0.006549 0.0108404 0.00832606 0.011325 0.00979386 0.0064567 0.00804083 0.0118896 0.0106869 0.00863201 0.0107581 0.0106772 0.00911486 
Throughputs: 1.17965 1.21242 1.50733 1.1305 1.27795 0.917504 1.39264 1.16326 1.17965 1.19603 1.06496 1.16326 1.17965 1.03219 1.1305 1.03219 1.1305 1.09773 0.98304 0.999424 1.44179 1.01581 0.999424 1.2288 1.24518 1.26157 1.03219 1.5401 1.01581 1.1305 1.21242 1.16326 1.14688 1.03219 1.04858 0.835584 1.57286 1.21242 1.21242 1.1305 1.21242 1.03219 1.1305 0.950272 1.3271 1.01581 1.01581 0.999424 1.06496 1.14688 
Utility: 5.23423 4.625 5.52683 4.63647 4.96951 4.71082 5.4413 4.9204 4.69557 4.66508 4.80353 4.68925 4.8269 4.62304 4.73084 4.70547 4.67741 5.1551 4.81121 4.43693 5.4446 5.15114 4.78155 4.80611 4.71179 5.01555 4.54074 4.96221 4.77929 4.82229 5.05516 5.20998 5.10744 4.61489 4.61595 4.94541 5.12 5.22106 4.71709 4.91102 4.67336 4.65768 5.16529 4.77222 4.71509 4.55443 4.76796 4.53152 4.60258 4.83489 

--------------------------------------
Time: 16.5038
Split Ratios: 1 1 1 1 1 1 1 1 1 1 1 1 1 1 1 1 1 1 1 1 1 1 1 1 1 1 1 1 1 1 1 1 1 1 1 1 1 1 1 1 1 1 1 1 1 1 1 1 1 1 
Delays: 0.00617312 0.0116781 0.00591626 0.0110281 0.00848946 0.00822608 0.00605942 0.0082996 0.0105694 0.0111979 0.00862921 0.0106069 0.00945951 0.0103432 0.00979754 0.0093155 0.0105109 0.0064685 0.00803251 0.0112216 0.00618336 0.00587218 0.00816894 0.00988806 0.0109139 0.00811757 0.0105699 0.0102887 0.00844505 0.00911408 0.00777777 0.00634089 0.00663353 0.0105103 0.0104499 0.00625964 0.00912913 0.00670998 0.0107169 0.00832092 0.0113931 0.00988147 0.0067166 0.00803766 0.011643 0.0104508 0.00869443 0.0104167 0.0101561 0.00886229 
Throughputs: 1.19603 1.11411 1.19603 0.884736 1.40902 1.17965 1.11411 1.21242 1.06496 1.35987 1.3271 1.11411 0.933888 1.09773 1.16326 1.19603 1.09773 1.40902 1.04858 1.1305 1.17965 1.27795 1.03219 1.09773 1.16326 1.08134 1.17965 1.09773 0.98304 1.24518 1.03219 0.933888 1.11411 1.08134 1.03219 0.98304 1.35987 1.04858 1.01581 0.98304 1.06496 1.09773 1.45818 1.01581 1.29434 1.31072 1.19603 0.917504 0.999424 1.14688 
Utility: 5.26656 4.5581 5.30906 4.38485 5.11183 4.96566 5.2142 4.98416 4.61273 4.79942 5.0356 4.6543 4.59234 4.66466 4.77685 4.85509 4.64859 5.38371 4.87169 4.61257 5.25111 5.38279 4.8391 4.70967 4.66895 4.89193 4.71496 4.66995 4.75707 4.91722 4.88817 4.99234 5.12368 4.63361 4.59285 5.05653 5.00368 5.05159 4.55162 4.77188 4.53768 4.71034 5.38036 4.8393 4.71105 4.83166 4.92408 4.47825 4.58911 4.863 

--------------------------------------
Time: 17.004
Split Ratios: 1 1 1 1 1 1 1 1 1 1 1 1 1 1 1 1 1 1 1 1 1 1 1 1 1 1 1 1 1 1 1 1 1 1 1 1 1 1 1 1 1 1 1 1 1 1 1 1 1 1 
Delays: 0.0061614 0.011237 0.00592661 0.0109509 0.00889513 0.00848023 0.00600482 0.00856888 0.0112066 0.011239 0.00830774 0.0108648 0.00956238 0.00984036 0.0101822 0.00856524 0.0108124 0.00662483 0.00835011 0.0110935 0.00641993 0.0060301 0.00840893 0.0100865 0.0115349 0.0085046 0.0111597 0.0107508 0.0083632 0.00867314 0.00760281 0.00624823 0.00708853 0.0107054 0.0102446 0.00605595 0.00870283 0.00662782 0.0107918 0.00861061 0.0109536 0.00961974 0.00672731 0.00809507 0.0107885 0.0101526 0.008532 0.010879 0.0103665 0.00858581 
Throughputs: 1.09773 1.16326 1.14688 0.917504 1.06496 0.999424 1.37626 1.06496 1.08134 1.11411 1.09773 1.27795 1.26157 0.933888 1.14688 1.17965 1.14688 1.31072 1.06496 1.06496 1.03219 1.42541 1.08134 1.27795 1.45818 1.1305 0.966656 1.37626 1.16326 1.31072 1.08134 1.1305 1.1305 1.1305 1.08134 0.98304 1.3271 1.26157 1.11411 1.16326 0.98304 1.16326 1.14688 1.01581 1.19603 0.950272 1.14688 1.04858 1.04858 1.11411 
Utility: 5.18269 4.63978 5.26535 4.42823 4.78519 4.76944 5.43456 4.82256 4.56946 4.59642 4.88381 4.76748 4.88227 4.55286 4.72416 4.92526 4.6641 5.28751 4.84842 4.56434 5.08003 5.46545 4.85667 4.84181 4.83957 4.8898 4.46153 4.85215 4.93514 5.0181 4.95744 5.19811 5.07193 4.65967 4.65921 5.08961 5.02711 5.24883 4.63703 4.90599 4.49699 4.79517 5.13863 4.83218 4.70829 4.53902 4.90098 4.56836 4.61661 4.8657 

--------------------------------------
Time: 17.5043
Split Ratios: 1 1 1 1 1 1 1 1 1 1 1 1 1 1 1 1 1 1 1 1 1 1 1 1 1 1 1 1 1 1 1 1 1 1 1 1 1 1 1 1 1 1 1 1 1 1 1 1 1 1 
Delays: 0.00634256 0.0117404 0.00591989 0.0111348 0.00863909 0.00834177 0.00610679 0.00845401 0.010637 0.0119886 0.00868609 0.0104579 0.00972952 0.0102981 0.0100584 0.00981521 0.0103861 0.00626573 0.00807793 0.0107393 0.00614445 0.00585058 0.00841627 0.00986924 0.0119648 0.00868221 0.0105363 0.0103509 0.0081152 0.0085237 0.0078972 0.00619593 0.00687217 0.0102648 0.0102659 0.00610415 0.00860695 0.00659964 0.0109572 0.00852683 0.0112622 0.00992414 0.0067288 0.00830124 0.0108789 0.0102682 0.00866091 0.0106214 0.0105288 0.00847932 
Throughputs: 0.966656 1.35987 1.1305 1.24518 1.1305 1.04858 1.24518 1.06496 1.14688 1.34349 1.1305 1.21242 1.06496 1.19603 0.966656 0.950272 1.1305 1.2288 0.90112 1.04858 1.34349 1.11411 1.08134 1.24518 1.16326 1.26157 1.24518 1.21242 1.01581 1.01581 1.39264 0.933888 0.917504 0.884736 0.966656 1.35987 1.39264 1.08134 1.1305 1.24518 1.31072 1.37626 1.3271 1.17965 1.11411 0.950272 1.31072 1.09773 1.03219 1.19603 
Utility: 5.02656 4.75211 5.25209 4.71696 4.87411 4.83391 5.31764 4.83605 4.68047 4.71907 4.86869 4.75301 4.69553 4.7548 4.56544 4.57281 4.68995 5.2787 4.7145 4.58128 5.38748 5.24927 4.85579 4.83762 4.57702 4.97884 4.77221 4.76329 4.8297 4.78059 5.17245 5.01546 4.89418 4.45657 4.54501 5.40618 5.08639 5.09894 4.63641 4.98382 4.75688 4.93215 5.28436 4.95657 4.62898 4.5277 5.01951 4.63812 4.58533 4.94913 

--------------------------------------
Time: 18.0044
Split Ratios: 1 1 1 1 1 1 1 1 1 1 1 1 1 1 1 1 1 1 1 1 1 1 1 1 1 1 1 1 1 1 1 1 1 1 1 1 1 1 1 1 1 1 1 1 1 1 1 1 1 1 
Delays: 0.00646046 0.0116338 0.00588686 0.0111045 0.00909983 0.00832536 0.00615093 0.0083693 0.0105464 0.0124695 0.00894023 0.0106157 0.00984628 0.0100028 0.00989826 0.0101528 0.0108789 0.00623974 0.00803546 0.0108841 0.00607472 0.00596191 0.00841889 0.0100728 0.0115836 0.00815457 0.0112686 0.0107607 0.00833488 0.00837343 0.00778433 0.00627235 0.00704627 0.0103003 0.0101202 0.00602677 0.00848952 0.00635838 0.0112175 0.00804305 0.0116672 0.00973257 0.00658192 0.00836515 0.0109484 0.0108601 0.00869012 0.0105204 0.0108175 0.00856311 
Throughputs: 1.03219 1.26157 1.24518 1.19603 1.35987 0.884736 1.14688 1.03219 1.19603 1.35987 0.999424 1.26157 1.2288 1.01581 1.17965 1.3271 0.884736 1.03219 0.933888 1.01581 1.3271 1.16326 1.06496 1.35987 1.2288 1.19603 1.17965 1.1305 0.753664 1.24518 1.34349 1.14688 0.917504 1.01581 0.966656 0.933888 1.09773 1.19603 1.29434 1.08134 1.17965 1.2288 1.16326 1.1305 1.19603 0.999424 1.14688 1.26157 1.09773 1.31072 
Utility: 5.07374 4.68619 5.35432 4.67942 5.00689 4.66598 5.2282 4.81487 4.73098 4.69186 4.71662 4.77778 4.8267 4.62058 4.78061 4.87301 4.39847 5.1085 4.75549 4.53614 5.38662 5.27359 4.84021 4.9053 4.6642 4.98819 4.65095 4.65451 4.5045 5.00197 5.15091 5.20865 4.86916 4.59127 4.55931 5.04315 4.86217 5.23699 4.74827 4.90115 4.61619 4.83832 5.17466 4.90634 4.69357 4.52209 4.88261 4.78679 4.61984 5.03087 

--------------------------------------
Time: 18.5044
Split Ratios: 1 1 1 1 1 1 1 1 1 1 1 1 1 1 1 1 1 1 1 1 1 1 1 1 1 1 1 1 1 1 1 1 1 1 1 1 1 1 1 1 1 1 1 1 1 1 1 1 1 1 
Delays: 0.00621949 0.0117096 0.00568455 0.0110269 0.00896896 0.00820689 0.00620359 0.00836632 0.0104543 0.0118928 0.00895593 0.0104839 0.00935855 0.0102297 0.00993684 0.0095252 0.0105414 0.0063849 0.00819245 0.011216 0.00616446 0.00584418 0.00848047 0.0101029 0.0111025 0.00836491 0.0106108 0.010307 0.00814537 0.00856236 0.00781202 0.00631179 0.00757834 0.0101768 0.0102598 0.00608268 0.00883533 0.0067592 0.0119374 0.0083701 0.0113743 0.00979882 0.00650639 0.00799189 0.0112373 0.0107509 0.0091868 0.0106583 0.0105141 0.00878631 
Throughputs: 1.16326 1.40902 1.01581 1.04858 1.55648 0.950272 1.27795 1.21242 1.06496 1.04858 1.27795 1.1305 0.999424 1.17965 0.884736 1.27795 0.851968 1.14688 0.851968 0.98304 1.14688 1.29434 1.3271 1.42541 1.37626 1.24518 0.835584 1.16326 1.1305 1.21242 1.14688 1.1305 1.06496 1.2288 1.19603 0.999424 1.16326 1.1305 1.2288 1.1305 1.3271 1.08134 1.29434 1.11411 1.42541 0.917504 1.27795 0.999424 0.966656 1.14688 
Utility: 5.2313 4.79024 5.18569 4.55485 5.15641 4.75177 5.32789 4.97616 4.62368 4.47925 4.9607 4.68057 4.67089 4.74768 4.48904 4.89907 4.39224 5.19086 4.64434 4.47331 5.226 5.40031 5.05299 4.94939 4.81996 5.00299 4.36626 4.72616 4.93296 4.95299 4.98914 5.18799 4.9454 4.79368 4.75853 5.10173 4.88023 5.11951 4.63412 4.90575 4.7594 4.7037 5.29297 4.93739 4.84297 4.44666 4.93525 4.54084 4.52113 4.87161 

--------------------------------------
Time: 19.0046
Split Ratios: 1 1 1 1 1 1 1 1 1 1 1 1 1 1 1 1 1 1 1 1 1 1 1 1 1 1 1 1 1 1 1 1 1 1 1 1 1 1 1 1 1 1 1 1 1 1 1 1 1 1 
Delays: 0.00645519 0.0114754 0.00575527 0.0103685 0.00889656 0.0084098 0.00586167 0.00855556 0.010434 0.011029 0.00847487 0.0104887 0.00915901 0.0101197 0.00988632 0.00956386 0.0103353 0.0064172 0.00797356 0.0112806 0.00630293 0.00578989 0.00849647 0.00994833 0.0111471 0.00828526 0.0107192 0.0104399 0.00836569 0.00923816 0.00784598 0.00619739 0.00729215 0.00992486 0.0104945 0.00635934 0.00923773 0.00676559 0.0114164 0.00850456 0.0115349 0.00994247 0.00686978 0.00795545 0.0121319 0.0109813 0.00860981 0.0106409 0.0105329 0.00866772 
Throughputs: 0.90112 1.19603 1.09773 1.19603 1.17965 1.04858 1.14688 1.01581 1.19603 0.917504 1.24518 1.39264 0.98304 0.98304 0.966656 1.3271 0.966656 1.39264 1.14688 1.09773 1.09773 1.04858 0.8192 1.24518 0.98304 1.11411 1.01581 1.29434 1.1305 1.34349 1.27795 1.21242 1.2288 0.868352 1.14688 0.950272 1.47456 1.34349 1.03219 1.3271 1.11411 1.1305 1.19603 0.933888 1.47456 1.2288 1.1305 1.09773 1.09773 1.29434 
Utility: 4.93875 4.64656 5.25088 4.74799 4.88731 4.82579 5.27637 4.77686 4.74169 4.42113 4.98993 4.88866 4.67591 4.57617 4.58269 4.93276 4.53828 5.37997 4.96867 4.57791 5.15998 5.19907 4.56868 4.82963 4.47947 4.90133 4.5514 4.82012 4.90627 4.97968 5.09301 5.27624 5.12699 4.47155 4.69395 5.00682 5.07282 5.29118 4.50439 5.05015 4.57044 4.7336 5.15963 4.7655 4.80028 4.7176 4.87751 4.63629 4.64649 5.00615 

--------------------------------------
Time: 19.5049
Split Ratios: 1 1 1 1 1 1 1 1 1 1 1 1 1 1 1 1 1 1 1 1 1 1 1 1 1 1 1 1 1 1 1 1 1 1 1 1 1 1 1 1 1 1 1 1 1 1 1 1 1 1 
Delays: 0.00630549 0.0111284 0.00592554 0.0108005 0.00876715 0.00844276 0.00617325 0.00854207 0.0115047 0.0120131 0.00870793 0.0114689 0.00983151 0.0101794 0.00984464 0.00929265 0.0112059 0.00623737 0.00825364 0.0110739 0.00635811 0.00588718 0.00826678 0.00987139 0.0122987 0.00828919 0.0106501 0.0105587 0.00858489 0.00833213 0.00775099 0.00615717 0.0069577 0.0103772 0.0103814 0.00643602 0.0085527 0.00675789 0.0109573 0.00841577 0.0111352 0.0097585 0.00697343 0.00795073 0.0104616 0.0102227 0.00869412 0.0106159 0.0103941 0.00885871 
Throughputs: 1.17965 1.14688 1.21242 1.09773 1.49094 1.19603 1.31072 1.03219 1.19603 1.27795 1.34349 1.35987 0.933888 1.11411 1.27795 1.03219 1.08134 1.03219 1.17965 1.03219 1.27795 0.999424 0.917504 1.09773 1.19603 0.999424 1.19603 1.1305 1.04858 1.21242 1.16326 0.999424 1.21242 0.786432 1.06496 1.09773 1.16326 1.29434 1.08134 1.24518 1.06496 1.3271 1.39264 0.851968 1.04858 1.06496 1.11411 1.29434 1.14688 1.26157 
Utility: 5.23155 4.6353 5.3211 4.6214 5.13615 4.95346 5.35811 4.79444 4.64401 4.66702 5.03879 4.77551 4.55376 4.69544 4.86609 4.71022 4.56952 5.10888 4.96232 4.53485 5.30328 5.1344 4.70941 4.71136 4.57727 4.79223 4.72119 4.67346 4.80518 4.98025 5.01116 5.08956 5.16052 4.32789 4.63068 5.13909 4.91274 5.25504 4.59195 4.99693 4.56058 4.91262 5.29685 4.67428 4.60747 4.64608 4.85317 4.8034 4.70356 4.95871 

--------------------------------------
Time: 20.0049
Split Ratios: 1 1 1 1 1 1 1 1 1 1 1 1 1 1 1 1 1 1 1 1 1 1 1 1 1 1 1 1 1 1 1 1 1 1 1 1 1 1 1 1 1 1 1 1 1 1 1 1 1 1 
Delays: 0.0064643 0.0116945 0.00581291 0.0108889 0.00926338 0.00831695 0.00630571 0.00863093 0.0111456 0.0115545 0.00874001 0.0104224 0.00961783 0.0103326 0.00989318 0.00971853 0.010993 0.00621763 0.00818592 0.0113579 0.00617253 0.00584652 0.00844324 0.0100051 0.0119489 0.00844678 0.0109578 0.0106458 0.00871322 0.00905848 0.00775397 0.00656614 0.00764007 0.0101509 0.0104671 0.00599407 0.00923725 0.00661994 0.0117534 0.00849499 0.0118733 0.00961603 0.00659646 0.00817622 0.0112197 0.0115634 0.00924951 0.0110356 0.0107622 0.00892103 
Throughputs: 1.21242 1.06496 1.24518 1.09773 1.3271 1.04858 1.55648 1.08134 1.29434 1.17965 1.3271 1.17965 1.40902 0.98304 1.1305 1.17965 1.01581 1.17965 0.950272 0.90112 1.24518 1.14688 1.1305 1.27795 0.933888 1.35987 1.08134 1.03219 1.34349 1.19603 1.09773 0.98304 1.06496 1.16326 1.01581 1.01581 1.2288 1.11411 1.2288 1.2288 1.14688 0.999424 1.1305 0.966656 1.19603 1.11411 1.27795 1.21242 1.01581 1.27795 
Utility: 5.23408 4.51157 5.36696 4.61325 4.96469 4.83689 5.50873 4.83061 4.75471 4.6259 5.02284 4.72902 4.98703 4.55535 4.73857 4.79894 4.52618 5.24558 4.75433 4.37372 5.30693 5.27895 4.89705 4.84992 4.35872 5.08136 4.59191 4.57428 5.03818 4.88306 4.95279 5.00872 4.93729 4.74142 4.5752 5.13267 4.89055 5.12573 4.64965 4.97432 4.57051 4.64375 5.14388 4.77261 4.66909 4.56797 4.92844 4.69925 4.5474 4.9646 

--------------------------------------
Time: 20.5049
Split Ratios: 1 1 1 1 1 1 1 1 1 1 1 1 1 1 1 1 1 1 1 1 1 1 1 1 1 1 1 1 1 1 1 1 1 1 1 1 1 1 1 1 1 1 1 1 1 1 1 1 1 1 
Delays: 0.00625031 0.0116409 0.00590918 0.01045 0.00875294 0.00835769 0.00616615 0.00847403 0.0113149 0.0127843 0.00844654 0.0103307 0.00923256 0.00992526 0.0104413 0.0100766 0.0106698 0.00601211 0.00792515 0.0112612 0.00626359 0.00585723 0.00888863 0.00977034 0.0118147 0.00850051 0.0107468 0.0102919 0.00856407 0.00890918 0.00766383 0.00643309 0.00758451 0.0100963 0.0104463 0.00611974 0.00905256 0.00690374 0.0126192 0.00874478 0.0121212 0.0100129 0.00674623 0.00822718 0.0114045 0.0113553 0.00886589 0.0105242 0.0105438 0.00870532 
Throughputs: 1.24518 0.950272 1.03219 0.966656 1.42541 0.999424 1.01581 0.950272 1.27795 1.09773 1.08134 1.06496 1.14688 1.14688 1.16326 1.1305 0.950272 1.1305 0.90112 1.26157 1.31072 1.21242 1.06496 0.868352 1.40902 1.49094 0.835584 1.24518 0.999424 1.04858 1.16326 1.1305 1.09773 1.01581 1.09773 1.16326 1.26157 0.933888 1.09773 1.19603 1.06496 0.917504 1.40902 1.01581 1.06496 1.14688 1.39264 1.16326 1.03219 0.835584 
Utility: 5.29441 4.40223 5.16293 4.52724 5.09282 4.784 5.10437 4.71974 4.72689 4.45278 4.8522 4.63557 4.82206 4.74972 4.71321 4.72019 4.48933 5.23664 4.7336 4.71875 5.34358 5.33269 4.78592 4.48725 4.78131 5.16704 4.35353 4.79568 4.7596 4.76811 5.02247 5.16896 4.97489 4.61127 4.65475 5.24747 4.93706 4.90729 4.46578 4.91831 4.47574 4.51778 5.34167 4.816 4.53669 4.61512 5.05675 4.70531 4.5839 4.5642 

--------------------------------------
Time: 21.0049
Split Ratios: 1 1 1 1 1 1 1 1 1 1 1 1 1 1 1 1 1 1 1 1 1 1 1 1 1 1 1 1 1 1 1 1 1 1 1 1 1 1 1 1 1 1 1 1 1 1 1 1 1 1 
Delays: 0.00633222 0.0115102 0.00578111 0.0108372 0.00891978 0.00853258 0.00629011 0.00850046 0.0103741 0.0114542 0.00880348 0.0104317 0.00923641 0.0102297 0.00998616 0.00926257 0.0105018 0.00654216 0.00824151 0.0110595 0.00640358 0.00587475 0.00834709 0.0101832 0.0113906 0.00924257 0.0105013 0.0102881 0.00863748 0.00869024 0.00787936 0.0065341 0.00691189 0.0105874 0.0108575 0.00641477 0.0086775 0.00767425 0.0124912 0.00911513 0.0114117 0.00988075 0.00697393 0.00802611 0.0123374 0.0110343 0.00874259 0.0107955 0.0101642 0.00855056 
Throughputs: 1.08134 0.933888 1.01581 0.966656 1.40902 1.03219 1.44179 1.26157 0.90112 1.3271 1.27795 1.21242 1.14688 0.98304 1.01581 1.27795 0.933888 1.09773 1.11411 1.01581 1.39264 1.19603 1.03219 1.58925 1.24518 1.14688 0.8192 1.04858 1.16326 1.09773 1.21242 1.03219 1.08134 1.06496 1.50733 1.21242 1.03219 1.08134 1.26157 1.31072 1.03219 1.37626 1.62202 1.06496 1.39264 1.09773 1.24518 1.1305 0.950272 1.14688 
Utility: 5.14031 4.39612 5.16884 4.49086 5.06238 4.79555 5.43466 4.99999 4.46433 4.7524 4.97787 4.75552 4.82165 4.56535 4.62224 4.92703 4.48781 5.12273 4.90663 4.52015 5.3821 5.3161 4.81753 5.05028 4.69425 4.82098 4.35683 4.6242 4.90287 4.8388 5.03612 5.06241 5.05272 4.61103 4.93324 5.24177 4.77871 4.94809 4.61509 4.9684 4.5048 4.93653 5.44925 4.88799 4.72632 4.59999 4.95883 4.65128 4.53788 4.8988 

--------------------------------------
Time: 21.505
Split Ratios: 1 1 1 1 1 1 1 1 1 1 1 1 1 1 1 1 1 1 1 1 1 1 1 1 1 1 1 1 1 1 1 1 1 1 1 1 1 1 1 1 1 1 1 1 1 1 1 1 1 1 
Delays: 0.0063169 0.0119444 0.00584785 0.0109176 0.00887377 0.00837331 0.00611854 0.00828526 0.0107083 0.0117318 0.00896586 0.0107898 0.00986378 0.0100105 0.00998944 0.00957477 0.0107045 0.00652902 0.00819936 0.0114329 0.00628294 0.00588392 0.00849294 0.0101565 0.011532 0.00842227 0.0110086 0.0107024 0.00828663 0.00897109 0.0077049 0.00655388 0.00730949 0.0103321 0.0106224 0.00597005 0.00891243 0.00677583 0.0119151 0.00858122 0.0121014 0.00980004 0.0064988 0.00815835 0.0114481 0.0110257 0.00919592 0.0104903 0.0109283 0.0086709 
Throughputs: 1.06496 1.44179 1.21242 1.08134 1.24518 1.34349 1.21242 1.09773 0.999424 1.09773 1.24518 1.24518 1.26157 1.2288 1.11411 1.27795 1.24518 1.17965 0.999424 0.999424 0.868352 1.14688 1.11411 1.19603 1.26157 1.26157 0.917504 1.11411 0.884736 1.14688 1.06496 1.01581 1.17965 1.14688 0.98304 0.8192 1.3271 1.04858 1.67117 1.11411 1.11411 0.966656 1.21242 1.1305 1.34349 1.08134 1.39264 1.09773 0.933888 1.08134 
Utility: 5.12746 4.79338 5.3343 4.59558 4.94394 5.07797 5.28905 4.88652 4.53616 4.5387 4.93362 4.74844 4.85124 4.81016 4.71428 4.89388 4.75637 5.19671 4.80312 4.47069 4.92876 5.27258 4.87658 4.76865 4.69499 5.00923 4.42298 4.64534 4.67065 4.85079 4.92884 5.04338 5.0838 4.70954 4.52769 4.92157 5.00331 5.04183 4.94347 4.86624 4.52249 4.59146 5.22875 4.93137 4.7652 4.58573 5.0202 4.65055 4.448 4.82599 

--------------------------------------
Time: 22.0051
Split Ratios: 1 1 1 1 1 1 1 1 1 1 1 1 1 1 1 1 1 1 1 1 1 1 1 1 1 1 1 1 1 1 1 1 1 1 1 1 1 1 1 1 1 1 1 1 1 1 1 1 1 1 
Delays: 0.00629913 0.0108757 0.00589365 0.0106455 0.00911923 0.00836624 0.00604396 0.00855841 0.0109193 0.0115615 0.00851858 0.0105809 0.00945692 0.0102005 0.0103375 0.00975363 0.0107787 0.00673856 0.00819482 0.011048 0.00629053 0.00595068 0.00809041 0.0102399 0.010709 0.00895288 0.0115837 0.0109417 0.00849926 0.00833845 0.00765482 0.00668197 0.00714959 0.010463 0.0108186 0.00614715 0.00897596 0.00676488 0.0109408 0.00884514 0.0117704 0.00979694 0.00703951 0.00819542 0.0109446 0.0105742 0.00832044 0.0108299 0.0107972 0.00875115 
Throughputs: 1.04858 1.09773 1.21242 1.40902 1.50733 1.09773 1.44179 1.1305 1.29434 1.03219 1.08134 1.09773 1.2288 0.851968 1.11411 1.24518 1.1305 1.26157 0.933888 1.04858 1.24518 1.21242 0.917504 1.35987 1.27795 1.39264 1.3271 1.27795 1.01581 1.34349 0.999424 1.1305 0.770048 0.999424 1.35987 1.04858 1.14688 1.35987 0.950272 1.06496 1.01581 1.37626 1.47456 1.09773 1.26157 0.933888 1.29434 1.37626 1.14688 1.34349 
Utility: 5.11478 4.61447 5.3265 4.88552 5.10771 4.87679 5.47458 4.8835 4.77522 4.49176 4.84371 4.64195 4.86705 4.42511 4.68003 4.8494 4.65284 5.23226 4.73585 4.55294 5.28799 5.31687 4.73098 4.88885 4.78193 5.04698 4.74116 4.76043 4.78346 5.08215 4.87184 5.131 4.6794 4.55934 4.83388 5.1392 4.85025 5.3034 4.46425 4.79082 4.45785 4.94505 5.34458 4.89742 4.74726 4.48094 5.04704 4.84481 4.66552 5.03384 

--------------------------------------
Time: 22.5052
Split Ratios: 1 1 1 1 1 1 1 1 1 1 1 1 1 1 1 1 1 1 1 1 1 1 1 1 1 1 1 1 1 1 1 1 1 1 1 1 1 1 1 1 1 1 1 1 1 1 1 1 1 1 
Delays: 0.00640609 0.0116817 0.0057313 0.0103622 0.00906903 0.00820443 0.00616114 0.00834597 0.0110562 0.0122061 0.00853839 0.0107032 0.00957735 0.0101166 0.0100234 0.00943411 0.0110372 0.00619672 0.00832441 0.011612 0.00631328 0.00600106 0.00862908 0.0100731 0.0114171 0.00826967 0.0105983 0.0104818 0.00854344 0.00884264 0.00779409 0.00636897 0.0078623 0.0104962 0.0105977 0.0062886 0.0093277 0.0068027 0.0114036 0.00824611 0.0116822 0.00992992 0.00752679 0.00785867 0.0113736 0.0109675 0.00912717 0.0107601 0.0106635 0.00922943 
Throughputs: 1.26157 0.98304 1.09773 1.17965 1.17965 1.09773 1.3271 0.999424 1.17965 1.26157 1.19603 1.40902 1.19603 1.24518 1.09773 1.2288 1.19603 1.16326 1.16326 1.31072 1.08134 1.27795 1.47456 1.06496 1.16326 1.16326 1.09773 1.21242 0.999424 1.2288 1.08134 1.01581 1.06496 1.21242 1.06496 0.917504 1.24518 1.34349 1.14688 1.09773 0.851968 1.16326 1.11411 0.884736 1.11411 1.37626 1.39264 1.1305 1.14688 1.19603 
Utility: 5.28286 4.43263 5.25506 4.7348 4.86811 4.89632 5.37249 4.7854 4.66998 4.63817 4.94219 4.88011 4.82736 4.81286 4.69607 4.86946 4.6855 5.23496 4.93979 4.72629 5.1433 5.36108 5.14098 4.66082 4.62387 4.94639 4.64031 4.75073 4.76202 4.93421 4.93259 5.072 4.90861 4.74935 4.61005 4.98292 4.89405 5.28571 4.61087 4.89126 4.28949 4.76343 4.99734 4.72367 4.58452 4.83219 5.0277 4.65457 4.67797 4.86437 

--------------------------------------
Time: 23.0052
Split Ratios: 1 1 1 1 1 1 1 1 1 1 1 1 1 1 1 1 1 1 1 1 1 1 1 1 1 1 1 1 1 1 1 1 1 1 1 1 1 1 1 1 1 1 1 1 1 1 1 1 1 1 
Delays: 0.00624492 0.011198 0.00582319 0.0104174 0.00915104 0.00850041 0.00610009 0.00833214 0.0113004 0.0130338 0.00824565 0.0113803 0.00973142 0.0100283 0.0101852 0.0100449 0.0107373 0.00641425 0.00811101 0.011451 0.00611098 0.00606216 0.00856291 0.00998012 0.0112166 0.00828907 0.0115152 0.0111273 0.00867124 0.00850333 0.00764849 0.00616739 0.00747953 0.0103805 0.0105029 0.00630616 0.00905714 0.00677969 0.0110651 0.00877102 0.0116788 0.00993702 0.00688216 0.0080997 0.0111865 0.0109201 0.00869503 0.0108569 0.0111965 0.00851056 
Throughputs: 0.966656 0.966656 1.21242 0.950272 0.999424 1.09773 1.03219 0.966656 1.11411 1.19603 1.03219 1.17965 1.19603 0.884736 1.1305 1.19603 0.917504 1.31072 0.917504 1.27795 1.19603 1.16326 1.1305 1.42541 1.55648 1.19603 1.2288 1.31072 0.950272 1.19603 1.09773 1.01581 1.17965 1.21242 0.999424 1.1305 1.08134 1.37626 1.26157 1.29434 1.1305 1.08134 1.09773 1.11411 1.17965 1.08134 1.01581 1.37626 1.26157 1.2288 
Utility: 5.04207 4.45811 5.33852 4.51328 4.69331 4.86088 5.13114 4.75372 4.59098 4.51922 4.82975 4.64108 4.8114 4.47988 4.70947 4.7797 4.44794 5.31981 4.72843 4.71494 5.27668 5.25692 4.88297 4.96162 4.93279 4.97183 4.67012 4.76893 4.69674 4.94631 4.96649 5.10416 5.0608 4.76044 4.55552 5.18889 4.78241 5.31319 4.73631 4.9943 4.57264 4.68969 5.07207 4.92399 4.65827 4.59536 4.76069 4.84232 4.72451 4.97249 

--------------------------------------
Time: 23.5053
Split Ratios: 1 1 1 1 1 1 1 1 1 1 1 1 1 1 1 1 1 1 1 1 1 1 1 1 1 1 1 1 1 1 1 1 1 1 1 1 1 1 1 1 1 1 1 1 1 1 1 1 1 1 
Delays: 0.00643318 0.0109756 0.0057985 0.0106915 0.00909139 0.00842953 0.00599396 0.00810874 0.0108862 0.0116699 0.00853428 0.0104219 0.0092705 0.0100737 0.00995691 0.00937066 0.0105667 0.00658528 0.0082192 0.0105665 0.00616963 0.00582619 0.00833036 0.00987965 0.0107973 0.00828675 0.0107846 0.0106766 0.00838497 0.00878944 0.00790274 0.00629859 0.00707687 0.0101564 0.0105533 0.00610612 0.00868631 0.00627461 0.0105468 0.00827761 0.0112012 0.00978703 0.00665722 0.00805981 0.010812 0.0103923 0.00842417 0.0110428 0.0106732 0.00856325 
Throughputs: 1.16326 1.19603 1.03219 1.14688 1.24518 1.16326 1.06496 0.8192 1.21242 1.09773 0.966656 1.11411 1.03219 0.933888 0.917504 1.1305 1.01581 1.19603 1.01581 0.933888 1.24518 1.17965 0.90112 1.27795 0.966656 1.21242 1.08134 1.47456 0.999424 1.35987 1.29434 1.24518 1.04858 1.06496 1.19603 1.2288 1.3271 1.17965 1.11411 1.35987 0.90112 0.98304 1.11411 1.31072 1.06496 1.14688 0.98304 1.2288 1.04858 0.98304 
Utility: 5.19752 4.69109 5.18184 4.67535 4.91971 4.92724 5.17994 4.61539 4.71288 4.54398 4.72975 4.67191 4.7126 4.52943 4.52339 4.79283 4.56574 5.20193 4.81697 4.48167 5.3074 5.31061 4.68373 4.86254 4.49455 4.98571 4.60784 4.92806 4.78074 5.04159 5.09854 5.28671 4.99836 4.65259 4.73033 5.3045 5.02901 5.23646 4.65999 5.10159 4.38762 4.60959 5.12011 5.09144 4.59004 4.70373 4.75954 4.71202 4.58745 4.74317 

--------------------------------------
Time: 24.0053
Split Ratios: 1 1 1 1 1 1 1 1 1 1 1 1 1 1 1 1 1 1 1 1 1 1 1 1 1 1 1 1 1 1 1 1 1 1 1 1 1 1 1 1 1 1 1 1 1 1 1 1 1 1 
Delays: 0.00631392 0.0112774 0.00587163 0.0105682 0.00888495 0.00838578 0.00629366 0.00858082 0.0113781 0.0115839 0.00842376 0.0110096 0.00915672 0.0100651 0.00999384 0.00957983 0.0107357 0.00620952 0.00827327 0.0110916 0.00630158 0.00597411 0.00834518 0.0101958 0.0110963 0.00843755 0.0107412 0.0106971 0.00838367 0.00851026 0.00787253 0.00626759 0.00689583 0.0105329 0.0105416 0.00620531 0.00933891 0.00671628 0.0108321 0.00851513 0.0113662 0.0098517 0.00672018 0.00784937 0.0112564 0.0109911 0.00833155 0.0109026 0.010953 0.00862218 
Throughputs: 1.14688 1.06496 1.14688 1.17965 1.40902 1.06496 1.40902 1.09773 1.37626 1.16326 1.11411 1.34349 1.40902 1.35987 1.11411 1.01581 1.3271 1.31072 0.917504 1.14688 1.29434 1.19603 0.966656 1.27795 0.950272 1.3271 1.08134 1.24518 1.09773 1.42541 1.35987 1.19603 0.802816 1.2288 1.2288 1.01581 1.45818 1.11411 1.26157 1.16326 0.933888 1.08134 1.16326 0.851968 1.16326 0.966656 1.16326 1.06496 1.1305 1.24518 
Utility: 5.20204 4.5479 5.27467 4.71513 5.06629 4.84415 5.41111 4.85147 4.79543 4.60937 4.88476 4.80426 5.03616 4.90607 4.71384 4.66378 4.81718 5.35225 4.70863 4.63862 5.32495 5.29933 4.75216 4.83104 4.45014 5.05806 4.61187 4.75707 4.87471 5.12094 5.15177 5.25137 4.75721 4.75929 4.75847 5.09803 5.05075 5.11128 4.75759 4.91714 4.40872 4.69832 5.15387 4.68712 4.63805 4.47676 4.93894 4.58169 4.6368 4.9727 

--------------------------------------
Time: 24.5054
Split Ratios: 1 1 1 1 1 1 1 1 1 1 1 1 1 1 1 1 1 1 1 1 1 1 1 1 1 1 1 1 1 1 1 1 1 1 1 1 1 1 1 1 1 1 1 1 1 1 1 1 1 1 
Delays: 0.00632742 0.011193 0.00586111 0.0104771 0.00908501 0.00831275 0.00592653 0.0084383 0.0111125 0.0115968 0.00845879 0.010416 0.00941376 0.0100238 0.0101744 0.00951206 0.0104273 0.00628658 0.00825456 0.0105732 0.00616899 0.00591637 0.00854661 0.0100887 0.0109188 0.00819167 0.0106982 0.0103497 0.00845401 0.00834004 0.0076825 0.00632619 0.0076463 0.0106207 0.010337 0.00621725 0.00849872 0.0066648 0.0116341 0.0081 0.0117818 0.0100295 0.00688412 0.00786946 0.010551 0.0111249 0.0092968 0.0107874 0.0105139 0.00847487 
Throughputs: 0.966656 1.03219 0.999424 1.16326 1.1305 1.03219 1.37626 1.06496 1.16326 1.1305 1.1305 1.08134 0.917504 0.933888 0.868352 0.917504 0.884736 1.24518 1.16326 0.999424 1.11411 1.26157 1.24518 1.16326 1.19603 1.26157 1.04858 1.19603 1.03219 1.27795 1.3271 1.16326 1.24518 1.09773 1.17965 0.999424 1.24518 1.03219 1.34349 1.06496 1.01581 1.26157 1.35987 1.01581 1.09773 1.45818 1.17965 1.26157 1.21242 1.1305 
Utility: 5.02895 4.52415 5.13884 4.70979 4.82379 4.82165 5.44768 4.83791 4.65092 4.57968 4.89521 4.64262 4.57948 4.53439 4.44672 4.5691 4.44086 5.28862 4.94822 4.54886 5.19628 5.36239 4.9815 4.74757 4.69628 5.03699 4.58511 4.74981 4.8048 5.03195 5.15181 5.21429 5.09282 4.63819 4.73724 5.07985 4.98712 5.0426 4.74909 4.87883 4.45688 4.83458 5.28593 4.86045 4.64477 4.87576 4.8433 4.76173 4.74767 4.89331 

--------------------------------------
Time: 25.0055
Split Ratios: 1 1 1 1 1 1 1 1 1 1 1 1 1 1 1 1 1 1 1 1 1 1 1 1 1 1 1 1 1 1 1 1 1 1 1 1 1 1 1 1 1 1 1 1 1 1 1 1 1 1 
Delays: 0.00663575 0.0112446 0.00589322 0.0105619 0.00901161 0.0082383 0.00610963 0.00881894 0.0110544 0.0111465 0.00819851 0.0102232 0.00874091 0.0100957 0.0102745 0.00951892 0.0108862 0.00622183 0.00811554 0.0123668 0.00636419 0.00594595 0.00805219 0.00982952 0.0105417 0.00817092 0.0108615 0.0105529 0.00888606 0.00876879 0.00774356 0.0069307 0.00692287 0.0103092 0.0107098 0.00623666 0.00912264 0.0065696 0.010376 0.00839177 0.0113587 0.0100362 0.00702188 0.00806724 0.0110221 0.0105233 0.00836016 0.0103032 0.010834 0.00880089 
Throughputs: 1.24518 1.09773 1.1305 1.01581 1.39264 0.98304 1.27795 1.1305 1.29434 1.19603 1.04858 1.09773 0.933888 1.03219 1.16326 1.09773 1.03219 1.14688 1.06496 0.98304 1.2288 1.27795 0.90112 1.31072 1.27795 1.11411 1.04858 1.40902 1.2288 1.27795 1.27795 1.16326 1.1305 0.98304 1.04858 1.06496 1.34349 1.08134 1.08134 1.26157 1.11411 1.17965 1.35987 1.06496 1.26157 0.98304 1.1305 1.08134 1.04858 1.19603 
Utility: 5.23457 4.58111 5.25661 4.56619 5.04044 4.78186 5.34315 4.85351 4.76293 4.67564 4.85124 4.67634 4.67134 4.62733 4.72932 4.74772 4.55194 5.21674 4.87691 4.37564 5.26311 5.3703 4.71769 4.89294 4.79767 4.91523 4.56997 4.89426 4.92931 4.98182 5.10615 5.12302 5.09558 4.55762 4.58403 5.14025 4.99226 5.10351 4.64647 5.01286 4.58583 4.76677 5.26611 4.88288 4.74021 4.53706 4.90693 4.65351 4.5725 4.91191 

--------------------------------------
Time: 25.5056
Split Ratios: 1 1 1 1 1 1 1 1 1 1 1 1 1 1 1 1 1 1 1 1 1 1 1 1 1 1 1 1 1 1 1 1 1 1 1 1 1 1 1 1 1 1 1 1 1 1 1 1 1 1 
Delays: 0.00644076 0.0111914 0.00579574 0.010884 0.00874304 0.00835966 0.00607376 0.0084657 0.0109989 0.0117434 0.00882584 0.0108341 0.00942653 0.0102307 0.0104288 0.00923774 0.0108038 0.00644135 0.00818067 0.0108736 0.00659837 0.0058525 0.00825275 0.0101835 0.0110527 0.0083964 0.0104776 0.0103927 0.00854987 0.00851091 0.0076965 0.00637992 0.00708324 0.0102437 0.0109352 0.00607468 0.00879619 0.00680491 0.0112668 0.00883402 0.0114831 0.00983783 0.0067285 0.00807689 0.0109562 0.0106819 0.00843596 0.0103637 0.0104003 0.00858061 
Throughputs: 1.03219 1.26157 1.16326 1.2288 1.45818 1.40902 1.35987 1.04858 1.29434 1.26157 1.16326 1.21242 1.08134 0.999424 1.17965 1.08134 1.11411 1.2288 0.90112 1.11411 1.2288 1.2288 0.933888 1.35987 1.24518 1.1305 1.01581 1.21242 1.01581 1.27795 1.03219 1.2288 1.04858 1.29434 1.1305 0.950272 1.29434 1.27795 1.1305 1.29434 1.27795 1.1305 1.09773 1.08134 1.29434 1.19603 1.01581 0.950272 1.21242 1.08134 
Utility: 5.07679 4.72496 5.30186 4.7265 5.11668 5.12724 5.41117 4.81917 4.76795 4.67682 4.8813 4.71767 4.74243 4.58179 4.7284 4.76266 4.63591 5.25105 4.70186 4.62948 5.22697 5.34693 4.72881 4.89437 4.72436 4.90261 4.5742 4.75927 4.77752 5.01167 4.89867 5.26064 4.99746 4.83909 4.63842 5.05262 4.99143 5.23537 4.60855 4.98714 4.71214 4.74418 5.09465 4.89695 4.77185 4.71821 4.79094 4.51844 4.75854 4.83646 

--------------------------------------
Time: 26.006
Split Ratios: 1 1 1 1 1 1 1 1 1 1 1 1 1 1 1 1 1 1 1 1 1 1 1 1 1 1 1 1 1 1 1 1 1 1 1 1 1 1 1 1 1 1 1 1 1 1 1 1 1 1 
Delays: 0.00635324 0.0112901 0.00578449 0.0108039 0.00857738 0.00833331 0.00594131 0.00869987 0.0103285 0.0112426 0.00841674 0.0102629 0.0087933 0.0101706 0.0100507 0.00918612 0.0103048 0.00648718 0.00812423 0.01082 0.00637301 0.00596633 0.00818069 0.0101425 0.0107457 0.00829616 0.01084 0.0105222 0.0082078 0.00830111 0.0076937 0.00635807 0.00682805 0.0106334 0.0103758 0.00627146 0.00882087 0.00648308 0.0106203 0.00829785 0.0111018 0.00992674 0.00650261 0.00825007 0.0108396 0.0106903 0.00858986 0.0105174 0.010409 0.00830423 
Throughputs: 0.98304 1.03219 1.14688 0.884736 1.21242 1.11411 1.08134 1.06496 1.01581 1.1305 1.04858 1.1305 1.1305 0.999424 0.966656 1.03219 1.16326 1.11411 1.14688 0.999424 1.11411 1.17965 0.90112 1.26157 1.21242 1.04858 1.58925 1.08134 1.06496 1.11411 1.3271 1.2288 0.933888 1.1305 1.29434 0.98304 1.24518 1.01581 0.950272 1.21242 1.21242 1.16326 1.16326 1.03219 1.2288 1.16326 1.29434 1.16326 1.1305 1.11411 
Utility: 5.04168 4.51551 5.28962 4.40538 4.95124 4.89555 5.20403 4.80738 4.58853 4.6107 4.82497 4.70188 4.85642 4.58768 4.5662 4.72175 4.72638 5.14599 4.94995 4.52578 5.16374 5.28684 4.70186 4.82337 4.72587 4.8394 4.98777 4.63247 4.86561 4.89942 5.15035 5.26407 4.91832 4.66641 4.82628 5.05464 4.94992 5.05424 4.49398 4.98437 4.69327 4.76375 5.18678 4.82922 4.73059 4.68965 5.01517 4.70596 4.68775 4.89905 

--------------------------------------
Time: 26.506
Split Ratios: 1 1 1 1 1 1 1 1 1 1 1 1 1 1 1 1 1 1 1 1 1 1 1 1 1 1 1 1 1 1 1 1 1 1 1 1 1 1 1 1 1 1 1 1 1 1 1 1 1 1 
Delays: 0.00626752 0.012197 0.00593469 0.0106938 0.00935912 0.00858215 0.00592941 0.00810671 0.0107476 0.0117746 0.00875913 0.0106787 0.00914215 0.0100949 0.0103712 0.0105308 0.0105567 0.00692138 0.00809239 0.0117417 0.00613844 0.00590661 0.00831691 0.0101484 0.0107681 0.00840927 0.0113436 0.0109268 0.00858641 0.0089325 0.00780026 0.00629753 0.00740969 0.0102118 0.0104509 0.00631249 0.00904648 0.00671104 0.0114512 0.0084689 0.0121603 0.00996074 0.00698065 0.00809737 0.0111939 0.0109848 0.00882351 0.0108786 0.0105694 0.00921719 
Throughputs: 1.16326 1.42541 1.14688 0.98304 1.31072 1.31072 1.1305 0.917504 1.09773 1.37626 1.34349 1.09773 1.19603 0.966656 1.16326 1.45818 1.11411 1.21242 0.933888 1.16326 1.08134 1.14688 0.770048 1.11411 1.01581 1.29434 1.17965 1.06496 1.08134 1.50733 0.999424 1.1305 1.09773 1.06496 1.21242 1.17965 1.17965 1.06496 1.2288 1.08134 1.16326 1.1305 1.16326 1.16326 1.3271 0.98304 1.24518 1.3271 0.98304 1.2288 
Utility: 5.2236 4.76102 5.26399 4.52099 4.94198 5.02865 5.25049 4.72896 4.62631 4.76117 5.03293 4.63274 4.87387 4.56181 4.71995 4.93063 4.65905 5.16576 4.74843 4.59584 5.17139 5.26873 4.52816 4.69849 4.54685 5.03642 4.64432 4.57948 4.83578 5.1284 4.85302 5.19025 4.99821 4.64715 4.75368 5.23044 4.8706 5.06694 4.6757 4.84956 4.56081 4.73176 5.11584 4.96745 4.77539 4.49414 4.94962 4.80396 4.53269 4.89272 

--------------------------------------
Time: 27.006
Split Ratios: 1 1 1 1 1 1 1 1 1 1 1 1 1 1 1 1 1 1 1 1 1 1 1 1 1 1 1 1 1 1 1 1 1 1 1 1 1 1 1 1 1 1 1 1 1 1 1 1 1 1 
Delays: 0.00643145 0.0117287 0.00576846 0.0103739 0.00841154 0.00811909 0.00606462 0.00842121 0.0110047 0.0112861 0.00860267 0.0106878 0.00898613 0.0101701 0.00981213 0.00920743 0.0105314 0.00641367 0.00807794 0.0114243 0.00629763 0.00594703 0.00823293 0.010083 0.0111489 0.00822936 0.0103703 0.0102257 0.00856024 0.00879011 0.00768591 0.00657265 0.00715606 0.0101067 0.0100668 0.00633135 0.00913407 0.00653699 0.0109445 0.00835909 0.011158 0.0095615 0.00640534 0.00791745 0.0114531 0.0110723 0.00840888 0.0105508 0.0105626 0.00912152 
Throughputs: 0.98304 1.27795 0.950272 1.06496 1.1305 1.06496 1.26157 1.29434 1.11411 1.17965 0.966656 1.11411 1.21242 0.999424 0.851968 0.950272 0.98304 1.49094 1.09773 0.98304 1.27795 1.14688 0.933888 1.09773 1.24518 1.3271 0.999424 0.884736 0.950272 1.31072 1.19603 1.16326 0.884736 0.966656 1.03219 1.06496 1.29434 0.999424 1.19603 1.19603 0.933888 1.08134 1.26157 0.90112 1.1305 0.786432 1.45818 0.999424 1.45818 1.17965 
Utility: 5.02945 4.69097 5.10434 4.6314 4.90081 4.87647 5.33764 5.035 4.61749 4.6494 4.72177 4.64671 4.90469 4.58773 4.46393 4.63674 4.53629 5.44873 4.91186 4.45491 5.31284 5.26191 4.73121 4.69014 4.7157 5.08305 4.56823 4.46039 4.70962 5.00471 5.04738 5.17607 4.81733 4.56065 4.6302 5.12518 4.95374 5.0297 4.69393 4.96341 4.4272 4.72822 5.28298 4.73457 4.59215 4.26306 5.15565 4.55098 4.92763 4.86234 

--------------------------------------
Time: 27.5061
Split Ratios: 1 1 1 1 1 1 1 1 1 1 1 1 1 1 1 1 1 1 1 1 1 1 1 1 1 1 1 1 1 1 1 1 1 1 1 1 1 1 1 1 1 1 1 1 1 1 1 1 1 1 
Delays: 0.00616046 0.0109411 0.00576229 0.010582 0.00843028 0.00837191 0.00595982 0.00847281 0.0105824 0.0111521 0.00861878 0.0103576 0.00917571 0.010229 0.00995115 0.00898482 0.0102769 0.006251 0.00790873 0.0107405 0.00612841 0.00582883 0.00828463 0.0101353 0.0108772 0.00847709 0.010288 0.0103439 0.00827002 0.00822906 0.00769241 0.00607299 0.00683247 0.0102133 0.01019 0.00608274 0.00842599 0.00663387 0.0109021 0.0085063 0.0108709 0.00972185 0.00644813 0.00804988 0.0108567 0.0105395 0.00850017 0.0103855 0.0103521 0.00833481 
Throughputs: 1.24518 1.04858 1.09773 0.90112 0.999424 1.1305 1.03219 1.06496 1.31072 1.31072 1.04858 1.01581 1.17965 1.1305 1.08134 1.19603 1.01581 1.14688 1.17965 1.08134 1.1305 0.917504 1.06496 1.21242 1.06496 1.14688 0.966656 1.04858 1.06496 1.1305 1.11411 0.98304 1.29434 1.24518 1.17965 1.08134 1.42541 1.3271 1.11411 1.21242 1.04858 0.868352 0.851968 0.98304 1.17965 0.98304 1.16326 0.868352 1.17965 1.2288 
Utility: 5.30889 4.56266 5.24966 4.44448 4.77535 4.90553 5.1544 4.83383 4.81914 4.7667 4.80125 4.58572 4.85641 4.70518 4.68827 4.89123 4.59354 5.21206 5.005 4.61194 5.21748 5.05884 4.85629 4.78435 4.58402 4.90743 4.54286 4.61879 4.85806 4.92274 4.97558 5.0868 5.24407 4.80334 4.75157 5.1805 5.13089 5.29857 4.62686 4.95956 4.5691 4.49222 4.88376 4.80499 4.68819 4.53552 4.9189 4.42619 4.73578 4.99335 

--------------------------------------
Time: 28.0063
Split Ratios: 1 1 1 1 1 1 1 1 1 1 1 1 1 1 1 1 1 1 1 1 1 1 1 1 1 1 1 1 1 1 1 1 1 1 1 1 1 1 1 1 1 1 1 1 1 1 1 1 1 1 
Delays: 0.0062296 0.0107604 0.00579938 0.0103431 0.00872575 0.00823178 0.00606666 0.00844686 0.011011 0.0113944 0.00845652 0.0105159 0.00881288 0.0101022 0.0101304 0.00988978 0.0105731 0.0064206 0.00828883 0.0110363 0.00657629 0.00583772 0.00835723 0.00993173 0.0109801 0.00840212 0.0104346 0.0104828 0.00864583 0.00844395 0.00767437 0.00615064 0.00780315 0.0104176 0.0103681 0.00604576 0.0087552 0.00686547 0.0112912 0.00852353 0.0116615 0.0100695 0.00713917 0.00805911 0.0109178 0.0107943 0.00859392 0.0105554 0.0101768 0.00859176 
Throughputs: 1.17965 0.999424 0.851968 1.08134 1.34349 1.08134 1.11411 1.16326 1.37626 1.1305 1.16326 1.19603 0.98304 1.2288 1.2288 1.11411 0.98304 1.16326 1.03219 1.24518 1.39264 1.3271 0.98304 1.27795 1.3271 1.14688 0.933888 1.27795 1.1305 1.14688 1.27795 1.08134 1.08134 0.966656 1.31072 1.04858 1.27795 1.29434 1.19603 1.16326 1.04858 1.27795 1.62202 0.966656 1.14688 1.2288 1.26157 1.11411 0.884736 1.11411 
Utility: 5.24366 4.5313 4.9898 4.64964 5.03675 4.87796 5.213 4.92519 4.82822 4.59729 4.92405 4.73387 4.71444 4.80104 4.79825 4.72431 4.53233 5.19947 4.82453 4.72585 5.35549 5.42641 4.76752 4.85728 4.79467 4.91632 4.49423 4.80328 4.87334 4.91135 5.11513 5.1694 4.93143 4.53035 4.83959 5.15583 4.98337 5.23925 4.66274 4.91615 4.4989 4.8435 5.42583 4.78704 4.6544 4.73477 4.98906 4.65917 4.46518 4.86501 

--------------------------------------
Time: 28.5068
Split Ratios: 1 1 1 1 1 1 1 1 1 1 1 1 1 1 1 1 1 1 1 1 1 1 1 1 1 1 1 1 1 1 1 1 1 1 1 1 1 1 1 1 1 1 1 1 1 1 1 1 1 1 
Delays: 0.00654523 0.011594 0.00591088 0.0107716 0.00910382 0.00856445 0.00626241 0.00853531 0.0108703 0.0117217 0.00844808 0.0108034 0.0093606 0.0101269 0.00980951 0.00956357 0.0105636 0.00663071 0.00810293 0.0112873 0.00613717 0.00576366 0.00853263 0.0100213 0.0110649 0.00844221 0.011141 0.0104607 0.0083209 0.00891363 0.00760974 0.00661197 0.00769049 0.0102794 0.0105724 0.00605462 0.00890985 0.00670019 0.0116227 0.00830805 0.0119659 0.00980915 0.00665468 0.00843975 0.0113454 0.0117256 0.00945436 0.0110218 0.0102445 0.00886326 
Throughputs: 0.999424 1.31072 1.09773 1.09773 1.26157 0.98304 1.34349 0.933888 1.26157 1.35987 1.04858 1.08134 1.09773 1.08134 0.933888 0.917504 1.01581 1.31072 1.04858 0.999424 1.44179 1.17965 1.01581 1.04858 1.21242 1.39264 1.26157 1.06496 1.29434 1.21242 1.03219 1.04858 1.11411 1.14688 1.26157 1.04858 1.1305 1.17965 1.16326 1.11411 1.19603 1.27795 1.19603 1.09773 1.14688 1.16326 1.31072 1.50733 1.29434 1.29434 
Utility: 5.02844 4.72784 5.2242 4.62408 4.93142 4.74303 5.36846 4.69515 4.75408 4.7537 4.82125 4.6061 4.76449 4.67076 4.556 4.5637 4.56602 5.28662 4.86296 4.4835 5.45928 5.3214 4.77954 4.65048 4.69659 5.10571 4.72948 4.62306 5.04698 4.91279 4.91001 5.06631 4.97583 4.71466 4.78186 5.15437 4.84325 5.17083 4.60603 4.89859 4.6047 4.8697 5.19144 4.86805 4.61599 4.59721 4.93186 4.91822 4.83901 4.98384 

--------------------------------------
Time: 29.0068
Split Ratios: 1 1 1 1 1 1 1 1 1 1 1 1 1 1 1 1 1 1 1 1 1 1 1 1 1 1 1 1 1 1 1 1 1 1 1 1 1 1 1 1 1 1 1 1 1 1 1 1 1 1 
Delays: 0.00630527 0.0117421 0.00576998 0.0108356 0.00911557 0.00854269 0.00609799 0.00816506 0.0107546 0.0114946 0.0084752 0.0104072 0.00913648 0.0100652 0.00983194 0.00920939 0.0103577 0.00622963 0.00840764 0.0111908 0.00611422 0.00580316 0.0082053 0.0100083 0.0111919 0.00828383 0.0105057 0.01081 0.00836162 0.00887505 0.00781543 0.00636756 0.00699577 0.0102636 0.0110519 0.00651933 0.00882837 0.00667663 0.0116401 0.00856947 0.0118101 0.00997179 0.0068296 0.00799622 0.0115537 0.0114074 0.00864628 0.0107033 0.0105927 0.00889848 
Throughputs: 1.40902 1.24518 0.950272 0.999424 1.44179 1.11411 1.17965 1.17965 1.14688 1.17965 1.01581 1.09773 1.09773 1.3271 1.06496 1.24518 1.04858 1.21242 1.2288 1.16326 1.27795 1.26157 1.17965 1.01581 1.21242 1.16326 1.04858 1.26157 1.08134 1.47456 1.01581 0.884736 1.04858 0.933888 1.08134 0.98304 1.2288 1.35987 1.16326 1.2288 1.26157 1.29434 1.17965 0.98304 1.40902 1.14688 1.39264 1.06496 0.90112 1.31072 
Utility: 5.40927 4.66385 5.10408 4.52435 5.06366 4.87074 5.26501 4.97311 4.66947 4.63109 4.7863 4.6585 4.78872 4.88167 4.68506 4.90682 4.61746 5.27105 4.98465 4.64389 5.3424 5.38171 4.96819 4.62003 4.68518 4.94468 4.60327 4.75964 4.86231 5.11287 4.86734 4.93407 5.00988 4.51076 4.58336 5.01588 4.93582 5.31653 4.60453 4.96559 4.67115 4.86599 5.15171 4.81168 4.80365 4.61054 5.08183 4.60014 4.44348 4.99245 

--------------------------------------
Time: 29.5069
Split Ratios: 1 1 1 1 1 1 1 1 1 1 1 1 1 1 1 1 1 1 1 1 1 1 1 1 1 1 1 1 1 1 1 1 1 1 1 1 1 1 1 1 1 1 1 1 1 1 1 1 1 1 
Delays: 0.00651992 0.0122822 0.00581861 0.0104706 0.00859083 0.00829675 0.0058444 0.00887505 0.0110609 0.0119874 0.00848035 0.0102995 0.00900095 0.00991527 0.010051 0.00936777 0.0105818 0.00637255 0.00833881 0.0114005 0.00642864 0.00595368 0.0083894 0.0102557 0.0112067 0.00852191 0.0105847 0.0103349 0.00869932 0.00959748 0.00775329 0.00624987 0.00732985 0.0105215 0.0104257 0.00601495 0.0096801 0.00723586 0.011322 0.00868553 0.0111153 0.0099858 0.0070926 0.00794392 0.0117276 0.0104687 0.0086072 0.0106119 0.0105043 0.0091006 
Throughputs: 1.19603 1.29434 1.17965 1.1305 1.31072 1.04858 1.08134 0.851968 1.26157 1.21242 1.03219 0.999424 1.03219 0.950272 1.06496 1.19603 0.950272 1.08134 0.966656 1.16326 1.39264 1.1305 1.26157 1.29434 1.11411 1.29434 1.19603 1.19603 0.98304 1.24518 0.98304 1.21242 1.26157 1.1305 1.06496 0.999424 1.26157 1.34349 1.19603 1.04858 0.933888 1.08134 1.27795 0.98304 1.27795 1.26157 0.917504 1.16326 1.21242 1.08134 
Utility: 5.2119 4.6576 5.31191 4.68184 5.02764 4.83932 5.22048 4.5643 4.73669 4.61652 4.80169 4.57509 4.74211 4.56267 4.66302 4.84949 4.49761 5.13396 4.75292 4.62533 5.37819 5.2464 5.01314 4.83792 4.5993 5.02311 4.72735 4.75124 4.7274 4.86554 4.84253 5.26781 5.14816 4.67699 4.62642 5.11293 4.87004 5.22398 4.66002 4.79353 4.43104 4.6848 5.19396 4.81824 4.69107 4.79172 4.66906 4.69701 4.74859 4.77762 

--------------------------------------
Time: 30.0069
Split Ratios: 1 1 1 1 1 1 1 1 1 1 1 1 1 1 1 1 1 1 1 1 1 1 1 1 1 1 1 1 1 1 1 1 1 1 1 1 1 1 1 1 1 1 1 1 1 1 1 1 1 1 
Delays: 0.00667841 0.0109505 0.00592117 0.0104296 0.00886345 0.00829003 0.00620751 0.00841112 0.0106464 0.0116015 0.00838148 0.0103149 0.00903873 0.00994403 0.0100051 0.00942106 0.0106267 0.0065827 0.00806028 0.0111695 0.00631389 0.00592612 0.00835466 0.0100034 0.0106322 0.00829749 0.0107576 0.0105186 0.00867805 0.00883848 0.0077061 0.00642915 0.00726887 0.0103841 0.0103692 0.00644526 0.00898452 0.00645247 0.0109889 0.00858039 0.0110538 0.00974165 0.00681753 0.00802238 0.0112449 0.011116 0.00859024 0.0103513 0.0103942 0.00860159 
Throughputs: 1.29434 0.98304 0.98304 1.26157 1.50733 0.999424 1.35987 1.2288 0.884736 1.11411 0.950272 1.29434 1.14688 0.966656 0.999424 1.1305 1.19603 1.27795 0.966656 1.1305 1.62202 1.17965 1.01581 1.26157 1.19603 1.03219 1.27795 1.08134 1.3271 1.17965 1.3271 1.14688 1.04858 1.08134 1.01581 1.31072 1.21242 1.17965 1.09773 1.3271 1.14688 1.06496 1.5401 0.950272 1.16326 1.24518 1.08134 1.17965 1.04858 1.06496 
Utility: 5.26687 4.49727 5.11212 4.79546 5.13616 4.79213 5.38939 4.98424 4.42007 4.56467 4.73072 4.83216 4.84328 4.57687 4.60408 4.78746 4.72339 5.26857 4.78689 4.61723 5.54867 5.2936 4.80062 4.83719 4.72288 4.82349 4.7774 4.63281 5.02996 4.89386 5.14874 5.18396 4.97159 4.64568 4.5846 5.31499 4.90487 5.20851 4.60411 5.04128 4.64203 4.69428 5.4201 4.77451 4.63907 4.71865 4.83533 4.73586 4.61394 4.81875 

--------------------------------------
Time: 30.5078
Split Ratios: 1 1 1 1 1 1 1 1 1 1 1 1 1 1 1 1 1 1 1 1 1 1 1 1 1 1 1 1 1 1 1 1 1 1 1 1 1 1 1 1 1 1 1 1 1 1 1 1 1 1 
Delays: 0.00654837 0.0110372 0.00578137 0.0107013 0.00886122 0.00866304 0.00634158 0.00842879 0.0110661 0.0117554 0.00884846 0.0108731 0.00988888 0.00998507 0.00971594 0.00991901 0.0108002 0.00701499 0.00803573 0.0110473 0.00600151 0.00575707 0.00820025 0.0102545 0.011269 0.00837758 0.0113609 0.010689 0.00843869 0.00843901 0.00778109 0.00646445 0.00742055 0.0101819 0.0107067 0.00615937 0.00870488 0.00642093 0.0110963 0.0084183 0.011699 0.00982488 0.00663646 0.00856399 0.0110563 0.011042 0.00900509 0.011264 0.0109753 0.00859383 
Throughputs: 1.01581 1.06496 1.09773 0.98304 1.19603 1.39264 1.37626 1.03219 1.2288 1.1305 1.34349 1.37626 1.14688 1.09773 0.835584 1.2288 1.06496 1.50733 0.835584 1.17965 1.03219 1.1305 0.999424 1.34349 1.21242 1.45818 1.21242 1.35987 1.16326 1.16326 1.31072 1.09773 1.14688 0.966656 1.06496 1.09773 1.35987 1.03219 1.24518 1.27795 1.29434 1.11411 1.08134 1.11411 1.24518 1.16326 1.52371 1.1305 1.17965 0.851968 
Utility: 5.04422 4.56943 5.24636 4.52028 4.90508 5.07989 5.37999 4.80779 4.70991 4.5661 5.02278 4.84083 4.75339 4.69991 4.45436 4.81934 4.59113 5.37004 4.64423 4.67079 5.14743 5.27998 4.80301 4.8753 4.67832 5.15938 4.6702 4.84593 4.92616 4.92612 5.12664 5.13468 5.04055 4.55323 4.59982 5.18302 5.05126 5.07988 4.72042 5.02261 4.70625 4.73089 5.09338 4.86825 4.72404 4.65728 5.13112 4.6088 4.67733 4.5965 

--------------------------------------
Time: 31.0081
Split Ratios: 1 1 1 1 1 1 1 1 1 1 1 1 1 1 1 1 1 1 1 1 1 1 1 1 1 1 1 1 1 1 1 1 1 1 1 1 1 1 1 1 1 1 1 1 1 1 1 1 1 1 
Delays: 0.00636943 0.0108833 0.00575274 0.0103668 0.00891628 0.00843912 0.00610451 0.00813794 0.0106597 0.0113464 0.00846583 0.0105731 0.00921773 0.00986603 0.00993143 0.00978863 0.0104392 0.00649803 0.00802903 0.010431 0.00626304 0.00600094 0.00824918 0.00999663 0.010801 0.00852452 0.0108756 0.0108568 0.00822689 0.00824646 0.00767671 0.00625785 0.0070386 0.0102434 0.0104175 0.00619037 0.0083172 0.00690989 0.01107 0.00817105 0.0115184 0.00980474 0.00681674 0.00826692 0.0109357 0.0107448 0.00867221 0.0104581 0.0107913 0.00841492 
Throughputs: 0.950272 1.27795 1.08134 1.01581 1.17965 1.08134 1.34349 1.16326 1.2288 1.16326 0.917504 1.16326 1.08134 0.999424 0.98304 1.2288 1.16326 1.24518 0.999424 0.917504 1.24518 1.09773 0.999424 1.11411 1.17965 1.26157 1.24518 1.16326 0.802816 1.35987 1.04858 1.01581 1.04858 1.03219 0.966656 1.1305 0.999424 0.966656 1.16326 1.24518 1.04858 1.1305 1.16326 0.966656 1.09773 1.27795 1.16326 0.999424 1.11411 1.2288 
Utility: 5.00524 4.76578 5.23628 4.58483 4.88509 4.85308 5.394 4.96245 4.74733 4.63008 4.68562 4.70067 4.76483 4.61808 4.59495 4.83257 4.71341 5.25554 4.82412 4.47688 5.29237 5.20908 4.79706 4.71356 4.69333 4.99716 4.74052 4.6742 4.58072 5.10536 4.917 5.0896 5.00378 4.61281 4.53036 5.20742 4.78885 4.94089 4.65474 5.02644 4.51124 4.74755 5.1396 4.76158 4.60897 4.77859 4.89886 4.5598 4.63708 4.98379 

--------------------------------------
Time: 31.5082
Split Ratios: 1 1 1 1 1 1 1 1 1 1 1 1 1 1 1 1 1 1 1 1 1 1 1 1 1 1 1 1 1 1 1 1 1 1 1 1 1 1 1 1 1 1 1 1 1 1 1 1 1 1 
Delays: 0.00637942 0.0115828 0.00580194 0.0105455 0.00854611 0.00831385 0.00618036 0.0083054 0.010894 0.0121351 0.00874963 0.0109167 0.00944083 0.0100155 0.0099028 0.00977257 0.0110073 0.00604501 0.00816867 0.0107631 0.00602092 0.00578886 0.00857721 0.00974615 0.0118214 0.00851972 0.0104625 0.0104559 0.00841387 0.00863781 0.00759707 0.00648507 0.00710502 0.0104936 0.0108184 0.00639062 0.00902 0.0069224 0.0115761 0.00886894 0.0118353 0.00994638 0.00680162 0.00773878 0.0107839 0.0116085 0.00910818 0.0105564 0.0101559 0.00841501 
Throughputs: 1.1305 1.03219 1.1305 1.11411 1.29434 0.917504 1.1305 1.03219 1.1305 1.09773 0.999424 1.26157 1.16326 0.98304 0.999424 1.09773 1.37626 1.27795 0.98304 1.03219 1.3271 1.2288 1.21242 1.24518 1.17965 1.1305 0.917504 1.34349 0.868352 1.14688 0.90112 1.27795 1.26157 1.06496 1.16326 1.08134 1.37626 1.27795 1.34349 1.16326 1.24518 1.19603 1.35987 1.03219 1.21242 1.03219 1.01581 1.24518 0.884736 1.21242 
Utility: 5.17733 4.48992 5.27222 4.66012 5.02028 4.70373 5.20904 4.82253 4.6422 4.50489 4.73817 4.74982 4.81394 4.58652 4.61436 4.72142 4.82856 5.35378 4.79034 4.56332 5.39551 5.35786 4.95126 4.85017 4.60306 4.88803 4.47386 4.85586 4.63672 4.88865 4.77588 5.28351 5.17931 4.61993 4.67774 5.13113 5.02768 5.21825 4.75408 4.87643 4.65595 4.78956 5.29798 4.8932 4.72232 4.4877 4.71427 4.77031 4.46724 4.97035 

--------------------------------------
Time: 32.0082
Split Ratios: 1 1 1 1 1 1 1 1 1 1 1 1 1 1 1 1 1 1 1 1 1 1 1 1 1 1 1 1 1 1 1 1 1 1 1 1 1 1 1 1 1 1 1 1 1 1 1 1 1 1 
Delays: 0.00616336 0.011163 0.00577245 0.0102696 0.00917133 0.00872726 0.00601478 0.00830336 0.0106381 0.0114226 0.00852403 0.0102684 0.00892056 0.0100533 0.01003 0.00955816 0.0105781 0.00632724 0.00807181 0.0107793 0.00620659 0.00594306 0.00815279 0.00996929 0.010959 0.00826942 0.0112902 0.0109991 0.00868347 0.00844431 0.00772886 0.00662502 0.00721036 0.0101407 0.0103858 0.00629312 0.00850434 0.00643975 0.0107557 0.00839894 0.0111227 0.00965259 0.0067315 0.00829781 0.0107036 0.010836 0.00857648 0.0108298 0.0106836 0.00840305 
Throughputs: 0.933888 1.19603 0.884736 0.98304 1.09773 1.04858 1.06496 1.11411 1.2288 1.09773 1.16326 1.09773 1.17965 1.01581 1.01581 1.24518 0.770048 1.39264 1.08134 1.09773 1.21242 1.06496 0.999424 1.09773 1.09773 1.17965 0.950272 1.49094 1.09773 1.50733 1.01581 1.03219 0.966656 1.04858 1.37626 1.1305 1.19603 0.90112 1.16326 0.966656 1.1305 1.31072 1.16326 1.19603 1.09773 1.14688 1.1305 1.1305 1.21242 1.17965 
Utility: 5.02073 4.67416 5.03219 4.56146 4.78492 4.78874 5.17647 4.89915 4.74936 4.5654 4.9161 4.67192 4.88461 4.61553 4.61786 4.86964 4.28766 5.39409 4.89758 4.62337 5.27476 5.18847 4.80882 4.70149 4.60684 4.96041 4.43281 4.90935 4.83958 5.1846 4.87848 5.04859 4.89832 4.63863 4.88669 5.19095 4.94619 4.94115 4.68355 4.74574 4.62143 4.91111 5.15219 4.97077 4.63042 4.66193 4.88139 4.64811 4.73166 4.94438 

--------------------------------------
Time: 32.5083
Split Ratios: 1 1 1 1 1 1 1 1 1 1 1 1 1 1 1 1 1 1 1 1 1 1 1 1 1 1 1 1 1 1 1 1 1 1 1 1 1 1 1 1 1 1 1 1 1 1 1 1 1 1 
Delays: 0.00651459 0.0112447 0.00579197 0.0105002 0.00864342 0.00836142 0.00594926 0.00830583 0.0105021 0.0111064 0.00860253 0.0106277 0.00907446 0.00998142 0.00992434 0.00880507 0.0106838 0.00617378 0.00813119 0.0109865 0.00618661 0.00598308 0.00840064 0.00997219 0.0112195 0.00823584 0.010524 0.0104896 0.00836609 0.00897765 0.00775975 0.00658472 0.00687636 0.0104696 0.0107014 0.00613937 0.00863245 0.00646721 0.0108274 0.00840099 0.011074 0.00990973 0.00665747 0.00795576 0.0109862 0.0104345 0.00849383 0.0104682 0.0104325 0.00869064 
Throughputs: 1.14688 1.35987 1.1305 0.933888 1.16326 1.21242 0.999424 1.16326 1.08134 1.24518 1.35987 1.08134 1.01581 0.999424 0.950272 1.09773 0.966656 1.27795 0.999424 1.2288 1.19603 1.29434 1.17965 1.39264 1.19603 0.98304 0.884736 1.42541 1.08134 1.11411 1.45818 1.08134 0.835584 1.06496 0.999424 0.98304 0.999424 0.98304 1.2288 1.06496 1.01581 1.40902 1.19603 1.21242 1.21242 1.24518 1.19603 1.19603 0.933888 1.26157 
Utility: 5.17076 4.79525 5.27394 4.48796 4.90219 4.97674 5.12391 4.94203 4.63438 4.71952 5.06309 4.62249 4.71798 4.60645 4.56176 4.82567 4.50512 5.3327 4.81147 4.71712 5.26438 5.37682 4.94466 4.93916 4.66911 4.78215 4.43163 4.91183 4.86177 4.82107 5.23599 5.10121 4.80004 4.62222 4.5368 5.07593 4.75165 5.02391 4.73171 4.84234 4.51884 4.95714 5.19102 5.02647 4.70373 4.78192 4.94742 4.73843 4.49443 4.97786 

--------------------------------------
Time: 33.0084
Split Ratios: 1 1 1 1 1 1 1 1 1 1 1 1 1 1 1 1 1 1 1 1 1 1 1 1 1 1 1 1 1 1 1 1 1 1 1 1 1 1 1 1 1 1 1 1 1 1 1 1 1 1 
Delays: 0.00631813 0.0115612 0.00580528 0.0107046 0.00938935 0.00867442 0.00594113 0.00834288 0.0110153 0.0118679 0.00886494 0.0105011 0.00963917 0.0101298 0.0100814 0.0103872 0.0106009 0.00633649 0.00838162 0.010622 0.00631639 0.00589178 0.00856389 0.0101908 0.011275 0.0082987 0.0111894 0.0109078 0.00822245 0.00856536 0.00778751 0.00600327 0.00744647 0.0102178 0.0103622 0.00608689 0.00835367 0.00646074 0.0110706 0.00844337 0.0118097 0.0099315 0.0064438 0.00809758 0.0109908 0.0110831 0.00878653 0.0109268 0.0106538 0.00844929 
Throughputs: 1.11411 1.17965 0.90112 1.08134 1.16326 0.999424 1.09773 1.09773 0.950272 1.14688 1.04858 1.1305 1.01581 1.04858 1.24518 1.1305 0.90112 1.17965 0.999424 0.933888 1.08134 1.14688 1.01581 1.27795 1.3271 0.98304 1.34349 1.47456 1.01581 1.04858 1.2288 0.950272 1.09773 0.90112 1.08134 0.98304 1.09773 1.11411 1.1305 1.03219 1.16326 1.16326 1.40902 1.09773 1.29434 0.999424 1.44179 1.31072 1.29434 1.16326 
Utility: 5.17239 4.62532 5.04487 4.61529 4.81941 4.7468 5.2191 4.87959 4.45746 4.57096 4.77308 4.67893 4.6576 4.63971 4.81635 4.68984 4.4427 5.22665 4.78114 4.47643 5.14281 5.27124 4.77589 4.83153 4.76816 4.77455 4.78806 4.90664 4.81657 4.80746 5.06127 5.06444 4.99326 4.4795 4.64779 5.08451 4.8783 5.15007 4.62612 4.80606 4.59006 4.76327 5.38753 4.90943 4.76869 4.50176 5.10042 4.78711 4.79984 4.9249 

--------------------------------------
Time: 33.5084
Split Ratios: 1 1 1 1 1 1 1 1 1 1 1 1 1 1 1 1 1 1 1 1 1 1 1 1 1 1 1 1 1 1 1 1 1 1 1 1 1 1 1 1 1 1 1 1 1 1 1 1 1 1 
Delays: 0.00613448 0.0110709 0.00585445 0.0103134 0.00890973 0.00817032 0.00606503 0.00837178 0.0106859 0.0113014 0.00852092 0.0104683 0.0088619 0.00988494 0.010058 0.0099465 0.0107724 0.00639417 0.00825335 0.0108685 0.00623721 0.00588997 0.00847 0.0099501 0.0111784 0.0084056 0.0109975 0.0108723 0.00826009 0.00876639 0.00781274 0.00636036 0.00715372 0.0101724 0.010414 0.00605397 0.00889309 0.00672146 0.011184 0.00848133 0.0109526 0.00984092 0.00687421 0.00813572 0.0111667 0.0105509 0.00847653 0.0107202 0.010621 0.00849148 
Throughputs: 1.21242 1.11411 1.17965 0.950272 1.21242 1.09773 1.14688 0.98304 1.2288 1.1305 1.29434 1.1305 0.999424 0.966656 1.08134 1.14688 1.11411 1.3271 1.21242 1.08134 1.37626 0.966656 1.08134 1.17965 1.19603 1.2288 1.11411 1.29434 0.950272 1.16326 0.868352 0.999424 1.39264 1.03219 1.06496 1.09773 1.24518 1.08134 1.06496 0.999424 1.14688 1.26157 1.24518 1.06496 1.16326 0.802816 1.06496 1.17965 1.27795 1.1305 
Utility: 5.28645 4.6115 5.30577 4.5233 4.91323 4.90049 5.24226 4.76578 4.74487 4.60549 5.02323 4.68206 4.72542 4.58283 4.67759 4.74758 4.63883 5.33537 4.98975 4.6001 5.39659 5.10059 4.84943 4.77539 4.67278 4.9849 4.61814 4.77953 4.74531 4.88806 4.71084 5.05709 5.27132 4.61976 4.62754 5.20028 4.94176 5.08065 4.55621 4.76931 4.65123 4.85356 5.19926 4.87443 4.64605 4.33192 4.83339 4.70084 4.79018 4.89135 

--------------------------------------
Time: 34.0084
Split Ratios: 1 1 1 1 1 1 1 1 1 1 1 1 1 1 1 1 1 1 1 1 1 1 1 1 1 1 1 1 1 1 1 1 1 1 1 1 1 1 1 1 1 1 1 1 1 1 1 1 1 1 
Delays: 0.00616005 0.0121535 0.00575612 0.0106757 0.00875642 0.00845281 0.00619193 0.00842106 0.0103178 0.0110528 0.00861605 0.0105596 0.00884572 0.0102474 0.0100347 0.00909749 0.0104203 0.00646115 0.0082825 0.0113546 0.00622312 0.00586053 0.00819153 0.0100539 0.0108994 0.0081929 0.0105633 0.0104152 0.008403 0.00968469 0.00783529 0.0060811 0.00690675 0.0106995 0.0104365 0.00618415 0.00939206 0.00660349 0.0110279 0.00837232 0.0113079 0.0098945 0.0064648 0.0079231 0.0117201 0.0108425 0.00866829 0.0104668 0.0103586 0.00997096 
Throughputs: 1.14688 1.27795 1.03219 0.933888 1.06496 1.03219 1.21242 1.04858 0.950272 1.09773 1.1305 1.17965 1.39264 1.09773 0.933888 0.999424 0.966656 1.11411 0.933888 1.03219 1.14688 1.29434 0.851968 1.17965 1.06496 0.98304 1.21242 1.24518 1.14688 1.27795 1.11411 1.03219 1.03219 1.04858 1.26157 1.31072 1.21242 1.08134 1.3271 1.1305 1.17965 1.40902 1.47456 1.03219 1.3271 0.933888 1.31072 1.31072 0.835584 1.24518 
Utility: 5.22672 4.6554 5.18918 4.47138 4.8009 4.80494 5.27712 4.82445 4.52288 4.59831 4.87679 4.71593 5.05902 4.67397 4.5333 4.69918 4.53008 5.15001 4.72521 4.50982 5.21653 5.39751 4.64445 4.76501 4.58199 4.78738 4.74299 4.78378 4.91621 4.88247 4.95718 5.13425 5.00694 4.58499 4.7948 5.35634 4.86051 5.09836 4.79033 4.90548 4.64747 4.95867 5.42974 4.86966 4.72945 4.45588 5.01866 4.83012 4.39031 4.82736 

--------------------------------------
Time: 34.5084
Split Ratios: 1 1 1 1 1 1 1 1 1 1 1 1 1 1 1 1 1 1 1 1 1 1 1 1 1 1 1 1 1 1 1 1 1 1 1 1 1 1 1 1 1 1 1 1 1 1 1 1 1 1 
Delays: 0.00622288 0.011019 0.0057777 0.010749 0.00894957 0.0084684 0.00610704 0.00828401 0.0111901 0.0114762 0.00880122 0.0107566 0.00936074 0.0100073 0.0100737 0.00938648 0.0105008 0.00640397 0.00853893 0.0111818 0.00632243 0.00602195 0.00863672 0.00995426 0.0110848 0.00855314 0.0110114 0.0107733 0.0083584 0.00854166 0.00774911 0.0060674 0.00702734 0.0100887 0.0101213 0.00609434 0.00879305 0.00664881 0.0109589 0.00847286 0.0112833 0.00971297 0.00674588 0.00814617 0.0110987 0.0104853 0.00910811 0.01085 0.010482 0.00836416 
Throughputs: 1.01581 1.01581 1.1305 1.24518 1.29434 1.16326 1.21242 0.917504 1.11411 0.98304 0.90112 1.35987 0.966656 1.03219 1.19603 1.21242 1.11411 1.14688 1.01581 1.04858 1.31072 1.03219 1.1305 1.35987 1.24518 1.34349 1.08134 1.31072 0.851968 1.26157 0.966656 1.2288 1.01581 1.09773 0.950272 0.999424 1.2288 1.14688 1.14688 1.09773 1.14688 1.03219 1.17965 1.04858 1.14688 0.933888 1.16326 1.47456 1.17965 1.14688 
Utility: 5.09521 4.52382 5.27641 4.75223 4.97415 4.92264 5.29093 4.70733 4.60079 4.45037 4.62875 4.83962 4.63732 4.63613 4.77684 4.8611 4.66437 5.18788 4.7788 4.5409 5.33423 5.14403 4.87439 4.91715 4.72147 5.05673 4.58703 4.80126 4.62428 4.99515 4.82627 5.31086 4.97363 4.68958 4.54211 5.09982 4.93983 5.15036 4.65064 4.86413 4.62148 4.66598 5.16404 4.85764 4.63797 4.48938 4.84982 4.91195 4.72331 4.92084 

--------------------------------------
Time: 35.0085
Split Ratios: 1 1 1 1 1 1 1 1 1 1 1 1 1 1 1 1 1 1 1 1 1 1 1 1 1 1 1 1 1 1 1 1 1 1 1 1 1 1 1 1 1 1 1 1 1 1 1 1 1 1 
Delays: 0.00623563 0.0112274 0.00588109 0.0106528 0.00908567 0.0084098 0.00599119 0.00863496 0.0112613 0.0119734 0.00891276 0.010605 0.00942292 0.0101094 0.0103309 0.00999265 0.0106612 0.00625609 0.00818842 0.0107732 0.00651933 0.00587576 0.00840644 0.0100805 0.0112455 0.00813825 0.011594 0.010988 0.00850457 0.00818923 0.00775568 0.00635701 0.00758732 0.0105501 0.0105413 0.00592706 0.00873908 0.00676025 0.0105826 0.00816328 0.0116813 0.00997433 0.00717529 0.00832622 0.0106248 0.0109909 0.00848634 0.0105538 0.0108355 0.00851962 
Throughputs: 1.04858 1.16326 1.03219 0.8192 1.29434 0.950272 1.01581 1.09773 1.11411 1.34349 1.24518 1.21242 1.1305 0.98304 1.17965 1.08134 0.999424 1.09773 0.999424 1.37626 1.3271 1.08134 0.966656 1.26157 1.37626 1.08134 1.19603 1.31072 0.90112 1.01581 1.09773 1.14688 1.11411 1.34349 1.08134 1.09773 1.31072 0.999424 0.950272 1.19603 0.851968 1.2288 1.42541 1.09773 1.29434 1.14688 1.49094 1.19603 1.24518 1.21242 
Utility: 5.12491 4.64063 5.1677 4.3425 4.95905 4.72735 5.13315 4.84518 4.59444 4.72034 4.93955 4.73904 4.78727 4.57719 4.73783 4.68411 4.54057 5.16744 4.80446 4.85006 5.31598 5.21512 4.74484 4.82951 4.80715 4.88939 4.63628 4.78153 4.66303 4.82062 4.95257 5.19524 4.98933 4.84689 4.63066 5.22147 5.01053 4.99612 4.49753 4.98712 4.28956 4.81378 5.29157 4.88159 4.80257 4.64773 5.16871 4.73028 4.74421 4.958 

--------------------------------------
Time: 35.5087
Split Ratios: 1 1 1 1 1 1 1 1 1 1 1 1 1 1 1 1 1 1 1 1 1 1 1 1 1 1 1 1 1 1 1 1 1 1 1 1 1 1 1 1 1 1 1 1 1 1 1 1 1 1 
Delays: 0.00631578 0.0115361 0.00585348 0.0108415 0.00920786 0.00853947 0.00613654 0.00844423 0.0113551 0.0121557 0.00857848 0.0112091 0.00987486 0.0101657 0.0097909 0.00984573 0.0108513 0.00632297 0.00802114 0.011068 0.00618128 0.00591495 0.00860598 0.0100438 0.0113008 0.0085001 0.0109665 0.0106806 0.00841319 0.00860786 0.00791444 0.00634506 0.00702407 0.0103787 0.0103689 0.00617152 0.00886948 0.00657556 0.0112168 0.00865108 0.0116001 0.00987312 0.00668409 0.0080763 0.0110773 0.0108308 0.00842029 0.0106701 0.010651 0.00865142 
Throughputs: 1.37626 1.27795 0.950272 1.40902 1.24518 1.21242 1.1305 0.950272 1.2288 1.17965 0.868352 1.29434 1.34349 1.29434 1.03219 1.34349 1.04858 1.24518 1.01581 1.2288 1.14688 1.19603 1.2288 1.17965 1.04858 1.14688 0.999424 1.24518 1.14688 1.17965 1.29434 0.98304 1.11411 1.09773 1.01581 1.03219 1.1305 1.01581 1.01581 1.21242 1.35987 1.29434 1.1305 1.26157 1.55648 0.884736 1.04858 1.14688 1.16326 0.966656 
Utility: 5.38407 4.70753 5.08971 4.86727 4.90698 4.95567 5.21615 4.72326 4.68413 4.57517 4.61734 4.74902 4.91303 4.84674 4.65799 4.91599 4.5709 5.28285 4.84136 4.70974 5.22328 5.30928 4.96134 4.76602 4.53031 4.90472 4.51233 4.75861 4.915 4.9203 5.09706 5.04297 5.06647 4.66124 4.58463 5.11949 4.8478 5.04008 4.50603 4.94269 4.76413 4.87594 5.13068 5.05118 4.94528 4.4029 4.82454 4.67735 4.69333 4.71612 

--------------------------------------
Time: 36.0087
Split Ratios: 1 1 1 1 1 1 1 1 1 1 1 1 1 1 1 1 1 1 1 1 1 1 1 1 1 1 1 1 1 1 1 1 1 1 1 1 1 1 1 1 1 1 1 1 1 1 1 1 1 1 
Delays: 0.00639699 0.0111315 0.00598326 0.0108111 0.00903292 0.00866941 0.00604123 0.00869252 0.0112631 0.0120213 0.00886636 0.0104833 0.00959814 0.00999856 0.0104982 0.00939965 0.0106687 0.00652494 0.00868079 0.0110238 0.00652818 0.00586272 0.00819165 0.00991487 0.0110715 0.00848093 0.0110041 0.0105965 0.0084553 0.00855766 0.00771763 0.00650856 0.00678031 0.0101615 0.0104791 0.00630526 0.00898381 0.00673242 0.0109735 0.00865725 0.0112461 0.00988228 0.00677662 0.00831269 0.0110196 0.0106681 0.00858916 0.0107135 0.0103955 0.00900913 
Throughputs: 1.08134 1.2288 1.16326 0.999424 1.19603 1.19603 1.57286 1.19603 1.34349 1.11411 1.2288 1.16326 1.31072 1.14688 1.1305 1.01581 0.98304 1.58925 1.27795 1.11411 1.17965 1.08134 0.966656 1.27795 1.11411 1.29434 1.16326 1.2288 1.01581 0.966656 1.08134 1.14688 0.98304 0.999424 1.11411 1.2288 1.19603 1.08134 1.19603 1.31072 0.98304 1.49094 1.34349 1.29434 1.09773 1.24518 1.29434 1.17965 0.950272 1.17965 
Utility: 5.13013 4.70401 5.27002 4.5266 4.88589 4.92696 5.56205 4.9243 4.7815 4.52913 4.93153 4.7092 4.91676 4.74236 4.67921 4.68277 4.52333 5.49538 4.9919 4.61576 5.19684 5.21735 4.77073 4.85898 4.61144 5.02793 4.66072 4.75327 4.78865 4.72702 4.94245 5.17168 4.97663 4.58857 4.66643 5.27241 4.89134 5.07902 4.69129 5.01994 4.47063 5.01642 5.28955 5.04797 4.60132 4.75978 5.01525 4.70147 4.51537 4.87473 

