--------------------------------------
Time: 5.50001
Split Ratios: 1 1 1 1 0.5 0.5 1 1 0.5 0.5 1 1 1 0.5 0.5 1 1 1 1 1 0.5 0.5 1 0.5 0.5 1 1 0.333333 0.333333 0.333333 1 1 0.5 0.5 0.5 0.5 0.5 0.5 0.333333 0.333333 0.333333 0.333333 0.333333 0.333333 
Delays: 0.00430564 0.00724782 0.00582024 0.00727499 0.00802273 0.00582758 0.00573785 0.0073214 0.00876626 0.00582003 0.00729247 0.00705338 0.00439788 0.00582922 0.00583573 0.00439683 0.0116108 0.00728286 0.00579576 0.00873418 0.0043424 0.00577692 0.0095005 0.00578593 0.00584425 0.00814176 0.00585017 0.00733695 0.00938185 0.00630774 
Throughputs: 2.70336 2.67059 2.11354 1.72032 2.88358 1.83501 1.65478 1.40902 2.73613 2.12992 1.57286 2.89997 1.57286 2.21184 1.80224 2.68698 1.67117 2.24461 2.12992 2.1463 2.29376 1.40902 3.47341 3.3751 2.06438 3.06381 3.6864 1.85139 2.85082 1.65478 
Utility: 6.44232 5.90935 5.89478 5.46582 5.88451 5.7522 5.66434 5.25985 5.74339 5.90253 5.37381 6.01895 5.87953 5.9387 5.73279 6.41529 4.96934 5.73076 5.90671 5.50426 6.26952 5.49678 5.90155 6.36875 5.86713 5.93041 6.44593 5.53077 5.71658 5.56965 

--------------------------------------
Time: 6.00011
Split Ratios: 1 1 1 1 0.226 0.774 1 1 0.333 0.667 1 1 1 0.563 0.437 1 0.997 1 1 1 0.765 0.235 1 0.36 0.64 1 1 0.125 0.368 0.507 1 1 0.764 0.236 0.867 0.133 0.774 0.226 0.271 0.187 0.542 0.075 0.296 0.629 
Delays: 0.00429793 0.00725344 0.00579858 0.00726468 0.00761451 0.00578079 0.00577033 0.00729472 0.00865438 0.00582811 0.00731229 0.00738407 0.00432704 0.00581295 0.00582225 0.00432564 0.0116025 0.00797258 0.00583214 0.00828674 0.00435943 0.00579152 0.00739231 0.00576964 0.0058448 0.00913974 0.00585702 0.00730068 0.00915654 0.00649329 
Throughputs: 2.58867 2.81805 1.76947 1.72032 2.9655 1.91693 1.49094 2.09715 2.60506 1.80224 1.27795 2.85082 1.86778 2.73613 1.80224 2.70336 1.93331 2.47398 2.34291 2.50675 2.4576 1.58925 3.11296 2.98189 1.67117 3.12934 3.22765 2.06438 2.58867 1.83501 
Utility: 6.40077 5.96232 5.72082 5.46724 5.96475 5.80394 5.55444 5.66119 5.70714 5.73409 5.16346 5.95604 6.06762 6.15421 5.7351 6.43769 5.11577 5.73758 5.99577 5.71209 6.3346 5.61462 6.04289 6.2477 5.65573 5.83595 6.31187 5.64462 5.64443 5.64403 

--------------------------------------
Time: 6.50014
Split Ratios: 1 1 1 1 0.226 0.774 1 1 0.333 0.667 1 1 1 0.563 0.437 1 0.997 1 1 1 0.765 0.235 1 0.36 0.64 1 1 0.125 0.368 0.507 1 1 0.764 0.236 0.867 0.133 0.774 0.226 0.271 0.187 0.542 0.075 0.296 0.629 
Delays: 0.00429558 0.00725445 0.00579322 0.00724396 0.00760172 0.00579456 0.00576959 0.00729552 0.00868133 0.00579928 0.00727686 0.00746641 0.00433925 0.00577404 0.00583673 0.00434811 0.0115406 0.0080826 0.00583382 0.00838013 0.00432576 0.00577481 0.00781358 0.00577185 0.00580097 0.00914269 0.00582694 0.00728405 0.00909691 0.00619111 
Throughputs: 2.11354 3.14573 2.06438 1.68755 3.01466 2.09715 1.91693 1.62202 2.83443 2.08077 1.42541 2.88358 1.96608 2.06438 1.58925 2.06438 1.75309 1.99885 2.22822 2.71974 1.93331 1.6384 3.24403 3.06381 1.62202 3.26042 3.93216 1.96608 2.8672 1.68755 
Utility: 6.19853 6.07219 5.8759 5.45087 5.98287 5.89142 5.80588 5.40416 5.78842 5.88276 5.27751 5.95637 6.1161 5.87922 5.60685 6.16284 5.02327 5.51061 5.94529 5.78243 6.1024 5.64797 6.02871 6.27442 5.6334 5.87665 6.51445 5.59811 5.75316 5.60792 

--------------------------------------
Time: 7.00047
Split Ratios: 1 1 1 1 0.226 0.774 1 1 0.333 0.667 1 1 1 0.563 0.437 1 0.997 1 1 1 0.765 0.235 1 0.36 0.64 1 1 0.125 0.368 0.507 1 1 0.764 0.236 0.867 0.133 0.774 0.226 0.271 0.187 0.542 0.075 0.296 0.629 
Delays: 0.00430302 0.00729471 0.00582979 0.00726882 0.00770531 0.00579773 0.00579658 0.00727502 0.00867883 0.00575658 0.00730467 0.00745985 0.0043784 0.00579976 0.00581009 0.00432794 0.011629 0.00830652 0.00579848 0.00831613 0.0043553 0.00578916 0.00757454 0.0057388 0.00584661 0.00926846 0.0058391 0.00726824 0.0091321 0.00636782 
Throughputs: 2.58867 3.26042 2.19546 1.68755 2.75251 2.06438 1.68755 1.6384 2.88358 1.91693 1.80224 2.91635 1.98246 2.40845 1.83501 2.5559 2.01523 2.048 2.12992 2.5559 2.53952 1.88416 3.30957 2.7689 1.60563 2.8672 3.29318 1.67117 2.9655 1.65478 
Utility: 6.39958 6.10246 5.93116 5.44744 5.87836 5.87512 5.67377 5.41703 5.8059 5.80814 5.50827 5.96855 6.11541 6.02892 5.75521 6.38107 5.15499 5.50758 5.90624 5.72796 6.36834 5.78525 6.07978 6.17895 5.61541 5.73447 6.33503 5.43776 5.78301 5.56017 

--------------------------------------
Time: 7.5005
Split Ratios: 1 1 1 1 0.226 0.774 1 1 0.333 0.667 1 1 1 0.563 0.437 1 0.997 1 1 1 0.765 0.235 1 0.36 0.64 1 1 0.125 0.368 0.507 1 1 0.764 0.236 0.867 0.133 0.774 0.226 0.271 0.187 0.542 0.075 0.296 0.629 
Delays: 0.00429635 0.00726124 0.00580653 0.00723497 0.00768592 0.00582832 0.00580787 0.00727174 0.00875999 0.00577065 0.00723555 0.00749078 0.0043539 0.00574168 0.0058041 0.00434756 0.011634 0.00816802 0.00585681 0.0084948 0.00438896 0.00578511 0.0080654 0.00578375 0.00583208 0.00920252 0.00587748 0.00726181 0.00912921 0.0063448 
Throughputs: 2.37568 2.99827 2.16269 1.35987 2.89997 1.81862 1.7367 1.88416 2.7689 1.98246 1.35987 3.16211 1.86778 2.06438 1.57286 2.32653 2.03162 1.76947 2.06438 2.47398 2.22822 1.75309 3.09658 3.1785 1.85139 3.2768 3.89939 1.76947 3.3751 1.83501 
Utility: 6.31527 6.02324 5.92012 5.23622 5.93307 5.74311 5.70053 5.55724 5.75601 5.83931 5.23614 6.04532 6.06143 5.88484 5.60209 6.28252 5.16266 5.37821 5.86498 5.67413 6.22987 5.71385 5.95047 6.30911 5.76032 5.87514 6.49745 5.49581 5.9127 5.66717 

--------------------------------------
Time: 8.00054
Split Ratios: 1 1 1 1 0.226 0.774 1 1 0.333 0.667 1 1 1 0.563 0.437 1 0.997 1 1 1 0.765 0.235 1 0.36 0.64 1 1 0.125 0.368 0.507 1 1 0.764 0.236 0.867 0.133 0.774 0.226 0.271 0.187 0.542 0.075 0.296 0.629 
Delays: 0.00429511 0.00722981 0.00579316 0.00724324 0.00763646 0.0058106 0.00578245 0.00725613 0.00875223 0.00582831 0.0073168 0.00748555 0.00433368 0.00578962 0.0058088 0.0043391 0.0116323 0.00799896 0.00582657 0.00829737 0.00435798 0.00579258 0.00760327 0.00578625 0.00582576 0.00923321 0.00583752 0.00729659 0.00911904 0.00630072 
Throughputs: 2.81805 2.31014 2.3593 1.67117 2.50675 2.048 1.86778 1.6384 3.53894 1.85139 1.47456 2.73613 1.88416 2.27738 1.80224 2.4576 1.90054 2.06438 1.80224 2.3593 2.4576 1.45818 3.34234 3.34234 1.91693 3.39149 3.48979 1.90054 3.11296 1.7367 
Utility: 6.48632 5.76685 6.00944 5.44121 5.79381 5.86493 5.77768 5.41963 6.00228 5.76097 5.30594 5.90132 6.07482 5.97471 5.73741 6.33927 5.09611 5.55328 5.73436 5.65018 6.33493 5.52836 6.08585 6.35894 5.79619 5.90622 6.39329 5.56249 5.83296 5.61908 

--------------------------------------
Time: 8.50065
Split Ratios: 1 1 1 1 0.226 0.774 1 1 0.333 0.667 1 1 1 0.563 0.437 1 0.997 1 1 1 0.765 0.235 1 0.36 0.64 1 1 0.125 0.368 0.507 1 1 0.764 0.236 0.867 0.133 0.774 0.226 0.271 0.187 0.542 0.075 0.296 0.629 
Delays: 0.00428545 0.00729632 0.00575985 0.00725225 0.00757639 0.00581771 0.00576644 0.00727331 0.0086994 0.00576312 0.00730588 0.00742434 0.00434421 0.00578799 0.00584577 0.00436296 0.011598 0.00825877 0.00584826 0.00826781 0.00436562 0.00575051 0.00778957 0.00581055 0.00579762 0.00914004 0.00587191 0.00730052 0.00907275 0.00635697 
Throughputs: 2.47398 2.57229 2.32653 1.83501 2.75251 2.32653 1.62202 2.03162 2.60506 2.24461 1.62202 2.63782 2.048 2.49037 1.80224 2.70336 1.91693 1.96608 2.31014 2.49037 2.42483 1.45818 3.32595 2.98189 1.83501 2.94912 3.62086 1.93331 2.71974 2.09715 
Utility: 6.35836 5.86518 6.00122 5.53349 5.89523 5.99123 5.63937 5.63238 5.70196 5.96481 5.40274 5.87295 6.15578 6.0644 5.73107 6.4291 5.10764 5.47252 5.97892 5.70782 6.31976 5.53565 6.05673 6.24064 5.75736 5.7766 6.42429 5.57904 5.70302 5.79878 

--------------------------------------
Time: 9.00068
Split Ratios: 1 1 1 1 0.226 0.774 1 1 0.333 0.667 1 1 1 0.563 0.437 1 0.997 1 1 1 0.765 0.235 1 0.36 0.64 1 1 0.125 0.368 0.507 1 1 0.764 0.236 0.867 0.133 0.774 0.226 0.271 0.187 0.542 0.075 0.296 0.629 
Delays: 0.004292 0.00726243 0.00582261 0.00720153 0.00748833 0.00581135 0.00579061 0.00727295 0.00874096 0.00575592 0.00723465 0.00753317 0.00439406 0.00577704 0.00581959 0.00434953 0.0116139 0.00815072 0.0058242 0.008452 0.00437246 0.00575487 0.00822411 0.0057591 0.00581655 0.00957685 0.00585677 0.00737695 0.00927723 0.00646606 
Throughputs: 2.47398 2.80166 2.06438 1.5401 2.78528 1.67117 1.78586 1.83501 2.88358 1.85139 1.5401 3.01466 1.72032 2.12992 1.57286 2.17907 1.80224 2.06438 2.11354 2.3593 1.86778 1.70394 3.42426 3.19488 1.80224 3.12934 3.5881 1.96608 2.81805 1.57286 
Utility: 6.35683 5.95525 5.87084 5.36531 5.91876 5.66146 5.73142 5.53064 5.79877 5.77346 5.36072 5.99193 5.97001 5.90995 5.59942 6.21659 5.04458 5.53448 5.8941 5.63171 6.05718 5.69065 6.03157 6.31852 5.73608 5.78923 6.41778 5.58544 5.71624 5.49409 

--------------------------------------
Time: 9.50068
Split Ratios: 1 1 1 1 0.226 0.774 1 1 0.333 0.667 1 1 1 0.563 0.437 1 0.997 1 1 1 0.765 0.235 1 0.36 0.64 1 1 0.125 0.368 0.507 1 1 0.764 0.236 0.867 0.133 0.774 0.226 0.271 0.187 0.542 0.075 0.296 0.629 
Delays: 0.00429447 0.00728569 0.00581637 0.00726533 0.00762516 0.00586921 0.00581082 0.00729303 0.00872097 0.00575446 0.00733674 0.00740924 0.0043341 0.00588989 0.00587015 0.0043677 0.0115697 0.00801461 0.00583827 0.00814719 0.00436366 0.00581388 0.00757818 0.00578568 0.0058202 0.00915819 0.00584337 0.00729797 0.0091618 0.00621811 
Throughputs: 2.53952 3.04742 1.99885 1.85139 2.99827 2.11354 2.1463 1.58925 2.85082 1.9497 1.68755 3.35872 2.06438 2.3593 1.7367 2.39206 2.03162 1.91693 2.24461 2.70336 2.21184 1.57286 3.09658 2.98189 1.67117 3.14573 3.12934 1.90054 2.98189 1.52371 
Utility: 6.3824 6.03614 5.83965 5.54058 5.97434 5.8864 5.91178 5.3841 5.78963 5.82545 5.43814 6.11659 6.16607 5.99288 5.68986 6.30568 5.1682 5.47721 5.95185 5.80458 6.22827 5.6004 6.01278 6.24493 5.65994 5.83915 6.28327 5.5623 5.78527 5.50144 

--------------------------------------
Time: 10.0008
Split Ratios: 1 1 1 1 0.226 0.774 1 1 0.333 0.667 1 1 1 0.563 0.437 1 0.997 1 1 1 0.765 0.235 1 0.36 0.64 1 1 0.125 0.368 0.507 1 1 0.764 0.236 0.867 0.133 0.774 0.226 0.271 0.187 0.542 0.075 0.296 0.629 
Delays: 0.00430329 0.00723765 0.00575927 0.0072605 0.00759613 0.00584438 0.00575671 0.00732553 0.008735 0.00579128 0.0072461 0.00747815 0.00433952 0.0057912 0.00584876 0.00437553 0.0116105 0.00805737 0.00581387 0.00837064 0.00436201 0.00581304 0.00756493 0.00582283 0.00583966 0.00912951 0.00582393 0.00731923 0.00913556 0.00626544 
Throughputs: 2.88358 2.67059 2.06438 1.68755 2.73613 2.12992 1.83501 1.88416 2.57229 2.1463 1.67117 2.98189 1.86778 2.39206 1.60563 2.81805 2.12992 2.08077 2.34291 2.27738 2.1463 1.6384 3.34234 3.14573 2.03162 3.06381 3.44064 2.06438 2.98189 2.09715 
Utility: 6.50741 5.91076 5.88178 5.44859 5.88666 5.89836 5.76444 5.54987 5.68521 5.91515 5.44081 5.98833 6.06474 6.02357 5.61504 6.46777 5.21193 5.55391 5.9989 5.60605 6.19857 5.64137 6.0909 6.29201 5.85191 5.8159 6.38144 5.64208 5.78814 5.81329 

--------------------------------------
Time: 10.5009
Split Ratios: 1 1 1 1 0.226 0.774 1 1 0.333 0.667 1 1 1 0.563 0.437 1 0.997 1 1 1 0.765 0.235 1 0.36 0.64 1 1 0.125 0.368 0.507 1 1 0.764 0.236 0.867 0.133 0.774 0.226 0.271 0.187 0.542 0.075 0.296 0.629 
Delays: 0.00429726 0.00727171 0.005796 0.00726759 0.00749155 0.00582255 0.00577336 0.00726652 0.00871319 0.0057892 0.00724162 0.00727976 0.00437938 0.0057514 0.00578752 0.00433062 0.0116023 0.00810855 0.00582454 0.00829282 0.00434887 0.00577442 0.00756317 0.00577113 0.00578349 0.00905283 0.0058334 0.00735954 0.00906045 0.0063366 
Throughputs: 2.73613 2.8672 2.17907 1.67117 2.31014 1.81862 1.47456 1.86778 2.5559 1.85139 1.50733 3.09658 1.85139 2.1463 1.78586 2.47398 2.21184 1.93331 1.99885 2.39206 2.44122 1.78586 3.24403 2.8672 1.5401 2.94912 3.3751 2.03162 2.7689 2.1463 
Utility: 6.45632 5.9771 5.92949 5.43785 5.73129 5.7441 5.54286 5.54923 5.68132 5.7677 5.33825 6.05295 6.04679 5.92206 5.73195 6.34787 5.25038 5.47407 5.83825 5.66452 6.33033 5.73422 6.06128 6.20822 5.58459 5.78618 6.36058 5.62059 5.72229 5.82516 

--------------------------------------
Time: 11.0009
Split Ratios: 1 1 1 1 0.226 0.774 1 1 0.333 0.667 1 1 1 0.563 0.437 1 0.997 1 1 1 0.765 0.235 1 0.36 0.64 1 1 0.125 0.368 0.507 1 1 0.764 0.236 0.867 0.133 0.774 0.226 0.271 0.187 0.542 0.075 0.296 0.629 
Delays: 0.00429268 0.00724423 0.0058176 0.00729673 0.00762415 0.00583657 0.00577725 0.00732124 0.00870953 0.00576895 0.00726897 0.00754996 0.00436191 0.00578552 0.00581237 0.00435173 0.0116152 0.00820217 0.00583797 0.00828958 0.00436377 0.00583277 0.00776949 0.00576287 0.00585642 0.00896849 0.00580663 0.00727879 0.00908181 0.00632103 
Throughputs: 2.62144 3.16211 2.17907 1.75309 2.94912 1.93331 1.62202 1.70394 3.06381 1.88416 1.57286 2.94912 1.78586 2.29376 1.3271 2.24461 1.85139 2.01523 2.3593 2.32653 2.58867 1.99885 3.04742 3.1785 1.86778 3.34234 3.14573 1.7367 3.16211 1.90054 
Utility: 6.41457 6.07879 5.92577 5.48171 5.95794 5.80285 5.6375 5.44992 5.863 5.78875 5.37704 5.96772 6.01474 5.98259 5.43077 6.24571 5.07138 5.50409 6.00174 5.63713 6.38556 5.83683 5.97185 6.31273 5.76497 5.92071 6.2948 5.47478 5.85272 5.70601 

--------------------------------------
Time: 11.501
Split Ratios: 1 1 1 1 0.226 0.774 1 1 0.333 0.667 1 1 1 0.563 0.437 1 0.997 1 1 1 0.765 0.235 1 0.36 0.64 1 1 0.125 0.368 0.507 1 1 0.764 0.236 0.867 0.133 0.774 0.226 0.271 0.187 0.542 0.075 0.296 0.629 
Delays: 0.00431546 0.00727465 0.00580215 0.00727561 0.00771945 0.00584784 0.00581066 0.00727238 0.00876807 0.00579812 0.00731519 0.00742946 0.00433406 0.00580942 0.00587192 0.00433301 0.0116102 0.00808932 0.00584712 0.00847312 0.0043585 0.00580226 0.00786695 0.00574486 0.00582164 0.00906961 0.00586747 0.00729055 0.00911973 0.00626017 
Throughputs: 2.78528 2.53952 1.98246 1.9497 2.68698 2.22822 1.57286 1.58925 2.8672 1.9497 1.70394 3.22765 2.048 2.24461 1.3271 2.49037 2.26099 1.90054 2.06438 2.21184 2.3593 1.83501 3.30957 2.99827 1.58925 3.24403 3.7847 2.32653 2.99827 1.9497 
Utility: 6.4699 5.85533 5.83387 5.5909 5.85243 5.94289 5.60096 5.38693 5.78997 5.8179 5.45074 6.07406 6.15812 5.95681 5.42057 6.35392 5.27168 5.45935 5.86664 5.56468 6.29399 5.75656 6.0419 6.25749 5.60943 5.87964 6.4693 5.76555 5.79535 5.74122 

--------------------------------------
Time: 12.001
Split Ratios: 1 1 1 1 0.226 0.774 1 1 0.333 0.667 1 1 1 0.563 0.437 1 0.997 1 1 1 0.765 0.235 1 0.36 0.64 1 1 0.125 0.368 0.507 1 1 0.764 0.236 0.867 0.133 0.774 0.226 0.271 0.187 0.542 0.075 0.296 0.629 
Delays: 0.00430534 0.00724681 0.00581471 0.00721232 0.00751148 0.00580611 0.0057623 0.00728192 0.00871949 0.00583578 0.00728629 0.00742027 0.00435198 0.00578224 0.00579529 0.0043449 0.0115545 0.00800502 0.00587712 0.00822935 0.00435203 0.00578156 0.00761626 0.00577001 0.00577724 0.00921118 0.00581082 0.00731136 0.00921559 0.00624076 
Throughputs: 2.65421 2.52314 2.06438 1.7367 2.53952 2.11354 1.40902 1.80224 2.7689 1.9497 1.31072 3.16211 1.68755 2.50675 1.45818 2.73613 1.91693 2.01523 2.17907 2.03162 2.4576 1.55648 3.06381 2.85082 1.86778 3.2768 3.45702 2.11354 2.98189 1.88416 
Utility: 6.42405 5.8527 5.8722 5.48395 5.8233 5.89721 5.49932 5.51139 5.76064 5.81142 5.19234 6.05478 5.9604 6.07195 5.5279 6.4453 5.1114 5.52842 5.91559 5.50888 6.3363 5.59551 5.99713 6.20269 5.77858 5.87421 6.38844 5.66669 5.77941 5.71013 

--------------------------------------
Time: 12.5011
Split Ratios: 1 1 1 1 0.226 0.774 1 1 0.333 0.667 1 1 1 0.563 0.437 1 0.997 1 1 1 0.765 0.235 1 0.36 0.64 1 1 0.125 0.368 0.507 1 1 0.764 0.236 0.867 0.133 0.774 0.226 0.271 0.187 0.542 0.075 0.296 0.629 
Delays: 0.00428702 0.00726502 0.005836 0.00725469 0.00769473 0.00580624 0.00575985 0.00732007 0.00874694 0.00584645 0.00729981 0.00747655 0.00437198 0.00581504 0.00587138 0.00435473 0.0115987 0.00797984 0.00587501 0.00822867 0.00441938 0.00581134 0.00783939 0.00576985 0.00581436 0.00931909 0.00586176 0.0073062 0.00906553 0.00637192 
Throughputs: 2.37568 2.62144 2.19546 1.65478 2.91635 2.19546 1.67117 1.81862 2.8672 2.16269 1.58925 3.32595 1.68755 2.31014 1.50733 2.57229 1.85139 1.91693 1.9497 2.88358 2.31014 1.45818 3.24403 2.85082 1.7367 2.85082 3.81747 2.42483 2.70336 2.09715 
Utility: 6.31745 5.88841 5.9301 5.42978 5.93755 5.93521 5.67037 5.51522 5.79239 5.91327 5.38317 6.09774 5.95582 5.98462 5.548 6.38129 5.0728 5.48156 5.80472 5.85917 6.25907 5.52513 6.02541 6.20271 5.69941 5.7233 6.47889 5.80479 5.69777 5.79644 

--------------------------------------
Time: 13.0011
Split Ratios: 1 1 1 1 0.226 0.774 1 1 0.333 0.667 1 1 1 0.563 0.437 1 0.997 1 1 1 0.765 0.235 1 0.36 0.64 1 1 0.125 0.368 0.507 1 1 0.764 0.236 0.867 0.133 0.774 0.226 0.271 0.187 0.542 0.075 0.296 0.629 
Delays: 0.00428677 0.00726133 0.00586066 0.00732518 0.00754351 0.0058072 0.00579501 0.00725026 0.00873666 0.00576584 0.00727375 0.00746854 0.00438384 0.00577723 0.00579769 0.00437563 0.0116496 0.0079556 0.00591673 0.0084033 0.00434471 0.00578636 0.00793237 0.00580783 0.0057974 0.00924582 0.00584386 0.00723615 0.00917285 0.00628202 
Throughputs: 2.53952 2.63782 2.06438 1.72032 2.94912 1.91693 1.70394 2.06438 3.04742 1.75309 1.49094 2.78528 1.70394 2.27738 1.67117 2.7689 2.11354 2.08077 2.17907 2.44122 2.29376 1.72032 3.21126 3.01466 1.93331 3.04742 3.70278 1.81862 2.78528 1.72032 
Utility: 6.3842 5.89515 5.86433 5.45895 5.96857 5.79938 5.6837 5.65155 5.85452 5.71718 5.32289 5.9214 5.96277 5.97686 5.66382 6.45015 5.20084 5.56662 5.90887 5.67163 6.26899 5.69476 6.00347 6.25203 5.80958 5.79788 6.45145 5.52675 5.71586 5.61257 

--------------------------------------
Time: 13.5013
Split Ratios: 1 1 1 1 0.226 0.774 1 1 0.333 0.667 1 1 1 0.563 0.437 1 0.997 1 1 1 0.765 0.235 1 0.36 0.64 1 1 0.125 0.368 0.507 1 1 0.764 0.236 0.867 0.133 0.774 0.226 0.271 0.187 0.542 0.075 0.296 0.629 
Delays: 0.00431364 0.00726757 0.00582495 0.00725724 0.0075964 0.00581991 0.00576277 0.0072991 0.0087392 0.00577392 0.00724514 0.00751408 0.00437886 0.00577844 0.00580005 0.0043756 0.0115416 0.00801868 0.00582175 0.00838713 0.00435908 0.00578788 0.00789953 0.00577347 0.005797 0.00901346 0.00582835 0.00728975 0.00911883 0.0063567 
Throughputs: 2.70336 2.29376 2.27738 1.90054 2.85082 1.93331 1.68755 1.86778 2.81805 1.99885 1.44179 3.1785 1.98246 2.048 1.78586 2.52314 1.88416 2.11354 1.91693 2.47398 2.34291 1.42541 3.30957 2.67059 1.90054 2.99827 3.2768 1.85139 2.99827 1.80224 
Utility: 6.44047 5.75453 5.96863 5.5679 5.92769 5.80571 5.67962 5.54475 5.77598 5.84698 5.29331 6.04738 6.11531 5.87048 5.72979 6.35721 5.09528 5.57434 5.79688 5.68689 6.28689 5.50645 6.03777 6.13678 5.79255 5.80707 6.33189 5.53722 5.79545 5.64728 

--------------------------------------
Time: 14.0016
Split Ratios: 1 1 1 1 0.226 0.774 1 1 0.333 0.667 1 1 1 0.563 0.437 1 0.997 1 1 1 0.765 0.235 1 0.36 0.64 1 1 0.125 0.368 0.507 1 1 0.764 0.236 0.867 0.133 0.774 0.226 0.271 0.187 0.542 0.075 0.296 0.629 
Delays: 0.00428861 0.00726399 0.00581789 0.00729423 0.00770753 0.00584891 0.00579957 0.00732648 0.0087109 0.00578704 0.00727979 0.00754063 0.00438231 0.00583082 0.00585474 0.00435908 0.0116226 0.00807936 0.00585037 0.00832881 0.00432669 0.00578334 0.00781063 0.00578789 0.00584431 0.00905611 0.00584021 0.00730152 0.00916597 0.00633083 
Throughputs: 2.37568 2.81805 1.9497 1.55648 2.8672 1.90054 1.6384 1.86778 3.09658 1.98246 1.55648 3.19488 1.9497 2.11354 1.68755 2.39206 1.91693 2.3593 2.09715 2.47398 2.11354 1.60563 3.65363 3.14573 1.9497 2.85082 3.42426 1.90054 2.8672 1.81862 
Utility: 6.31708 5.96087 5.81449 5.3631 5.91889 5.78364 5.64369 5.54101 5.87348 5.83648 5.36508 6.049 6.09785 5.89296 5.66378 6.30765 5.10553 5.67681 5.88183 5.69386 6.19132 5.62629 6.14799 6.29803 5.80996 5.75192 6.37387 5.56181 5.74559 5.6604 

--------------------------------------
Time: 14.5017
Split Ratios: 1 1 1 1 0.226 0.774 1 1 0.333 0.667 1 1 1 0.563 0.437 1 0.997 1 1 1 0.765 0.235 1 0.36 0.64 1 1 0.125 0.368 0.507 1 1 0.764 0.236 0.867 0.133 0.774 0.226 0.271 0.187 0.542 0.075 0.296 0.629 
Delays: 0.00429084 0.00730236 0.00578857 0.00725371 0.00760759 0.00585763 0.00579802 0.00733644 0.00878636 0.00577811 0.00727191 0.00741025 0.00437865 0.00578494 0.00591705 0.00438203 0.0116509 0.00820331 0.00581842 0.0082382 0.00434001 0.00579519 0.00770203 0.00575972 0.0057967 0.00921854 0.0058636 0.00731554 0.0091701 0.00643741 
Throughputs: 2.37568 2.62144 2.08077 1.58925 2.7689 1.88416 1.6384 1.70394 2.99827 1.86778 1.2288 2.83443 2.03162 2.29376 1.70394 2.44122 2.09715 2.21184 2.19546 2.3593 2.26099 1.76947 3.5881 3.34234 1.68755 2.89997 3.44064 1.83501 3.19488 2.09715 
Utility: 6.31656 5.88328 5.88461 5.3895 5.89706 5.77349 5.64396 5.44784 5.83259 5.77843 5.12977 5.94673 6.13985 5.98269 5.66286 6.32274 5.19295 5.59704 5.93312 5.65734 6.25568 5.72141 6.14389 6.36354 5.67374 5.75124 6.37465 5.5248 5.85336 5.78621 

--------------------------------------
Time: 15.0017
Split Ratios: 1 1 1 1 0.226 0.774 1 1 0.333 0.667 1 1 1 0.563 0.437 1 0.997 1 1 1 0.765 0.235 1 0.36 0.64 1 1 0.125 0.368 0.507 1 1 0.764 0.236 0.867 0.133 0.774 0.226 0.271 0.187 0.542 0.075 0.296 0.629 
Delays: 0.00433037 0.00724149 0.00577557 0.00722449 0.00762158 0.00580768 0.00578776 0.00727261 0.00867732 0.00578919 0.00729636 0.00742431 0.00432268 0.00579032 0.00582022 0.00433406 0.0115667 0.00816089 0.00582641 0.00827878 0.00435878 0.00578417 0.00765694 0.00578236 0.00577709 0.00911003 0.00584427 0.00732055 0.00915901 0.00656923 
Throughputs: 2.83443 2.83443 1.96608 1.6384 2.73613 1.76947 1.5401 1.5401 3.06381 2.19546 1.45818 3.21126 1.68755 2.32653 1.86778 2.32653 1.86778 1.55648 1.90054 2.49037 2.27738 1.70394 3.24403 3.39149 1.88416 3.04742 3.48979 1.76947 2.7689 2.09715 
Utility: 6.48394 5.96977 5.83016 5.424 5.88332 5.71926 5.58386 5.35549 5.8667 5.93815 5.29757 6.06966 5.96716 5.99594 5.77116 6.28563 5.08437 5.25083 5.78749 5.70649 6.25859 5.68557 6.04896 6.37421 5.78734 5.81268 6.39214 5.48775 5.71147 5.76594 

--------------------------------------
Time: 15.5017
Split Ratios: 1 1 1 1 0.226 0.774 1 1 0.333 0.667 1 1 1 0.563 0.437 1 0.997 1 1 1 0.765 0.235 1 0.36 0.64 1 1 0.125 0.368 0.507 1 1 0.764 0.236 0.867 0.133 0.774 0.226 0.271 0.187 0.542 0.075 0.296 0.629 
Delays: 0.00428945 0.00723648 0.00578343 0.00724849 0.00757294 0.00579929 0.00578103 0.00728961 0.00873248 0.00575089 0.00722335 0.00759338 0.00437709 0.00580513 0.00586569 0.00438916 0.0115997 0.00823576 0.00586018 0.00847742 0.00438156 0.00576637 0.00741382 0.00577672 0.00582128 0.00923599 0.00589129 0.00731988 0.00910119 0.0063424 
Throughputs: 2.70336 2.39206 2.01523 1.44179 2.89997 1.90054 1.35987 1.68755 3.11296 1.96608 1.42541 2.94912 1.76947 2.53952 1.45818 2.40845 2.24461 2.12992 2.32653 2.17907 2.44122 1.58925 3.70278 3.16211 1.85139 3.01466 3.62086 2.16269 3.08019 1.98246 
Utility: 6.44609 5.80078 5.85349 5.29285 5.94787 5.79216 5.46056 5.44458 5.87628 5.83444 5.28489 5.96199 6.00205 6.08099 5.51582 6.3076 5.26531 5.55535 5.98395 5.54925 6.32285 5.61897 6.2135 6.30516 5.76217 5.78813 6.42099 5.68851 5.82434 5.74484 

--------------------------------------
Time: 16.0017
Split Ratios: 1 1 1 1 0.226 0.774 1 1 0.333 0.667 1 1 1 0.563 0.437 1 0.997 1 1 1 0.765 0.235 1 0.36 0.64 1 1 0.125 0.368 0.507 1 1 0.764 0.236 0.867 0.133 0.774 0.226 0.271 0.187 0.542 0.075 0.296 0.629 
Delays: 0.00428882 0.00727182 0.00576403 0.00722602 0.00761666 0.00575716 0.00579143 0.00729331 0.00871458 0.00578895 0.00723594 0.0074636 0.00436459 0.00578748 0.00582672 0.00440035 0.0115353 0.00804485 0.00585446 0.00829153 0.00433626 0.00578404 0.00817949 0.00581167 0.00579291 0.00930325 0.00582808 0.00730318 0.00901854 0.00657973 
Throughputs: 2.27738 3.09658 2.17907 1.55648 3.03104 1.93331 1.60563 1.83501 2.75251 1.88416 1.65478 3.34234 2.11354 2.39206 1.5401 2.57229 2.24461 1.93331 2.17907 2.29376 2.26099 1.57286 3.22765 3.34234 1.80224 2.78528 3.65363 1.90054 2.40845 1.7367 
Utility: 6.27477 6.05405 5.93502 5.37249 5.98632 5.81654 5.62489 5.52785 5.75527 5.78529 5.43237 6.10439 6.18259 6.02421 5.57715 6.37087 5.27088 5.48196 5.91945 5.62271 6.25655 5.60555 5.97788 6.35456 5.74015 5.70174 6.44079 5.56159 5.58746 5.57575 

--------------------------------------
Time: 16.5018
Split Ratios: 1 1 1 1 0.226 0.774 1 1 0.333 0.667 1 1 1 0.563 0.437 1 0.997 1 1 1 0.765 0.235 1 0.36 0.64 1 1 0.125 0.368 0.507 1 1 0.764 0.236 0.867 0.133 0.774 0.226 0.271 0.187 0.542 0.075 0.296 0.629 
Delays: 0.00428656 0.00727741 0.00577337 0.0073223 0.00763655 0.00578858 0.00577489 0.00729296 0.00876744 0.00577815 0.00725414 0.00739102 0.00436387 0.0057882 0.00585598 0.00435749 0.0115608 0.00810922 0.0058428 0.00836323 0.00435146 0.00576888 0.00756431 0.00578971 0.00582053 0.009119 0.00586985 0.00728567 0.00920488 0.00607546 
Throughputs: 2.50675 2.70336 1.83501 1.67117 2.60506 2.06438 1.57286 1.86778 3.01466 1.9497 1.57286 3.16211 2.01523 2.21184 1.65478 2.62144 2.048 1.96608 2.31014 2.44122 2.26099 1.85139 3.22765 3.26042 1.88416 3.22765 3.52256 1.93331 2.65421 2.03162 
Utility: 6.37126 5.91748 5.76155 5.43035 5.83226 5.8767 5.60713 5.54559 5.8402 5.82134 5.37908 6.05873 6.13513 5.94576 5.64396 6.39958 5.177 5.4908 5.97986 5.67641 6.25305 5.77122 6.05607 6.33353 5.77985 5.86915 6.39711 5.58108 5.66417 5.81233 

--------------------------------------
Time: 17.0018
Split Ratios: 1 1 1 1 0.226 0.774 1 1 0.333 0.667 1 1 1 0.563 0.437 1 0.997 1 1 1 0.765 0.235 1 0.36 0.64 1 1 0.125 0.368 0.507 1 1 0.764 0.236 0.867 0.133 0.774 0.226 0.271 0.187 0.542 0.075 0.296 0.629 
Delays: 0.00429375 0.00729763 0.00580741 0.00719685 0.00762241 0.00580278 0.0057788 0.0072623 0.00875624 0.0058068 0.00732461 0.00724811 0.00431759 0.00579715 0.00583553 0.00434013 0.0116576 0.00806015 0.0058521 0.00830571 0.00434297 0.00576411 0.00753217 0.00575861 0.00580537 0.0091501 0.00580677 0.00726649 0.00923272 0.00651957 
Throughputs: 2.63782 2.52314 2.048 1.52371 2.62144 2.17907 1.45818 1.7367 3.04742 2.21184 1.49094 3.08019 1.75309 2.40845 1.60563 2.8672 2.19546 2.048 2.34291 2.63782 2.31014 1.7367 3.01466 2.9655 1.96608 3.16211 3.2768 1.93331 2.89997 1.83501 
Utility: 6.42055 5.84571 5.86548 5.35526 5.84039 5.92832 5.53075 5.47705 5.85229 5.94255 5.31593 6.05201 6.00644 6.02937 5.61731 6.49319 5.23819 5.53769 5.99235 5.76077 6.27651 5.70809 5.99206 6.24411 5.82501 5.84523 6.3356 5.58372 5.7497 5.64 

--------------------------------------
Time: 17.5018
Split Ratios: 1 1 1 1 0.226 0.774 1 1 0.333 0.667 1 1 1 0.563 0.437 1 0.997 1 1 1 0.765 0.235 1 0.36 0.64 1 1 0.125 0.368 0.507 1 1 0.764 0.236 0.867 0.133 0.774 0.226 0.271 0.187 0.542 0.075 0.296 0.629 
Delays: 0.00428654 0.00729024 0.00577048 0.00725275 0.00753312 0.00580485 0.00575824 0.00725435 0.0087153 0.00577058 0.00728884 0.00769351 0.00432459 0.00578222 0.00582549 0.00436384 0.0116277 0.00794043 0.00583971 0.00822117 0.00435232 0.00581564 0.00789003 0.00577337 0.00582045 0.00923226 0.00582962 0.00730608 0.00916505 0.00627028 
Throughputs: 2.70336 2.80166 2.03162 1.6384 2.75251 2.16269 1.62202 1.80224 2.9655 1.6384 1.44179 2.81805 1.78586 2.22822 1.6384 2.47398 2.16269 2.29376 2.37568 2.37568 2.19546 1.57286 3.39149 2.63782 1.78586 2.89997 3.34234 1.85139 2.83443 1.86778 
Utility: 6.44677 5.95143 5.86383 5.42009 5.90096 5.92041 5.64079 5.51518 5.82972 5.6487 5.2873 5.90342 6.02334 5.95417 5.63923 6.34023 5.22572 5.66598 6.00836 5.66633 6.22344 5.6001 6.06342 6.12445 5.72628 5.74975 6.35147 5.53499 5.7342 5.69668 

--------------------------------------
Time: 18.0018
Split Ratios: 1 1 1 1 0.226 0.774 1 1 0.333 0.667 1 1 1 0.563 0.437 1 0.997 1 1 1 0.765 0.235 1 0.36 0.64 1 1 0.125 0.368 0.507 1 1 0.764 0.236 0.867 0.133 0.774 0.226 0.271 0.187 0.542 0.075 0.296 0.629 
Delays: 0.00430936 0.00724259 0.00579935 0.00726396 0.00749106 0.00583465 0.00578049 0.00724637 0.00871164 0.00578257 0.00723198 0.00747313 0.00434201 0.00578749 0.00583901 0.00436128 0.0116003 0.00810384 0.00583948 0.00827103 0.00440352 0.00579406 0.00781853 0.0057877 0.00583678 0.00910478 0.00583099 0.00733125 0.00915267 0.00649559 
Throughputs: 2.57229 2.80166 1.88416 1.55648 3.30957 2.1463 1.39264 1.78586 3.01466 2.5559 1.3271 3.04742 1.88416 2.1463 1.80224 2.68698 1.90054 1.60563 2.12992 2.67059 2.47398 1.31072 3.35872 2.94912 1.76947 3.06381 3.65363 2.31014 2.88358 1.9497 
Utility: 6.39176 5.95799 5.78349 5.36726 6.09086 5.90769 5.48447 5.50715 5.84658 6.09131 5.21224 6.01074 6.0729 5.9158 5.73222 6.42341 5.09887 5.28893 5.8992 5.7773 6.33118 5.4215 6.06282 6.23353 5.71426 5.81861 6.44029 5.75292 5.75274 5.70431 

--------------------------------------
Time: 18.5019
Split Ratios: 1 1 1 1 0.226 0.774 1 1 0.333 0.667 1 1 1 0.563 0.437 1 0.997 1 1 1 0.765 0.235 1 0.36 0.64 1 1 0.125 0.368 0.507 1 1 0.764 0.236 0.867 0.133 0.774 0.226 0.271 0.187 0.542 0.075 0.296 0.629 
Delays: 0.0043042 0.00727234 0.00578722 0.00719802 0.00760441 0.00582101 0.00578615 0.00727475 0.00870409 0.00580067 0.00722422 0.00762444 0.00436873 0.00577636 0.00577202 0.00433329 0.0115605 0.00809149 0.00586779 0.00840804 0.00432573 0.00580281 0.00808534 0.00576958 0.00580562 0.00915593 0.0058301 0.00734601 0.00907925 0.00630602 
Throughputs: 2.53952 2.81805 1.99885 1.70394 2.8672 2.03162 1.62202 1.7367 2.5559 1.88416 1.27795 3.09658 2.16269 2.1463 1.62202 2.22822 2.08077 2.26099 1.78586 2.17907 2.37568 1.78586 3.35872 3.29318 1.85139 2.98189 3.3751 2.01523 3.29318 2.01523 
Utility: 6.38014 5.95972 5.84467 5.46689 5.93236 5.85511 5.63596 5.47533 5.68237 5.78326 5.17557 6.00669 6.20464 5.91773 5.6384 6.24263 5.1929 5.63275 5.71818 5.55747 6.30846 5.72931 6.02926 6.34701 5.76487 5.78591 6.36115 5.61433 5.89362 5.76698 

--------------------------------------
Time: 19.0022
Split Ratios: 1 1 1 1 0.226 0.774 1 1 0.333 0.667 1 1 1 0.563 0.437 1 0.997 1 1 1 0.765 0.235 1 0.36 0.64 1 1 0.125 0.368 0.507 1 1 0.764 0.236 0.867 0.133 0.774 0.226 0.271 0.187 0.542 0.075 0.296 0.629 
Delays: 0.00429414 0.0072796 0.00581944 0.00725204 0.00759273 0.00583688 0.00576205 0.00728478 0.00872328 0.00576986 0.00726305 0.00755688 0.00435846 0.00576632 0.00577926 0.00436287 0.0116087 0.00805073 0.00584797 0.00845966 0.00434691 0.00581352 0.00736512 0.00579734 0.00586277 0.00915621 0.00583883 0.00732797 0.0092549 0.00631491 
Throughputs: 2.98189 2.78528 2.42483 1.85139 2.71974 2.21184 1.55648 1.65478 2.8672 2.1463 1.70394 3.21126 1.91693 2.12992 1.50733 2.53952 2.03162 2.16269 2.03162 2.27738 2.47398 2.048 3.06381 2.99827 1.91693 2.94912 3.5881 1.98246 3.2768 1.96608 
Utility: 6.54306 5.94703 6.03231 5.54241 5.8811 5.93738 5.59889 5.42564 5.7951 5.91886 5.4579 6.05196 6.08636 5.91181 5.56382 6.3666 5.16483 5.59334 5.85049 5.59547 6.34412 5.86443 6.03066 6.24839 5.78986 5.77483 6.42085 5.6004 5.86947 5.74088 

--------------------------------------
Time: 19.5025
Split Ratios: 1 1 1 1 0.226 0.774 1 1 0.333 0.667 1 1 1 0.563 0.437 1 0.997 1 1 1 0.765 0.235 1 0.36 0.64 1 1 0.125 0.368 0.507 1 1 0.764 0.236 0.867 0.133 0.774 0.226 0.271 0.187 0.542 0.075 0.296 0.629 
Delays: 0.00429644 0.00724581 0.00582658 0.00721535 0.00754711 0.00586897 0.0058064 0.00730483 0.0087409 0.00578354 0.00725259 0.00757762 0.00436264 0.00580113 0.00587569 0.00437536 0.0115825 0.00826839 0.0058302 0.00856505 0.00438795 0.00578645 0.00783334 0.00578931 0.00584064 0.0090142 0.00585865 0.00732583 0.00919457 0.00617242 
Throughputs: 2.73613 2.29376 2.06438 1.49094 2.85082 2.26099 1.58925 1.75309 3.21126 2.26099 1.67117 3.04742 1.88416 2.3593 1.72032 2.49037 1.9497 2.24461 2.24461 2.3593 2.08077 1.72032 3.45702 3.29318 1.99885 2.99827 3.57171 2.26099 2.7689 2.06438 
Utility: 6.45651 5.75752 5.87016 5.33095 5.9342 5.95388 5.61206 5.4806 5.90641 5.96854 5.43992 5.99685 6.06816 6.00807 5.67944 6.3442 5.12593 5.60385 5.95323 5.61843 6.16163 5.69475 6.08977 6.3436 5.83549 5.80699 6.41288 5.73215 5.70759 5.8125 

--------------------------------------
Time: 20.0026
Split Ratios: 1 1 1 1 0.226 0.774 1 1 0.333 0.667 1 1 1 0.563 0.437 1 0.997 1 1 1 0.765 0.235 1 0.36 0.64 1 1 0.125 0.368 0.507 1 1 0.764 0.236 0.867 0.133 0.774 0.226 0.271 0.187 0.542 0.075 0.296 0.629 
Delays: 0.00429394 0.00723929 0.00576879 0.00728152 0.00768411 0.00580069 0.00576064 0.00729751 0.00865934 0.00575556 0.00725391 0.00711088 0.00435576 0.00580771 0.00585245 0.00436799 0.0115878 0.00792981 0.00591849 0.00830921 0.00433931 0.0057975 0.00777592 0.0057905 0.00582919 0.00895915 0.00584488 0.00729692 0.00912987 0.00612805 
Throughputs: 2.83443 2.71974 1.91693 1.72032 2.60506 1.86778 1.57286 1.86778 2.60506 1.70394 1.44179 2.9655 1.81862 2.44122 1.14688 2.63782 1.81862 1.9497 2.24461 2.17907 1.99885 2.03162 3.47341 3.03104 1.99885 3.24403 3.42426 2.06438 2.71974 2.048 
Utility: 6.49239 5.92877 5.80602 5.46493 5.82605 5.77453 5.6096 5.54497 5.70657 5.69053 5.2921 6.03318 6.03434 6.04107 5.27794 6.40341 5.05588 5.5048 5.9382 5.56929 6.13261 5.85916 6.10186 6.26044 5.83745 5.8919 6.37307 5.64514 5.69674 5.81174 

--------------------------------------
Time: 20.5026
Split Ratios: 1 1 1 1 0.226 0.774 1 1 0.333 0.667 1 1 1 0.563 0.437 1 0.997 1 1 1 0.765 0.235 1 0.36 0.64 1 1 0.125 0.368 0.507 1 1 0.764 0.236 0.867 0.133 0.774 0.226 0.271 0.187 0.542 0.075 0.296 0.629 
Delays: 0.00430599 0.00727164 0.00580868 0.00731396 0.00764376 0.00586127 0.00580167 0.00730421 0.0087277 0.00580307 0.00724858 0.00758796 0.00436318 0.00583976 0.00581104 0.00432549 0.0116478 0.00818817 0.0058271 0.0082799 0.00432812 0.00580432 0.00770858 0.00576705 0.00582618 0.00895782 0.00583289 0.0072842 0.00917143 0.00632285 
Throughputs: 2.94912 2.52314 2.16269 1.50733 2.9655 2.1463 1.5401 1.62202 3.32595 1.7367 1.29434 2.8672 1.90054 2.37568 1.62202 2.22822 2.06438 2.1463 1.99885 2.39206 1.99885 1.91693 3.67002 3.34234 2.22822 2.94912 3.62086 1.78586 2.98189 2.1463 
Utility: 6.52926 5.84928 5.91975 5.32831 5.96091 5.90314 5.58145 5.40297 5.94301 5.70136 5.18495 5.93453 6.0767 6.00835 5.63167 6.24444 5.17747 5.56881 5.83781 5.66608 6.13519 5.79988 6.16562 6.36226 5.9466 5.79674 6.43095 5.50195 5.78422 5.82733 

--------------------------------------
Time: 21.0027
Split Ratios: 1 1 1 1 0.226 0.774 1 1 0.333 0.667 1 1 1 0.563 0.437 1 0.997 1 1 1 0.765 0.235 1 0.36 0.64 1 1 0.125 0.368 0.507 1 1 0.764 0.236 0.867 0.133 0.774 0.226 0.271 0.187 0.542 0.075 0.296 0.629 
Delays: 0.00429684 0.00724402 0.0057891 0.00725529 0.00765981 0.00581749 0.00576425 0.00729205 0.00874737 0.0057903 0.00730565 0.00750788 0.00435768 0.00579358 0.00582746 0.00434709 0.0116809 0.00785534 0.00586358 0.00812377 0.0043872 0.00580788 0.00774344 0.00578944 0.00581495 0.00923657 0.00585559 0.00737118 0.00899416 0.00616093 
Throughputs: 2.3593 2.93274 1.96608 1.50733 2.78528 2.11354 1.37626 1.49094 3.04742 1.85139 1.49094 2.78528 2.01523 2.40845 1.50733 2.52314 2.11354 2.11354 2.048 2.4576 2.63782 1.70394 3.6864 2.98189 2.03162 3.3751 3.63725 1.70394 2.94912 1.78586 
Utility: 6.30824 6.00352 5.82782 5.33636 5.89612 5.89525 5.47545 5.32038 5.8533 5.76751 5.31852 5.91615 6.13655 6.02999 5.55551 6.36375 5.19816 5.59492 5.85586 5.71215 6.39902 5.68148 6.16556 6.24428 5.85615 5.90101 6.43159 5.44312 5.79269 5.66943 

--------------------------------------
Time: 21.5027
Split Ratios: 1 1 1 1 0.226 0.774 1 1 0.333 0.667 1 1 1 0.563 0.437 1 0.997 1 1 1 0.765 0.235 1 0.36 0.64 1 1 0.125 0.368 0.507 1 1 0.764 0.236 0.867 0.133 0.774 0.226 0.271 0.187 0.542 0.075 0.296 0.629 
Delays: 0.00429259 0.00729092 0.00583494 0.00727595 0.00755871 0.00580596 0.00579116 0.00727886 0.00873057 0.00578273 0.00731584 0.00736193 0.00439415 0.00576159 0.00581959 0.00432154 0.011598 0.00811072 0.00581964 0.00847772 0.00434372 0.00582335 0.00761598 0.00579604 0.00579523 0.00912799 0.00583074 0.00727385 0.00904589 0.00635254 
Throughputs: 2.71974 2.89997 2.16269 1.55648 2.8672 2.048 1.5401 1.67117 3.14573 1.99885 1.47456 3.11296 2.09715 2.27738 1.6384 2.19546 1.98246 2.12992 1.98246 2.40845 2.21184 1.80224 2.93274 3.09658 1.80224 3.04742 3.39149 1.72032 2.8672 1.88416 
Utility: 6.4514 5.98582 5.91524 5.36561 5.93839 5.86573 5.58327 5.4363 5.88697 5.84545 5.30607 6.04701 6.16806 5.97957 5.64025 6.23053 5.14126 5.57065 5.83086 5.6493 6.23285 5.73491 5.95344 6.28088 5.73975 5.81071 6.36588 5.46598 5.75878 5.69238 

--------------------------------------
Time: 22.0029
Split Ratios: 1 1 1 1 0.226 0.774 1 1 0.333 0.667 1 1 1 0.563 0.437 1 0.997 1 1 1 0.765 0.235 1 0.36 0.64 1 1 0.125 0.368 0.507 1 1 0.764 0.236 0.867 0.133 0.774 0.226 0.271 0.187 0.542 0.075 0.296 0.629 
Delays: 0.00429501 0.0072647 0.00578072 0.00728015 0.00750398 0.00581405 0.00577741 0.00727282 0.00874212 0.00580174 0.00731877 0.00759101 0.00433643 0.00580351 0.00587866 0.0043499 0.0115772 0.00795821 0.00583714 0.00819481 0.00437016 0.00583349 0.00810155 0.00581591 0.00579743 0.00931065 0.00582063 0.0073038 0.00918987 0.00644147 
Throughputs: 2.65421 2.70336 1.90054 1.96608 2.98189 1.9497 1.7367 1.49094 3.01466 1.65478 1.47456 3.06381 2.03162 2.57229 1.68755 2.57229 2.12992 2.048 2.26099 2.68698 2.21184 1.47456 3.76832 3.04742 1.90054 3.19488 3.39149 2.01523 2.8672 1.91693 
Utility: 6.42645 5.91922 5.79537 5.59865 5.98488 5.81515 5.70579 5.32302 5.84309 5.65327 5.30567 6.00045 6.14954 6.09409 5.65971 6.3824 5.21481 5.55042 5.95932 5.79267 6.22678 5.5325 6.14233 6.26146 5.79248 5.83815 6.36762 5.6201 5.74299 5.69572 

--------------------------------------
Time: 22.5029
Split Ratios: 1 1 1 1 0.226 0.774 1 1 0.333 0.667 1 1 1 0.563 0.437 1 0.997 1 1 1 0.765 0.235 1 0.36 0.64 1 1 0.125 0.368 0.507 1 1 0.764 0.236 0.867 0.133 0.774 0.226 0.271 0.187 0.542 0.075 0.296 0.629 
Delays: 0.00429617 0.0072543 0.00579529 0.00723559 0.00766013 0.00579751 0.0058039 0.00728511 0.00868748 0.00580564 0.0072504 0.00744342 0.00438224 0.00579133 0.00582963 0.00433882 0.0115752 0.00811571 0.00590065 0.0084806 0.00438304 0.0057713 0.00767328 0.00576663 0.00582795 0.00917876 0.00581516 0.00733931 0.00911468 0.00644867 
Throughputs: 2.42483 2.78528 1.9497 1.67117 3.09658 1.58925 1.57286 1.80224 2.63782 2.048 1.62202 2.85082 1.9497 2.09715 1.03219 2.58867 1.99885 1.91693 2.16269 2.3593 2.27738 1.72032 3.26042 3.08019 1.88416 3.12934 3.40787 1.83501 3.30957 1.80224 
Utility: 6.33579 5.95051 5.81838 5.44227 6.00202 5.61359 5.60212 5.51095 5.71583 5.86579 5.41037 5.94803 6.09787 5.89197 5.17649 6.3913 5.15146 5.46468 5.90404 5.62834 6.25304 5.69737 6.05187 6.28066 5.77857 5.83169 6.37338 5.52156 5.89469 5.63291 

--------------------------------------
Time: 23.0035
Split Ratios: 1 1 1 1 0.226 0.774 1 1 0.333 0.667 1 1 1 0.563 0.437 1 0.997 1 1 1 0.765 0.235 1 0.36 0.64 1 1 0.125 0.368 0.507 1 1 0.764 0.236 0.867 0.133 0.774 0.226 0.271 0.187 0.542 0.075 0.296 0.629 
Delays: 0.00429177 0.00730924 0.00583724 0.00725178 0.0075596 0.00584434 0.00579256 0.00729177 0.00872443 0.00578451 0.0072863 0.00763685 0.00437649 0.00581776 0.00584731 0.00433766 0.0115805 0.00807425 0.00585409 0.0084763 0.00435628 0.00577426 0.00774782 0.00578347 0.00579828 0.00921859 0.00583832 0.00735608 0.00911091 0.00663423 
Throughputs: 2.67059 2.98189 1.9497 1.6384 2.68698 2.12992 1.60563 1.83501 2.89997 2.29376 1.45818 3.04742 1.88416 2.12992 1.45818 2.75251 1.86778 2.01523 2.31014 2.34291 2.34291 1.75309 3.63725 2.85082 1.76947 2.73613 3.75194 1.81862 2.93274 1.96608 
Utility: 6.43336 6.01117 5.81117 5.42023 5.87335 5.89837 5.6247 5.52806 5.80633 5.98276 5.29895 5.98907 6.06499 5.90292 5.51896 6.45293 5.08318 5.51981 5.97793 5.62188 6.28753 5.71572 6.15157 6.20036 5.72087 5.69308 6.46558 5.51031 5.77422 5.69155 

--------------------------------------
Time: 23.5036
Split Ratios: 1 1 1 1 0.226 0.774 1 1 0.333 0.667 1 1 1 0.563 0.437 1 0.997 1 1 1 0.765 0.235 1 0.36 0.64 1 1 0.125 0.368 0.507 1 1 0.764 0.236 0.867 0.133 0.774 0.226 0.271 0.187 0.542 0.075 0.296 0.629 
Delays: 0.00428097 0.00720949 0.00583091 0.00729946 0.00766309 0.00580013 0.00579234 0.00728806 0.0087039 0.00578873 0.00726633 0.00755634 0.00435357 0.00579267 0.0058366 0.00434984 0.011591 0.00828557 0.00582278 0.00826251 0.00432987 0.00580671 0.00737418 0.00575722 0.00579764 0.0090878 0.00583286 0.0072455 0.00910703 0.00635581 
Throughputs: 2.29376 2.57229 1.98246 1.65478 2.71974 2.03162 1.5401 1.60563 2.80166 1.9497 1.39264 2.9655 2.21184 2.06438 1.45818 2.3593 1.70394 1.88416 2.21184 2.50675 2.03162 1.90054 3.2768 2.9655 1.67117 2.98189 3.88301 1.88416 2.63782 1.67117 
Utility: 6.28377 5.87715 5.82892 5.42363 5.87188 5.85871 5.58306 5.39504 5.7742 5.81952 5.25571 5.97242 6.23058 5.87599 5.52079 6.29598 4.99047 5.42672 5.9398 5.71502 6.15105 5.79088 6.09664 6.24435 5.66383 5.79338 6.50086 5.56086 5.66866 5.57191 

--------------------------------------
Time: 24.0037
Split Ratios: 1 1 1 1 0.226 0.774 1 1 0.333 0.667 1 1 1 0.563 0.437 1 0.997 1 1 1 0.765 0.235 1 0.36 0.64 1 1 0.125 0.368 0.507 1 1 0.764 0.236 0.867 0.133 0.774 0.226 0.271 0.187 0.542 0.075 0.296 0.629 
Delays: 0.00430528 0.00726551 0.00574127 0.00728222 0.00767572 0.00579975 0.00575949 0.00724769 0.00871322 0.0058165 0.00728806 0.00738156 0.0043573 0.0058075 0.0058421 0.00435851 0.0115416 0.00822572 0.00582066 0.00839457 0.00433155 0.00578372 0.00758406 0.00576878 0.00580791 0.00938057 0.00586487 0.00726294 0.00914629 0.00639904 
Throughputs: 2.65421 2.50675 1.91693 1.78586 2.67059 1.98246 1.6384 1.86778 3.57171 1.99885 1.37626 3.21126 1.99885 2.68698 1.67117 2.89997 1.78586 1.9497 2.17907 2.78528 2.06438 1.57286 3.40787 2.70336 2.09715 3.01466 3.2768 1.86778 2.52314 1.96608 
Utility: 6.42406 5.8436 5.8108 5.50222 5.85199 5.83428 5.65063 5.55182 6.01596 5.83963 5.24088 6.07543 6.12847 6.13702 5.65619 6.50033 5.0417 5.46816 5.92524 5.80452 6.16666 5.60561 6.10779 6.14979 5.88912 5.7726 6.32564 5.54972 5.61991 5.72765 

--------------------------------------
Time: 24.5038
Split Ratios: 1 1 1 1 0.226 0.774 1 1 0.333 0.667 1 1 1 0.563 0.437 1 0.997 1 1 1 0.765 0.235 1 0.36 0.64 1 1 0.125 0.368 0.507 1 1 0.764 0.236 0.867 0.133 0.774 0.226 0.271 0.187 0.542 0.075 0.296 0.629 
Delays: 0.00429667 0.0072657 0.00579515 0.00722303 0.00765429 0.00587111 0.00578342 0.0072746 0.00874988 0.00576153 0.00727956 0.00741437 0.00435569 0.00584058 0.00584113 0.00436515 0.0116448 0.00816765 0.00582746 0.00847381 0.00434824 0.00579895 0.00793235 0.00573995 0.00583753 0.00907261 0.00586062 0.00728209 0.00917955 0.00634394 
Throughputs: 2.9655 2.60506 2.16269 1.58925 2.93274 2.26099 1.81862 1.98246 2.88358 2.24461 1.5401 2.93274 1.75309 2.53952 1.58925 2.4576 2.06438 2.08077 2.29376 2.47398 2.22822 1.76947 3.08019 2.91635 1.93331 3.08019 2.93274 1.85139 3.1785 1.76947 
Utility: 6.53696 5.88204 5.92209 5.39374 5.94842 5.95352 5.75084 5.60771 5.79775 5.96508 5.35453 5.98027 5.99765 6.0749 5.60609 6.33329 5.17773 5.54031 5.97537 5.6766 6.23919 5.72076 5.9618 6.23064 5.80268 5.82749 6.21544 5.53828 5.84718 5.63094 

--------------------------------------
Time: 25.0038
Split Ratios: 1 1 1 1 0.226 0.774 1 1 0.333 0.667 1 1 1 0.563 0.437 1 0.997 1 1 1 0.765 0.235 1 0.36 0.64 1 1 0.125 0.368 0.507 1 1 0.764 0.236 0.867 0.133 0.774 0.226 0.271 0.187 0.542 0.075 0.296 0.629 
Delays: 0.00429136 0.00724829 0.00579117 0.00725348 0.00757511 0.00580315 0.00580938 0.00729849 0.00872868 0.00580339 0.00724097 0.00749437 0.00439581 0.00580597 0.00584573 0.00438552 0.0115801 0.00803727 0.0058998 0.008441 0.00437512 0.00580303 0.00767888 0.00576219 0.00579999 0.00906021 0.00584797 0.00736445 0.0091992 0.00599032 
Throughputs: 2.65421 2.71974 2.22822 1.44179 2.89997 1.90054 1.81862 1.88416 3.03104 2.048 1.60563 2.89997 2.27738 2.1463 1.65478 2.31014 1.9497 2.06438 2.26099 2.63782 2.50675 1.6384 3.40787 2.9655 1.7367 3.11296 3.5881 2.01523 2.73613 1.88416 
Utility: 6.4273 5.92753 5.95263 5.29216 5.94759 5.7915 5.74636 5.55357 5.85005 5.86618 5.40152 5.9583 6.25013 5.91262 5.64571 6.26676 5.12614 5.5485 5.94864 5.74461 6.35081 5.6431 6.09537 6.24349 5.70189 5.83944 6.41928 5.61183 5.69518 5.75109 

--------------------------------------
Time: 25.5043
Split Ratios: 1 1 1 1 0.226 0.774 1 1 0.333 0.667 1 1 1 0.563 0.437 1 0.997 1 1 1 0.765 0.235 1 0.36 0.64 1 1 0.125 0.368 0.507 1 1 0.764 0.236 0.867 0.133 0.774 0.226 0.271 0.187 0.542 0.075 0.296 0.629 
Delays: 0.00428315 0.00726992 0.00578359 0.00731814 0.0075871 0.0058222 0.00583292 0.00730761 0.00875605 0.00575699 0.00725926 0.00747605 0.00433789 0.00580445 0.00582571 0.00437802 0.0116186 0.00792333 0.00585594 0.00832265 0.00438072 0.00580993 0.0078905 0.00581158 0.00586551 0.00912071 0.00583583 0.00735442 0.0091296 0.00629828 
Throughputs: 2.68698 2.75251 1.72032 1.6384 3.03104 2.01523 1.80224 1.93331 3.22765 1.78586 1.60563 2.63782 2.06438 2.49037 1.57286 2.53952 1.83501 1.7367 2.22822 2.50675 2.3593 1.65478 3.45702 3.39149 2.048 3.29318 3.14573 1.6384 3.14573 2.01523 
Utility: 6.44148 5.93652 5.69524 5.41112 5.99021 5.84681 5.73327 5.57807 5.90976 5.73724 5.39899 5.86601 6.1652 6.06156 5.59837 6.36313 5.06219 5.38993 5.9415 5.70776 6.2889 5.65186 6.0825 6.36917 5.85553 5.88906 6.28978 5.40617 5.84228 5.76821 

--------------------------------------
Time: 26.0045
Split Ratios: 1 1 1 1 0.226 0.774 1 1 0.333 0.667 1 1 1 0.563 0.437 1 0.997 1 1 1 0.765 0.235 1 0.36 0.64 1 1 0.125 0.368 0.507 1 1 0.764 0.236 0.867 0.133 0.774 0.226 0.271 0.187 0.542 0.075 0.296 0.629 
Delays: 0.00430812 0.00728829 0.00578416 0.00722721 0.00753404 0.00584224 0.00582183 0.00730504 0.00873465 0.00583172 0.00730678 0.00743559 0.00435966 0.00576942 0.00580012 0.00437296 0.0116411 0.00826147 0.00584726 0.00845766 0.0043701 0.00578127 0.00758445 0.00577543 0.00578902 0.00940433 0.00585135 0.00726035 0.00905391 0.00654789 
Throughputs: 2.63782 2.47398 2.16269 1.62202 2.73613 2.39206 1.57286 1.78586 2.88358 1.80224 1.70394 3.14573 2.048 2.4576 1.67117 2.81805 2.21184 1.99885 1.96608 2.34291 2.63782 1.93331 3.04742 3.2768 1.91693 3.01466 3.62086 1.98246 2.89997 1.88416 
Utility: 6.41721 5.82732 5.92398 5.41357 5.89487 6.0148 5.59904 5.49909 5.79949 5.73347 5.45189 6.04752 6.15222 6.05437 5.6634 6.46836 5.24704 5.48872 5.81782 5.62408 6.40292 5.81237 5.99595 6.34101 5.80252 5.77007 6.4278 5.60967 5.76926 5.66209 

--------------------------------------
Time: 26.5046
Split Ratios: 1 1 1 1 0.226 0.774 1 1 0.333 0.667 1 1 1 0.563 0.437 1 0.997 1 1 1 0.765 0.235 1 0.36 0.64 1 1 0.125 0.368 0.507 1 1 0.764 0.236 0.867 0.133 0.774 0.226 0.271 0.187 0.542 0.075 0.296 0.629 
Delays: 0.00429882 0.00723952 0.00579336 0.00726434 0.00753693 0.00583248 0.00577006 0.00723874 0.00871411 0.00579282 0.00726491 0.00728109 0.00435726 0.00579762 0.00584634 0.00435143 0.0115374 0.00809044 0.00583325 0.0083843 0.00435339 0.00576028 0.00754749 0.00578842 0.00578678 0.00937562 0.00585696 0.00727189 0.00915913 0.00623475 
Throughputs: 2.5559 2.34291 2.12992 1.85139 2.63782 1.65478 1.58925 2.048 3.01466 1.88416 1.81862 2.8672 1.9497 2.24461 1.6384 2.49037 1.91693 1.58925 2.08077 2.29376 2.22822 1.93331 3.52256 3.47341 1.72032 3.12934 2.89997 1.67117 2.58867 2.08077 
Utility: 6.38782 5.77959 5.90713 5.54072 5.85789 5.64798 5.61833 5.64517 5.8463 5.78462 5.52278 5.97581 6.10359 5.95884 5.63566 6.34968 5.11289 5.28033 5.87692 5.61159 6.23801 5.816 6.14573 6.39703 5.69469 5.81047 6.20482 5.43726 5.64415 5.81035 

--------------------------------------
Time: 27.0047
Split Ratios: 1 1 1 1 0.226 0.774 1 1 0.333 0.667 1 1 1 0.563 0.437 1 0.997 1 1 1 0.765 0.235 1 0.36 0.64 1 1 0.125 0.368 0.507 1 1 0.764 0.236 0.867 0.133 0.774 0.226 0.271 0.187 0.542 0.075 0.296 0.629 
Delays: 0.00429365 0.0072432 0.00578941 0.00725301 0.00758612 0.00584595 0.00578154 0.00731281 0.00872657 0.00579617 0.00728848 0.00756116 0.00434242 0.00576715 0.00583743 0.00437836 0.0115366 0.00815999 0.00582338 0.00833021 0.00434601 0.00580694 0.00746129 0.00577215 0.00583128 0.00922114 0.00585544 0.0073101 0.00911837 0.0063463 
Throughputs: 2.42483 2.57229 1.85139 1.65478 2.98189 2.21184 1.47456 1.68755 2.9655 2.19546 1.47456 2.70336 1.91693 2.22822 1.45818 2.42483 2.01523 2.09715 2.52314 2.60506 1.99885 1.86778 3.16211 2.88358 1.72032 3.45702 3.50618 1.90054 2.98189 1.81862 
Utility: 6.33638 5.87249 5.76766 5.43001 5.97399 5.93583 5.54144 5.44141 5.82843 5.93695 5.30982 5.87923 6.09005 5.95678 5.52065 6.31684 5.16296 5.54909 6.07138 5.74532 6.13107 5.77345 6.04927 6.21375 5.68703 5.92666 6.39491 5.56064 5.79002 5.65796 

--------------------------------------
Time: 27.5047
Split Ratios: 1 1 1 1 0.226 0.774 1 1 0.333 0.667 1 1 1 0.563 0.437 1 0.997 1 1 1 0.765 0.235 1 0.36 0.64 1 1 0.125 0.368 0.507 1 1 0.764 0.236 0.867 0.133 0.774 0.226 0.271 0.187 0.542 0.075 0.296 0.629 
Delays: 0.00429958 0.00729998 0.00587186 0.00725211 0.00757107 0.00578754 0.00576559 0.007285 0.00875862 0.00574873 0.00729266 0.00742269 0.00434755 0.00582179 0.00584864 0.00435045 0.0116007 0.00803125 0.00584627 0.00849435 0.00435477 0.00583471 0.00763947 0.00581392 0.00580505 0.00904827 0.00581092 0.00730566 0.0091691 0.0064907 
Throughputs: 2.80166 2.52314 2.12992 1.55648 2.93274 1.72032 1.52371 1.98246 2.89997 1.99885 1.57286 3.04742 1.75309 2.49037 1.45818 2.57229 2.17907 2.03162 2.06438 2.03162 2.39206 1.68755 2.94912 2.89997 2.06438 3.01466 3.83386 2.03162 2.93274 1.85139 
Utility: 6.47945 5.84539 5.89367 5.36889 5.95936 5.69456 5.577 5.60628 5.80242 5.85135 5.37379 6.01751 5.99952 6.05858 5.51873 6.38227 5.23559 5.53325 5.86678 5.47719 6.30864 5.66721 5.95593 6.2122 5.87386 5.80867 6.49189 5.62794 5.76785 5.65332 

--------------------------------------
Time: 28.0047
Split Ratios: 1 1 1 1 0.226 0.774 1 1 0.333 0.667 1 1 1 0.563 0.437 1 0.997 1 1 1 0.765 0.235 1 0.36 0.64 1 1 0.125 0.368 0.507 1 1 0.764 0.236 0.867 0.133 0.774 0.226 0.271 0.187 0.542 0.075 0.296 0.629 
Delays: 0.00429679 0.0072482 0.00580418 0.0072602 0.0075869 0.00579137 0.00578841 0.00726662 0.00873756 0.005775 0.00730032 0.00764985 0.00437008 0.00579034 0.00583739 0.00435937 0.0115343 0.00812 0.00584828 0.00818872 0.00436294 0.00581093 0.00777481 0.00575244 0.00581937 0.00918876 0.00582029 0.00730707 0.00914852 0.00625333 
Throughputs: 2.73613 3.01466 1.72032 1.60563 3.04742 2.1463 1.60563 2.01523 2.93274 1.75309 1.55648 2.9655 1.81862 2.21184 1.62202 2.29376 1.67117 1.9497 2.42483 2.12992 2.06438 1.52371 3.19488 3.21126 1.58925 3.12934 3.1785 2.06438 2.78528 1.81862 
Utility: 6.45643 6.03049 5.69169 5.39886 5.99563 5.91513 5.62541 5.6252 5.81606 5.7156 5.36226 5.96012 6.03105 5.94539 5.62714 6.26562 4.97595 5.4811 6.02737 5.56108 6.15944 5.56916 6.01842 6.3248 5.60982 5.8306 6.30281 5.64374 5.71851 5.67272 

--------------------------------------
Time: 28.5049
Split Ratios: 1 1 1 1 0.226 0.774 1 1 0.333 0.667 1 1 1 0.563 0.437 1 0.997 1 1 1 0.765 0.235 1 0.36 0.64 1 1 0.125 0.368 0.507 1 1 0.764 0.236 0.867 0.133 0.774 0.226 0.271 0.187 0.542 0.075 0.296 0.629 
Delays: 0.00429753 0.00724845 0.00581817 0.00721876 0.00765235 0.00581623 0.00582702 0.00729653 0.00874176 0.00580172 0.00727236 0.00751403 0.004395 0.00579557 0.00581642 0.00435955 0.011589 0.00818062 0.00581773 0.00823749 0.0043459 0.00578014 0.00771617 0.00577658 0.00578788 0.00920056 0.00585351 0.00724846 0.00916398 0.00640054 
Throughputs: 2.32653 2.49037 2.08077 1.83501 3.1785 2.1463 1.55648 1.6384 2.91635 2.40845 1.37626 3.06381 1.96608 2.21184 1.76947 2.24461 1.80224 1.99885 1.80224 2.44122 1.91693 1.49094 3.1785 3.21126 1.90054 3.04742 3.24403 1.91693 2.75251 1.90054 
Utility: 6.29409 5.8394 5.87951 5.53812 6.02915 5.91085 5.58768 5.41408 5.80998 6.02858 5.24304 6.01064 6.10333 5.94449 5.71775 6.24392 5.04673 5.49856 5.73588 5.69156 6.08925 5.55274 6.02085 6.32061 5.79413 5.80279 6.31753 5.57769 5.70499 5.69351 

--------------------------------------
Time: 29.0049
Split Ratios: 1 1 1 1 0.226 0.774 1 1 0.333 0.667 1 1 1 0.563 0.437 1 0.997 1 1 1 0.765 0.235 1 0.36 0.64 1 1 0.125 0.368 0.507 1 1 0.764 0.236 0.867 0.133 0.774 0.226 0.271 0.187 0.542 0.075 0.296 0.629 
Delays: 0.00430553 0.00722364 0.00578326 0.00725573 0.00768963 0.00583596 0.00576201 0.00728132 0.00872671 0.00577196 0.00728292 0.00742181 0.00432855 0.00577579 0.00584161 0.00434698 0.0115687 0.0080741 0.00587035 0.00845519 0.00435651 0.00584854 0.00775508 0.00576602 0.00583223 0.00906123 0.00582402 0.00730076 0.00916201 0.00626064 
Throughputs: 2.57229 2.60506 2.24461 1.60563 2.73613 2.40845 1.57286 2.08077 2.60506 2.26099 1.6384 3.19488 1.68755 2.29376 1.50733 2.34291 1.98246 2.12992 1.93331 2.47398 2.44122 1.68755 3.44064 2.78528 1.55648 3.01466 3.47341 1.86778 2.5559 1.96608 
Utility: 6.39265 5.88785 5.96132 5.39948 5.87443 6.0227 5.60937 5.65518 5.69882 5.97055 5.41594 6.06488 5.9658 5.98427 5.55309 6.28967 5.14379 5.57518 5.79708 5.6788 6.32858 5.66484 6.09506 6.18012 5.58678 5.80724 6.3909 5.54453 5.6311 5.74951 

--------------------------------------
Time: 29.505
Split Ratios: 1 1 1 1 0.226 0.774 1 1 0.333 0.667 1 1 1 0.563 0.437 1 0.997 1 1 1 0.765 0.235 1 0.36 0.64 1 1 0.125 0.368 0.507 1 1 0.764 0.236 0.867 0.133 0.774 0.226 0.271 0.187 0.542 0.075 0.296 0.629 
Delays: 0.00429374 0.00729649 0.00580398 0.00724171 0.00770681 0.00584016 0.0057808 0.00726925 0.00869358 0.00579665 0.00724319 0.0073446 0.00435167 0.00579923 0.00582008 0.00437073 0.0115926 0.00785625 0.00585642 0.00852172 0.00435777 0.00575719 0.00782828 0.00580748 0.00581189 0.00905897 0.00585144 0.00730979 0.00916195 0.00631553 
Throughputs: 2.67059 2.27738 2.16269 1.6384 3.14573 1.90054 1.81862 1.58925 2.34291 2.1463 1.5401 3.26042 1.68755 2.048 1.68755 2.85082 2.16269 1.57286 2.32653 2.09715 2.21184 1.85139 3.1785 3.08019 1.62202 2.99827 3.65363 1.70394 2.88358 2.11354 
Utility: 6.4329 5.74339 5.92056 5.42162 6.0117 5.78514 5.75129 5.38736 5.59656 5.91422 5.35954 6.09564 5.96048 5.86689 5.66972 6.48043 5.22874 5.29934 5.98459 5.50572 6.22962 5.77324 6.00642 6.2736 5.63152 5.80204 6.43679 5.45148 5.75173 5.81311 

--------------------------------------
Time: 30.0051
Split Ratios: 1 1 1 1 0.226 0.774 1 1 0.333 0.667 1 1 1 0.563 0.437 1 0.997 1 1 1 0.765 0.235 1 0.36 0.64 1 1 0.125 0.368 0.507 1 1 0.764 0.236 0.867 0.133 0.774 0.226 0.271 0.187 0.542 0.075 0.296 0.629 
Delays: 0.00430452 0.0072719 0.00579047 0.00727347 0.00753496 0.00583257 0.00581583 0.00726683 0.00868815 0.00581352 0.00728461 0.00732582 0.00435628 0.0058064 0.00583025 0.00438739 0.0115929 0.00783833 0.00583349 0.00846223 0.00435262 0.00579488 0.00798908 0.00577783 0.00582002 0.00910643 0.00586682 0.0072891 0.00920164 0.00643326 
Throughputs: 2.91635 2.91635 2.26099 1.9497 2.65421 1.93331 1.55648 1.68755 2.73613 2.37568 1.45818 3.16211 1.90054 2.21184 1.40902 2.42483 2.01523 1.7367 2.26099 2.68698 2.31014 1.62202 3.39149 3.34234 1.76947 3.29318 3.35872 2.11354 3.09658 1.99885 
Utility: 6.51842 5.99407 5.96735 5.5912 5.86435 5.80353 5.5896 5.44771 5.75234 6.01285 5.29918 6.06759 6.07828 5.94262 5.48759 6.31478 5.1581 5.40072 5.95994 5.76056 6.27429 5.63445 6.05095 6.3604 5.71713 5.89063 6.35 5.66974 5.81867 5.73884 

--------------------------------------
Time: 30.5053
Split Ratios: 1 1 1 1 0.226 0.774 1 1 0.333 0.667 1 1 1 0.563 0.437 1 0.997 1 1 1 0.765 0.235 1 0.36 0.64 1 1 0.125 0.368 0.507 1 1 0.764 0.236 0.867 0.133 0.774 0.226 0.271 0.187 0.542 0.075 0.296 0.629 
Delays: 0.00429325 0.00731142 0.00580042 0.00729663 0.00777188 0.00581063 0.00578126 0.00733312 0.00874362 0.00575734 0.0073084 0.00753559 0.00434897 0.00579108 0.00587486 0.00435513 0.0116264 0.00791436 0.0058781 0.00856954 0.0043669 0.00580886 0.00773307 0.00575552 0.00586923 0.00925179 0.00582473 0.00735065 0.00910845 0.00637534 
Throughputs: 2.88358 2.75251 2.22822 1.68755 3.16211 2.22822 1.57286 1.86778 3.01466 2.09715 1.65478 3.19488 1.68755 2.32653 1.65478 2.63782 1.98246 1.83501 2.42483 2.47398 2.63782 1.85139 3.45702 2.80166 2.17907 2.91635 3.19488 1.75309 2.80166 1.72032 
Utility: 6.50974 5.93083 5.95103 5.44362 6.00848 5.94927 5.60603 5.5401 5.84292 5.89786 5.4224 6.04967 5.9611 5.99581 5.64074 6.40635 5.13881 5.44613 6.02228 5.66537 6.40366 5.76431 6.10266 6.18781 5.91693 5.75327 6.30719 5.47435 5.72877 5.59783 

--------------------------------------
Time: 31.0054
Split Ratios: 1 1 1 1 0.226 0.774 1 1 0.333 0.667 1 1 1 0.563 0.437 1 0.997 1 1 1 0.765 0.235 1 0.36 0.64 1 1 0.125 0.368 0.507 1 1 0.764 0.236 0.867 0.133 0.774 0.226 0.271 0.187 0.542 0.075 0.296 0.629 
Delays: 0.00431028 0.00728634 0.005787 0.00721891 0.00763325 0.00584408 0.00581857 0.00736383 0.00867917 0.00575783 0.00722852 0.00725896 0.00437773 0.00582072 0.0057961 0.00437786 0.0116248 0.00809468 0.00585305 0.00849127 0.0043847 0.00578646 0.00756599 0.00579433 0.00584959 0.00927608 0.00582739 0.00733682 0.0091482 0.00668521 
Throughputs: 2.53952 2.85082 2.31014 1.70394 2.68698 1.80224 1.52371 1.78586 2.99827 1.9497 1.52371 3.11296 1.9497 2.32653 1.3271 2.63782 1.90054 2.26099 2.11354 2.21184 2.53952 1.62202 3.30957 3.30957 1.70394 3.01466 3.12934 1.96608 3.14573 1.88416 
Utility: 6.37873 5.96936 5.98945 5.46399 5.86366 5.73136 5.56785 5.49107 5.84487 5.82487 5.35087 6.06109 6.0989 5.99071 5.43357 6.40115 5.09675 5.63235 5.88916 5.56254 6.36161 5.6359 6.08091 6.34769 5.67432 5.7838 6.28601 5.59089 5.84024 5.64134 

--------------------------------------
Time: 31.5058
Split Ratios: 1 1 1 1 0.226 0.774 1 1 0.333 0.667 1 1 1 0.563 0.437 1 0.997 1 1 1 0.765 0.235 1 0.36 0.64 1 1 0.125 0.368 0.507 1 1 0.764 0.236 0.867 0.133 0.774 0.226 0.271 0.187 0.542 0.075 0.296 0.629 
Delays: 0.00430345 0.00729706 0.00579345 0.00727899 0.00743284 0.00578411 0.00579112 0.00730604 0.0087434 0.00577889 0.0072549 0.00732455 0.00432079 0.00577068 0.00582436 0.00436913 0.0115989 0.00794367 0.00582592 0.00851045 0.00432647 0.00579978 0.00790832 0.00577961 0.0058306 0.00934646 0.00588564 0.0072408 0.00910174 0.0063304 
Throughputs: 2.60506 3.14573 1.93331 1.80224 2.93274 2.01523 1.85139 1.70394 3.48979 1.9497 1.52371 3.08019 1.34349 2.5559 1.7367 2.78528 1.86778 1.83501 1.91693 2.39206 2.27738 1.81862 2.85082 2.91635 1.72032 3.12934 3.85024 1.70394 2.78528 2.03162 
Utility: 6.40579 6.06633 5.81026 5.51179 5.97778 5.85337 5.76737 5.45199 5.9893 5.82122 5.34723 6.04152 5.73959 6.09337 5.69769 6.45754 5.08159 5.44243 5.79616 5.63862 6.26603 5.74802 5.88744 6.22375 5.68715 5.81358 6.48338 5.46096 5.72364 5.77122 

--------------------------------------
Time: 32.0062
Split Ratios: 1 1 1 1 0.226 0.774 1 1 0.333 0.667 1 1 1 0.563 0.437 1 0.997 1 1 1 0.765 0.235 1 0.36 0.64 1 1 0.125 0.368 0.507 1 1 0.764 0.236 0.867 0.133 0.774 0.226 0.271 0.187 0.542 0.075 0.296 0.629 
Delays: 0.00431466 0.00729645 0.00586529 0.00725729 0.00769062 0.00577893 0.00578822 0.00728227 0.00872678 0.00579884 0.00726013 0.00755083 0.00437623 0.00579596 0.00579031 0.0043391 0.0116204 0.00821692 0.00581136 0.0084548 0.00435034 0.00578923 0.00745003 0.0057525 0.00585536 0.00924777 0.00582841 0.00731332 0.0091101 0.00663213 
Throughputs: 2.60506 2.53952 1.9497 1.58925 2.60506 1.9497 1.45818 1.76947 3.11296 1.90054 1.3271 3.16211 2.048 2.048 1.7367 2.40845 1.85139 1.93331 1.90054 2.42483 2.17907 1.81862 3.2768 3.14573 1.93331 3.30957 3.48979 2.12992 2.85082 1.62202 
Utility: 6.40319 5.85234 5.80638 5.38901 5.82521 5.82121 5.52912 5.49299 5.87693 5.79224 5.20836 6.03734 6.14843 5.86746 5.70356 6.31907 5.07093 5.46079 5.79008 5.65878 6.2164 5.74984 6.0864 6.30417 5.79963 5.88019 6.39485 5.67414 5.74598 5.4995 

--------------------------------------
Time: 32.5068
Split Ratios: 1 1 1 1 0.226 0.774 1 1 0.333 0.667 1 1 1 0.563 0.437 1 0.997 1 1 1 0.765 0.235 1 0.36 0.64 1 1 0.125 0.368 0.507 1 1 0.764 0.236 0.867 0.133 0.774 0.226 0.271 0.187 0.542 0.075 0.296 0.629 
Delays: 0.00430189 0.00728347 0.00579506 0.00729067 0.00763717 0.00582288 0.00578244 0.00733013 0.00870075 0.00574702 0.00728752 0.00740207 0.00436664 0.00581071 0.00581325 0.00435519 0.0115381 0.00819963 0.00586064 0.00850999 0.00431805 0.00580006 0.00773738 0.00577405 0.00583689 0.00924695 0.00584081 0.00727541 0.00921115 0.00636416 
Throughputs: 2.47398 2.78528 2.03162 1.76947 2.81805 2.09715 1.9497 1.76947 2.99827 1.68755 1.37626 2.67059 2.06438 2.52314 1.50733 2.5559 1.83501 1.99885 2.16269 2.5559 2.27738 1.75309 3.45702 3.09658 2.12992 2.99827 3.53894 1.70394 2.81805 1.85139 
Utility: 6.35453 5.9465 5.85958 5.49184 5.91077 5.88654 5.8206 5.48644 5.84238 5.68235 5.24096 5.8883 6.15859 6.07356 5.55795 6.37479 5.06915 5.49624 5.91085 5.70492 6.26798 5.71127 6.1021 6.28468 5.89964 5.7815 6.40671 5.4562 5.72339 5.67301 

--------------------------------------
Time: 33.0068
Split Ratios: 1 1 1 1 0.226 0.774 1 1 0.333 0.667 1 1 1 0.563 0.437 1 0.997 1 1 1 0.765 0.235 1 0.36 0.64 1 1 0.125 0.368 0.507 1 1 0.764 0.236 0.867 0.133 0.774 0.226 0.271 0.187 0.542 0.075 0.296 0.629 
Delays: 0.00429427 0.00727826 0.00582755 0.00727026 0.00768839 0.00584902 0.00579913 0.0073366 0.00876393 0.00576421 0.00729635 0.00765664 0.00435865 0.0058089 0.00585404 0.00436773 0.0115996 0.0081001 0.00580798 0.00861389 0.00431078 0.005758 0.00764579 0.00581125 0.00582755 0.00930585 0.00584269 0.00725993 0.00923104 0.00642031 
Throughputs: 2.29376 2.85082 2.08077 1.68755 3.09658 2.1463 1.6384 1.99885 2.8672 2.26099 1.49094 3.11296 2.06438 2.27738 1.45818 2.27738 1.7367 1.99885 1.96608 2.24461 1.98246 1.62202 3.21126 3.2768 1.65478 3.34234 3.63725 1.55648 2.67059 1.7367 
Utility: 6.28067 5.97047 5.8779 5.44724 5.99834 5.90523 5.64377 5.60745 5.79045 5.97189 5.31979 6.00776 6.16043 5.97139 5.51781 6.25654 5.00877 5.50845 5.82456 5.56291 6.13098 5.64083 6.04027 6.33483 5.64883 5.88378 6.43379 5.36781 5.66748 5.60028 

--------------------------------------
Time: 33.5068
Split Ratios: 1 1 1 1 0.226 0.774 1 1 0.333 0.667 1 1 1 0.563 0.437 1 0.997 1 1 1 0.765 0.235 1 0.36 0.64 1 1 0.125 0.368 0.507 1 1 0.764 0.236 0.867 0.133 0.774 0.226 0.271 0.187 0.542 0.075 0.296 0.629 
Delays: 0.00429717 0.00728326 0.00579339 0.00733345 0.00753414 0.00585314 0.00577863 0.00735038 0.00870099 0.00578204 0.00728495 0.00752962 0.00434477 0.0057992 0.00585163 0.00434441 0.0116548 0.00804588 0.00578381 0.00844482 0.00434498 0.00578 0.00794901 0.00577435 0.00581338 0.0091074 0.00583016 0.00726584 0.00914172 0.0064652 
Throughputs: 2.3593 2.57229 2.17907 1.58925 2.73613 1.76947 1.60563 1.90054 2.75251 1.98246 1.44179 2.85082 1.83501 2.60506 1.99885 2.17907 1.78586 2.19546 1.88416 2.42483 2.09715 1.52371 3.11296 2.99827 1.93331 3.3751 3.52256 1.68755 3.09658 1.60563 
Utility: 6.30816 5.86697 5.92994 5.37857 5.89485 5.71146 5.62711 5.55514 5.75683 5.83734 5.28783 5.93652 6.04583 6.10749 5.83361 6.21776 5.03194 5.60899 5.78617 5.65996 6.17931 5.5745 5.97028 6.25237 5.80683 5.91509 6.4039 5.44785 5.8252 5.51484 

--------------------------------------
Time: 34.0069
Split Ratios: 1 1 1 1 0.226 0.774 1 1 0.333 0.667 1 1 1 0.563 0.437 1 0.997 1 1 1 0.765 0.235 1 0.36 0.64 1 1 0.125 0.368 0.507 1 1 0.764 0.236 0.867 0.133 0.774 0.226 0.271 0.187 0.542 0.075 0.296 0.629 
Delays: 0.00427759 0.00728449 0.0058034 0.00729169 0.00764772 0.00580559 0.00579685 0.00727794 0.00870101 0.00574903 0.00735753 0.00754634 0.00436084 0.00581948 0.00592519 0.00436381 0.0115938 0.00802371 0.00587558 0.00839785 0.0043519 0.00582602 0.00757922 0.00580199 0.00583302 0.0091534 0.0058935 0.00729858 0.00912728 0.0064636 
Throughputs: 2.49037 2.65421 1.99885 1.5401 2.68698 1.9497 1.83501 1.83501 2.9655 2.09715 1.7367 3.40787 1.91693 2.5559 1.72032 2.57229 1.76947 1.98246 2.1463 2.50675 2.11354 1.65478 3.62086 3.08019 1.91693 2.98189 4.01408 2.048 3.09658 1.7367 
Utility: 6.3668 5.89815 5.84188 5.35287 5.86176 5.81661 5.75749 5.52996 5.83136 5.8993 5.46402 6.11278 6.08581 6.08495 5.67105 6.37921 5.02797 5.50969 5.9007 5.69877 6.18551 5.64909 6.16906 6.27455 5.79494 5.78619 6.52371 5.63694 5.82678 5.59356 

--------------------------------------
Time: 34.5072
Split Ratios: 1 1 1 1 0.226 0.774 1 1 0.333 0.667 1 1 1 0.563 0.437 1 0.997 1 1 1 0.765 0.235 1 0.36 0.64 1 1 0.125 0.368 0.507 1 1 0.764 0.236 0.867 0.133 0.774 0.226 0.271 0.187 0.542 0.075 0.296 0.629 
Delays: 0.00428577 0.00724843 0.00579121 0.00724418 0.00765113 0.00584087 0.00574723 0.00728246 0.00870586 0.0057572 0.0072842 0.00747603 0.00438913 0.00578422 0.00582954 0.00436568 0.0116143 0.00808121 0.00593802 0.00825301 0.00434871 0.00578573 0.00743167 0.00576334 0.00582471 0.00925074 0.00582002 0.00732809 0.0091934 0.0064162 
Throughputs: 2.34291 2.68698 2.21184 1.70394 2.98189 2.21184 1.58925 1.81862 3.09658 1.72032 1.31072 3.2768 1.88416 2.29376 1.67117 2.60506 1.83501 2.09715 2.24461 2.44122 2.17907 1.86778 3.32595 2.85082 2.06438 3.42426 3.32595 1.90054 2.65421 1.98246 
Utility: 6.30385 5.91539 5.94524 5.4605 5.96546 5.9367 5.6223 5.52037 5.87406 5.69981 5.19262 6.08292 6.06211 5.98281 5.65834 6.39144 5.06257 5.55879 5.93491 5.68967 6.21677 5.77711 6.10376 6.20384 5.87048 5.91394 6.34821 5.55818 5.66542 5.73327 

--------------------------------------
Time: 35.0075
Split Ratios: 1 1 1 1 0.226 0.774 1 1 0.333 0.667 1 1 1 0.563 0.437 1 0.997 1 1 1 0.765 0.235 1 0.36 0.64 1 1 0.125 0.368 0.507 1 1 0.764 0.236 0.867 0.133 0.774 0.226 0.271 0.187 0.542 0.075 0.296 0.629 
Delays: 0.00427942 0.0072647 0.00578272 0.00725312 0.00763393 0.0058177 0.00580995 0.00724579 0.0087019 0.00578276 0.00729612 0.00740052 0.00440975 0.00576379 0.00580623 0.00434103 0.0115641 0.00816734 0.00582306 0.00828396 0.00434896 0.0057706 0.00781073 0.00576923 0.00578321 0.00923948 0.00583337 0.00726644 0.00905252 0.00635211 
Throughputs: 2.47398 2.71974 1.99885 1.60563 2.49037 1.98246 1.58925 1.65478 2.91635 2.29376 1.40902 3.22765 1.90054 2.34291 1.55648 2.53952 2.12992 2.048 2.29376 2.31014 2.32653 1.85139 3.3751 3.52256 1.75309 3.14573 3.42426 1.93331 2.8672 1.60563 
Utility: 6.35977 5.92527 5.84545 5.39984 5.78758 5.83119 5.61144 5.43101 5.81455 5.98307 5.26331 6.07796 6.06608 6.00756 5.59125 6.37162 5.21593 5.52448 5.97612 5.63074 6.28219 5.77092 6.06868 6.4144 5.71418 5.83031 6.37504 5.58372 5.75805 5.53249 

--------------------------------------
Time: 35.5075
Split Ratios: 1 1 1 1 0.226 0.774 1 1 0.333 0.667 1 1 1 0.563 0.437 1 0.997 1 1 1 0.765 0.235 1 0.36 0.64 1 1 0.125 0.368 0.507 1 1 0.764 0.236 0.867 0.133 0.774 0.226 0.271 0.187 0.542 0.075 0.296 0.629 
Delays: 0.0042954 0.00724462 0.0058156 0.00721806 0.00760269 0.00580294 0.00577988 0.00726041 0.00869459 0.00580235 0.00727807 0.00719513 0.00436238 0.00583271 0.00578021 0.00432186 0.0116021 0.00817719 0.00595187 0.00837638 0.00439761 0.00578211 0.00767198 0.0057764 0.00584882 0.00923858 0.0057938 0.00737128 0.00912713 0.00639002 
Throughputs: 2.44122 2.75251 1.99885 1.85139 3.11296 1.7367 1.52371 1.5401 2.71974 1.99885 1.31072 2.99827 1.93331 2.42483 1.50733 2.50675 1.91693 1.90054 2.31014 2.12992 2.60506 1.57286 3.11296 3.34234 1.98246 3.44064 3.44064 2.12992 2.62144 1.72032 
Utility: 6.34271 5.94001 5.83978 5.54711 6.01483 5.70138 5.57452 5.35716 5.74559 5.84206 5.19347 6.03239 6.09397 6.03004 5.56365 6.36306 5.1073 5.44855 5.96136 5.53842 6.38415 5.60589 6.00575 6.36064 5.82586 5.92002 6.38662 5.66625 5.66023 5.59553 

--------------------------------------
Time: 36.0076
Split Ratios: 1 1 1 1 0.226 0.774 1 1 0.333 0.667 1 1 1 0.563 0.437 1 0.997 1 1 1 0.765 0.235 1 0.36 0.64 1 1 0.125 0.368 0.507 1 1 0.764 0.236 0.867 0.133 0.774 0.226 0.271 0.187 0.542 0.075 0.296 0.629 
Delays: 0.00428569 0.00723235 0.00580099 0.00731115 0.00764944 0.00581313 0.00582529 0.00729627 0.00876191 0.00576775 0.00728566 0.00757769 0.00436183 0.00581484 0.00589793 0.00435414 0.0116203 0.00810091 0.00580915 0.00843346 0.00433188 0.0058029 0.0074347 0.00579437 0.00584336 0.00928589 0.00585587 0.00728439 0.00924127 0.00644239 
Throughputs: 2.29376 2.32653 1.86778 1.44179 2.89997 1.88416 1.83501 2.12992 2.89997 2.09715 1.60563 2.44122 1.76947 2.40845 1.65478 2.49037 1.98246 2.17907 2.11354 2.58867 2.03162 1.86778 3.24403 3.08019 1.88416 3.04742 3.71917 1.80224 3.08019 2.06438 
Utility: 6.28267 5.77357 5.77447 5.28424 5.93782 5.78112 5.7526 5.67648 5.80204 5.89605 5.39537 5.77504 6.00554 6.02633 5.63682 6.34906 5.13934 5.59468 5.89668 5.72669 6.15059 5.77415 6.07841 6.27586 5.77593 5.79356 6.45381 5.51105 5.80907 5.76969 

