--------------------------------------
Time: 5.50018
Split Ratios: 1 1 1 1 1 1 1 1 1 1 1 1 1 1 1 1 1 1 1 1 1 1 1 1 1 1 1 1 1 1 1 1 1 1 1 1 1 1 1 1 
Delays: 0.00822296 0.00878074 0.00780375 0.0104832 0.0108261 0.008286 0.0062187 0.0099783 0.0107908 0.00623936 0.00983745 0.00971789 0.00833419 0.00794699 0.0100645 0.00661399 0.00689902 0.0105848 0.00880133 0.00609361 0.00910906 0.00981655 0.00979844 0.0059864 0.0103626 0.00781006 0.00769075 0.0105703 0.00781978 0.00747961 0.00780916 0.00993547 0.00811942 0.010016 0.00974147 0.0085037 0.0102114 0.00834419 0.00837456 0.00864651 
Throughputs: 1.19603 1.04858 0.868352 1.09773 1.14688 1.3271 1.03219 1.09773 1.24518 1.2288 1.11411 1.09773 1.14688 1.03219 1.16326 1.21242 1.26157 1.08134 1.04858 1.37626 1.08134 1.01581 1.27795 1.24518 0.950272 0.98304 1.16326 1.17965 1.24518 0.802816 0.90112 0.98304 1.27795 1.26157 0.90112 1.19603 1.42541 1.31072 1.06496 1.08134 
Utility: 4.97983 4.78263 4.71199 4.65122 4.66284 5.07619 5.11188 4.70058 4.74835 5.28292 4.72962 4.72703 4.92443 4.86665 4.74998 5.21118 5.20873 4.62654 4.78029 5.41988 4.77669 4.63937 4.87079 5.33755 4.51855 4.83524 5.01897 4.71493 5.07038 4.67594 4.74834 4.59454 5.05875 4.83592 4.52725 4.94626 4.93871 5.05677 4.84549 4.8288 

--------------------------------------
Time: 6.00019
Split Ratios: 1 1 1 1 1 1 1 1 1 1 1 1 1 1 1 1 1 1 1 1 1 1 1 1 1 1 1 1 1 1 1 1 1 1 1 1 1 1 1 1 
Delays: 0.00854201 0.00876003 0.00799258 0.0105412 0.0105126 0.00860859 0.00601844 0.0100535 0.010789 0.00620042 0.0100371 0.00990978 0.00829121 0.00802102 0.0100818 0.00667067 0.00679077 0.0108187 0.00881086 0.00608957 0.00920282 0.0100157 0.00966697 0.00593692 0.0102452 0.00805322 0.00762865 0.0106811 0.00783286 0.0074955 0.00784372 0.0100051 0.00813806 0.00985021 0.00978149 0.00827867 0.0102523 0.00824619 0.00818631 0.00881519 
Throughputs: 1.1305 1.17965 0.933888 1.3271 1.26157 1.04858 0.950272 1.14688 1.1305 1.06496 1.19603 1.2288 1.21242 1.09773 0.966656 0.8192 1.1305 1.31072 1.19603 1.2288 0.98304 1.26157 0.966656 1.03219 1.2288 0.933888 1.16326 1.26157 1.24518 1.34349 1.14688 1.14688 0.98304 1.11411 1.14688 1.34349 1.45818 1.11411 1.14688 1.31072 
Utility: 4.88541 4.90277 4.76084 4.83546 4.78754 4.80243 5.06192 4.73688 4.65189 5.14608 4.78047 4.82027 4.98517 4.91893 4.56311 4.81061 5.11485 4.79705 4.91078 5.30722 4.67114 4.83596 4.60513 5.15825 4.78699 4.75328 5.02707 4.77164 5.06871 5.18872 4.98509 4.74171 4.7941 4.72832 4.76431 5.08934 4.95744 4.90606 4.94234 5.00186 

--------------------------------------
Time: 6.50021
Split Ratios: 1 1 1 1 1 1 1 1 1 1 1 1 1 1 1 1 1 1 1 1 1 1 1 1 1 1 1 1 1 1 1 1 1 1 1 1 1 1 1 1 
Delays: 0.00827293 0.0087297 0.00779218 0.0100481 0.0101569 0.00811775 0.00598862 0.00999554 0.0105918 0.00630982 0.0098337 0.010132 0.00824773 0.00786973 0.0104201 0.00653229 0.00628803 0.0107889 0.00844278 0.00601044 0.00893963 0.00989048 0.00981966 0.00602047 0.0103019 0.00775314 0.00768597 0.0105445 0.00776753 0.00747185 0.00787858 0.0101504 0.00845598 0.0103781 0.00966735 0.0087505 0.0104141 0.0083236 0.00836005 0.0086196 
Throughputs: 1.08134 1.04858 1.03219 1.26157 1.37626 1.09773 1.11411 0.8192 0.999424 1.17965 1.21242 1.24518 1.01581 1.27795 1.04858 1.03219 1.19603 1.21242 1.08134 1.31072 1.03219 1.17965 0.999424 1.19603 1.24518 0.933888 1.16326 1.1305 0.868352 1.09773 1.19603 1.16326 1.58925 1.21242 1.06496 1.3271 1.31072 1.03219 1.37626 1.21242 
Utility: 4.87297 4.78846 4.88632 4.83273 4.90897 4.90694 5.22595 4.40619 4.5471 5.23086 4.81455 4.81134 4.8135 5.08999 4.61145 5.06268 5.24812 4.72185 4.85265 5.38483 4.74895 4.7814 4.62279 5.2916 4.79471 4.79126 5.01959 4.67481 4.71664 4.98986 5.02262 4.74147 5.23614 4.76068 4.70194 5.02164 4.83517 4.82035 5.10366 4.94633 

--------------------------------------
Time: 7.00064
Split Ratios: 1 1 1 1 1 1 1 1 1 1 1 1 1 1 1 1 1 1 1 1 1 1 1 1 1 1 1 1 1 1 1 1 1 1 1 1 1 1 1 1 
Delays: 0.00807332 0.00857237 0.00800588 0.0102095 0.0102628 0.00792099 0.00604234 0.010197 0.0109183 0.00639054 0.00983127 0.010175 0.00825161 0.00810848 0.00986934 0.00666161 0.00649388 0.010939 0.0087895 0.00595181 0.00882672 0.0100188 0.00961783 0.00580922 0.0100412 0.00784037 0.00781569 0.0102937 0.00790635 0.00750214 0.00778856 0.0102703 0.00802113 0.00966451 0.00974012 0.00821309 0.0101621 0.00828714 0.00830182 0.00848329 
Throughputs: 1.27795 1.1305 0.917504 1.24518 1.21242 0.868352 1.16326 1.08134 1.1305 1.08134 1.31072 1.27795 0.950272 1.1305 0.98304 1.16326 1.08134 1.24518 1.27795 1.55648 1.08134 1.09773 0.98304 0.917504 0.884736 0.933888 0.98304 1.37626 1.19603 1.17965 1.08134 1.45818 1.14688 1.03219 0.950272 1.16326 1.26157 0.933888 1.09773 0.999424 
Utility: 5.06445 4.88187 4.74148 4.80372 4.77185 4.69708 5.26019 4.66387 4.63997 5.13114 4.89276 4.83308 4.74634 4.9375 4.60122 5.16262 5.1151 4.7347 4.97946 5.56649 4.80818 4.69653 4.62703 5.06221 4.47859 4.78007 4.83452 4.89559 5.0191 5.05778 4.9333 4.95569 4.96272 4.67098 4.5805 4.95326 4.82144 4.72465 4.88452 4.76908 

--------------------------------------
Time: 7.50074
Split Ratios: 1 1 1 1 1 1 1 1 1 1 1 1 1 1 1 1 1 1 1 1 1 1 1 1 1 1 1 1 1 1 1 1 1 1 1 1 1 1 1 1 
Delays: 0.00827993 0.00890989 0.00790827 0.010343 0.0102985 0.00792616 0.00603493 0.0100713 0.0108038 0.00646021 0.0097884 0.00997894 0.00816286 0.00807125 0.0100222 0.00666652 0.00645568 0.0105325 0.00871467 0.00607142 0.00920687 0.00985274 0.0096509 0.00586951 0.00999168 0.00805703 0.00754922 0.010274 0.00776163 0.00748462 0.00786981 0.00981105 0.00803602 0.00974644 0.00976014 0.00851137 0.0103274 0.00818915 0.00809009 0.00889089 
Throughputs: 0.966656 1.27795 0.917504 1.40902 1.09773 1.04858 1.06496 1.14688 0.999424 1.16326 1.14688 1.2288 1.2288 1.39264 1.01581 1.21242 1.08134 1.27795 0.966656 1.35987 0.884736 1.1305 1.14688 1.27795 1.11411 1.34349 0.90112 1.16326 1.27795 1.03219 1.11411 1.14688 1.14688 0.950272 1.24518 1.21242 1.50733 1.14688 1.1305 1.11411 
Utility: 4.76001 4.96585 4.75375 4.91434 4.669 4.88502 5.17313 4.73511 4.52728 5.19332 4.7636 4.81332 5.0142 5.15065 4.61864 5.20327 5.121 4.79855 4.70884 5.41155 4.56534 4.74266 4.77775 5.38324 4.71406 5.11648 4.78219 4.72937 5.10382 4.92659 4.95278 4.76129 4.96087 4.57985 4.84873 4.95897 4.98329 4.94199 4.93977 4.83079 

--------------------------------------
Time: 8.00081
Split Ratios: 1 1 1 1 1 1 1 1 1 1 1 1 1 1 1 1 1 1 1 1 1 1 1 1 1 1 1 1 1 1 1 1 1 1 1 1 1 1 1 1 
Delays: 0.00838587 0.0084582 0.00800175 0.0103254 0.010633 0.00825131 0.00595514 0.0104423 0.0110867 0.00630834 0.00988561 0.0101122 0.00843635 0.007835 0.0101902 0.00671863 0.0064286 0.0108113 0.00862517 0.00614819 0.00892082 0.0100621 0.00981476 0.00610927 0.0100547 0.00795433 0.00758368 0.0102928 0.00777685 0.00745546 0.00803603 0.010056 0.00806014 0.00990167 0.0096761 0.00841969 0.010134 0.00797022 0.00826279 0.00855366 
Throughputs: 1.31072 1.27795 1.1305 1.24518 0.753664 1.34349 0.966656 1.2288 1.03219 1.16326 1.42541 1.1305 1.01581 1.01581 1.31072 1.09773 1.16326 1.2288 1.16326 1.17965 0.966656 1.17965 1.39264 1.19603 0.966656 1.09773 1.16326 1.09773 1.11411 0.999424 1.08134 1.04858 1.11411 1.1305 1.1305 1.14688 1.31072 0.950272 1.44179 0.917504 
Utility: 5.05178 5.01788 4.95075 4.79243 4.26098 5.09265 5.08959 4.76793 4.53369 5.21711 4.97113 4.71667 4.79089 4.86484 4.85691 5.09611 5.19823 4.73321 4.9043 5.25681 4.68545 4.76419 4.95507 5.27696 4.56581 4.92728 5.03299 4.66955 4.96466 4.89823 4.90203 4.64702 4.92888 4.73771 4.76075 4.91423 4.86243 4.78104 5.16188 4.6753 

--------------------------------------
Time: 8.50094
Split Ratios: 1 1 1 1 1 1 1 1 1 1 1 1 1 1 1 1 1 1 1 1 1 1 1 1 1 1 1 1 1 1 1 1 1 1 1 1 1 1 1 1 
Delays: 0.00828609 0.00865408 0.00779182 0.0107523 0.0104387 0.00848638 0.00596783 0.01026 0.0110792 0.00610175 0.00972385 0.0104432 0.0081372 0.00796762 0.0100007 0.00727304 0.00728583 0.0117251 0.00910507 0.00615821 0.00960061 0.00990047 0.00961388 0.00597226 0.0101147 0.00785613 0.00757481 0.011104 0.00777501 0.00748255 0.00775004 0.0101366 0.00801252 0.00992976 0.00980325 0.00827481 0.0100588 0.00834337 0.00823591 0.00930709 
Throughputs: 1.26157 1.1305 0.950272 1.35987 1.19603 1.03219 0.786432 1.27795 1.03219 1.01581 1.39264 1.11411 1.1305 1.2288 0.917504 1.29434 1.2288 0.917504 0.999424 1.24518 1.19603 1.1305 1.11411 1.19603 1.40902 1.1305 1.04858 0.999424 1.1305 0.933888 1.19603 1.49094 1.24518 0.966656 1.19603 1.26157 0.933888 1.16326 1.21242 0.851968 
Utility: 5.02553 4.87238 4.80367 4.84002 4.74124 4.80098 4.88112 4.82476 4.53437 5.11486 4.96437 4.66986 4.93397 5.03841 4.519 5.18158 5.12786 4.35993 4.69835 5.30925 4.82494 4.73783 4.75261 5.29964 4.93666 4.96912 4.93036 4.49987 4.9795 4.82678 5.03907 4.99101 5.04603 4.57831 4.80405 5.02689 4.53091 4.93752 4.99187 4.51677 

--------------------------------------
Time: 9.00094
Split Ratios: 1 1 1 1 1 1 1 1 1 1 1 1 1 1 1 1 1 1 1 1 1 1 1 1 1 1 1 1 1 1 1 1 1 1 1 1 1 1 1 1 
Delays: 0.00830989 0.00883379 0.00813056 0.0102773 0.0106938 0.0085361 0.00613704 0.00999624 0.0108817 0.00611827 0.00995243 0.00967254 0.00832663 0.00791788 0.0100568 0.00656063 0.00632809 0.0107354 0.00875437 0.00595208 0.010042 0.0100559 0.00982755 0.0060014 0.0100877 0.00784849 0.00755515 0.010492 0.0078206 0.00742979 0.00781441 0.0102225 0.00804583 0.00998032 0.00979114 0.00833522 0.0103449 0.00822158 0.00842626 0.00890547 
Throughputs: 1.24518 1.31072 1.01581 1.11411 0.933888 1.35987 1.11411 1.14688 1.16326 1.1305 1.11411 0.98304 1.3271 1.29434 1.21242 1.35987 0.98304 1.06496 0.98304 1.2288 1.06496 1.14688 1.04858 1.37626 0.98304 0.868352 1.01581 1.19603 1.19603 1.16326 1.2288 0.933888 1.16326 1.45818 1.04858 1.14688 1.27795 1.03219 1.27795 1.09773 
Utility: 5.00959 4.99975 4.82781 4.68587 4.46969 5.07084 5.20147 4.74259 4.6719 5.21913 4.718 4.62136 5.0713 5.09663 4.79212 5.33406 5.04565 4.59714 4.7211 5.33005 4.66391 4.73664 4.67 5.43513 4.57934 4.70628 4.90121 4.73616 5.03 5.05349 5.05782 4.51477 4.97383 4.98433 4.67371 4.92431 4.81652 4.83268 5.02166 4.81433 

--------------------------------------
Time: 9.50108
Split Ratios: 1 1 1 1 1 1 1 1 1 1 1 1 1 1 1 1 1 1 1 1 1 1 1 1 1 1 1 1 1 1 1 1 1 1 1 1 1 1 1 1 
Delays: 0.00835525 0.00912138 0.00805321 0.0102854 0.0104718 0.00840073 0.0061281 0.0101209 0.0107752 0.00636627 0.00986443 0.0100366 0.00833685 0.00806432 0.00987475 0.0068591 0.00633082 0.0113941 0.00843253 0.00612458 0.00935832 0.00999741 0.00976838 0.00590992 0.0100002 0.00777837 0.00758684 0.0102965 0.00792874 0.00748428 0.00789104 0.00999262 0.00812729 0.00984068 0.0100879 0.00844901 0.0106858 0.00835142 0.00834282 0.0087646 
Throughputs: 1.3271 1.44179 1.04858 1.08134 1.11411 1.1305 1.16326 0.753664 0.90112 1.01581 1.24518 1.47456 1.1305 1.27795 1.03219 1.04858 1.17965 1.26157 1.17965 1.09773 1.11411 1.17965 1.14688 0.98304 1.24518 1.16326 1.39264 1.06496 1.17965 1.24518 0.98304 1.04858 1.3271 1.39264 1.11411 1.04858 1.31072 1.26157 1.44179 1.11411 
Utility: 5.06786 5.06302 4.86912 4.65523 4.66713 4.90209 5.2461 4.31034 4.42639 5.07243 4.8381 4.98987 4.90973 5.06556 4.64946 5.02961 5.22754 4.70701 4.94087 5.18869 4.77955 4.77064 4.76565 5.11402 4.82444 5.00764 5.21254 4.63889 5.00248 5.11423 4.82492 4.65334 5.09553 4.95243 4.70447 4.82114 4.80942 5.01768 5.15224 4.84509 

--------------------------------------
Time: 10.0011
Split Ratios: 1 1 1 1 1 1 1 1 1 1 1 1 1 1 1 1 1 1 1 1 1 1 1 1 1 1 1 1 1 1 1 1 1 1 1 1 1 1 1 1 
Delays: 0.00838268 0.00875549 0.00793463 0.0103133 0.0104889 0.00828748 0.00601344 0.00989214 0.0108783 0.00635965 0.00989746 0.00998535 0.00816759 0.00805951 0.0103429 0.00662849 0.00670084 0.0105829 0.00850795 0.00621148 0.0087989 0.0101666 0.00980021 0.00613747 0.010237 0.00788755 0.00758409 0.0105888 0.00799729 0.00750244 0.00774688 0.00990693 0.00825704 0.00979973 0.00988657 0.00867214 0.0102923 0.00844513 0.00842726 0.00870205 
Throughputs: 1.35987 1.26157 0.835584 1.26157 1.16326 0.966656 1.01581 1.16326 1.11411 1.1305 1.29434 1.01581 1.26157 0.917504 0.933888 1.39264 1.1305 1.06496 1.06496 1.29434 0.999424 1.2288 1.42541 1.29434 1.04858 1.17965 1.2288 0.917504 1.19603 1.27795 1.08134 1.09773 1.35987 1.14688 1.03219 1.26157 1.14688 1.21242 1.19603 1.29434 
Utility: 5.08898 4.97043 4.65689 4.80668 4.70867 4.7591 5.12944 4.76724 4.62904 5.18044 4.87348 4.62232 5.03994 4.7348 4.50306 5.34758 5.12818 4.61145 4.82969 5.33935 4.73255 4.79468 4.97981 5.35134 4.62918 5.00769 5.08774 4.46186 5.00766 5.13779 4.93867 4.70776 5.10408 4.76245 4.64826 4.98 4.71341 4.96678 4.95529 5.00219 

--------------------------------------
Time: 10.5014
Split Ratios: 1 1 1 1 1 1 1 1 1 1 1 1 1 1 1 1 1 1 1 1 1 1 1 1 1 1 1 1 1 1 1 1 1 1 1 1 1 1 1 1 
Delays: 0.00796211 0.00853995 0.00797108 0.00999103 0.0106045 0.00819105 0.006053 0.0101432 0.0106895 0.00652522 0.0097605 0.0101866 0.00863246 0.00787982 0.0103029 0.00655497 0.006545 0.0105161 0.00839735 0.00610963 0.00943506 0.00975892 0.00969513 0.00594658 0.00983558 0.00774778 0.00761235 0.0101337 0.00784908 0.0075249 0.00771659 0.00983635 0.00812664 0.00997684 0.00989293 0.00842855 0.0102326 0.00785346 0.00819462 0.00852133 
Throughputs: 1.27795 1.17965 1.06496 1.04858 1.09773 1.27795 0.884736 1.08134 1.11411 1.21242 1.16326 1.24518 0.950272 1.11411 1.1305 1.19603 1.19603 1.06496 1.16326 1.04858 1.21242 0.966656 1.04858 1.09773 0.851968 1.14688 1.44179 1.26157 1.21242 1.2288 0.966656 1.1305 1.09773 1.2288 1.29434 1.11411 1.1305 1.03219 1.17965 1.1305 
Utility: 5.07832 4.92822 4.89487 4.6535 4.63972 5.04997 4.98474 4.66915 4.64655 5.2247 4.78064 4.80597 4.70122 4.95151 4.69799 5.20654 5.20806 4.61778 4.93107 5.14532 4.85594 4.59566 4.68356 5.21818 4.46154 4.99739 5.24387 4.82424 5.03997 5.09558 4.83047 4.74433 4.90585 4.81353 4.87393 4.88419 4.70483 4.87849 4.96949 4.88784 

--------------------------------------
Time: 11.0017
Split Ratios: 1 1 1 1 1 1 1 1 1 1 1 1 1 1 1 1 1 1 1 1 1 1 1 1 1 1 1 1 1 1 1 1 1 1 1 1 1 1 1 1 
Delays: 0.00799036 0.00866305 0.00813589 0.010169 0.0105251 0.00822583 0.00598502 0.0100918 0.0106445 0.00644324 0.00974969 0.010007 0.00803306 0.00798203 0.0101156 0.00653505 0.00633875 0.0104316 0.00831683 0.00591657 0.00905827 0.00996721 0.00956227 0.00598994 0.00987909 0.00846542 0.00749523 0.0101607 0.00762879 0.00755406 0.00800019 0.00995285 0.0082498 0.0098885 0.00984242 0.00859629 0.0104481 0.00804271 0.00818672 0.00846262 
Throughputs: 1.04858 1.31072 1.27795 1.24518 1.2288 1.21242 0.966656 1.11411 1.2288 1.17965 1.06496 1.06496 1.14688 0.8192 1.14688 1.01581 1.08134 0.98304 1.08134 1.2288 0.933888 1.26157 0.704512 1.14688 1.14688 0.933888 1.04858 1.14688 1.03219 1.42541 1.17965 1.01581 1.24518 1.34349 1.03219 1.11411 1.14688 1.06496 1.16326 0.8192 
Utility: 4.87695 5.01927 5.05673 4.80769 4.76003 4.99309 5.08458 4.70409 4.74875 5.20994 4.69346 4.66741 4.96123 4.63114 4.73072 5.04626 5.13928 4.54581 4.86768 5.33604 4.63568 4.84081 4.29968 5.25472 4.75438 4.70337 4.94092 4.72627 4.90751 5.24013 4.99351 4.62558 5.01685 4.91165 4.65274 4.86448 4.69838 4.88593 4.95647 4.57267 

--------------------------------------
Time: 11.5023
Split Ratios: 1 1 1 1 1 1 1 1 1 1 1 1 1 1 1 1 1 1 1 1 1 1 1 1 1 1 1 1 1 1 1 1 1 1 1 1 1 1 1 1 
Delays: 0.00818103 0.00884691 0.00795849 0.0101241 0.0103668 0.00827915 0.00609506 0.009951 0.0110243 0.00626734 0.00985091 0.0103754 0.00817542 0.00780483 0.0101737 0.00640703 0.00657484 0.0105161 0.00842035 0.00603871 0.00880964 0.00983082 0.0097149 0.00595419 0.0100458 0.00787146 0.00760983 0.0102494 0.00779431 0.00746657 0.00782977 0.00996624 0.00812071 0.0100749 0.00994985 0.0082087 0.0101262 0.00831801 0.00837611 0.00837147 
Throughputs: 1.17965 1.24518 0.884736 1.06496 1.08134 1.35987 1.01581 1.09773 1.01581 1.06496 1.01581 1.39264 1.2288 1.1305 1.44179 1.2288 1.08134 1.40902 1.17965 1.24518 0.73728 1.06496 1.2288 1.17965 0.950272 1.17965 1.19603 0.966656 1.27795 1.01581 0.917504 1.09773 1.31072 1.19603 1.19603 1.16326 1.01581 1.09773 1.26157 1.26157 
Utility: 4.97115 4.94697 4.71105 4.65577 4.64735 5.10141 5.11596 4.70332 4.52333 5.13534 4.63588 4.89952 5.01266 4.97567 4.95384 5.2564 5.10271 4.89775 4.94232 5.32885 4.42712 4.68517 4.84013 5.28888 4.54959 5.00973 5.05732 4.54663 5.09962 4.913 4.76372 4.70179 5.08391 4.77672 4.78921 4.95379 4.60831 4.88257 5.01473 5.01528 

--------------------------------------
Time: 12.0024
Split Ratios: 1 1 1 1 1 1 1 1 1 1 1 1 1 1 1 1 1 1 1 1 1 1 1 1 1 1 1 1 1 1 1 1 1 1 1 1 1 1 1 1 
Delays: 0.00818836 0.0087194 0.00782644 0.0108071 0.0106448 0.00860586 0.00619355 0.010077 0.0108039 0.00616473 0.00975559 0.0101514 0.00831438 0.00798076 0.0100311 0.00701787 0.00680214 0.0105153 0.00888431 0.00605166 0.00903038 0.00981162 0.00973319 0.00584826 0.0098028 0.00809163 0.00759937 0.0105315 0.00765689 0.00746058 0.00783479 0.00982234 0.00806875 0.00995883 0.00999861 0.00819829 0.0102452 0.00816861 0.00824603 0.00893667 
Throughputs: 1.09773 1.31072 1.08134 1.16326 1.11411 1.29434 1.21242 1.03219 1.16326 1.34349 1.27795 1.21242 1.31072 0.950272 0.999424 1.24518 1.31072 1.04858 0.966656 1.2288 1.14688 1.45818 0.786432 1.09773 0.98304 1.16326 1.27795 1.16326 0.999424 1.47456 1.01581 1.08134 1.14688 1.26157 1.11411 0.835584 1.21242 1.29434 1.3271 1.06496 
Utility: 4.89828 5.01278 4.92845 4.67878 4.65074 5.01331 5.27686 4.62919 4.67908 5.38418 4.87517 4.78276 5.06035 4.77971 4.60149 5.17858 5.26109 4.60236 4.68956 5.31346 4.84421 5.00137 4.39196 5.23485 4.60798 4.96815 5.12495 4.70461 4.87157 5.28648 4.86487 4.7013 4.9568 4.84165 4.71337 4.62421 4.77356 5.06545 5.08102 4.78053 

--------------------------------------
Time: 12.5025
Split Ratios: 1 1 1 1 1 1 1 1 1 1 1 1 1 1 1 1 1 1 1 1 1 1 1 1 1 1 1 1 1 1 1 1 1 1 1 1 1 1 1 1 
Delays: 0.00835993 0.0087892 0.00802189 0.010309 0.0105911 0.00826854 0.00598093 0.0104143 0.0112051 0.0060166 0.00994486 0.0101503 0.00803029 0.00800533 0.0101364 0.00633764 0.00663506 0.0113724 0.00868119 0.00593955 0.00944824 0.0101645 0.00967543 0.00619857 0.0100695 0.00788249 0.00770433 0.0105117 0.00771114 0.00751667 0.00807889 0.00982694 0.0082525 0.00975083 0.00979791 0.00818722 0.0105906 0.00836926 0.00859508 0.00865924 
Throughputs: 1.24518 1.35987 1.11411 1.5401 1.11411 1.31072 0.884736 0.90112 1.09773 1.11411 1.24518 1.24518 1.06496 1.21242 1.08134 1.24518 1.29434 1.49094 1.19603 1.14688 1.03219 1.31072 0.98304 1.39264 1.08134 1.16326 1.09773 1.04858 1.26157 1.04858 1.08134 1.26157 1.19603 1.06496 0.966656 0.999424 1.21242 1.09773 1.27795 1.09773 
Utility: 5.00359 5.04162 4.93364 5.00658 4.6558 5.06587 4.99671 4.46046 4.58463 5.22129 4.82998 4.80954 4.88747 5.02026 4.66982 5.28053 5.27338 4.87597 4.92561 5.26317 4.69361 4.85943 4.62106 5.41464 4.67644 4.99434 4.95922 4.6027 5.09744 4.93806 4.89671 4.85498 4.97625 4.69334 4.59167 4.8046 4.7404 4.87643 5.00182 4.84237 

--------------------------------------
Time: 13.0025
Split Ratios: 1 1 1 1 1 1 1 1 1 1 1 1 1 1 1 1 1 1 1 1 1 1 1 1 1 1 1 1 1 1 1 1 1 1 1 1 1 1 1 1 
Delays: 0.00821771 0.00896731 0.0081031 0.00998737 0.0102294 0.00793681 0.00632636 0.00996168 0.0102965 0.00609634 0.00983776 0.00994106 0.00814232 0.00788088 0.0103072 0.0062847 0.00651706 0.0103955 0.00863013 0.00604871 0.0084003 0.00998437 0.00968449 0.00607637 0.0101646 0.00799754 0.00763074 0.0102827 0.0077278 0.00755523 0.00789045 0.0100116 0.00803216 0.00978745 0.00980673 0.00809367 0.0102949 0.00825442 0.00846752 0.00837159 
Throughputs: 1.27795 1.19603 1.06496 1.40902 1.1305 1.16326 0.966656 0.98304 1.01581 1.29434 1.34349 1.19603 1.06496 0.950272 0.720896 0.90112 1.24518 1.01581 1.24518 1.52371 0.933888 1.03219 0.966656 1.16326 1.01581 1.2288 1.2288 0.999424 1.09773 1.21242 0.884736 1.42541 1.11411 1.04858 1.19603 1.26157 1.26157 1.19603 1.24518 1.06496 
Utility: 5.04672 4.89318 4.87845 4.94933 4.70514 4.98747 5.02912 4.5919 4.59164 5.35806 4.9168 4.79009 4.87362 4.79231 4.24765 4.96552 5.25261 4.58207 4.97178 5.52906 4.71109 4.63842 4.60332 5.25458 4.60453 5.03466 5.08161 4.57672 4.95617 5.07813 4.71964 4.95847 4.93236 4.67409 4.8037 5.04903 4.80846 4.97602 4.9908 4.84585 

--------------------------------------
Time: 13.5028
Split Ratios: 1 1 1 1 1 1 1 1 1 1 1 1 1 1 1 1 1 1 1 1 1 1 1 1 1 1 1 1 1 1 1 1 1 1 1 1 1 1 1 1 
Delays: 0.008258 0.00870559 0.00807592 0.0103617 0.0103932 0.0080549 0.00607603 0.0100673 0.0106922 0.00619584 0.00988177 0.00995623 0.00826861 0.00798381 0.0102098 0.00666231 0.00651487 0.0103674 0.00886346 0.0060779 0.00946895 0.00999918 0.00976435 0.00620781 0.0100591 0.00807563 0.00756887 0.0106686 0.00777102 0.00749901 0.0077659 0.00978802 0.00802906 0.00981708 0.00986985 0.00828096 0.0102968 0.0084484 0.00826377 0.00885903 
Throughputs: 1.2288 1.21242 0.933888 1.16326 1.04858 1.19603 0.917504 1.08134 1.11411 1.04858 1.34349 1.03219 1.27795 1.21242 1.27795 1.26157 1.2288 1.21242 1.09773 1.16326 1.09773 1.09773 1.11411 1.26157 0.950272 1.11411 1.14688 1.24518 1.24518 0.966656 1.09773 1.06496 1.04858 1.21242 1.2288 1.11411 1.08134 0.884736 1.37626 1.21242 
Utility: 5.00261 4.9364 4.75047 4.72087 4.61404 5.00048 5.01731 4.67667 4.6463 5.13131 4.91233 4.64124 5.04055 5.02295 4.82966 5.24364 5.23971 4.76171 4.81906 5.25433 4.75298 4.6985 4.73707 5.3143 4.54827 4.92696 5.02076 4.75973 5.07664 4.85907 4.95125 4.68953 4.87212 4.81625 4.82431 4.90185 4.65413 4.65131 5.11524 4.91893 

--------------------------------------
Time: 14.0028
Split Ratios: 1 1 1 1 1 1 1 1 1 1 1 1 1 1 1 1 1 1 1 1 1 1 1 1 1 1 1 1 1 1 1 1 1 1 1 1 1 1 1 1 
Delays: 0.00830447 0.0086844 0.00794009 0.0100305 0.0100812 0.00817236 0.00616057 0.0101888 0.0106811 0.0063276 0.00986527 0.01027 0.00824728 0.00795983 0.00992778 0.00644758 0.0062647 0.0107556 0.00864514 0.00604032 0.00917178 0.00995029 0.010035 0.00581549 0.0100657 0.00787033 0.00754228 0.0102177 0.00790679 0.00745067 0.00825235 0.0100587 0.00809074 0.00988319 0.0100404 0.00822772 0.0105567 0.00797301 0.00819904 0.00860881 
Throughputs: 1.06496 1.24518 0.966656 1.21242 1.01581 1.11411 1.06496 1.09773 1.01581 1.37626 1.19603 1.40902 1.16326 1.1305 1.01581 1.08134 1.3271 1.14688 0.966656 1.04858 1.08134 1.17965 1.09773 1.03219 0.98304 1.09773 1.1305 1.03219 1.37626 1.03219 1.11411 1.34349 1.03219 1.40902 1.14688 1.21242 1.37626 1.34349 1.19603 1.01581 
Utility: 4.8539 4.96551 4.80192 4.79474 4.61277 4.91506 5.15252 4.67971 4.55496 5.3822 4.79774 4.92143 4.9491 4.956 4.6281 5.12225 5.35582 4.66937 4.71685 5.15673 4.76983 4.77537 4.69491 5.17891 4.58152 4.9379 5.00989 4.61532 5.1594 4.93114 4.90531 4.89459 4.84872 4.95982 4.73818 4.99286 4.87036 5.12696 4.98275 4.77065 

--------------------------------------
Time: 14.5029
Split Ratios: 1 1 1 1 1 1 1 1 1 1 1 1 1 1 1 1 1 1 1 1 1 1 1 1 1 1 1 1 1 1 1 1 1 1 1 1 1 1 1 1 
Delays: 0.00820884 0.00862493 0.00816918 0.0106039 0.0105667 0.0086003 0.00601786 0.0101443 0.0108457 0.00662674 0.00983226 0.00997722 0.00835858 0.00805737 0.0103269 0.00682822 0.00692059 0.0110429 0.00925281 0.00619769 0.00895879 0.0100098 0.00958671 0.00604146 0.00999706 0.00789035 0.00766736 0.0110951 0.00779896 0.00746444 0.00780623 0.0100335 0.00820182 0.00991923 0.00994413 0.00857402 0.0104456 0.0080799 0.00834373 0.00929311 
Throughputs: 1.09773 1.08134 1.27795 0.98304 0.966656 1.6384 0.999424 0.770048 1.09773 1.26157 1.16326 1.17965 1.04858 1.21242 1.09773 1.34349 1.44179 1.1305 1.34349 1.27795 1.14688 1.17965 1.08134 0.933888 0.884736 1.14688 1.21242 1.03219 1.31072 1.08134 1.26157 1.17965 1.24518 1.49094 1.19603 1.37626 1.35987 1.1305 1.26157 1.09773 
Utility: 4.89579 4.8313 5.05265 4.52943 4.51613 5.24968 5.11245 4.32954 4.61723 5.249 4.77332 4.77267 4.8319 5.01378 4.66625 5.28196 5.33914 4.62862 4.9781 5.32884 4.85217 4.7694 4.72558 5.04071 4.483 4.97916 5.0634 4.53293 5.12434 4.97581 5.08519 4.76704 5.02268 5.01269 4.78978 5.07838 4.86896 4.94103 5.0186 4.77172 

--------------------------------------
Time: 15.0029
Split Ratios: 1 1 1 1 1 1 1 1 1 1 1 1 1 1 1 1 1 1 1 1 1 1 1 1 1 1 1 1 1 1 1 1 1 1 1 1 1 1 1 1 
Delays: 0.0081334 0.00867965 0.00801923 0.0100798 0.0106257 0.00811626 0.00619059 0.0104347 0.0110551 0.00632509 0.00980686 0.0103623 0.00827868 0.00800341 0.00988285 0.00668849 0.00634972 0.0111089 0.00823892 0.00597837 0.00938363 0.0099987 0.00968799 0.00604033 0.0101806 0.00804592 0.00759751 0.0104475 0.00792806 0.00750354 0.00785042 0.0100684 0.00819892 0.00980461 0.00974843 0.00855609 0.0101688 0.00820152 0.00824226 0.00880943 
Throughputs: 1.2288 1.24518 0.884736 1.24518 1.08134 1.04858 0.950272 1.04858 1.17965 1.08134 1.21242 1.29434 0.868352 1.24518 1.08134 1.14688 1.29434 1.19603 1.2288 1.04858 1.40902 1.01581 0.917504 1.27795 1.03219 1.16326 1.1305 0.950272 1.17965 1.03219 1.06496 1.1305 1.26157 1.21242 1.08134 0.98304 1.16326 1.1305 1.34349 1.17965 
Utility: 5.01781 4.96606 4.70345 4.81651 4.62269 4.86132 5.03372 4.61005 4.67008 5.14144 4.81729 4.82758 4.65291 5.04717 4.69516 5.14441 5.31734 4.67901 5.00492 5.16704 5.01169 4.62098 4.55077 5.35455 4.61896 4.97382 5.00259 4.51038 5.00256 4.92407 4.91013 4.72101 5.03611 4.81752 4.70885 4.74401 4.73966 4.92609 5.09375 4.89715 

--------------------------------------
Time: 15.5029
Split Ratios: 1 1 1 1 1 1 1 1 1 1 1 1 1 1 1 1 1 1 1 1 1 1 1 1 1 1 1 1 1 1 1 1 1 1 1 1 1 1 1 1 
Delays: 0.00815025 0.00844592 0.00784098 0.0102877 0.0103815 0.00804711 0.0059761 0.0100394 0.0105972 0.00626167 0.00981744 0.0102753 0.00815124 0.00799407 0.0100847 0.00675805 0.00635495 0.0104788 0.00853813 0.00603411 0.0088931 0.00995004 0.00965556 0.00611552 0.00980634 0.00780906 0.00756979 0.0101661 0.00776685 0.00756735 0.00805217 0.0102667 0.00819441 0.0100004 0.00991661 0.00826771 0.01025 0.00806609 0.00813476 0.00850906 
Throughputs: 1.14688 1.19603 1.06496 1.40902 1.01581 1.2288 0.884736 1.03219 1.08134 1.35987 1.29434 1.21242 1.03219 1.21242 0.98304 1.21242 1.1305 1.11411 0.966656 1.21242 1.03219 1.21242 1.11411 1.39264 1.09773 0.966656 1.19603 0.999424 1.42541 0.966656 0.933888 1.29434 1.11411 1.14688 1.09773 1.21242 1.08134 1.03219 1.04858 0.933888 
Utility: 4.94675 4.95308 4.91133 4.9197 4.58341 5.02848 4.99752 4.63292 4.62537 5.3807 4.88159 4.77063 4.84127 5.02167 4.57963 5.18964 5.18118 4.66646 4.7293 5.30294 4.75416 4.80279 4.74828 5.42813 4.71797 4.81856 5.0626 4.58812 5.21235 4.85 4.75342 4.83685 4.91236 4.74217 4.70679 4.98801 4.65869 4.85177 4.85904 4.69822 

--------------------------------------
Time: 16.0032
Split Ratios: 1 1 1 1 1 1 1 1 1 1 1 1 1 1 1 1 1 1 1 1 1 1 1 1 1 1 1 1 1 1 1 1 1 1 1 1 1 1 1 1 
Delays: 0.00819444 0.0087414 0.00790629 0.0102384 0.0105143 0.00826124 0.00611059 0.0101447 0.0108261 0.00630278 0.00985598 0.0100417 0.00827035 0.0078238 0.00994112 0.00727524 0.0069523 0.0106632 0.00909404 0.00601619 0.00898843 0.0100224 0.00973919 0.00590442 0.00993277 0.00790061 0.00776901 0.010691 0.00785119 0.00748468 0.008007 0.0101854 0.00812336 0.00985683 0.0100312 0.00838459 0.0104601 0.00814178 0.00821637 0.0092125 
Throughputs: 1.08134 1.08134 1.06496 1.29434 1.26157 1.06496 1.09773 1.19603 1.08134 1.08134 1.27795 1.34349 1.11411 1.03219 1.17965 1.3271 1.04858 1.08134 1.2288 1.26157 1.06496 1.17965 0.950272 1.27795 1.11411 1.17965 1.2288 1.17965 0.884736 1.21242 1.04858 1.26157 1.45818 1.06496 1.39264 1.1305 1.17965 0.966656 1.06496 1.21242 
Utility: 4.8825 4.81789 4.90303 4.83961 4.78738 4.85912 5.19098 4.76982 4.604 5.14497 4.86494 4.89628 4.90314 4.88227 4.77629 5.20628 5.01612 4.61916 4.90617 5.34566 4.77475 4.76815 4.58059 5.37731 4.71997 5.00603 5.06365 4.70357 4.72462 5.08751 4.87487 4.81915 5.1902 4.68253 4.93326 4.90402 4.72541 4.77683 4.86456 4.87981 

--------------------------------------
Time: 16.5034
Split Ratios: 1 1 1 1 1 1 1 1 1 1 1 1 1 1 1 1 1 1 1 1 1 1 1 1 1 1 1 1 1 1 1 1 1 1 1 1 1 1 1 1 
Delays: 0.00828007 0.00886373 0.008114 0.0103533 0.0101241 0.00792752 0.00590397 0.00980982 0.0102774 0.00648475 0.00986297 0.00998507 0.00839891 0.0079443 0.00989593 0.00663993 0.00635634 0.0104985 0.00863125 0.00604001 0.00898982 0.010261 0.00970077 0.00599522 0.00986237 0.00790637 0.00759458 0.0103712 0.00781412 0.00762101 0.00796208 0.00990374 0.00824013 0.0100016 0.0097927 0.0086313 0.0104117 0.00813091 0.00817988 0.00879314 
Throughputs: 1.24518 1.16326 0.999424 1.19603 1.08134 0.999424 0.950272 1.09773 0.90112 1.26157 1.34349 1.21242 1.06496 1.06496 0.950272 1.04858 1.06496 1.19603 1.19603 1.06496 1.09773 1.24518 1.2288 1.2288 1.01581 1.11411 0.917504 1.24518 1.08134 1.24518 0.966656 1.11411 0.999424 1.17965 1.40902 1.09773 1.47456 1.11411 1.27795 1.16326 
Utility: 5.01319 4.87702 4.81359 4.74946 4.67104 4.83684 5.08112 4.71761 4.47369 5.27066 4.91424 4.79928 4.84259 4.89824 4.56462 5.06209 5.12124 4.73553 4.93138 5.17229 4.8049 4.79869 4.84159 5.32283 4.63471 4.94814 4.79422 4.78801 4.93003 5.09613 4.79915 4.7229 4.79816 4.77023 4.96902 4.8456 4.95319 4.92014 5.05134 4.88501 

--------------------------------------
Time: 17.0036
Split Ratios: 1 1 1 1 1 1 1 1 1 1 1 1 1 1 1 1 1 1 1 1 1 1 1 1 1 1 1 1 1 1 1 1 1 1 1 1 1 1 1 1 
Delays: 0.008345 0.00888314 0.00798478 0.0101497 0.0101055 0.00803075 0.00594888 0.0100706 0.0106855 0.00620855 0.0100333 0.0100518 0.00851407 0.00816932 0.00994991 0.00650878 0.00632267 0.0104404 0.00818871 0.00611022 0.00870587 0.00971169 0.00952912 0.00598077 0.010039 0.00800814 0.00762111 0.010303 0.00778618 0.00750945 0.00775481 0.0099908 0.00808503 0.00980905 0.00995819 0.00815884 0.010435 0.00806436 0.0082866 0.00887233 
Throughputs: 1.08134 1.16326 0.950272 1.34349 1.04858 1.06496 1.03219 1.08134 0.999424 1.16326 1.42541 1.14688 1.24518 1.27795 0.98304 1.2288 0.950272 0.98304 0.802816 1.29434 0.98304 1.16326 1.08134 1.1305 1.09773 0.933888 1.35987 1.35987 1.11411 0.966656 1.37626 1.24518 1.09773 1.26157 1.17965 1.35987 1.52371 1.06496 1.45818 0.966656 
Utility: 4.8643 4.87483 4.77921 4.88558 4.64211 4.88741 5.15624 4.67634 4.53829 5.23306 4.95631 4.73705 4.98532 5.05263 4.59309 5.24064 5.01261 4.54496 4.58537 5.35579 4.72665 4.78565 4.73161 5.24186 4.69452 4.7589 5.18422 4.88271 4.96346 4.85768 5.17881 4.82537 4.91098 4.8568 4.77458 5.11604 4.98373 4.88324 5.1703 4.6909 

--------------------------------------
Time: 17.5046
Split Ratios: 1 1 1 1 1 1 1 1 1 1 1 1 1 1 1 1 1 1 1 1 1 1 1 1 1 1 1 1 1 1 1 1 1 1 1 1 1 1 1 1 
Delays: 0.00818515 0.0086311 0.00797316 0.0102783 0.0101436 0.00785957 0.00614157 0.00987651 0.0104876 0.00608747 0.00988215 0.00993006 0.00814371 0.00787134 0.00999409 0.0067426 0.0065275 0.0105786 0.00897848 0.0060497 0.00871908 0.0102371 0.00976125 0.00603472 0.0101829 0.00783401 0.00754004 0.0103278 0.00790805 0.00745742 0.00805216 0.0102462 0.00794981 0.00981391 0.00974795 0.00826634 0.0104187 0.00812936 0.00849678 0.00889792 
Throughputs: 1.21242 1.03219 0.835584 0.999424 0.966656 1.2288 0.933888 0.90112 1.09773 1.04858 1.2288 1.11411 1.11411 1.27795 1.17965 1.47456 1.08134 1.09773 1.24518 1.16326 1.08134 1.01581 1.09773 0.90112 0.868352 1.03219 1.29434 1.09773 1.2288 1.06496 1.21242 1.06496 1.31072 0.917504 1.06496 1.27795 1.2288 1.08134 1.29434 1.14688 
Utility: 4.99805 4.78407 4.65205 4.57715 4.557 5.05206 5.02428 4.51348 4.65081 5.14896 4.82306 4.72025 4.91857 5.08979 4.77098 5.38767 5.10994 4.64217 4.93221 5.25898 4.82045 4.59742 4.72258 5.00611 4.44589 4.88097 5.14553 4.66616 5.04591 4.96148 5.01443 4.64379 5.10518 4.53786 4.69364 5.04082 4.77019 4.89048 5.02607 4.85898 

--------------------------------------
Time: 18.005
Split Ratios: 1 1 1 1 1 1 1 1 1 1 1 1 1 1 1 1 1 1 1 1 1 1 1 1 1 1 1 1 1 1 1 1 1 1 1 1 1 1 1 1 
Delays: 0.00801892 0.00874393 0.00791402 0.0101999 0.0104838 0.00814571 0.00607661 0.0100218 0.0108916 0.0065393 0.00995287 0.0102273 0.00862154 0.00783914 0.0100697 0.00667133 0.00645328 0.0105699 0.00856352 0.00604139 0.00896852 0.0100052 0.00982715 0.005905 0.0100834 0.00789029 0.00755258 0.0104911 0.00794344 0.00749724 0.00797218 0.010081 0.0081276 0.00990352 0.0097704 0.00846396 0.0104871 0.00811509 0.00819984 0.00881007 
Throughputs: 1.35987 1.27795 0.966656 1.08134 1.1305 0.950272 1.08134 1.06496 1.08134 1.34349 1.27795 1.11411 1.2288 1.1305 0.98304 1.01581 1.14688 1.27795 1.01581 1.14688 1.04858 1.40902 1.14688 1.2288 1.06496 0.98304 1.31072 1.09773 1.06496 1.27795 0.950272 1.27795 1.06496 1.3271 1.01581 1.11411 1.26157 0.966656 1.2288 1.19603 
Utility: 5.13334 4.98465 4.80521 4.66358 4.68058 4.75926 5.18151 4.66593 4.59797 5.3252 4.85515 4.69075 4.95953 4.97128 4.58112 5.02562 5.18021 4.79501 4.77593 5.24617 4.76147 4.94754 4.75965 5.33799 4.6598 4.82502 5.15644 4.65047 4.89835 5.13848 4.78079 4.84237 4.87543 4.89786 4.64408 4.88 4.78996 4.78012 5.00968 4.91087 

--------------------------------------
Time: 18.5052
Split Ratios: 1 1 1 1 1 1 1 1 1 1 1 1 1 1 1 1 1 1 1 1 1 1 1 1 1 1 1 1 1 1 1 1 1 1 1 1 1 1 1 1 
Delays: 0.00816749 0.0087884 0.00791071 0.0102772 0.010235 0.00800012 0.00600358 0.00997067 0.011019 0.00621222 0.00979578 0.0102046 0.00851857 0.00778969 0.0101351 0.00724873 0.00695894 0.0109012 0.00865479 0.00599154 0.00866969 0.0100187 0.00958064 0.00592762 0.0101368 0.00793619 0.00756461 0.0108075 0.00789526 0.00753286 0.00771762 0.0100248 0.00815739 0.0101042 0.0100548 0.00828466 0.0105134 0.0085076 0.00817714 0.00914028 
Throughputs: 1.1305 1.34349 1.49094 1.26157 1.03219 1.06496 1.21242 1.29434 1.01581 1.21242 1.19603 1.27795 1.52371 1.14688 1.09773 1.40902 1.35987 1.24518 1.04858 1.16326 0.8192 1.21242 1.03219 0.917504 0.98304 1.04858 1.34349 1.29434 1.17965 1.1305 0.917504 0.917504 1.17965 1.29434 0.966656 1.21242 1.08134 1.1305 1.08134 0.950272 
Utility: 4.93025 5.02959 5.23895 4.81018 4.61362 4.89124 5.30802 4.8661 4.52382 5.27385 4.80481 4.83017 5.18666 4.992 4.68499 5.26983 5.27512 4.73817 4.79708 5.26864 4.5485 4.79592 4.6797 5.04203 4.57448 4.88375 5.17954 4.78552 5.00671 5.01114 4.77815 4.51659 4.97405 4.8528 4.56579 4.98596 4.63331 4.88945 4.88462 4.64406 

--------------------------------------
Time: 19.0052
Split Ratios: 1 1 1 1 1 1 1 1 1 1 1 1 1 1 1 1 1 1 1 1 1 1 1 1 1 1 1 1 1 1 1 1 1 1 1 1 1 1 1 1 
Delays: 0.00799069 0.00887798 0.00818013 0.0104768 0.0105557 0.00812991 0.00625583 0.00990528 0.0106082 0.006676 0.00976381 0.0098635 0.00816951 0.00787524 0.0100992 0.00663334 0.00653961 0.0104693 0.00871605 0.00583542 0.00951905 0.010127 0.00978892 0.00595532 0.00989696 0.00777654 0.00752066 0.0103611 0.00808157 0.00754942 0.00799431 0.00994207 0.00812518 0.0101291 0.00958784 0.00836447 0.0104411 0.00807015 0.00814143 0.00923898 
Throughputs: 1.09773 1.2288 0.999424 1.44179 1.03219 1.11411 1.19603 1.01581 0.884736 1.40902 1.21242 0.999424 1.11411 0.90112 0.90112 1.01581 1.16326 1.19603 1.27795 1.19603 0.999424 1.1305 1.35987 1.09773 0.868352 1.04858 0.950272 1.19603 1.29434 1.26157 1.29434 1.01581 1.2288 0.950272 0.835584 1.17965 1.45818 0.90112 1.17965 1.06496 
Utility: 4.92272 4.93022 4.80547 4.92448 4.58278 4.92026 5.25325 4.63037 4.42366 5.35213 4.82169 4.61834 4.9154 4.73991 4.49118 5.03133 5.18111 4.73831 4.98785 5.32282 4.65388 4.71521 4.93389 5.21671 4.47437 4.90408 4.83909 4.74871 5.07617 5.11864 5.08702 4.62666 5.01882 4.54134 4.46764 4.94898 4.93919 4.71547 4.97601 4.74726 

--------------------------------------
Time: 19.5052
Split Ratios: 1 1 1 1 1 1 1 1 1 1 1 1 1 1 1 1 1 1 1 1 1 1 1 1 1 1 1 1 1 1 1 1 1 1 1 1 1 1 1 1 
Delays: 0.00811879 0.00856943 0.00799253 0.0100949 0.010395 0.00816183 0.00599161 0.0099784 0.0109149 0.0062437 0.0100503 0.00986837 0.00846042 0.00794822 0.01005 0.00657176 0.00614271 0.0104924 0.0086078 0.00608644 0.00906104 0.0101266 0.00969805 0.00598506 0.0101227 0.00804755 0.00762311 0.0104923 0.00776155 0.00752259 0.00787021 0.0101843 0.00813156 0.00991756 0.00984728 0.00842813 0.0101769 0.00812939 0.00825245 0.00855208 
Throughputs: 1.5401 1.35987 0.753664 1.03219 0.999424 1.14688 0.999424 1.1305 1.2288 1.14688 1.44179 1.21242 1.03219 1.03219 1.29434 1.45818 1.03219 1.1305 1.16326 1.21242 1.06496 1.35987 1.19603 0.950272 0.966656 0.851968 1.11411 1.06496 0.933888 1.34349 1.08134 1.09773 1.31072 1.09773 1.27795 1.17965 1.24518 1.03219 1.19603 1.19603 
Utility: 5.24542 5.06694 4.54644 4.62741 4.56585 4.94533 5.11682 4.72999 4.72366 5.21323 4.96604 4.81104 4.80404 4.86649 4.85818 5.40216 5.12417 4.67976 4.90632 5.29431 4.76671 4.89998 4.81484 5.06748 4.55906 4.66218 4.98463 4.62005 4.79017 5.18511 4.92287 4.68015 5.08258 4.70669 4.86582 4.9414 4.80692 4.84395 4.97625 4.94059 

--------------------------------------
Time: 20.0052
Split Ratios: 1 1 1 1 1 1 1 1 1 1 1 1 1 1 1 1 1 1 1 1 1 1 1 1 1 1 1 1 1 1 1 1 1 1 1 1 1 1 1 1 
Delays: 0.00830516 0.00896024 0.00791533 0.0100286 0.0103359 0.00822863 0.00596263 0.00988577 0.0108635 0.00659156 0.00972173 0.00983299 0.00849685 0.00808175 0.0102598 0.00644855 0.00632639 0.010683 0.00838819 0.0060796 0.00910341 0.0099768 0.00983252 0.00611119 0.0100756 0.00789768 0.00760568 0.0101897 0.00765252 0.00747615 0.00785196 0.00978392 0.00819128 0.009838 0.0097866 0.00870369 0.0106165 0.00817507 0.00804715 0.00877386 
Throughputs: 1.31072 1.3271 1.09773 1.35987 1.09773 1.35987 1.14688 1.01581 1.21242 1.08134 1.3271 0.999424 1.06496 1.16326 1.11411 1.08134 0.966656 0.884736 1.27795 0.98304 1.21242 1.14688 1.08134 0.966656 0.966656 0.851968 1.24518 1.1305 1.11411 1.19603 1.26157 1.16326 1.09773 1.06496 1.40902 1.06496 1.16326 1.01581 1.14688 1.11411 
Utility: 5.06146 4.99796 4.9322 4.90971 4.66537 5.10753 5.25929 4.63234 4.71496 5.10017 4.91639 4.62144 4.831 4.96938 4.68758 5.12211 5.02911 4.41664 5.02619 5.08571 4.89172 4.74454 4.70026 5.06372 4.56373 4.68098 5.09814 4.70903 4.98078 5.07505 5.07935 4.77824 4.89793 4.68444 4.96964 4.80695 4.69657 4.82235 4.95948 4.84404 

--------------------------------------
Time: 20.5053
Split Ratios: 1 1 1 1 1 1 1 1 1 1 1 1 1 1 1 1 1 1 1 1 1 1 1 1 1 1 1 1 1 1 1 1 1 1 1 1 1 1 1 1 
Delays: 0.00798973 0.00891839 0.00815217 0.0102612 0.010673 0.00851311 0.00605411 0.0104972 0.0110409 0.00660827 0.0100296 0.0101286 0.00835923 0.00794889 0.0100912 0.00654337 0.0065463 0.010968 0.00854568 0.00607103 0.00925652 0.00975165 0.00977672 0.00597096 0.010168 0.00789815 0.0075047 0.0105249 0.0078691 0.00751497 0.00772829 0.0101624 0.00825731 0.0101087 0.00994073 0.0086354 0.0104818 0.00805948 0.00821082 0.00896569 
Throughputs: 1.14688 1.29434 1.01581 1.21242 1.39264 1.31072 0.933888 1.31072 1.17965 1.21242 1.39264 1.34349 1.27795 0.98304 1.21242 1.1305 1.1305 1.17965 1.1305 1.01581 1.24518 1.16326 1.11411 0.999424 0.950272 0.884736 0.999424 1.1305 1.26157 1.31072 0.917504 1.35987 1.19603 1.01581 0.999424 1.27795 1.24518 1.16326 1.24518 1.03219 
Utility: 4.96664 4.97764 4.82515 4.772 4.87124 5.03672 5.03862 4.82723 4.67136 5.21205 4.93341 4.88766 5.02965 4.81762 4.7887 5.15196 5.15151 4.67799 4.88499 5.11991 4.90171 4.78155 4.73581 5.12027 4.53751 4.71866 4.89165 4.67667 5.07717 5.16144 4.77677 4.89645 4.97567 4.61004 4.61054 4.99714 4.7774 4.97214 5.02159 4.74604 

--------------------------------------
Time: 21.0057
Split Ratios: 1 1 1 1 1 1 1 1 1 1 1 1 1 1 1 1 1 1 1 1 1 1 1 1 1 1 1 1 1 1 1 1 1 1 1 1 1 1 1 1 
Delays: 0.00833162 0.00874067 0.00829006 0.0106396 0.0102242 0.00796218 0.0060571 0.0102023 0.0109316 0.00638087 0.00997329 0.0101245 0.00867946 0.00808301 0.0102011 0.00667022 0.0066021 0.0105563 0.00891337 0.00601543 0.00936142 0.0100447 0.00967667 0.00616049 0.0100048 0.00788699 0.00747949 0.0107015 0.00778076 0.00746654 0.00788141 0.00991686 0.00810184 0.0099763 0.00970795 0.00827871 0.0103268 0.00817228 0.00829383 0.00881711 
Throughputs: 1.11411 1.14688 1.01581 1.16326 0.999424 0.933888 1.1305 1.2288 1.16326 1.3271 1.29434 1.2288 1.06496 1.09773 1.17965 1.21242 1.09773 1.14688 1.26157 1.08134 1.01581 1.08134 0.835584 0.90112 1.09773 1.08134 1.04858 1.37626 1.44179 1.39264 1.21242 1.11411 1.31072 1.04858 1.27795 1.01581 1.40902 1.21242 1.21242 1.04858 
Utility: 4.89575 4.87681 4.80838 4.69441 4.58243 4.76465 5.22918 4.79118 4.66733 5.33745 4.86584 4.79883 4.80973 4.91123 4.75047 5.20272 5.11361 4.68807 4.95256 5.19163 4.68684 4.67891 4.45841 4.98548 4.69793 4.92075 4.94302 4.85674 5.22199 5.22852 5.03586 4.72158 5.08624 4.65498 4.88007 4.80975 4.91591 4.99962 4.98486 4.77849 

--------------------------------------
Time: 21.5064
Split Ratios: 1 1 1 1 1 1 1 1 1 1 1 1 1 1 1 1 1 1 1 1 1 1 1 1 1 1 1 1 1 1 1 1 1 1 1 1 1 1 1 1 
Delays: 0.00797177 0.00871437 0.00788636 0.00997588 0.0102349 0.00820404 0.00581547 0.0100215 0.0106796 0.00639646 0.00970467 0.00994985 0.00822432 0.00788392 0.0102875 0.00629177 0.00633372 0.0106142 0.00842434 0.0060581 0.00894273 0.00973584 0.00970627 0.00598056 0.0101538 0.00803074 0.00754353 0.0102414 0.00774133 0.00746419 0.00782157 0.0101387 0.00793965 0.0101025 0.00965355 0.0086748 0.0102306 0.00823391 0.00794245 0.00868305 
Throughputs: 1.11411 1.16326 1.11411 1.19603 0.999424 1.11411 0.98304 1.01581 1.1305 1.26157 1.17965 1.17965 1.14688 1.08134 1.2288 1.17965 1.04858 1.03219 0.98304 1.2288 0.999424 1.01581 1.1305 1.1305 1.2288 1.04858 1.44179 1.09773 1.3271 1.16326 1.21242 1.08134 1.17965 1.35987 1.09773 1.09773 1.3271 0.966656 1.16326 1.11411 
Utility: 4.93991 4.89401 4.95068 4.78659 4.58137 4.91119 5.13013 4.61871 4.66208 5.28437 4.80036 4.77541 4.93771 4.92114 4.78286 5.23373 5.1093 4.57724 4.75952 5.3124 4.71634 4.64763 4.75764 5.2419 4.79595 4.87191 5.25295 4.67456 5.14418 5.04887 5.04349 4.6696 5.0011 4.90236 4.73367 4.84058 4.86537 4.76558 4.98676 4.85444 

--------------------------------------
Time: 22.0065
Split Ratios: 1 1 1 1 1 1 1 1 1 1 1 1 1 1 1 1 1 1 1 1 1 1 1 1 1 1 1 1 1 1 1 1 1 1 1 1 1 1 1 1 
Delays: 0.00810958 0.00854807 0.00797448 0.0101796 0.0102627 0.00812943 0.00600941 0.00989426 0.0107434 0.00645686 0.00988119 0.00996908 0.00835753 0.00779587 0.0100665 0.00674469 0.00666534 0.0105382 0.00838518 0.00610981 0.00901627 0.00973209 0.00969802 0.00611895 0.0100623 0.00785552 0.00760077 0.0101634 0.00773225 0.00751901 0.00777203 0.00973833 0.00815399 0.0100897 0.00977352 0.00839823 0.0101855 0.00823128 0.00822328 0.00878814 
Throughputs: 1.01581 1.1305 1.2288 1.11411 0.835584 1.31072 1.26157 1.2288 1.01581 1.31072 1.24518 1.16326 0.966656 1.11411 0.98304 1.19603 1.31072 0.884736 1.14688 1.1305 1.11411 1.08134 1.08134 1.11411 1.1305 1.04858 1.35987 1.26157 1.31072 1.42541 0.835584 1.27795 1.06496 1.34349 0.999424 1.24518 1.39264 0.999424 1.08134 0.999424 
Utility: 4.83039 4.88471 5.03755 4.69543 4.39961 5.08284 5.34678 4.82184 4.54914 5.31319 4.83641 4.7595 4.75068 4.96222 4.58143 5.17801 5.28141 4.43028 4.91833 5.22052 4.81678 4.71053 4.71404 5.20442 4.72162 4.89397 5.1869 4.82132 5.13293 5.24478 4.6776 4.87694 4.87218 4.89151 4.6275 4.99902 4.91799 4.79924 4.87899 4.73378 

--------------------------------------
Time: 22.5067
Split Ratios: 1 1 1 1 1 1 1 1 1 1 1 1 1 1 1 1 1 1 1 1 1 1 1 1 1 1 1 1 1 1 1 1 1 1 1 1 1 1 1 1 
Delays: 0.00811286 0.00840121 0.00792861 0.0102307 0.0100226 0.00825786 0.00612411 0.0100729 0.0108766 0.00646602 0.0100865 0.0102861 0.00818096 0.00789291 0.00999979 0.00647295 0.00629432 0.0109583 0.00863188 0.00628999 0.0092775 0.0100253 0.00969893 0.00620272 0.0100402 0.00792693 0.00762551 0.01026 0.00771906 0.00747682 0.00778444 0.0100196 0.00828345 0.0100219 0.00978351 0.00817585 0.010106 0.00806864 0.00815464 0.0086357 
Throughputs: 1.16326 1.19603 1.11411 1.01581 1.26157 1.09773 1.11411 1.1305 1.06496 1.03219 1.35987 1.34349 0.884736 1.04858 0.999424 1.1305 1.1305 1.21242 0.933888 1.19603 0.950272 1.21242 1.03219 1.16326 1.06496 1.16326 1.26157 1.21242 1.2288 1.37626 0.98304 1.2288 1.08134 1.39264 1.11411 1.16326 1.3271 1.17965 1.17965 1.14688 
Utility: 4.96553 4.95839 4.94533 4.59804 4.83527 4.88983 5.20358 4.72057 4.58408 5.07288 4.90395 4.87223 4.68348 4.88922 4.60461 5.16278 5.19076 4.70628 4.68389 5.24781 4.62916 4.79525 4.66742 5.234 4.6641 4.98872 5.10861 4.77211 5.0701 5.21531 4.83852 4.80925 4.8717 4.93418 4.73511 4.9578 4.87762 4.98499 4.97438 4.8889 

--------------------------------------
Time: 23.0068
Split Ratios: 1 1 1 1 1 1 1 1 1 1 1 1 1 1 1 1 1 1 1 1 1 1 1 1 1 1 1 1 1 1 1 1 1 1 1 1 1 1 1 1 
Delays: 0.0081346 0.00840777 0.008043 0.010477 0.0104577 0.00811132 0.0062351 0.0104227 0.010572 0.00624121 0.00979585 0.0104787 0.00797332 0.00787577 0.010171 0.00698596 0.00644597 0.0108261 0.0085132 0.00601646 0.00912661 0.00985808 0.00988583 0.00584768 0.00998963 0.00802173 0.00764759 0.0106219 0.00812435 0.0075325 0.00783609 0.00984444 0.00813782 0.00979065 0.00988736 0.00828627 0.0104013 0.0082725 0.00849446 0.00910133 
Throughputs: 1.35987 1.16326 1.17965 1.04858 1.01581 1.08134 0.999424 1.1305 0.868352 1.2288 1.19603 1.3271 1.19603 0.98304 1.27795 1.27795 1.24518 1.2288 0.98304 1.2288 1.09773 1.26157 1.16326 0.950272 0.950272 0.950272 1.1305 1.31072 1.35987 1.29434 0.933888 1.27795 0.999424 1.01581 1.31072 0.966656 0.966656 1.14688 1.37626 1.03219 
Utility: 5.11902 4.92983 4.98817 4.60601 4.5761 4.8927 5.07698 4.68643 4.40839 5.28262 4.80481 4.84141 5.01066 4.82686 4.83347 5.20911 5.26358 4.73183 4.74903 5.31929 4.7898 4.85182 4.76788 5.0907 4.5552 4.77459 4.99602 4.81541 5.12028 5.14653 4.78062 4.86611 4.81066 4.64201 4.88707 4.75924 4.53191 4.93186 5.08771 4.73102 

--------------------------------------
Time: 23.5069
Split Ratios: 1 1 1 1 1 1 1 1 1 1 1 1 1 1 1 1 1 1 1 1 1 1 1 1 1 1 1 1 1 1 1 1 1 1 1 1 1 1 1 1 
Delays: 0.00806069 0.00922049 0.00796633 0.0101529 0.0103624 0.00783805 0.00617531 0.0100896 0.0110212 0.00684612 0.00989763 0.0101795 0.00824904 0.00785376 0.0100884 0.00647326 0.00651461 0.0105708 0.00861264 0.00606789 0.00931467 0.0100959 0.00962246 0.00603439 0.0101011 0.0078875 0.00766694 0.0102993 0.00820878 0.00741381 0.00798742 0.00997199 0.00812138 0.00988137 0.00987433 0.00877272 0.0106114 0.00812361 0.00837506 0.00874507 
Throughputs: 1.26157 1.26157 1.17965 1.2288 1.06496 1.03219 1.19603 1.08134 0.98304 1.03219 1.1305 1.16326 1.17965 1.08134 1.06496 1.17965 1.06496 1.14688 1.1305 1.14688 1.40902 1.09773 1.06496 0.98304 0.835584 1.29434 1.29434 1.06496 1.09773 1.06496 1.11411 1.21242 1.19603 1.35987 1.04858 1.50733 1.37626 1.04858 1.19603 1.04858 
Utility: 5.05311 4.91868 4.99775 4.79603 4.63251 4.88045 5.26621 4.67446 4.49083 5.01576 4.73812 4.73861 4.96287 4.92497 4.65931 5.20529 5.09664 4.68671 4.87718 5.24179 5.01906 4.68887 4.70659 5.09317 4.41549 5.10047 5.12884 4.63862 4.89579 4.96735 4.93795 4.80059 4.99226 4.9245 4.66525 5.14645 4.8652 4.86041 4.96151 4.7867 

--------------------------------------
Time: 24.0071
Split Ratios: 1 1 1 1 1 1 1 1 1 1 1 1 1 1 1 1 1 1 1 1 1 1 1 1 1 1 1 1 1 1 1 1 1 1 1 1 1 1 1 1 
Delays: 0.00821948 0.00893321 0.00818951 0.00977364 0.0105118 0.00817071 0.00599226 0.0103297 0.0109418 0.00635304 0.00978453 0.0100441 0.00851798 0.00804869 0.0103121 0.00624982 0.00634497 0.0110908 0.00858605 0.00600902 0.00909212 0.00996967 0.00974773 0.00589992 0.00996237 0.00796108 0.00760515 0.0100626 0.00778673 0.00745244 0.00789401 0.00997666 0.0080696 0.0100228 0.00999948 0.00847018 0.0108073 0.00857089 0.00849613 0.00854737 
Throughputs: 1.17965 1.19603 0.851968 1.1305 1.08134 1.17965 0.917504 1.06496 1.31072 1.29434 1.08134 0.98304 1.09773 1.11411 0.917504 1.17965 1.04858 1.1305 1.09773 1.17965 1.03219 1.14688 1.26157 1.06496 1.06496 1.14688 1.03219 1.03219 1.09773 0.90112 1.04858 1.27795 1.39264 1.1305 1.27795 1.04858 1.21242 1.24518 1.2288 1.16326 
Utility: 4.96646 4.89699 4.64469 4.75072 4.63346 4.97242 5.03119 4.63566 4.78574 5.31682 4.70516 4.58367 4.85882 4.9303 4.48834 5.24042 5.10753 4.62429 4.85086 5.27971 4.73203 4.74525 4.86308 5.19575 4.67188 4.97024 4.91061 4.63062 4.94858 4.7951 4.88908 4.85277 5.15085 4.72555 4.85048 4.81864 4.72015 4.97867 4.97418 4.91336 

--------------------------------------
Time: 24.5071
Split Ratios: 1 1 1 1 1 1 1 1 1 1 1 1 1 1 1 1 1 1 1 1 1 1 1 1 1 1 1 1 1 1 1 1 1 1 1 1 1 1 1 1 
Delays: 0.00864876 0.00917934 0.00810658 0.0104658 0.0102721 0.00802635 0.00618036 0.0103529 0.010488 0.00635148 0.00979255 0.0101255 0.00809184 0.0078596 0.0101239 0.00670113 0.0064507 0.0106625 0.00858655 0.00611567 0.0093436 0.0101289 0.00962598 0.00621943 0.00991643 0.00796667 0.00764271 0.0102222 0.00771038 0.00751303 0.00810815 0.00992143 0.00825265 0.0101515 0.00985078 0.00891414 0.0105538 0.00807347 0.00802293 0.00895446 
Throughputs: 1.39264 1.26157 0.999424 1.19603 1.16326 1.01581 0.770048 1.16326 0.933888 1.50733 1.31072 1.24518 0.884736 1.31072 1.03219 1.31072 1.27795 1.03219 1.06496 1.35987 1.1305 1.39264 1.06496 1.03219 0.851968 1.19603 1.44179 1.2288 1.11411 1.45818 1.24518 1.09773 1.06496 1.16326 0.999424 1.2288 1.09773 0.950272 0.966656 1.01581 
Utility: 5.08154 4.92316 4.8145 4.73865 4.72955 4.84071 4.82508 4.72172 4.48912 5.46941 4.89671 4.81198 4.69443 5.1166 4.62455 5.27605 5.28883 4.57271 4.8205 5.40429 4.79572 4.92357 4.70623 5.11176 4.45336 5.0115 5.23989 4.78923 4.97325 5.2683 5.03417 4.7063 4.86016 4.74136 4.61963 4.92615 4.64452 4.76817 4.79154 4.73129 

--------------------------------------
Time: 25.0073
Split Ratios: 1 1 1 1 1 1 1 1 1 1 1 1 1 1 1 1 1 1 1 1 1 1 1 1 1 1 1 1 1 1 1 1 1 1 1 1 1 1 1 1 
Delays: 0.00813828 0.00841801 0.00796905 0.0105143 0.0100858 0.00808309 0.00615518 0.0102217 0.010761 0.00632905 0.00989626 0.00993248 0.00821001 0.00815664 0.0101143 0.00674123 0.00659957 0.0105749 0.00851335 0.00628806 0.0090606 0.00991961 0.00967021 0.0061293 0.0101605 0.00796512 0.00750021 0.0106798 0.00776442 0.00749606 0.00755612 0.00989904 0.00813845 0.0101112 0.00987952 0.00839217 0.0101985 0.00827073 0.00799136 0.00877949 
Throughputs: 1.26157 1.19603 1.03219 1.17965 1.01581 0.999424 1.08134 1.19603 1.1305 1.2288 1.1305 1.24518 1.06496 1.04858 1.1305 1.27795 1.24518 1.27795 1.24518 1.17965 0.802816 1.16326 1.09773 1.01581 1.06496 1.06496 1.1305 1.34349 1.2288 1.27795 0.8192 1.16326 1.24518 1.40902 1.01581 1.44179 1.3271 1.08134 1.27795 1.26157 
Utility: 5.04353 4.95639 4.86387 4.72024 4.61231 4.81741 5.16867 4.76225 4.65448 5.26864 4.73825 4.83123 4.86534 4.85636 4.71646 5.24477 5.24003 4.79454 4.9854 5.23432 4.48419 4.76447 4.73195 5.11036 4.65219 4.89562 5.01548 4.83467 5.06424 5.13864 4.68597 4.76655 5.03044 4.937 4.63298 5.14634 4.86852 4.87324 5.07465 4.96769 

--------------------------------------
Time: 25.5075
Split Ratios: 1 1 1 1 1 1 1 1 1 1 1 1 1 1 1 1 1 1 1 1 1 1 1 1 1 1 1 1 1 1 1 1 1 1 1 1 1 1 1 1 
Delays: 0.0081207 0.0087394 0.00814406 0.0107945 0.0100812 0.00813634 0.00597722 0.0101417 0.0105845 0.00642468 0.0100689 0.00991554 0.00817068 0.00787604 0.0100107 0.00691678 0.00702598 0.0107373 0.00921099 0.00604804 0.00900316 0.010094 0.00978413 0.00599816 0.0101501 0.00781603 0.0076891 0.0110034 0.0076818 0.00753633 0.00789221 0.0100616 0.00814356 0.0098094 0.00973862 0.00842246 0.01 0.00815164 0.00835912 0.00922557 
Throughputs: 1.47456 1.24518 1.17965 1.39264 1.06496 1.16326 1.16326 1.08134 1.04858 1.17965 1.31072 1.01581 1.09773 1.08134 1.14688 1.21242 1.14688 1.09773 1.06496 1.31072 1.09773 1.14688 1.03219 1.03219 0.868352 1.03219 1.03219 1.24518 1.04858 1.1305 1.06496 1.09773 1.3271 1.03219 1.19603 1.09773 1.14688 1.08134 1.34349 1.19603 
Utility: 5.2017 4.9592 4.97568 4.85992 4.66002 4.96265 5.27103 4.66931 4.59579 5.21283 4.86888 4.62934 4.90045 4.92213 4.74115 5.16642 5.09519 4.62728 4.7503 5.3786 4.80342 4.73286 4.65868 5.14799 4.44912 4.88326 4.89964 4.72884 4.91633 5.01068 4.90482 4.69227 5.09353 4.6561 4.81066 4.8701 4.74221 4.88774 5.07967 4.86479 

--------------------------------------
Time: 26.0078
Split Ratios: 1 1 1 1 1 1 1 1 1 1 1 1 1 1 1 1 1 1 1 1 1 1 1 1 1 1 1 1 1 1 1 1 1 1 1 1 1 1 1 1 
Delays: 0.00814576 0.00851061 0.00813491 0.0106133 0.0103067 0.00800377 0.00603419 0.0103114 0.0108462 0.0061546 0.0101347 0.0101789 0.00831205 0.00837889 0.0102943 0.00670845 0.00676621 0.0107122 0.00875537 0.00614646 0.00888711 0.0101189 0.00969241 0.00601832 0.0102055 0.00792556 0.00752424 0.0107304 0.00774103 0.00749196 0.00785693 0.0101187 0.00804154 0.00982647 0.010097 0.00828654 0.0103053 0.00829732 0.00825053 0.00886506 
Throughputs: 1.16326 0.98304 0.999424 1.34349 0.999424 1.14688 1.11411 1.14688 1.14688 1.2288 1.29434 1.55648 1.31072 1.37626 1.03219 1.11411 1.09773 1.14688 0.966656 1.34349 1.14688 1.16326 1.09773 1.11411 1.16326 1.24518 0.999424 1.52371 0.90112 0.999424 1.42541 1.2288 1.29434 1.01581 1.39264 1.16326 1.19603 0.917504 1.35987 1.03219 
Utility: 4.96149 4.74934 4.81101 4.84091 4.57438 4.96489 5.21837 4.71155 4.66098 5.29659 4.84978 5.02987 5.06063 5.10141 4.60785 5.11245 5.08906 4.67341 4.70418 5.38715 4.8602 4.74458 4.72965 5.22101 4.73606 5.05695 4.88905 4.95583 4.7571 4.89335 5.20082 4.7994 5.08113 4.63836 4.92672 4.94435 4.75411 4.70572 5.10487 4.75732 

--------------------------------------
Time: 26.5079
Split Ratios: 1 1 1 1 1 1 1 1 1 1 1 1 1 1 1 1 1 1 1 1 1 1 1 1 1 1 1 1 1 1 1 1 1 1 1 1 1 1 1 1 
Delays: 0.00821645 0.00922123 0.00788873 0.0105963 0.010302 0.00805913 0.00601456 0.0100943 0.0109681 0.00671462 0.00993352 0.00979284 0.00873323 0.00803948 0.010158 0.00680641 0.00669676 0.0105222 0.00867904 0.0061559 0.00970305 0.00996072 0.0096077 0.00617041 0.0100737 0.0078759 0.00767435 0.010473 0.00790988 0.00754249 0.00775753 0.00984034 0.00811904 0.00979348 0.0098142 0.0086339 0.0102551 0.00808531 0.00837086 0.00932789 
Throughputs: 1.1305 1.40902 0.917504 1.1305 0.966656 1.03219 0.720896 0.933888 1.1305 1.21242 1.37626 1.24518 1.09773 1.31072 0.966656 1.1305 1.1305 1.27795 1.16326 1.72032 1.03219 1.31072 0.98304 1.1305 1.24518 1.19603 1.27795 1.29434 1.65478 1.21242 1.19603 1.03219 1.11411 1.2288 0.933888 1.47456 1.3271 1.03219 1.19603 0.933888 
Utility: 4.92427 5.02914 4.75622 4.66991 4.54151 4.85263 4.78631 4.52738 4.63542 5.19608 4.93121 4.84539 4.83386 5.09397 4.55559 5.11255 5.12879 4.79952 4.89807 5.63285 4.667 4.87968 4.62809 5.21065 4.81711 5.02296 5.11513 4.81696 5.34331 5.07982 5.0381 4.65295 4.9216 4.83208 4.55553 5.14042 4.86298 4.84939 4.96201 4.60635 

--------------------------------------
Time: 27.0079
Split Ratios: 1 1 1 1 1 1 1 1 1 1 1 1 1 1 1 1 1 1 1 1 1 1 1 1 1 1 1 1 1 1 1 1 1 1 1 1 1 1 1 1 
Delays: 0.00842611 0.0086069 0.00799608 0.010051 0.0101885 0.00802771 0.00594823 0.0101234 0.0105934 0.00626261 0.00993276 0.0101981 0.00830807 0.00810428 0.0100213 0.00674717 0.00625113 0.0106576 0.00855043 0.00614478 0.0088005 0.0100475 0.00966836 0.00609804 0.0101618 0.00783409 0.00776163 0.0103523 0.0077397 0.00747396 0.00779388 0.00979432 0.00823542 0.0101283 0.00978947 0.00824049 0.0104902 0.00820439 0.00820475 0.00857742 
Throughputs: 1.1305 1.17965 0.98304 1.45818 1.03219 1.16326 1.06496 1.1305 1.16326 1.11411 1.34349 1.14688 1.08134 1.34349 1.24518 1.06496 1.17965 1.1305 1.1305 1.24518 1.04858 1.37626 1.06496 1.40902 1.34349 0.90112 1.42541 1.3271 1.17965 1.31072 1.06496 1.1305 1.19603 1.26157 1.21242 0.98304 1.42541 0.851968 1.11411 0.884736 
Utility: 4.89908 4.92041 4.8117 4.97727 4.61818 4.97609 5.1876 4.71556 4.69875 5.18122 4.90719 4.7226 4.86873 5.11063 4.82233 5.06157 5.24021 4.66414 4.88443 5.31144 4.78038 4.9198 4.70183 5.44268 4.88439 4.74515 5.21302 4.85354 5.02661 5.16691 4.91735 4.74861 4.97832 4.82478 4.81906 4.78159 4.91177 4.64288 4.9111 4.63616 

--------------------------------------
Time: 27.5084
Split Ratios: 1 1 1 1 1 1 1 1 1 1 1 1 1 1 1 1 1 1 1 1 1 1 1 1 1 1 1 1 1 1 1 1 1 1 1 1 1 1 1 1 
Delays: 0.00816334 0.00889473 0.00792454 0.0102013 0.0101643 0.00798492 0.00602351 0.00994204 0.0104177 0.00672387 0.0100082 0.00989324 0.00837323 0.00786651 0.0107317 0.00672567 0.00668472 0.0103593 0.00883759 0.00598676 0.00902784 0.0100753 0.00946464 0.00586636 0.01004 0.00805469 0.00766035 0.0104122 0.00768869 0.00743162 0.00788645 0.0102484 0.00802256 0.00985867 0.00996181 0.00888972 0.0103522 0.00835447 0.00824848 0.00919439 
Throughputs: 1.03219 1.08134 0.999424 0.933888 1.01581 1.29434 1.04858 1.09773 0.98304 1.29434 1.31072 1.21242 1.34349 0.999424 1.01581 1.1305 1.37626 1.04858 1.2288 1.16326 0.966656 1.21242 0.802816 0.999424 1.01581 1.3271 0.966656 1.01581 1.01581 1.06496 1.03219 1.17965 1.26157 1.21242 1.1305 1.31072 1.24518 0.98304 1.31072 1.29434 
Utility: 4.83979 4.8005 4.83722 4.51684 4.60456 5.0882 5.15952 4.70423 4.54714 5.26009 4.87493 4.80852 5.07799 4.84456 4.55023 5.12448 5.3273 4.61731 4.93478 5.26943 4.67353 4.79028 4.44056 5.13795 4.61686 5.1045 4.83779 4.58046 4.88369 4.96495 4.87429 4.74585 5.05785 4.81202 4.73165 4.99344 4.78984 4.76785 5.0683 4.94716 

--------------------------------------
Time: 28.0084
Split Ratios: 1 1 1 1 1 1 1 1 1 1 1 1 1 1 1 1 1 1 1 1 1 1 1 1 1 1 1 1 1 1 1 1 1 1 1 1 1 1 1 1 
Delays: 0.00809812 0.00886939 0.00784416 0.0102071 0.010283 0.00799108 0.00605718 0.0100809 0.0109239 0.00629881 0.0097181 0.00995162 0.00842847 0.00799636 0.0101245 0.00635946 0.00648502 0.0106485 0.00842596 0.00617916 0.00917625 0.0100223 0.00988723 0.00588428 0.00982317 0.00797074 0.00766681 0.0102773 0.00785761 0.00753895 0.0080763 0.0100137 0.00794881 0.00992491 0.00978789 0.00838629 0.0109387 0.0079869 0.00804751 0.00890378 
Throughputs: 1.01581 1.11411 1.04858 1.27795 0.851968 1.16326 1.24518 1.24518 1.17965 1.3271 1.24518 1.2288 1.01581 1.31072 0.999424 1.1305 1.1305 1.08134 1.1305 1.34349 1.21242 1.16326 1.37626 0.966656 0.868352 0.950272 1.17965 1.09773 1.14688 0.999424 1.21242 1.04858 1.2288 1.14688 0.98304 1.03219 1.21242 0.999424 1.2288 0.851968 
Utility: 4.83181 4.83321 4.89542 4.82993 4.41706 4.98066 5.32579 4.8164 4.68202 5.35039 4.85305 4.81606 4.79182 5.09935 4.59222 5.18047 5.16092 4.62054 4.89909 5.38184 4.88375 4.75417 4.93588 5.10156 4.48185 4.78097 5.03607 4.67106 4.98332 4.8871 5.01144 4.65123 5.04077 4.74975 4.6095 4.81284 4.70806 4.82938 5.02843 4.56107 

--------------------------------------
Time: 28.5087
Split Ratios: 1 1 1 1 1 1 1 1 1 1 1 1 1 1 1 1 1 1 1 1 1 1 1 1 1 1 1 1 1 1 1 1 1 1 1 1 1 1 1 1 
Delays: 0.00810985 0.00867108 0.0080579 0.0109736 0.0103126 0.00840382 0.00600318 0.0101942 0.0106429 0.00620275 0.00995772 0.00989758 0.00837383 0.00799603 0.010273 0.00678194 0.00695309 0.0107166 0.00894581 0.00610578 0.00886364 0.00997208 0.00974776 0.00622998 0.0100017 0.00820209 0.0076706 0.0106944 0.00783492 0.00747971 0.00780483 0.00998676 0.00814287 0.00980379 0.00980851 0.00816988 0.0102423 0.00817572 0.00829342 0.00921953 
Throughputs: 1.35987 1.21242 1.11411 1.49094 1.1305 1.1305 0.917504 1.03219 1.08134 1.3271 1.42541 1.11411 1.24518 0.950272 1.26157 1.04858 1.11411 1.08134 1.04858 1.29434 0.98304 1.11411 1.1305 1.1305 0.933888 1.26157 1.35987 1.11411 1.35987 1.06496 1.19603 1.39264 1.14688 1.2288 1.06496 1.11411 1.39264 0.950272 1.42541 0.966656 
Utility: 5.12207 4.94038 4.92916 4.91167 4.69705 4.90173 5.02937 4.61762 4.62106 5.36576 4.96387 4.72352 5.00193 4.7778 4.81059 5.04093 5.07663 4.61416 4.764 5.35652 4.70869 4.71602 4.75337 5.20104 4.5366 5.03572 5.17775 4.64609 5.15655 4.9585 5.03202 4.9377 4.94766 4.83102 4.68744 4.91536 4.91243 4.75558 5.14675 4.65252 

--------------------------------------
Time: 29.0092
Split Ratios: 1 1 1 1 1 1 1 1 1 1 1 1 1 1 1 1 1 1 1 1 1 1 1 1 1 1 1 1 1 1 1 1 1 1 1 1 1 1 1 1 
Delays: 0.00812151 0.00854424 0.00777386 0.00984566 0.0101346 0.00805079 0.00600593 0.010257 0.0105861 0.00635062 0.00990728 0.0100468 0.00830649 0.00784158 0.0100575 0.00635247 0.00624714 0.010531 0.00819545 0.00613886 0.00902917 0.00999315 0.00950818 0.00605143 0.0100995 0.00782732 0.00765583 0.0100858 0.00773821 0.00754807 0.00795318 0.0101294 0.00828855 0.00983719 0.00979715 0.00853045 0.0102676 0.00805279 0.00820393 0.00841791 
Throughputs: 1.31072 1.16326 0.966656 0.999424 0.98304 1.09773 0.999424 1.01581 1.06496 1.21242 1.29434 1.24518 1.2288 0.851968 1.19603 1.14688 1.14688 1.2288 1.04858 1.31072 1.2288 1.16326 1.09773 1.29434 1.11411 1.03219 1.26157 1.17965 1.01581 1.21242 0.835584 1.06496 1.2288 1.24518 1.04858 1.11411 1.2288 0.966656 0.966656 1.09773 
Utility: 5.08382 4.91373 4.82308 4.62015 4.57469 4.91523 5.11443 4.59548 4.61115 5.25182 4.87248 4.81979 4.99676 4.68811 4.77845 5.19596 5.21268 4.75947 4.85161 5.36369 4.91333 4.75708 4.74885 5.36546 4.70332 4.88182 5.10464 4.76185 4.87727 5.07908 4.65456 4.65525 4.99892 4.84087 4.6731 4.87217 4.7848 4.78782 4.76923 4.87064 

--------------------------------------
Time: 29.5092
Split Ratios: 1 1 1 1 1 1 1 1 1 1 1 1 1 1 1 1 1 1 1 1 1 1 1 1 1 1 1 1 1 1 1 1 1 1 1 1 1 1 1 1 
Delays: 0.00813447 0.00943802 0.00804365 0.0111415 0.0105292 0.00817612 0.00630187 0.0101043 0.0110888 0.00678698 0.00978983 0.010081 0.00851383 0.00799378 0.0101745 0.00757805 0.00698424 0.0107974 0.00939767 0.00605845 0.00924442 0.00997855 0.00971253 0.00600811 0.0102992 0.00800327 0.00760528 0.011252 0.00800308 0.00752393 0.00785074 0.00978488 0.00789841 0.0100867 0.00969157 0.00862969 0.0107207 0.00826647 0.00854529 0.0100161 
Throughputs: 1.31072 1.35987 1.08134 1.31072 0.950272 0.966656 1.19603 0.950272 1.04858 1.31072 1.16326 1.3271 1.09773 1.06496 1.16326 1.17965 1.27795 1.29434 1.31072 1.03219 1.2288 0.933888 1.08134 1.04858 1.08134 1.1305 1.31072 1.39264 1.21242 1.08134 0.917504 1.16326 1.09773 1.49094 0.917504 1.09773 1.26157 1.14688 1.40902 1.35987 
Utility: 5.08222 4.9704 4.90108 4.76766 4.50259 4.77263 5.24592 4.54379 4.54925 5.26333 4.77764 4.8801 4.85931 4.89203 4.7391 5.04772 5.20936 4.78645 4.93787 5.13799 4.88977 4.53892 4.71254 5.16208 4.6539 4.95056 5.14949 4.81841 5.02054 4.96787 4.76105 4.77815 4.93434 4.99595 4.5504 4.84579 4.76793 4.93259 5.10527 4.91095 

--------------------------------------
Time: 30.0093
Split Ratios: 1 1 1 1 1 1 1 1 1 1 1 1 1 1 1 1 1 1 1 1 1 1 1 1 1 1 1 1 1 1 1 1 1 1 1 1 1 1 1 1 
Delays: 0.00808849 0.00885178 0.00787906 0.0103527 0.0103979 0.00811838 0.00592827 0.0103018 0.010925 0.00627756 0.00991351 0.0105835 0.00820322 0.00783284 0.0102287 0.00675173 0.00678207 0.0108467 0.00879938 0.00601813 0.00994955 0.00991216 0.00969611 0.00604443 0.0102122 0.00806492 0.0076878 0.0104814 0.0079156 0.00751388 0.00771957 0.00999518 0.0080932 0.00986584 0.00976603 0.00845981 0.0102702 0.00823691 0.00831191 0.00857587 
Throughputs: 1.24518 1.3271 1.11411 1.44179 0.884736 1.26157 0.933888 1.26157 1.09773 1.06496 1.2288 1.24518 1.16326 1.01581 1.3271 1.08134 1.21242 1.14688 1.16326 1.08134 1.1305 1.08134 1.3271 1.01581 1.27795 1.03219 1.08134 1.08134 0.98304 1.1305 0.98304 0.966656 1.17965 1.16326 1.06496 1.06496 1.26157 0.770048 1.49094 1.04858 
Utility: 5.0366 5.01014 4.9516 4.93639 4.44368 5.04598 5.05962 4.80779 4.60995 5.13371 4.8199 4.76774 4.95446 4.86511 4.86556 5.07616 5.18609 4.66094 4.8843 5.19118 4.73288 4.6922 4.91903 5.1243 4.82943 4.85192 4.94633 4.63636 4.82181 5.01366 4.84689 4.57174 4.98195 4.76991 4.69178 4.83537 4.81087 4.53783 5.18948 4.80624 

--------------------------------------
Time: 30.5093
Split Ratios: 1 1 1 1 1 1 1 1 1 1 1 1 1 1 1 1 1 1 1 1 1 1 1 1 1 1 1 1 1 1 1 1 1 1 1 1 1 1 1 1 
Delays: 0.00826395 0.00857973 0.00796358 0.0106014 0.0104469 0.0082373 0.00631453 0.0103176 0.0109557 0.00642049 0.0098974 0.0102067 0.00867769 0.00791485 0.0103157 0.00700411 0.00669321 0.011265 0.00877852 0.00600566 0.00977636 0.0100745 0.00978889 0.00602757 0.0102926 0.00788378 0.00753624 0.0106193 0.00792168 0.00745269 0.00794876 0.0100464 0.00819833 0.00999543 0.00972432 0.00857937 0.010248 0.00832171 0.00847177 0.00909362 
Throughputs: 1.21242 1.39264 0.851968 1.08134 1.01581 0.933888 0.884736 1.31072 1.27795 1.24518 1.11411 1.37626 1.06496 1.37626 1.04858 1.29434 1.1305 1.3271 1.2288 1.16326 0.999424 1.27795 1.08134 1.2288 1.21242 1.03219 1.19603 1.16326 1.11411 1.17965 1.21242 1.24518 1.26157 1.35987 1.04858 1.39264 1.16326 1.01581 1.26157 1.19603 
Utility: 4.98847 5.08955 4.67267 4.62497 4.57714 4.73068 4.94244 4.84448 4.75916 5.26754 4.72354 4.90408 4.80994 5.15838 4.62152 5.21926 5.12932 4.76906 4.94149 5.26628 4.62721 4.84301 4.70471 5.31745 4.76895 4.87463 5.06704 4.69631 4.94621 5.0644 5.02735 4.81982 5.03618 4.91302 4.68056 5.0896 4.73191 4.80457 5.00337 4.87919 

--------------------------------------
Time: 31.0094
Split Ratios: 1 1 1 1 1 1 1 1 1 1 1 1 1 1 1 1 1 1 1 1 1 1 1 1 1 1 1 1 1 1 1 1 1 1 1 1 1 1 1 1 
Delays: 0.00841227 0.00863796 0.00812046 0.0101369 0.0101656 0.00825583 0.00603496 0.00972002 0.0105509 0.00617723 0.0100137 0.00979767 0.00834827 0.0078705 0.0105126 0.00661796 0.0063627 0.0107452 0.00871136 0.00622574 0.00854369 0.00977883 0.00979282 0.00593075 0.0104167 0.00792106 0.00770201 0.0109199 0.00783702 0.00749172 0.00773779 0.00980355 0.00806435 0.00976192 0.00985812 0.00853243 0.0103626 0.00817481 0.00838246 0.00846588 
Throughputs: 1.34349 1.24518 1.03219 1.3271 1.11411 1.01581 1.04858 0.950272 1.17965 1.14688 1.14688 1.21242 1.04858 1.27795 1.06496 1.27795 0.917504 0.933888 1.21242 1.2288 1.01581 0.999424 1.1305 0.98304 1.16326 0.8192 1.21242 1.17965 0.98304 1.14688 0.933888 1.2288 0.98304 1.04858 1.06496 1.24518 1.35987 1.17965 1.27795 1.16326 
Utility: 5.07333 4.97087 4.84505 4.87458 4.69681 4.81252 5.15762 4.58256 4.71676 5.22393 4.74084 4.81823 4.83313 5.08989 4.61812 5.26323 4.9712 4.4649 4.93574 5.2851 4.77825 4.62696 4.74876 5.1105 4.71558 4.6388 5.05889 4.68239 4.83179 5.031 4.79324 4.83105 4.8032 4.6767 4.6824 4.98316 4.87694 4.97191 5.02687 4.92294 

--------------------------------------
Time: 31.5094
Split Ratios: 1 1 1 1 1 1 1 1 1 1 1 1 1 1 1 1 1 1 1 1 1 1 1 1 1 1 1 1 1 1 1 1 1 1 1 1 1 1 1 1 
Delays: 0.00840727 0.00871375 0.00795276 0.0106248 0.0102977 0.0079729 0.00604502 0.010077 0.0105453 0.00621916 0.00990199 0.00991072 0.00791597 0.00800816 0.0102372 0.00700324 0.00661755 0.0104022 0.00892342 0.00595618 0.00902265 0.00977892 0.00963447 0.00599691 0.0100543 0.00788181 0.0075387 0.0106937 0.00775229 0.007566 0.00775428 0.00988966 0.00799171 0.0100031 0.00952306 0.00837971 0.0104219 0.00813371 0.00821588 0.00901931 
Throughputs: 1.2288 1.40902 1.08134 1.29434 1.09773 0.933888 0.835584 0.770048 1.16326 1.09773 1.17965 1.27795 0.917504 1.08134 1.1305 1.34349 1.1305 1.11411 1.06496 1.2288 1.29434 1.14688 0.835584 1.06496 1.29434 0.966656 1.21242 1.21242 1.2288 1.21242 1.19603 1.29434 1.1305 1.04858 0.90112 1.04858 1.06496 1.17965 1.49094 1.04858 
Utility: 4.9847 5.08575 4.91244 4.80256 4.66907 4.76331 4.9289 4.33619 4.70331 5.17336 4.78024 4.8594 4.75277 4.9055 4.70438 5.25665 5.14069 4.6738 4.78201 5.32936 4.96602 4.76457 4.46278 5.17945 4.85776 4.80929 5.08032 4.73072 5.0658 5.07671 5.03852 4.87426 4.95201 4.65229 4.54992 4.82938 4.62678 4.97695 5.2011 4.75582 

--------------------------------------
Time: 32.0095
Split Ratios: 1 1 1 1 1 1 1 1 1 1 1 1 1 1 1 1 1 1 1 1 1 1 1 1 1 1 1 1 1 1 1 1 1 1 1 1 1 1 1 1 
Delays: 0.00836906 0.0086329 0.00819634 0.0107003 0.0103058 0.00800605 0.00628541 0.00977778 0.0107358 0.00662785 0.0099844 0.0101068 0.00809519 0.00800844 0.0100194 0.00685778 0.00675687 0.0107327 0.00913829 0.00602196 0.00947071 0.0101165 0.00966675 0.00608195 0.00993593 0.00790375 0.00754708 0.0110158 0.00797927 0.00745858 0.00793063 0.0100476 0.00817004 0.00992632 0.00996699 0.00835344 0.0101806 0.0080772 0.00852282 0.00946368 
Throughputs: 1.16326 1.26157 1.03219 1.40902 1.14688 1.14688 1.17965 0.966656 1.16326 1.21242 1.2288 1.14688 0.933888 1.19603 1.21242 1.04858 1.03219 1.19603 1.19603 1.21242 0.90112 1.09773 1.14688 1.26157 1.08134 0.868352 1.34349 1.35987 1.11411 1.03219 1.31072 1.21242 1.21242 1.06496 1.26157 1.26157 1.40902 1.01581 1.34349 1.35987 
Utility: 4.93444 4.98453 4.83575 4.88038 4.71209 4.9646 5.23474 4.59373 4.6854 5.20909 4.81277 4.7316 4.74809 5.00627 4.79585 5.0298 5.02888 4.71347 4.87429 5.30496 4.55543 4.68683 4.77611 5.33478 4.6898 4.69926 5.18186 4.81581 4.93897 4.93007 5.1076 4.79304 4.9999 4.6755 4.84083 5.01744 4.93017 4.83439 5.06028 4.96768 

--------------------------------------
Time: 32.5099
Split Ratios: 1 1 1 1 1 1 1 1 1 1 1 1 1 1 1 1 1 1 1 1 1 1 1 1 1 1 1 1 1 1 1 1 1 1 1 1 1 1 1 1 
Delays: 0.0083354 0.0082523 0.00783939 0.010194 0.00995379 0.008057 0.00603297 0.00985074 0.0106239 0.00605883 0.00989711 0.00981707 0.00832462 0.00787553 0.00997312 0.00645249 0.0062836 0.0104967 0.00850503 0.0059871 0.00869068 0.0102327 0.0096402 0.00624 0.0103334 0.0077198 0.00758634 0.0102585 0.00770852 0.00754195 0.00796514 0.0101718 0.00808855 0.00971168 0.00983386 0.00814402 0.0101433 0.0085499 0.00823965 0.00835083 
Throughputs: 1.47456 1.17965 0.917504 1.11411 0.966656 1.14688 0.884736 1.09773 0.999424 1.31072 1.34349 1.04858 1.24518 0.851968 1.01581 1.04858 1.06496 0.98304 1.09773 1.2288 1.2288 1.40902 1.26157 0.835584 0.868352 1.03219 1.16326 0.950272 1.03219 0.966656 0.98304 1.26157 1.26157 1.21242 1.03219 1.03219 1.26157 1.11411 1.3271 0.950272 
Utility: 5.1756 4.96248 4.7625 4.69401 4.57589 4.95826 4.98805 4.71345 4.54408 5.37682 4.91078 4.67107 5.00782 4.68379 4.62355 5.09072 5.13275 4.53959 4.86034 5.32419 4.95154 4.92507 4.87417 4.89715 4.43121 4.89565 5.03264 4.52865 4.89711 4.85336 4.81557 4.82049 5.04966 4.82704 4.65361 4.84216 4.8233 4.86989 5.0818 4.73439 

--------------------------------------
Time: 33.0099
Split Ratios: 1 1 1 1 1 1 1 1 1 1 1 1 1 1 1 1 1 1 1 1 1 1 1 1 1 1 1 1 1 1 1 1 1 1 1 1 1 1 1 1 
Delays: 0.00827591 0.00837819 0.00789605 0.0101973 0.0101025 0.00824305 0.00609802 0.00995757 0.0108672 0.00598573 0.00977426 0.0100006 0.00808729 0.00801547 0.00996342 0.00690995 0.00650758 0.0103753 0.008828 0.00602654 0.00859436 0.00987291 0.00972158 0.00601478 0.00998205 0.00791015 0.00757194 0.010527 0.00778703 0.00748611 0.00772797 0.01004 0.00819249 0.00986437 0.00974289 0.00824994 0.0101763 0.00822763 0.00815494 0.00892847 
Throughputs: 1.06496 1.16326 1.06496 1.31072 1.09773 1.29434 1.1305 1.16326 0.950272 1.09773 1.01581 1.21242 0.950272 1.31072 1.04858 1.14688 1.09773 1.01581 1.14688 1.24518 0.98304 1.01581 0.999424 0.999424 1.09773 1.01581 1.11411 1.24518 1.27795 1.06496 1.09773 1.1305 1.2288 1.21242 0.8192 1.09773 1.34349 1.01581 1.31072 0.98304 
Utility: 4.85734 4.93335 4.90433 4.85621 4.68822 5.05638 5.22245 4.76065 4.471 5.21162 4.64369 4.79773 4.76645 5.09696 4.65627 5.11184 5.12803 4.58401 4.86687 5.33087 4.73954 4.63365 4.63283 5.11296 4.70021 4.85529 4.99136 4.77309 5.10055 4.95764 4.95615 4.72383 5.01058 4.81144 4.43179 4.89079 4.88296 4.81594 5.07971 4.7014 

--------------------------------------
Time: 33.51
Split Ratios: 1 1 1 1 1 1 1 1 1 1 1 1 1 1 1 1 1 1 1 1 1 1 1 1 1 1 1 1 1 1 1 1 1 1 1 1 1 1 1 1 
Delays: 0.00803915 0.00867397 0.00807209 0.0100402 0.0104218 0.00835915 0.00597066 0.00989267 0.0107435 0.00628456 0.010108 0.00985572 0.00844144 0.00790383 0.0102118 0.00646419 0.00664911 0.0105901 0.00866769 0.00608765 0.00919629 0.0100786 0.00962507 0.00588289 0.00998614 0.00803116 0.00759365 0.010286 0.00767677 0.00745004 0.00793445 0.00995834 0.00822988 0.00987961 0.00974455 0.00844609 0.0101334 0.00805237 0.00811677 0.00855441 
Throughputs: 1.01581 1.24518 1.08134 1.1305 1.03219 1.35987 1.21242 0.753664 1.01581 1.01581 1.45818 0.884736 0.884736 1.1305 0.917504 1.24518 1.19603 0.917504 1.03219 1.3271 1.09773 0.933888 0.999424 1.09773 0.966656 0.884736 1.19603 1.08134 1.37626 1.11411 1.11411 1.2288 1.14688 1.2288 1.16326 1.31072 1.2288 1.1305 1.21242 1.03219 
Utility: 4.83912 4.96671 4.89755 4.72381 4.59554 5.09179 5.31351 4.33315 4.54913 5.08534 4.97161 4.49724 4.65214 4.96306 4.49812 5.26076 5.19228 4.46174 4.77984 5.38449 4.7822 4.52895 4.64281 5.22895 4.57264 4.70196 5.05945 4.65518 5.18892 5.00759 4.9446 4.81538 4.93703 4.82332 4.78228 5.04463 4.79795 4.94445 5.00644 4.79299 

--------------------------------------
Time: 34.0101
Split Ratios: 1 1 1 1 1 1 1 1 1 1 1 1 1 1 1 1 1 1 1 1 1 1 1 1 1 1 1 1 1 1 1 1 1 1 1 1 1 1 1 1 
Delays: 0.00855064 0.00878522 0.00801297 0.0109509 0.0103196 0.00826109 0.00607568 0.0101863 0.0109325 0.00630168 0.0099009 0.0104058 0.0082361 0.00784674 0.0101719 0.00711277 0.00724895 0.0107531 0.00931265 0.0061035 0.00900263 0.0102129 0.00995027 0.00624335 0.0102187 0.00773867 0.00765293 0.0112066 0.0078704 0.00761865 0.00820863 0.0100569 0.00820556 0.0101363 0.00978409 0.008712 0.0100736 0.00842181 0.00833268 0.00950478 
Throughputs: 1.34349 1.03219 1.03219 1.68755 0.884736 1.1305 1.1305 1.24518 1.1305 1.14688 1.42541 1.09773 1.24518 1.11411 0.98304 1.26157 1.14688 1.24518 1.44179 1.16326 1.16326 1.26157 1.3271 1.45818 0.999424 0.999424 1.24518 1.04858 1.24518 1.31072 1.29434 1.06496 1.31072 1.3271 1.04858 1.27795 1.16326 1.2288 1.37626 1.09773 
Utility: 5.05702 4.76637 4.85838 5.03761 4.45124 4.91886 5.22612 4.806 4.63867 5.20398 4.96959 4.65863 5.01851 4.95572 4.57102 5.17822 5.06394 4.75184 5.04227 5.25012 4.86147 4.81646 4.89316 5.45343 4.58296 4.86095 5.09195 4.53869 5.06393 5.14773 5.06057 4.66243 5.07352 4.87463 4.67443 4.98831 4.74907 4.98297 5.10694 4.7492 

--------------------------------------
Time: 34.5103
Split Ratios: 1 1 1 1 1 1 1 1 1 1 1 1 1 1 1 1 1 1 1 1 1 1 1 1 1 1 1 1 1 1 1 1 1 1 1 1 1 1 1 1 
Delays: 0.00796435 0.00893509 0.00833337 0.00988961 0.0104507 0.00807979 0.00602046 0.0101881 0.010699 0.00648647 0.0100897 0.0100213 0.00826399 0.00825432 0.0100801 0.00640697 0.00638746 0.0104297 0.00856945 0.00598887 0.00899136 0.00991283 0.00975279 0.0059871 0.00992109 0.00801192 0.00764395 0.0104942 0.00775508 0.00748961 0.00789053 0.00989533 0.00796628 0.00983973 0.0097351 0.00828716 0.0104886 0.00828067 0.00813155 0.00875927 
Throughputs: 1.09773 1.2288 1.21242 1.34349 1.01581 1.17965 1.04858 1.06496 1.17965 1.21242 1.34349 1.14688 1.14688 1.21242 1.09773 1.08134 1.01581 1.06496 0.851968 1.29434 0.753664 1.34349 0.917504 1.14688 0.999424 1.09773 1.14688 1.17965 1.27795 1.01581 1.24518 1.14688 1.17965 0.884736 0.999424 1.26157 1.35987 1.04858 1.40902 1.21242 
Utility: 4.92602 4.92381 4.9801 4.91154 4.57677 4.98361 5.16003 4.64948 4.70282 5.23065 4.89151 4.74008 4.93289 4.98963 4.69043 5.12857 5.0691 4.62603 4.59935 5.37585 4.42868 4.90919 4.5441 5.25519 4.61252 4.92007 5.01089 4.72215 5.10467 4.90992 5.06137 4.75274 4.99775 4.49886 4.63144 5.0254 4.86485 4.84126 5.1549 4.93026 

--------------------------------------
Time: 35.0104
Split Ratios: 1 1 1 1 1 1 1 1 1 1 1 1 1 1 1 1 1 1 1 1 1 1 1 1 1 1 1 1 1 1 1 1 1 1 1 1 1 1 1 1 
Delays: 0.00813427 0.00914121 0.00812432 0.0105921 0.01019 0.00778564 0.00606043 0.0100071 0.0105438 0.00629539 0.00993194 0.0100105 0.00841957 0.00811547 0.0100411 0.00676066 0.00689919 0.0105675 0.00902829 0.00609105 0.00873866 0.0099273 0.00978569 0.00586652 0.0103383 0.00796066 0.00762711 0.0106905 0.00785304 0.00748584 0.00797425 0.00998013 0.00796101 0.00996733 0.00974074 0.00847093 0.010411 0.00854519 0.00851701 0.00927378 
Throughputs: 1.21242 1.2288 0.917504 1.34349 0.950272 1.16326 1.04858 1.16326 1.03219 1.40902 1.2288 1.31072 1.14688 1.06496 0.917504 1.24518 1.14688 1.19603 1.16326 1.26157 1.03219 1.14688 1.26157 1.06496 1.2288 1.11411 1.14688 1.49094 1.21242 0.917504 1.04858 0.98304 0.933888 1.40902 1.03219 1.26157 1.37626 1.19603 1.21242 1.3271 
Utility: 5.00428 4.901 4.72679 4.84292 4.53535 5.0067 5.15341 4.75569 4.5839 5.41083 4.81804 4.8747 4.91424 4.87692 4.51497 5.21592 5.1134 4.72898 4.85862 5.33329 4.77168 4.74951 4.85919 5.20143 4.77794 4.9413 5.01309 4.93781 5.03947 4.80864 4.87897 4.59005 4.7648 4.95134 4.66312 5.00347 4.88426 4.9414 4.95831 4.96356 

--------------------------------------
Time: 35.5105
Split Ratios: 1 1 1 1 1 1 1 1 1 1 1 1 1 1 1 1 1 1 1 1 1 1 1 1 1 1 1 1 1 1 1 1 1 1 1 1 1 1 1 1 
Delays: 0.00818845 0.0089525 0.00805735 0.0102306 0.0102508 0.00789365 0.00601528 0.0100673 0.0105373 0.00656921 0.00980507 0.0100164 0.00849084 0.00791843 0.0100689 0.0066871 0.00645913 0.0104615 0.00879238 0.00588526 0.00960405 0.010081 0.00968079 0.0060945 0.00995218 0.00787675 0.00764652 0.0106937 0.00767831 0.0075849 0.00793167 0.0100138 0.00804766 0.00995154 0.00983535 0.00841933 0.0102048 0.00813212 0.00806367 0.00896936 
Throughputs: 1.39264 1.34349 1.19603 1.26157 1.09773 1.14688 1.08134 0.966656 1.01581 1.37626 1.17965 1.3271 1.34349 1.27795 1.11411 1.03219 0.950272 1.08134 1.04858 1.31072 1.08134 1.24518 1.08134 0.851968 0.90112 1.01581 1.14688 1.17965 1.11411 0.98304 1.17965 1.26157 1.11411 1.11411 1.11411 1.1305 1.2288 1.1305 1.09773 1.34349 
Utility: 5.13623 5.01109 5.00018 4.81473 4.67364 4.97874 5.19166 4.56455 4.56852 5.34473 4.79007 4.88653 5.06404 5.08382 4.70636 5.03926 4.99125 4.63826 4.7813 5.40588 4.72378 4.81638 4.71582 4.94016 4.50585 4.85952 5.01055 4.70332 4.97741 4.86449 5.00211 4.83615 4.93043 4.71809 4.72983 4.89988 4.79094 4.93459 4.91363 5.00921 

--------------------------------------
Time: 36.0105
Split Ratios: 1 1 1 1 1 1 1 1 1 1 1 1 1 1 1 1 1 1 1 1 1 1 1 1 1 1 1 1 1 1 1 1 1 1 1 1 1 1 1 1 
Delays: 0.00818294 0.00883995 0.00779078 0.0109056 0.0100773 0.00794154 0.0059453 0.0100326 0.0106758 0.00617391 0.00991407 0.00993849 0.00839866 0.00808872 0.0101427 0.0072014 0.00729939 0.0104461 0.00931709 0.00608034 0.00901566 0.00989795 0.0095893 0.00611568 0.0100124 0.00795085 0.00747959 0.0112748 0.00775298 0.00744198 0.00773552 0.00992738 0.00806034 0.00981861 0.00974405 0.0081735 0.0103924 0.00804459 0.00826555 0.00920152 
Throughputs: 1.29434 1.08134 1.01581 1.14688 0.999424 1.21242 1.04858 1.08134 1.03219 1.01581 1.42541 1.2288 1.21242 1.19603 1.29434 1.09773 1.29434 0.884736 1.60563 1.14688 1.31072 1.17965 0.98304 0.884736 0.950272 1.01581 1.06496 1.24518 1.16326 0.999424 0.786432 1.21242 1.35987 1.19603 1.09773 1.21242 1.27795 1.09773 1.29434 1.35987 
Utility: 5.0637 4.80668 4.8705 4.65552 4.59689 5.02826 5.17259 4.68013 4.57146 5.10311 4.96826 4.81738 4.9723 4.99629 4.849 5.02672 5.17796 4.43906 5.14942 5.23974 4.97937 4.78064 4.63 4.97443 4.55292 4.85016 4.95851 4.70447 5.01091 4.90004 4.62168 4.80507 5.12819 4.80249 4.72434 4.99947 4.81194 4.916 5.05366 4.99578 

