--------------------------------------
Time: 5.50002
Split Ratios: 1 1 1 1 1 0.333333 0.333333 0.333333 1 1 0.5 0.5 1 1 1 1 1 1 0.5 0.5 0.5 0.5 1 1 1 1 1 1 1 1 1 1 0.333333 0.333333 0.333333 1 1 
Delays: 0.00565772 0.00589317 0.00747881 0.00624666 0.00594228 0.00948774 0.00811184 0.0118362 0.0124136 0.0120745 0.00784566 0.00798281 0.00785004 0.00782366 0.00955267 0.01016 0.0139995 0.0141222 0.012774 0.00799452 0.00598376 0.00794641 0.0104663 0.00845997 0.0145044 0.0079894 0.00620987 0.0121523 0.00559267 0.00597716 
Throughputs: 1.24518 2.53952 2.12992 1.27795 2.24461 2.16269 1.17965 1.96608 1.90054 2.42483 3.04742 2.24461 1.09773 1.34349 1.04858 2.94912 2.09715 1.37626 1.67117 1.08134 1.27795 3.01466 1.52371 3.08019 1.78586 1.40902 2.89997 2.65421 1.78586 1.52371 
Utility: 5.39402 6.06594 5.65177 5.32097 5.93419 5.42911 4.97965 5.11263 5.0311 5.30242 5.96209 5.639 4.94048 5.14587 4.69837 5.67081 5.00931 4.57937 4.87387 4.9072 5.36397 5.93852 4.98075 5.8974 4.8132 5.17254 6.14631 5.38638 5.7662 5.54096 

--------------------------------------
Time: 6.00011
Split Ratios: 1 1 1 1 1 0.389 0.14 0.47 1 1 0.276 0.724 1 1 1 1 1 1 0.368 0.632 0.486 0.514 1 1 1 1 1 1 1 1 1 1 0.696 0.222 0.081 1 1 
Delays: 0.00565335 0.00612975 0.00749206 0.00601324 0.00597269 0.0098713 0.00824342 0.011709 0.0107033 0.0120506 0.00797936 0.00813682 0.00793895 0.00804762 0.00957035 0.00955121 0.0144099 0.0140817 0.0124525 0.00815661 0.00582385 0.00791685 0.0102313 0.00813209 0.0142336 0.00797618 0.00598684 0.0137466 0.00571046 0.00596204 
Throughputs: 1.26157 3.09658 2.17907 1.1305 2.01523 1.93331 1.08134 2.01523 2.08077 2.37568 3.11296 2.44122 1.21242 1.68755 1.27795 2.91635 1.85139 1.76947 1.55648 1.09773 1.11411 2.99827 1.68755 2.67059 1.70394 1.14688 2.7689 2.93274 2.65421 1.85139 
Utility: 5.40786 6.2249 5.67281 5.23645 5.82129 5.27736 4.87654 5.14813 5.26994 5.28393 5.96647 5.70385 5.02859 5.34566 4.89434 5.72142 4.85578 4.83356 4.82826 4.90217 5.25385 5.9368 5.10559 5.79424 4.78509 4.96834 6.13664 5.3629 6.1416 5.73828 

--------------------------------------
Time: 6.50018
Split Ratios: 1 1 1 1 1 0.389 0.14 0.47 1 1 0.276 0.724 1 1 1 1 1 1 0.368 0.632 0.486 0.514 1 1 1 1 1 1 1 1 1 1 0.696 0.222 0.081 1 1 
Delays: 0.00561816 0.00601068 0.00747029 0.00598915 0.00615485 0.00998227 0.00818335 0.0115793 0.0101722 0.0121427 0.00806813 0.00791503 0.00783262 0.00782364 0.00949291 0.00966584 0.014152 0.0137523 0.0125139 0.00791902 0.005805 0.00771431 0.0101342 0.00826123 0.0144779 0.00815711 0.00584788 0.0144404 0.00571051 0.00605121 
Throughputs: 1.27795 2.63782 1.93331 1.35987 2.47398 2.08077 1.34349 1.96608 1.9497 2.4576 2.78528 2.26099 0.966656 1.62202 0.802816 3.04742 1.88416 1.65478 1.55648 1.09773 1.49094 2.67059 1.72032 2.78528 1.60563 1.27795 2.80166 2.81805 2.3593 1.68755 
Utility: 5.42701 6.08417 5.55606 5.4252 5.99634 5.33968 5.10092 5.13458 5.25577 5.31021 5.84418 5.6548 4.81555 5.33428 4.43758 5.75345 4.89138 4.79022 4.82334 4.93173 5.54845 5.84698 5.13435 5.82053 4.70865 5.05412 6.17189 5.27377 6.02381 5.63078 

--------------------------------------
Time: 7.00023
Split Ratios: 1 1 1 1 1 0.389 0.14 0.47 1 1 0.276 0.724 1 1 1 1 1 1 0.368 0.632 0.486 0.514 1 1 1 1 1 1 1 1 1 1 0.696 0.222 0.081 1 1 
Delays: 0.00570847 0.00597025 0.00743828 0.00592988 0.00629049 0.0102681 0.00842664 0.011828 0.0102281 0.0118838 0.00827495 0.00806973 0.00804905 0.00801208 0.00958147 0.00978139 0.0141518 0.0143708 0.0123948 0.00812016 0.00589272 0.0079831 0.0103431 0.00821668 0.0147474 0.00796998 0.00609134 0.0141801 0.00568083 0.00622939 
Throughputs: 1.17965 2.85082 1.86778 1.16326 2.44122 2.24461 1.17965 2.01523 1.81862 2.44122 2.8672 2.57229 0.917504 1.62202 1.1305 3.09658 1.96608 1.50733 1.39264 1.08134 1.29434 2.7689 1.49094 2.85082 1.96608 1.3271 2.80166 2.93274 2.42483 1.60563 
Utility: 5.33102 6.16857 5.52586 5.27898 5.96121 5.38724 4.94157 5.13802 5.1807 5.32508 5.84786 5.76443 4.7361 5.31047 4.77058 5.75757 4.93396 4.6529 4.72168 4.89161 5.39204 5.84888 4.97084 5.84919 4.89273 5.11507 6.1311 5.33185 6.05642 5.55199 

--------------------------------------
Time: 7.50061
Split Ratios: 1 1 1 1 1 0.389 0.14 0.47 1 1 0.276 0.724 1 1 1 1 1 1 0.368 0.632 0.486 0.514 1 1 1 1 1 1 1 1 1 1 0.696 0.222 0.081 1 1 
Delays: 0.00569026 0.0060295 0.00745852 0.00603119 0.00607299 0.0101089 0.00836997 0.0119854 0.0103303 0.0120796 0.00816688 0.00788602 0.00821417 0.00785012 0.00978177 0.00948277 0.0144084 0.0140141 0.0125649 0.00797275 0.00599841 0.00774917 0.0102342 0.00814663 0.0143526 0.00817553 0.00583428 0.0138662 0.00563329 0.00625568 
Throughputs: 1.45818 2.85082 1.60563 0.999424 2.21184 1.85139 1.5401 2.17907 2.29376 2.39206 2.93274 2.42483 1.04858 1.70394 1.27795 2.91635 1.86778 1.55648 1.81862 1.03219 1.70394 2.53952 1.70394 2.42483 1.50733 1.35987 2.4576 2.58867 2.42483 1.88416 
Utility: 5.54619 6.1587 5.37192 5.11024 5.89773 5.21027 5.21495 5.20297 5.40287 5.28839 5.8836 5.72843 4.84933 5.38017 4.87249 5.72861 4.86469 4.71012 4.97492 4.86341 5.6492 5.79214 5.11496 5.69591 4.65416 5.114 6.04319 5.22945 6.06482 5.70775 

--------------------------------------
Time: 8.00062
Split Ratios: 1 1 1 1 1 0.389 0.14 0.47 1 1 0.276 0.724 1 1 1 1 1 1 0.368 0.632 0.486 0.514 1 1 1 1 1 1 1 1 1 1 0.696 0.222 0.081 1 1 
Delays: 0.00571662 0.00610142 0.00746395 0.00602514 0.00610611 0.00996176 0.00794286 0.0116151 0.010413 0.0117799 0.00799737 0.00796045 0.0082898 0.00792373 0.0095673 0.00974629 0.0143815 0.014211 0.0130905 0.00798963 0.00597692 0.0080116 0.0108893 0.00819684 0.0150017 0.00820871 0.00614565 0.0139746 0.00557727 0.00603462 
Throughputs: 1.2288 2.68698 2.01523 1.16326 2.50675 2.09715 1.26157 1.98246 1.99885 2.5559 2.70336 2.80166 1.14688 1.50733 1.14688 2.65421 1.85139 1.5401 1.72032 0.999424 1.37626 2.73613 2.06438 2.8672 1.6384 1.27795 2.75251 2.8672 2.21184 2.03162 
Utility: 5.37042 6.08765 5.59841 5.26304 6.01745 5.34958 5.06784 5.13979 5.25728 5.37977 5.82314 5.86348 4.92977 5.24823 4.78645 5.60701 4.85775 4.68559 4.87838 4.82903 5.43922 5.83341 5.24481 5.85734 4.69331 5.04782 6.10452 5.32385 5.98288 5.81907 

--------------------------------------
Time: 8.50084
Split Ratios: 1 1 1 1 1 0.389 0.14 0.47 1 1 0.276 0.724 1 1 1 1 1 1 0.368 0.632 0.486 0.514 1 1 1 1 1 1 1 1 1 1 0.696 0.222 0.081 1 1 
Delays: 0.00578403 0.00602772 0.00749224 0.00604987 0.00616289 0.00994642 0.00855836 0.0118463 0.0105748 0.0118254 0.00802759 0.00790951 0.0079431 0.00792329 0.00952908 0.0102755 0.0142592 0.0139084 0.012958 0.00815173 0.00602025 0.00825925 0.0106815 0.00823344 0.014783 0.00833382 0.00635662 0.0144013 0.00566355 0.00604535 
Throughputs: 1.29434 2.75251 1.9497 1.04858 2.39206 1.7367 1.44179 2.11354 2.11354 2.1463 2.91635 2.27738 0.950272 1.60563 1.04858 3.22765 2.16269 1.44179 1.93331 1.14688 1.31072 3.06381 1.76947 2.8672 1.83501 1.60563 2.88358 2.93274 2.03162 1.86778 
Utility: 5.41065 6.1239 5.56156 5.15515 5.96137 5.16253 5.12673 5.1841 5.29764 5.20125 5.8952 5.66271 4.78444 5.31147 4.70084 5.74974 5.02171 4.64115 5.00528 4.94657 5.3832 5.91608 5.10993 5.85289 4.82133 5.26095 6.11729 5.31637 5.88254 5.73321 

--------------------------------------
Time: 9.00086
Split Ratios: 1 1 1 1 1 0.389 0.14 0.47 1 1 0.276 0.724 1 1 1 1 1 1 0.368 0.632 0.486 0.514 1 1 1 1 1 1 1 1 1 1 0.696 0.222 0.081 1 1 
Delays: 0.00562071 0.00595031 0.00746814 0.0061941 0.00601692 0.0106407 0.00838037 0.0118153 0.0105192 0.0124911 0.00801374 0.00827759 0.00814808 0.0078186 0.00953138 0.0100921 0.0143145 0.0140689 0.0131563 0.00843266 0.00619399 0.00808186 0.0108617 0.00853617 0.0146157 0.00848055 0.00614252 0.0137296 0.00569647 0.00632414 
Throughputs: 1.26157 2.42483 1.81862 1.24518 2.21184 2.26099 1.24518 2.1463 2.21184 2.52314 2.9655 2.5559 1.09773 1.34349 1.11411 3.1785 1.81862 1.57286 1.9497 1.03219 1.35987 2.83443 1.86778 3.12934 1.65478 1.47456 2.93274 2.44122 2.57229 1.75309 
Utility: 5.41365 6.01007 5.49519 5.30344 5.90701 5.35887 5.00115 5.20211 5.34838 5.30824 5.91364 5.73261 4.90322 5.14652 4.76122 5.75241 4.84456 4.71669 4.99853 4.80733 5.39157 5.85997 5.14726 5.90427 4.72933 5.15834 6.16846 5.1807 6.1127 5.62476 

--------------------------------------
Time: 9.50088
Split Ratios: 1 1 1 1 1 0.389 0.14 0.47 1 1 0.276 0.724 1 1 1 1 1 1 0.368 0.632 0.486 0.514 1 1 1 1 1 1 1 1 1 1 0.696 0.222 0.081 1 1 
Delays: 0.00569641 0.00595037 0.00751612 0.00586699 0.00589337 0.0103622 0.00833904 0.0119299 0.0103525 0.0120757 0.00784334 0.00795871 0.00816002 0.00784243 0.00961511 0.00940173 0.0143285 0.0143334 0.0126455 0.00781942 0.00585535 0.00808579 0.0104161 0.00818955 0.0146745 0.00787504 0.0062294 0.014172 0.00567272 0.00658324 
Throughputs: 1.35987 2.71974 2.08077 1.21242 2.16269 1.91693 1.27795 1.96608 2.11354 2.50675 2.73613 2.52314 1.03219 1.40902 1.11411 3.03104 1.76947 1.68755 1.34349 1.01581 1.29434 2.81805 1.7367 2.81805 1.81862 1.3271 2.62144 2.70336 2.37568 1.62202 
Utility: 5.47531 6.12484 5.62344 5.33103 5.90528 5.22032 5.03207 5.10475 5.31889 5.33554 5.85463 5.75899 4.84019 5.1911 4.75248 5.77577 4.81619 4.76844 4.66572 4.86683 5.3984 5.85369 5.11639 5.84094 4.81972 5.12706 6.0422 5.25098 6.03737 5.5069 

--------------------------------------
Time: 10.001
Split Ratios: 1 1 1 1 1 0.389 0.14 0.47 1 1 0.276 0.724 1 1 1 1 1 1 0.368 0.632 0.486 0.514 1 1 1 1 1 1 1 1 1 1 0.696 0.222 0.081 1 1 
Delays: 0.00566411 0.00613402 0.00748596 0.00606851 0.00617364 0.00996975 0.00851418 0.0116647 0.0107775 0.0118747 0.0080299 0.0079501 0.00811324 0.00796154 0.0095477 0.00956272 0.0143851 0.0138303 0.0122542 0.00798416 0.0058881 0.00792397 0.0103546 0.00804312 0.0146073 0.00798408 0.00609848 0.0140781 0.0056047 0.00606051 
Throughputs: 1.37626 2.78528 1.75309 1.14688 2.49037 1.91693 1.27795 2.24461 1.85139 2.68698 3.03104 2.47398 1.1305 1.45818 0.933888 3.19488 1.68755 1.68755 1.80224 0.999424 1.35987 2.4576 1.65478 2.62144 1.68755 1.14688 2.70336 2.80166 2.12992 1.76947 
Utility: 5.49297 6.11825 5.45611 5.24169 5.9999 5.25892 5.01128 5.25972 5.14623 5.42176 5.93349 5.7404 4.93691 5.21032 4.58306 5.81143 4.76484 4.80417 4.99092 4.82972 5.44221 5.73705 5.07399 5.78666 4.74951 4.96735 6.09421 5.29335 5.94023 5.67664 

