--------------------------------------
Time: 5.50062
Split Ratios: 1 1 1 1 1 1 1 1 1 1 1 1 1 1 1 1 1 1 1 1 
Delays: 0.00766071 0.00782891 0.00739866 0.00899995 0.00774772 0.00925394 0.00698699 0.00981448 0.00876069 0.00759269 0.00751426 0.0106743 0.00577445 0.00960501 0.00766903 0.0069529 0.00933381 0.00776575 0.00973719 0.0087455 
Throughputs: 1.26157 1.16326 0.966656 0.966656 1.03219 1.14688 1.03219 0.950272 1.31072 1.04858 1.24518 0.950272 1.26157 1.16326 1.37626 1.03219 1.31072 1.11411 1.06496 1.17965 
Utility: 5.10401 5.00116 4.87254 4.67662 4.89204 4.81975 4.99539 4.57289 5.00806 4.928 5.11024 4.48891 5.38667 4.7967 5.18993 5.00028 4.94469 4.96609 4.69474 4.90443 

--------------------------------------
Time: 6.00099
Split Ratios: 1 1 1 1 1 1 1 1 1 1 1 1 1 1 1 1 1 1 1 1 
Delays: 0.00778055 0.00794669 0.00742584 0.0084903 0.00787701 0.00827069 0.00640779 0.00988906 0.00819707 0.00753787 0.00749193 0.0102576 0.00573262 0.00954534 0.00758294 0.00660927 0.0093014 0.00768128 0.00991174 0.00824448 
Throughputs: 1.01581 1.27795 1.08134 1.19603 1.1305 0.966656 1.06496 1.40902 0.950272 1.44179 1.08134 0.966656 1.27795 1.3271 1.17965 0.999424 1.08134 1.09773 0.933888 1.08134 
Utility: 4.87181 5.08026 4.98099 4.94784 4.96646 4.76112 5.11318 4.95922 4.75297 5.2537 4.97213 4.54582 5.40684 4.9347 5.04707 5.01871 4.7558 4.96221 4.54564 4.87642 

--------------------------------------
Time: 6.50178
Split Ratios: 1 1 1 1 1 1 1 1 1 1 1 1 1 1 1 1 1 1 1 1 
Delays: 0.00760461 0.00782226 0.00741807 0.00905716 0.00776164 0.00870674 0.00670088 0.00984854 0.00888148 0.00761133 0.00748148 0.010723 0.00570187 0.00946966 0.00779255 0.00671201 0.00944095 0.00777399 0.0100051 0.00902517 
Throughputs: 1.11411 1.49094 1.09773 1.06496 1.11411 1.04858 0.966656 1.27795 1.06496 1.03219 1.26157 1.26157 1.1305 1.06496 1.44179 1.1305 1.08134 1.01581 1.17965 1.06496 
Utility: 4.98706 5.25019 4.99708 4.76714 4.96662 4.79109 4.9716 4.86569 4.78672 4.9098 5.12768 4.76772 5.28962 4.7226 5.22047 5.12651 4.7409 4.87266 4.76988 4.77068 

--------------------------------------
Time: 7.002
Split Ratios: 1 1 1 1 1 1 1 1 1 1 1 1 1 1 1 1 1 1 1 1 
Delays: 0.00767043 0.00780495 0.00743266 0.00906826 0.00776625 0.00816269 0.0069213 0.00973004 0.00867004 0.00761531 0.00744759 0.0106447 0.00568462 0.00943264 0.00777459 0.00680517 0.00938883 0.00764844 0.00978761 0.00865905 
Throughputs: 1.06496 1.3271 1.27795 1.1305 1.14688 0.966656 1.06496 1.01581 0.90112 0.90112 1.06496 1.27795 1.1305 1.26157 1.49094 1.21242 1.21242 1.04858 1.14688 1.09773 
Utility: 4.93332 5.136 5.14713 4.82563 4.99501 4.77427 5.03609 4.64822 4.64377 4.77348 4.9628 4.78795 5.29265 4.89593 5.2563 5.18269 4.86085 4.92069 4.76368 4.84239 

--------------------------------------
Time: 7.50211
Split Ratios: 1 1 1 1 1 1 1 1 1 1 1 1 1 1 1 1 1 1 1 1 
Delays: 0.00762688 0.0078861 0.00742891 0.00917246 0.00771574 0.00909084 0.00716405 0.00996821 0.00922109 0.00767713 0.00750321 0.0109002 0.00578753 0.00940728 0.00766978 0.00731942 0.00933984 0.00778697 0.00969037 0.00955957 
Throughputs: 0.933888 1.1305 1.04858 1.01581 1.01581 1.2288 1.24518 1.19603 1.17965 1.17965 1.26157 1.44179 1.17965 1.08134 1.21242 1.31072 1.08134 1.24518 1.04858 0.966656 
Utility: 4.80768 4.96531 4.94981 4.70723 4.88018 4.90653 5.15796 4.78736 4.85148 5.03473 5.12478 4.88486 5.31727 4.74448 5.06308 5.1878 4.75167 5.07459 4.68406 4.6163 

--------------------------------------
Time: 8.00214
Split Ratios: 1 1 1 1 1 1 1 1 1 1 1 1 1 1 1 1 1 1 1 1 
Delays: 0.00760176 0.00773764 0.0074097 0.0089926 0.00772255 0.00918872 0.00730525 0.00979456 0.00913794 0.00752873 0.00750955 0.0110439 0.00572606 0.00947243 0.00762327 0.00688081 0.00930353 0.00755691 0.0095067 0.00920361 
Throughputs: 1.19603 1.2288 1.11411 1.03219 1.03219 1.16326 1.06496 1.17965 0.999424 0.933888 1.2288 1.37626 1.29434 1.16326 1.17965 1.34349 1.26157 1.06496 0.933888 1.04858 
Utility: 5.05838 5.0677 5.01302 4.74304 4.8953 4.84101 4.9821 4.79114 4.69474 4.82063 5.09762 4.82525 5.42072 4.8106 5.04177 5.27429 4.90972 4.94823 4.58736 4.73559 

--------------------------------------
Time: 8.50214
Split Ratios: 1 1 1 1 1 1 1 1 1 1 1 1 1 1 1 1 1 1 1 1 
Delays: 0.00757238 0.00769915 0.0074151 0.00845944 0.00780553 0.0083315 0.00669269 0.00982281 0.00863825 0.00758127 0.00752092 0.0103915 0.00574822 0.00953695 0.00761731 0.00622359 0.00935586 0.00757838 0.00967475 0.00828284 
Throughputs: 1.09773 1.27795 0.999424 0.802816 0.999424 1.19603 1.11411 1.03219 1.01581 1.17965 0.950272 1.1305 1.11411 1.29434 1.09773 1.03219 1.16326 1.01581 1.09773 1.19603 
Utility: 4.97649 5.1119 4.90366 4.55284 4.85235 4.96672 5.1148 4.65473 4.76724 5.04729 4.83906 4.68943 5.26692 4.91058 4.97057 5.11109 4.82298 4.89814 4.73148 4.97258 

--------------------------------------
Time: 9.00233
Split Ratios: 1 1 1 1 1 1 1 1 1 1 1 1 1 1 1 1 1 1 1 1 
Delays: 0.00771737 0.00770315 0.00741512 0.00862133 0.0077417 0.00891302 0.00664686 0.00982546 0.00898483 0.00755654 0.00756808 0.0104687 0.00569341 0.00945666 0.00763644 0.00662659 0.00929373 0.00770533 0.00971629 0.00859587 
Throughputs: 1.27795 1.49094 1.27795 0.950272 0.966656 0.851968 1.11411 1.29434 1.08134 1.29434 1.17965 1.35987 1.2288 1.04858 1.09773 0.966656 1.2288 1.01581 0.950272 1.03219 
Utility: 5.10954 5.26553 5.14949 4.70251 4.82722 4.56004 5.12167 4.88078 4.79042 5.14334 5.04903 4.86676 5.37448 4.70847 4.96807 4.98275 4.88445 4.88153 4.58294 4.78816 

--------------------------------------
Time: 9.50328
Split Ratios: 1 1 1 1 1 1 1 1 1 1 1 1 1 1 1 1 1 1 1 1 
Delays: 0.00769246 0.00777622 0.00739795 0.00921364 0.00772908 0.00892675 0.00724898 0.00974831 0.00891365 0.00759613 0.00748942 0.0109113 0.00577305 0.00954645 0.00755203 0.00701476 0.0093251 0.00759178 0.00954976 0.0084526 
Throughputs: 1.27795 1.3271 1.03219 1.08134 1.1305 1.27795 1.27795 0.98304 0.999424 1.14688 1.2288 1.19603 1.26157 1.09773 1.09773 1.16326 1.21242 1.24518 0.802816 0.868352 
Utility: 5.11277 5.13968 4.93824 4.76528 4.98542 4.96396 5.17215 4.61356 4.7196 5.01716 5.1003 4.69697 5.38691 4.74483 4.97918 5.11097 4.86766 5.09997 4.43161 4.63212 

--------------------------------------
Time: 10.0038
Split Ratios: 1 1 1 1 1 1 1 1 1 1 1 1 1 1 1 1 1 1 1 1 
Delays: 0.0076185 0.00775913 0.00743616 0.00890949 0.00780868 0.00892263 0.00695682 0.00993847 0.00894154 0.00757987 0.00750496 0.0105972 0.00575641 0.00949735 0.00769256 0.00679448 0.00932827 0.0077409 0.00989931 0.00893613 
Throughputs: 1.16326 1.26157 1.17965 1.19603 0.98304 1.03219 1.17965 1.21242 1.17965 1.27795 0.98304 1.35987 1.2288 1.1305 1.16326 0.966656 1.24518 1.11411 1.34349 0.933888 
Utility: 5.02841 5.09124 5.06662 4.89965 4.83541 4.75085 5.13325 4.80396 4.88226 5.12752 4.87509 4.85455 5.36348 4.7794 5.01873 4.95773 4.89399 4.96929 4.91056 4.64925 

--------------------------------------
Time: 10.5039
Split Ratios: 1 1 1 1 1 1 1 1 1 1 1 1 1 1 1 1 1 1 1 1 
Delays: 0.00773655 0.00778134 0.00739404 0.00967604 0.00774808 0.00953301 0.00800608 0.0100681 0.00960723 0.00754485 0.00750173 0.0116532 0.00568412 0.00951609 0.00778163 0.00789094 0.0093557 0.00760817 0.00968486 0.00964861 
Throughputs: 1.16326 1.11411 1.08134 0.884736 0.966656 1.01581 1.16326 1.11411 1.2288 1.17965 0.933888 1.37626 0.966656 1.26157 1.27795 1.45818 1.03219 1.29434 1.03219 0.933888 
Utility: 5.01303 4.96408 4.98529 4.51564 4.8264 4.66868 4.97878 4.70644 4.85128 5.05211 4.82422 4.77154 5.13617 4.88713 5.10125 5.21923 4.70345 5.13653 4.66888 4.57254 

--------------------------------------
Time: 11.0051
Split Ratios: 1 1 1 1 1 1 1 1 1 1 1 1 1 1 1 1 1 1 1 1 
Delays: 0.0077098 0.00781057 0.00739723 0.00907513 0.00788593 0.00895658 0.00711428 0.00967848 0.00902265 0.00758222 0.00750505 0.0105083 0.00574955 0.00960954 0.00763957 0.00678491 0.00939044 0.00782099 0.00963298 0.00887013 
Throughputs: 1.19603 1.34349 1.19603 1.16326 0.917504 1.19603 1.14688 1.04858 1.1305 1.2288 1.29434 1.21242 1.06496 1.21242 1.26157 0.884736 1.17965 1.14688 1.06496 1.17965 
Utility: 5.04427 5.14755 5.08566 4.85345 4.75658 4.89438 5.0827 4.68528 4.83067 5.08799 5.15018 4.7482 5.22157 4.83761 5.10677 4.87059 4.83328 4.98799 4.7055 4.89028 

--------------------------------------
Time: 11.5054
Split Ratios: 1 1 1 1 1 1 1 1 1 1 1 1 1 1 1 1 1 1 1 1 
Delays: 0.00752571 0.00758216 0.00743093 0.00893353 0.0077097 0.00884648 0.00729105 0.00980632 0.00887505 0.00745501 0.00741819 0.0107651 0.00570412 0.00970135 0.00771537 0.00707076 0.00933751 0.00752464 0.0095413 0.00891606 
Throughputs: 0.917504 1.24518 1.06496 1.04858 1.09773 1.27795 0.933888 0.884736 1.14688 0.950272 0.917504 1.45818 1.06496 1.40902 1.29434 0.90112 1.3271 1.03219 0.950272 1.1305 
Utility: 4.80333 5.10124 4.96504 4.76538 4.95852 4.97299 4.85271 4.50226 4.86156 4.84786 4.81772 4.90864 5.2295 4.97839 5.12254 4.84767 4.95671 4.92126 4.60112 4.84256 

--------------------------------------
Time: 12.0055
Split Ratios: 1 1 1 1 1 1 1 1 1 1 1 1 1 1 1 1 1 1 1 1 
Delays: 0.00774017 0.00789922 0.00746769 0.00999284 0.00783154 0.0096374 0.00735019 0.0098832 0.00973404 0.00752357 0.00741862 0.0112795 0.00572264 0.00949955 0.00760228 0.00748026 0.00933414 0.00768793 0.00973692 0.00983922 
Throughputs: 1.29434 1.5401 1.29434 1.01581 1.19603 0.999424 1.21242 0.917504 1.14688 1.16326 0.8192 1.42541 0.999424 1.21242 1.21242 1.21242 1.2288 1.29434 0.868352 1.31072 
Utility: 5.11933 5.27284 5.15517 4.62157 5.02861 4.64153 5.10564 4.53082 4.76917 5.04094 4.70434 4.83922 5.16275 4.84913 5.07192 5.0881 4.88012 5.1261 4.49067 4.89196 

--------------------------------------
Time: 12.5055
Split Ratios: 1 1 1 1 1 1 1 1 1 1 1 1 1 1 1 1 1 1 1 1 
Delays: 0.00759213 0.00775215 0.00741804 0.00894196 0.00783999 0.00906412 0.00730732 0.0098948 0.00910275 0.00761697 0.00748403 0.0109687 0.00577852 0.0094989 0.00755347 0.00713026 0.00935657 0.00763701 0.00982725 0.00921814 
Throughputs: 1.24518 1.2288 1.09773 0.950272 1.08134 1.19603 1.16326 1.55648 1.11411 0.966656 1.03219 1.17965 1.08134 1.17965 0.966656 1.2288 1.04858 1.03219 1.03219 0.90112 
Utility: 5.09993 5.06582 4.99708 4.66599 4.92672 4.88244 5.07011 5.05817 4.80724 4.84346 4.92667 4.67792 5.23181 4.8218 4.85184 5.14945 4.71911 4.90643 4.65428 4.58247 

--------------------------------------
Time: 13.0069
Split Ratios: 1 1 1 1 1 1 1 1 1 1 1 1 1 1 1 1 1 1 1 1 
Delays: 0.00766313 0.00780238 0.00739772 0.00908451 0.00778288 0.00891999 0.00732918 0.00987671 0.00910662 0.00750839 0.00752927 0.0107099 0.0057341 0.00949564 0.0076675 0.0070706 0.00934125 0.00778787 0.010075 0.00874441 
Throughputs: 1.24518 1.19603 1.17965 0.98304 1.11411 1.19603 1.2288 1.04858 0.802816 1.11411 1.40902 1.17965 1.17965 1.34349 1.3271 1.16326 1.08134 1.01581 1.1305 1.08134 
Utility: 5.09062 5.03234 5.0718 4.68408 4.96389 4.89847 5.12193 4.66501 4.47912 4.99979 5.23185 4.7018 5.32654 4.95219 5.15376 5.10304 4.75152 4.87087 4.72035 4.81755 

--------------------------------------
Time: 13.5078
Split Ratios: 1 1 1 1 1 1 1 1 1 1 1 1 1 1 1 1 1 1 1 1 
Delays: 0.00775765 0.00786396 0.0074256 0.0100994 0.00783658 0.0104649 0.008623 0.00994614 0.010012 0.00746777 0.0074769 0.01202 0.00570095 0.00949769 0.00770949 0.00856427 0.00935115 0.00761834 0.00969304 0.0102802 
Throughputs: 1.06496 1.42541 1.19603 1.19603 1.06496 1.04858 1.04858 1.24518 1.11411 1.1305 1.24518 1.62202 1.08134 1.29434 1.08134 1.09773 1.03219 0.917504 1.09773 1.39264 
Utility: 4.92201 5.19992 5.08183 4.77429 4.91189 4.60716 4.80076 4.82985 4.71203 5.01982 5.11522 4.90485 5.24533 4.9147 4.94351 4.8534 4.70394 4.7911 4.72959 4.90874 

--------------------------------------
Time: 14.008
Split Ratios: 1 1 1 1 1 1 1 1 1 1 1 1 1 1 1 1 1 1 1 1 
Delays: 0.00772066 0.0078578 0.00743271 0.00881326 0.0077824 0.00876935 0.00665532 0.00990077 0.00894779 0.00754872 0.00750217 0.0105167 0.00569058 0.00964874 0.0077357 0.00687506 0.00934262 0.0076735 0.00985155 0.00886579 
Throughputs: 1.35987 1.35987 1.26157 1.17965 0.98304 1.19603 1.11411 1.1305 0.884736 1.27795 1.04858 1.09773 1.2288 1.21242 1.19603 1.1305 1.31072 0.98304 1.19603 1.08134 
Utility: 5.17125 5.15364 5.13422 4.89671 4.83878 4.9155 5.1204 4.7378 4.59388 5.13164 4.94 4.64803 5.37498 4.83354 5.04092 5.10251 4.94374 4.85288 4.79914 4.80376 

--------------------------------------
Time: 14.5082
Split Ratios: 1 1 1 1 1 1 1 1 1 1 1 1 1 1 1 1 1 1 1 1 
Delays: 0.00774922 0.00787406 0.00745196 0.00912859 0.0077606 0.00941295 0.00735975 0.00986511 0.00942118 0.00748234 0.00748046 0.0114556 0.00576848 0.00966426 0.00766403 0.00737159 0.00930393 0.00779433 0.00969654 0.00925867 
Throughputs: 1.16326 1.26157 1.21242 0.98304 1.17965 1.16326 1.35987 1.1305 0.917504 1.1305 0.851968 1.19603 1.3271 1.35987 1.14688 1.03219 1.09773 1.3271 1.11411 0.999424 
Utility: 5.01139 5.07654 5.09189 4.67924 5.02391 4.8169 5.21912 4.74141 4.5787 5.01787 4.73525 4.64829 5.43835 4.94671 5.00826 4.94181 4.77056 5.13736 4.74404 4.68162 

--------------------------------------
Time: 15.0086
Split Ratios: 1 1 1 1 1 1 1 1 1 1 1 1 1 1 1 1 1 1 1 1 
Delays: 0.00768971 0.00774164 0.00744084 0.00949624 0.00769581 0.00900502 0.00720004 0.0100192 0.00920868 0.00749228 0.00745221 0.0110161 0.00575359 0.00953183 0.00767988 0.00723757 0.00939955 0.0076097 0.00978815 0.00886744 
Throughputs: 1.35987 1.31072 1.11411 1.35987 1.19603 1.2288 0.950272 0.966656 1.14688 0.90112 1.11411 1.29434 1.03219 1.11411 1.08134 1.09773 1.5401 1.19603 1.09773 1.09773 
Utility: 5.17526 5.13172 5.00883 4.96425 5.04609 4.91601 4.88266 4.56934 4.82465 4.78976 5.0073 4.76639 5.18962 4.76118 4.94736 5.02171 5.09894 5.05734 4.71983 4.81861 

--------------------------------------
Time: 15.5086
Split Ratios: 1 1 1 1 1 1 1 1 1 1 1 1 1 1 1 1 1 1 1 1 
Delays: 0.00757692 0.00774498 0.00739818 0.00875183 0.00774316 0.00886629 0.00680354 0.00985079 0.00888352 0.00761946 0.00758039 0.0105172 0.00579938 0.00949665 0.00762115 0.00670143 0.00931583 0.00753296 0.00961613 0.00874125 
Throughputs: 1.11411 1.27795 1.06496 0.950272 1.1305 0.868352 1.24518 1.01581 1.16326 1.27795 1.2288 1.11411 1.11411 1.37626 1.29434 1.08134 1.21242 1.04858 1.03219 1.31072 
Utility: 4.99071 5.10597 4.96946 4.68748 4.9836 4.58434 5.2096 4.63589 4.87479 5.12231 5.08823 4.6628 5.25806 4.97618 5.13483 5.08364 4.86866 4.9359 4.676 5.01028 

--------------------------------------
Time: 16.0087
Split Ratios: 1 1 1 1 1 1 1 1 1 1 1 1 1 1 1 1 1 1 1 1 
Delays: 0.00775604 0.00779385 0.00739761 0.00892088 0.00778171 0.0085024 0.00680117 0.00994064 0.00868826 0.00752419 0.00746601 0.0103274 0.00566441 0.00944838 0.00768213 0.00674297 0.00936394 0.00763631 0.00963809 0.00908196 
Throughputs: 1.19603 1.16326 0.98304 0.966656 0.933888 1.08134 1.09773 1.09773 0.966656 1.03219 1.11411 1.2288 1.34349 1.01581 1.01581 1.31072 0.98304 1.19603 1.06496 1.19603 
Utility: 5.03829 5.00565 4.88949 4.68545 4.78758 4.84561 5.0839 4.70437 4.71187 4.92132 5.00545 4.779 5.46882 4.6776 4.88454 5.26983 4.65378 5.05385 4.70497 4.88048 

--------------------------------------
Time: 16.5092
Split Ratios: 1 1 1 1 1 1 1 1 1 1 1 1 1 1 1 1 1 1 1 1 
Delays: 0.0077378 0.00776832 0.00741837 0.00897306 0.00760652 0.00919677 0.00715582 0.00982514 0.00947861 0.00756502 0.00748153 0.0113331 0.00571573 0.00955652 0.00760175 0.00706793 0.00937492 0.00763592 0.00975068 0.0093151 
Throughputs: 1.27795 1.37626 0.950272 1.2288 1.04858 1.40902 1.11411 1.1305 1.06496 1.06496 1.14688 1.39264 1.3271 1.26157 1.24518 0.950272 0.966656 0.90112 0.933888 0.999424 
Utility: 5.1069 5.17707 4.85279 4.91957 4.92618 5.0318 5.04789 4.74547 4.72165 4.94716 5.03236 4.81123 5.44753 4.88289 5.09866 4.90118 4.6358 4.77077 4.56202 4.67554 

--------------------------------------
Time: 17.0098
Split Ratios: 1 1 1 1 1 1 1 1 1 1 1 1 1 1 1 1 1 1 1 1 
Delays: 0.00775725 0.00771201 0.0074019 0.00941545 0.00778088 0.00934575 0.00754191 0.00966519 0.00944873 0.00750337 0.00755972 0.0110677 0.00583584 0.00945149 0.00757863 0.00735419 0.00925931 0.00761097 0.0095645 0.00951101 
Throughputs: 1.06496 1.1305 1.08134 0.950272 0.966656 1.01581 1.21242 1.03219 1.11411 1.14688 1.21242 1.27795 1.06496 1.01581 0.966656 1.11411 1.08134 1.08134 1.03219 1.17965 
Utility: 4.92206 4.98763 4.98422 4.6144 4.82217 4.68852 5.07989 4.67091 4.76993 5.02945 5.07754 4.74899 5.20667 4.67727 4.84851 5.02054 4.76033 4.95637 4.68138 4.82052 

--------------------------------------
Time: 17.5101
Split Ratios: 1 1 1 1 1 1 1 1 1 1 1 1 1 1 1 1 1 1 1 1 
Delays: 0.00767571 0.00780293 0.00742329 0.00893498 0.00774517 0.00886704 0.00732273 0.00972809 0.00908115 0.00751755 0.00746768 0.0106126 0.00574406 0.00947582 0.0076067 0.00694637 0.00935806 0.00768314 0.0096137 0.00914951 
Throughputs: 1.01581 0.999424 0.98304 1.03219 1.31072 1.19603 1.03219 1.08134 0.917504 1.16326 1.14688 1.2288 0.917504 1.2288 0.999424 1.1305 1.27795 0.98304 0.999424 1.35987 
Utility: 4.88538 4.85268 4.88603 4.74947 5.13126 4.90442 4.94846 4.71094 4.61546 5.04174 5.03422 4.75175 5.07349 4.86505 4.87815 5.09219 4.91678 4.85162 4.64399 5.00145 

--------------------------------------
Time: 18.0101
Split Ratios: 1 1 1 1 1 1 1 1 1 1 1 1 1 1 1 1 1 1 1 1 
Delays: 0.00781944 0.00757315 0.00743316 0.00907308 0.00767581 0.00923245 0.00714681 0.00978416 0.00912703 0.00754519 0.00745731 0.0105163 0.00574774 0.00941006 0.00764436 0.00691279 0.00942858 0.00770895 0.00968227 0.00904819 
Throughputs: 1.11411 1.14688 1.16326 0.98304 1.04858 1.37626 1.24518 1.21242 0.999424 1.26157 1.19603 1.11411 1.09773 1.34349 1.24518 1.21242 1.3271 1.16326 0.999424 1.06496 
Utility: 4.9592 5.02019 5.05303 4.68534 4.91711 5.0044 5.16037 4.81961 4.69594 5.1192 5.07757 4.66289 5.25219 4.96124 5.09307 5.167 4.94701 5.0166 4.63688 4.76813 

--------------------------------------
Time: 18.5101
Split Ratios: 1 1 1 1 1 1 1 1 1 1 1 1 1 1 1 1 1 1 1 1 
Delays: 0.0077792 0.00776378 0.00742358 0.00912066 0.00797344 0.00906746 0.00724618 0.0100771 0.00910607 0.00750395 0.00746506 0.0103959 0.0057278 0.00948619 0.00774066 0.00705385 0.00933516 0.00755475 0.00986084 0.00931023 
Throughputs: 1.21242 1.24518 1.40902 1.04858 1.08134 1.03219 0.999424 1.40902 1.14688 1.01581 1.21242 1.09773 1.09773 1.17965 1.11411 1.26157 1.14688 1.03219 1.08134 1.35987 
Utility: 5.04892 5.07757 5.24599 4.74465 4.90984 4.73475 4.9267 4.94039 4.83586 4.90801 5.09014 4.65959 5.25567 4.82313 4.96933 5.18654 4.81101 4.91726 4.69739 4.98403 

--------------------------------------
Time: 19.0111
Split Ratios: 1 1 1 1 1 1 1 1 1 1 1 1 1 1 1 1 1 1 1 1 
Delays: 0.00767681 0.00775879 0.0074283 0.00870893 0.00780175 0.008625 0.00689513 0.00979271 0.00911464 0.00755513 0.00754871 0.0105586 0.00579649 0.00944638 0.00763818 0.00636383 0.00932724 0.00761544 0.00965881 0.00865172 
Throughputs: 1.44179 1.09773 1.16326 1.08134 1.01581 1.17965 1.14688 1.03219 1.06496 1.31072 1.11411 1.06496 1.44179 0.999424 1.03219 1.04858 1.11411 1.09773 1.21242 1.08134 
Utility: 5.23544 4.95217 5.05369 4.82161 4.86909 4.91831 5.11398 4.6578 4.76081 5.15611 4.99444 4.61376 5.51639 4.66155 4.90628 5.10456 4.78287 4.97082 4.8325 4.8282 

--------------------------------------
Time: 19.5115
Split Ratios: 1 1 1 1 1 1 1 1 1 1 1 1 1 1 1 1 1 1 1 1 
Delays: 0.00759082 0.00771719 0.0074217 0.00902199 0.00769555 0.0086596 0.00703865 0.00981932 0.00903641 0.00757378 0.00748701 0.0106493 0.00571872 0.00960136 0.00762568 0.00695738 0.00933783 0.00769459 0.00973275 0.0086027 
Throughputs: 1.16326 1.34349 1.2288 1.11411 1.19603 1.31072 1.08134 1.06496 1.17965 1.17965 1.3271 1.08134 1.2288 1.11411 1.37626 0.999424 1.1305 1.34349 0.868352 0.8192 
Utility: 5.03205 5.15957 5.10938 4.81615 5.04612 5.01966 5.03454 4.68634 4.87171 5.04828 5.17758 4.62046 5.37005 4.75391 5.1956 4.96738 4.79634 5.16251 4.4911 4.55625 

--------------------------------------
Time: 20.0121
Split Ratios: 1 1 1 1 1 1 1 1 1 1 1 1 1 1 1 1 1 1 1 1 
Delays: 0.00774656 0.00783343 0.00741124 0.00966771 0.0077505 0.00952563 0.00769121 0.00981609 0.00963796 0.00748939 0.00755843 0.0108273 0.00575448 0.0096797 0.00767733 0.00728039 0.00930687 0.00766096 0.00969131 0.0093393 
Throughputs: 1.08134 1.14688 1.17965 1.16326 0.8192 1.27795 1.27795 1.19603 1.09773 1.06496 1.24518 1.21242 1.34349 1.31072 1.29434 1.01581 1.1305 1.24518 0.999424 1.34349 
Utility: 4.93871 4.9864 5.06997 4.79019 4.66057 4.89903 5.11294 4.80274 4.73529 4.9572 5.10438 4.7183 5.45305 4.9083 5.12748 4.93826 4.79966 5.0909 4.63595 4.96879 

--------------------------------------
Time: 20.5122
Split Ratios: 1 1 1 1 1 1 1 1 1 1 1 1 1 1 1 1 1 1 1 1 
Delays: 0.00772031 0.0079034 0.00742919 0.00979705 0.007819 0.00968312 0.00809113 0.00984043 0.00959862 0.00747862 0.00751778 0.0119525 0.00571608 0.00960766 0.00759475 0.00811929 0.00936114 0.00768728 0.00979374 0.00994312 
Throughputs: 1.37626 1.2288 1.2288 1.11411 0.98304 1.31072 0.933888 1.01581 1.06496 1.03219 1.2288 1.27795 1.14688 1.29434 1.01581 1.1305 1.1305 1.27795 1.16326 0.933888 
Utility: 5.18327 5.0465 5.10838 4.73373 4.83409 4.90795 4.74859 4.63694 4.70907 4.92739 5.09652 4.67208 5.30152 4.90319 4.89598 4.93617 4.79384 5.11345 4.77724 4.54248 

--------------------------------------
Time: 21.0128
Split Ratios: 1 1 1 1 1 1 1 1 1 1 1 1 1 1 1 1 1 1 1 1 
Delays: 0.00775684 0.00776112 0.00738455 0.00933555 0.00781232 0.0090546 0.00746693 0.00983415 0.00886271 0.00757702 0.00743188 0.0107856 0.00566889 0.00952988 0.00763411 0.00686508 0.00931391 0.00763423 0.00947782 0.00909836 
Throughputs: 1.26157 1.08134 1.27795 1.03219 0.98304 1.24518 1.27795 1.03219 1.24518 1.31072 0.98304 1.27795 1.17965 1.24518 1.08134 0.851968 0.868352 1.16326 0.851968 1.03219 
Utility: 5.09154 4.93683 5.15362 4.70561 4.83495 4.92377 5.14253 4.65358 4.94519 5.15321 4.88487 4.77481 5.33798 4.87261 4.95333 4.8211 4.53509 5.02634 4.4986 4.73135 

--------------------------------------
Time: 21.5129
Split Ratios: 1 1 1 1 1 1 1 1 1 1 1 1 1 1 1 1 1 1 1 1 
Delays: 0.00761757 0.00778076 0.00740187 0.00947817 0.00774942 0.00906731 0.00758484 0.00986433 0.00895594 0.00756337 0.0074934 0.0112877 0.00573209 0.00950379 0.00768781 0.00691914 0.0093742 0.00771356 0.00979837 0.00898865 
Throughputs: 1.08134 1.29434 1.04858 1.27795 0.933888 1.27795 0.966656 0.933888 1.45818 1.3271 0.917504 1.06496 1.31072 1.06496 1.09773 1.09773 1.16326 1.08134 1.14688 1.06496 
Utility: 4.9555 5.1141 4.95346 4.90402 4.79174 4.94834 4.84769 4.55043 5.09262 5.16744 4.80763 4.54698 5.43225 4.719 4.96136 5.06671 4.82102 4.94298 4.76258 4.77473 

--------------------------------------
Time: 22.0138
Split Ratios: 1 1 1 1 1 1 1 1 1 1 1 1 1 1 1 1 1 1 1 1 
Delays: 0.00766922 0.00777082 0.00739847 0.00943408 0.00781946 0.00993263 0.00775375 0.00984245 0.00972909 0.00755569 0.00749322 0.0113298 0.00570571 0.00950297 0.00771101 0.00788259 0.00928421 0.00755365 0.00969049 0.00955566 
Throughputs: 1.39264 1.27795 0.999424 1.09773 1.01581 1.34349 0.999424 1.19603 1.3271 1.2288 0.999424 1.2288 1.16326 1.14688 1.11411 1.21242 0.999424 0.98304 1.01581 1.19603 
Utility: 5.20174 5.10264 4.90591 4.75667 4.86682 4.9072 4.859 4.80006 4.91563 5.09149 4.89318 4.68636 5.31752 4.7932 4.97316 5.03571 4.67886 4.86862 4.65229 4.82963 

--------------------------------------
Time: 22.5139
Split Ratios: 1 1 1 1 1 1 1 1 1 1 1 1 1 1 1 1 1 1 1 1 
Delays: 0.00770217 0.00778212 0.00737774 0.00980511 0.00773714 0.0100113 0.00800858 0.00988982 0.0102922 0.00754248 0.00748485 0.011184 0.00569968 0.00951232 0.00770792 0.00779387 0.00936522 0.00758868 0.00971954 0.00976987 
Throughputs: 1.29434 1.16326 1.06496 0.950272 0.884736 1.27795 1.11411 1.17965 1.09773 0.966656 1.08134 1.14688 1.16326 1.17965 1.39264 1.34349 1.17965 0.917504 0.933888 1.16326 
Utility: 5.12425 5.00716 4.97223 4.57384 4.73926 4.8493 4.9353 4.78147 4.66962 4.85329 4.97308 4.63032 5.31857 4.82038 5.19671 5.14969 4.83597 4.795 4.56522 4.77968 

--------------------------------------
Time: 23.0144
Split Ratios: 1 1 1 1 1 1 1 1 1 1 1 1 1 1 1 1 1 1 1 1 
Delays: 0.00767417 0.00778697 0.00740862 0.0089701 0.00766626 0.00847517 0.00718123 0.00972959 0.00896238 0.00757965 0.00749941 0.0107372 0.00567208 0.00950031 0.0076152 0.00710187 0.00925636 0.00773534 0.00960359 0.00882781 
Throughputs: 1.40902 0.933888 0.933888 1.16326 0.933888 1.40902 1.27795 1.21242 0.999424 1.17965 1.09773 1.08134 1.26157 1.16326 1.26157 1.21242 1.08134 1.27795 0.884736 1.01581 
Utility: 5.21279 4.7869 4.83671 4.86509 4.80253 5.11351 5.18154 4.8252 4.71414 5.0475 4.98617 4.61225 5.40456 4.80766 5.10996 5.14001 4.76065 5.10722 4.52315 4.74553 

--------------------------------------
Time: 23.5145
Split Ratios: 1 1 1 1 1 1 1 1 1 1 1 1 1 1 1 1 1 1 1 1 
Delays: 0.00766912 0.00776795 0.00743533 0.00906576 0.00799975 0.00865863 0.00666171 0.00987203 0.00876489 0.00756691 0.00754599 0.0105558 0.0057751 0.0094974 0.00780185 0.00666136 0.00935924 0.00753061 0.00966714 0.0089807 
Throughputs: 1.09773 1.16326 1.17965 1.2288 1.01581 1.2288 1.14688 1.21242 1.08134 1.06496 1.37626 1.11411 1.42541 0.950272 1.11411 1.24518 1.16326 1.24518 0.884736 1.11411 
Utility: 4.9638 5.00898 5.06673 4.90929 4.84403 4.95524 5.14842 4.81067 4.81521 4.94691 5.20611 4.65914 5.50866 4.60573 4.96145 5.23072 4.82262 5.10806 4.51656 4.82074 

--------------------------------------
Time: 24.0146
Split Ratios: 1 1 1 1 1 1 1 1 1 1 1 1 1 1 1 1 1 1 1 1 
Delays: 0.0078005 0.00775637 0.00741503 0.00971965 0.00773606 0.010017 0.00787582 0.00974693 0.00947325 0.00759051 0.00754841 0.0116112 0.00576705 0.00948799 0.00768593 0.00792446 0.00931369 0.00766019 0.00960864 0.00981549 
Throughputs: 1.26157 1.31072 1.04858 1.21242 1.17965 1.17965 1.35987 1.29434 1.04858 0.884736 1.35987 1.39264 1.21242 1.1305 1.09773 1.17965 1.24518 1.17965 1.03219 1.37626 
Utility: 5.08592 5.12982 4.95168 4.82622 5.02708 4.76869 5.15135 4.8888 4.70672 4.75839 5.19381 4.78698 5.34821 4.78038 4.96161 5.00302 4.89555 5.03693 4.67678 4.94316 

--------------------------------------
Time: 24.5152
Split Ratios: 1 1 1 1 1 1 1 1 1 1 1 1 1 1 1 1 1 1 1 1 
Delays: 0.00770723 0.00785126 0.00743909 0.00928363 0.0077409 0.00899171 0.00725553 0.00973879 0.00891781 0.00751771 0.00744697 0.0107813 0.00574894 0.00948989 0.00766754 0.00695988 0.00935018 0.00764105 0.00970694 0.00902087 
Throughputs: 1.44179 1.37626 1.11411 1.37626 1.01581 1.08134 1.1305 0.999424 1.1305 1.09773 1.01581 1.04858 1.29434 1.11411 1.06496 1.16326 1.19603 1.14688 1.03219 0.98304 
Utility: 5.23148 5.16645 5.00906 4.99887 4.87692 4.78966 5.04865 4.63106 4.84236 4.98374 4.91563 4.57738 5.41674 4.76559 4.9337 5.11882 4.85137 5.01126 4.6666 4.69111 

--------------------------------------
Time: 25.0153
Split Ratios: 1 1 1 1 1 1 1 1 1 1 1 1 1 1 1 1 1 1 1 1 
Delays: 0.00762587 0.00771158 0.00742664 0.00862274 0.00769185 0.00856664 0.00695866 0.00974579 0.00840165 0.0075193 0.00745926 0.0104782 0.00571804 0.00947426 0.0076527 0.0067659 0.00935958 0.00754837 0.00978856 0.00862135 
Throughputs: 1.27795 1.24518 1.06496 1.01581 0.950272 1.09773 1.26157 1.1305 1.01581 1.06496 0.98304 1.27795 1.26157 1.42541 1.37626 0.884736 1.11411 0.999424 0.917504 0.868352 
Utility: 5.12147 5.08431 4.96562 4.76904 4.81659 4.85312 5.20012 4.75358 4.79501 4.95322 4.88119 4.80371 5.39649 5.01363 5.19206 4.87339 4.77941 4.88585 4.54044 4.61236 

--------------------------------------
Time: 25.5153
Split Ratios: 1 1 1 1 1 1 1 1 1 1 1 1 1 1 1 1 1 1 1 1 
Delays: 0.00769921 0.00768441 0.0074585 0.00942818 0.00768896 0.00877775 0.00708376 0.00988219 0.00894039 0.00748273 0.00755143 0.0108274 0.00578797 0.0095556 0.00763884 0.0071409 0.0094149 0.00766678 0.00970422 0.009069 
Throughputs: 1.35987 1.3271 1.19603 1.06496 0.999424 1.2288 1.11411 1.08134 1.03219 1.04858 1.01581 1.39264 1.3271 1.24518 0.884736 1.03219 1.14688 1.1305 1.03219 0.90112 
Utility: 5.17403 5.15156 5.07741 4.72699 4.86739 4.94157 5.05801 4.69523 4.74886 4.94259 4.9017 4.85687 5.43497 4.86991 4.75204 4.9736 4.80251 4.99352 4.66688 4.59878 

--------------------------------------
Time: 26.0155
Split Ratios: 1 1 1 1 1 1 1 1 1 1 1 1 1 1 1 1 1 1 1 1 
Delays: 0.00770868 0.00781457 0.00742413 0.00859974 0.00780739 0.00839837 0.00669798 0.0098022 0.00828838 0.00756683 0.00752025 0.0101116 0.00571973 0.00962773 0.00777685 0.00643239 0.00926825 0.00758384 0.00961405 0.00832834 
Throughputs: 1.08134 1.34349 1.3271 1.14688 1.1305 0.917504 0.868352 1.09773 1.04858 1.06496 1.16326 0.868352 1.04858 1.27795 1.19603 1.06496 1.19603 1.14688 1.21242 1.03219 
Utility: 4.94361 5.14704 5.18602 4.89307 4.97534 4.69362 4.86479 4.71839 4.84033 4.94692 5.04139 4.45291 5.21127 4.88837 5.03561 5.10935 4.86017 5.01878 4.83714 4.81978 

--------------------------------------
Time: 26.5158
Split Ratios: 1 1 1 1 1 1 1 1 1 1 1 1 1 1 1 1 1 1 1 1 
Delays: 0.00773772 0.00787096 0.00741296 0.00895576 0.00799973 0.00882701 0.00668066 0.00990781 0.00841187 0.00756904 0.00745739 0.0101655 0.00571474 0.00951484 0.00761707 0.00649624 0.00936867 0.00763235 0.0101629 0.00897364 
Throughputs: 1.29434 1.49094 1.03219 1.19603 0.999424 0.950272 1.27795 1.24518 0.917504 0.950272 0.917504 1.16326 1.24518 1.21242 1.34349 1.06496 1.08134 1.21242 1.24518 1.16326 
Utility: 5.11965 5.24398 4.93621 4.89447 4.82777 4.67893 5.2538 4.83372 4.69201 4.83268 4.81245 4.73999 5.38399 4.84752 5.17263 5.09947 4.74859 5.06797 4.80829 4.86469 

--------------------------------------
Time: 27.016
Split Ratios: 1 1 1 1 1 1 1 1 1 1 1 1 1 1 1 1 1 1 1 1 
Delays: 0.00768376 0.00810719 0.00745969 0.00929278 0.00788851 0.00875116 0.00744745 0.0103211 0.00881918 0.00747349 0.00753683 0.0107196 0.00584248 0.00953435 0.00768037 0.00698431 0.00926722 0.00758579 0.00989837 0.00910374 
Throughputs: 1.37626 1.52371 1.35987 1.06496 0.966656 0.98304 1.19603 1.49094 0.786432 0.933888 1.09773 1.04858 1.21242 1.06496 1.19603 1.44179 0.966656 0.933888 1.11411 1.2288 
Utility: 5.18801 5.23615 5.20563 4.74145 4.80844 4.72146 5.07889 4.97298 4.49058 4.82799 4.9812 4.58312 5.33522 4.71579 5.0481 5.32998 4.64736 4.81308 4.72344 4.90511 

--------------------------------------
Time: 27.5161
Split Ratios: 1 1 1 1 1 1 1 1 1 1 1 1 1 1 1 1 1 1 1 1 
Delays: 0.00778629 0.00788113 0.00743168 0.00984054 0.00788231 0.00950364 0.00735337 0.0101383 0.00965823 0.00756818 0.00752926 0.0109845 0.00573891 0.00947078 0.00770647 0.00810397 0.00938594 0.00768679 0.00979335 0.00937519 
Throughputs: 1.14688 1.49094 1.34349 0.999424 0.884736 1.27795 1.11411 1.08134 1.04858 1.08134 1.11411 1.1305 1.09773 1.2288 0.98304 1.2288 1.19603 1.03219 1.3271 1.08134 
Utility: 4.99244 5.24269 5.19727 4.62067 4.72067 4.90134 5.02065 4.66964 4.68738 4.96201 4.99702 4.63393 5.25373 4.86558 4.84859 5.02144 4.84755 4.89994 4.90905 4.74789 

--------------------------------------
Time: 28.0161
Split Ratios: 1 1 1 1 1 1 1 1 1 1 1 1 1 1 1 1 1 1 1 1 
Delays: 0.00768337 0.00783361 0.00743838 0.00900557 0.00776143 0.00823051 0.00675512 0.00991929 0.00870872 0.00756646 0.00746473 0.0108052 0.00570826 0.00968289 0.00763267 0.00656119 0.00933197 0.00768088 0.00954508 0.00910152 
Throughputs: 1.39264 1.19603 1.03219 1.04858 1.09773 1.03219 1.17965 1.06496 1.09773 1.24518 0.950272 1.14688 1.21242 1.26157 1.2288 1.11411 0.851968 1.17965 0.950272 0.999424 
Utility: 5.1999 5.02834 4.93279 4.75735 4.95183 4.83159 5.16267 4.67621 4.83667 5.10331 4.84656 4.66477 5.35846 4.86975 5.08136 5.13464 4.5141 5.03424 4.60072 4.69874 

--------------------------------------
Time: 28.5162
Split Ratios: 1 1 1 1 1 1 1 1 1 1 1 1 1 1 1 1 1 1 1 1 
Delays: 0.00787315 0.00789141 0.00740865 0.00967811 0.00787965 0.0090606 0.00725475 0.010021 0.00910549 0.00757555 0.00751022 0.0108986 0.00575093 0.00952304 0.00764655 0.00715265 0.00932949 0.00780286 0.0098499 0.00932205 
Throughputs: 1.42541 1.03219 1.04858 1.09773 1.14688 1.19603 1.04858 1.3271 0.950272 0.933888 1.2288 1.14688 1.40902 1.19603 0.999424 0.999424 1.3271 1.16326 1.17965 1.08134 
Utility: 5.19876 4.87367 4.95254 4.73113 4.98052 4.88283 4.97353 4.88607 4.64787 4.81443 5.09753 4.65617 5.50129 4.83305 4.87292 4.9397 4.95757 5.00449 4.78551 4.75358 

--------------------------------------
Time: 29.0183
Split Ratios: 1 1 1 1 1 1 1 1 1 1 1 1 1 1 1 1 1 1 1 1 
Delays: 0.007761 0.00779259 0.00741675 0.00951648 0.00775053 0.00972289 0.00776016 0.00996399 0.00982286 0.00752659 0.00750079 0.0115514 0.00573186 0.00964052 0.0079181 0.00772741 0.00937805 0.00774874 0.00970669 0.00924233 
Throughputs: 1.26157 1.01581 1.21242 1.16326 1.14688 1.03219 0.98304 1.09773 1.2288 1.19603 0.966656 1.3271 1.16326 1.37626 1.24518 1.11411 1.16326 1.21242 1.09773 1.09773 
Utility: 5.091 4.87027 5.09663 4.80596 4.99704 4.66496 4.84165 4.70202 4.82908 5.06832 4.85883 4.74394 5.31295 4.96115 5.05789 4.97104 4.82061 5.05284 4.72818 4.7772 

--------------------------------------
Time: 29.5187
Split Ratios: 1 1 1 1 1 1 1 1 1 1 1 1 1 1 1 1 1 1 1 1 
Delays: 0.00763437 0.00758241 0.00739004 0.00930652 0.00771321 0.00901551 0.00727992 0.00973939 0.00897682 0.00759176 0.00754417 0.0106035 0.00586582 0.00956582 0.00758277 0.00684717 0.00937357 0.00760005 0.00955377 0.00903718 
Throughputs: 1.31072 1.08134 0.933888 1.1305 0.90112 1.04858 1.01581 1.11411 1.26157 1.1305 1.29434 1.45818 1.09773 1.21242 1.27795 1.08134 1.26157 1.08134 0.950272 0.98304 
Utility: 5.14567 4.96013 4.83922 4.7997 4.7607 4.75624 4.93832 4.73963 4.94547 5.00335 5.14498 4.92376 5.23186 4.84217 5.12713 5.06212 4.90222 4.9578 4.59981 4.6893 

--------------------------------------
Time: 30.0191
Split Ratios: 1 1 1 1 1 1 1 1 1 1 1 1 1 1 1 1 1 1 1 1 
Delays: 0.00779142 0.00769384 0.0074127 0.00928157 0.00766395 0.00886137 0.00673615 0.00979141 0.00846844 0.00753354 0.0074344 0.0104193 0.00564779 0.00949277 0.00767778 0.00687688 0.00931622 0.00771063 0.0097095 0.00867759 
Throughputs: 1.1305 1.04858 1.17965 1.2288 1.01581 1.03219 1.40902 1.03219 1.04858 1.03219 0.999424 1.06496 0.950272 1.17965 1.01581 1.01581 1.29434 1.06496 0.835584 1.03219 
Utility: 4.97739 4.91477 5.06978 4.88576 4.88691 4.75774 5.34316 4.65793 4.81884 4.92007 4.90106 4.62703 5.12548 4.82244 4.88511 4.99527 4.934 4.92809 4.45503 4.7787 

--------------------------------------
Time: 30.5196
Split Ratios: 1 1 1 1 1 1 1 1 1 1 1 1 1 1 1 1 1 1 1 1 
Delays: 0.00779523 0.00768835 0.00741531 0.00880591 0.00764392 0.00866168 0.0070898 0.0098893 0.00858275 0.00757135 0.00758029 0.0107742 0.00581575 0.0094982 0.00767896 0.00696551 0.00928579 0.00761538 0.00965901 0.00881692 
Throughputs: 1.37626 1.21242 1.14688 1.01581 0.98304 1.42541 1.2288 1.39264 1.06496 1.17965 1.08134 1.09773 1.37626 1.11411 1.21242 1.03219 1.16326 1.1305 0.835584 0.770048 
Utility: 5.17361 5.06066 5.04125 4.74802 4.85674 5.10331 5.15514 4.9475 4.82094 5.0486 4.96041 4.62384 5.46655 4.76471 5.06189 4.99847 4.8305 5.00024 4.46024 4.46978 

--------------------------------------
Time: 31.0199
Split Ratios: 1 1 1 1 1 1 1 1 1 1 1 1 1 1 1 1 1 1 1 1 
Delays: 0.00770844 0.00787524 0.00745207 0.00898369 0.00777901 0.00904092 0.00720204 0.00995036 0.00928182 0.0075504 0.00758591 0.0111966 0.00587012 0.00956411 0.00762002 0.00709244 0.0092825 0.00762891 0.00976038 0.00916465 
Throughputs: 1.04858 1.27795 1.29434 1.21242 1.01581 1.21242 1.06496 1.14688 1.2288 1.1305 1.21242 1.26157 1.24518 1.19603 1.16326 1.16326 0.966656 1.08134 0.950272 0.98304 
Utility: 4.91287 5.08929 5.15726 4.90496 4.87201 4.89861 4.99633 4.74719 4.88574 5.00881 5.07408 4.7245 5.35716 4.82875 5.02821 5.09996 4.64571 4.95401 4.57842 4.6753 

--------------------------------------
Time: 31.5203
Split Ratios: 1 1 1 1 1 1 1 1 1 1 1 1 1 1 1 1 1 1 1 1 
Delays: 0.00762504 0.00787709 0.00742347 0.00853997 0.0078125 0.00842656 0.00683921 0.00992305 0.00874166 0.00754918 0.00746866 0.0103461 0.0057916 0.00951581 0.00766079 0.00682317 0.00933287 0.00769089 0.00974877 0.00853945 
Throughputs: 1.11411 1.17965 1.01581 0.851968 0.884736 0.98304 1.16326 1.37626 1.21242 1.29434 0.966656 1.04858 1.39264 1.06496 1.26157 0.999424 1.06496 1.11411 0.917504 0.950272 
Utility: 4.98437 5.00901 4.91879 4.60279 4.72956 4.75926 5.13631 4.93226 4.93227 5.14431 4.86313 4.61858 5.48255 4.71774 5.104 4.98685 4.73715 4.97578 4.54452 4.71205 

--------------------------------------
Time: 32.0207
Split Ratios: 1 1 1 1 1 1 1 1 1 1 1 1 1 1 1 1 1 1 1 1 
Delays: 0.0076833 0.00769208 0.00744857 0.00884469 0.00761575 0.00874351 0.00696823 0.0096148 0.00893728 0.00753765 0.00749918 0.010633 0.00574021 0.00950438 0.00762166 0.00667485 0.00932561 0.00768863 0.00967536 0.00890423 
Throughputs: 1.08134 1.27795 1.3271 0.8192 1.04858 1.24518 1.08134 0.999424 1.31072 1.19603 1.35987 1.16326 1.39264 1.70394 1.3271 1.2288 1.09773 1.3271 0.950272 0.98304 
Utility: 4.94691 5.11282 5.18273 4.52851 4.92497 4.95873 5.0446 4.64388 4.9881 5.06685 5.20035 4.69502 5.49146 5.18894 5.15976 5.21545 4.76823 5.15101 4.58717 4.70412 

--------------------------------------
Time: 32.5213
Split Ratios: 1 1 1 1 1 1 1 1 1 1 1 1 1 1 1 1 1 1 1 1 
Delays: 0.00764304 0.00780067 0.00743577 0.00900636 0.00789861 0.00854848 0.00693862 0.00974145 0.00899764 0.00758345 0.00743582 0.0105766 0.00571149 0.00952899 0.00758078 0.0070144 0.00935819 0.00763184 0.00966147 0.008863 
Throughputs: 1.26157 1.27795 0.98304 1.19603 1.21242 1.09773 1.08134 1.04858 1.17965 1.06496 0.917504 1.40902 1.04858 1.14688 1.14688 1.01581 1.1305 0.884736 1.1305 0.950272 
Utility: 5.10632 5.0988 4.88435 4.88883 5.03368 4.85524 5.04886 4.6788 4.87601 4.94472 4.81535 4.89201 5.21271 4.79046 5.01918 4.97547 4.79416 4.75296 4.76227 4.67486 

--------------------------------------
Time: 33.0221
Split Ratios: 1 1 1 1 1 1 1 1 1 1 1 1 1 1 1 1 1 1 1 1 
Delays: 0.00770596 0.00807577 0.00739399 0.00928332 0.00797166 0.00893709 0.00715446 0.00974795 0.00898093 0.00757954 0.00757259 0.0106902 0.0057636 0.00961806 0.00764039 0.00689901 0.00936429 0.00772153 0.0098354 0.00910227 
Throughputs: 1.19603 0.98304 1.21242 1.09773 1.1305 1.17965 0.966656 1.09773 1.19603 1.04858 1.40902 1.14688 1.34349 1.06496 1.04858 1.09773 1.26157 1.19603 1.06496 1.09773 
Utility: 5.04477 4.80178 5.0997 4.77278 4.95452 4.88276 4.90611 4.72394 4.89166 4.92974 5.22612 4.67547 5.45146 4.70705 4.92174 5.06962 4.90321 5.04275 4.6847 4.79247 

--------------------------------------
Time: 33.5226
Split Ratios: 1 1 1 1 1 1 1 1 1 1 1 1 1 1 1 1 1 1 1 1 
Delays: 0.00782872 0.00777794 0.0074402 0.00858427 0.00791873 0.00899496 0.00713594 0.0100185 0.00891436 0.00769412 0.00745685 0.0105471 0.00571203 0.00949541 0.00763138 0.00694978 0.00935157 0.00774737 0.00972307 0.0090006 
Throughputs: 1.21242 1.31072 1.09773 0.966656 1.08134 1.24518 1.06496 1.14688 0.98304 1.11411 1.08134 1.35987 1.03219 1.21242 1.35987 0.884736 1.03219 1.2288 1.2288 1.08134 
Utility: 5.04257 5.12704 4.9941 4.72391 4.91673 4.93037 5.00555 4.74036 4.70299 4.97536 4.97683 4.8593 5.19686 4.84956 5.18288 4.84658 4.7039 5.06644 4.83929 4.78867 

--------------------------------------
Time: 34.0226
Split Ratios: 1 1 1 1 1 1 1 1 1 1 1 1 1 1 1 1 1 1 1 1 
Delays: 0.0076737 0.00771312 0.00741628 0.00860491 0.00774561 0.00886194 0.00663583 0.00984177 0.00860457 0.00752346 0.00751796 0.0105071 0.00573101 0.00955912 0.00761199 0.00662505 0.0093271 0.00761379 0.00960391 0.0088308 
Throughputs: 1.16326 1.47456 1.31072 1.24518 1.14688 1.01581 1.04858 0.98304 1.08134 1.11411 1.04858 1.03219 1.40902 1.29434 1.24518 0.966656 1.34349 0.966656 0.917504 0.950272 
Utility: 5.02119 5.25319 5.17465 4.97471 4.99767 4.74167 5.06271 4.60401 4.83367 4.99779 4.93789 4.58739 5.50476 4.90826 5.09731 4.98298 4.9701 4.84388 4.55949 4.6785 

--------------------------------------
Time: 34.5229
Split Ratios: 1 1 1 1 1 1 1 1 1 1 1 1 1 1 1 1 1 1 1 1 
Delays: 0.00757987 0.00777225 0.00740479 0.00974542 0.00779911 0.0091758 0.00747851 0.00987593 0.00906035 0.00756852 0.00751208 0.0111086 0.00572488 0.00951073 0.00764048 0.00731375 0.00935875 0.00772075 0.00964712 0.00955493 
Throughputs: 1.19603 1.2288 1.21242 1.04858 1.03219 1.37626 1.09773 0.950272 1.24518 0.98304 1.19603 1.1305 1.19603 1.1305 1.31072 1.29434 1.21242 1.09773 0.933888 1.09773 
Utility: 5.06127 5.06323 5.09824 4.67839 4.88543 5.01055 4.98896 4.56665 4.92313 4.86665 5.07025 4.62269 5.34194 4.77799 5.14487 5.176 4.86406 4.95709 4.5727 4.74394 

--------------------------------------
Time: 35.0233
Split Ratios: 1 1 1 1 1 1 1 1 1 1 1 1 1 1 1 1 1 1 1 1 
Delays: 0.00757201 0.00781245 0.00742835 0.00872804 0.00782707 0.00862706 0.0070332 0.00990614 0.00831387 0.00759697 0.00748762 0.0104129 0.00565563 0.00943391 0.00760671 0.00657306 0.00931714 0.00760135 0.00957954 0.00851134 
Throughputs: 0.90112 1.35987 1.14688 0.98304 0.950272 0.917504 1.08134 1.17965 1.03219 1.08134 1.06496 1.27795 1.27795 1.08134 1.24518 1.17965 1.24518 1.19603 1.27795 0.933888 
Utility: 4.77918 5.15943 5.0395 4.72411 4.79916 4.66675 5.03532 4.77982 4.82151 4.95821 4.95744 4.80997 5.42036 4.74165 5.09801 5.18999 4.89518 5.05844 4.89338 4.69796 

--------------------------------------
Time: 35.5236
Split Ratios: 1 1 1 1 1 1 1 1 1 1 1 1 1 1 1 1 1 1 1 1 
Delays: 0.00771934 0.00769823 0.00741044 0.00867158 0.00764872 0.00872058 0.00660105 0.00977076 0.00882465 0.00755279 0.00751281 0.0109117 0.00569406 0.00947708 0.0076162 0.00702459 0.00938516 0.00761771 0.00962097 0.00889903 
Throughputs: 1.16326 1.27795 1.04858 1.1305 1.03219 1.08134 1.03219 0.835584 1.06496 1.17965 1.27795 1.1305 1.11411 1.34349 1.03219 1.11411 1.29434 1.1305 1.06496 0.851968 
Utility: 5.01526 5.11202 4.9523 4.87036 4.9049 4.82027 5.05221 4.44874 4.79314 5.05105 5.1364 4.64058 5.27639 4.95415 4.90916 5.0664 4.92662 4.99994 4.70675 4.56161 

--------------------------------------
Time: 36.0236
Split Ratios: 1 1 1 1 1 1 1 1 1 1 1 1 1 1 1 1 1 1 1 1 
Delays: 0.00768381 0.00785367 0.00742769 0.00885343 0.00775235 0.00877482 0.00689138 0.00995772 0.00900208 0.00766395 0.00745161 0.0105078 0.00571097 0.00952478 0.00769652 0.00675293 0.00933364 0.00761414 0.00983663 0.00897556 
Throughputs: 1.24518 0.999424 1.21242 0.950272 1.24518 1.21242 1.19603 1.17965 1.08134 1.03219 0.950272 1.17965 1.57286 1.09773 1.29434 1.01581 1.09773 1.19603 1.17965 1.24518 
Utility: 5.08792 4.8462 5.09516 4.67594 5.07904 4.92848 5.15649 4.77462 4.7885 4.90291 4.84832 4.72086 5.61827 4.7471 5.12499 5.01346 4.76737 5.05676 4.78686 4.93253 

