--------------------------------------
Time: 5.50001
Split Ratios: 1 1 1 1 1 1 1 1 1 1 1 1 1 1 1 1 1 1 1 1 1 1 1 1 1 1 1 1 1 1 
Delays: 0.00928143 0.00756071 0.00597651 0.00445462 0.00792996 0.00622533 0.00817799 0.0060302 0.00750184 0.00818901 0.00756035 0.00431147 0.00789713 0.00771789 0.00940102 0.00447592 0.00819092 0.0063346 0.00737893 0.00438915 0.00737296 0.006139 0.0075669 0.004325 0.00624387 0.008171 0.00910088 0.00757067 0.00617713 0.00758397 
Throughputs: 4.11238 4.32538 4.45645 4.52198 4.34176 3.34234 4.37453 4.11238 3.3751 3.01466 4.89882 3.14573 4.6039 4.62029 3.81747 3.21126 4.096 4.68582 3.44064 3.30957 4.096 4.52198 4.21069 5.06266 4.93158 3.89939 5.24288 4.88243 3.70278 4.37453 
Utility: 6.09374 6.34929 6.61427 6.92276 6.30539 6.2858 6.28211 6.52498 6.10903 5.90845 6.47383 6.59252 6.36816 6.39467 6.00652 6.57571 6.21474 6.60627 6.14478 6.62544 6.31995 6.60204 6.3216 7.06523 6.67182 6.16798 6.35625 6.46912 6.39599 6.35752 

--------------------------------------
Time: 6.00004
Split Ratios: 1 1 1 1 1 1 1 1 1 1 1 1 1 1 1 1 1 1 1 1 1 1 1 1 1 1 1 1 1 1 
Delays: 0.00884172 0.00760522 0.00604603 0.00436455 0.00787746 0.00622852 0.00735925 0.00603139 0.00754073 0.00811451 0.00752131 0.00428914 0.00782338 0.00770426 0.00878681 0.0046368 0.00807948 0.00615197 0.00740313 0.00437137 0.00743902 0.00603464 0.0076758 0.00433562 0.00617539 0.00805453 0.00813603 0.00744295 0.00608874 0.00751151 
Throughputs: 4.22707 4.35814 4.71859 4.24346 4.37453 3.21126 4.52198 4.29261 3.52256 3.06381 4.65306 3.19488 4.48922 4.86605 3.89939 3.3751 4.83328 4.94797 3.62086 3.39149 4.73498 4.5056 4.30899 5.16096 4.65306 3.67002 5.25926 3.73555 3.34234 3.73555 
Utility: 6.16978 6.35097 6.65986 6.87962 6.31955 6.24528 6.42075 6.56767 6.14662 5.93376 6.42754 6.61322 6.35232 6.44826 6.09532 6.59016 6.39395 6.68996 6.19256 6.65395 6.45599 6.61556 6.33039 7.08201 6.62471 6.12172 6.47144 6.21838 6.30798 6.20921 

--------------------------------------
Time: 6.50017
Split Ratios: 1 1 1 1 1 1 1 1 1 1 1 1 1 1 1 1 1 1 1 1 1 1 1 1 1 1 1 1 1 1 
Delays: 0.00875746 0.00750592 0.00607899 0.00444201 0.0078353 0.00622435 0.00706834 0.0059608 0.00746314 0.00810335 0.00752541 0.00432745 0.00789374 0.00767488 0.00869139 0.00458567 0.00809432 0.00621847 0.00744878 0.00440272 0.00741275 0.00612646 0.00761087 0.00432311 0.00625847 0.00819495 0.00790499 0.00753715 0.00611864 0.00755573 
Throughputs: 4.30899 4.24346 4.52198 4.78413 4.25984 2.80166 4.76774 4.27622 3.01466 3.1785 4.32538 3.16211 4.65306 5.24288 4.17792 3.35872 4.37453 4.9152 4.11238 3.44064 5.0135 4.75136 4.39091 5.09542 5.06266 3.81747 4.57114 4.44006 3.67002 3.86662 
Utility: 6.19855 6.33744 6.61187 6.98195 6.29835 6.1095 6.514 6.57562 6.00127 5.97189 6.35397 6.59402 6.37921 6.52667 6.17524 6.59638 6.29239 6.67256 6.31371 6.66119 6.51669 6.65357 6.35771 7.07212 6.69571 6.14383 6.36002 6.37858 6.39661 6.23783 

--------------------------------------
Time: 7.00035
Split Ratios: 1 1 1 1 1 1 1 1 1 1 1 1 1 1 1 1 1 1 1 1 1 1 1 1 1 1 1 1 1 1 
Delays: 0.0107458 0.00762213 0.00604669 0.00436398 0.00810755 0.00619437 0.0098098 0.0059865 0.00742451 0.0082018 0.00761406 0.00430142 0.00813117 0.00775636 0.011003 0.0045622 0.00812364 0.00619544 0.00747157 0.0043881 0.00740955 0.00630527 0.00772302 0.00433304 0.00619016 0.00829561 0.0107657 0.00766614 0.00617852 0.00771687 
Throughputs: 4.53837 4.03046 4.58752 4.47283 4.53837 3.26042 5.04627 4.52198 2.8672 3.30957 4.66944 3.45702 4.63667 5.02989 4.01408 3.55533 4.29261 4.42368 3.71917 3.21126 4.83328 4.99712 4.58752 4.27622 5.17734 4.07962 4.80051 4.1943 3.50618 4.34176 
Utility: 6.04581 6.27058 6.63158 6.93239 6.32753 6.26597 6.24302 6.6272 5.9563 6.00022 6.4188 6.68922 6.34605 6.47464 5.89939 6.6584 6.26987 6.57091 6.21015 6.59552 6.48051 6.67523 6.38689 6.89456 6.72909 6.19803 6.10012 6.30467 6.3412 6.33263 

--------------------------------------
Time: 7.50038
Split Ratios: 1 1 1 1 1 1 1 1 1 1 1 1 1 1 1 1 1 1 1 1 1 1 1 1 1 1 1 1 1 1 
Delays: 0.00869864 0.00762735 0.00612318 0.00439317 0.00786058 0.006178 0.00718133 0.00589962 0.0074882 0.0081767 0.00755585 0.00432095 0.00777966 0.00765173 0.00860597 0.00459698 0.00812822 0.0061243 0.00741818 0.00437976 0.00745091 0.00620514 0.00755465 0.00433498 0.00628143 0.00812299 0.0078937 0.00763562 0.00611452 0.00767792 
Throughputs: 4.17792 4.14515 4.57114 4.63667 4.21069 3.21126 4.37453 4.07962 3.30957 3.5881 4.76774 3.55533 4.29261 4.48922 3.65363 3.19488 4.22707 4.63667 4.12877 3.12934 5.09542 4.5056 3.94854 5.06266 5.09542 3.55533 5.07904 4.88243 3.55533 4.096 
Utility: 6.1744 6.29795 6.61544 6.9617 6.28352 6.25343 6.41207 6.53887 6.09124 6.08409 6.44731 6.71273 6.31314 6.3745 6.05102 6.5439 6.25392 6.62949 6.3218 6.57158 6.52776 6.5877 6.25894 7.06293 6.6985 6.0815 6.46681 6.46058 6.36554 6.27942 

--------------------------------------
Time: 8.00043
Split Ratios: 1 1 1 1 1 1 1 1 1 1 1 1 1 1 1 1 1 1 1 1 1 1 1 1 1 1 1 1 1 1 
Delays: 0.0113497 0.0076673 0.00606941 0.00439165 0.00782292 0.00612496 0.0104294 0.00597426 0.00747117 0.00839744 0.00768061 0.00429413 0.00784256 0.00757898 0.0120167 0.00453918 0.00817675 0.00618602 0.00743114 0.00438164 0.00749286 0.00602705 0.0075003 0.00433945 0.00615636 0.00832475 0.01095 0.0074749 0.00613146 0.00748745 
Throughputs: 4.68582 4.44006 4.93158 4.4073 4.42368 3.35872 4.44006 3.85024 3.50618 3.39149 4.68582 3.63725 4.76774 4.48922 3.83386 3.11296 4.24346 4.78413 3.52256 3.2768 4.86605 4.68582 3.7847 4.94797 5.19373 4.17792 5.16096 4.57114 3.2768 4.03046 
Utility: 6.02311 6.36146 6.70015 6.91131 6.33767 6.30694 6.0538 6.46843 6.15123 6.0011 6.4136 6.74173 6.41006 6.38405 5.76533 6.53058 6.25184 6.65077 6.16126 6.6172 6.47609 6.65604 6.22378 7.03898 6.73772 6.21834 6.15554 6.41597 6.28119 6.28841 

--------------------------------------
Time: 8.50045
Split Ratios: 1 1 1 1 1 1 1 1 1 1 1 1 1 1 1 1 1 1 1 1 1 1 1 1 1 1 1 1 1 1 
Delays: 0.0117383 0.00755882 0.00600367 0.00438718 0.00786647 0.00626049 0.0103011 0.00600924 0.00750952 0.00861017 0.00758772 0.00431172 0.00797988 0.0076825 0.0114518 0.00455098 0.00853044 0.00622485 0.00738992 0.00435999 0.00745337 0.00614848 0.00762435 0.00432377 0.00616815 0.00860349 0.0121353 0.00750974 0.00611436 0.00753408 
Throughputs: 4.94797 4.44006 4.96435 4.52198 4.27622 3.22765 4.34176 4.57114 3.16211 3.40787 4.37453 3.96493 4.89882 4.78413 3.86662 3.30957 4.68582 4.30899 3.98131 2.99827 4.78413 4.99712 4.35814 4.52198 5.30842 3.76832 5.4231 4.06323 3.55533 3.86662 
Utility: 6.04388 6.37571 6.71767 6.93802 6.29822 6.24525 6.04378 6.63422 6.04282 5.9809 6.35702 6.8239 6.41983 6.43411 5.82199 6.58923 6.30866 6.53991 6.28925 6.53332 6.46439 6.70041 6.34845 6.95258 6.75765 6.08222 6.1023 6.29353 6.36556 6.2407 

--------------------------------------
Time: 9.00047
Split Ratios: 1 1 1 1 1 1 1 1 1 1 1 1 1 1 1 1 1 1 1 1 1 1 1 1 1 1 1 1 1 1 
Delays: 0.0108989 0.00759836 0.00608067 0.00439914 0.00778347 0.00623711 0.0088608 0.00592403 0.00746718 0.00818204 0.00756198 0.00430809 0.0080854 0.00760868 0.0104195 0.00451954 0.00815506 0.00632032 0.00745796 0.00438877 0.00746031 0.00611726 0.00746187 0.00433112 0.00626634 0.00820661 0.0100539 0.00749638 0.00621853 0.00762374 
Throughputs: 4.17792 4.34176 5.06266 4.37453 4.55475 3.32595 4.62029 3.89939 3.21126 3.34234 4.35814 3.96493 4.66944 4.70221 3.93216 3.22765 4.24346 4.93158 3.5881 2.98189 4.86605 4.58752 3.6864 4.66944 5.19373 3.89939 5.06266 4.17792 3.63725 4.39091 
Utility: 5.94891 6.3481 6.72453 6.90214 6.37192 6.27899 6.25658 6.48956 6.0639 6.01248 6.35667 6.82475 6.35873 6.4265 5.93326 6.5711 6.25449 6.65965 6.17609 6.52126 6.48044 6.61998 6.2026 6.98297 6.72001 6.16364 6.22169 6.32315 6.37145 6.35602 

--------------------------------------
Time: 9.50049
Split Ratios: 1 1 1 1 1 1 1 1 1 1 1 1 1 1 1 1 1 1 1 1 1 1 1 1 1 1 1 1 1 1 
Delays: 0.0111615 0.00755835 0.00610248 0.00438718 0.00784975 0.00630526 0.00978222 0.00590582 0.00747104 0.00842577 0.0074618 0.00434042 0.0079327 0.00778218 0.0114104 0.00450191 0.00864398 0.00626907 0.00741204 0.00436402 0.00747047 0.00614715 0.0076432 0.00431997 0.0063827 0.0084425 0.0109228 0.00772935 0.00625803 0.0076246 
Throughputs: 4.11238 3.9977 4.5056 4.53837 4.27622 3.62086 4.80051 4.07962 2.7689 3.24403 4.30899 3.47341 4.84966 4.94797 4.01408 3.01466 4.39091 5.0135 3.6864 3.11296 4.78413 4.63667 4.17792 4.66944 4.78413 3.65363 5.19373 4.70221 3.30957 4.22707 
Utility: 5.90929 6.27082 6.60438 6.94164 6.30034 6.35308 6.19591 6.53782 5.91517 5.95328 6.35866 6.68492 6.41567 6.4549 5.86304 6.50674 6.23043 6.68426 6.2093 6.56994 6.4621 6.62576 6.30375 6.98555 6.61947 6.0702 6.16436 6.41076 6.27071 6.31788 

--------------------------------------
Time: 10.0005
Split Ratios: 1 1 1 1 1 1 1 1 1 1 1 1 1 1 1 1 1 1 1 1 1 1 1 1 1 1 1 1 1 1 
Delays: 0.00927346 0.00765238 0.00598442 0.0043734 0.00797845 0.00646905 0.00780982 0.0061105 0.00742783 0.00861126 0.00759065 0.00429915 0.00785478 0.00779178 0.00932367 0.0045465 0.008482 0.00610189 0.00741052 0.00439369 0.0075019 0.00604592 0.00758133 0.00432049 0.00625853 0.00858153 0.00910004 0.0074987 0.00614662 0.00752552 
Throughputs: 3.96493 4.52198 4.76774 4.58752 4.58752 3.44064 4.88243 4.37453 2.60506 3.39149 4.8169 3.71917 4.096 5.06266 4.29261 3.26042 4.12877 4.53837 3.63725 3.14573 4.88243 4.55475 4.25984 5.04627 4.94797 3.91578 5.21011 4.4073 3.06381 3.89939 
Utility: 6.05809 6.38169 6.68047 6.95555 6.35435 6.27638 6.43802 6.57355 5.85998 5.97595 6.45297 6.76284 6.25664 6.47658 6.13209 6.57525 6.18779 6.61172 6.19608 6.57363 6.47824 6.62454 6.3313 7.06304 6.67279 6.12316 6.35008 6.37629 6.21151 6.25028 

--------------------------------------
Time: 10.5006
Split Ratios: 1 1 1 1 1 1 1 1 1 1 1 1 1 1 1 1 1 1 1 1 1 1 1 1 1 1 1 1 1 1 
Delays: 0.00954948 0.00768452 0.00604168 0.00443282 0.00798011 0.00621619 0.00788363 0.00589805 0.00749117 0.00833566 0.00756865 0.00430453 0.00793967 0.00756667 0.00958701 0.00455405 0.00827399 0.00620572 0.00748451 0.00438471 0.00750902 0.00602052 0.0076665 0.00432734 0.00618691 0.0083874 0.00885771 0.00746123 0.00608764 0.00751076 
Throughputs: 4.5056 4.57114 4.84966 4.63667 4.39091 3.11296 4.47283 3.81747 3.01466 3.21126 4.58752 3.63725 4.86605 4.78413 3.94854 3.19488 4.75136 4.6039 4.32538 2.91635 4.66944 4.62029 4.17792 4.65306 4.84966 3.70278 4.93158 4.34176 3.44064 3.83386 
Utility: 6.15659 6.38831 6.68798 6.95272 6.31034 6.21617 6.34099 6.47272 5.99752 5.95388 6.40708 6.73932 6.41817 6.44931 6.02069 6.55329 6.35307 6.60919 6.35942 6.49996 6.43269 6.64304 6.30071 6.98033 6.66423 6.09011 6.32213 6.36631 6.33715 6.23529 

--------------------------------------
Time: 11.0007
Split Ratios: 1 1 1 1 1 1 1 1 1 1 1 1 1 1 1 1 1 1 1 1 1 1 1 1 1 1 1 1 1 1 
Delays: 0.00870195 0.00756281 0.00610083 0.00443593 0.00805453 0.00641595 0.00732947 0.00611977 0.00751463 0.00800787 0.00748058 0.00430602 0.00822491 0.00789375 0.00887125 0.00460714 0.00798823 0.00629572 0.00736633 0.0043947 0.00739172 0.00606412 0.00778675 0.00432836 0.00643453 0.00800307 0.00829813 0.00746987 0.0061987 0.00759272 
Throughputs: 4.01408 3.94854 5.06266 4.47283 4.52198 3.03104 4.62029 4.86605 3.29318 3.29318 4.24346 3.34234 5.34118 4.83328 4.24346 3.2768 3.81747 5.2265 3.81747 3.12934 4.8169 4.52198 4.34176 4.47283 5.34118 4.01408 5.12819 4.27622 3.70278 4.11238 
Utility: 6.13402 6.25786 6.72122 6.91604 6.33047 6.15787 6.44631 6.67851 6.08276 6.01919 6.34082 6.65441 6.47603 6.41721 6.17032 6.56702 6.16937 6.72163 6.25042 6.56818 6.47952 6.61432 6.32361 6.94059 6.72152 6.21774 6.42648 6.34995 6.3925 6.29457 

--------------------------------------
Time: 11.5008
Split Ratios: 1 1 1 1 1 1 1 1 1 1 1 1 1 1 1 1 1 1 1 1 1 1 1 1 1 1 1 1 1 1 
Delays: 0.0100327 0.00761989 0.00598837 0.00436246 0.00787807 0.00625511 0.00880485 0.00598221 0.00737507 0.00839824 0.00767036 0.00430609 0.00796885 0.00773261 0.0103131 0.00452722 0.00846376 0.00616625 0.00743707 0.00435873 0.00746582 0.00610837 0.00763233 0.00433829 0.0061583 0.00860007 0.0100112 0.00747403 0.00616635 0.00756419 
Throughputs: 4.70221 4.4073 4.55475 4.27622 4.88243 3.24403 4.30899 4.52198 2.8672 3.40787 4.14515 3.53894 4.76774 4.75136 4.27622 3.11296 4.21069 4.75136 3.60448 3.29318 4.76774 4.62029 4.01408 4.71859 4.62029 3.91578 5.53779 4.42368 3.45702 4.06323 
Utility: 6.14993 6.36025 6.63411 6.88779 6.42932 6.25117 6.19316 6.62792 5.96299 6.00582 6.29233 6.71155 6.39409 6.42074 6.02741 6.53322 6.20959 6.6471 6.18346 6.62743 6.45929 6.62855 6.26517 6.99178 6.62041 6.121 6.31564 6.38329 6.32906 6.28631 

--------------------------------------
Time: 12.0008
Split Ratios: 1 1 1 1 1 1 1 1 1 1 1 1 1 1 1 1 1 1 1 1 1 1 1 1 1 1 1 1 1 1 
Delays: 0.00943318 0.0079298 0.00603843 0.00439459 0.0081094 0.00630274 0.00787325 0.00601155 0.00745419 0.00857032 0.00769536 0.00432311 0.00804341 0.00774818 0.00931494 0.00453969 0.00857676 0.00619427 0.00742968 0.00434837 0.00742897 0.00607931 0.00769602 0.00431751 0.00624682 0.00844729 0.00917806 0.00754404 0.00604333 0.00756549 
Throughputs: 4.48922 4.06323 4.71859 4.48922 4.68582 3.35872 4.62029 4.35814 2.83443 3.5881 4.89882 3.42426 4.62029 4.75136 4.04685 3.09658 4.58752 4.55475 3.55533 2.71974 4.9152 4.88243 4.83328 4.42368 4.99712 3.83386 4.89882 4.16154 3.45702 3.80109 
Utility: 6.1652 6.23911 6.66112 6.92906 6.35927 6.27833 6.37474 6.58612 5.94082 6.03707 6.45613 6.67466 6.35336 6.41873 6.07407 6.52519 6.28204 6.6003 6.17072 6.43849 6.4947 6.68851 6.44258 6.93205 6.68455 6.11778 6.27993 6.31288 6.34921 6.21945 

--------------------------------------
Time: 12.5008
Split Ratios: 1 1 1 1 1 1 1 1 1 1 1 1 1 1 1 1 1 1 1 1 1 1 1 1 1 1 1 1 1 1 
Delays: 0.010189 0.00764037 0.00599028 0.00437155 0.00787667 0.00659918 0.00877211 0.00605473 0.00739492 0.00874265 0.00752261 0.0043126 0.00794367 0.00798325 0.0100519 0.00450744 0.00859827 0.00624906 0.00739325 0.00441036 0.00740998 0.00615237 0.00762684 0.00434452 0.00637419 0.00869788 0.00988503 0.00758126 0.00618559 0.00760429 
Throughputs: 4.55475 4.096 4.30899 4.47283 4.06323 3.50618 4.5056 4.44006 2.68698 3.63725 4.39091 3.60448 4.84966 5.24288 3.86662 3.29318 4.86605 4.89882 4.17792 3.42426 4.83328 4.62029 4.16154 4.78413 5.40672 3.81747 5.12819 4.45645 3.48979 4.57114 
Utility: 6.10262 6.28432 6.57832 6.93066 6.24583 6.27534 6.2415 6.59758 5.89538 6.03077 6.36938 6.72839 6.41429 6.48728 5.95238 6.59388 6.33848 6.66432 6.337 6.65468 6.48045 6.62138 6.30197 7.00414 6.74314 6.08426 6.25149 6.37643 6.33537 6.3988 

--------------------------------------
Time: 13.0009
Split Ratios: 1 1 1 1 1 1 1 1 1 1 1 1 1 1 1 1 1 1 1 1 1 1 1 1 1 1 1 1 1 1 
Delays: 0.00936362 0.00770725 0.00606999 0.00438986 0.00790368 0.00625045 0.00783272 0.00597031 0.00742374 0.00852422 0.00763126 0.00429884 0.00813361 0.00778813 0.00925783 0.00453722 0.00828122 0.00636347 0.00737796 0.00437063 0.00744643 0.00613668 0.00761181 0.004314 0.00622843 0.00841744 0.00874103 0.00758595 0.0062609 0.00761459 
Throughputs: 4.1943 4.75136 4.84966 4.22707 4.57114 3.19488 4.58752 4.6039 3.29318 3.5881 4.25984 3.45702 4.99712 4.71859 4.35814 3.34234 4.5056 4.9152 3.7847 3.42426 5.30842 4.98074 4.06323 4.24346 5.29203 3.91578 4.78413 4.84966 3.81747 3.85024 
Utility: 6.10465 6.42402 6.68331 6.86997 6.36019 6.23665 6.37278 6.64786 6.09493 6.04246 6.32473 6.68982 6.42061 6.40666 6.15433 6.60211 6.29909 6.64951 6.24023 6.66373 6.56931 6.69905 6.28003 6.89127 6.74483 6.14246 6.30503 6.46037 6.41302 6.22582 

--------------------------------------
Time: 13.501
Split Ratios: 1 1 1 1 1 1 1 1 1 1 1 1 1 1 1 1 1 1 1 1 1 1 1 1 1 1 1 1 1 1 
Delays: 0.00957531 0.00771885 0.00603113 0.0044103 0.00807617 0.00640621 0.00838083 0.00597839 0.00751302 0.0091947 0.00754326 0.00429018 0.00795678 0.00775202 0.00972252 0.00450493 0.00866349 0.0061889 0.00738878 0.00432674 0.00741165 0.00606381 0.00766846 0.00431761 0.00627537 0.00913232 0.0101448 0.00752691 0.00615166 0.00754951 
Throughputs: 3.98131 4.47283 4.98074 4.32538 4.8169 3.22765 4.89882 4.1943 2.89997 3.40787 4.06323 3.29318 4.22707 5.35757 3.94854 3.24403 3.9977 5.06266 3.63725 2.91635 4.42368 4.88243 4.39091 4.39091 5.37395 3.94854 5.53779 4.44006 3.5881 3.55533 
Utility: 6.03018 6.36211 6.7164 6.88831 6.39097 6.22224 6.3708 6.55333 5.95582 5.91522 6.28908 6.64328 6.27524 6.53831 6.00666 6.5794 6.13436 6.70689 6.19902 6.51327 6.39167 6.69106 6.35018 6.92459 6.75269 6.06928 6.30239 6.37994 6.36865 6.15472 

--------------------------------------
Time: 14.0011
Split Ratios: 1 1 1 1 1 1 1 1 1 1 1 1 1 1 1 1 1 1 1 1 1 1 1 1 1 1 1 1 1 1 
Delays: 0.00959671 0.00751158 0.00604361 0.0043955 0.00771602 0.00632603 0.00794314 0.00602144 0.0074276 0.00811408 0.00744799 0.00430592 0.0079345 0.00783209 0.00936623 0.00449295 0.0080375 0.0062007 0.00742776 0.00442466 0.00754622 0.00614536 0.00751019 0.00434411 0.00623002 0.00804161 0.00865261 0.00752683 0.0062253 0.00762349 
Throughputs: 4.48922 4.1943 4.94797 4.5056 3.94854 3.1785 4.45645 4.68582 2.8672 3.60448 4.16154 3.53894 4.86605 4.75136 3.93216 3.12934 3.9977 4.71859 3.60448 3.39149 5.55418 4.55475 4.35814 4.71859 5.11181 3.71917 4.98074 4.39091 3.75194 4.11238 
Utility: 6.14801 6.32504 6.70773 6.93249 6.2378 6.21949 6.3298 6.65697 5.95589 6.09633 6.3257 6.71159 6.41882 6.40796 6.03983 6.54607 6.20936 6.6346 6.18471 6.64183 6.60126 6.60823 6.36354 6.99044 6.70993 6.13663 6.35547 6.36882 6.40141 6.29052 

--------------------------------------
Time: 14.5011
Split Ratios: 1 1 1 1 1 1 1 1 1 1 1 1 1 1 1 1 1 1 1 1 1 1 1 1 1 1 1 1 1 1 
Delays: 0.00841321 0.00755794 0.00602523 0.00439786 0.0077937 0.00634934 0.00682047 0.00603043 0.00744129 0.00837817 0.00752931 0.00430133 0.00793466 0.00780593 0.00830826 0.00454769 0.00815253 0.00624448 0.00752282 0.00437212 0.00744495 0.00615033 0.00753217 0.00432668 0.00617639 0.00838359 0.0078885 0.00757405 0.00620348 0.00751947 
Throughputs: 4.22707 3.88301 4.84966 4.22707 4.63667 3.3751 4.53837 4.24346 3.16211 3.35872 4.53837 3.14573 4.88243 4.9152 3.98131 3.42426 4.22707 5.04627 3.89939 3.50618 4.9152 4.80051 4.04685 4.35814 5.27565 3.88301 4.93158 4.55475 3.73555 3.73555 
Utility: 6.21946 6.24177 6.69071 6.86815 6.38844 6.27583 6.50039 6.55631 6.05195 5.99369 6.40152 6.59488 6.42216 6.4452 6.17212 6.62402 6.25094 6.69471 6.25063 6.68703 6.49255 6.65997 6.28651 6.915 6.75012 6.13809 6.43801 6.3992 6.40054 6.20815 

--------------------------------------
Time: 15.0012
Split Ratios: 1 1 1 1 1 1 1 1 1 1 1 1 1 1 1 1 1 1 1 1 1 1 1 1 1 1 1 1 1 1 
Delays: 0.00996556 0.00759015 0.00606401 0.00440395 0.0078363 0.00618601 0.00889307 0.00598442 0.00751353 0.00813603 0.00746449 0.00429255 0.00805847 0.00759066 0.00983499 0.00452442 0.00797248 0.00652505 0.0074554 0.00437797 0.00745298 0.0060625 0.00772811 0.00431522 0.00615762 0.00803502 0.00913623 0.00744864 0.00638846 0.00756709 
Throughputs: 4.37453 4.27622 4.58752 4.55475 4.47283 3.19488 4.39091 4.30899 3.11296 3.70278 4.58752 3.44064 4.48922 4.14515 4.1943 3.2768 4.06323 5.12819 3.76832 3.11296 4.58752 4.21069 3.98131 4.37453 5.11181 3.6864 5.40672 4.29261 3.91578 4.32538 
Utility: 6.08442 6.33397 6.62872 6.94142 6.34701 6.24701 6.20202 6.5793 6.02662 6.12054 6.42094 6.68653 6.32271 6.30278 6.05554 6.58513 6.23374 6.66686 6.22545 6.56674 6.42248 6.54326 6.2445 6.92141 6.72162 6.1286 6.38315 6.35662 6.41828 6.34845 

--------------------------------------
Time: 15.5012
Split Ratios: 1 1 1 1 1 1 1 1 1 1 1 1 1 1 1 1 1 1 1 1 1 1 1 1 1 1 1 1 1 1 
Delays: 0.0095919 0.00757732 0.00603624 0.00442821 0.00780708 0.0064573 0.00852451 0.00603204 0.00751307 0.00832265 0.00748971 0.00430496 0.0078897 0.00784187 0.00994969 0.00454312 0.00830239 0.00618008 0.00754563 0.00435789 0.00751853 0.00604294 0.00754626 0.00432482 0.00637511 0.00823548 0.00967731 0.00749719 0.00610103 0.00749212 
Throughputs: 4.32538 4.4073 4.35814 4.99712 4.01408 3.44064 4.52198 4.63667 3.26042 3.48979 4.34176 3.2768 4.83328 4.44006 3.96493 3.24403 4.45645 5.09542 4.34176 3.01466 4.99712 4.75136 3.94854 5.09542 5.40672 3.80109 5.11181 4.04685 3.06381 3.71917 
Utility: 6.11134 6.36586 6.58202 7.02862 6.24253 6.2782 6.27376 6.64467 6.07297 6.03862 6.36251 6.63486 6.41772 6.33895 5.9877 6.57096 6.28556 6.71477 6.35507 6.53925 6.49925 6.6673 6.26005 7.07173 6.743 6.13459 6.26952 6.29117 6.21896 6.2074 

--------------------------------------
Time: 16.0013
Split Ratios: 1 1 1 1 1 1 1 1 1 1 1 1 1 1 1 1 1 1 1 1 1 1 1 1 1 1 1 1 1 1 
Delays: 0.00928321 0.00745977 0.00607523 0.00438894 0.00779443 0.0062552 0.00801075 0.00600091 0.00744639 0.00846443 0.00739806 0.00431503 0.00803424 0.00771657 0.00934105 0.00454849 0.00866936 0.00617143 0.00748215 0.00442286 0.00737901 0.00607719 0.00769627 0.00434202 0.0062276 0.00860008 0.00945348 0.00744707 0.00611047 0.00756308 
Throughputs: 3.9977 4.1943 5.4231 4.63667 4.32538 3.12934 4.52198 4.94797 3.11296 3.30957 4.096 3.67002 4.5056 4.30899 3.98131 3.42426 4.22707 5.06266 3.83386 3.47341 4.96435 4.8169 4.63667 4.75136 5.07904 3.75194 5.4231 4.21069 3.42426 3.86662 
Utility: 6.06527 6.33196 6.7942 6.96266 6.31884 6.21517 6.33592 6.71482 6.0356 5.9687 6.31655 6.74585 6.32936 6.32509 6.05495 6.62384 6.18947 6.70972 6.23911 6.66611 6.5114 6.67534 6.40102 6.99785 6.70389 6.07826 6.35204 6.33756 6.32864 6.23686 

--------------------------------------
Time: 16.5014
Split Ratios: 1 1 1 1 1 1 1 1 1 1 1 1 1 1 1 1 1 1 1 1 1 1 1 1 1 1 1 1 1 1 
Delays: 0.0100979 0.00745068 0.00604233 0.00440029 0.0077607 0.00635396 0.00853289 0.00601122 0.00748191 0.0085855 0.00744133 0.00431746 0.00793776 0.00772671 0.0102533 0.00449714 0.00849772 0.00619058 0.00738612 0.00437441 0.00742069 0.00615998 0.00756981 0.00435134 0.00624914 0.00846374 0.00981762 0.00762104 0.00618944 0.00760397 
Throughputs: 4.9152 4.14515 4.04685 4.21069 4.1943 3.06381 4.62029 4.65306 3.24403 3.34234 4.03046 3.63725 4.75136 4.52198 4.14515 3.39149 4.44006 4.65306 3.88301 3.21126 4.88243 5.14458 4.62029 5.25926 5.4231 4.07962 5.06266 4.4073 3.5881 4.17792 
Utility: 6.18776 6.32139 6.5069 6.86371 6.29241 6.17834 6.29428 6.65165 6.07208 5.96435 6.29459 6.73631 6.39456 6.37202 6.00209 6.62558 6.25863 6.62225 6.26476 6.59865 6.48913 6.72763 6.41404 7.09726 6.76598 6.17797 6.24547 6.3601 6.36253 6.3089 

--------------------------------------
Time: 17.0014
Split Ratios: 1 1 1 1 1 1 1 1 1 1 1 1 1 1 1 1 1 1 1 1 1 1 1 1 1 1 1 1 1 1 
Delays: 0.00927929 0.00752912 0.00606828 0.00443188 0.00788073 0.00617792 0.00788562 0.00596253 0.00747956 0.00880842 0.0075927 0.00433311 0.00792565 0.00761016 0.00928126 0.00454303 0.00865008 0.00626762 0.00745195 0.00439715 0.00740017 0.00605964 0.00761874 0.00431246 0.0060896 0.00895405 0.00911314 0.00742707 0.00617694 0.00757735 
Throughputs: 3.85024 4.22707 4.8169 4.62029 4.39091 2.81805 4.6039 4.52198 3.50618 3.3751 4.25984 3.57171 4.9152 4.52198 3.96493 3.39149 4.47283 4.55475 3.71917 3.52256 4.5056 4.34176 4.06323 4.75136 4.99712 3.93216 5.2265 4.14515 3.53894 3.86662 
Utility: 6.02811 6.33049 6.67681 6.94939 6.32287 6.12282 6.36962 6.63121 6.15011 5.94847 6.3298 6.71452 6.42998 6.38722 6.05725 6.61543 6.24821 6.58853 6.21278 6.68599 6.41157 6.57439 6.27912 7.00468 6.71004 6.08484 6.35178 6.32456 6.35076 6.23497 

--------------------------------------
Time: 17.5015
Split Ratios: 1 1 1 1 1 1 1 1 1 1 1 1 1 1 1 1 1 1 1 1 1 1 1 1 1 1 1 1 1 1 
Delays: 0.00930697 0.0074932 0.00593315 0.0043736 0.0077851 0.00620765 0.00757504 0.00592661 0.00736432 0.0082588 0.00760293 0.00430972 0.00783563 0.00754232 0.00897149 0.00449131 0.00816423 0.006193 0.00739353 0.00437286 0.00746962 0.00594049 0.00752203 0.00432775 0.00627249 0.00843905 0.00852628 0.00737552 0.0060905 0.00740392 
Throughputs: 4.63667 4.1943 4.29261 4.44006 4.16154 3.21126 4.45645 4.11238 2.71974 3.65363 4.53837 3.47341 5.06266 4.6039 3.57171 3.06381 4.53837 5.19373 3.85024 3.34234 5.37395 4.52198 4.22707 5.24288 5.39034 3.75194 5.0135 4.096 2.93274 3.55533 
Utility: 6.21099 6.32749 6.58409 6.92284 6.28143 6.24864 6.37725 6.54231 5.91165 6.0922 6.39179 6.69202 6.47097 6.41413 5.98675 6.52527 6.32056 6.73179 6.25529 6.63901 6.57847 6.63491 6.33143 7.09958 6.75619 6.09716 6.37674 6.3196 6.17696 6.17419 

--------------------------------------
Time: 18.0015
Split Ratios: 1 1 1 1 1 1 1 1 1 1 1 1 1 1 1 1 1 1 1 1 1 1 1 1 1 1 1 1 1 1 
Delays: 0.00874391 0.00759284 0.00606614 0.0043944 0.00777933 0.00619196 0.00717193 0.00598333 0.00742804 0.00826652 0.00755831 0.00431623 0.00776456 0.0077021 0.00863389 0.00460161 0.00812951 0.00613887 0.00742062 0.00441934 0.00750458 0.00599764 0.00742635 0.00431992 0.00619484 0.00821013 0.00809996 0.00746828 0.00610759 0.00751441 
Throughputs: 3.96493 4.52198 5.25926 4.48922 4.11238 3.16211 4.32538 4.22707 3.04742 3.1785 4.8169 3.48979 4.58752 4.73498 3.88301 3.60448 4.29261 4.63667 3.73555 3.52256 4.99712 4.32538 3.44064 4.53837 5.11181 3.94854 4.9152 4.93158 3.14573 3.76832 
Utility: 6.11689 6.3895 6.76502 6.9291 6.27029 6.23574 6.40208 6.56029 6.01679 5.95195 6.45724 6.69522 6.38152 6.42124 6.10867 6.66353 6.26915 6.62711 6.22139 6.68095 6.5011 6.58089 6.13838 6.95709 6.71559 6.17573 6.40823 6.49275 6.24427 6.21756 

--------------------------------------
Time: 18.5015
Split Ratios: 1 1 1 1 1 1 1 1 1 1 1 1 1 1 1 1 1 1 1 1 1 1 1 1 1 1 1 1 1 1 
Delays: 0.00860844 0.0075628 0.00600472 0.00439648 0.00787404 0.00601119 0.00697804 0.00587188 0.00750984 0.0100015 0.00752967 0.00429943 0.00792145 0.00747104 0.00832012 0.00452082 0.00955693 0.00618375 0.00739779 0.00438329 0.00742463 0.00610843 0.00762674 0.00431963 0.00606539 0.0100581 0.00958815 0.0075538 0.00614203 0.00759156 
Throughputs: 3.9977 4.096 4.6039 4.12877 4.86605 2.85082 4.6039 4.16154 3.16211 3.63725 4.17792 3.34234 5.09542 4.47283 3.9977 3.30957 4.47283 5.12819 3.34234 3.29318 4.48922 4.25984 4.52198 4.58752 4.58752 4.16154 5.12819 4.39091 3.19488 4.12877 
Utility: 6.14073 6.29452 6.64211 6.84493 6.42647 6.16174 6.49189 6.56346 6.04278 5.89624 6.31872 6.65594 6.46652 6.39474 6.1748 6.59588 6.14851 6.72058 6.11324 6.62181 6.40463 6.54732 6.38505 6.96793 6.6285 6.02526 6.28198 6.36524 6.25415 6.2987 

--------------------------------------
Time: 19.0015
Split Ratios: 1 1 1 1 1 1 1 1 1 1 1 1 1 1 1 1 1 1 1 1 1 1 1 1 1 1 1 1 1 1 
Delays: 0.0100911 0.00779285 0.00605841 0.00443464 0.00790298 0.00622656 0.00846504 0.00598988 0.00744521 0.00875183 0.00759578 0.00430798 0.00790334 0.00765051 0.0101671 0.00451705 0.00858769 0.00613496 0.00743451 0.00441299 0.00750347 0.00622398 0.0075919 0.0043271 0.00619285 0.00862779 0.010004 0.00776162 0.00612199 0.00778198 
Throughputs: 4.80051 4.55475 4.66944 4.89882 4.47283 3.48979 4.34176 4.34176 3.32595 3.81747 4.48922 3.24403 4.52198 4.89882 3.83386 3.34234 4.30899 4.68582 3.81747 3.3751 5.0135 4.96435 4.47283 4.48922 5.17734 3.9977 5.6361 4.73498 3.39149 4.37453 
Utility: 6.16483 6.37072 6.64735 7.0073 6.33854 6.32877 6.24009 6.58596 6.10194 6.07808 6.38184 6.6241 6.34942 6.46198 5.93247 6.60657 6.21813 6.63829 6.24121 6.63963 6.50452 6.68163 6.37869 6.94454 6.72865 6.13849 6.33396 6.41354 6.31714 6.33174 

--------------------------------------
Time: 19.5016
Split Ratios: 1 1 1 1 1 1 1 1 1 1 1 1 1 1 1 1 1 1 1 1 1 1 1 1 1 1 1 1 1 1 
Delays: 0.00902196 0.00757865 0.00608592 0.00439644 0.00778625 0.00620626 0.00757115 0.00590893 0.0075442 0.0084942 0.00751511 0.00431207 0.00785314 0.00764468 0.00890171 0.00453446 0.00820566 0.006277 0.00740817 0.00436517 0.0074727 0.00610712 0.00751382 0.00436966 0.00616058 0.00833908 0.00820489 0.0076429 0.00616023 0.00760254 
Throughputs: 4.1943 4.1943 4.89882 4.27622 4.68582 3.32595 4.78413 3.75194 3.29318 3.65363 4.21069 3.42426 4.34176 4.78413 3.96493 3.57171 4.1943 5.40672 3.63725 3.52256 4.71859 4.1943 3.7847 4.68582 4.78413 3.9977 5.06266 4.86605 3.40787 4.22707 
Utility: 6.14182 6.31615 6.69077 6.88003 6.39994 6.28395 6.44871 6.45356 6.07883 6.06409 6.32847 6.67722 6.31512 6.43905 6.099 6.6691 6.23666 6.75851 6.1964 6.69329 6.44801 6.53203 6.22198 6.97761 6.65489 6.17252 6.42492 6.45626 6.31573 6.32078 

--------------------------------------
Time: 20.0016
Split Ratios: 1 1 1 1 1 1 1 1 1 1 1 1 1 1 1 1 1 1 1 1 1 1 1 1 1 1 1 1 1 1 
Delays: 0.0104529 0.00756933 0.00600102 0.00441955 0.00791997 0.00613823 0.00916454 0.00592411 0.00747676 0.00801928 0.00745044 0.0043118 0.00797611 0.00762668 0.0102213 0.00448632 0.00788787 0.00626189 0.00739562 0.00441258 0.0074317 0.00618961 0.00776175 0.00432852 0.0062432 0.00803479 0.00965668 0.00761382 0.00620169 0.00764136 
Throughputs: 3.96493 4.70221 4.93158 4.32538 4.03046 2.98189 4.58752 4.37453 3.03104 3.12934 4.34176 3.63725 5.12819 4.71859 4.21069 3.3751 4.24346 4.73498 3.81747 3.44064 4.42368 4.62029 4.04685 4.73498 5.11181 3.70278 5.16096 4.53837 3.57171 4.30899 
Utility: 5.93836 6.43168 6.71149 6.88622 6.23225 6.18578 6.21575 6.60452 6.00486 5.96673 6.36776 6.73763 6.46606 6.42761 6.02091 6.62315 6.28781 6.62825 6.24646 6.65895 6.38897 6.61534 6.25649 6.99751 6.70782 6.13306 6.28123 6.39036 6.35598 6.33488 

--------------------------------------
Time: 20.5017
Split Ratios: 1 1 1 1 1 1 1 1 1 1 1 1 1 1 1 1 1 1 1 1 1 1 1 1 1 1 1 1 1 1 
Delays: 0.0102607 0.00760123 0.00606893 0.00442344 0.00792442 0.00625653 0.00873416 0.00597859 0.00749211 0.00782314 0.00759128 0.00430998 0.00788343 0.00772576 0.0101333 0.00458065 0.00782075 0.00611153 0.00742765 0.00437116 0.0073783 0.00613548 0.00768588 0.00432367 0.00613453 0.00800271 0.00894885 0.00751343 0.00614005 0.00754446 
Throughputs: 4.30899 3.50618 4.86605 4.45645 4.39091 2.81805 4.62029 4.30899 2.88358 3.06381 4.22707 3.47341 4.34176 4.94797 4.27622 3.52256 4.39091 4.4073 4.096 3.3751 4.70221 4.39091 4.37453 4.6039 5.3248 3.52256 4.70221 4.76774 3.44064 4.16154 
Utility: 6.04014 6.13397 6.68686 6.91519 6.31734 6.11017 6.27097 6.58027 5.95294 5.97033 6.32227 6.69196 6.31127 6.46217 6.045 6.6451 6.33051 6.58084 6.31256 6.64915 6.45724 6.5732 6.34417 6.97056 6.7662 6.08716 6.26426 6.45294 6.32858 6.31283 

--------------------------------------
Time: 21.0017
Split Ratios: 1 1 1 1 1 1 1 1 1 1 1 1 1 1 1 1 1 1 1 1 1 1 1 1 1 1 1 1 1 1 
Delays: 0.0102987 0.00761612 0.0059747 0.00439904 0.00772548 0.00633539 0.00867237 0.00600709 0.00745876 0.00854273 0.00759089 0.0042883 0.00783714 0.00780407 0.0103738 0.00445955 0.00849288 0.00612737 0.00748095 0.00437902 0.00742687 0.00608835 0.00755228 0.00433178 0.00620853 0.00851234 0.0101292 0.00745545 0.00609121 0.00757202 
Throughputs: 4.29261 4.32538 4.53837 4.66944 4.1943 3.29318 4.44006 4.62029 2.99827 3.39149 4.34176 3.21126 4.096 4.76774 4.04685 3.24403 4.48922 5.2265 3.86662 3.29318 5.12819 4.48922 4.68582 4.62029 4.98074 3.96493 5.43949 4.21069 3.35872 3.96493 
Utility: 6.03264 6.34199 6.63279 6.96741 6.29696 6.25346 6.23828 6.64527 5.9964 5.98394 6.34909 6.61853 6.25889 6.41498 5.96641 6.58952 6.2702 6.74873 6.24778 6.62279 6.5374 6.60306 6.43045 6.97223 6.68741 6.14373 6.28601 6.33644 6.31247 6.26078 

--------------------------------------
Time: 21.5019
Split Ratios: 1 1 1 1 1 1 1 1 1 1 1 1 1 1 1 1 1 1 1 1 1 1 1 1 1 1 1 1 1 1 
Delays: 0.0123528 0.00753531 0.00601985 0.00438844 0.00783586 0.00619617 0.0111567 0.0059332 0.00744345 0.00944414 0.00741545 0.00429878 0.00786908 0.00751519 0.012661 0.00448914 0.00949847 0.00626446 0.00735988 0.00437905 0.00739435 0.00610411 0.00767909 0.00434905 0.00612598 0.00972483 0.0133151 0.00750322 0.00620304 0.00763561 
Throughputs: 3.94854 4.14515 4.9152 4.30899 4.93158 3.47341 4.94797 4.17792 3.29318 3.60448 4.12877 3.83386 4.63667 4.27622 4.16154 3.48979 4.65306 4.70221 3.73555 3.12934 4.42368 4.47283 4.42368 5.27565 4.8169 4.12877 5.89824 4.39091 3.3751 3.93216 
Utility: 5.76722 6.31009 6.70502 6.88949 6.44471 6.32896 6.0947 6.55701 6.09228 5.94454 6.32217 6.79329 6.37881 6.3439 5.79512 6.65594 6.19415 6.6209 6.22961 6.57175 6.39401 6.59681 6.35623 7.1009 6.66735 6.05105 6.09351 6.37196 6.29914 6.24412 

--------------------------------------
Time: 22.0019
Split Ratios: 1 1 1 1 1 1 1 1 1 1 1 1 1 1 1 1 1 1 1 1 1 1 1 1 1 1 1 1 1 1 
Delays: 0.0100365 0.00756607 0.00609017 0.00437442 0.00782311 0.00615602 0.00868792 0.00601216 0.00747649 0.00801455 0.00756831 0.0043257 0.00790085 0.00769861 0.0100265 0.0045421 0.00799994 0.00622578 0.00745343 0.00435776 0.00749434 0.00604817 0.00749572 0.00432917 0.00613694 0.00815965 0.00923043 0.00754778 0.0062451 0.00753026 
Throughputs: 4.53837 4.70221 4.98074 4.44006 4.16154 2.78528 4.34176 4.73498 3.04742 3.11296 4.5056 3.39149 4.53837 4.48922 4.6039 3.26042 4.04685 4.76774 3.83386 3.1785 4.63667 4.62029 3.85024 4.88243 4.53837 3.65363 4.94797 4.58752 3.47341 3.86662 
Utility: 6.11409 6.43211 6.70666 6.92265 6.27656 6.11467 6.2141 6.66895 6.01029 5.96207 6.38911 6.66445 6.35335 6.36839 6.12943 6.57622 6.22626 6.64093 6.24295 6.59221 6.4276 6.63846 6.24156 7.02802 6.606 6.10428 6.28423 6.40984 6.32109 6.24121 

--------------------------------------
Time: 22.502
Split Ratios: 1 1 1 1 1 1 1 1 1 1 1 1 1 1 1 1 1 1 1 1 1 1 1 1 1 1 1 1 1 1 
Delays: 0.0106191 0.00760812 0.00601532 0.00441237 0.00793573 0.0065794 0.0091367 0.0060957 0.00744313 0.00865252 0.00756771 0.00431142 0.00792713 0.00788654 0.0104996 0.0045047 0.00832891 0.00626007 0.00738249 0.00436527 0.0074261 0.00611655 0.00759764 0.0043384 0.0062982 0.00864202 0.0104818 0.00754335 0.00612314 0.00764717 
Throughputs: 4.22707 4.22707 4.4073 4.6039 4.78413 3.40787 4.66944 4.24346 2.83443 3.60448 4.73498 4.04685 5.2265 4.89882 4.44006 3.34234 4.14515 4.78413 3.29318 3.55533 5.02989 5.02989 4.37453 5.06266 4.99712 3.80109 5.14458 4.39091 3.50618 3.83386 
Utility: 5.98661 6.32005 6.59671 6.95025 6.40168 6.2499 6.23649 6.54555 5.9423 6.03208 6.43884 6.84443 6.49121 6.43159 6.04709 6.6093 6.20996 6.63887 6.1005 6.70252 6.51815 6.71215 6.35572 7.06214 6.67635 6.08641 6.19606 6.36663 6.35021 6.21729 

--------------------------------------
Time: 23.002
Split Ratios: 1 1 1 1 1 1 1 1 1 1 1 1 1 1 1 1 1 1 1 1 1 1 1 1 1 1 1 1 1 1 
Delays: 0.0113669 0.0075207 0.00607578 0.00443721 0.00767401 0.00629972 0.00990684 0.00598725 0.00748899 0.00803114 0.00744988 0.00430081 0.00797642 0.00768688 0.0113934 0.00451259 0.00794272 0.00635959 0.00741664 0.00437827 0.00748193 0.00608219 0.00754792 0.00433904 0.00631124 0.0080471 0.0103934 0.00745456 0.00630221 0.00755425 
Throughputs: 4.70221 3.73555 4.99712 4.58752 4.06323 3.2768 4.68582 4.29261 3.09658 3.52256 4.27622 3.35872 4.83328 4.53837 4.4073 3.29318 4.32538 5.21011 3.73555 3.26042 4.86605 4.93158 4.04685 4.83328 5.34118 3.89939 5.19373 4.24346 3.53894 3.91578 
Utility: 6.02508 6.20799 6.71231 6.94107 6.27189 6.25412 6.15907 6.57502 6.02462 6.08362 6.35263 6.66051 6.40679 6.38081 5.95798 6.59274 6.3 6.70839 6.22192 6.61296 6.47755 6.69805 6.28442 7.01563 6.74087 6.18326 6.21404 6.34431 6.33068 6.25066 

--------------------------------------
Time: 23.502
Split Ratios: 1 1 1 1 1 1 1 1 1 1 1 1 1 1 1 1 1 1 1 1 1 1 1 1 1 1 1 1 1 1 
Delays: 0.00950099 0.00748422 0.00612227 0.00449629 0.00785468 0.00621543 0.00811714 0.00595343 0.00765152 0.0083111 0.00755479 0.0043026 0.00792181 0.00761454 0.00937815 0.00462134 0.00829006 0.00619211 0.0074 0.0043722 0.00746394 0.00602345 0.00760485 0.00432989 0.00612836 0.00821629 0.00888825 0.00746004 0.00612051 0.00751456 
Throughputs: 4.21069 4.17792 5.75078 4.57114 4.52198 3.08019 4.88243 4.34176 3.73555 3.09658 4.93158 3.5881 4.6039 4.99712 3.9977 3.47341 4.29261 4.89882 3.89939 2.85082 4.73498 4.86605 4.25984 4.80051 5.12819 3.91578 5.53779 4.4073 3.55533 3.65363 
Utility: 6.09399 6.32477 6.84516 6.92427 6.3556 6.20571 6.39942 6.59207 6.19075 5.92046 6.48123 6.72616 6.36504 6.48656 6.05509 6.62221 6.24959 6.67347 6.2671 6.48009 6.45265 6.69438 6.3282 7.01094 6.72958 6.16665 6.43462 6.38146 6.36456 6.18663 

--------------------------------------
Time: 24.0022
Split Ratios: 1 1 1 1 1 1 1 1 1 1 1 1 1 1 1 1 1 1 1 1 1 1 1 1 1 1 1 1 1 1 
Delays: 0.00995454 0.00752097 0.00606701 0.0044055 0.00776049 0.00621137 0.0082567 0.00590521 0.00746411 0.00839843 0.00752509 0.00431858 0.00798345 0.00764069 0.00955411 0.00449544 0.00835492 0.00633015 0.00744213 0.00441704 0.00744661 0.00610072 0.00762206 0.00432116 0.00632234 0.00833985 0.00900008 0.00747557 0.00617096 0.00762648 
Throughputs: 4.4073 4.58752 4.98074 4.6039 4.096 3.29318 4.29261 3.76832 3.12934 3.35872 4.4073 3.57171 4.52198 4.52198 3.98131 3.40787 4.1943 5.17734 3.65363 3.29318 4.75136 4.5056 4.39091 4.88243 5.30842 3.67002 5.39034 4.62029 3.44064 4.30899 
Utility: 6.09299 6.4134 6.71047 6.95181 6.26872 6.27323 6.25363 6.45855 6.03847 5.99127 6.37277 6.71787 6.33934 6.38322 6.0324 6.63078 6.21863 6.70672 6.19632 6.61414 6.45843 6.60467 6.35625 7.02988 6.73296 6.08691 6.39513 6.42657 6.32356 6.33683 

--------------------------------------
Time: 24.5022
Split Ratios: 1 1 1 1 1 1 1 1 1 1 1 1 1 1 1 1 1 1 1 1 1 1 1 1 1 1 1 1 1 1 
Delays: 0.00981901 0.00754703 0.00607457 0.00437232 0.00779232 0.00624305 0.00859587 0.00590973 0.00743199 0.00894002 0.00749851 0.00429119 0.00800551 0.00769136 0.0100436 0.0045713 0.00900838 0.00627511 0.00735083 0.00436005 0.00739134 0.00616064 0.00755361 0.0043235 0.00628372 0.00894315 0.00985035 0.00764947 0.00613606 0.00768444 
Throughputs: 4.30899 4.21069 4.71859 4.37453 4.71859 3.1785 4.84966 4.01408 3.06381 3.52256 3.9977 3.35872 4.55475 4.88243 4.03046 3.30957 4.44006 5.0135 3.44064 3.19488 4.9152 5.14458 4.22707 4.8169 5.25926 3.67002 5.70163 4.73498 3.80109 4.11238 
Utility: 6.08414 6.32423 6.65515 6.90826 6.40613 6.23269 6.33538 6.52096 6.02162 5.97641 6.27877 6.66275 6.3438 6.4533 5.99471 6.58478 6.20027 6.6833 6.1486 6.59682 6.49978 6.72752 6.32724 7.01582 6.72978 6.01706 6.361 6.4281 6.42886 6.28256 

--------------------------------------
Time: 25.0023
Split Ratios: 1 1 1 1 1 1 1 1 1 1 1 1 1 1 1 1 1 1 1 1 1 1 1 1 1 1 1 1 1 1 
Delays: 0.00902603 0.00757248 0.00601773 0.00437893 0.00776735 0.00625817 0.00745167 0.00605805 0.00742424 0.0080211 0.00749107 0.00429191 0.00793496 0.00774827 0.00894606 0.00455351 0.00794869 0.00614019 0.00737144 0.00438756 0.00741079 0.00606348 0.00752978 0.00432677 0.0061991 0.00792557 0.00812202 0.00753074 0.00609277 0.00757745 
Throughputs: 4.6039 4.17792 4.44006 4.32538 4.4073 2.98189 4.44006 4.39091 3.19488 3.19488 4.44006 3.88301 4.70221 5.34118 4.11238 3.22765 4.24346 4.62029 3.71917 3.19488 4.62029 4.55475 4.01408 4.42368 4.88243 3.76832 4.89882 4.68582 3.57171 3.80109 
Utility: 6.23455 6.31305 6.60371 6.89545 6.34109 6.16642 6.38999 6.5859 6.06456 5.98723 6.38471 6.80763 6.38451 6.53573 6.13054 6.56361 6.28013 6.62336 6.22364 6.59053 6.43528 6.62164 6.2787 6.92991 6.66899 6.16429 6.40217 6.4333 6.3737 6.21787 

--------------------------------------
Time: 25.5023
Split Ratios: 1 1 1 1 1 1 1 1 1 1 1 1 1 1 1 1 1 1 1 1 1 1 1 1 1 1 1 1 1 1 
Delays: 0.00930408 0.00770249 0.00612443 0.00438245 0.00786946 0.00630242 0.00789347 0.00593536 0.007489 0.00841849 0.00769508 0.0043097 0.00791655 0.00767116 0.00924943 0.00456846 0.00817424 0.00621318 0.0074054 0.00434691 0.00749938 0.00609391 0.00750409 0.00432362 0.00626459 0.00840748 0.0089347 0.00752317 0.00620906 0.00756572 
Throughputs: 4.53837 4.16154 5.04627 4.45645 4.84966 3.1785 4.39091 4.12877 3.30957 3.06381 4.65306 3.93216 4.71859 4.66944 3.91578 3.55533 4.21069 4.53837 3.62086 2.71974 5.45587 4.94797 3.9977 4.73498 5.0135 3.93216 5.30842 4.42368 4.17792 4.21069 
Utility: 6.18987 6.2921 6.71412 6.9245 6.42368 6.22323 6.32126 6.54481 6.09114 5.89698 6.4047 6.81607 6.39031 6.41133 6.04821 6.65703 6.24439 6.59365 6.19226 6.43883 6.58963 6.69944 6.27802 6.99864 6.68498 6.14782 6.38711 6.37674 6.51156 6.32175 

--------------------------------------
Time: 26.0023
Split Ratios: 1 1 1 1 1 1 1 1 1 1 1 1 1 1 1 1 1 1 1 1 1 1 1 1 1 1 1 1 1 1 
Delays: 0.0119386 0.00763791 0.00603584 0.00440059 0.00784277 0.00623217 0.0104178 0.00601258 0.00752433 0.00870882 0.00749528 0.00430692 0.00776795 0.00774095 0.0113676 0.00454934 0.00872326 0.00615869 0.00744824 0.00438922 0.00742289 0.00614274 0.00751338 0.00435597 0.0062184 0.00865208 0.0114057 0.0076668 0.00611142 0.00772144 
Throughputs: 4.75136 4.37453 4.88243 4.88243 4.1943 3.29318 4.76774 4.11238 3.04742 2.94912 4.30899 3.65363 4.1943 4.58752 4.06323 3.3751 4.62029 4.52198 3.9977 3.29318 5.12819 4.1943 4.04685 4.96435 5.45587 3.75194 5.30842 4.30899 3.34234 4.27622 
Utility: 5.98641 6.35043 6.69568 7.01166 6.28189 6.26989 6.12612 6.5279 6.00391 5.82493 6.35419 6.74325 6.29148 6.38457 5.87897 6.6092 6.27222 6.59884 6.2855 6.62046 6.53794 6.52621 6.28901 7.03849 6.77694 6.07223 6.14294 6.33156 6.30427 6.31683 

--------------------------------------
Time: 26.5024
Split Ratios: 1 1 1 1 1 1 1 1 1 1 1 1 1 1 1 1 1 1 1 1 1 1 1 1 1 1 1 1 1 1 
Delays: 0.00962017 0.00758212 0.00603177 0.00440728 0.00791919 0.00643896 0.00836454 0.0060297 0.00744406 0.00819896 0.00748775 0.00430305 0.008026 0.00777698 0.00980082 0.00451518 0.00799431 0.0061376 0.00739728 0.00434522 0.00742619 0.00603817 0.00765391 0.0043335 0.00611075 0.00812342 0.00892616 0.00747185 0.00618773 0.00755178 
Throughputs: 4.04685 4.42368 4.86605 4.4073 4.66944 3.47341 4.93158 4.44006 3.42426 3.12934 3.9977 3.39149 4.9152 4.37453 4.30899 3.34234 4.37453 4.57114 3.63725 3.11296 4.84966 4.68582 4.45645 4.44006 5.12819 3.70278 4.99712 4.55475 3.35872 3.57171 
Utility: 6.04183 6.36893 6.693 6.90776 6.37951 6.29052 6.37941 6.60173 6.13122 5.94457 6.28021 6.6697 6.4174 6.33239 6.08599 6.60698 6.30482 6.61308 6.19787 6.57425 6.48165 6.6542 6.36689 6.93205 6.73246 6.12209 6.32763 6.41278 6.29675 6.15902 

--------------------------------------
Time: 27.0025
Split Ratios: 1 1 1 1 1 1 1 1 1 1 1 1 1 1 1 1 1 1 1 1 1 1 1 1 1 1 1 1 1 1 
Delays: 0.00854 0.00775051 0.00604417 0.00438071 0.00795572 0.00623457 0.00693796 0.00593262 0.00740299 0.00882729 0.00770691 0.00429753 0.00785486 0.00765922 0.00847474 0.00446148 0.00884326 0.00625156 0.00742432 0.00437101 0.00744198 0.00611462 0.00748872 0.00433249 0.00619503 0.00875668 0.00843745 0.00747409 0.00610953 0.00750418 
Throughputs: 3.93216 4.9152 4.62029 4.14515 4.27622 2.91635 4.06323 4.04685 3.04742 3.39149 4.58752 3.11296 4.78413 4.89882 3.86662 3.1785 4.86605 4.5056 3.70278 2.89997 4.66944 4.71859 3.75194 4.84966 5.21011 4.07962 5.12819 4.01408 3.57171 4.096 
Utility: 6.13218 6.45233 6.63912 6.85248 6.28693 6.14798 6.37273 6.52523 6.02017 5.95118 6.38898 6.58529 6.41193 6.46084 6.12305 6.56868 6.31038 6.58025 6.21208 6.49746 6.44166 6.64858 6.21663 7.02052 6.73461 6.14394 6.40983 6.28612 6.37095 6.30231 

--------------------------------------
Time: 27.5026
Split Ratios: 1 1 1 1 1 1 1 1 1 1 1 1 1 1 1 1 1 1 1 1 1 1 1 1 1 1 1 1 1 1 
Delays: 0.0106303 0.00761454 0.00604635 0.00444989 0.00786565 0.00621469 0.00968904 0.00593692 0.00750691 0.00820337 0.00761447 0.0042973 0.00788381 0.00755854 0.010537 0.00452775 0.00807152 0.00614969 0.0073931 0.00440042 0.00738103 0.00626645 0.00761375 0.00432095 0.00616945 0.00806342 0.00985216 0.00767831 0.00610805 0.00767601 
Throughputs: 4.53837 4.22707 4.62029 4.53837 4.88243 2.94912 4.34176 4.34176 3.21126 3.34234 4.24346 3.40787 4.73498 4.30899 4.24346 3.47341 4.11238 4.62029 3.83386 3.32595 4.57114 4.86605 4.16154 4.70221 5.27565 3.48979 5.34118 4.65306 3.35872 3.94854 
Utility: 6.05662 6.3192 6.63876 6.92744 6.43089 6.16235 6.10504 6.59484 6.0586 6.00988 6.32308 6.67586 6.39792 6.34578 5.99824 6.64267 6.23342 6.62181 6.25108 6.62781 6.4286 6.65483 6.30368 6.99231 6.75125 6.07026 6.29551 6.40688 6.30971 6.243 

--------------------------------------
Time: 28.0027
Split Ratios: 1 1 1 1 1 1 1 1 1 1 1 1 1 1 1 1 1 1 1 1 1 1 1 1 1 1 1 1 1 1 
Delays: 0.00933031 0.00753117 0.00610693 0.00437403 0.0076227 0.00624292 0.00745029 0.00594647 0.00751328 0.00814796 0.00746253 0.00429648 0.00775556 0.00768321 0.00876281 0.00458416 0.00835773 0.00614891 0.00742131 0.00440732 0.00745339 0.00626436 0.00743494 0.00432299 0.00619903 0.00831203 0.00841315 0.0076427 0.00617669 0.00769416 
Throughputs: 4.17792 3.96493 5.61971 4.37453 3.88301 2.8672 4.22707 4.06323 3.21126 3.75194 4.4073 3.01466 4.8169 4.37453 4.1943 3.12934 4.34176 4.32538 3.98131 3.26042 4.76774 5.06266 3.40787 4.48922 5.60333 3.67002 4.70221 4.55475 3.86662 3.96493 
Utility: 6.1043 6.26619 6.82461 6.90787 6.23323 6.12964 6.34101 6.52694 6.05775 6.13226 6.38112 6.55345 6.43148 6.34452 6.17097 6.52597 6.25285 6.55598 6.28501 6.60634 6.46096 6.69477 6.12765 6.94549 6.80672 6.09025 6.32599 6.39018 6.43935 6.24478 

--------------------------------------
Time: 28.5028
Split Ratios: 1 1 1 1 1 1 1 1 1 1 1 1 1 1 1 1 1 1 1 1 1 1 1 1 1 1 1 1 1 1 
Delays: 0.0089443 0.00748881 0.00614326 0.00443302 0.00773301 0.00627797 0.00730107 0.00594002 0.00749577 0.00867164 0.00741341 0.00430986 0.00785503 0.00768737 0.00880473 0.00456698 0.00851523 0.00618724 0.00739131 0.00437982 0.00742685 0.00608246 0.00749426 0.00434183 0.00628331 0.00858594 0.00869742 0.00747933 0.00610189 0.00753494 
Throughputs: 4.32538 4.25984 5.06266 4.12877 4.16154 3.14573 4.29261 4.16154 3.40787 3.16211 4.5056 3.55533 4.76774 4.70221 3.98131 3.40787 4.07962 4.65306 3.50618 3.42426 4.70221 4.6039 4.29261 5.04627 5.45587 3.93216 5.34118 4.16154 3.63725 3.96493 
Utility: 6.18124 6.34358 6.71429 6.83665 6.28814 6.21675 6.37663 6.55193 6.1195 5.89894 6.40979 6.7153 6.40847 6.41621 6.11408 6.61499 6.1719 6.62279 6.16198 6.66163 6.45069 6.62925 6.35051 7.05811 6.76655 6.12682 6.42018 6.3215 6.39038 6.26569 

--------------------------------------
Time: 29.003
Split Ratios: 1 1 1 1 1 1 1 1 1 1 1 1 1 1 1 1 1 1 1 1 1 1 1 1 1 1 1 1 1 1 
Delays: 0.01062 0.00747478 0.00596798 0.00442891 0.00780585 0.00624351 0.00883949 0.00601348 0.0073712 0.00906692 0.00748361 0.00430545 0.00806353 0.00754521 0.0106119 0.00451164 0.00887296 0.00648207 0.00737379 0.00434798 0.00741767 0.00621595 0.00747933 0.00433255 0.0062664 0.00897199 0.0109608 0.00756394 0.0063091 0.00774229 
Throughputs: 4.04685 3.81747 4.24346 4.55475 4.24346 3.08019 4.83328 4.01408 3.26042 3.39149 4.58752 3.7847 4.89882 4.58752 4.17792 3.21126 4.76774 5.30842 3.32595 3.26042 4.73498 5.12819 3.96493 4.96435 5.0135 3.91578 5.14458 4.29261 3.53894 4.096 
Utility: 5.94296 6.23581 6.56672 6.93577 6.29826 6.2012 6.30405 6.50356 6.09203 5.92439 6.41838 6.77884 6.4094 6.41018 5.97559 6.56776 6.28662 6.70801 6.11158 6.6199 6.45887 6.71539 6.2731 7.04388 6.68469 6.07866 6.15137 6.34126 6.32959 6.27107 

--------------------------------------
Time: 29.5031
Split Ratios: 1 1 1 1 1 1 1 1 1 1 1 1 1 1 1 1 1 1 1 1 1 1 1 1 1 1 1 1 1 1 
Delays: 0.00877764 0.00760333 0.00609901 0.00435816 0.00804079 0.00625188 0.00748179 0.00588936 0.00752007 0.00861115 0.00760054 0.00430012 0.00793069 0.00759134 0.00884821 0.00458214 0.00853634 0.00616868 0.00738344 0.00439559 0.00742418 0.00610748 0.0076549 0.00432806 0.00616402 0.00859285 0.00864704 0.00752011 0.00606264 0.00751462 
Throughputs: 3.98131 4.37453 4.63667 4.29261 4.52198 2.93274 4.58752 3.91578 3.21126 3.34234 4.22707 3.34234 4.63667 4.45645 4.11238 3.2768 4.57114 4.86605 3.93216 3.19488 4.53837 4.96435 4.12877 4.84966 5.45587 4.01408 5.07904 4.62029 3.48979 4.06323 
Utility: 6.11716 6.35497 6.63363 6.8926 6.33218 6.15081 6.41862 6.49962 6.05685 5.96137 6.32105 6.65578 6.37101 6.3751 6.14154 6.57246 6.28318 6.67055 6.2777 6.5887 6.41558 6.70052 6.29039 7.02155 6.78572 6.14663 6.37566 6.42063 6.35545 6.29288 

--------------------------------------
Time: 30.0031
Split Ratios: 1 1 1 1 1 1 1 1 1 1 1 1 1 1 1 1 1 1 1 1 1 1 1 1 1 1 1 1 1 1 
Delays: 0.0103702 0.00759058 0.00604615 0.00441239 0.00777526 0.00620964 0.0091117 0.00601046 0.00749595 0.00869173 0.007461 0.00433297 0.00802491 0.00771369 0.0107007 0.00452848 0.00851918 0.00625991 0.00736833 0.00440653 0.00738029 0.0060937 0.00757095 0.004362 0.00617334 0.00861849 0.0106255 0.00748645 0.006149 0.00752614 
Throughputs: 4.6039 4.24346 4.71859 4.21069 4.4073 3.09658 4.37453 3.96493 3.01466 3.7847 4.35814 3.81747 4.47283 4.9152 4.30899 3.22765 4.55475 5.16096 3.91578 3.14573 4.25984 4.55475 4.57114 4.70221 5.07904 3.89939 5.40672 4.34176 3.40787 3.96493 
Utility: 6.09573 6.32623 6.65984 6.86096 6.34007 6.21195 6.17399 6.49174 5.99688 6.07635 6.37011 6.78109 6.32323 6.45709 5.99815 6.56912 6.28161 6.71471 6.27558 6.57071 6.35817 6.61667 6.4032 6.98286 6.71264 6.11467 6.23214 6.36294 6.31755 6.26686 

--------------------------------------
Time: 30.5031
Split Ratios: 1 1 1 1 1 1 1 1 1 1 1 1 1 1 1 1 1 1 1 1 1 1 1 1 1 1 1 1 1 1 
Delays: 0.0121812 0.00752093 0.00602609 0.0044153 0.00793518 0.00626347 0.0101491 0.00600814 0.00748812 0.00827986 0.00751253 0.00430581 0.00807452 0.00773847 0.0118569 0.00453781 0.00807526 0.00635061 0.00736117 0.00438168 0.00742571 0.00613934 0.00762753 0.00431575 0.00620293 0.00819747 0.0117705 0.0075956 0.00615273 0.00758919 
Throughputs: 4.4073 4.07962 4.63667 4.5056 4.6039 3.06381 4.76774 3.96493 3.26042 3.50618 4.57114 3.30957 4.6039 5.12819 4.30899 3.08019 3.94854 4.94797 3.70278 3.09658 4.86605 4.68582 4.47283 4.48922 4.88243 3.73555 5.60333 4.27622 3.62086 3.6864 
Utility: 5.89112 6.29607 6.64565 6.928 6.36335 6.19268 6.15225 6.49213 6.07629 6.04845 6.41094 6.64461 6.34595 6.4963 5.89555 6.5203 6.1923 6.65818 6.22062 6.56062 6.48509 6.63758 6.37401 6.94716 6.66838 6.12182 6.16552 6.33326 6.37757 6.18568 

--------------------------------------
Time: 31.0032
Split Ratios: 1 1 1 1 1 1 1 1 1 1 1 1 1 1 1 1 1 1 1 1 1 1 1 1 1 1 1 1 1 1 
Delays: 0.00890008 0.00761243 0.00601583 0.00436147 0.00783824 0.00621984 0.00740033 0.00592256 0.00743699 0.00834397 0.00751354 0.00429778 0.00778474 0.00760014 0.00872948 0.00449282 0.00845617 0.0061835 0.00736424 0.00438724 0.00741961 0.00600966 0.0075424 0.00435715 0.00625083 0.00845581 0.00836432 0.00746932 0.00609633 0.00753297 
Throughputs: 4.29261 4.07962 4.93158 4.16154 4.65306 3.03104 5.02989 4.14515 2.75251 3.26042 3.73555 3.47341 4.37453 4.93158 3.63725 3.08019 4.27622 4.71859 3.55533 3.21126 4.62029 4.45645 4.37453 5.14458 5.27565 3.62086 5.11181 4.62029 3.63725 4.30899 
Utility: 6.17859 6.28398 6.70902 6.86083 6.38626 6.18892 6.52163 6.55093 5.9138 5.96807 6.20894 6.69479 6.33139 6.47525 6.03228 6.53027 6.22593 6.63738 6.17957 6.59572 6.43409 6.60874 6.36301 7.07388 6.73814 6.05961 6.41533 6.42741 6.3913 6.34917 

--------------------------------------
Time: 31.5032
Split Ratios: 1 1 1 1 1 1 1 1 1 1 1 1 1 1 1 1 1 1 1 1 1 1 1 1 1 1 1 1 1 1 
Delays: 0.0167697 0.00779383 0.00600098 0.00441987 0.00796988 0.00626751 0.0157604 0.00598228 0.00742682 0.00857398 0.00762329 0.00430945 0.00793687 0.00771661 0.0169186 0.00447152 0.00844496 0.00616536 0.00742937 0.00435412 0.00744227 0.00616252 0.00758446 0.00432215 0.00629803 0.00871013 0.0163521 0.00748457 0.00614094 0.00760382 
Throughputs: 4.48922 4.58752 4.5056 4.17792 4.04685 3.1785 5.16096 4.75136 3.30957 3.39149 4.52198 3.50618 4.78413 4.47283 4.34176 3.35872 4.57114 4.73498 3.65363 3.14573 4.62029 4.8169 4.16154 4.62029 4.75136 3.85024 5.39034 4.71859 3.55533 3.83386 
Utility: 5.58986 6.37776 6.62115 6.85146 6.23002 6.22878 5.79138 6.67738 6.09948 5.98029 6.3855 6.70147 6.40154 6.3624 5.54762 6.62159 6.29395 6.64379 6.19804 6.58268 6.43104 6.6614 6.30754 6.97446 6.62595 6.0914 5.798 6.44642 6.36123 6.22298 

--------------------------------------
Time: 32.0036
Split Ratios: 1 1 1 1 1 1 1 1 1 1 1 1 1 1 1 1 1 1 1 1 1 1 1 1 1 1 1 1 1 1 
Delays: 0.0102313 0.0074909 0.00597368 0.00437165 0.0078336 0.00633747 0.00882192 0.0060451 0.007397 0.00845296 0.00742558 0.00431049 0.00808944 0.00768338 0.0101577 0.00450395 0.00839253 0.00626802 0.00737658 0.00440465 0.00750436 0.00619454 0.00761167 0.00433092 0.00618015 0.0084961 0.00985124 0.00757074 0.00629851 0.00765433 
Throughputs: 4.66944 4.096 4.55475 4.71859 4.07962 3.34234 4.45645 4.5056 2.80166 3.57171 4.1943 3.71917 4.88243 4.55475 4.6039 3.04742 4.06323 4.8169 4.03046 3.11296 5.02989 5.04627 4.30899 4.55475 4.70221 3.57171 4.96435 4.27622 3.32595 4.37453 
Utility: 6.12334 6.30408 6.63656 6.98412 6.25534 6.26795 6.22487 6.61383 5.93689 6.04628 6.33655 6.7602 6.40284 6.38487 6.11643 6.5171 6.18239 6.64442 6.30333 6.56067 6.50767 6.70274 6.33878 6.95815 6.63445 6.04119 6.22244 6.33654 6.2692 6.34828 

--------------------------------------
Time: 32.5037
Split Ratios: 1 1 1 1 1 1 1 1 1 1 1 1 1 1 1 1 1 1 1 1 1 1 1 1 1 1 1 1 1 1 
Delays: 0.00819559 0.00759553 0.00607502 0.00440237 0.00791951 0.00632601 0.00661922 0.00607041 0.00754872 0.00819388 0.00754488 0.00431804 0.00809886 0.00790368 0.00797399 0.00460823 0.00822139 0.00628691 0.00741569 0.00438134 0.0074432 0.0061574 0.00765563 0.00433535 0.00634692 0.00829983 0.00754976 0.00750173 0.00616869 0.00757047 
Throughputs: 4.06323 4.47283 5.19373 4.62029 4.66944 3.26042 4.03046 4.5056 3.03104 3.44064 4.58752 3.3751 4.68582 5.07904 3.70278 3.30957 4.66944 4.88243 4.16154 3.2768 4.66944 4.83328 3.94854 4.68582 5.35757 3.80109 4.78413 3.94854 3.5881 4.04685 
Utility: 6.20614 6.37822 6.75102 6.95607 6.37947 6.24494 6.41166 6.60965 5.99528 6.04003 6.41023 6.66138 6.36057 6.46555 6.14065 6.57673 6.34206 6.65493 6.33004 6.61727 6.44149 6.66563 6.24566 6.9855 6.7383 6.12681 6.45154 6.26597 6.36589 6.28144 

--------------------------------------
Time: 33.0038
Split Ratios: 1 1 1 1 1 1 1 1 1 1 1 1 1 1 1 1 1 1 1 1 1 1 1 1 1 1 1 1 1 1 
Delays: 0.0102656 0.0075418 0.00599413 0.00439495 0.00780957 0.0062416 0.0088365 0.00602789 0.00744867 0.00821324 0.00750375 0.00432225 0.00778287 0.0076682 0.0103506 0.0045678 0.00809274 0.00618925 0.00743335 0.00437064 0.0075064 0.00614511 0.00763278 0.00432279 0.00614568 0.00828524 0.00961917 0.00753737 0.00611178 0.00759437 
Throughputs: 4.42368 4.12877 4.39091 3.9977 4.21069 3.08019 4.17792 4.70221 3.40787 3.50618 4.75136 3.57171 4.27622 4.88243 4.44006 3.42426 4.06323 4.88243 3.98131 3.44064 4.5056 4.70221 4.57114 4.84966 4.8169 3.67002 5.60333 4.58752 3.53894 4.03046 
Utility: 6.06593 6.30527 6.59651 6.81302 6.29003 6.20151 6.15868 6.65939 6.12581 6.05653 6.45078 6.71703 6.3089 6.45632 6.06138 6.61961 6.21877 6.67059 6.28339 6.6685 6.39732 6.64013 6.39507 7.02276 6.66414 6.09348 6.36736 6.41122 6.36137 6.27423 

--------------------------------------
Time: 33.5038
Split Ratios: 1 1 1 1 1 1 1 1 1 1 1 1 1 1 1 1 1 1 1 1 1 1 1 1 1 1 1 1 1 1 
Delays: 0.0144536 0.00765884 0.00608263 0.00438832 0.00788437 0.00622537 0.0133266 0.00596281 0.00746094 0.00832976 0.00756499 0.0043119 0.00792932 0.00767803 0.0146367 0.00458839 0.00810694 0.00627522 0.00738108 0.00436493 0.00742041 0.0061631 0.00763228 0.00433094 0.00630253 0.00811262 0.0138318 0.00754524 0.00623155 0.00767863 
Throughputs: 4.6039 4.04685 5.0135 4.03046 4.24346 3.3751 5.09542 4.39091 3.3751 3.21126 4.86605 3.89939 4.76774 4.6039 4.12877 3.32595 4.4073 4.70221 3.53894 3.40787 4.93158 4.75136 4.68582 4.68582 5.04627 3.70278 5.53779 4.30899 3.57171 4.01408 
Utility: 5.76372 6.26983 6.71445 6.82269 6.28825 6.29555 5.94634 6.60175 6.1145 5.95459 6.46651 6.8072 6.39906 6.3963 5.64221 6.58598 6.2983 6.61918 6.17266 6.66024 6.49918 6.64761 6.41991 6.98651 6.68545 6.12342 5.99238 6.34754 6.35117 6.25912 

--------------------------------------
Time: 34.0039
Split Ratios: 1 1 1 1 1 1 1 1 1 1 1 1 1 1 1 1 1 1 1 1 1 1 1 1 1 1 1 1 1 1 
Delays: 0.00950751 0.00764982 0.00606454 0.00439641 0.00789576 0.00623666 0.00789532 0.00597076 0.00750197 0.00812234 0.00762431 0.00430026 0.0078372 0.00758057 0.0091023 0.00454969 0.00794382 0.00609892 0.00738023 0.00439122 0.00735322 0.00606574 0.00756058 0.00433697 0.00616148 0.00806961 0.00883369 0.00749007 0.00610159 0.00751904 
Throughputs: 4.27622 4.37453 5.16096 4.096 4.47283 2.93274 5.17734 4.58752 3.04742 3.08019 4.8169 3.03104 4.6039 5.0135 3.60448 3.21126 4.11238 4.94797 3.85024 3.35872 4.53837 4.29261 4.11238 4.96435 4.9152 3.73555 5.07904 4.58752 3.11296 3.73555 
Utility: 6.10874 6.34887 6.74642 6.83698 6.33945 6.15325 6.48578 6.64422 6.00689 5.93813 6.44854 6.55799 6.37578 6.4943 5.98141 6.55936 6.24936 6.69862 6.25709 6.63971 6.42518 6.56199 6.29881 7.04286 6.68177 6.13755 6.3543 6.41752 6.23478 6.20821 

--------------------------------------
Time: 34.5039
Split Ratios: 1 1 1 1 1 1 1 1 1 1 1 1 1 1 1 1 1 1 1 1 1 1 1 1 1 1 1 1 1 1 
Delays: 0.00970938 0.0075309 0.00613829 0.00438965 0.00770731 0.00616956 0.00842935 0.0059321 0.00756251 0.00852558 0.00744802 0.00430782 0.00781496 0.00763054 0.00970748 0.00462253 0.00838565 0.00621336 0.0074211 0.00438835 0.00738874 0.00619012 0.00747992 0.0043309 0.0061738 0.00849862 0.00957759 0.00761715 0.00617561 0.00765314 
Throughputs: 4.70221 4.35814 5.25926 4.78413 3.86662 2.91635 4.1943 4.6039 3.08019 3.03104 4.1943 3.48979 4.94797 4.99712 4.4073 3.44064 4.78413 4.78413 3.71917 3.03104 4.75136 4.39091 3.88301 4.84966 4.88243 4.07962 5.25926 4.48922 3.48979 4.39091 
Utility: 6.1827 6.36079 6.7532 6.99381 6.21797 6.15846 6.20976 6.65428 6.00954 5.87359 6.33354 6.69716 6.45069 6.48446 6.11812 6.61247 6.34654 6.64636 6.21693 6.53771 6.46623 6.56434 6.25214 7.02089 6.67308 6.17385 6.30832 6.37903 6.33699 6.35218 

--------------------------------------
Time: 35.0039
Split Ratios: 1 1 1 1 1 1 1 1 1 1 1 1 1 1 1 1 1 1 1 1 1 1 1 1 1 1 1 1 1 1 
Delays: 0.0105769 0.0076469 0.00596357 0.00440797 0.00794249 0.00617647 0.0087694 0.00597819 0.00740735 0.00843524 0.00766969 0.0043149 0.0080001 0.00760496 0.0104073 0.00452019 0.00835313 0.00620279 0.0074436 0.0044113 0.00749941 0.00611638 0.00764218 0.00431492 0.00617713 0.00848336 0.00992382 0.00751586 0.00616398 0.0076258 
Throughputs: 4.11238 4.34176 4.6039 4.39091 4.06323 2.83443 4.71859 4.35814 2.78528 3.45702 4.55475 3.71917 4.98074 4.70221 3.94854 3.35872 4.42368 4.99712 3.52256 3.47341 5.06266 4.62029 4.48922 4.39091 5.17734 3.9977 5.24288 4.53837 3.24403 4.29261 
Utility: 5.96309 6.34173 6.64899 6.90388 6.23751 6.12885 6.288 6.59168 5.92963 6.01575 6.38665 6.75918 6.43388 6.42699 5.93859 6.61076 6.27209 6.69162 6.15959 6.66872 6.51482 6.62724 6.37575 6.92521 6.73119 6.15537 6.26969 6.40331 6.26585 6.33311 

--------------------------------------
Time: 35.5039
Split Ratios: 1 1 1 1 1 1 1 1 1 1 1 1 1 1 1 1 1 1 1 1 1 1 1 1 1 1 1 1 1 1 
Delays: 0.00890883 0.00759086 0.00605347 0.00440113 0.00777306 0.00651016 0.00729082 0.00615769 0.00754869 0.00900797 0.00752464 0.00432166 0.00795344 0.0078512 0.0086975 0.00454691 0.00898168 0.00621763 0.00744459 0.00436855 0.00739857 0.0059758 0.0074983 0.00432221 0.00623996 0.00905689 0.00894054 0.00749476 0.00611968 0.00749118 
Throughputs: 4.17792 4.39091 4.94797 4.58752 4.47283 3.22765 4.25984 4.75136 3.32595 3.76832 4.22707 3.89939 4.96435 4.83328 3.80109 3.06381 4.35814 5.12819 3.70278 3.32595 4.68582 4.29261 3.96493 4.75136 5.02989 4.39091 5.17734 4.22707 3.22765 3.85024 
Utility: 6.15053 6.36035 6.7061 6.94923 6.35511 6.20614 6.37037 6.64848 6.08814 6.03627 6.33108 6.80494 6.43643 6.42261 6.08001 6.51297 6.18461 6.71512 6.20935 6.63508 6.45101 6.57693 6.27057 7.00242 6.69218 6.18377 6.36145 6.33506 6.268 6.24216 

--------------------------------------
Time: 36.0039
Split Ratios: 1 1 1 1 1 1 1 1 1 1 1 1 1 1 1 1 1 1 1 1 1 1 1 1 1 1 1 1 1 1 
Delays: 0.00977318 0.00763571 0.00611121 0.00439046 0.00783001 0.00628805 0.00838491 0.0058974 0.00750526 0.00847552 0.00757782 0.00429864 0.00788925 0.00767665 0.009756 0.00450324 0.00851338 0.00629552 0.00739434 0.00436766 0.00738899 0.00601055 0.00754952 0.00433609 0.00623386 0.00843946 0.00956917 0.00744463 0.00612625 0.00749794 
Throughputs: 4.37453 4.47283 4.96435 4.45645 4.30899 3.24403 4.94797 3.80109 2.91635 3.50618 4.25984 3.45702 4.55475 4.78413 3.94854 3.34234 4.8169 5.14458 3.65363 2.89997 4.89882 4.55475 4.07962 4.37453 5.11181 3.70278 5.48864 4.44006 3.35872 3.60448 
Utility: 6.10391 6.37294 6.69991 6.92267 6.3105 6.24592 6.3803 6.46853 5.96248 6.0251 6.33176 6.68987 6.35843 6.43488 6.00322 6.60963 6.33825 6.70586 6.20276 6.49823 6.49676 6.63041 6.29227 6.91658 6.70931 6.08392 6.35189 6.39093 6.30673 6.1753 

