--------------------------------------
Time: 5.50002
Split Ratios: 1 1 1 1 1 1 1 1 1 1 1 1 1 1 1 1 1 1 1 1 1 1 1 1 1 1 1 1 1 1 1 1 1 1 1 1 1 1 1 1 1 1 1 1 1 1 1 1 1 1 1 1 1 1 1 1 1 1 1 1 
Delays: 0.00547369 0.00435849 0.00334493 0.00563863 0.00451551 0.00332124 0.00328934 0.0032734 0.00326753 0.00438274 0.00561459 0.00443633 0.00559124 0.00438418 0.00548603 0.00440179 0.00548502 0.00329111 0.00440208 0.00569136 0.00438497 0.00325952 0.00445946 0.00560726 0.00435734 0.00552996 0.0055547 0.00328975 0.00556623 0.00572067 0.00560777 0.0055653 0.00331283 0.00550207 0.00549982 0.00439751 0.00444581 0.00545492 0.00554841 0.00445905 0.00328874 0.00440756 0.00435524 0.0043672 0.0043884 0.00438362 0.00445243 0.00456074 0.0056674 0.00446564 0.00440774 0.00554188 0.00546352 0.00561587 0.00443005 0.00549382 0.00437529 0.0055144 0.0032799 0.00325908 
Throughputs: 10.8954 11.518 10.8298 11.8948 10.8134 11.6654 11.5507 10.7151 12.7468 12.4518 10.6824 11.8948 10.4038 9.84678 10.7315 11.4196 11.3541 11.6982 11.862 10.8462 11.9931 11.3869 13.1727 11.518 12.4682 11.5016 10.879 11.0592 11.223 10.4858 11.5016 12.0095 11.8129 10.9281 11.4033 11.4033 11.1739 11.8292 10.3875 10.9117 11.3213 10.5021 10.666 11.4852 11.2886 12.0095 12.0259 11.9767 11.1903 11.8292 10.3875 12.0095 10.5349 11.2886 12.2552 11.9112 11.8948 11.2558 10.9609 12.1897 
Utility: 7.59614 7.87954 8.08261 7.65421 7.78103 8.16404 8.16382 8.09358 8.269 7.95195 7.55098 7.89403 7.52873 7.7169 7.57874 7.86108 7.63531 8.17596 7.89902 7.55262 7.9139 8.15864 7.99088 7.6276 7.95908 7.64006 7.57994 8.12021 7.60901 7.51369 7.62609 7.6769 8.17914 7.59397 7.63694 7.86062 7.82937 7.68181 7.53484 7.80266 8.14394 7.77601 7.80344 7.87469 7.85258 7.91558 7.90137 7.87323 7.58807 7.88192 7.76499 7.68112 7.56436 7.60595 7.9253 7.68161 7.90788 7.62128 8.11428 8.2269 

--------------------------------------
Time: 6.00005
Split Ratios: 1 1 1 1 1 1 1 1 1 1 1 1 1 1 1 1 1 1 1 1 1 1 1 1 1 1 1 1 1 1 1 1 1 1 1 1 1 1 1 1 1 1 1 1 1 1 1 1 1 1 1 1 1 1 1 1 1 1 1 1 
Delays: 0.00547185 0.00436083 0.00334934 0.00560128 0.00448311 0.00331133 0.00329056 0.00327335 0.00326458 0.0043833 0.0056452 0.00442831 0.00561284 0.00438851 0.0054885 0.00440555 0.00548443 0.00328748 0.00440104 0.00565977 0.00438677 0.0032578 0.00444273 0.00561821 0.00435711 0.00553331 0.00553923 0.00328382 0.00557157 0.00569117 0.00559338 0.00557606 0.0033063 0.00550189 0.00549969 0.0044062 0.00444602 0.00545113 0.00556446 0.00445042 0.00328885 0.00441157 0.0043581 0.00436674 0.0043892 0.00438447 0.00445659 0.00452625 0.00565218 0.00447974 0.00441356 0.00554881 0.00547031 0.00561277 0.00441972 0.00548631 0.0043776 0.00551134 0.00327407 0.00325897 
Throughputs: 10.7643 11.1411 10.9117 10.6824 10.5677 11.5507 11.9276 10.9937 11.5999 11.7473 11.1903 12.075 10.5677 11.092 11.2394 11.4688 11.2067 10.9445 11.862 11.3377 11.6326 10.6168 12.3699 12.1078 11.9767 12.5174 11.7473 10.5513 11.8784 10.8626 11.5343 12.1242 11.8456 11.305 11.9931 11.9931 11.5507 12.8287 11.223 11.0264 11.0592 11.1247 10.7971 10.6004 11.5343 13.0253 11.5343 11.862 11.1411 12.1242 10.7971 12.5993 11.3541 10.6332 12.1405 11.9767 11.5835 11.518 10.1417 11.862 
Utility: 7.58437 7.84574 8.08883 7.55335 7.76524 8.15715 8.19555 8.11926 8.17562 7.89358 7.592 7.91088 7.5405 7.83499 7.62453 7.86452 7.62235 8.11047 7.89925 7.60251 7.88298 8.08914 7.93175 7.67559 7.91891 7.72409 7.65953 8.075 7.6648 7.55416 7.6315 7.68447 8.18389 7.62791 7.68739 7.90907 7.86249 7.76362 7.60932 7.81505 8.12048 7.8327 7.81499 7.79464 7.87394 7.99658 7.8587 7.8712 7.58636 7.90339 7.80235 7.72781 7.638 7.54669 7.91823 7.68846 7.88083 7.64485 8.03838 8.19968 

--------------------------------------
Time: 6.50006
Split Ratios: 1 1 1 1 1 1 1 1 1 1 1 1 1 1 1 1 1 1 1 1 1 1 1 1 1 1 1 1 1 1 1 1 1 1 1 1 1 1 1 1 1 1 1 1 1 1 1 1 1 1 1 1 1 1 1 1 1 1 1 1 
Delays: 0.00547204 0.00435359 0.00335616 0.00563576 0.00452102 0.0033188 0.00329012 0.00327393 0.00326635 0.004384 0.0056446 0.00443722 0.0056066 0.0043879 0.00548691 0.00440809 0.00548256 0.00329499 0.00440593 0.00570938 0.00438354 0.00325756 0.00445862 0.00561676 0.00436083 0.0055276 0.0055674 0.00329487 0.0056051 0.00570873 0.00562252 0.00556173 0.00330567 0.00551156 0.00549628 0.00441034 0.00444216 0.00544927 0.00556681 0.00447594 0.00328935 0.00441368 0.00435992 0.00436681 0.00439664 0.0043797 0.00444915 0.0045484 0.00569237 0.00448124 0.00441388 0.00554065 0.00547411 0.00563707 0.00442397 0.0054952 0.0043761 0.00552531 0.00327449 0.00325847 
Throughputs: 11.01 11.2394 11.3705 11.9112 10.2072 12.1733 12.0422 11.1411 12.3863 12.1078 10.6004 11.649 10.5021 10.5185 10.9773 11.305 11.2067 11.3541 11.8129 11.436 12.3535 11.1247 13.0417 12.0914 12.3535 12.8123 12.0259 11.6163 11.2067 10.6824 11.5835 11.4852 11.9931 10.4038 11.5671 12.927 12.1078 12.2061 11.5999 11.5016 10.8462 11.6982 10.2892 10.7971 12.1242 11.5016 11.9439 12.4518 10.9281 12.1078 10.666 12.5501 10.0434 10.9937 12.3044 11.6163 11.4852 12.0422 10.5021 12.1569 
Utility: 7.60691 7.85618 8.12798 7.6561 7.72211 8.2074 8.20525 8.13241 8.24067 7.92364 7.53795 7.87295 7.53539 7.78204 7.60122 7.84955 7.62269 8.14493 7.89399 7.60241 7.94384 8.13595 7.98107 7.67449 7.94904 7.74841 7.67789 8.16779 7.60059 7.53435 7.63056 7.6329 8.19645 7.54308 7.65185 7.98312 7.91046 7.71421 7.64193 7.85152 8.10088 7.88248 7.76639 7.813 7.92212 7.87326 7.89527 7.91485 7.55997 7.9017 7.79006 7.72538 7.51464 7.57571 7.93067 7.65629 7.87266 7.68684 8.07317 8.2244 

--------------------------------------
Time: 7.00006
Split Ratios: 1 1 1 1 1 1 1 1 1 1 1 1 1 1 1 1 1 1 1 1 1 1 1 1 1 1 1 1 1 1 1 1 1 1 1 1 1 1 1 1 1 1 1 1 1 1 1 1 1 1 1 1 1 1 1 1 1 1 1 1 
Delays: 0.00548263 0.00435688 0.00333809 0.0056343 0.00453457 0.00331945 0.00328864 0.0032754 0.00326492 0.00438088 0.00560514 0.00443983 0.00558363 0.0043863 0.00548855 0.00440858 0.00548367 0.00329321 0.00441311 0.0057085 0.00438055 0.00325904 0.00444195 0.00559815 0.00435649 0.00553242 0.00553488 0.00328011 0.00557156 0.00570086 0.0056132 0.0055613 0.00330275 0.00550979 0.00549633 0.00440244 0.00442844 0.00545173 0.00554787 0.00443937 0.00329067 0.00441769 0.00435459 0.00436566 0.00438835 0.00438528 0.00445044 0.00454987 0.00567692 0.00447421 0.00442651 0.00555655 0.00546483 0.0056093 0.00443958 0.00549086 0.00437635 0.00551225 0.003276 0.00325941 
Throughputs: 11.1247 12.1569 11.0756 11.4688 10.4366 11.9603 12.1242 10.9117 11.6818 11.9603 11.3213 11.4196 10.2564 10.5513 10.5185 12.7468 10.9773 11.5835 12.3044 12.3208 12.0914 11.2067 11.9767 11.3541 12.6157 12.288 11.1084 10.8954 11.3869 10.6824 11.5507 11.4688 12.5174 10.9609 11.0592 11.9439 11.6654 12.927 10.9609 10.5185 11.3541 11.8129 9.91232 10.8954 11.8456 12.2552 11.01 11.9767 11.1084 12.8287 11.3377 11.9603 10.7807 12.1733 12.6812 12.1733 11.5835 10.5677 10.5513 11.1739 
Utility: 7.61534 7.9339 8.1071 7.61851 7.74135 8.18955 8.21248 8.11116 8.18255 7.9121 7.61076 7.85248 7.51582 7.78552 7.55823 7.96948 7.60181 8.16547 7.93313 7.67709 7.92308 8.14283 7.89963 7.6149 7.97103 7.70575 7.60438 8.10821 7.62254 7.53573 7.62938 7.63155 8.24012 7.59556 7.60694 7.90582 7.87634 7.77114 7.58867 7.77038 8.14624 7.89133 7.7303 7.82232 7.90076 7.93545 7.81356 7.87562 7.57904 7.96111 7.84828 7.67437 7.58718 7.68258 7.95732 7.70392 7.88112 7.55858 8.07738 8.13979 

--------------------------------------
Time: 7.50008
Split Ratios: 1 1 1 1 1 1 1 1 1 1 1 1 1 1 1 1 1 1 1 1 1 1 1 1 1 1 1 1 1 1 1 1 1 1 1 1 1 1 1 1 1 1 1 1 1 1 1 1 1 1 1 1 1 1 1 1 1 1 1 1 
Delays: 0.00547183 0.00436009 0.00335066 0.00559726 0.00449029 0.00332348 0.00328525 0.0032753 0.00326455 0.00437757 0.0056007 0.00443036 0.00556969 0.00438471 0.00548023 0.00440561 0.00548107 0.00329258 0.00440149 0.00567417 0.00437927 0.00325768 0.00445127 0.00560587 0.00435962 0.00552251 0.00554501 0.00328792 0.00556716 0.00566744 0.00559055 0.00553787 0.00329937 0.00549965 0.0054911 0.00439512 0.00441672 0.00544717 0.00553069 0.00446132 0.00328831 0.00440843 0.00435655 0.0043625 0.00438459 0.00438331 0.00444895 0.00450559 0.00563268 0.0044621 0.00441494 0.00555933 0.00546012 0.00561256 0.00443814 0.00548985 0.00437474 0.00551023 0.00327363 0.00325965 
Throughputs: 11.2558 12.288 11.8948 11.8784 10.5021 12.3044 12.0914 10.9281 12.0259 11.5999 10.8298 11.4524 10.0762 10.5841 11.0428 12.1078 10.8462 12.0095 11.2886 11.7309 12.3044 10.9937 13.1072 11.4033 12.4846 12.5829 11.6163 11.0264 11.305 9.74848 11.6982 10.9281 11.9603 10.6496 11.4852 12.0586 11.518 11.2886 10.3711 10.9609 11.3869 11.0428 11.1739 10.3875 11.3213 12.4518 11.7637 11.7637 10.4858 12.5829 9.99424 11.5343 10.3875 11.7309 12.8123 12.5338 11.6163 10.7643 9.84678 12.288 
Utility: 7.62903 7.94388 8.1747 7.6602 7.75742 8.2167 8.21081 8.11268 8.21169 7.88225 7.56717 7.85748 7.50059 7.78898 7.60839 7.91872 7.59027 8.20178 7.8496 7.63406 7.94083 8.12406 7.98773 7.61784 7.95987 7.73126 7.64726 8.11779 7.61611 7.45013 7.64611 7.58749 8.19562 7.56859 7.64568 7.91704 7.86626 7.63645 7.53646 7.80665 8.14984 7.82602 7.84965 7.77531 7.85635 7.95182 7.88011 7.86746 7.52919 7.94448 7.72477 7.63761 7.55088 7.64498 7.96792 7.73328 7.88431 7.57738 8.009 8.23476 

--------------------------------------
Time: 8.00009
Split Ratios: 1 1 1 1 1 1 1 1 1 1 1 1 1 1 1 1 1 1 1 1 1 1 1 1 1 1 1 1 1 1 1 1 1 1 1 1 1 1 1 1 1 1 1 1 1 1 1 1 1 1 1 1 1 1 1 1 1 1 1 1 
Delays: 0.00547499 0.0043578 0.0033544 0.00563127 0.00451643 0.0033136 0.00328656 0.00327243 0.00326509 0.00438799 0.0056368 0.00443793 0.0055885 0.00439339 0.00549213 0.00440912 0.00548662 0.00330303 0.004409 0.00568362 0.00438567 0.00325713 0.00444928 0.00562174 0.0043563 0.00553063 0.00554926 0.00328151 0.00558405 0.005708 0.00561587 0.00555999 0.00330065 0.00550233 0.00549739 0.00440162 0.00442539 0.00544881 0.00555237 0.00446094 0.00329187 0.00442072 0.00435725 0.0043659 0.00438355 0.00438423 0.00446915 0.00454152 0.005655 0.00447244 0.00441659 0.00557088 0.00546245 0.0056199 0.00443247 0.00550295 0.00437724 0.00551308 0.00327385 0.00325757 
Throughputs: 10.7643 11.0592 10.9117 11.223 11.4688 11.6654 11.223 10.453 12.0586 12.0422 10.9937 11.7146 10.2728 11.2886 10.7151 12.0259 12.0095 12.3044 11.5999 11.8129 11.7637 10.4366 12.5338 11.6326 12.5829 12.8778 11.4852 11.0264 11.7146 10.1253 10.879 12.2552 11.5999 11.0264 12.4518 11.9112 11.7965 12.1405 10.6988 11.7146 11.4852 11.9276 10.4202 10.5677 11.9439 11.8948 11.8129 11.8129 10.453 12.0095 11.1084 12.4191 10.4694 11.9112 12.5993 11.8784 11.862 11.223 10.8462 11.5999 
Utility: 7.5838 7.83905 8.08732 7.59739 7.83966 8.16635 8.13588 8.06911 8.21425 7.9173 7.57576 7.8784 7.51654 7.85145 7.5761 7.91114 7.69114 8.22287 7.8751 7.63936 7.89443 8.07223 7.94344 7.63493 7.96847 7.75296 7.63515 8.11975 7.64867 7.48093 7.56899 7.69811 8.16463 7.60288 7.72535 7.90326 7.8882 7.70891 7.56366 7.87323 8.15736 7.9003 7.77966 7.79173 7.91012 7.90584 7.87975 7.86368 7.5221 7.89552 7.83008 7.70944 7.55831 7.65892 7.95244 7.67719 7.90468 7.6186 8.1056 8.17777 

--------------------------------------
Time: 8.50009
Split Ratios: 1 1 1 1 1 1 1 1 1 1 1 1 1 1 1 1 1 1 1 1 1 1 1 1 1 1 1 1 1 1 1 1 1 1 1 1 1 1 1 1 1 1 1 1 1 1 1 1 1 1 1 1 1 1 1 1 1 1 1 1 
Delays: 0.0054725 0.00435749 0.00335546 0.0056439 0.00452161 0.00331772 0.00328514 0.00327469 0.00326751 0.00438326 0.00562407 0.0044315 0.00560623 0.00438622 0.00548685 0.00440977 0.00548059 0.00329255 0.004404 0.00569914 0.00438686 0.0032567 0.0044625 0.00563246 0.00436114 0.00551882 0.00555989 0.00328745 0.00558605 0.00571746 0.00562255 0.00557537 0.00330346 0.00549904 0.0054943 0.00441026 0.00444814 0.0054493 0.00555656 0.0044658 0.00328524 0.00441325 0.0043565 0.00436583 0.00438279 0.00438767 0.00444652 0.00456819 0.00567135 0.00447072 0.0044107 0.00554441 0.00547097 0.005639 0.00443255 0.00549338 0.00437668 0.00551879 0.00327502 0.00325782 
Throughputs: 10.5677 10.6988 10.9117 11.9439 11.5343 12.5174 12.2716 11.01 12.1078 12.2061 10.9445 12.2225 10.879 10.2892 11.6818 11.2067 11.3213 11.8129 12.0914 11.4852 12.075 10.5841 12.1569 11.5507 12.0422 12.2388 11.1903 9.91232 12.2552 10.6988 10.7643 11.9276 12.288 11.0756 11.6326 12.5665 12.4682 12.5174 10.8462 11.9439 11.436 11.305 11.0428 11.8948 11.4688 12.3535 11.7146 12.3044 11.436 12.3863 10.453 11.8456 10.6824 12.3208 12.3208 12.0422 11.2886 11.305 10.6332 11.7146 
Utility: 7.56582 7.80599 8.08701 7.6574 7.84421 8.2356 8.22563 8.12034 8.21757 7.9319 7.57354 7.92229 7.57071 7.76038 7.66343 7.84044 7.63323 8.18528 7.91774 7.6085 7.92028 8.08639 7.90995 7.62596 7.92344 7.70421 7.60722 8.01142 7.69344 7.53436 7.5572 7.66825 8.22141 7.60792 7.65786 7.95486 7.93845 7.73939 7.57659 7.89153 8.15509 7.84839 7.83787 7.91005 7.8697 7.9429 7.87647 7.89859 7.6091 7.9268 7.77061 7.66692 7.57689 7.68934 7.93007 7.69263 7.85526 7.62484 8.08541 8.18753 

--------------------------------------
Time: 9.00009
Split Ratios: 1 1 1 1 1 1 1 1 1 1 1 1 1 1 1 1 1 1 1 1 1 1 1 1 1 1 1 1 1 1 1 1 1 1 1 1 1 1 1 1 1 1 1 1 1 1 1 1 1 1 1 1 1 1 1 1 1 1 1 1 
Delays: 0.0054792 0.00435474 0.00336117 0.00567923 0.00457565 0.00332032 0.00328746 0.00327478 0.00326593 0.00438022 0.00562518 0.00442999 0.00558624 0.00438418 0.00547962 0.00440467 0.00547895 0.00328824 0.00440238 0.00574527 0.00438136 0.00325712 0.0044662 0.00561881 0.00435794 0.00551987 0.00555108 0.0032892 0.00557458 0.0057598 0.00567947 0.00555649 0.00329781 0.0054965 0.00548787 0.00439844 0.0044351 0.0054503 0.00555067 0.00447031 0.00329344 0.00441668 0.00435423 0.00436534 0.00438861 0.00438275 0.00445131 0.0046109 0.00571743 0.00446403 0.00441017 0.00554857 0.00545963 0.00562584 0.00442999 0.00549233 0.00437498 0.00552328 0.00327595 0.00325876 
Throughputs: 11.436 11.5999 11.2558 11.6654 11.01 11.649 12.5338 10.7643 12.0914 11.8129 11.1575 11.5671 10.24 10.2728 11.3705 11.4852 10.8134 12.5338 12.0914 12.1733 12.3699 10.6988 12.9761 11.8292 11.9767 12.2388 11.1575 11.4196 11.2067 11.436 11.3213 10.1581 11.4033 10.3875 11.5999 11.4196 11.3213 11.9276 11.518 11.8456 12.0422 11.2067 10.1581 10.7151 12.1078 12.3863 10.4038 12.5338 11.5671 11.9439 10.027 11.2722 10.3711 11.6654 12.5665 11.6654 11.2067 11.862 10.8298 12.5338 
Utility: 7.64357 7.88749 8.11635 7.62757 7.78581 8.16292 8.24607 8.09774 8.2167 7.89984 7.59262 7.86752 7.51375 7.75925 7.63774 7.86615 7.58763 8.24583 7.9181 7.65862 7.94566 8.09704 7.97433 7.65221 7.91872 7.70402 7.60588 8.15245 7.60605 7.59362 7.59759 7.51106 8.1484 7.54424 7.65621 7.86184 7.8449 7.69094 7.63774 7.88226 8.20424 7.83887 7.75488 7.80572 7.92259 7.94667 7.75673 7.90776 7.6124 7.89193 7.72912 7.61655 7.54939 7.63701 7.95039 7.66103 7.84836 7.67212 8.10345 8.25483 

--------------------------------------
Time: 9.50009
Split Ratios: 1 1 1 1 1 1 1 1 1 1 1 1 1 1 1 1 1 1 1 1 1 1 1 1 1 1 1 1 1 1 1 1 1 1 1 1 1 1 1 1 1 1 1 1 1 1 1 1 1 1 1 1 1 1 1 1 1 1 1 1 
Delays: 0.00547465 0.0043556 0.00333756 0.00564138 0.00452324 0.00330518 0.00328658 0.00327264 0.00326381 0.00438361 0.00562017 0.00443063 0.00559339 0.00438871 0.00548441 0.00441047 0.0054762 0.00329322 0.00440075 0.0056909 0.00437662 0.00325799 0.00444404 0.0056123 0.00435855 0.00552026 0.00554684 0.0032863 0.00557608 0.00571028 0.00562066 0.00555574 0.0033064 0.00550103 0.00549476 0.00440016 0.00442941 0.00545011 0.00555262 0.00444378 0.00328544 0.00441431 0.00435603 0.00436405 0.00438439 0.0043823 0.00444806 0.00455234 0.00565576 0.0044662 0.00441491 0.00554045 0.0054692 0.00562149 0.00442065 0.00549583 0.00437489 0.00550922 0.00327455 0.00325828 
Throughputs: 11.0592 11.4524 10.7643 11.9439 11.6163 12.501 11.8456 10.8626 11.5671 11.3213 10.8298 11.1411 10.3875 10.2728 11.0756 11.518 11.1739 11.6654 11.5671 12.1078 12.3699 11.1575 12.075 11.6818 11.9439 12.4355 11.305 11.2886 12.1242 10.0434 11.3869 10.8134 12.9597 10.9609 11.5999 12.0095 11.4196 12.4027 10.9937 10.7151 10.9281 11.7473 10.1253 11.2067 11.518 13.2874 11.2558 12.2225 11.1575 12.8614 10.7643 11.9112 10.7479 11.2722 11.8292 11.6326 10.9937 10.5841 10.4366 11.5835 
Utility: 7.61089 7.87449 8.07875 7.65785 7.85093 8.23807 8.18987 8.10748 8.17303 7.85657 7.5637 7.82986 7.52677 7.75822 7.61059 7.86768 7.62092 8.17252 7.87414 7.66273 7.94675 8.13876 7.90733 7.64083 7.91584 7.71988 7.61977 8.14179 7.68447 7.4724 7.61377 7.57371 8.27374 7.59715 7.65496 7.91181 7.85482 7.73003 7.5908 7.78791 8.1096 7.88653 7.75123 7.85086 7.87361 8.017 7.83617 7.89539 7.58719 7.96545 7.799 7.67316 7.58333 7.6035 7.89204 7.65758 7.82919 7.56068 8.06689 8.17614 

--------------------------------------
Time: 10.0001
Split Ratios: 1 1 1 1 1 1 1 1 1 1 1 1 1 1 1 1 1 1 1 1 1 1 1 1 1 1 1 1 1 1 1 1 1 1 1 1 1 1 1 1 1 1 1 1 1 1 1 1 1 1 1 1 1 1 1 1 1 1 1 1 
Delays: 0.00547235 0.00435835 0.00335474 0.00565137 0.00451716 0.00332193 0.00328252 0.00327492 0.00326586 0.00438402 0.00561766 0.00443789 0.00559477 0.00438282 0.00549136 0.00440345 0.00547721 0.00329314 0.00440513 0.00569765 0.00439131 0.00325801 0.00445437 0.00560947 0.00435586 0.00553277 0.00555522 0.00328791 0.00557546 0.0056971 0.00561892 0.00554644 0.00329927 0.00550771 0.00549335 0.00440021 0.00442957 0.00544712 0.00553929 0.00446197 0.0032839 0.00441917 0.0043586 0.00436453 0.00438964 0.00438424 0.00444498 0.00456549 0.00568509 0.00446244 0.00441785 0.00556582 0.00546803 0.00560006 0.0044256 0.0054941 0.0043708 0.00552982 0.00327714 0.00325893 
Throughputs: 10.3875 10.9937 10.9609 12.1897 10.1745 12.1405 11.8948 10.0925 12.1733 11.5343 10.7643 11.4196 11.2394 10.027 10.9117 11.3869 11.5835 11.9767 11.6654 11.8456 12.6157 11.1903 12.5665 11.9276 12.4191 12.288 12.3372 10.9937 11.2394 9.79763 11.2886 10.8954 11.9603 10.7643 11.6818 11.6163 11.4524 12.3535 10.5349 11.6818 10.7971 11.305 11.2067 10.8954 11.6326 12.075 11.4688 12.9106 11.5016 12.6484 10.1417 12.3372 11.1739 11.0592 12.5174 11.9112 11.1575 10.8298 10.5677 11.0756 
Utility: 7.54865 7.83298 8.09172 7.67645 7.71975 8.20376 8.19524 8.03326 8.22348 7.87512 7.55807 7.85291 7.60535 7.73535 7.59442 7.85783 7.65674 8.19888 7.88161 7.63966 7.96307 8.14168 7.94491 7.66215 7.95547 7.70569 7.70563 8.11482 7.60881 7.44994 7.60541 7.58294 8.19565 7.57784 7.66225 7.87851 7.85765 7.72661 7.55058 7.8702 8.098 7.84705 7.85211 7.82258 7.88232 7.92088 7.85561 7.94728 7.61239 7.94959 7.73876 7.70373 7.62242 7.58824 7.94747 7.68156 7.84492 7.5799 8.07858 8.1311 

--------------------------------------
Time: 10.5001
Split Ratios: 1 1 1 1 1 1 1 1 1 1 1 1 1 1 1 1 1 1 1 1 1 1 1 1 1 1 1 1 1 1 1 1 1 1 1 1 1 1 1 1 1 1 1 1 1 1 1 1 1 1 1 1 1 1 1 1 1 1 1 1 
Delays: 0.00547319 0.00435355 0.00334837 0.00562525 0.00451561 0.00332584 0.00328685 0.00327231 0.00326408 0.004386 0.00562967 0.00443813 0.00559755 0.00438539 0.00547529 0.00439965 0.00548039 0.00329028 0.00439737 0.00571965 0.00438215 0.00325935 0.00445494 0.00562408 0.00435567 0.00551434 0.00554703 0.00328294 0.0055821 0.00572353 0.0056137 0.0055623 0.00330309 0.00549588 0.0054867 0.00440226 0.00443942 0.00545277 0.00555638 0.00444828 0.00329371 0.00442012 0.00435358 0.00436479 0.00438578 0.00438205 0.00445774 0.00455037 0.00566921 0.00447329 0.00442063 0.00556274 0.00546722 0.00561581 0.00444754 0.00549001 0.00437623 0.00551481 0.00327476 0.00325814 
Throughputs: 11.0428 10.5513 10.9281 11.7309 10.9281 12.1242 12.2061 11.092 11.7965 12.1242 11.5507 11.8948 10.8134 10.4858 10.8298 11.9931 11.1903 11.862 12.0259 12.3863 11.8292 11.0264 12.1242 11.6163 12.3372 12.0095 11.3541 11.0592 11.3377 10.7971 11.7965 11.0756 12.5338 10.8954 11.5999 11.8129 12.1078 12.288 11.3541 11.1084 11.9767 11.1084 9.99424 11.3213 10.9445 13.3202 11.518 12.4518 11.518 12.8451 10.8462 12.0586 10.9445 11.9767 12.7959 11.5016 11.4033 11.01 10.5841 12.8942 
Utility: 7.60967 7.79301 8.09062 7.64272 7.79156 8.20123 8.21976 8.12848 8.19258 7.92454 7.62645 7.89362 7.56622 7.7795 7.58981 7.91056 7.62162 8.19012 7.91381 7.68044 7.90079 8.12652 7.90894 7.6331 7.94889 7.6861 7.62407 8.12228 7.61633 7.54244 7.65035 7.59649 8.24132 7.59209 7.65642 7.89483 7.91108 7.72025 7.62239 7.82293 8.1987 7.82929 7.73876 7.86087 7.82223 8.01952 7.85702 7.91441 7.61661 7.96259 7.80529 7.68144 7.60182 7.66513 7.96453 7.64731 7.86547 7.59913 8.08086 8.28338 

--------------------------------------
Time: 11.0002
Split Ratios: 1 1 1 1 1 1 1 1 1 1 1 1 1 1 1 1 1 1 1 1 1 1 1 1 1 1 1 1 1 1 1 1 1 1 1 1 1 1 1 1 1 1 1 1 1 1 1 1 1 1 1 1 1 1 1 1 1 1 1 1 
Delays: 0.00546793 0.00435842 0.00334546 0.00564839 0.00453749 0.00332392 0.00328322 0.00327101 0.00326493 0.00438484 0.00563367 0.00443586 0.00558393 0.00438829 0.0054853 0.00440585 0.00548284 0.00329381 0.00440534 0.00570047 0.00438755 0.00325809 0.00445519 0.00560779 0.00435745 0.00552606 0.00554837 0.00328639 0.0055921 0.00571649 0.00564537 0.00556461 0.00330748 0.00550792 0.00549698 0.0043951 0.00442591 0.00544984 0.00553291 0.00446467 0.00328621 0.00441184 0.00435967 0.00436548 0.0043849 0.00438395 0.00445388 0.00457313 0.0056658 0.00448068 0.004404 0.00555108 0.00546885 0.00561705 0.00443261 0.00549175 0.00437605 0.00552073 0.00327799 0.00325857 
Throughputs: 10.1089 11.8784 10.9937 11.3213 10.8462 12.1078 12.0914 10.7315 11.4524 11.862 10.9445 12.6812 11.4688 10.7315 10.6332 11.8292 11.6163 11.9276 11.3377 11.9603 12.1405 10.8954 11.7309 11.862 12.1733 11.8784 11.9276 10.6824 11.4852 10.2072 12.075 11.3541 11.5999 10.4202 12.5338 11.5507 11.7965 11.9439 10.7643 11.7637 11.5016 11.0592 10.6824 9.96147 12.5665 12.3372 11.0756 12.5174 10.8298 12.7959 10.3547 11.9112 10.3547 11.4688 12.9597 12.0095 11.436 10.9773 10.5349 12.075 
Utility: 7.52227 7.91037 8.09747 7.60308 7.7792 8.20046 8.21142 8.09584 8.16272 7.90294 7.57183 7.95816 7.62749 7.802 7.56967 7.8954 7.65854 8.19456 7.85307 7.6488 7.92553 8.11495 7.87591 7.65694 7.93511 7.673 7.6731 8.08656 7.62746 7.4875 7.66806 7.62091 8.16256 7.54532 7.73198 7.87401 7.88808 7.69239 7.57328 7.87658 8.1605 7.82673 7.80395 7.73275 7.96062 7.94242 7.81872 7.91467 7.55561 7.95711 7.76268 7.67124 7.54613 7.62158 7.98062 7.6902 7.86838 7.59507 8.07522 8.21761 

--------------------------------------
Time: 11.5002
Split Ratios: 1 1 1 1 1 1 1 1 1 1 1 1 1 1 1 1 1 1 1 1 1 1 1 1 1 1 1 1 1 1 1 1 1 1 1 1 1 1 1 1 1 1 1 1 1 1 1 1 1 1 1 1 1 1 1 1 1 1 1 1 
Delays: 0.00547612 0.00435728 0.00334969 0.00563317 0.00452282 0.00331318 0.00328694 0.0032723 0.00326583 0.00438188 0.00563568 0.00443708 0.00559359 0.00438812 0.00548624 0.00440392 0.00547885 0.00329184 0.00440217 0.00569812 0.00438527 0.00325844 0.00445708 0.00561883 0.00435921 0.00551999 0.00555136 0.00329189 0.00557512 0.0057129 0.00561991 0.00556152 0.00330029 0.00549916 0.00549036 0.0044045 0.00444207 0.00545142 0.00556216 0.00446083 0.00328989 0.00441258 0.00436281 0.00436969 0.00438466 0.00438592 0.00444329 0.00454323 0.00567363 0.00445708 0.00440886 0.00554511 0.00547243 0.00563004 0.00443451 0.005495 0.0043776 0.00551107 0.00327397 0.00325865 
Throughputs: 10.9937 11.5016 10.879 11.862 10.4202 12.1078 11.9767 11.2394 12.1242 12.2388 11.092 11.5016 10.7643 10.5513 11.1903 11.8784 11.01 11.6326 11.7965 11.3869 12.4191 10.1417 12.0259 11.01 12.8942 12.3863 11.436 11.3541 10.5677 10.9773 11.2394 11.862 11.518 10.5677 11.9931 12.7304 11.518 11.9767 11.7473 11.6163 10.666 11.1411 10.0434 10.9281 12.501 12.0095 11.8948 12.0422 11.3377 12.3535 10.7643 11.5507 10.1745 11.305 12.1733 12.4682 11.4524 11.01 10.3547 12.501 
Utility: 7.60468 7.87839 8.08572 7.65242 7.74237 8.20369 8.20076 8.14169 8.21944 7.93489 7.58486 7.86024 7.56237 7.7851 7.62056 7.89998 7.60567 8.17012 7.89346 7.60008 7.94874 8.04316 7.90032 7.58044 7.99224 7.71597 7.63048 8.14587 7.54724 7.56086 7.60087 7.66523 8.15765 7.56096 7.68909 7.96912 7.86054 7.69484 7.65539 7.86483 8.08396 7.83394 7.74155 7.8244 7.95545 7.91505 7.89246 7.88254 7.60006 7.9272 7.80037 7.64159 7.52791 7.60488 7.91758 7.7271 7.86946 7.5998 8.05919 8.25225 

--------------------------------------
Time: 12.0002
Split Ratios: 1 1 1 1 1 1 1 1 1 1 1 1 1 1 1 1 1 1 1 1 1 1 1 1 1 1 1 1 1 1 1 1 1 1 1 1 1 1 1 1 1 1 1 1 1 1 1 1 1 1 1 1 1 1 1 1 1 1 1 1 
Delays: 0.0054731 0.00435719 0.00336829 0.00560255 0.00449408 0.00331812 0.00328918 0.00327537 0.00326481 0.00438756 0.0056347 0.00443674 0.00559578 0.0043834 0.00548456 0.00439991 0.00548257 0.00329165 0.00440427 0.00565732 0.00437788 0.00325663 0.00446671 0.00562584 0.00435967 0.00552747 0.00556484 0.00328789 0.00556512 0.00568312 0.00558401 0.00555139 0.00329939 0.00550627 0.0054903 0.00439649 0.00444265 0.00544525 0.00555353 0.00447919 0.00328809 0.0044069 0.00436141 0.00436382 0.00438363 0.00438239 0.00446008 0.00452051 0.00562491 0.00445231 0.00440665 0.00554878 0.00546374 0.00563901 0.0044323 0.00548658 0.00437223 0.0055114 0.00327246 0.00325862 
Throughputs: 10.6332 11.3705 11.305 11.2558 10.9609 12.6484 12.0095 10.5349 12.0586 11.649 11.0756 11.1247 10.3711 10.6496 10.9937 10.4038 10.8134 11.7309 12.5665 11.5999 11.4852 10.8462 12.8287 11.862 13.0253 12.7959 11.9439 10.7971 10.8134 10.1581 11.0428 11.5016 12.075 10.2728 11.7473 11.6818 12.1242 12.6648 11.0756 11.1084 10.4038 11.2394 10.5349 10.9445 12.1569 12.288 11.518 11.862 10.9445 12.2388 10.8626 11.9603 10.0925 11.6654 12.6321 11.0592 11.092 10.9117 10.4858 12.1897 
Utility: 7.57189 7.86695 8.11859 7.60542 7.79933 8.24589 8.20281 8.07602 8.21433 7.8842 7.58355 7.82701 7.52476 7.79545 7.60314 7.76835 7.58697 8.1786 7.95622 7.6258 7.87225 8.11088 7.96279 7.65373 8.00225 7.74715 7.67151 8.09678 7.57203 7.48852 7.58963 7.63619 8.20516 7.53136 7.6684 7.88498 7.9117 7.75184 7.59806 7.81601 8.05962 7.84401 7.78965 7.82725 7.92778 7.93879 7.8565 7.87247 7.57339 7.91895 7.80997 7.67577 7.52142 7.63467 7.95508 7.60871 7.8387 7.59078 8.07223 8.22704 

