--------------------------------------
Time: 5.50003
Split Ratios: 1 1 1 1 1 1 1 1 1 1 1 1 1 1 1 1 1 1 1 1 1 1 1 1 1 1 1 1 1 1 1 1 1 1 1 1 1 1 1 1 
Delays: 0.00783199 0.00737686 0.00747226 0.0060346 0.00618253 0.00621629 0.00734788 0.00623787 0.00571456 0.00434982 0.00427725 0.00622143 0.00714519 0.00784297 0.00624848 0.00856199 0.0077924 0.00434708 0.00428915 0.0057382 0.0046626 0.00741824 0.00588131 0.00443535 0.00597325 0.00583142 0.00853738 0.00672824 0.0054061 0.00454547 0.0073693 0.0058514 0.00432526 0.00442867 0.00760352 0.00729612 0.00606935 0.00577669 0.00429567 0.00605594 
Throughputs: 3.85024 2.29376 2.39206 2.8672 3.73555 3.01466 1.93331 2.5559 3.3751 2.57229 1.86778 2.63782 2.9655 2.57229 2.17907 3.04742 2.93274 3.16211 2.03162 2.93274 3.45702 2.26099 2.7689 2.4576 2.85082 3.09658 3.04742 3.96493 3.5881 3.60448 2.63782 1.93331 3.94854 2.24461 2.27738 2.8672 3.85024 2.68698 2.94912 3.76832 
Utility: 6.19767 5.7396 5.76871 6.16358 6.40392 6.18407 5.57258 6.01552 6.38116 6.38242 6.07919 6.04971 6.02836 5.79293 5.85432 5.87472 5.93054 6.58949 6.1605 6.23654 6.60859 5.71962 6.15442 6.31734 6.16807 6.27479 5.8776 6.37893 6.49785 6.6758 5.88039 5.80031 6.81663 6.22819 5.70217 5.97375 6.45264 6.14234 6.53165 6.43334 

--------------------------------------
Time: 6.00008
Split Ratios: 1 1 1 1 1 1 1 1 1 1 1 1 1 1 1 1 1 1 1 1 1 1 1 1 1 1 1 1 1 1 1 1 1 1 1 1 1 1 1 1 
Delays: 0.00768004 0.00728714 0.00739123 0.0060661 0.00603624 0.00602838 0.0072854 0.00647663 0.00572359 0.00431688 0.00429165 0.00644927 0.00689847 0.00769646 0.00641004 0.00843156 0.00807344 0.00432559 0.00427974 0.00570084 0.0045999 0.00745053 0.00595517 0.00442854 0.00604736 0.00593876 0.00841975 0.00668752 0.00516122 0.0045975 0.00729454 0.00578214 0.0043099 0.00442157 0.00749681 0.00739885 0.00613404 0.00576932 0.0042991 0.00597831 
Throughputs: 3.57171 2.01523 2.40845 2.39206 3.70278 3.06381 1.9497 2.57229 3.50618 2.75251 2.24461 3.50618 2.93274 2.5559 2.1463 3.11296 2.39206 3.04742 2.29376 2.52314 3.5881 2.06438 3.2768 2.19546 3.14573 3.12934 3.11296 3.83386 3.45702 3.71917 2.47398 2.08077 4.096 2.26099 2.4576 2.99827 3.76832 2.37568 2.99827 3.11296 
Utility: 6.14218 5.62238 5.78644 5.9772 6.41906 6.23094 5.58956 5.98435 6.41769 6.45774 6.25961 6.29831 6.05239 5.8054 5.81364 5.91135 5.69133 6.5575 6.28406 6.09264 6.65934 5.6243 6.31036 6.20607 6.25418 6.26708 5.91275 6.35138 6.50699 6.69574 5.82646 5.88572 6.85685 6.23706 5.79246 6.00447 6.42053 6.02049 6.54739 6.25519 

--------------------------------------
Time: 6.50028
Split Ratios: 1 1 1 1 1 1 1 1 1 1 1 1 1 1 1 1 1 1 1 1 1 1 1 1 1 1 1 1 1 1 1 1 1 1 1 1 1 1 1 1 
Delays: 0.00763667 0.00725812 0.00744365 0.00602998 0.00609389 0.00612351 0.00736015 0.00651667 0.00572916 0.00433208 0.00430455 0.00638399 0.0075162 0.00784946 0.00637783 0.00940431 0.00796827 0.00435963 0.00429707 0.00573355 0.00461743 0.00744373 0.00585237 0.00444065 0.00601134 0.00582061 0.00901704 0.00743529 0.00592077 0.00456322 0.00743578 0.00576839 0.00432465 0.00440588 0.00765065 0.00731644 0.00604033 0.00576962 0.00430529 0.00592376 
Throughputs: 3.39149 1.93331 2.81805 2.37568 3.88301 3.34234 2.11354 2.7689 3.40787 2.70336 2.32653 3.11296 3.35872 2.27738 2.03162 3.32595 2.63782 3.19488 1.76947 3.08019 3.40787 2.40845 2.9655 2.4576 3.14573 3.03104 3.16211 3.75194 3.30957 3.2768 2.78528 1.88416 4.1943 2.42483 2.49037 2.9655 3.52256 2.63782 2.88358 3.26042 
Utility: 6.09606 5.58487 5.93644 5.97629 6.45708 6.30229 5.66004 6.05184 6.38827 6.4362 6.29246 6.18954 6.10225 5.67033 5.76376 5.86834 5.80224 6.59692 6.0205 6.28641 6.60401 5.77937 6.22796 6.31614 6.26015 6.25526 5.85988 6.22379 6.32611 6.57659 5.9258 5.78885 6.87715 6.31058 5.78539 6.00468 6.36848 6.1251 6.50695 6.31064 

--------------------------------------
Time: 7.00051
Split Ratios: 1 1 1 1 1 1 1 1 1 1 1 1 1 1 1 1 1 1 1 1 1 1 1 1 1 1 1 1 1 1 1 1 1 1 1 1 1 1 1 1 
Delays: 0.00768203 0.00728299 0.00742617 0.00604321 0.00609627 0.00598335 0.00737209 0.00642264 0.00574381 0.00430768 0.0042764 0.00625946 0.0073656 0.00772656 0.00627656 0.00897253 0.00783346 0.00434857 0.00430808 0.00570951 0.00458751 0.00742124 0.00595453 0.00447571 0.005966 0.00588083 0.00889355 0.00696005 0.00571117 0.00455246 0.00739336 0.00581455 0.00432077 0.00439948 0.00750536 0.00737194 0.00608352 0.00577425 0.0042991 0.00597306 
Throughputs: 3.24403 2.11354 2.58867 2.40845 3.67002 3.47341 2.22822 2.57229 3.85024 2.60506 1.70394 2.93274 2.98189 2.3593 2.49037 3.08019 2.68698 3.19488 2.42483 2.68698 3.73555 2.32653 2.75251 3.2768 3.22765 3.30957 3.24403 3.67002 3.86662 3.30957 2.71974 1.83501 4.37453 2.24461 2.52314 3.09658 3.76832 2.7689 3.03104 3.24403 
Utility: 6.04569 5.67058 5.85389 5.9878 6.40027 6.36391 5.71126 5.99272 6.50777 6.40481 5.98758 6.1496 6.00349 5.72146 5.98336 5.83858 5.83777 6.59946 6.33302 6.15404 6.70231 5.74779 6.13612 6.59596 6.29343 6.33287 5.89925 6.26777 6.51771 6.5889 5.90771 5.75444 6.92012 6.2348 5.81764 6.04037 6.4288 6.1728 6.55825 6.29731 

--------------------------------------
Time: 7.50052
Split Ratios: 1 1 1 1 1 1 1 1 1 1 1 1 1 1 1 1 1 1 1 1 1 1 1 1 1 1 1 1 1 1 1 1 1 1 1 1 1 1 1 1 
Delays: 0.00771439 0.00725341 0.00741938 0.00601501 0.00602254 0.00596978 0.00734047 0.006506 0.00572741 0.00434426 0.00430415 0.00633991 0.00682714 0.0077134 0.00647256 0.00867709 0.00796211 0.00433307 0.00429449 0.00571463 0.00449259 0.00741037 0.00589639 0.00448952 0.00594619 0.00587504 0.00830496 0.00656441 0.00513291 0.00456984 0.00735847 0.0057906 0.00431717 0.0043869 0.00752621 0.00730656 0.0060548 0.00576985 0.00428482 0.00600546 
Throughputs: 3.29318 1.90054 2.58867 2.11354 3.52256 2.99827 2.17907 2.80166 3.47341 3.1785 2.24461 2.9655 2.88358 2.75251 2.27738 3.22765 2.60506 3.01466 2.24461 2.70336 3.1785 2.24461 2.89997 2.52314 2.91635 2.9655 3.08019 3.94854 3.63725 3.32595 2.60506 2.1463 4.12877 2.22822 2.75251 2.85082 3.57171 2.3593 2.67059 3.14573 
Utility: 6.05652 5.56842 5.8548 5.86186 6.37143 6.21908 5.69325 6.06524 6.40763 6.59531 6.25671 6.14794 6.04588 5.87731 5.86321 5.91882 5.79051 6.54497 6.25895 6.15922 6.56173 5.71341 6.19812 6.33151 6.19534 6.22409 5.91589 6.39944 6.56331 6.59003 5.86936 5.91527 6.86313 6.23034 5.90188 5.96659 6.37995 6.01347 6.43498 6.26113 

--------------------------------------
Time: 8.00059
Split Ratios: 1 1 1 1 1 1 1 1 1 1 1 1 1 1 1 1 1 1 1 1 1 1 1 1 1 1 1 1 1 1 1 1 1 1 1 1 1 1 1 1 
Delays: 0.00777306 0.0073581 0.00749086 0.0061541 0.00615265 0.00604666 0.00728534 0.00638345 0.00574938 0.00434843 0.00427747 0.0063623 0.00725546 0.00768982 0.00620064 0.00859577 0.00791924 0.00436775 0.0042816 0.00574013 0.00456032 0.00741396 0.00588936 0.00440871 0.00601498 0.00593506 0.00865641 0.00686329 0.00532563 0.00463151 0.00739912 0.00581052 0.00432725 0.00438561 0.00749542 0.00732327 0.00605254 0.00579007 0.00429647 0.00598435 
Throughputs: 3.93216 1.98246 2.62144 2.50675 3.98131 3.39149 2.17907 2.8672 3.62086 2.91635 1.7367 2.91635 3.21126 2.47398 2.06438 3.32595 2.63782 3.71917 2.62144 2.94912 3.62086 2.03162 2.88358 2.42483 3.29318 3.09658 2.91635 4.17792 3.34234 3.57171 2.4576 1.9497 3.94854 2.47398 2.42483 2.83443 3.6864 2.81805 2.89997 3.29318 
Utility: 6.22628 5.59629 5.85779 6.00963 6.47248 6.32952 5.70079 6.10738 6.44538 6.50827 6.00638 6.1277 6.09267 5.77369 5.80793 5.95824 5.80841 6.74701 6.41715 6.24178 6.67707 5.61322 6.19364 6.30994 6.30536 6.25718 5.81979 6.41138 6.44189 6.64792 5.80558 5.81576 6.81617 6.33526 5.77923 5.95854 6.41193 6.18766 6.51466 6.31046 

--------------------------------------
Time: 8.5006
Split Ratios: 1 1 1 1 1 1 1 1 1 1 1 1 1 1 1 1 1 1 1 1 1 1 1 1 1 1 1 1 1 1 1 1 1 1 1 1 1 1 1 1 
Delays: 0.0077212 0.00732405 0.00740558 0.00602071 0.00613576 0.00602609 0.00738724 0.00625006 0.00574671 0.00436012 0.00428186 0.00629664 0.00699529 0.00770674 0.00619663 0.00871388 0.00778646 0.00435435 0.00427943 0.0057249 0.00449996 0.00744998 0.0058726 0.00443152 0.0059441 0.00583528 0.00858948 0.0068675 0.00547097 0.00452156 0.00738556 0.00580878 0.00431452 0.00439801 0.00750746 0.00728055 0.00604527 0.00574866 0.00429545 0.00597097 
Throughputs: 3.80109 2.08077 2.80166 2.39206 3.93216 3.40787 2.12992 2.70336 3.81747 2.57229 1.98246 2.8672 2.73613 2.58867 1.96608 3.03104 2.7689 3.12934 1.80224 2.89997 3.09658 2.34291 2.70336 2.50675 3.32595 3.40787 3.21126 3.50618 3.5881 3.30957 2.7689 1.81862 3.93216 2.50675 2.44122 2.73613 3.80109 2.47398 2.67059 3.12934 
Utility: 6.19907 5.64933 5.93574 5.98471 6.46281 6.33774 5.66409 6.06966 6.49872 6.38005 6.13771 6.12108 5.96906 5.8168 5.75979 5.85174 5.87382 6.5774 6.04297 6.22763 6.53398 5.75094 6.13195 6.338 6.32711 6.36992 5.92388 6.23548 6.48592 6.59572 5.92668 5.74647 6.81496 6.34559 5.78435 5.92909 6.44377 6.06462 6.4325 6.26167 

--------------------------------------
Time: 9.00062
Split Ratios: 1 1 1 1 1 1 1 1 1 1 1 1 1 1 1 1 1 1 1 1 1 1 1 1 1 1 1 1 1 1 1 1 1 1 1 1 1 1 1 1 
Delays: 0.00771332 0.00730659 0.00745425 0.00605766 0.00608953 0.00608037 0.00734083 0.00628512 0.00572332 0.00432729 0.00428897 0.00619365 0.00705289 0.00761678 0.00618201 0.00856059 0.00775309 0.0043425 0.00428938 0.00571236 0.0045399 0.00740211 0.0058682 0.00437468 0.00598215 0.00587409 0.00854429 0.00673478 0.00546725 0.00458589 0.00736245 0.0058128 0.00433749 0.00444223 0.00746263 0.00730032 0.00601808 0.00576857 0.00432001 0.00594089 
Throughputs: 3.47341 2.19546 2.39206 2.37568 4.29261 3.22765 2.12992 2.7689 3.21126 2.85082 2.08077 3.1785 2.93274 2.22822 2.16269 3.06381 2.53952 3.48979 2.34291 2.4576 3.26042 2.22822 2.67059 2.50675 3.55533 3.62086 3.19488 3.57171 3.81747 3.1785 2.50675 1.99885 3.96493 2.62144 2.65421 3.48979 3.47341 2.47398 3.12934 3.26042 
Utility: 6.10994 5.70537 5.77113 5.97172 6.55808 6.27444 5.67039 6.08802 6.32987 6.49042 6.18444 6.24064 6.03025 5.67861 5.85746 5.88024 5.79164 6.68915 6.30301 6.06431 6.5767 5.7072 6.12051 6.35091 6.38742 6.42392 5.92404 6.27351 6.54857 6.54118 5.83035 5.84026 6.81795 6.38032 5.87399 6.16968 6.35812 6.06116 6.58532 6.30775 

--------------------------------------
Time: 9.50077
Split Ratios: 1 1 1 1 1 1 1 1 1 1 1 1 1 1 1 1 1 1 1 1 1 1 1 1 1 1 1 1 1 1 1 1 1 1 1 1 1 1 1 1 
Delays: 0.00769847 0.00728261 0.00744271 0.00606221 0.00606357 0.00605596 0.00730238 0.0065215 0.0057412 0.00435252 0.00428694 0.00642674 0.0074222 0.00765925 0.00627468 0.00896166 0.00805309 0.00435733 0.00427355 0.00572765 0.00461433 0.00740003 0.00590859 0.00439754 0.00599392 0.00589815 0.0089036 0.00720703 0.00567866 0.00462798 0.00731166 0.00581119 0.00431122 0.00444537 0.00746691 0.00732601 0.00603884 0.00576727 0.00430225 0.00590428 
Throughputs: 3.65363 2.09715 2.52314 2.17907 3.35872 3.53894 2.16269 2.4576 3.52256 2.89997 2.27738 3.09658 3.3751 2.62144 2.34291 3.03104 2.85082 3.30957 1.9497 2.99827 3.86662 1.91693 2.94912 2.26099 3.65363 3.09658 3.12934 3.86662 3.67002 3.7847 2.44122 1.86778 3.42426 2.47398 2.44122 2.70336 3.53894 2.71974 2.75251 2.94912 
Utility: 6.16246 5.66285 5.82602 5.88458 6.31702 6.37054 5.69091 5.93184 6.41928 6.5017 6.27521 6.17759 6.11971 5.83557 5.92263 5.82371 5.8693 6.63271 6.12298 6.26049 6.73097 5.557 6.21286 6.24251 6.41273 6.26341 5.86212 6.28508 6.47124 6.7066 5.81078 5.77272 6.67742 6.32172 5.78977 5.91082 6.37337 6.15609 6.46113 6.21358 

--------------------------------------
Time: 10.0008
Split Ratios: 1 1 1 1 1 1 1 1 1 1 1 1 1 1 1 1 1 1 1 1 1 1 1 1 1 1 1 1 1 1 1 1 1 1 1 1 1 1 1 1 
Delays: 0.00806414 0.00726579 0.00740324 0.00612141 0.00623965 0.00600863 0.00736125 0.00639646 0.00572518 0.00431746 0.00430121 0.00638787 0.00771543 0.00764313 0.00620613 0.00903631 0.00787486 0.00436187 0.0042814 0.00571079 0.00448788 0.0073889 0.00594999 0.00439608 0.00604506 0.0058783 0.00895561 0.00711512 0.00550855 0.00456754 0.00728798 0.00586981 0.00431259 0.00442829 0.00747768 0.00732069 0.00608517 0.00574695 0.00429805 0.00589655 
Throughputs: 3.55533 2.048 2.78528 2.70336 3.6864 3.75194 2.34291 2.52314 3.7847 2.49037 2.24461 3.2768 3.19488 2.37568 2.1463 3.19488 2.39206 2.98189 2.06438 2.52314 3.19488 2.03162 2.93274 2.048 3.6864 2.80166 3.42426 3.98131 3.44064 3.42426 2.37568 2.09715 4.29261 1.98246 2.44122 2.58867 3.57171 2.53952 3.03104 3.04742 
Utility: 6.08878 5.64144 5.93019 6.09046 6.38148 6.43683 5.76292 5.97751 6.49385 6.35752 6.25739 6.24022 6.02608 5.73923 5.84597 5.86805 5.71624 6.52741 6.17831 6.0909 6.56792 5.61661 6.2003 6.14391 6.41316 6.1667 5.94636 6.32714 6.43711 6.61966 5.78681 5.87851 6.90311 6.10408 5.78833 5.8682 6.37495 6.09106 6.5585 6.24768 

--------------------------------------
Time: 10.5008
Split Ratios: 1 1 1 1 1 1 1 1 1 1 1 1 1 1 1 1 1 1 1 1 1 1 1 1 1 1 1 1 1 1 1 1 1 1 1 1 1 1 1 1 
Delays: 0.00766699 0.00734231 0.00752786 0.00612559 0.00598785 0.00609063 0.00736225 0.00653696 0.00573789 0.00435947 0.0042958 0.00636596 0.00691569 0.00782775 0.00649566 0.00856315 0.0080506 0.00434243 0.00428781 0.00572723 0.00462469 0.0074368 0.00590464 0.0044458 0.00594133 0.00587712 0.00836136 0.00672785 0.00522491 0.00456016 0.00736635 0.00581709 0.00430549 0.00438681 0.00758849 0.00733086 0.00606063 0.0057512 0.00430855 0.00592282 
Throughputs: 3.06381 1.99885 2.32653 2.37568 3.75194 3.32595 2.3593 2.47398 3.3751 3.01466 2.01523 2.7689 3.04742 2.4576 2.58867 3.14573 2.81805 3.32595 2.08077 3.06381 3.67002 2.21184 3.01466 2.22822 3.16211 3.11296 3.29318 4.04685 3.48979 3.11296 2.9655 1.9497 3.83386 2.37568 2.49037 3.26042 4.07962 2.03162 2.67059 2.89997 
Utility: 5.99049 5.60667 5.73352 5.96056 6.44029 6.30276 5.76975 5.93611 6.37709 6.53889 6.15085 6.07524 6.08826 5.74927 5.98777 5.90633 5.85805 6.64108 6.18472 6.28218 6.67654 5.69514 6.2355 6.217 6.27706 6.27226 5.97599 6.39944 6.50416 6.52597 5.99788 5.81463 6.79174 6.29444 5.79355 6.09752 6.51194 5.86718 6.42945 6.19364 

--------------------------------------
Time: 11.0009
Split Ratios: 1 1 1 1 1 1 1 1 1 1 1 1 1 1 1 1 1 1 1 1 1 1 1 1 1 1 1 1 1 1 1 1 1 1 1 1 1 1 1 1 
Delays: 0.0077147 0.00734203 0.00755892 0.00605485 0.00609917 0.00602929 0.00739253 0.00633639 0.00573564 0.00434273 0.00429751 0.00629713 0.00717954 0.00767416 0.00623268 0.00876181 0.00791275 0.00433282 0.00428604 0.00571656 0.00453017 0.00742437 0.00592836 0.00442641 0.00600105 0.00584463 0.0085315 0.00678796 0.00524599 0.00456145 0.00734499 0.00581791 0.00430902 0.00438454 0.00748986 0.00733163 0.00605144 0.00576797 0.00430149 0.00597086 
Throughputs: 3.57171 2.5559 2.81805 2.44122 3.65363 3.22765 2.19546 2.53952 3.81747 2.63782 2.12992 2.91635 2.9655 2.80166 2.34291 3.42426 2.70336 3.12934 1.96608 2.63782 2.99827 2.22822 3.09658 2.68698 2.91635 2.88358 3.39149 3.60448 3.3751 3.40787 2.53952 1.86778 3.83386 2.09715 2.73613 2.98189 3.65363 2.4576 2.49037 3.32595 
Utility: 6.13767 5.85255 5.92107 5.99939 6.39532 6.28288 5.69368 5.99342 6.50064 6.40921 6.2058 6.13799 6.02357 5.90011 5.92934 5.96824 5.83378 6.58236 6.12843 6.13434 6.49503 5.70419 6.2583 6.40858 6.18616 6.20127 5.98526 6.27478 6.46672 6.6162 5.84571 5.77156 6.79092 6.17025 5.90075 6.00811 6.40318 6.05462 6.36122 6.32262 

--------------------------------------
Time: 11.5009
Split Ratios: 1 1 1 1 1 1 1 1 1 1 1 1 1 1 1 1 1 1 1 1 1 1 1 1 1 1 1 1 1 1 1 1 1 1 1 1 1 1 1 1 
Delays: 0.00766284 0.00726654 0.00743344 0.00601349 0.00615275 0.00596925 0.00730146 0.00632251 0.00572949 0.00434122 0.00428856 0.00638016 0.00745654 0.00775038 0.00645334 0.00875196 0.007885 0.00437809 0.00430896 0.00570877 0.00456633 0.00737696 0.00597781 0.00445808 0.00597792 0.00589685 0.00876117 0.00690873 0.00551624 0.0045443 0.00742078 0.00578661 0.00434216 0.00442857 0.00746744 0.00741045 0.00600902 0.00576077 0.00429632 0.00590945 
Throughputs: 3.34234 1.99885 2.7689 2.3593 4.04685 3.09658 2.22822 2.34291 3.71917 2.94912 2.11354 3.22765 2.98189 2.75251 2.31014 3.12934 2.88358 3.34234 1.91693 2.39206 3.06381 2.21184 2.98189 2.60506 3.29318 3.32595 3.14573 4.04685 3.83386 3.67002 2.57229 1.75309 3.9977 2.42483 2.53952 2.81805 4.01408 2.52314 3.01466 2.98189 
Utility: 6.07804 5.61705 5.92021 5.97211 6.48879 6.25143 5.72089 5.91503 6.47563 6.52111 6.20017 6.22632 5.99122 5.87253 5.88047 5.8793 5.90183 6.63781 6.09778 6.03791 6.5087 5.70322 6.21226 6.37049 6.31154 6.33509 5.88347 6.37291 6.54393 6.69408 5.84827 5.71359 6.8251 6.30544 5.82918 5.94091 6.5043 6.08219 6.55348 6.22376 

--------------------------------------
Time: 12.001
Split Ratios: 1 1 1 1 1 1 1 1 1 1 1 1 1 1 1 1 1 1 1 1 1 1 1 1 1 1 1 1 1 1 1 1 1 1 1 1 1 1 1 1 
Delays: 0.00775465 0.00732623 0.00747295 0.0060881 0.00606725 0.00601958 0.00738126 0.00647185 0.00573615 0.0043139 0.00427722 0.00650998 0.00753164 0.00773069 0.00635828 0.00921038 0.00807303 0.00435028 0.00428343 0.00571549 0.00451909 0.00737616 0.0059158 0.00444537 0.00598945 0.00585191 0.00912895 0.00726312 0.00590454 0.0045848 0.00734455 0.00580762 0.00431609 0.00443617 0.00753722 0.00730458 0.00611295 0.00578419 0.00431348 0.00592626 
Throughputs: 3.48979 2.24461 2.71974 2.78528 4.04685 3.29318 2.58867 2.78528 3.40787 2.81805 2.16269 3.01466 3.24403 2.5559 2.1463 2.99827 2.67059 3.14573 1.9497 2.8672 3.12934 2.29376 2.71974 2.44122 2.85082 2.8672 3.35872 3.80109 3.93216 3.7847 2.47398 1.72032 3.65363 2.5559 2.49037 2.91635 3.80109 2.57229 2.91635 3.45702 
Utility: 6.10931 5.72483 5.897 6.12577 6.50279 6.30459 5.85996 6.06464 6.38706 6.48196 6.2258 6.13791 6.06546 5.80096 5.82174 5.78546 5.80153 6.58356 6.12067 6.21791 6.54027 5.73969 6.13067 6.30839 6.16536 6.19432 5.90786 6.26023 6.50122 6.71598 5.81963 5.69109 6.74113 6.35637 5.80033 5.98959 6.43263 6.09742 6.51634 6.36877 

--------------------------------------
Time: 12.5011
Split Ratios: 1 1 1 1 1 1 1 1 1 1 1 1 1 1 1 1 1 1 1 1 1 1 1 1 1 1 1 1 1 1 1 1 1 1 1 1 1 1 1 1 
Delays: 0.00770377 0.00731489 0.00742283 0.00608253 0.00620219 0.00603687 0.0073306 0.00642388 0.00571561 0.00435153 0.00427944 0.00638536 0.00689792 0.00766682 0.00624325 0.00850503 0.00795985 0.00434908 0.00430162 0.00573507 0.00456286 0.00736569 0.00589575 0.0043822 0.00598733 0.00583838 0.00835161 0.00668743 0.00524031 0.00459129 0.00734515 0.00582253 0.00430268 0.00439379 0.00759166 0.00726216 0.00601532 0.00576801 0.00430428 0.00590568 
Throughputs: 3.32595 2.01523 2.70336 2.34291 3.91578 3.53894 1.96608 3.08019 3.55533 2.7689 1.96608 2.81805 2.57229 2.4576 2.08077 3.09658 2.31014 3.19488 2.32653 2.80166 3.47341 1.76947 3.11296 2.31014 3.40787 3.08019 3.29318 3.65363 3.89939 3.52256 2.27738 1.85139 3.98131 2.52314 2.57229 3.11296 3.83386 2.42483 2.81805 3.11296 
Utility: 6.0678 5.61858 5.89769 5.95373 6.44787 6.3737 5.59174 6.17272 6.433 6.45568 6.12998 6.08979 5.92133 5.77004 5.80899 5.8974 5.67065 6.59934 6.29314 6.19137 6.63494 5.4816 6.2691 6.26751 6.3442 6.26829 5.97716 6.30325 6.6122 6.64278 5.73674 5.76196 6.83013 6.35307 5.8255 6.06065 6.45732 6.04119 6.48419 6.26741 

--------------------------------------
Time: 13.0011
Split Ratios: 1 1 1 1 1 1 1 1 1 1 1 1 1 1 1 1 1 1 1 1 1 1 1 1 1 1 1 1 1 1 1 1 1 1 1 1 1 1 1 1 
Delays: 0.00779497 0.0073045 0.00741766 0.00611966 0.00606319 0.00610672 0.00739612 0.00666004 0.00575849 0.00434364 0.0042844 0.00646245 0.00748843 0.00776214 0.00643451 0.00938812 0.00808276 0.00435422 0.00428744 0.0057188 0.00455108 0.00741591 0.00592307 0.00438155 0.00603982 0.00588794 0.00887673 0.0072588 0.00575134 0.00465055 0.00742517 0.00575467 0.00430504 0.00449954 0.00753288 0.00730939 0.00611866 0.00576762 0.00429853 0.00595018 
Throughputs: 3.7847 2.37568 2.4576 2.68698 3.7847 3.35872 1.98246 2.89997 3.45702 3.04742 1.88416 2.85082 3.19488 2.5559 2.4576 3.32595 2.70336 3.50618 2.22822 2.71974 3.01466 2.49037 2.71974 2.44122 3.26042 2.93274 3.34234 4.096 3.81747 3.71917 2.3593 1.78586 4.21069 2.49037 2.21184 2.98189 3.94854 2.11354 2.57229 3.01466 
Utility: 6.18524 5.78455 5.80308 6.08467 6.43649 6.30993 5.59114 6.07633 6.39749 6.55334 6.08626 6.08935 6.05595 5.7969 5.94526 5.87007 5.81252 6.69114 6.25327 6.16453 6.49588 5.81656 6.12944 6.32285 6.29124 6.21079 5.93099 6.33555 6.49791 6.68427 5.76124 5.73764 6.88559 6.31621 5.6823 6.01115 6.46976 5.90386 6.39428 6.22782 

--------------------------------------
Time: 13.5012
Split Ratios: 1 1 1 1 1 1 1 1 1 1 1 1 1 1 1 1 1 1 1 1 1 1 1 1 1 1 1 1 1 1 1 1 1 1 1 1 1 1 1 1 
Delays: 0.00777677 0.00726847 0.00748032 0.00621626 0.00615166 0.006096 0.00738102 0.00659389 0.0057402 0.00432291 0.00428041 0.00640205 0.00766517 0.00770559 0.00642123 0.00982625 0.00790588 0.0043755 0.00429465 0.00571911 0.00459055 0.00743401 0.00588715 0.0043918 0.00614627 0.00584022 0.00942862 0.00758121 0.0059286 0.00476735 0.00729041 0.00589238 0.00432884 0.00441879 0.00756981 0.00730807 0.00604633 0.00573861 0.00429778 0.0059081 
Throughputs: 3.75194 2.08077 2.75251 2.7689 3.6864 3.30957 2.09715 2.98189 3.50618 2.71974 2.048 3.39149 3.34234 2.19546 2.60506 2.94912 2.5559 3.26042 2.29376 2.80166 3.1785 2.21184 2.80166 2.34291 3.55533 3.22765 3.2768 4.1943 3.67002 3.55533 2.26099 2.19546 4.27622 2.08077 2.65421 3.08019 3.6864 2.73613 3.24403 3.14573 
Utility: 6.17889 5.65695 5.90799 6.09904 6.39568 6.29694 5.64942 6.11417 6.41479 6.44436 6.17057 6.27241 6.07774 5.6522 6.0056 5.7042 5.77855 6.61359 6.28058 6.19416 6.54016 5.69551 6.1652 6.27941 6.36036 6.31474 5.85087 6.31581 6.42816 6.61441 5.737 5.92049 6.89553 6.15463 5.85973 6.04377 6.41295 6.16708 6.62647 6.27748 

--------------------------------------
Time: 14.0013
Split Ratios: 1 1 1 1 1 1 1 1 1 1 1 1 1 1 1 1 1 1 1 1 1 1 1 1 1 1 1 1 1 1 1 1 1 1 1 1 1 1 1 1 
Delays: 0.0075645 0.00729008 0.00747451 0.00607186 0.00597279 0.00605588 0.00741625 0.00637798 0.00571654 0.00432678 0.00429728 0.00625743 0.0071076 0.00765865 0.00629311 0.00889391 0.00786727 0.00436658 0.00428727 0.00571137 0.00465368 0.00739597 0.00584703 0.00443336 0.00596566 0.00584501 0.00866263 0.00697508 0.00561165 0.00455953 0.00732726 0.00582486 0.00434303 0.00439703 0.00747772 0.0073017 0.00604273 0.00575162 0.0043013 0.00605749 
Throughputs: 2.9655 2.12992 2.99827 2.62144 4.06323 3.06381 2.1463 2.75251 3.60448 2.78528 2.22822 2.81805 3.14573 2.42483 2.39206 3.08019 2.5559 3.3751 1.96608 2.93274 3.48979 1.86778 2.80166 2.52314 3.26042 3.34234 2.85082 3.39149 4.01408 3.44064 2.50675 1.93331 3.96493 2.24461 2.40845 2.81805 3.83386 2.44122 2.7689 3.57171 
Utility: 5.97134 5.67733 5.99429 6.06781 6.52252 6.22638 5.66783 6.06742 6.44657 6.46728 6.25098 6.11003 6.09264 5.75768 5.94046 5.84738 5.78345 6.6502 6.12815 6.24123 6.61994 5.53157 6.17204 6.3441 6.30359 6.34884 5.79634 6.18668 6.57272 6.62619 5.83514 5.80486 6.81667 6.23536 5.77481 5.95569 6.45277 6.05077 6.46729 6.3795 

--------------------------------------
Time: 14.5013
Split Ratios: 1 1 1 1 1 1 1 1 1 1 1 1 1 1 1 1 1 1 1 1 1 1 1 1 1 1 1 1 1 1 1 1 1 1 1 1 1 1 1 1 
Delays: 0.0076827 0.00732748 0.00749719 0.00604142 0.00609826 0.00618583 0.00731954 0.00667121 0.00573506 0.00436721 0.00428681 0.00652415 0.00725958 0.00772924 0.00657375 0.00910112 0.00796767 0.0043536 0.00431643 0.00572077 0.00455598 0.00743913 0.00590223 0.00449173 0.00599707 0.00586999 0.00869497 0.00698511 0.00545048 0.00464527 0.00737213 0.00577262 0.00431524 0.004403 0.007581 0.0073163 0.0060629 0.00579807 0.00429965 0.00588675 
Throughputs: 3.91578 2.32653 2.81805 2.37568 3.48979 3.48979 2.1463 2.67059 3.42426 3.24403 2.52314 3.03104 3.12934 2.47398 2.49037 3.14573 2.60506 3.26042 1.91693 2.60506 3.73555 2.24461 2.8672 2.58867 3.3751 3.09658 3.21126 3.71917 3.62086 3.30957 2.42483 1.67117 4.01408 2.11354 2.80166 3.08019 3.35872 2.81805 2.93274 2.8672 
Utility: 6.2338 5.7605 5.92927 5.9744 6.34959 6.33534 5.68096 5.99225 6.39204 6.61045 6.37772 6.14115 6.06626 5.76857 5.9371 5.8454 5.78982 6.61861 6.09605 6.12111 6.70921 5.70953 6.18576 6.35666 6.33291 6.2682 5.91167 6.27747 6.49876 6.56872 5.79581 5.66815 6.83541 6.17383 5.91232 6.04264 6.31713 6.18627 6.52516 6.18839 

--------------------------------------
Time: 15.0013
Split Ratios: 1 1 1 1 1 1 1 1 1 1 1 1 1 1 1 1 1 1 1 1 1 1 1 1 1 1 1 1 1 1 1 1 1 1 1 1 1 1 1 1 
Delays: 0.00767621 0.00729027 0.00741736 0.00600721 0.00618353 0.00610676 0.00735087 0.00625379 0.00574189 0.00432709 0.0042936 0.00622743 0.00736289 0.00778813 0.00618645 0.00872681 0.0077801 0.00435098 0.00430497 0.00572231 0.00467066 0.00742604 0.00597555 0.00444383 0.00595651 0.00589625 0.00871797 0.0068347 0.00552453 0.00454721 0.0073832 0.00581409 0.00432911 0.00440014 0.0075973 0.00735059 0.00609308 0.0057735 0.00429858 0.00594222 
Throughputs: 3.96493 2.29376 2.44122 2.49037 4.30899 3.01466 2.27738 2.9655 3.57171 2.58867 1.98246 2.91635 2.94912 2.85082 2.1463 2.9655 2.40845 3.52256 2.17907 2.75251 3.35872 1.98246 2.8672 2.50675 2.9655 3.1785 3.16211 3.75194 3.81747 3.32595 1.98246 1.9497 3.80109 2.01523 2.88358 3.26042 4.03046 2.67059 2.60506 3.24403 
Utility: 6.24712 5.75141 5.79643 6.02722 6.54657 6.20185 5.73596 6.16161 6.43301 6.394 6.13497 6.14912 5.99281 5.90276 5.84914 5.8284 5.73517 6.69654 6.22688 6.1759 6.57801 5.5871 6.17342 6.33523 6.21032 6.28985 5.89361 6.30801 6.53815 6.595 5.59289 5.81514 6.77768 6.12685 5.939 6.09483 6.49448 6.13678 6.40693 6.30249 

--------------------------------------
Time: 15.5013
Split Ratios: 1 1 1 1 1 1 1 1 1 1 1 1 1 1 1 1 1 1 1 1 1 1 1 1 1 1 1 1 1 1 1 1 1 1 1 1 1 1 1 1 
Delays: 0.00763004 0.00731081 0.00742267 0.00609347 0.00607646 0.00609579 0.00729813 0.00634593 0.005719 0.00431691 0.00427942 0.00620251 0.00716234 0.00769979 0.00616703 0.00870122 0.00778968 0.00433959 0.00429017 0.00572144 0.00463812 0.00745315 0.00599266 0.00445385 0.00597102 0.00590314 0.00873352 0.00705657 0.00561229 0.00457293 0.00739832 0.00577558 0.00431319 0.00439315 0.00764013 0.00743102 0.00600248 0.00577789 0.00430083 0.00607778 
Throughputs: 3.48979 2.26099 2.39206 2.50675 3.7847 3.30957 2.4576 2.53952 3.71917 2.49037 1.88416 3.04742 2.8672 2.50675 2.1463 3.01466 2.32653 3.3751 1.81862 2.67059 3.24403 2.32653 2.70336 2.44122 3.04742 2.83443 3.12934 4.1943 3.83386 3.7847 2.58867 1.86778 3.83386 2.01523 2.81805 3.16211 4.12877 2.71974 2.75251 3.71917 
Utility: 6.1255 5.7342 5.77537 6.01953 6.4343 6.29697 5.81932 5.99192 6.47746 6.35765 6.08742 6.1971 5.99225 5.78555 5.85229 5.84778 5.69933 6.6564 6.04951 6.14584 6.55026 5.7435 6.11171 6.30648 6.23513 6.17411 5.88141 6.38752 6.52667 6.71857 5.85765 5.77887 6.78995 6.12844 5.91038 6.05333 6.53356 6.15425 6.46146 6.41662 

--------------------------------------
Time: 16.0014
Split Ratios: 1 1 1 1 1 1 1 1 1 1 1 1 1 1 1 1 1 1 1 1 1 1 1 1 1 1 1 1 1 1 1 1 1 1 1 1 1 1 1 1 
Delays: 0.00766273 0.00725559 0.00739772 0.0060115 0.00603827 0.00603025 0.00728809 0.00635464 0.00572204 0.00434709 0.00428778 0.00642137 0.00700732 0.00768007 0.00619075 0.00873005 0.00791248 0.0043337 0.00431196 0.00572135 0.00460195 0.00733811 0.00588078 0.00442473 0.00596939 0.00584193 0.00862654 0.00685981 0.00536859 0.00456403 0.00737461 0.0057741 0.0043503 0.00439992 0.00749375 0.00732218 0.00607383 0.00576855 0.00430335 0.0059385 
Throughputs: 3.26042 2.048 2.50675 2.3593 3.81747 3.11296 2.06438 2.49037 3.53894 2.88358 1.85139 3.34234 2.8672 2.81805 2.52314 3.16211 2.21184 3.08019 2.29376 2.8672 3.30957 2.06438 3.01466 2.47398 2.89997 2.98189 3.14573 3.86662 3.73555 3.29318 2.49037 1.81862 3.9977 2.57229 2.53952 2.49037 3.65363 2.34291 2.8672 3.03104 
Utility: 6.05324 5.64285 5.82557 5.97244 6.44923 6.24654 5.64635 5.971 6.42726 6.49728 6.06792 6.25479 6.01414 5.90517 6.0102 5.89222 5.63314 6.56632 6.27656 6.21689 6.57809 5.63951 6.23955 6.32638 6.18581 6.23525 5.89896 6.33446 6.54509 6.5814 5.82214 5.75245 6.82323 6.37096 5.82566 5.82928 6.39949 6.00673 6.5017 6.2352 

--------------------------------------
Time: 16.5015
Split Ratios: 1 1 1 1 1 1 1 1 1 1 1 1 1 1 1 1 1 1 1 1 1 1 1 1 1 1 1 1 1 1 1 1 1 1 1 1 1 1 1 1 
Delays: 0.00789726 0.00732703 0.00740127 0.00619092 0.00614625 0.00604728 0.00730599 0.00652249 0.00572858 0.00433246 0.00427885 0.00643475 0.00720258 0.00785068 0.00624424 0.00876701 0.00783318 0.00434835 0.00428697 0.0057125 0.00456196 0.00738625 0.00595171 0.00442402 0.00604114 0.00581776 0.0088217 0.00679301 0.00539809 0.00467719 0.00737123 0.00586944 0.00431986 0.00445115 0.00754705 0.00736305 0.00618136 0.00576163 0.00429805 0.00600741 
Throughputs: 4.12877 1.90054 2.53952 2.58867 3.60448 3.19488 1.9497 2.63782 3.48979 2.7689 1.9497 3.08019 3.01466 2.63782 2.09715 3.26042 2.70336 3.1785 2.21184 2.75251 3.35872 2.11354 2.94912 2.16269 3.12934 3.21126 3.35872 3.75194 3.53894 3.34234 2.57229 2.17907 3.91578 2.67059 2.85082 2.88358 4.27622 2.39206 2.83443 3.7847 
Utility: 6.25922 5.55833 5.83808 6.03582 6.37409 6.2697 5.58673 6.00245 6.41213 6.46007 6.12174 6.17103 6.0368 5.81711 5.81668 5.91861 5.84388 6.59437 6.246 6.17761 6.60156 5.6565 6.20558 6.19206 6.24999 6.3135 5.9421 6.31413 6.48554 6.57173 5.85497 5.91689 6.80955 6.39689 5.9342 5.97031 6.53929 6.02869 6.49144 6.44573 

--------------------------------------
Time: 17.0015
Split Ratios: 1 1 1 1 1 1 1 1 1 1 1 1 1 1 1 1 1 1 1 1 1 1 1 1 1 1 1 1 1 1 1 1 1 1 1 1 1 1 1 1 
Delays: 0.00772865 0.00740675 0.00746744 0.00610914 0.00609528 0.00606084 0.00731528 0.00639536 0.00572642 0.00434011 0.00428627 0.00636211 0.0073245 0.0077485 0.00628637 0.00863463 0.00787703 0.00433841 0.00428172 0.0057176 0.00463923 0.00741209 0.00593111 0.00439478 0.00607298 0.00589674 0.00868238 0.0069493 0.00549124 0.00454402 0.00742112 0.00580509 0.00432999 0.0043767 0.0075105 0.00731189 0.00613498 0.00574011 0.0043039 0.00601185 
Throughputs: 3.65363 2.42483 2.93274 2.63782 3.7847 3.50618 2.22822 2.83443 3.2768 2.63782 2.01523 2.94912 3.03104 2.78528 2.17907 3.29318 2.67059 3.04742 2.03162 2.57229 3.52256 2.06438 2.88358 2.4576 3.01466 2.94912 3.44064 3.9977 3.30957 3.57171 2.70336 1.76947 4.096 2.21184 2.42483 3.22765 3.89939 2.47398 2.98189 3.3751 
Utility: 6.15854 5.79113 5.97314 6.06792 6.43121 6.36043 5.71899 6.09402 6.34953 6.40981 6.15307 6.1389 6.02544 5.8846 5.84827 5.94383 5.8261 6.55455 6.16223 6.109 6.63239 5.62947 6.18658 6.32652 6.20739 6.21486 5.98212 6.35483 6.40142 6.66699 5.89792 5.7197 6.8522 6.22529 5.77722 6.09001 6.45457 6.06611 6.54079 6.33045 

--------------------------------------
Time: 17.5015
Split Ratios: 1 1 1 1 1 1 1 1 1 1 1 1 1 1 1 1 1 1 1 1 1 1 1 1 1 1 1 1 1 1 1 1 1 1 1 1 1 1 1 1 
Delays: 0.0075922 0.00725007 0.0074548 0.00606412 0.0060622 0.00601897 0.00734139 0.00644054 0.00574743 0.00435394 0.00428363 0.00637208 0.00708578 0.00776463 0.00624792 0.00850159 0.00779985 0.00435934 0.00429791 0.00572641 0.00457285 0.0073792 0.00594551 0.0044728 0.00603925 0.00588666 0.00861736 0.00685407 0.00537286 0.00466151 0.00732608 0.0058487 0.00433574 0.00443967 0.00752016 0.00735089 0.00617244 0.00576236 0.00430495 0.00595175 
Throughputs: 3.60448 2.03162 2.8672 2.29376 3.63725 3.16211 2.3593 2.93274 3.29318 2.53952 1.88416 2.75251 3.06381 2.5559 2.44122 2.99827 2.52314 3.35872 2.08077 2.70336 3.2768 2.53952 3.08019 2.65421 2.80166 3.29318 3.01466 3.7847 3.98131 4.17792 2.42483 2.09715 4.30899 2.94912 2.31014 2.98189 3.89939 2.44122 3.19488 2.98189 
Utility: 6.16281 5.63558 5.95223 5.93556 6.39691 6.26408 5.77259 6.12108 6.35086 6.36865 6.08644 6.06834 6.06932 5.79658 5.968 5.86554 5.77915 6.64699 6.18236 6.15716 6.57449 5.84107 6.25011 6.38589 6.13969 6.32692 5.85746 6.31388 6.60801 6.79823 5.80208 5.88212 6.90157 6.49868 5.72748 6.00549 6.44848 6.0489 6.60954 6.21663 

--------------------------------------
Time: 18.0015
Split Ratios: 1 1 1 1 1 1 1 1 1 1 1 1 1 1 1 1 1 1 1 1 1 1 1 1 1 1 1 1 1 1 1 1 1 1 1 1 1 1 1 1 
Delays: 0.00776467 0.00728499 0.0074425 0.0060717 0.00603804 0.00604338 0.00734156 0.00638534 0.00572809 0.00434862 0.00428852 0.00625836 0.00737775 0.00765952 0.00638967 0.00870573 0.00784472 0.00436861 0.00427954 0.00572643 0.00457703 0.00739872 0.00589884 0.00448246 0.00599706 0.00584701 0.00865066 0.00690052 0.00539495 0.00460108 0.00734147 0.00579139 0.00433618 0.00446136 0.00747783 0.00736909 0.00599416 0.00576392 0.00429469 0.00601219 
Throughputs: 3.91578 1.81862 2.89997 2.39206 3.71917 3.01466 1.86778 2.85082 3.76832 2.88358 2.048 2.85082 2.94912 2.47398 2.37568 3.24403 2.09715 3.29318 2.12992 2.67059 3.5881 2.048 2.91635 2.7689 3.06381 2.7689 3.19488 4.12877 3.44064 3.65363 2.26099 1.68755 3.91578 2.3593 2.52314 3.04742 3.63725 2.52314 3.01466 3.22765 
Utility: 6.22318 5.52002 5.96525 5.97627 6.42318 6.21228 5.53895 6.10136 6.489 6.49693 6.16868 6.12144 5.99079 5.77764 5.91836 5.92059 5.58849 6.62517 6.21 6.14496 6.66433 5.62331 6.20333 6.42603 6.23614 6.16027 5.91167 6.39414 6.45795 6.67719 5.73002 5.67466 6.80577 6.27067 5.82132 6.02476 6.4082 6.08164 6.55386 6.28572 

--------------------------------------
Time: 18.5016
Split Ratios: 1 1 1 1 1 1 1 1 1 1 1 1 1 1 1 1 1 1 1 1 1 1 1 1 1 1 1 1 1 1 1 1 1 1 1 1 1 1 1 1 
Delays: 0.00763134 0.00729762 0.00744651 0.00605328 0.00608518 0.00601048 0.00742281 0.00641001 0.00575482 0.00436722 0.00427987 0.0063252 0.00704483 0.00767034 0.00639003 0.00878916 0.00805881 0.00435839 0.00428891 0.00570635 0.00451103 0.00734744 0.00593162 0.00439543 0.00603058 0.00589039 0.00869676 0.00682137 0.00535099 0.00459776 0.00730886 0.00579194 0.00430007 0.00442103 0.00756712 0.00730734 0.00604578 0.00575116 0.004308 0.00598895 
Throughputs: 3.40787 2.03162 2.50675 2.40845 3.67002 3.55533 1.99885 2.73613 3.30957 2.62144 1.90054 2.91635 3.22765 2.71974 2.03162 3.19488 2.78528 3.35872 1.9497 2.63782 3.29318 2.29376 3.01466 2.39206 3.39149 3.08019 3.47341 3.62086 3.34234 3.30957 2.88358 1.75309 3.71917 2.32653 2.60506 3.01466 3.39149 2.42483 2.81805 3.48979 
Utility: 6.10158 5.62904 5.819 5.98614 6.4021 6.3827 5.59577 6.05644 6.35453 6.39735 6.09597 6.13355 6.12721 5.87093 5.76185 5.89579 5.84534 6.64721 6.1194 6.13613 6.59308 5.7436 6.23094 6.29935 6.33218 6.25943 5.98994 6.27441 6.43714 6.579 5.9777 5.71267 6.76262 6.26576 5.8414 6.02236 6.32966 6.04412 6.48333 6.36768 

--------------------------------------
Time: 19.0017
Split Ratios: 1 1 1 1 1 1 1 1 1 1 1 1 1 1 1 1 1 1 1 1 1 1 1 1 1 1 1 1 1 1 1 1 1 1 1 1 1 1 1 1 
Delays: 0.00773363 0.00725169 0.00738513 0.00602614 0.00612978 0.00609075 0.00727213 0.00636291 0.00572368 0.00432638 0.00428491 0.00630023 0.00730214 0.00786944 0.0061743 0.00866665 0.00785126 0.00434491 0.00428328 0.00571164 0.00460065 0.00741765 0.00589745 0.00444128 0.00593635 0.00584171 0.00873913 0.0069377 0.00551829 0.00451217 0.00733527 0.00577702 0.00430195 0.00438626 0.00751884 0.00729925 0.00607358 0.00574891 0.0043017 0.00593359 
Throughputs: 3.83386 2.11354 2.52314 2.26099 3.80109 3.3751 2.29376 2.63782 3.16211 2.7689 1.88416 2.57229 3.1785 2.44122 2.09715 3.21126 2.81805 3.21126 1.7367 2.65421 3.7847 2.47398 2.8672 2.31014 2.88358 2.99827 3.09658 4.04685 3.21126 3.52256 2.31014 1.90054 3.93216 2.22822 2.7689 3.03104 3.60448 2.63782 2.94912 3.11296 
Utility: 6.20605 5.67488 5.83379 5.92745 6.42988 6.31741 5.7539 6.02722 6.31438 6.46147 6.08614 6.01197 6.076 5.73727 5.82794 5.91494 5.88313 6.60541 6.00503 6.1414 6.71252 5.80972 6.18657 6.25412 6.1857 6.24077 5.87024 6.36872 6.36635 6.66016 5.75237 5.79601 6.81788 6.23048 5.90879 6.02889 6.38599 6.1287 6.53025 6.2627 

--------------------------------------
Time: 19.5019
Split Ratios: 1 1 1 1 1 1 1 1 1 1 1 1 1 1 1 1 1 1 1 1 1 1 1 1 1 1 1 1 1 1 1 1 1 1 1 1 1 1 1 1 
Delays: 0.00772314 0.00727917 0.00742032 0.006056 0.00605031 0.0060561 0.0072737 0.00634073 0.00573004 0.00434346 0.00429747 0.00621043 0.00678052 0.00770196 0.0061318 0.00829908 0.00782767 0.00434929 0.00429168 0.00571083 0.00450809 0.00733242 0.00594735 0.00442648 0.00600378 0.00590298 0.00826441 0.00651492 0.00512254 0.0045972 0.00729535 0.00581415 0.00430583 0.00442517 0.00752664 0.00734923 0.00603572 0.00575765 0.00431346 0.00594045 
Throughputs: 3.34234 1.98246 2.60506 2.52314 3.85024 3.01466 1.88416 2.49037 3.6864 3.14573 1.83501 2.81805 3.04742 2.3593 2.27738 3.09658 2.81805 3.42426 2.16269 2.50675 3.39149 2.26099 3.21126 2.62144 3.5881 3.12934 3.04742 3.44064 3.35872 3.6864 2.16269 1.90054 3.94854 2.40845 2.60506 2.88358 3.81747 2.32653 2.75251 2.99827 
Utility: 6.0702 5.60708 5.86099 6.03221 6.45578 6.21017 5.55697 5.97319 6.46668 6.58513 6.05678 6.11757 6.108 5.72464 5.91729 5.92191 5.88613 6.66863 6.22243 6.08438 6.62315 5.73125 6.29147 6.38388 6.39299 6.27312 5.91009 6.26932 6.48567 6.68696 5.69187 5.7896 6.82113 6.29943 5.84676 5.97219 6.44965 6.0016 6.45853 6.22401 

--------------------------------------
Time: 20.0019
Split Ratios: 1 1 1 1 1 1 1 1 1 1 1 1 1 1 1 1 1 1 1 1 1 1 1 1 1 1 1 1 1 1 1 1 1 1 1 1 1 1 1 1 
Delays: 0.00764756 0.00728112 0.00751509 0.00616543 0.00609232 0.00602718 0.00735144 0.00661356 0.00573542 0.00433258 0.00428738 0.00636803 0.00706838 0.00771577 0.00626585 0.00880179 0.00798831 0.00436009 0.0042842 0.00573657 0.00454689 0.00741206 0.00587204 0.00442875 0.00609366 0.00588863 0.00863951 0.00686913 0.00546598 0.00473319 0.00732236 0.00584232 0.0043339 0.00437893 0.00747604 0.00734995 0.00604717 0.00575107 0.00429564 0.00590703 
Throughputs: 3.35872 2.03162 2.85082 2.80166 4.07962 3.11296 2.32653 2.78528 3.48979 2.93274 2.03162 2.5559 3.1785 2.53952 2.4576 3.16211 2.75251 3.30957 2.19546 3.12934 3.48979 2.01523 3.12934 2.39206 3.29318 3.1785 3.1785 4.06323 3.88301 3.6864 2.17907 1.98246 4.47283 2.19546 2.68698 2.68698 3.5881 2.42483 2.71974 2.93274 
Utility: 6.08493 5.6313 5.93845 6.11901 6.50673 6.24705 5.75724 6.04298 6.41094 6.51753 6.16091 5.99487 6.10853 5.79646 5.97183 5.88404 5.84229 6.63208 6.23921 6.30172 6.64315 5.60538 6.27838 6.29179 6.29236 6.29114 5.90782 6.3827 6.56582 6.65781 5.69572 5.82697 6.93931 6.21734 5.88447 5.90148 6.38579 6.04413 6.45069 6.20755 

--------------------------------------
Time: 20.502
Split Ratios: 1 1 1 1 1 1 1 1 1 1 1 1 1 1 1 1 1 1 1 1 1 1 1 1 1 1 1 1 1 1 1 1 1 1 1 1 1 1 1 1 
Delays: 0.00763304 0.00730244 0.00754777 0.00610807 0.00605325 0.00600118 0.00735481 0.00651964 0.00573277 0.00436185 0.00429627 0.00638592 0.00691279 0.00772087 0.00636556 0.00852771 0.00782081 0.00437054 0.00429617 0.00572008 0.0045236 0.00737235 0.00588647 0.00440011 0.00598896 0.00585281 0.00830738 0.00660852 0.00508106 0.00460181 0.0073171 0.00584968 0.00430918 0.00442294 0.00756537 0.00733144 0.00608252 0.00576083 0.00431733 0.00591443 
Throughputs: 3.45702 2.17907 2.78528 2.34291 3.5881 3.14573 2.49037 2.58867 3.50618 3.04742 2.1463 3.12934 2.8672 2.32653 2.27738 3.1785 2.83443 3.40787 2.17907 2.57229 3.44064 2.40845 2.91635 2.27738 3.30957 2.93274 2.8672 4.03046 3.76832 3.89939 2.5559 2.37568 3.86662 2.60506 2.58867 3.08019 3.71917 2.91635 2.93274 3.14573 
Utility: 6.11568 5.69845 5.91085 5.94954 6.38478 6.26184 5.82483 5.98408 6.41608 6.54916 6.21376 6.19448 6.02772 5.7082 5.87988 5.92084 5.89281 6.65896 6.22893 6.10857 6.63411 5.789 6.20543 6.24915 6.31465 6.21677 5.84395 6.41328 6.60887 6.74213 5.85595 6.00665 6.79939 6.3784 5.83532 6.04057 6.41584 6.22701 6.52105 6.2764 

--------------------------------------
Time: 21.0021
Split Ratios: 1 1 1 1 1 1 1 1 1 1 1 1 1 1 1 1 1 1 1 1 1 1 1 1 1 1 1 1 1 1 1 1 1 1 1 1 1 1 1 1 
Delays: 0.00769791 0.00731746 0.00746021 0.00609105 0.00608673 0.00608721 0.00735819 0.0063863 0.00571533 0.00435252 0.00428699 0.00655395 0.00682849 0.00803121 0.00639401 0.00845594 0.00808626 0.00435558 0.00429575 0.00571564 0.00459808 0.00738973 0.00586841 0.00445525 0.00600366 0.00590534 0.00835694 0.00657592 0.00508045 0.00459495 0.00737602 0.00578167 0.00430518 0.00442717 0.00753888 0.00729286 0.00623422 0.00577242 0.00430783 0.00591937 
Throughputs: 3.53894 2.27738 2.16269 2.67059 3.80109 3.09658 2.03162 2.67059 3.42426 2.65421 1.93331 3.08019 2.73613 2.62144 2.50675 3.01466 2.88358 3.3751 2.24461 2.52314 3.63725 1.93331 2.80166 2.57229 2.91635 3.01466 3.08019 4.04685 3.75194 2.85082 2.88358 1.96608 3.75194 2.24461 2.8672 2.75251 4.1943 2.75251 2.78528 2.94912 
Utility: 6.13063 5.74052 5.66952 6.08324 6.43693 6.23186 5.62077 6.0359 6.39549 6.41315 6.11141 6.15268 5.99319 5.78814 5.97138 5.87637 5.87662 6.65272 6.25866 6.09005 6.67334 5.5669 6.16839 6.35847 6.18572 6.23538 5.90965 6.42228 6.60463 6.4304 5.96855 5.8291 6.77021 6.22853 5.94102 5.93337 6.51143 6.16718 6.47167 6.21103 

--------------------------------------
Time: 21.5021
Split Ratios: 1 1 1 1 1 1 1 1 1 1 1 1 1 1 1 1 1 1 1 1 1 1 1 1 1 1 1 1 1 1 1 1 1 1 1 1 1 1 1 1 
Delays: 0.00775569 0.00730698 0.00742877 0.00605517 0.00604867 0.00620757 0.0072739 0.00633243 0.00573196 0.00434595 0.00429191 0.00626473 0.0072658 0.00793285 0.00628051 0.00866693 0.00787636 0.00436262 0.00428011 0.00572084 0.00464021 0.00737895 0.00588887 0.00443228 0.00603485 0.0058671 0.0087836 0.00687753 0.00545538 0.00462139 0.00738485 0.00579637 0.00431709 0.0044611 0.00760452 0.00733361 0.00612874 0.00578083 0.00430423 0.00594604 
Throughputs: 3.65363 2.16269 2.4576 2.67059 3.63725 3.62086 2.09715 2.44122 3.48979 2.42483 1.98246 2.75251 2.88358 2.70336 1.93331 2.99827 2.75251 2.73613 2.06438 2.83443 3.44064 1.99885 2.99827 2.52314 3.19488 3.08019 3.32595 3.7847 3.83386 3.42426 2.26099 2.06438 3.88301 2.67059 2.65421 2.99827 3.42426 2.68698 2.81805 3.44064 
Utility: 6.15505 5.69028 5.80158 6.08914 6.39914 6.3687 5.66404 5.95457 6.41154 6.32427 6.13536 6.08533 5.98361 5.83124 5.72954 5.84628 5.8564 6.44123 6.17861 6.20548 6.60865 5.60169 6.23273 6.34434 6.27175 6.26339 5.93663 6.31046 6.55502 6.60794 5.72413 5.87536 6.80178 6.39466 5.85516 6.01332 6.32565 6.14162 6.4842 6.36069 

--------------------------------------
Time: 22.0021
Split Ratios: 1 1 1 1 1 1 1 1 1 1 1 1 1 1 1 1 1 1 1 1 1 1 1 1 1 1 1 1 1 1 1 1 1 1 1 1 1 1 1 1 
Delays: 0.00773627 0.00729194 0.00747573 0.006124 0.00608664 0.00599957 0.0073672 0.00644462 0.00573354 0.00432104 0.00427988 0.00640784 0.00694129 0.00769557 0.00657082 0.00857659 0.00799421 0.00435942 0.00428341 0.00573896 0.00455219 0.00742927 0.00594294 0.00444392 0.00604114 0.00590035 0.00834812 0.00664165 0.00508749 0.00464561 0.00728791 0.00581168 0.00429707 0.0043735 0.00752744 0.00734618 0.00604591 0.00577497 0.00428937 0.00594327 
Throughputs: 3.73555 1.98246 2.60506 2.71974 3.81747 3.42426 2.39206 2.58867 3.65363 2.60506 1.98246 2.88358 2.91635 2.4576 2.29376 3.16211 2.70336 2.94912 2.01523 3.06381 3.45702 2.11354 3.03104 2.52314 3.2768 3.19488 3.1785 4.096 2.99827 3.45702 2.44122 1.81862 3.73555 2.16269 2.57229 2.7689 3.53894 2.62144 2.34291 3.29318 
Utility: 6.17973 5.60533 5.85355 6.09608 6.44125 6.34695 5.78287 5.99565 6.45714 6.40171 6.13817 6.10927 6.0406 5.7663 5.85531 5.90996 5.82353 6.51692 6.15374 6.28014 6.63255 5.65069 6.23446 6.34172 6.29603 6.29429 5.94213 6.42441 6.37901 6.61224 5.81403 5.74597 6.76772 6.20354 5.834 5.93202 6.3722 6.11795 6.30301 6.31735 

--------------------------------------
Time: 22.5022
Split Ratios: 1 1 1 1 1 1 1 1 1 1 1 1 1 1 1 1 1 1 1 1 1 1 1 1 1 1 1 1 1 1 1 1 1 1 1 1 1 1 1 1 
Delays: 0.0078121 0.00724207 0.00740875 0.00600496 0.00611308 0.00620517 0.00734995 0.00640697 0.00571458 0.00433859 0.00428521 0.00650068 0.00709096 0.00783357 0.00628453 0.00864341 0.00803682 0.00432802 0.00428836 0.00573028 0.00470302 0.00745845 0.0058755 0.00445273 0.00599735 0.00582499 0.00857922 0.00658535 0.00524686 0.00454717 0.00733051 0.00577159 0.00431755 0.00443953 0.00762286 0.00733017 0.00609245 0.00576319 0.00431419 0.00591315 
Throughputs: 3.98131 2.03162 2.40845 2.29376 3.48979 3.45702 2.50675 2.81805 3.40787 2.80166 1.98246 3.04742 3.53894 2.73613 2.44122 3.19488 2.67059 3.47341 2.22822 3.06381 3.5881 2.22822 2.89997 2.5559 3.12934 3.34234 3.29318 3.3751 3.50618 3.86662 2.4576 1.80224 3.7847 2.27738 2.9655 2.73613 3.50618 2.67059 3.01466 2.98189 
Utility: 6.23369 5.63668 5.78408 5.94536 6.34717 6.32278 5.83205 6.08641 6.39082 6.47042 6.13693 6.15015 6.21276 5.85588 5.96216 5.91251 5.80602 6.68778 6.25306 6.28165 6.63717 5.69961 6.20166 6.35264 6.25726 6.35227 5.95027 6.23933 6.50465 6.74563 5.8149 5.74384 6.77604 6.24023 5.96365 5.9223 6.35523 6.13856 6.54933 6.22313 

--------------------------------------
Time: 23.0022
Split Ratios: 1 1 1 1 1 1 1 1 1 1 1 1 1 1 1 1 1 1 1 1 1 1 1 1 1 1 1 1 1 1 1 1 1 1 1 1 1 1 1 1 
Delays: 0.0077358 0.007367 0.00745047 0.00624801 0.00605201 0.00600376 0.0073422 0.00656573 0.00572765 0.0043412 0.0042909 0.00634309 0.00713147 0.00771828 0.00634166 0.00851922 0.00794011 0.00434896 0.0043021 0.00571475 0.00455928 0.00748244 0.00593002 0.0044177 0.00616237 0.00590885 0.00835389 0.00660452 0.00524599 0.00487763 0.00736708 0.00581427 0.00434067 0.0043808 0.00747978 0.00731286 0.00603957 0.00577709 0.00429661 0.00596079 
Throughputs: 3.60448 2.37568 2.73613 2.7689 3.63725 3.19488 2.24461 2.68698 3.60448 2.70336 2.16269 2.98189 3.04742 2.09715 2.08077 3.40787 2.73613 3.16211 2.16269 2.52314 3.75194 2.27738 3.26042 2.47398 3.16211 2.9655 3.01466 3.62086 3.30957 3.9977 2.68698 1.83501 4.34176 2.1463 2.24461 3.19488 3.67002 2.40845 2.89997 3.2768 
Utility: 6.14407 5.77603 5.90602 6.09394 6.39859 6.27692 5.72265 6.01431 6.44463 6.4341 6.22261 6.15295 6.05753 5.60474 5.79335 5.99152 5.84237 6.58906 6.22 6.09021 6.71286 5.71822 6.30958 6.32797 6.24053 6.21835 5.88851 6.30671 6.44711 6.70881 5.89915 5.75449 6.90801 6.19427 5.70408 6.07967 6.40962 6.03284 6.51463 6.30942 

--------------------------------------
Time: 23.5022
Split Ratios: 1 1 1 1 1 1 1 1 1 1 1 1 1 1 1 1 1 1 1 1 1 1 1 1 1 1 1 1 1 1 1 1 1 1 1 1 1 1 1 1 
Delays: 0.00768306 0.00730836 0.00748879 0.00601681 0.00599547 0.00615642 0.00740408 0.00634658 0.00575188 0.00437049 0.00427882 0.00627316 0.00693158 0.00777485 0.00624299 0.00847499 0.00792461 0.00436981 0.00430925 0.00573207 0.00466916 0.00739402 0.00590733 0.00442545 0.00592202 0.00589893 0.00824452 0.00657908 0.005159 0.00451483 0.00734003 0.00573833 0.00433531 0.00438176 0.00762053 0.00737975 0.00598513 0.00576365 0.00428199 0.0059891 
Throughputs: 3.32595 2.50675 2.58867 2.29376 3.55533 3.3751 2.22822 2.81805 3.57171 2.89997 1.90054 2.40845 2.88358 2.85082 1.98246 2.81805 3.24403 3.34234 1.62202 3.04742 3.89939 2.44122 3.08019 2.3593 2.80166 3.39149 2.9655 3.89939 3.5881 3.39149 2.12992 1.7367 3.42426 2.42483 2.29376 2.9655 3.7847 2.52314 2.78528 3.29318 
Utility: 6.07049 5.83772 5.84549 5.94339 6.3852 6.30669 5.70693 6.09588 6.43127 6.49758 6.09622 5.95046 6.0307 5.90447 5.76064 5.80668 6.0146 6.63971 5.93066 6.27597 6.7276 5.79958 6.25655 6.27875 6.15929 6.35425 5.88525 6.38468 6.54463 6.62166 5.6705 5.71258 6.67185 6.31607 5.7071 5.99606 6.44944 6.08169 6.47769 6.30967 

--------------------------------------
Time: 24.0023
Split Ratios: 1 1 1 1 1 1 1 1 1 1 1 1 1 1 1 1 1 1 1 1 1 1 1 1 1 1 1 1 1 1 1 1 1 1 1 1 1 1 1 1 
Delays: 0.00772268 0.0073163 0.00741761 0.00607042 0.00617738 0.00606433 0.00729952 0.00634167 0.00575485 0.004333 0.00428322 0.00620455 0.00779303 0.00783764 0.00631695 0.00922007 0.00790948 0.00434567 0.00430134 0.0057028 0.00457092 0.00737219 0.00592542 0.0044426 0.0060474 0.00587914 0.00940338 0.00743771 0.00594049 0.00457381 0.0073449 0.00578794 0.00433092 0.00447824 0.00755303 0.00735128 0.00610971 0.00576311 0.00430426 0.00600257 
Throughputs: 3.88301 2.16269 2.94912 2.52314 3.7847 3.01466 2.17907 3.06381 3.71917 2.8672 2.16269 2.44122 3.19488 2.53952 2.42483 3.34234 2.73613 3.08019 2.21184 2.5559 4.096 2.03162 2.52314 2.37568 3.32595 3.14573 3.62086 3.7847 3.32595 3.55533 2.58867 1.76947 3.91578 2.63782 2.81805 3.34234 3.93216 2.78528 3.03104 2.99827 
Utility: 6.2202 5.689 5.9854 6.02983 6.41783 6.20882 5.69885 6.18027 6.47121 6.49483 6.2244 5.97497 6.01608 5.78079 5.95028 5.89304 5.84624 6.56357 6.24265 6.1052 6.79805 5.61887 6.05401 6.2818 6.30988 6.28239 5.9534 6.23216 6.32772 6.65586 5.86489 5.72266 6.80699 6.37848 5.92185 6.11955 6.46707 6.18063 6.55706 6.2136 

--------------------------------------
Time: 24.5023
Split Ratios: 1 1 1 1 1 1 1 1 1 1 1 1 1 1 1 1 1 1 1 1 1 1 1 1 1 1 1 1 1 1 1 1 1 1 1 1 1 1 1 1 
Delays: 0.00785153 0.00736675 0.00751763 0.00611165 0.00626953 0.00604587 0.00734941 0.00640466 0.00571561 0.00434891 0.00429497 0.00660253 0.0079813 0.0079549 0.00631764 0.00944328 0.0081432 0.0043459 0.0042769 0.00570812 0.00457517 0.00739169 0.00592276 0.00446231 0.0060027 0.005862 0.00957863 0.00764267 0.00627028 0.00454624 0.00740209 0.00582173 0.00431269 0.00443073 0.00757737 0.00734502 0.00614987 0.00573783 0.00429859 0.0059825 
Throughputs: 3.96493 2.34291 2.50675 2.57229 4.01408 3.22765 2.39206 2.99827 3.30957 2.68698 2.03162 2.9655 3.04742 2.44122 2.34291 2.8672 2.60506 3.16211 1.88416 2.75251 3.39149 2.34291 2.67059 2.5559 2.99827 3.12934 3.35872 3.42426 3.91578 3.62086 2.53952 2.19546 4.03046 2.1463 2.44122 2.91635 4.21069 2.31014 2.57229 3.6864 
Utility: 6.22453 5.76217 5.80949 6.04235 6.46186 6.28013 5.78529 6.14877 6.36137 6.42625 6.15914 6.10735 5.94495 5.72646 5.9158 5.71579 5.76803 6.58976 6.08801 6.17838 6.60838 5.75879 6.11125 6.35049 6.21358 6.28009 5.85978 6.10489 6.43695 6.68017 5.83797 5.93255 6.84007 6.18294 5.77509 5.98407 6.52895 5.99798 6.39426 6.42357 

--------------------------------------
Time: 25.0024
Split Ratios: 1 1 1 1 1 1 1 1 1 1 1 1 1 1 1 1 1 1 1 1 1 1 1 1 1 1 1 1 1 1 1 1 1 1 1 1 1 1 1 1 
Delays: 0.00773833 0.00727282 0.00744896 0.00610775 0.00615979 0.00604574 0.00732449 0.00635053 0.00574281 0.00434586 0.00429245 0.00629154 0.00730178 0.00764526 0.00637946 0.00874961 0.00792553 0.00434582 0.00428828 0.00572565 0.00457182 0.00745084 0.00591071 0.00439787 0.00598355 0.00588648 0.00852183 0.00690367 0.00535616 0.00455103 0.00736163 0.00580853 0.00431381 0.00444007 0.00752676 0.00733434 0.0060503 0.00576997 0.00429116 0.00590303 
Throughputs: 3.62086 1.99885 2.98189 2.78528 4.34176 3.45702 1.91693 2.7689 3.53894 2.63782 1.98246 2.8672 3.11296 2.53952 2.08077 3.50618 2.88358 3.44064 2.21184 3.08019 3.45702 2.24461 3.11296 2.4576 3.1785 3.16211 2.81805 3.94854 3.44064 3.53894 2.81805 2.19546 4.34176 2.49037 2.81805 2.78528 3.55533 2.73613 2.63782 2.94912 
Utility: 6.14828 5.61618 5.99224 6.12254 6.55799 6.34881 5.56726 6.07767 6.42363 6.40848 6.13524 6.12189 6.05521 5.80564 5.78741 5.99327 5.8967 6.6742 6.24569 6.28779 6.62825 5.70796 6.26656 6.32582 6.27515 6.28634 5.80117 6.34905 6.46517 6.65623 5.94752 5.93482 6.91421 6.32952 5.92534 5.93954 6.37609 6.16163 6.42115 6.2138 

--------------------------------------
Time: 25.5025
Split Ratios: 1 1 1 1 1 1 1 1 1 1 1 1 1 1 1 1 1 1 1 1 1 1 1 1 1 1 1 1 1 1 1 1 1 1 1 1 1 1 1 1 
Delays: 0.00779412 0.0073316 0.00748081 0.00610697 0.00625162 0.00606492 0.0073016 0.00643923 0.00572143 0.00434419 0.00428881 0.00628714 0.00695697 0.00777753 0.00622872 0.00830604 0.00780034 0.00438624 0.00429988 0.00572409 0.0046564 0.00735442 0.00588292 0.00443596 0.00600693 0.00586116 0.0085189 0.00657352 0.00520045 0.00462007 0.00737722 0.00583033 0.00431421 0.00441988 0.00748449 0.00731822 0.00606045 0.0057647 0.00429103 0.00596166 
Throughputs: 3.86662 2.048 2.81805 2.58867 4.4073 3.26042 2.08077 2.5559 3.26042 2.73613 2.12992 2.62144 3.16211 2.73613 2.16269 2.78528 2.71974 3.1785 1.9497 2.7689 3.60448 2.03162 3.14573 2.68698 3.03104 2.78528 3.26042 3.48979 3.48979 3.73555 2.70336 1.80224 3.9977 2.08077 2.81805 2.94912 3.93216 2.65421 2.75251 2.91635 
Utility: 6.20677 5.63242 5.93146 6.04947 6.55818 6.28709 5.6524 5.98375 6.34539 6.44546 6.20783 6.03297 6.11925 5.86306 5.84994 5.81512 5.85413 6.58569 6.11684 6.18152 6.65169 5.62129 6.28175 6.40643 6.22375 6.16376 5.94732 6.27455 6.50885 6.69524 5.90385 5.73371 6.83156 6.15438 5.93097 5.99889 6.47516 6.13215 6.46374 6.19274 

--------------------------------------
Time: 26.0026
Split Ratios: 1 1 1 1 1 1 1 1 1 1 1 1 1 1 1 1 1 1 1 1 1 1 1 1 1 1 1 1 1 1 1 1 1 1 1 1 1 1 1 1 
Delays: 0.007726 0.00735312 0.00745744 0.0059916 0.0061266 0.00616173 0.00731464 0.00638991 0.00572157 0.00433759 0.0042955 0.00629665 0.00741273 0.00762482 0.00633474 0.00896317 0.00783458 0.00437351 0.00428508 0.00572424 0.00459797 0.00747352 0.00585989 0.00444071 0.00595645 0.00579515 0.00886713 0.00705675 0.0056371 0.00456943 0.00731482 0.00579112 0.00431888 0.00442671 0.00755722 0.00728628 0.00603364 0.00573941 0.00429858 0.00595465 
Throughputs: 3.91578 2.09715 2.89997 2.44122 4.096 3.3751 2.40845 2.80166 3.67002 2.60506 2.19546 2.75251 3.08019 2.65421 2.4576 3.19488 2.57229 3.80109 2.048 2.68698 3.24403 2.12992 2.81805 2.4576 3.45702 2.89997 3.24403 3.83386 3.63725 3.42426 2.26099 2.09715 3.80109 2.42483 2.39206 2.53952 3.89939 2.58867 2.8672 3.42426 
Utility: 6.22818 5.65321 5.96324 6.00989 6.50513 6.30582 5.79686 6.08325 6.46371 6.39789 6.23658 6.08025 6.02955 5.85249 5.96089 5.87618 5.794 6.76748 6.16948 6.15146 6.55896 5.65247 6.17567 6.31613 6.36369 6.21543 5.90222 6.29764 6.46961 6.61925 5.73366 5.89201 6.78005 6.30586 5.75741 5.85374 6.47123 6.11154 6.50281 6.35447 

--------------------------------------
Time: 26.5026
Split Ratios: 1 1 1 1 1 1 1 1 1 1 1 1 1 1 1 1 1 1 1 1 1 1 1 1 1 1 1 1 1 1 1 1 1 1 1 1 1 1 1 1 
Delays: 0.00778593 0.00730961 0.00746788 0.00613405 0.00616646 0.00607348 0.00732001 0.0064872 0.00572596 0.00432539 0.00428793 0.00646446 0.00718357 0.00778149 0.00629623 0.00890526 0.00799003 0.0043566 0.00428287 0.00572021 0.00459188 0.00736255 0.00589349 0.00443036 0.00605896 0.0058363 0.0089342 0.00687559 0.00564166 0.00458561 0.00728605 0.00581111 0.00431746 0.00444048 0.00751364 0.00728297 0.00609358 0.00574024 0.00429536 0.00591861 
Throughputs: 3.6864 2.11354 3.21126 2.70336 4.01408 3.45702 1.96608 2.85082 3.44064 2.58867 2.22822 2.91635 2.7689 2.78528 2.32653 2.9655 2.78528 3.04742 1.6384 2.75251 3.39149 2.21184 2.78528 2.49037 2.78528 2.80166 3.48979 3.57171 4.096 3.47341 2.3593 1.93331 4.22707 2.53952 2.60506 2.57229 3.63725 2.73613 2.80166 3.11296 
Utility: 6.16009 5.66693 6.06381 6.08839 6.47844 6.34423 5.59319 6.08553 6.3984 6.3944 6.25316 6.11177 5.95441 5.88036 5.91218 5.80816 5.85391 6.55036 5.94685 6.17626 6.60473 5.70517 6.15826 6.3317 6.13056 6.17387 5.96771 6.25282 6.58759 6.62997 5.78016 5.80722 6.8866 6.34897 5.84849 5.86701 6.39175 6.1668 6.48043 6.26523 

--------------------------------------
Time: 27.0028
Split Ratios: 1 1 1 1 1 1 1 1 1 1 1 1 1 1 1 1 1 1 1 1 1 1 1 1 1 1 1 1 1 1 1 1 1 1 1 1 1 1 1 1 
Delays: 0.00773213 0.00733625 0.00736005 0.00596155 0.00609482 0.00608349 0.00730672 0.00629238 0.00573424 0.00430399 0.00428096 0.0063018 0.00751462 0.00785149 0.00605594 0.00905544 0.00784074 0.00436167 0.00427422 0.00571109 0.00458435 0.00736164 0.00596695 0.0044497 0.00589155 0.00587138 0.00916578 0.00729478 0.00584998 0.00452723 0.00732795 0.00577945 0.00432169 0.00442486 0.00762448 0.00736238 0.00611984 0.00577889 0.00431337 0.00596999 
Throughputs: 3.71917 2.31014 2.44122 2.24461 3.75194 3.3751 2.17907 2.75251 3.62086 2.52314 1.81862 2.93274 3.53894 2.60506 2.3593 2.83443 2.63782 3.2768 1.83501 2.85082 3.3751 2.1463 2.93274 2.31014 2.62144 2.9655 3.19488 3.67002 3.9977 3.26042 2.24461 2.03162 3.96493 2.21184 2.81805 3.16211 4.14515 2.57229 2.93274 3.42426 
Utility: 6.17587 5.75224 5.80419 5.93096 6.42259 6.3186 5.69786 6.08093 6.44801 6.37371 6.05166 6.14286 6.15473 5.80451 5.96508 5.74623 5.81838 6.62177 6.0622 6.21295 6.60153 5.67522 6.19746 6.25223 6.09796 6.22471 5.85383 6.22079 6.52703 6.5795 5.72459 5.86228 6.8216 6.21434 5.91243 6.06261 6.51816 6.09834 6.52197 6.35189 

--------------------------------------
Time: 27.5029
Split Ratios: 1 1 1 1 1 1 1 1 1 1 1 1 1 1 1 1 1 1 1 1 1 1 1 1 1 1 1 1 1 1 1 1 1 1 1 1 1 1 1 1 
Delays: 0.00775795 0.00732833 0.00740371 0.00611428 0.00611116 0.00611081 0.00731692 0.00630533 0.00571482 0.00435496 0.00428497 0.00616242 0.00844972 0.00768632 0.00617414 0.00981649 0.00782129 0.004367 0.00430537 0.00571279 0.00467906 0.00735208 0.00590347 0.00440204 0.00602892 0.00585337 0.00993052 0.00808722 0.00625735 0.0046096 0.00735508 0.00580476 0.0043191 0.00437372 0.00764687 0.00737206 0.00603007 0.00577928 0.0042857 0.00595498 
Throughputs: 3.40787 2.26099 2.78528 2.32653 4.22707 3.01466 2.19546 2.31014 3.48979 3.09658 2.06438 2.80166 3.09658 2.29376 2.19546 3.40787 2.65421 3.16211 2.17907 2.67059 3.42426 2.31014 3.03104 2.40845 3.48979 2.60506 3.06381 4.01408 3.63725 3.76832 2.52314 2.08077 3.55533 2.09715 2.42483 2.98189 3.81747 2.8672 2.75251 3.42426 
Utility: 6.08512 5.73181 5.93012 5.94151 6.53915 6.20118 5.70396 5.90367 6.41454 6.56674 6.17747 6.1195 5.90392 5.69851 5.87378 5.84978 5.82705 6.58492 6.22679 6.14735 6.59554 5.75008 6.24112 6.30467 6.36103 6.09819 5.7318 6.20728 6.36523 6.70624 5.83787 5.88181 6.71316 6.17272 5.75922 6.00261 6.45059 6.20681 6.46498 6.35441 

--------------------------------------
Time: 28.0031
Split Ratios: 1 1 1 1 1 1 1 1 1 1 1 1 1 1 1 1 1 1 1 1 1 1 1 1 1 1 1 1 1 1 1 1 1 1 1 1 1 1 1 1 
Delays: 0.00768174 0.00730712 0.00742412 0.00604143 0.00607405 0.0060442 0.00732516 0.00649764 0.00575061 0.00434736 0.00428869 0.00647655 0.00754689 0.0078071 0.00642653 0.00907746 0.00805595 0.00435462 0.00430755 0.00571355 0.0046141 0.00734561 0.00586334 0.00443231 0.00601347 0.00582924 0.00915838 0.00722683 0.00568576 0.00457186 0.00736282 0.00580395 0.00431701 0.00439092 0.00746352 0.0073097 0.0060851 0.00576954 0.00431254 0.00592804 
Throughputs: 3.55533 2.60506 2.47398 2.75251 4.01408 3.16211 2.26099 2.65421 3.70278 2.75251 1.91693 3.03104 2.98189 2.32653 2.52314 3.2768 2.80166 3.32595 2.09715 2.53952 3.57171 2.08077 2.93274 2.24461 3.01466 3.34234 2.99827 4.14515 4.01408 3.73555 2.24461 2.32653 3.73555 2.63782 2.47398 2.58867 3.89939 2.68698 2.83443 3.03104 
Utility: 6.13736 5.87636 5.80885 6.12163 6.49354 6.2599 5.73224 6.01246 6.46753 6.4507 6.1025 6.14847 5.97918 5.6971 5.97282 5.88883 5.85156 6.63827 6.18797 6.09689 6.65168 5.64639 6.21497 6.22736 6.21724 6.35154 5.79112 6.35189 6.5596 6.70573 5.71984 5.99359 6.76309 6.39817 5.80356 5.8697 6.46273 6.14358 6.48807 6.23697 

--------------------------------------
Time: 28.5032
Split Ratios: 1 1 1 1 1 1 1 1 1 1 1 1 1 1 1 1 1 1 1 1 1 1 1 1 1 1 1 1 1 1 1 1 1 1 1 1 1 1 1 1 
Delays: 0.00795891 0.00733361 0.00746597 0.00606595 0.00636764 0.00606931 0.00734199 0.00629402 0.00572795 0.00434068 0.00431245 0.00615694 0.0080094 0.00769137 0.0062282 0.00937811 0.00779392 0.0043562 0.00428042 0.00571714 0.00456822 0.00743849 0.00591251 0.00441738 0.00607724 0.00589519 0.00963446 0.00750058 0.00630771 0.00456475 0.00736347 0.00579064 0.0043141 0.00445836 0.00746176 0.00731297 0.00603672 0.00576531 0.0043065 0.00595813 
Throughputs: 3.7847 2.08077 2.57229 2.5559 3.73555 3.16211 2.27738 2.62144 3.65363 2.40845 2.01523 2.57229 3.6864 2.63782 2.17907 3.42426 2.85082 3.06381 1.78586 2.22822 3.30957 2.3593 2.80166 2.44122 3.2768 3.19488 3.5881 3.55533 3.47341 3.48979 2.85082 1.88416 3.9977 2.21184 2.40845 3.03104 3.63725 2.63782 2.80166 3.34234 
Utility: 6.16443 5.64802 5.8422 6.04347 6.37442 6.25575 5.73717 6.03188 6.45812 6.31871 6.14698 6.03497 6.13179 5.83761 5.85757 5.90026 5.90202 6.55581 6.0336 5.96549 6.58545 5.75945 6.1609 6.3147 6.29007 6.29517 5.92003 6.16122 6.31112 6.63923 5.95883 5.78499 6.83159 6.2068 5.77695 6.02701 6.40112 6.12585 6.47784 6.32967 

--------------------------------------
Time: 29.0032
Split Ratios: 1 1 1 1 1 1 1 1 1 1 1 1 1 1 1 1 1 1 1 1 1 1 1 1 1 1 1 1 1 1 1 1 1 1 1 1 1 1 1 1 
Delays: 0.00760634 0.00729817 0.00743355 0.00614983 0.00597747 0.0060218 0.00737748 0.00620691 0.00571564 0.00432959 0.00428573 0.00623875 0.00670721 0.00777287 0.00609453 0.00813639 0.00786284 0.00436538 0.00427478 0.00571938 0.00456593 0.00735889 0.00590109 0.00442879 0.00604111 0.00586215 0.00829291 0.00646841 0.0050207 0.00458872 0.00734643 0.00579828 0.00432144 0.00443078 0.00757262 0.00733304 0.00603068 0.00575439 0.00429622 0.00592528 
Throughputs: 3.34234 2.01523 2.65421 2.49037 3.91578 3.5881 2.048 2.65421 3.55533 2.60506 1.85139 2.68698 2.85082 2.60506 2.17907 2.94912 2.42483 3.11296 1.99885 2.91635 3.16211 2.44122 2.81805 2.17907 3.44064 3.30957 2.93274 3.65363 3.45702 3.30957 2.57229 2.19546 4.07962 2.27738 2.3593 2.98189 3.53894 2.32653 2.88358 3.3751 
Utility: 6.08544 5.62087 5.8779 6.00376 6.48477 6.38999 5.62619 6.05824 6.433 6.39974 6.0684 6.06539 6.05218 5.81457 5.87926 5.89292 5.73137 6.56962 6.14759 6.23423 6.54037 5.80434 6.16866 6.19853 6.34483 6.33606 5.86829 6.33655 6.53459 6.58097 5.85834 5.93658 6.85017 6.2422 5.74158 6.00792 6.37472 6.00217 6.50905 6.34495 

--------------------------------------
Time: 29.5032
Split Ratios: 1 1 1 1 1 1 1 1 1 1 1 1 1 1 1 1 1 1 1 1 1 1 1 1 1 1 1 1 1 1 1 1 1 1 1 1 1 1 1 1 
Delays: 0.00769689 0.00727373 0.00739999 0.00610748 0.00601867 0.0060605 0.00730718 0.00648815 0.00572134 0.00431214 0.00427436 0.00636453 0.00690038 0.00778365 0.00620232 0.00860543 0.00784815 0.00432872 0.00428361 0.00571588 0.00456948 0.00737126 0.00593315 0.00450684 0.00604632 0.00584583 0.00843915 0.00664896 0.00514128 0.00462585 0.0073416 0.00580325 0.00432982 0.0044717 0.0074683 0.00734026 0.00606264 0.00579658 0.00430606 0.00592047 
Throughputs: 3.73555 2.12992 2.1463 2.50675 3.67002 3.16211 2.06438 2.4576 3.03104 2.3593 1.99885 3.19488 2.88358 2.58867 2.26099 3.39149 2.52314 3.09658 2.3593 2.70336 3.55533 2.08077 2.80166 2.88358 3.21126 3.12934 3.01466 3.62086 3.40787 3.39149 2.49037 2.08077 4.03046 2.58867 2.52314 3.34234 3.81747 3.30957 3.06381 3.21126 
Utility: 6.18483 5.67957 5.67002 6.01723 6.41308 6.2572 5.64373 5.93696 6.27246 6.30468 6.14769 6.21856 6.03521 5.80687 5.89864 5.97663 5.77298 6.57278 6.31132 6.159 6.6568 5.6429 6.15741 6.46119 6.27497 6.28285 5.87836 6.30001 6.49654 6.59736 5.82663 5.88207 6.83611 6.36113 5.82259 6.12105 6.4452 6.34731 6.56739 6.296 

--------------------------------------
Time: 30.0032
Split Ratios: 1 1 1 1 1 1 1 1 1 1 1 1 1 1 1 1 1 1 1 1 1 1 1 1 1 1 1 1 1 1 1 1 1 1 1 1 1 1 1 1 
Delays: 0.00770546 0.00731851 0.00750532 0.00599444 0.00611725 0.00600453 0.00744797 0.00643403 0.00573467 0.00434085 0.00429752 0.00632555 0.00668622 0.00762502 0.00646274 0.0081881 0.00801235 0.00432862 0.00427683 0.0057146 0.00454448 0.00738815 0.00590937 0.00441177 0.00596379 0.00583667 0.00839315 0.00630111 0.00493497 0.00452024 0.00735596 0.00580877 0.00432732 0.00441492 0.00741428 0.00726213 0.00604393 0.00575459 0.00429165 0.00595598 
Throughputs: 3.67002 2.34291 2.60506 2.44122 3.65363 3.2768 2.62144 2.85082 3.55533 2.75251 2.29376 3.04742 2.70336 2.47398 2.4576 3.09658 2.80166 2.98189 2.01523 2.73613 3.24403 2.37568 3.19488 2.58867 2.91635 2.94912 2.98189 3.47341 3.3751 3.11296 2.50675 1.98246 3.98131 2.11354 2.50675 2.57229 3.44064 2.39206 2.91635 2.93274 
Utility: 6.16602 5.76874 5.8496 6.00942 6.39236 6.30211 5.86354 6.09376 6.42967 6.4522 6.27991 6.17746 6.0022 5.78215 5.94089 5.93537 5.85698 6.53506 6.15528 6.17127 6.57066 5.77316 6.29277 6.37462 6.19238 6.2251 5.8729 6.31217 6.52783 6.53476 5.83123 5.83273 6.82442 6.17113 5.82334 5.86988 6.34436 6.02991 6.52142 6.1993 

--------------------------------------
Time: 30.5033
Split Ratios: 1 1 1 1 1 1 1 1 1 1 1 1 1 1 1 1 1 1 1 1 1 1 1 1 1 1 1 1 1 1 1 1 1 1 1 1 1 1 1 1 
Delays: 0.00774719 0.00730703 0.00743779 0.00614172 0.00612445 0.00603368 0.00732323 0.00642695 0.00574303 0.00434883 0.00427839 0.00624739 0.00711447 0.00769237 0.0062188 0.00890393 0.00781284 0.00434082 0.00428596 0.00571841 0.00460129 0.00745081 0.0059425 0.00444188 0.00594865 0.00590139 0.0086336 0.00671569 0.00547671 0.00452752 0.00738515 0.00579558 0.00433803 0.0044204 0.00753901 0.00739886 0.0060983 0.00576542 0.00429298 0.00599027 
Throughputs: 3.7847 2.09715 2.44122 2.52314 3.93216 2.98189 2.16269 2.83443 3.48979 2.83443 1.86778 2.94912 2.70336 2.40845 2.26099 3.09658 2.58867 3.48979 1.83501 2.60506 3.29318 2.16269 2.94912 2.22822 3.06381 3.06381 3.63725 3.67002 3.45702 3.48979 2.57229 1.90054 4.42368 2.34291 2.68698 3.47341 3.45702 2.65421 2.68698 3.44064 
Utility: 6.19139 5.6595 5.79368 6.01815 6.46465 6.20295 5.68806 6.0891 6.40961 6.47969 6.07893 6.1571 5.94012 5.74651 5.89598 5.85156 5.80313 6.68953 6.05946 6.12152 6.57327 5.67078 6.20713 6.21788 6.24425 6.25223 6.04332 6.3035 6.44766 6.64742 5.85308 5.7928 6.92731 6.27292 5.87608 6.15157 6.34015 6.13202 6.43919 6.35328 

--------------------------------------
Time: 31.0035
Split Ratios: 1 1 1 1 1 1 1 1 1 1 1 1 1 1 1 1 1 1 1 1 1 1 1 1 1 1 1 1 1 1 1 1 1 1 1 1 1 1 1 1 
Delays: 0.00792322 0.00734037 0.00742125 0.00612365 0.00621551 0.00609426 0.00731859 0.00651786 0.00572688 0.00431732 0.00429377 0.00634766 0.00827143 0.00769591 0.00635359 0.00999145 0.00789276 0.00434934 0.00428884 0.00571633 0.00463798 0.00743538 0.00587351 0.00440811 0.00597908 0.00585243 0.00980014 0.00805656 0.00650136 0.00466096 0.00733174 0.0057909 0.00431742 0.00444971 0.00757117 0.00731169 0.00597494 0.00573643 0.00428771 0.00600008 
Throughputs: 3.9977 2.19546 2.62144 2.68698 3.83386 3.30957 1.88416 2.62144 3.22765 2.17907 2.08077 3.11296 2.83443 2.65421 2.1463 3.35872 2.53952 3.44064 2.22822 2.62144 3.2768 2.39206 2.83443 2.39206 3.32595 3.12934 3.44064 3.93216 3.44064 3.47341 2.44122 2.12992 4.32538 2.78528 2.32653 2.80166 3.76832 2.50675 2.63782 3.29318 
Utility: 6.22368 5.70076 5.86713 6.08401 6.42458 6.29723 5.55082 5.99693 6.33434 6.22402 6.18333 6.19524 5.83679 5.84321 5.82248 5.81759 5.77378 6.67339 6.25294 6.12815 6.56034 5.77366 6.17915 6.29647 6.32124 6.28172 5.86102 6.19046 6.2714 6.61367 5.80804 5.90755 6.9096 6.43926 5.72778 5.94849 6.44681 6.07991 6.42196 6.30784 

--------------------------------------
Time: 31.5036
Split Ratios: 1 1 1 1 1 1 1 1 1 1 1 1 1 1 1 1 1 1 1 1 1 1 1 1 1 1 1 1 1 1 1 1 1 1 1 1 1 1 1 1 
Delays: 0.00761068 0.007282 0.00748562 0.00606501 0.00608211 0.00613197 0.00734254 0.00629708 0.00573199 0.00434488 0.00428364 0.00619537 0.00706958 0.00768956 0.00613079 0.00853818 0.00787009 0.00434638 0.00427998 0.00571313 0.00460506 0.00740438 0.00592305 0.00441052 0.0059977 0.00591064 0.00852371 0.00669421 0.00526452 0.00455934 0.00733906 0.00582387 0.00431593 0.00439443 0.00750184 0.00728882 0.00598821 0.00574551 0.00429326 0.00591898 
Throughputs: 3.47341 2.12992 2.67059 2.63782 3.91578 3.63725 2.048 2.5559 3.24403 2.73613 1.86778 2.85082 2.91635 2.47398 2.24461 3.1785 2.50675 3.53894 2.11354 2.60506 3.32595 2.29376 2.88358 2.40845 2.94912 2.94912 3.11296 3.88301 3.71917 3.60448 2.34291 2.26099 3.76832 2.17907 2.63782 2.99827 3.44064 2.40845 2.73613 3.1785 
Utility: 6.12334 5.67843 5.87707 6.07517 6.46742 6.38547 5.63093 6.00608 6.33851 6.4453 6.0777 6.13156 6.02229 5.77372 5.90296 5.91962 5.76367 6.70224 6.20217 6.12244 6.58236 5.73588 6.18794 6.30274 6.19789 6.21251 5.90048 6.36312 6.56027 6.67275 5.76594 5.96159 6.77207 6.20632 5.86256 6.01945 6.35362 6.03832 6.45725 6.286 

--------------------------------------
Time: 32.0036
Split Ratios: 1 1 1 1 1 1 1 1 1 1 1 1 1 1 1 1 1 1 1 1 1 1 1 1 1 1 1 1 1 1 1 1 1 1 1 1 1 1 1 1 
Delays: 0.00769755 0.00727493 0.00742373 0.00603095 0.00608346 0.00607142 0.00734481 0.00641241 0.00572526 0.004326 0.00428297 0.00652213 0.00735607 0.00780411 0.00624 0.00892926 0.00793683 0.00436429 0.00428504 0.00571234 0.00461168 0.00742231 0.00592091 0.00445407 0.0059435 0.00585252 0.00869088 0.00698171 0.00556839 0.00453659 0.00736407 0.00580264 0.00433793 0.00442499 0.00753367 0.00736724 0.00606611 0.0057835 0.00428205 0.00594715 
Throughputs: 3.62086 2.09715 2.78528 2.12992 3.65363 3.50618 2.27738 2.60506 3.86662 2.93274 1.96608 3.16211 3.21126 2.58867 2.08077 3.45702 2.44122 3.42426 2.26099 2.5559 3.48979 2.53952 2.89997 1.93331 2.99827 3.06381 3.04742 3.88301 3.6864 3.32595 2.44122 2.09715 4.096 2.32653 2.67059 3.19488 3.75194 2.5559 2.67059 3.22765 
Utility: 6.15357 5.6639 5.92742 5.86693 6.3979 6.35869 5.73678 6.00697 6.51525 6.51905 6.12915 6.18379 6.07889 5.80425 5.80951 5.95883 5.72874 6.66518 6.26843 6.10353 6.629 5.83524 6.19397 6.07317 6.22349 6.26054 5.85978 6.32107 6.4953 6.59734 5.80364 5.89002 6.85037 6.26486 5.87067 6.07226 6.42731 6.09115 6.43562 6.2966 

--------------------------------------
Time: 32.5037
Split Ratios: 1 1 1 1 1 1 1 1 1 1 1 1 1 1 1 1 1 1 1 1 1 1 1 1 1 1 1 1 1 1 1 1 1 1 1 1 1 1 1 1 
Delays: 0.00775299 0.00734119 0.00745032 0.00608776 0.00607839 0.00612421 0.00739549 0.00652347 0.0057297 0.00433045 0.0042892 0.00661848 0.00785829 0.00778359 0.00636797 0.00968116 0.00795598 0.00434397 0.00428537 0.00571787 0.00458152 0.00735772 0.00591219 0.00446009 0.00602257 0.00586682 0.00926871 0.00754214 0.00617473 0.00463354 0.00731781 0.005799 0.00430213 0.0044407 0.00752372 0.0073201 0.00604437 0.00576243 0.00428533 0.00595788 
Throughputs: 3.48979 2.50675 2.49037 2.75251 3.85024 3.5881 2.39206 2.65421 3.5881 2.80166 2.12992 2.85082 2.7689 2.98189 2.16269 3.16211 2.4576 3.1785 1.93331 2.39206 3.32595 2.17907 3.06381 2.62144 3.21126 2.75251 3.44064 4.45645 3.81747 3.75194 2.40845 2.16269 3.63725 2.27738 2.60506 3.1785 3.44064 2.49037 2.73613 2.98189 
Utility: 6.10952 5.83324 5.81193 6.11399 6.45115 6.37313 5.77904 6.0085 6.43971 6.4723 6.20774 6.0655 5.86463 5.94829 5.82783 5.78881 5.73302 6.59537 6.11178 6.03632 6.58748 5.6909 6.2504 6.37631 6.27891 6.15096 5.91677 6.3816 6.42688 6.69671 5.79643 5.92142 6.73987 6.23997 5.84715 6.07354 6.34429 6.06883 6.4591 6.2156 

--------------------------------------
Time: 33.0037
Split Ratios: 1 1 1 1 1 1 1 1 1 1 1 1 1 1 1 1 1 1 1 1 1 1 1 1 1 1 1 1 1 1 1 1 1 1 1 1 1 1 1 1 
Delays: 0.00763437 0.00730926 0.00746945 0.00605247 0.00611119 0.00612478 0.00733363 0.0062066 0.00576162 0.00432502 0.00428438 0.00615387 0.00681896 0.00770595 0.00612471 0.00818145 0.00779092 0.00433657 0.00428148 0.0057173 0.00457606 0.00734216 0.00595133 0.00440976 0.0059752 0.00587274 0.00819001 0.0064606 0.00506164 0.00459604 0.00736643 0.0057992 0.00431823 0.0044132 0.00738874 0.00733573 0.00601079 0.00576029 0.00428754 0.0059016 
Throughputs: 3.55533 2.03162 2.63782 2.57229 3.5881 3.35872 2.11354 2.57229 3.39149 2.98189 2.03162 2.99827 2.71974 2.65421 1.99885 3.06381 2.3593 3.26042 1.86778 2.81805 3.35872 2.24461 2.81805 2.49037 3.16211 3.14573 3.12934 3.71917 3.71917 3.48979 2.048 1.75309 3.73555 2.44122 2.21184 2.89997 3.67002 2.7689 2.47398 2.8672 
Utility: 6.14354 5.62744 5.86689 6.05208 6.37526 6.30697 5.66365 6.02694 6.37781 6.53589 6.16161 6.18871 5.98859 5.84191 5.788 5.92554 5.71316 6.62253 6.0782 6.2003 6.59848 5.72265 6.16018 6.33636 6.27138 6.28348 5.94566 6.35553 6.59956 6.6324 5.62769 5.71141 6.76281 6.31565 5.70162 5.9797 6.41439 6.17522 6.35787 6.18587 

--------------------------------------
Time: 33.5038
Split Ratios: 1 1 1 1 1 1 1 1 1 1 1 1 1 1 1 1 1 1 1 1 1 1 1 1 1 1 1 1 1 1 1 1 1 1 1 1 1 1 1 1 
Delays: 0.00784191 0.0073282 0.00748886 0.00599504 0.00615383 0.00618573 0.00740826 0.00627668 0.00573861 0.00434026 0.00429347 0.0062376 0.00809493 0.00784559 0.00623678 0.00967455 0.00783099 0.00435251 0.00429837 0.00571304 0.00462993 0.00746736 0.00588541 0.00447845 0.00589404 0.0058334 0.00950615 0.00789577 0.00644417 0.00450094 0.00735275 0.00582131 0.00429964 0.00443519 0.00760921 0.00735697 0.00614882 0.00577607 0.0043 0.00600405 
Throughputs: 4.06323 2.11354 2.67059 2.32653 3.76832 3.32595 2.11354 2.47398 3.65363 2.91635 2.22822 2.99827 3.08019 2.4576 2.11354 3.12934 2.68698 3.42426 2.12992 2.60506 3.35872 2.3593 3.08019 2.44122 3.19488 3.29318 3.21126 3.91578 3.83386 3.22765 2.24461 2.11354 3.80109 2.52314 2.4576 3.21126 3.94854 2.53952 2.53952 3.42426 
Utility: 6.25025 5.66439 5.87664 5.9612 6.41731 6.28727 5.65352 5.97674 6.45626 6.51016 6.25187 6.1752 5.94151 5.74699 5.82565 5.77908 5.83808 6.66789 6.2056 6.12246 6.58677 5.75558 6.26027 6.30097 6.29536 6.33601 5.82248 6.20644 6.38845 6.57522 5.72121 5.89459 6.78451 6.34369 5.77758 6.07877 6.46484 6.08601 6.38111 6.34621 

--------------------------------------
Time: 34.0039
Split Ratios: 1 1 1 1 1 1 1 1 1 1 1 1 1 1 1 1 1 1 1 1 1 1 1 1 1 1 1 1 1 1 1 1 1 1 1 1 1 1 1 1 
Delays: 0.00759782 0.00736695 0.00744874 0.00601912 0.00603734 0.00595626 0.00733623 0.00640681 0.00572287 0.00433156 0.00428569 0.00637252 0.0076072 0.00770494 0.00640873 0.00915376 0.00797817 0.00437852 0.00427789 0.00571386 0.00459107 0.0074689 0.00591016 0.00447127 0.00598149 0.00583878 0.00887343 0.00732752 0.00603797 0.00450227 0.00736911 0.0058068 0.00432079 0.00435663 0.00750314 0.00733802 0.0060385 0.00577743 0.00430008 0.00595277 
Throughputs: 3.47341 2.03162 2.57229 2.27738 3.50618 3.04742 2.29376 2.5559 3.76832 2.67059 2.22822 2.78528 3.04742 2.65421 2.34291 3.34234 2.50675 3.63725 2.01523 2.50675 3.29318 1.78586 3.09658 2.17907 3.24403 3.11296 3.24403 4.01408 3.30957 3.67002 2.73613 2.11354 4.17792 2.21184 2.65421 2.78528 4.25984 2.52314 2.78528 3.55533 
Utility: 6.12503 5.61958 5.84451 5.93584 6.36432 6.23761 5.74512 5.9888 6.48991 6.42413 6.25368 6.08011 5.99296 5.84204 5.90149 5.90026 5.75003 6.72227 6.15503 6.08385 6.5755 5.47691 6.26138 6.18898 6.2959 6.27881 5.90151 6.30593 6.30651 6.70337 5.917 5.89709 6.87413 6.22988 5.86858 5.93903 6.55883 6.0793 6.47347 6.39235 

--------------------------------------
Time: 34.5039
Split Ratios: 1 1 1 1 1 1 1 1 1 1 1 1 1 1 1 1 1 1 1 1 1 1 1 1 1 1 1 1 1 1 1 1 1 1 1 1 1 1 1 1 
Delays: 0.00765818 0.007362 0.00749407 0.00606082 0.00604563 0.00604841 0.00731453 0.00640697 0.00575267 0.00433154 0.00428279 0.00639333 0.00774584 0.00773142 0.00634508 0.00935921 0.00791202 0.00432218 0.00428395 0.00571188 0.00463095 0.00742591 0.00596323 0.00439888 0.00591621 0.00585263 0.00934518 0.00768309 0.00616154 0.00453105 0.00738181 0.00579596 0.00432776 0.00440345 0.00754186 0.00732558 0.00598768 0.00577456 0.00429289 0.00600089 
Throughputs: 3.63725 1.75309 2.44122 2.63782 3.75194 3.09658 2.3593 2.8672 3.93216 2.75251 1.78586 2.70336 2.7689 2.80166 2.22822 3.3751 2.47398 2.93274 1.91693 2.73613 3.71917 2.27738 3.03104 2.44122 2.98189 2.98189 3.24403 3.6864 3.6864 3.60448 2.53952 1.99885 3.55533 2.17907 2.65421 2.89997 3.75194 2.68698 2.71974 3.30957 
Utility: 6.16321 5.4728 5.78614 6.07586 6.43069 6.23826 5.77626 6.1037 6.52728 6.45435 6.03305 6.047 5.87905 5.89268 5.86128 5.88782 5.7452 6.51993 6.1036 6.17175 6.68849 5.7258 6.23105 6.3189 6.22262 6.23342 5.84971 6.17338 6.39408 6.67898 5.84071 5.84317 6.71115 6.20427 5.86343 5.98108 6.44032 6.14271 6.45133 6.31266 

--------------------------------------
Time: 35.0039
Split Ratios: 1 1 1 1 1 1 1 1 1 1 1 1 1 1 1 1 1 1 1 1 1 1 1 1 1 1 1 1 1 1 1 1 1 1 1 1 1 1 1 1 
Delays: 0.00768799 0.00732774 0.00750058 0.00606414 0.00615209 0.00604763 0.00738063 0.00641561 0.00574404 0.00438427 0.00427508 0.00636404 0.00719499 0.00770572 0.00633105 0.0087437 0.00809623 0.00435731 0.00428727 0.00570815 0.00459144 0.00741007 0.00586587 0.00442892 0.00598843 0.00590348 0.00866565 0.00685323 0.00545065 0.00461034 0.00736813 0.00580444 0.00430192 0.00438665 0.00744308 0.00731044 0.00607464 0.00576868 0.00430198 0.00603537 
Throughputs: 3.67002 2.44122 2.78528 2.67059 3.57171 3.40787 2.37568 3.08019 3.42426 2.98189 2.06438 3.14573 2.89997 2.52314 2.01523 2.94912 2.70336 3.47341 2.048 2.57229 3.39149 2.1463 2.91635 2.39206 3.16211 3.09658 3.16211 4.27622 3.62086 3.19488 2.70336 1.93331 3.67002 2.44122 2.39206 3.06381 4.1943 2.34291 3.06381 3.26042 
Utility: 6.16829 5.80858 5.91712 6.08766 6.36401 6.33418 5.77418 6.17401 6.39048 6.52229 6.17978 6.20314 5.99907 5.7913 5.76302 5.82093 5.81085 6.68104 6.16897 6.11066 6.60483 5.66866 6.20894 6.29176 6.26917 6.26251 5.89963 6.43611 6.49873 6.541 5.90509 5.80837 6.74889 6.32169 5.77263 6.03811 6.53736 6.00671 6.56834 6.29197 

--------------------------------------
Time: 35.504
Split Ratios: 1 1 1 1 1 1 1 1 1 1 1 1 1 1 1 1 1 1 1 1 1 1 1 1 1 1 1 1 1 1 1 1 1 1 1 1 1 1 1 1 
Delays: 0.00778472 0.00727326 0.00750467 0.00597946 0.00613638 0.00609225 0.00737858 0.00663925 0.00573787 0.0043793 0.0042866 0.00645716 0.00758337 0.00780267 0.00643853 0.00894907 0.00811668 0.00433226 0.00428411 0.0057254 0.00465012 0.00744962 0.00590143 0.00445874 0.00601329 0.00581599 0.00892129 0.00719102 0.00565182 0.00458005 0.00743223 0.00580363 0.00432535 0.00447368 0.00758616 0.00729887 0.00611131 0.00574915 0.0042855 0.00597299 
Throughputs: 3.86662 1.65478 2.50675 2.24461 4.06323 3.21126 2.17907 2.89997 3.32595 2.83443 1.72032 3.04742 2.9655 2.75251 1.98246 3.48979 2.98189 2.71974 2.16269 3.14573 3.35872 2.3593 2.88358 2.32653 3.1785 3.08019 3.35872 3.83386 3.26042 2.99827 2.75251 2.3593 3.73555 2.34291 2.5559 3.19488 3.75194 2.67059 3.09658 3.24403 
Utility: 6.20797 5.42722 5.81122 5.92796 6.4955 6.2674 5.68807 6.07946 6.36242 6.47271 5.99477 6.15686 5.96885 5.8658 5.7298 5.96605 5.90639 6.4422 6.22419 6.30889 6.58242 5.75796 6.19159 6.25727 6.27019 6.27214 5.93087 6.27879 6.35763 6.48408 5.91444 6.00764 6.76116 6.26094 5.81984 6.08159 6.41989 6.141 6.58281 6.29733 

--------------------------------------
Time: 36.0042
Split Ratios: 1 1 1 1 1 1 1 1 1 1 1 1 1 1 1 1 1 1 1 1 1 1 1 1 1 1 1 1 1 1 1 1 1 1 1 1 1 1 1 1 
Delays: 0.00799965 0.00731771 0.00744692 0.00602047 0.00633723 0.00603873 0.00732549 0.00630842 0.00573258 0.0043407 0.00428786 0.00638153 0.00814311 0.00775955 0.00640505 0.00952242 0.0080157 0.00434485 0.00428957 0.00571922 0.00463386 0.00736896 0.00595032 0.00439898 0.00596174 0.00583165 0.00989504 0.0077145 0.00632016 0.00451324 0.00735323 0.00581351 0.00431603 0.00444393 0.0075561 0.00730368 0.00599767 0.00578312 0.00430298 0.00598107 
Throughputs: 3.85024 2.11354 2.70336 2.37568 3.98131 3.32595 2.37568 2.93274 3.55533 2.78528 2.12992 2.7689 3.19488 2.52314 2.1463 3.24403 2.60506 3.76832 1.98246 2.73613 3.39149 2.01523 2.93274 2.47398 2.85082 3.19488 3.30957 3.7847 3.75194 3.53894 2.73613 2.01523 4.16154 2.42483 2.42483 3.06381 3.67002 2.60506 3.30957 3.3751 
Utility: 6.17649 5.66582 5.89445 5.97787 6.44292 6.31132 5.78168 6.14181 6.43004 6.46407 6.20805 6.0728 5.97213 5.78433 5.81442 5.83092 5.78381 6.76539 6.13591 6.17047 6.59563 5.61121 6.20025 6.33221 6.17 6.306 5.81254 6.19562 6.38628 6.66457 5.91916 5.8483 6.8713 6.30198 5.77116 6.03904 6.41658 6.11027 6.64527 6.33558 

