--------------------------------------
Time: 5.5002
Split Ratios: 1 1 1 1 1 1 1 1 1 1 1 1 1 1 1 1 1 1 1 1 1 1 1 1 1 1 1 1 1 1 
Delays: 0.00953122 0.00771357 0.00795045 0.00743246 0.00802878 0.01048 0.00604803 0.00764107 0.00812195 0.00583775 0.00801085 0.0063118 0.00809244 0.00840771 0.00757211 0.00783995 0.00966006 0.0100878 0.00596797 0.00752386 0.00810571 0.00939475 0.00577781 0.00576227 0.00825004 0.00986369 0.00932349 0.00783833 0.00955646 0.00608975 
Throughputs: 1.31072 0.950272 1.01581 0.8192 1.11411 0.704512 1.06496 0.851968 0.720896 1.04858 0.868352 1.09773 1.21242 0.704512 0.770048 0.720896 0.753664 1.01581 0.966656 0.884736 0.868352 0.688128 0.606208 1.29434 1.01581 0.524288 0.835584 1.17965 1.06496 0.966656 
Utility: 4.92376 4.81377 4.85021 4.70247 4.93278 4.20804 5.17096 4.71401 4.48592 5.19084 4.6858 5.15858 5.00944 4.42836 4.62198 4.52126 4.35695 4.61211 5.08744 4.76721 4.67403 4.29382 4.6532 5.41442 4.81322 3.97318 4.49559 5.01395 4.71348 5.06724 

--------------------------------------
Time: 6.00035
Split Ratios: 1 1 1 1 1 1 1 1 1 1 1 1 1 1 1 1 1 1 1 1 1 1 1 1 1 1 1 1 1 1 
Delays: 0.00974752 0.00781239 0.00801297 0.00746921 0.00808999 0.0106293 0.00602349 0.00752003 0.0084049 0.0059064 0.00795297 0.00687035 0.00807799 0.00848097 0.00779627 0.00778111 0.00958992 0.0102044 0.00582055 0.00752588 0.00860582 0.00963979 0.00571528 0.00567586 0.00872851 0.00985118 0.0094059 0.00774598 0.00953761 0.00620228 
Throughputs: 0.835584 0.90112 0.917504 0.950272 1.11411 0.917504 0.933888 0.835584 1.16326 1.06496 0.98304 1.09773 0.999424 0.720896 0.966656 0.753664 0.884736 0.90112 0.884736 0.868352 1.01581 0.98304 0.835584 0.835584 0.884736 0.835584 0.720896 1.03219 1.04858 1.01581 
Utility: 4.45112 4.74793 4.7406 4.84596 4.92519 4.45805 5.04369 4.71056 4.93017 5.19466 4.8171 5.07378 4.81804 4.44267 4.8202 4.57325 4.52458 4.48082 5.02389 4.74825 4.771 4.62475 4.98499 4.99191 4.61869 4.44054 4.33916 4.89227 4.69995 5.09852 

--------------------------------------
Time: 6.5004
Split Ratios: 1 1 1 1 1 1 1 1 1 1 1 1 1 1 1 1 1 1 1 1 1 1 1 1 1 1 1 1 1 1 
Delays: 0.00957415 0.00767982 0.00805019 0.00745871 0.00808906 0.0107261 0.00614 0.00763904 0.00814981 0.00588804 0.00798389 0.00627825 0.00822459 0.00848968 0.00749269 0.00802659 0.00965909 0.01006 0.0058667 0.00752618 0.00806235 0.00957153 0.00588647 0.00581199 0.00829339 0.00972081 0.00947451 0.00769207 0.00941264 0.00606131 
Throughputs: 0.90112 1.1305 0.835584 0.868352 0.98304 1.04858 0.8192 0.933888 0.98304 1.06496 0.98304 1.09773 1.03219 0.786432 0.770048 0.770048 0.884736 0.98304 0.8192 0.851968 0.835584 1.09773 0.966656 0.98304 0.835584 0.770048 1.11411 0.98304 0.884736 1.14688 
Utility: 4.54457 4.99182 4.64243 4.75721 4.80014 4.58251 4.8935 4.80608 4.79266 5.19777 4.81322 5.16391 4.83231 4.52866 4.63252 4.56369 4.51739 4.58208 4.93904 4.72916 4.64093 4.7422 5.10119 5.13073 4.61267 4.37218 4.76721 4.85046 4.54324 5.24287 

--------------------------------------
Time: 7.00125
Split Ratios: 1 1 1 1 1 1 1 1 1 1 1 1 1 1 1 1 1 1 1 1 1 1 1 1 1 1 1 1 1 1 
Delays: 0.0097371 0.00765977 0.00847576 0.00749152 0.00798063 0.0104678 0.0060531 0.0076651 0.00823578 0.00594408 0.00821648 0.00634131 0.00829556 0.00827278 0.00764547 0.00803609 0.00960734 0.0101484 0.00587315 0.00745133 0.00827914 0.00943924 0.00579965 0.00589659 0.00781249 0.00981196 0.00957631 0.00787193 0.00951275 0.00603657 
Throughputs: 0.933888 1.04858 1.1305 1.19603 1.09773 0.966656 0.868352 0.720896 0.917504 0.999424 1.09773 0.966656 1.19603 0.98304 0.98304 0.884736 0.933888 0.933888 0.999424 0.868352 0.8192 0.65536 0.966656 0.868352 0.8192 0.950272 0.720896 0.851968 1.03219 1.08134 
Utility: 4.56341 4.91921 4.8932 5.07299 4.92398 4.52554 4.96603 4.54382 4.71317 5.12478 4.89486 5.02676 4.97104 4.77768 4.85654 4.70135 4.57683 4.52204 5.13679 4.7582 4.59459 4.24031 5.11604 4.99222 4.6526 4.57315 4.3212 4.68425 4.68681 5.18812 

--------------------------------------
Time: 7.50131
Split Ratios: 1 1 1 1 1 1 1 1 1 1 1 1 1 1 1 1 1 1 1 1 1 1 1 1 1 1 1 1 1 1 
Delays: 0.00959468 0.00769831 0.00787623 0.00743981 0.00779949 0.00999655 0.00600672 0.00757561 0.00809336 0.00605477 0.00773032 0.00625844 0.00786527 0.00839648 0.00766613 0.00782131 0.00961428 0.00976357 0.00584359 0.00749173 0.00829639 0.00934984 0.00572664 0.00583486 0.00805941 0.00995294 0.0095027 0.00775737 0.00936436 0.00595602 
Throughputs: 0.90112 0.917504 1.17965 0.950272 0.835584 0.835584 0.802816 0.999424 0.98304 0.90112 0.950272 1.04858 1.17965 0.671744 0.950272 0.933888 0.868352 0.786432 1.11411 0.884736 0.884736 0.753664 0.98304 0.802816 0.802816 0.868352 0.851968 0.950272 0.950272 1.06496 
Utility: 4.54243 4.78066 5.00912 4.8499 4.67407 4.42589 4.89525 4.88225 4.79961 5.00279 4.8116 5.12126 5.01051 4.38206 4.81994 4.7825 4.50335 4.38885 5.25047 4.77149 4.66947 4.38959 5.14552 4.92428 4.60128 4.46873 4.49597 4.8081 4.61984 5.18629 

--------------------------------------
Time: 8.00157
Split Ratios: 1 1 1 1 1 1 1 1 1 1 1 1 1 1 1 1 1 1 1 1 1 1 1 1 1 1 1 1 1 1 
Delays: 0.00951325 0.00768826 0.0077801 0.00746997 0.0080687 0.0102224 0.00588358 0.00763653 0.00823944 0.00567371 0.00780888 0.00620552 0.0079928 0.00822894 0.0075862 0.00793794 0.00953518 0.0100951 0.00589756 0.00748299 0.00858497 0.00950278 0.00570273 0.00569574 0.00828637 0.00969546 0.00941781 0.007774 0.00953682 0.00610465 
Throughputs: 0.802816 0.933888 1.03219 0.98304 1.08134 1.08134 0.786432 0.802816 0.73728 0.966656 1.03219 1.06496 0.90112 0.786432 0.851968 0.786432 0.835584 0.868352 0.884736 0.802816 0.868352 0.835584 0.802816 0.884736 0.802816 0.917504 0.917504 1.01581 0.966656 1.01581 
Utility: 4.43544 4.79966 4.88787 4.87976 4.89797 4.66138 4.89534 4.65518 4.49404 5.138 4.88418 5.14525 4.7251 4.55985 4.72122 4.59585 4.47314 4.45455 5.01075 4.67549 4.61658 4.47655 4.94718 5.04557 4.57351 4.55 4.57905 4.87265 4.61868 5.11439 

--------------------------------------
Time: 8.50165
Split Ratios: 1 1 1 1 1 1 1 1 1 1 1 1 1 1 1 1 1 1 1 1 1 1 1 1 1 1 1 1 1 1 
Delays: 0.0095147 0.00765492 0.00830173 0.0074391 0.00810068 0.010792 0.00596987 0.00762992 0.00822261 0.00582755 0.00791576 0.00631255 0.00784572 0.00831987 0.00748826 0.00798353 0.00971346 0.0100942 0.00586712 0.00755068 0.00814488 0.00946792 0.00575496 0.00573488 0.00837117 0.00987043 0.00940945 0.00767297 0.00950688 0.00606046 
Throughputs: 0.753664 1.08134 0.917504 0.73728 1.08134 1.01581 0.73728 0.8192 0.950272 0.786432 1.14688 1.14688 1.04858 1.03219 0.786432 0.802816 0.90112 0.786432 0.966656 1.09773 1.09773 0.950272 0.753664 1.04858 0.868352 0.770048 0.753664 0.786432 1.2288 1.06496 
Utility: 4.37211 4.95061 4.70519 4.59622 4.89401 4.54463 4.81624 4.67625 4.74986 4.90491 4.97594 5.20226 4.89522 4.82079 4.65417 4.61074 4.53013 4.35554 5.10448 4.97936 4.90361 4.60884 4.87488 5.20862 4.6418 4.35691 4.38323 4.6298 4.86178 5.16891 

--------------------------------------
Time: 9.00198
Split Ratios: 1 1 1 1 1 1 1 1 1 1 1 1 1 1 1 1 1 1 1 1 1 1 1 1 1 1 1 1 1 1 
Delays: 0.00954531 0.0076671 0.00804867 0.0074821 0.00807329 0.01086 0.00600197 0.00762737 0.00819969 0.00584346 0.00803991 0.0066736 0.00792086 0.00825836 0.00757757 0.00774226 0.00968718 0.0104066 0.00578586 0.00767948 0.00861906 0.00943687 0.00577342 0.00567767 0.00854006 0.00979497 0.00942823 0.007677 0.00947611 0.00596734 
Throughputs: 0.933888 0.98304 0.950272 0.917504 0.90112 0.851968 0.770048 0.950272 0.917504 0.73728 0.90112 1.31072 0.98304 0.868352 0.966656 0.868352 1.19603 1.04858 1.04858 1.04858 0.98304 0.90112 0.884736 1.08134 0.73728 0.835584 0.802816 0.851968 1.06496 0.933888 
Utility: 4.58331 4.85371 4.77124 4.80914 4.71508 4.36246 4.85436 4.82501 4.71756 4.83765 4.71922 5.28017 4.82115 4.65537 4.84865 4.7199 4.81596 4.61275 5.19977 4.91664 4.73667 4.55901 5.03202 5.24942 4.4582 4.44626 4.44442 4.70932 4.72192 5.05306 

--------------------------------------
Time: 9.50203
Split Ratios: 1 1 1 1 1 1 1 1 1 1 1 1 1 1 1 1 1 1 1 1 1 1 1 1 1 1 1 1 1 1 
Delays: 0.00974224 0.00760374 0.00783878 0.00743585 0.00794562 0.0105655 0.00595598 0.00780041 0.00834019 0.00595932 0.00768678 0.00646557 0.00794575 0.00846788 0.0075384 0.00804949 0.0096547 0.0104917 0.0057395 0.00751279 0.00835472 0.00941351 0.00571329 0.00576306 0.0083399 0.00985344 0.00955371 0.00760912 0.00950201 0.00594947 
Throughputs: 0.8192 0.950272 1.09773 0.933888 0.999424 0.98304 0.90112 0.90112 0.868352 0.90112 1.14688 0.786432 0.868352 1.03219 0.884736 0.999424 1.09773 0.966656 0.950272 0.753664 0.688128 1.06496 0.786432 1.08134 0.917504 0.802816 0.753664 0.868352 0.98304 0.933888 
Utility: 4.43186 4.82811 4.94191 4.83304 4.83456 4.53306 5.01924 4.74946 4.64551 5.01868 5.0053 4.80102 4.69396 4.80316 4.76528 4.82157 4.73355 4.52325 5.10938 4.60834 4.41115 4.72855 4.92471 5.23449 4.70061 4.40031 4.36802 4.73725 4.63915 5.05605 

--------------------------------------
Time: 10.0022
Split Ratios: 1 1 1 1 1 1 1 1 1 1 1 1 1 1 1 1 1 1 1 1 1 1 1 1 1 1 1 1 1 1 
Delays: 0.00987738 0.0077935 0.00812815 0.00742492 0.00793843 0.0105998 0.00599288 0.00756958 0.00801992 0.00583303 0.00781913 0.00636654 0.00815257 0.00868832 0.00769203 0.0081718 0.0097314 0.0105869 0.00570492 0.00748622 0.00813763 0.00950433 0.00572625 0.00568099 0.00808085 0.00977247 0.0096155 0.00777855 0.00953031 0.00606427 
Throughputs: 1.08134 0.966656 0.884736 0.933888 1.06496 0.868352 0.98304 0.868352 0.884736 0.90112 0.8192 1.01581 1.31072 0.851968 0.851968 1.06496 0.884736 0.999424 1.01581 0.98304 0.966656 1.04858 0.8192 0.73728 0.933888 0.671744 0.917504 0.835584 1.08134 0.950272 
Utility: 4.69571 4.82055 4.68996 4.83451 4.89898 4.40576 5.10008 4.74246 4.70336 5.0401 4.65175 5.07238 5.08 4.58557 4.70736 4.87 4.50993 4.54756 5.18211 4.87759 4.77734 4.70344 4.96327 4.86584 4.74986 4.23031 4.55828 4.67676 4.73148 5.05433 

--------------------------------------
Time: 10.5026
Split Ratios: 1 1 1 1 1 1 1 1 1 1 1 1 1 1 1 1 1 1 1 1 1 1 1 1 1 1 1 1 1 1 
Delays: 0.00976317 0.00770891 0.00791064 0.00748675 0.00787067 0.0103782 0.00603122 0.00763411 0.00804749 0.00585509 0.00779624 0.00647399 0.00781725 0.0082277 0.00753035 0.0078701 0.00970008 0.0100425 0.00587128 0.00744433 0.00790666 0.00935466 0.00596649 0.00567975 0.00830135 0.00998113 0.00961814 0.00754472 0.00956176 0.00586049 
Throughputs: 0.851968 0.851968 0.950272 1.01581 1.11411 0.73728 0.688128 0.73728 0.851968 0.933888 0.90112 0.966656 1.06496 0.786432 1.09773 1.03219 1.03219 1.35987 0.98304 0.98304 0.688128 1.09773 0.770048 0.884736 0.770048 0.90112 0.950272 0.753664 0.966656 0.868352 
Utility: 4.46893 4.70517 4.78854 4.9103 4.95267 4.26326 4.73703 4.57034 4.66219 5.07204 4.75 5.00605 4.91436 4.56 4.98206 4.87637 4.66731 4.90832 5.12058 4.8832 4.46627 4.76512 4.86029 5.04838 4.53003 4.50294 4.5931 4.6041 4.61607 4.99836 

--------------------------------------
Time: 11.0029
Split Ratios: 1 1 1 1 1 1 1 1 1 1 1 1 1 1 1 1 1 1 1 1 1 1 1 1 1 1 1 1 1 1 
Delays: 0.00955806 0.00771174 0.00789057 0.00748132 0.00797411 0.0103984 0.00600489 0.00772073 0.00800543 0.005716 0.00779724 0.00633005 0.00794713 0.00835524 0.00751489 0.00779578 0.00967241 0.0101134 0.00584039 0.00756894 0.00814868 0.00938394 0.00573032 0.00579166 0.00829808 0.00966325 0.0094538 0.00759768 0.00961554 0.00601654 
Throughputs: 0.950272 1.08134 0.90112 0.933888 0.933888 0.884736 0.999424 0.851968 0.802816 0.73728 0.933888 0.950272 0.98304 0.868352 1.06496 0.835584 0.950272 0.770048 1.24518 1.06496 0.704512 0.73728 0.917504 0.999424 0.802816 0.688128 0.73728 0.851968 1.09773 1.14688 
Utility: 4.59936 4.94322 4.73797 4.82695 4.76316 4.44364 5.11461 4.70364 4.60801 4.8597 4.78559 5.01144 4.81784 4.64371 4.95381 4.67455 4.58747 4.33259 5.36224 4.94664 4.45965 4.36397 5.07589 5.15076 4.5721 4.26565 4.35655 4.71971 4.73762 5.25029 

--------------------------------------
Time: 11.5042
Split Ratios: 1 1 1 1 1 1 1 1 1 1 1 1 1 1 1 1 1 1 1 1 1 1 1 1 1 1 1 1 1 1 
Delays: 0.0097946 0.00768729 0.00787148 0.00744184 0.00787162 0.010651 0.00596093 0.00766449 0.0079284 0.00602894 0.00823352 0.00663843 0.00794435 0.00821642 0.00755546 0.00768293 0.00977625 0.0102311 0.0058953 0.00761109 0.00859176 0.0094541 0.00585067 0.00574425 0.00835799 0.0097506 0.00937407 0.00774358 0.0095431 0.0059954 
Throughputs: 1.08134 0.90112 0.851968 0.98304 0.98304 0.835584 1.04858 0.933888 0.720896 0.950272 0.868352 1.24518 0.851968 0.786432 1.01581 0.835584 0.966656 1.1305 0.999424 1.1305 0.884736 0.884736 0.933888 1.01581 0.933888 0.720896 1.06496 0.8192 1.04858 1.17965 
Utility: 4.70413 4.76407 4.6843 4.88353 4.82739 4.36247 5.16996 4.80276 4.51004 5.06018 4.65838 5.23416 4.67509 4.56137 4.90117 4.68913 4.59389 4.70498 5.13302 5.00081 4.63449 4.53884 5.0728 5.17524 4.71614 4.30317 4.73275 4.66146 4.69937 5.28198 

--------------------------------------
Time: 12.0043
Split Ratios: 1 1 1 1 1 1 1 1 1 1 1 1 1 1 1 1 1 1 1 1 1 1 1 1 1 1 1 1 1 1 
Delays: 0.00955613 0.00757561 0.00791782 0.00748284 0.00800843 0.0105268 0.00605614 0.00759307 0.00820805 0.00579326 0.0077736 0.00649849 0.00788526 0.00864874 0.00760535 0.00784294 0.00966253 0.0100453 0.00584269 0.00756504 0.00853887 0.00943013 0.00574086 0.00572607 0.00811856 0.00976446 0.00946462 0.00762302 0.00949024 0.00616422 
Throughputs: 0.98304 0.933888 1.03219 1.04858 1.1305 0.933888 0.851968 0.688128 1.21242 0.966656 0.933888 0.917504 1.01581 0.933888 0.720896 0.802816 0.98304 0.933888 1.03219 0.933888 0.884736 0.90112 0.90112 0.884736 0.966656 0.90112 0.8192 0.933888 1.11411 1.01581 
Utility: 4.63347 4.81442 4.87032 4.94258 4.94992 4.48543 4.94648 4.50674 4.99526 5.11715 4.78862 4.95009 4.85844 4.68194 4.55164 4.62851 4.62239 4.53225 5.17425 4.81582 4.64066 4.55973 5.05603 5.04026 4.77969 4.52489 4.46077 4.80818 4.76555 5.10468 

--------------------------------------
Time: 12.5047
Split Ratios: 1 1 1 1 1 1 1 1 1 1 1 1 1 1 1 1 1 1 1 1 1 1 1 1 1 1 1 1 1 1 
Delays: 0.00969323 0.00773439 0.00778627 0.00745268 0.00767609 0.0107086 0.00607433 0.00761698 0.00842972 0.00590279 0.00808456 0.00650787 0.00784557 0.00876003 0.00755355 0.0080602 0.00974664 0.010543 0.00571663 0.00743214 0.00827943 0.0093814 0.00569974 0.00574176 0.00818764 0.00998639 0.00935764 0.00758535 0.00957317 0.00596401 
Throughputs: 0.917504 1.16326 0.90112 0.868352 0.770048 0.851968 0.950272 0.950272 0.999424 0.868352 1.01581 1.09773 1.04858 1.04858 0.966656 0.884736 1.06496 0.786432 1.04858 0.851968 0.884736 0.770048 0.786432 0.917504 0.90112 0.950272 0.966656 0.950272 1.16326 0.884736 
Utility: 4.55023 5.01331 4.75128 4.75802 4.60834 4.3765 5.05268 4.82637 4.77542 4.99117 4.83348 5.12798 4.89524 4.78499 4.85183 4.69835 4.69377 4.31204 5.21181 4.74173 4.67152 4.40772 4.92709 5.07389 4.70101 4.55553 4.63765 4.83053 4.80002 4.99955 

--------------------------------------
Time: 13.0057
Split Ratios: 1 1 1 1 1 1 1 1 1 1 1 1 1 1 1 1 1 1 1 1 1 1 1 1 1 1 1 1 1 1 
Delays: 0.00966077 0.00775813 0.00805995 0.00756713 0.00799003 0.0110851 0.0060402 0.00763576 0.0080911 0.00578386 0.00775993 0.00644983 0.00796379 0.008862 0.00760126 0.00793623 0.00979273 0.0100527 0.00585136 0.00758634 0.00816091 0.00952377 0.00588694 0.00576276 0.00864197 0.00980793 0.00948154 0.00761027 0.009536 0.00613434 
Throughputs: 0.868352 1.24518 0.917504 0.966656 0.884736 0.966656 0.835584 0.868352 0.98304 0.671744 0.835584 1.21242 1.16326 0.786432 0.933888 0.802816 0.966656 1.14688 0.917504 0.851968 0.950272 1.09773 1.08134 1.11411 0.950272 0.966656 1.01581 0.950272 0.999424 1.11411 
Utility: 4.49852 5.0783 4.73475 4.85003 4.70709 4.46824 4.92969 4.73375 4.79989 4.75481 4.67916 5.23632 4.98408 4.48573 4.81104 4.61669 4.5922 4.73696 5.05498 4.7212 4.75739 4.74721 5.21322 5.2644 4.70012 4.59065 4.67409 4.82725 4.6521 5.20191 

--------------------------------------
Time: 13.5058
Split Ratios: 1 1 1 1 1 1 1 1 1 1 1 1 1 1 1 1 1 1 1 1 1 1 1 1 1 1 1 1 1 1 
Delays: 0.00969366 0.00775163 0.00795078 0.00747092 0.00789983 0.0106918 0.0058617 0.00764501 0.00817909 0.00590958 0.00799042 0.00652887 0.007809 0.00827541 0.00763015 0.00804572 0.00961195 0.0101383 0.00586676 0.00748543 0.00803247 0.00950242 0.00599948 0.00568104 0.00832433 0.00984251 0.00941225 0.00766018 0.00951933 0.00600549 
Throughputs: 0.966656 1.17965 0.950272 0.753664 0.884736 0.8192 0.671744 0.950272 0.884736 0.720896 0.966656 1.14688 1.06496 0.933888 0.868352 0.851968 1.01581 1.04858 1.06496 0.884736 0.90112 0.98304 0.671744 0.950272 0.90112 0.933888 0.73728 1.01581 1.14688 0.999424 
Utility: 4.60237 5.02507 4.78348 4.61393 4.71845 4.33886 4.74144 4.82269 4.68371 4.80392 4.7956 5.16857 4.91542 4.72607 4.73449 4.66241 4.66043 4.63887 5.20139 4.77233 4.72015 4.6391 4.7182 5.11961 4.68446 4.55265 4.36096 4.8874 4.79148 5.11451 

--------------------------------------
Time: 14.0065
Split Ratios: 1 1 1 1 1 1 1 1 1 1 1 1 1 1 1 1 1 1 1 1 1 1 1 1 1 1 1 1 1 1 
Delays: 0.00972842 0.00775097 0.00793798 0.00745047 0.00781668 0.0104808 0.00595813 0.00757667 0.00828891 0.0058139 0.0077959 0.00634765 0.00776517 0.00835807 0.0075752 0.00799733 0.00979381 0.010296 0.00573906 0.00757893 0.00846491 0.00946661 0.00574153 0.00573651 0.00872924 0.00980957 0.0095193 0.00780072 0.00937603 0.00589672 
Throughputs: 1.04858 1.14688 1.04858 0.950272 0.917504 0.917504 0.802816 0.884736 0.868352 0.688128 0.770048 1.11411 0.90112 0.770048 0.884736 1.01581 0.868352 0.868352 0.90112 0.933888 0.884736 0.950272 0.933888 1.19603 0.73728 0.786432 0.999424 0.950272 1.06496 0.835584 
Utility: 4.68014 4.99698 4.88353 4.84847 4.7654 4.47211 4.90337 4.76022 4.65168 4.77372 4.59286 5.16773 4.75399 4.52323 4.76041 4.84433 4.48485 4.43484 5.05634 4.81398 4.64936 4.60898 5.09163 5.33991 4.43629 4.38415 4.65386 4.80253 4.73254 4.95374 

--------------------------------------
Time: 14.5065
Split Ratios: 1 1 1 1 1 1 1 1 1 1 1 1 1 1 1 1 1 1 1 1 1 1 1 1 1 1 1 1 1 1 
Delays: 0.00967131 0.00768183 0.00808967 0.00750937 0.00796706 0.0104144 0.0058594 0.00763211 0.00856845 0.00610771 0.0079393 0.00649988 0.00791438 0.00833162 0.00758759 0.00771903 0.00941692 0.00982017 0.00598353 0.00751305 0.00836474 0.00941412 0.00577077 0.0056715 0.00833871 0.00978666 0.00944745 0.00775576 0.00951875 0.00621027 
Throughputs: 0.770048 0.770048 1.01581 0.835584 1.26157 1.06496 0.917504 0.851968 1.01581 0.868352 1.09773 0.933888 1.03219 0.786432 1.11411 0.786432 0.770048 0.606208 0.835584 1.03219 0.884736 0.802816 0.851968 0.8192 0.999424 0.917504 0.835584 0.835584 1.01581 1.04858 
Utility: 4.37729 4.6076 4.83285 4.71198 5.06479 4.62751 5.05361 4.71518 4.77535 4.95705 4.92917 4.96757 4.87076 4.54745 4.9893 4.62382 4.40394 4.12278 4.93912 4.9228 4.66126 4.44592 4.99474 4.97287 4.78627 4.54064 4.48239 4.67969 4.67018 5.12898 

--------------------------------------
Time: 15.0065
Split Ratios: 1 1 1 1 1 1 1 1 1 1 1 1 1 1 1 1 1 1 1 1 1 1 1 1 1 1 1 1 1 1 
Delays: 0.00978973 0.00760204 0.00833907 0.00743402 0.0079056 0.0108829 0.00590757 0.00769807 0.00826756 0.00591368 0.00794725 0.00634238 0.00787619 0.00806604 0.00755428 0.00784572 0.00958393 0.0100199 0.00577922 0.00750149 0.00790818 0.00946832 0.0057257 0.00569753 0.00815697 0.00964385 0.00936942 0.00767092 0.00942713 0.00618488 
Throughputs: 0.933888 0.835584 0.884736 0.786432 0.966656 0.868352 0.671744 1.01581 0.73728 0.802816 0.786432 1.03219 1.04858 0.802816 0.835584 0.950272 1.11411 0.966656 0.933888 0.966656 0.884736 0.704512 0.8192 0.950272 0.851968 0.753664 0.884736 0.802816 0.98304 1.1305 
Utility: 4.55802 4.69971 4.66434 4.66144 4.80627 4.37941 4.73364 4.88247 4.49063 4.91086 4.59468 5.09219 4.89134 4.60046 4.70602 4.79678 4.75573 4.56927 5.08509 4.85874 4.71739 4.30955 4.96336 5.11672 4.64868 4.35863 4.54784 4.65069 4.64706 5.2083 

--------------------------------------
Time: 15.5065
Split Ratios: 1 1 1 1 1 1 1 1 1 1 1 1 1 1 1 1 1 1 1 1 1 1 1 1 1 1 1 1 1 1 
Delays: 0.0100342 0.00763435 0.00778097 0.00748502 0.00784745 0.0108707 0.00592451 0.00748417 0.0080468 0.00590099 0.00798282 0.006279 0.00801121 0.00884599 0.00752041 0.00819897 0.00957977 0.0105573 0.00583712 0.00758192 0.00817938 0.00938943 0.00579279 0.00576536 0.00836016 0.00984745 0.00952728 0.00788807 0.00956259 0.00594438 
Throughputs: 0.999424 1.04858 1.16326 1.04858 0.851968 1.03219 0.966656 0.65536 0.720896 0.704512 0.98304 1.14688 0.851968 1.04858 0.90112 1.01581 0.884736 0.98304 1.08134 0.884736 0.73728 0.90112 1.03219 0.884736 0.770048 0.8192 0.917504 0.884736 0.950272 1.11411 
Utility: 4.60118 4.92253 5.0073 4.94228 4.68736 4.55337 5.09474 4.47239 4.49522 4.78239 4.81336 5.20759 4.66671 4.77522 4.78602 4.81943 4.52564 4.53383 5.22172 4.75952 4.50135 4.56405 5.18283 5.03342 4.52298 4.42112 4.5675 4.71994 4.59889 5.23337 

--------------------------------------
Time: 16.0067
Split Ratios: 1 1 1 1 1 1 1 1 1 1 1 1 1 1 1 1 1 1 1 1 1 1 1 1 1 1 1 1 1 1 
Delays: 0.0097227 0.0076797 0.00808633 0.00747377 0.00795841 0.0102657 0.00588849 0.0075649 0.00825151 0.00586884 0.00785905 0.00649229 0.0080141 0.0083674 0.00761854 0.00784528 0.00968171 0.0101672 0.00585131 0.00751549 0.00809978 0.00950729 0.00575257 0.00567677 0.00825572 0.00971923 0.00951848 0.00770595 0.00946602 0.0062819 
Throughputs: 0.933888 1.06496 1.08134 1.03219 1.04858 1.04858 0.770048 0.98304 0.802816 1.08134 0.851968 0.933888 0.98304 0.868352 1.06496 0.90112 1.08134 0.966656 1.24518 0.884736 0.8192 1.04858 0.966656 0.90112 0.917504 0.704512 0.786432 0.90112 1.1305 0.917504 
Utility: 4.56489 4.93211 4.89578 4.92804 4.88096 4.62638 4.87345 4.86713 4.57773 5.2163 4.68588 4.96874 4.80945 4.64225 4.94011 4.74373 4.71572 4.55468 5.36037 4.76832 4.61649 4.70313 5.1242 5.06726 4.71075 4.2834 4.41427 4.76165 4.7827 4.98398 

--------------------------------------
Time: 16.5067
Split Ratios: 1 1 1 1 1 1 1 1 1 1 1 1 1 1 1 1 1 1 1 1 1 1 1 1 1 1 1 1 1 1 
Delays: 0.00956258 0.0076554 0.00789794 0.00744973 0.00788954 0.0110063 0.00582726 0.00778689 0.00863033 0.00572593 0.00782588 0.00667934 0.0077969 0.00871206 0.00763884 0.00793138 0.00957322 0.010722 0.00588197 0.0075177 0.00842219 0.00944893 0.00578074 0.0057239 0.00848512 0.00980602 0.00948467 0.00771655 0.00938742 0.00597947 
Throughputs: 0.835584 0.950272 0.966656 0.753664 0.950272 0.770048 0.704512 0.868352 1.04858 0.917504 0.999424 1.1305 1.06496 0.917504 0.868352 0.868352 0.950272 0.933888 0.933888 0.8192 0.720896 1.04858 1.03219 0.98304 0.950272 0.835584 1.01581 0.753664 1.09773 1.1305 
Utility: 4.47027 4.82134 4.80724 4.61677 4.79121 4.24799 4.79496 4.71416 4.79991 5.07665 4.84974 5.13139 4.91697 4.65695 4.73335 4.69577 4.59778 4.46706 5.06747 4.69107 4.44962 4.70929 5.18491 5.146 4.71843 4.44513 4.67376 4.58158 4.76163 5.24208 

--------------------------------------
Time: 17.0067
Split Ratios: 1 1 1 1 1 1 1 1 1 1 1 1 1 1 1 1 1 1 1 1 1 1 1 1 1 1 1 1 1 1 
Delays: 0.00961091 0.00772848 0.00802829 0.00745955 0.00808905 0.010505 0.00592337 0.00759939 0.00809518 0.00576301 0.00764488 0.0062165 0.00788998 0.00827903 0.0077003 0.00762338 0.00964807 0.00991562 0.00581466 0.00750816 0.00817827 0.00956865 0.00568949 0.00567391 0.00820727 0.0098396 0.00947675 0.00776892 0.00952748 0.00593449 
Throughputs: 0.835584 1.04858 0.950272 1.08134 1.03219 0.753664 0.917504 0.933888 0.933888 0.950272 1.06496 0.933888 1.08134 0.8192 0.98304 0.786432 1.17965 0.73728 0.933888 1.19603 0.98304 0.98304 0.770048 1.19603 0.835584 0.802816 0.638976 0.868352 1.11411 0.98304 
Utility: 4.46523 4.91028 4.77378 4.97646 4.84893 4.27309 5.04275 4.81129 4.74809 5.10529 4.93666 5.01215 4.92037 4.5946 4.84939 4.63629 4.80621 4.30886 5.07897 5.07077 4.78917 4.63216 4.90783 5.35089 4.62311 4.40171 4.21103 4.71647 4.76163 5.10987 

--------------------------------------
Time: 17.507
Split Ratios: 1 1 1 1 1 1 1 1 1 1 1 1 1 1 1 1 1 1 1 1 1 1 1 1 1 1 1 1 1 1 
Delays: 0.00978801 0.00774229 0.00803007 0.00757486 0.00782247 0.0110908 0.00593695 0.00767543 0.00832034 0.00589824 0.0079041 0.00674934 0.00807267 0.00846806 0.00769147 0.00816868 0.00959367 0.0105053 0.00574196 0.00746778 0.00831159 0.00936713 0.00566455 0.00573741 0.0084586 0.00976024 0.00951278 0.00773886 0.00955299 0.00595719 
Throughputs: 1.03219 1.14688 1.01581 0.966656 1.06496 1.04858 0.786432 0.8192 1.03219 1.09773 1.01581 1.08134 1.11411 1.08134 0.966656 0.851968 0.966656 0.720896 0.98304 0.8192 0.884736 0.966656 0.868352 1.06496 0.8192 1.01581 0.999424 0.98304 1.11411 1.01581 
Utility: 4.65828 4.9981 4.84025 4.84901 4.91369 4.54907 4.88631 4.6703 4.82074 5.22634 4.85606 5.07652 4.92733 4.84966 4.83373 4.64724 4.61274 4.22861 5.14285 4.69773 4.66764 4.63664 5.03237 5.22368 4.57314 4.64512 4.65454 4.8444 4.75896 5.13884 

--------------------------------------
Time: 18.0071
Split Ratios: 1 1 1 1 1 1 1 1 1 1 1 1 1 1 1 1 1 1 1 1 1 1 1 1 1 1 1 1 1 1 
Delays: 0.00955892 0.00764098 0.00791212 0.00744297 0.00806556 0.0103933 0.00604957 0.00769936 0.00798302 0.00595637 0.00801468 0.00649518 0.00794797 0.00789493 0.00754616 0.00774438 0.0096587 0.00995315 0.00584979 0.00755813 0.0081273 0.00937025 0.00577427 0.00576827 0.00812797 0.00993654 0.00937257 0.00764248 0.00944725 0.00609146 
Throughputs: 0.884736 0.786432 1.04858 0.73728 0.917504 0.950272 0.884736 1.03219 0.917504 0.868352 0.999424 0.835584 1.09773 0.835584 1.1305 0.90112 1.01581 0.73728 0.966656 0.950272 0.786432 0.90112 0.966656 0.835584 0.770048 0.8192 0.671744 0.786432 0.868352 1.17965 
Utility: 4.52781 4.63398 4.88679 4.5957 4.73405 4.51559 4.9853 4.8983 4.74434 4.98214 4.8259 4.85707 4.92808 4.66191 5.00937 4.75667 4.65558 4.30508 5.10744 4.83412 4.57228 4.5661 5.12043 4.97576 4.55114 4.41211 4.27209 4.63378 4.52087 5.26608 

--------------------------------------
Time: 18.5073
Split Ratios: 1 1 1 1 1 1 1 1 1 1 1 1 1 1 1 1 1 1 1 1 1 1 1 1 1 1 1 1 1 1 
Delays: 0.00983299 0.00768398 0.00781043 0.00750216 0.0079814 0.0105971 0.00606957 0.007679 0.00796484 0.00580694 0.00789512 0.00620784 0.008027 0.00847915 0.00757703 0.00807028 0.00974697 0.0104104 0.00586109 0.00760456 0.00827385 0.00944393 0.00571791 0.00566809 0.00819552 0.00980159 0.00936275 0.00759733 0.00953722 0.0058277 
Throughputs: 1.06496 0.868352 0.73728 0.770048 0.933888 0.8192 0.802816 0.73728 0.966656 0.98304 0.999424 0.90112 1.01581 1.06496 0.73728 0.835584 1.01581 0.966656 1.14688 0.8192 0.835584 1.08134 0.966656 0.786432 0.671744 0.950272 0.688128 0.770048 1.21242 1.03219 
Utility: 4.68495 4.72746 4.54751 4.63126 4.76224 4.34775 4.88484 4.56448 4.79881 5.1316 4.84093 4.97782 4.84063 4.83308 4.57785 4.63994 4.64648 4.53104 5.27647 4.67958 4.61503 4.74059 5.13024 4.93265 4.40629 4.5742 4.29724 4.61866 4.84517 5.17682 

--------------------------------------
Time: 19.0079
Split Ratios: 1 1 1 1 1 1 1 1 1 1 1 1 1 1 1 1 1 1 1 1 1 1 1 1 1 1 1 1 1 1 
Delays: 0.00970324 0.00757584 0.00790719 0.00742724 0.00784312 0.0105719 0.00601351 0.00773396 0.00844092 0.00583795 0.00792755 0.00663932 0.00801947 0.00857244 0.00759899 0.00790211 0.00963416 0.0103677 0.0056951 0.00748913 0.00840325 0.00939817 0.00578029 0.00580017 0.00842928 0.00975131 0.00940699 0.00785023 0.00950687 0.00600647 
Throughputs: 1.03219 0.98304 1.01581 0.999424 0.999424 1.21242 0.73728 1.06496 0.835584 0.98304 1.17965 0.868352 1.17965 0.720896 0.8192 0.704512 0.98304 0.999424 1.09773 0.90112 1.06496 0.999424 0.753664 0.90112 0.786432 0.851968 1.06496 0.802816 0.90112 0.868352 
Utility: 4.66698 4.86569 4.85567 4.90203 4.84754 4.74217 4.80896 4.92507 4.59504 5.12627 5.00263 4.87359 4.9911 4.43194 4.68031 4.49038 4.62533 4.56849 5.26139 4.79019 4.84207 4.66666 4.87049 5.04575 4.53579 4.47015 4.72924 4.62758 4.55162 4.97376 

--------------------------------------
Time: 19.5086
Split Ratios: 1 1 1 1 1 1 1 1 1 1 1 1 1 1 1 1 1 1 1 1 1 1 1 1 1 1 1 1 1 1 
Delays: 0.00964967 0.00773118 0.0080795 0.00746937 0.00798412 0.0106454 0.00603018 0.00772931 0.00836977 0.00575771 0.00788181 0.00678271 0.00788995 0.00839188 0.00762456 0.00801793 0.00956512 0.0101887 0.00586484 0.00766135 0.00840318 0.00945397 0.00575218 0.0057075 0.00853433 0.00976657 0.00950668 0.00762183 0.00946689 0.00600871 
Throughputs: 0.933888 1.04858 1.14688 0.98304 0.90112 0.999424 0.884736 0.868352 0.720896 0.802816 0.589824 1.06496 1.04858 0.884736 0.98304 0.704512 0.966656 0.8192 0.999424 1.01581 1.08134 1.11411 1.04858 0.950272 0.933888 0.917504 0.933888 0.884736 0.90112 0.802816 
Utility: 4.57243 4.90993 4.95547 4.87984 4.72618 4.54205 4.98851 4.72158 4.45587 4.93758 4.31527 5.05632 4.8896 4.65802 4.85927 4.47583 4.61572 4.38705 5.1382 4.88725 4.85735 4.76938 5.20561 5.11497 4.69526 4.54269 4.58736 4.75427 4.55584 4.89492 

--------------------------------------
Time: 20.0092
Split Ratios: 1 1 1 1 1 1 1 1 1 1 1 1 1 1 1 1 1 1 1 1 1 1 1 1 1 1 1 1 1 1 
Delays: 0.00972768 0.00785343 0.00803977 0.00748655 0.00795968 0.0102051 0.0060953 0.00765807 0.00807438 0.00590845 0.00800209 0.0062952 0.00790874 0.00851679 0.00757785 0.00804712 0.00958568 0.0101524 0.00598981 0.00751161 0.00821127 0.00955037 0.0058256 0.00574286 0.00818254 0.00969884 0.00948284 0.00765706 0.00941989 0.00606804 
Throughputs: 1.04858 1.04858 0.868352 1.1305 1.08134 0.835584 0.770048 0.933888 1.01581 0.8192 1.14688 0.933888 1.03219 1.03219 0.835584 0.786432 1.14688 0.851968 1.14688 0.884736 0.98304 0.8192 0.966656 1.03219 0.966656 0.835584 0.8192 1.01581 0.950272 0.933888 
Utility: 4.68021 4.89424 4.6822 5.0173 4.91157 4.40525 4.83893 4.8036 4.83474 4.93195 4.9651 4.99957 4.87147 4.7974 4.7029 4.58219 4.78453 4.42984 5.25474 4.76884 4.78514 4.45175 5.11158 5.19148 4.77184 4.45612 4.45884 4.88781 4.61392 5.03632 

--------------------------------------
Time: 20.5093
Split Ratios: 1 1 1 1 1 1 1 1 1 1 1 1 1 1 1 1 1 1 1 1 1 1 1 1 1 1 1 1 1 1 
Delays: 0.00974709 0.00770721 0.00834275 0.00741172 0.00809341 0.0105947 0.00587713 0.00780368 0.00808609 0.005832 0.00797406 0.0064995 0.00799827 0.00850623 0.00751942 0.0079458 0.00953647 0.010622 0.00573194 0.00749219 0.00838971 0.00957377 0.00572103 0.00569587 0.00842015 0.0098252 0.00958723 0.00757496 0.00961745 0.00613701 
Throughputs: 0.8192 1.14688 0.966656 0.966656 1.34349 1.01581 0.786432 0.835584 0.835584 0.73728 0.999424 1.14688 0.8192 0.884736 0.753664 0.966656 0.950272 1.17965 0.884736 0.90112 0.917504 1.01581 1.04858 1.2288 0.786432 0.917504 1.06496 0.802816 1.11411 1.04858 
Utility: 4.43136 5.00264 4.75245 4.87078 5.11197 4.56308 4.89644 4.67354 4.63799 4.83961 4.83099 5.17307 4.6291 4.64449 4.60746 4.8012 4.60162 4.71005 5.03923 4.78978 4.69465 4.66441 5.21104 5.37405 4.53688 4.53671 4.71026 4.66328 4.75223 5.14085 

--------------------------------------
Time: 21.0095
Split Ratios: 1 1 1 1 1 1 1 1 1 1 1 1 1 1 1 1 1 1 1 1 1 1 1 1 1 1 1 1 1 1 
Delays: 0.00960746 0.00766891 0.00797055 0.00751288 0.00792383 0.0108515 0.00595987 0.00761729 0.00810954 0.00580188 0.00785888 0.00652381 0.00800018 0.00838978 0.00762792 0.00787559 0.00961346 0.0102465 0.00585964 0.00758059 0.00814778 0.00946248 0.00578244 0.00565741 0.00829751 0.00980163 0.00938466 0.00755545 0.00944951 0.00605474 
Throughputs: 0.933888 1.06496 0.868352 0.73728 0.999424 0.98304 0.802816 0.753664 1.01581 0.704512 0.966656 0.98304 0.90112 0.868352 1.06496 0.884736 1.17965 0.868352 0.90112 1.04858 1.09773 0.950272 1.24518 0.933888 0.917504 0.786432 0.8192 0.8192 0.98304 0.98304 
Utility: 4.57682 4.93352 4.69084 4.58635 4.8373 4.50635 4.90308 4.59453 4.8304 4.79932 4.8122 5.01519 4.72417 4.63958 4.93888 4.72152 4.80981 4.43966 5.03555 4.9296 4.90325 4.60941 5.37221 5.10639 4.7057 4.38496 4.46925 4.68606 4.64469 5.08981 

--------------------------------------
Time: 21.5103
Split Ratios: 1 1 1 1 1 1 1 1 1 1 1 1 1 1 1 1 1 1 1 1 1 1 1 1 1 1 1 1 1 1 
Delays: 0.0097462 0.00761244 0.00812829 0.0074672 0.00791836 0.0108995 0.00592562 0.00761754 0.0080415 0.00582917 0.00786943 0.00627571 0.00775999 0.00839329 0.00755554 0.00819458 0.00965489 0.0101972 0.00576186 0.00749561 0.00833607 0.00941647 0.00577612 0.005693 0.00829825 0.00973521 0.00955299 0.00761985 0.00950869 0.00608495 
Throughputs: 1.03219 0.98304 0.966656 0.720896 1.11411 0.851968 0.999424 0.720896 0.950272 0.786432 1.03219 0.90112 1.04858 0.851968 1.01581 1.01581 0.999424 0.917504 0.950272 0.753664 0.90112 1.01581 0.950272 0.8192 0.851968 0.73728 0.8192 0.8192 0.835584 0.851968 
Utility: 4.66256 4.86087 4.77849 4.56998 4.94663 4.35883 5.12789 4.55004 4.77213 4.90463 4.87645 4.96695 4.90621 4.62012 4.90116 4.81997 4.63972 4.49955 5.10549 4.61063 4.68305 4.68098 5.10302 4.96909 4.6315 4.32722 4.45147 4.67757 4.47593 4.94173 

--------------------------------------
Time: 22.0109
Split Ratios: 1 1 1 1 1 1 1 1 1 1 1 1 1 1 1 1 1 1 1 1 1 1 1 1 1 1 1 1 1 1 
Delays: 0.00972359 0.00763211 0.0078215 0.0074796 0.00778768 0.0109059 0.00596937 0.00760515 0.00835034 0.00587986 0.00785105 0.00671784 0.00796902 0.00868448 0.00752116 0.00779205 0.00972365 0.0104014 0.0058576 0.00758234 0.00838504 0.00945117 0.00587554 0.00573034 0.00841854 0.00994102 0.00936057 0.00768652 0.009404 0.00590768 
Throughputs: 1.08134 1.04858 0.884736 0.753664 0.851968 1.06496 0.802816 0.966656 1.14688 0.770048 1.01581 0.950272 0.851968 0.753664 0.884736 0.753664 0.98304 0.933888 0.98304 0.884736 0.950272 0.884736 1.11411 0.98304 0.835584 0.868352 0.868352 0.688128 1.06496 1.06496 
Utility: 4.71141 4.92282 4.72841 4.61277 4.69501 4.58139 4.90148 4.84502 4.9225 4.87492 4.86279 4.95198 4.67199 4.46341 4.76757 4.57184 4.61609 4.49742 5.12291 4.75947 4.7303 4.53915 5.24502 5.14487 4.59769 4.46993 4.53009 4.49451 4.72956 5.19444 

--------------------------------------
Time: 22.5111
Split Ratios: 1 1 1 1 1 1 1 1 1 1 1 1 1 1 1 1 1 1 1 1 1 1 1 1 1 1 1 1 1 1 
Delays: 0.00966849 0.00767068 0.00772039 0.00749325 0.00798519 0.010619 0.00595366 0.00767299 0.00806177 0.00577177 0.00775664 0.00661084 0.00794981 0.0083228 0.00753431 0.00791457 0.00956111 0.010346 0.00590891 0.00761543 0.00847718 0.0093538 0.00573386 0.00577449 0.00833424 0.00977536 0.00937924 0.00776932 0.0095621 0.00596978 
Throughputs: 0.999424 1.19603 0.835584 0.90112 1.03219 0.65536 0.98304 0.950272 0.999424 0.90112 1.01581 0.950272 0.999424 0.950272 0.90112 1.01581 0.90112 0.917504 1.08134 0.884736 1.04858 0.90112 0.868352 0.98304 0.770048 0.868352 0.770048 0.73728 1.04858 1.04858 
Utility: 4.63831 5.04936 4.68427 4.78964 4.86185 4.12254 5.10664 4.81904 4.82005 5.05066 4.87489 4.96804 4.83403 4.73775 4.78417 4.85473 4.54593 4.48506 5.2095 4.75511 4.81781 4.56786 5.02021 5.1372 4.52608 4.48673 4.40795 4.55278 4.69738 5.16848 

--------------------------------------
Time: 23.0114
Split Ratios: 1 1 1 1 1 1 1 1 1 1 1 1 1 1 1 1 1 1 1 1 1 1 1 1 1 1 1 1 1 1 
Delays: 0.00946476 0.00763005 0.00824872 0.00753582 0.00817771 0.0108096 0.00603512 0.00771974 0.00819759 0.0059338 0.00822252 0.0064859 0.00801906 0.00819136 0.00758562 0.00776321 0.00962405 0.0104596 0.00590355 0.00752743 0.00825728 0.00944743 0.00587945 0.00574987 0.00835627 0.00974529 0.00940718 0.00764026 0.00952518 0.00637513 
Throughputs: 1.09773 1.03219 0.98304 1.03219 0.917504 1.03219 0.73728 0.753664 0.917504 0.950272 0.8192 1.1305 1.17965 0.622592 1.01581 0.688128 0.802816 0.90112 1.21242 0.933888 0.851968 1.08134 0.917504 0.90112 0.950272 0.835584 0.933888 0.851968 1.19603 1.04858 
Utility: 4.75342 4.90735 4.78059 4.91977 4.72025 4.55901 4.80537 4.58117 4.71782 5.07608 4.60145 5.16078 4.99115 4.33081 4.89719 4.48458 4.42386 4.45612 5.32482 4.8208 4.63645 4.74022 5.05019 5.05446 4.73374 4.45135 4.59788 4.71412 4.83283 5.10278 

--------------------------------------
Time: 23.5117
Split Ratios: 1 1 1 1 1 1 1 1 1 1 1 1 1 1 1 1 1 1 1 1 1 1 1 1 1 1 1 1 1 1 
Delays: 0.00961762 0.00774638 0.00838902 0.00751515 0.00816488 0.0114063 0.00618241 0.00755793 0.00854606 0.00575399 0.00778417 0.00708874 0.00781928 0.00873919 0.0074413 0.00796368 0.00967195 0.0106561 0.00583292 0.00747307 0.008304 0.0094427 0.00579251 0.00571217 0.00857613 0.00981195 0.00957156 0.00751646 0.00968017 0.00616274 
Throughputs: 0.950272 1.1305 1.01581 0.720896 1.06496 0.753664 0.851968 0.770048 1.04858 0.966656 0.90112 1.04858 1.06496 0.917504 0.8192 0.950272 1.03219 0.884736 1.06496 0.917504 0.688128 0.851968 1.1305 0.770048 0.933888 0.851968 0.98304 0.720896 1.03219 1.11411 
Utility: 4.59315 4.98319 4.79652 4.56357 4.87085 4.19078 4.92584 4.62386 4.80972 5.12395 4.75155 4.99668 4.9141 4.65384 4.70128 4.78186 4.67021 4.41915 5.20717 4.81035 4.41724 4.50231 5.27385 4.90385 4.69037 4.46395 4.63185 4.5634 4.66936 5.19729 

--------------------------------------
Time: 24.0117
Split Ratios: 1 1 1 1 1 1 1 1 1 1 1 1 1 1 1 1 1 1 1 1 1 1 1 1 1 1 1 1 1 1 
Delays: 0.00956367 0.00773276 0.00828775 0.00752082 0.00810145 0.010713 0.00589959 0.00774834 0.00838665 0.00589924 0.00779581 0.00728984 0.00823295 0.0084653 0.00762514 0.00788981 0.00965174 0.0102805 0.00569842 0.00757406 0.00839248 0.00950334 0.00575882 0.00575965 0.0085777 0.00986727 0.00948923 0.00765943 0.00948508 0.00617142 
Throughputs: 0.770048 1.11411 1.19603 0.753664 1.11411 0.966656 0.770048 0.917504 0.73728 0.73728 1.2288 1.17965 1.27795 0.720896 0.704512 0.884736 0.966656 0.8192 0.802816 0.950272 0.999424 0.884736 0.98304 0.835584 0.884736 0.851968 0.8192 0.884736 1.17965 0.884736 
Utility: 4.38848 4.97035 4.97199 4.60727 4.92377 4.50239 4.87157 4.77418 4.47633 4.82814 5.06021 5.08649 5.04487 4.44452 4.52605 4.71972 4.6067 4.37808 4.94794 4.83202 4.77984 4.53365 5.13992 4.97725 4.63612 4.45833 4.45817 4.74935 4.82325 4.96536 

--------------------------------------
Time: 24.5119
Split Ratios: 1 1 1 1 1 1 1 1 1 1 1 1 1 1 1 1 1 1 1 1 1 1 1 1 1 1 1 1 1 1 
Delays: 0.00964169 0.00767267 0.00834651 0.00745858 0.00813607 0.0107497 0.00581285 0.00767941 0.00812822 0.00578397 0.00775138 0.00631661 0.00810563 0.00817751 0.00763662 0.00781208 0.00948093 0.01012 0.00568823 0.00764347 0.00809749 0.00946167 0.00570879 0.0057656 0.0082968 0.0098243 0.00949674 0.00767825 0.00952948 0.00641979 
Throughputs: 0.835584 0.98304 1.24518 1.01581 0.966656 1.04858 0.606208 0.720896 0.802816 0.688128 1.03219 0.933888 1.19603 0.688128 0.851968 1.17965 0.90112 1.03219 1.04858 0.966656 0.851968 0.786432 0.8192 1.01581 0.966656 0.835584 0.98304 0.720896 1.04858 1.21242 
Utility: 4.46203 4.85299 5.0052 4.91407 4.77754 4.58031 4.64715 4.54195 4.59278 4.77889 4.89157 4.99617 4.99421 4.43259 4.71459 5.0173 4.55436 4.62492 5.21679 4.83999 4.65599 4.42026 4.96632 5.17153 4.75797 4.44327 4.6397 4.5421 4.7008 5.24099 

--------------------------------------
Time: 25.0128
Split Ratios: 1 1 1 1 1 1 1 1 1 1 1 1 1 1 1 1 1 1 1 1 1 1 1 1 1 1 1 1 1 1 
Delays: 0.0097722 0.00764435 0.00813548 0.00745868 0.00808116 0.0101538 0.00608726 0.00774761 0.00845376 0.00584005 0.00782743 0.00623824 0.0080917 0.00820271 0.00775392 0.00790403 0.00962311 0.0102186 0.00575278 0.00759516 0.00839278 0.00956593 0.00572352 0.00582413 0.00835219 0.00954623 0.00940159 0.00772691 0.00953887 0.00617259 
Throughputs: 0.753664 1.01581 0.98304 0.835584 0.98304 1.01581 0.90112 0.999424 0.540672 0.638976 1.03219 1.24518 1.1305 0.835584 0.851968 1.11411 0.835584 0.835584 1.09773 1.21242 0.868352 1.04858 0.851968 0.950272 0.98304 0.720896 0.884736 0.999424 0.999424 0.98304 
Utility: 4.34541 4.88947 4.79442 4.71875 4.80111 4.60559 4.99744 4.8598 4.1582 4.69513 4.88181 5.29634 4.93957 4.62367 4.69935 4.94844 4.46396 4.40392 5.25131 5.07286 4.63922 4.69698 5.00297 5.09474 4.76813 4.32435 4.54441 4.86247 4.6518 5.07053 

--------------------------------------
Time: 25.5131
Split Ratios: 1 1 1 1 1 1 1 1 1 1 1 1 1 1 1 1 1 1 1 1 1 1 1 1 1 1 1 1 1 1 
Delays: 0.00967363 0.00760952 0.0079584 0.00750942 0.0079435 0.0104092 0.00590038 0.00755025 0.00802176 0.00569592 0.00802671 0.00625016 0.00802717 0.00820205 0.00759729 0.00795305 0.00949041 0.0100114 0.00576425 0.0074867 0.00807821 0.00941429 0.00569851 0.00568577 0.00798599 0.00972763 0.00939252 0.00753797 0.00954914 0.00584447 
Throughputs: 1.17965 0.770048 0.950272 1.14688 0.90112 0.90112 0.524288 0.851968 0.73728 0.802816 0.802816 0.999424 0.802816 1.04858 0.917504 0.884736 0.753664 0.786432 1.11411 0.917504 0.786432 0.90112 0.720896 0.868352 0.835584 0.835584 0.8192 0.802816 0.950272 0.851968 
Utility: 4.80357 4.61705 4.78252 5.02864 4.73128 4.46095 4.48702 4.72597 4.52081 4.94838 4.60535 5.07457 4.60529 4.8508 4.79386 4.71173 4.37466 4.36378 5.26414 4.80853 4.57834 4.56141 4.84029 5.02863 4.65044 4.45316 4.46841 4.66817 4.6003 4.98205 

--------------------------------------
Time: 26.0133
Split Ratios: 1 1 1 1 1 1 1 1 1 1 1 1 1 1 1 1 1 1 1 1 1 1 1 1 1 1 1 1 1 1 
Delays: 0.00982654 0.00770447 0.00805033 0.00744544 0.00832247 0.0109461 0.00601687 0.007637 0.00815167 0.00582607 0.00786117 0.00654295 0.00808084 0.00858992 0.00752628 0.00792521 0.00957274 0.0101095 0.00583188 0.00757255 0.00832306 0.00964994 0.00589855 0.00563735 0.0082378 0.00961233 0.00940613 0.00757111 0.00951246 0.00608316 
Throughputs: 0.688128 1.03219 0.950272 0.966656 1.2288 0.950272 1.03219 0.688128 0.835584 0.753664 1.03219 1.1305 1.14688 1.03219 0.917504 0.786432 1.21242 0.8192 1.08134 1.1305 1.04858 0.917504 1.04858 0.933888 0.802816 0.704512 0.966656 0.884736 0.884736 0.90112 
Utility: 4.24889 4.89764 4.77104 4.86624 4.99483 4.46377 5.14487 4.50097 4.62991 4.8626 4.8775 5.15202 4.9553 4.78885 4.80326 4.59746 4.84145 4.39485 5.22262 5.00588 4.83616 4.55471 5.18048 5.10994 4.57939 4.29446 4.63248 4.76095 4.53269 4.99811 

--------------------------------------
Time: 26.5142
Split Ratios: 1 1 1 1 1 1 1 1 1 1 1 1 1 1 1 1 1 1 1 1 1 1 1 1 1 1 1 1 1 1 
Delays: 0.00978604 0.0077504 0.00782809 0.00742647 0.00781051 0.0103456 0.00594469 0.00771584 0.00813335 0.00590989 0.00785933 0.0061767 0.00783947 0.00825789 0.00755182 0.00802781 0.00972999 0.00995615 0.00570687 0.00751986 0.00816147 0.00956039 0.00572627 0.0058428 0.00833447 0.00979092 0.00945048 0.00765904 0.00956284 0.00593434 
Throughputs: 0.884736 0.90112 0.933888 0.917504 0.851968 0.98304 0.835584 0.835584 0.688128 0.835584 1.01581 0.90112 0.868352 0.966656 0.90112 0.950272 1.09773 0.950272 0.917504 1.03219 0.753664 1.08134 0.835584 0.8192 0.868352 0.933888 0.868352 0.90112 0.884736 0.770048 
Utility: 4.50433 4.75589 4.78164 4.81661 4.69208 4.55409 4.94563 4.68486 4.438 4.9515 4.86174 4.98285 4.70743 4.76267 4.78185 4.77384 4.72579 4.55856 5.07999 4.92189 4.52552 4.72833 4.98307 4.94312 4.6462 4.5579 4.52053 4.76775 4.5274 4.8657 

--------------------------------------
Time: 27.0149
Split Ratios: 1 1 1 1 1 1 1 1 1 1 1 1 1 1 1 1 1 1 1 1 1 1 1 1 1 1 1 1 1 1 
Delays: 0.00948851 0.00775601 0.00795018 0.00752583 0.00806077 0.0109002 0.00596949 0.00766162 0.00847424 0.00583198 0.00796601 0.00641218 0.00789241 0.00861411 0.00761555 0.00788089 0.00959694 0.0106794 0.00590949 0.00752104 0.0085735 0.00942436 0.00580219 0.00572526 0.00843509 0.00965791 0.00945865 0.00761348 0.00946 0.00608396 
Throughputs: 1.11411 0.90112 1.06496 1.01581 1.01581 0.851968 0.933888 1.01581 1.04858 0.8192 1.01581 0.835584 1.21242 0.73728 0.98304 0.933888 0.933888 1.03219 1.16326 0.950272 0.90112 0.90112 0.90112 0.8192 1.03219 0.933888 0.98304 0.851968 1.26157 0.950272 
Utility: 4.76573 4.75517 4.8975 4.9051 4.83643 4.35876 5.05269 4.88722 4.81816 4.94497 4.84826 4.86993 5.03447 4.44957 4.86046 4.77492 4.57791 4.57112 5.28243 4.83904 4.65496 4.56034 5.0454 4.96344 4.80704 4.57158 4.64372 4.71763 4.89304 5.05109 

--------------------------------------
Time: 27.5152
Split Ratios: 1 1 1 1 1 1 1 1 1 1 1 1 1 1 1 1 1 1 1 1 1 1 1 1 1 1 1 1 1 1 
Delays: 0.00957203 0.00774746 0.00801982 0.00748625 0.00794028 0.0104762 0.00613965 0.00769597 0.00798752 0.00575352 0.00781344 0.00616876 0.00775449 0.00825272 0.00761806 0.00796844 0.00975206 0.00999301 0.00603115 0.0075375 0.00815577 0.00948824 0.00577346 0.00571573 0.00843902 0.00983579 0.00935731 0.00770011 0.00950643 0.00598496 
Throughputs: 0.73728 1.21242 0.917504 0.835584 1.08134 0.8192 0.720896 0.917504 0.868352 0.753664 0.999424 1.09773 1.04858 0.868352 0.933888 1.04858 0.966656 0.786432 0.966656 0.98304 0.933888 0.8192 0.835584 1.03219 0.98304 0.753664 0.835584 0.835584 0.950272 1.09773 
Utility: 4.34412 5.05301 4.73974 4.71506 4.91401 4.35922 4.76573 4.78096 4.68872 4.87514 4.85133 5.1815 4.90692 4.65605 4.80884 4.8797 4.59636 4.36562 5.07691 4.87076 4.74063 4.45827 4.97486 5.19622 4.75778 4.33892 4.49197 4.6869 4.60478 5.21175 

--------------------------------------
Time: 28.0155
Split Ratios: 1 1 1 1 1 1 1 1 1 1 1 1 1 1 1 1 1 1 1 1 1 1 1 1 1 1 1 1 1 1 
Delays: 0.00973283 0.00763693 0.00811962 0.00753483 0.00819683 0.0108733 0.00582737 0.00768978 0.00815175 0.00594697 0.00783399 0.00641548 0.00791763 0.00832799 0.00752621 0.00794038 0.00959944 0.0101366 0.00582315 0.00752093 0.00832508 0.00959786 0.00574679 0.00576085 0.00807978 0.00987702 0.00943676 0.00762536 0.00944912 0.00597528 
Throughputs: 0.98304 0.851968 0.98304 0.770048 1.03219 0.950272 0.49152 0.90112 0.786432 0.851968 0.8192 0.98304 1.16326 0.90112 0.90112 0.98304 0.966656 0.933888 1.03219 0.966656 0.868352 0.950272 0.720896 0.933888 0.65536 0.950272 0.950272 0.90112 0.950272 1.14688 
Utility: 4.61515 4.71455 4.79637 4.62692 4.83569 4.47044 4.43494 4.76375 4.56927 4.96467 4.64986 5.03194 4.98989 4.68402 4.78525 4.81869 4.61214 4.52321 5.1776 4.85615 4.64733 4.59521 4.83185 5.08827 4.39582 4.56654 4.61214 4.77216 4.61083 5.25717 

--------------------------------------
Time: 28.5155
Split Ratios: 1 1 1 1 1 1 1 1 1 1 1 1 1 1 1 1 1 1 1 1 1 1 1 1 1 1 1 1 1 1 
Delays: 0.00976158 0.0077704 0.00809635 0.00739838 0.00792574 0.0104304 0.00591126 0.00774771 0.00811928 0.00586971 0.00784148 0.00618346 0.00793672 0.00819747 0.00752887 0.00817162 0.00978827 0.0102056 0.005763 0.00759046 0.00820354 0.00947033 0.00576781 0.0057161 0.0082506 0.00986321 0.00947615 0.00755564 0.00946488 0.00591674 
Throughputs: 0.851968 0.999424 0.999424 0.704512 1.08134 1.06496 0.966656 0.8192 0.868352 1.03219 0.98304 1.04858 1.2288 0.835584 0.835584 0.90112 1.1305 0.851968 1.1305 0.950272 0.999424 1.1305 0.671744 1.09773 0.835584 0.802816 0.851968 0.917504 0.770048 0.950272 
Utility: 4.4691 4.85686 4.81577 4.55624 4.91584 4.62597 5.09698 4.66093 4.67236 5.16963 4.83122 5.13331 5.04229 4.6243 4.70939 4.70297 4.74923 4.42462 5.27895 4.82986 4.80261 4.78225 4.75758 5.25771 4.61784 4.39931 4.49877 4.79936 4.39887 5.07896 

--------------------------------------
Time: 29.0163
Split Ratios: 1 1 1 1 1 1 1 1 1 1 1 1 1 1 1 1 1 1 1 1 1 1 1 1 1 1 1 1 1 1 
Delays: 0.00977011 0.00771991 0.00798479 0.00746569 0.00797568 0.0105232 0.00595831 0.00766004 0.00820122 0.00574667 0.00780823 0.00664732 0.00786534 0.00817871 0.00771888 0.00800211 0.00955802 0.00997161 0.00581451 0.00751171 0.00820872 0.00965241 0.00583693 0.00582524 0.0083346 0.0096687 0.00940335 0.00771739 0.00963698 0.00589431 
Throughputs: 0.8192 0.90112 0.966656 0.835584 1.1305 0.917504 0.835584 0.802816 1.09773 0.786432 1.06496 0.917504 1.24518 1.14688 0.917504 0.868352 0.868352 0.786432 0.868352 1.01581 0.835584 0.950272 0.73728 0.868352 0.868352 0.950272 0.999424 0.950272 1.04858 1.16326 
Utility: 4.429 4.75984 4.7963 4.71781 4.95401 4.46807 4.94334 4.65211 4.89671 4.91888 4.91551 4.92744 5.06457 4.94327 4.77799 4.68689 4.50922 4.36776 5.00624 4.90698 4.62293 4.58954 4.83876 5.0044 4.64618 4.58785 4.66611 4.81327 4.68958 5.285 

--------------------------------------
Time: 29.5166
Split Ratios: 1 1 1 1 1 1 1 1 1 1 1 1 1 1 1 1 1 1 1 1 1 1 1 1 1 1 1 1 1 1 
Delays: 0.00960847 0.00771803 0.0080703 0.00747199 0.008192 0.0105796 0.0060117 0.00771247 0.00854561 0.00569268 0.00771029 0.00655558 0.00790501 0.00826755 0.00750813 0.00797716 0.00958221 0.00985791 0.00572967 0.00749933 0.00820398 0.00958866 0.00564015 0.00568917 0.00812662 0.00978816 0.00936809 0.00752475 0.00955409 0.00623224 
Throughputs: 1.04858 0.950272 0.98304 0.933888 1.11411 1.03219 1.03219 0.753664 1.01581 0.835584 0.868352 0.786432 1.1305 0.933888 1.03219 0.802816 1.03219 0.65536 0.999424 0.933888 0.851968 0.868352 0.671744 0.753664 0.884736 0.950272 0.8192 0.688128 1.19603 0.8192 
Utility: 4.69254 4.81319 4.80246 4.8282 4.91266 4.58052 5.14573 4.58211 4.77802 4.98895 4.72404 4.78719 4.96291 4.72702 4.92345 4.61154 4.67953 4.19691 5.16152 4.82454 4.64293 4.50602 4.77997 4.88638 4.69014 4.57557 4.47102 4.51578 4.8298 4.87859 

--------------------------------------
Time: 30.0168
Split Ratios: 1 1 1 1 1 1 1 1 1 1 1 1 1 1 1 1 1 1 1 1 1 1 1 1 1 1 1 1 1 1 
Delays: 0.00952111 0.00781848 0.00789362 0.00744334 0.00795865 0.0104718 0.0059773 0.00769346 0.00817522 0.00606138 0.00792109 0.00640376 0.00781904 0.00837827 0.00763121 0.00792382 0.00978811 0.0101885 0.00592895 0.00751961 0.0081787 0.0093228 0.00594227 0.00573005 0.00832509 0.00993394 0.00953847 0.00761489 0.00943188 0.00581905 
Throughputs: 0.868352 1.08134 0.999424 0.950272 0.770048 0.851968 1.1305 0.933888 0.8192 0.90112 1.03219 1.06496 1.17965 0.868352 0.868352 0.720896 1.17965 0.950272 0.917504 0.98304 0.8192 0.688128 0.720896 0.868352 0.753664 0.999424 0.917504 0.720896 1.21242 0.933888 
Utility: 4.51309 4.92947 4.84112 4.84943 4.57219 4.39886 5.24244 4.79899 4.60722 5.0017 4.86991 5.11381 5.01641 4.64096 4.73435 4.51062 4.7918 4.53549 5.04181 4.87314 4.6068 4.30151 4.7984 5.02087 4.50567 4.61122 4.56632 4.55039 4.85627 5.07822 

--------------------------------------
Time: 30.517
Split Ratios: 1 1 1 1 1 1 1 1 1 1 1 1 1 1 1 1 1 1 1 1 1 1 1 1 1 1 1 1 1 1 
Delays: 0.00979281 0.00757718 0.00818061 0.00749881 0.00833609 0.010642 0.00597036 0.00753909 0.0080111 0.00579259 0.00762618 0.00652835 0.00807901 0.00832094 0.0076694 0.00782419 0.00957598 0.0103077 0.00568891 0.00751426 0.00837924 0.00959148 0.00576198 0.00571707 0.00812099 0.00969899 0.00939192 0.007767 0.00956365 0.00623929 
Throughputs: 0.851968 1.04858 1.03219 0.917504 1.1305 1.01581 0.770048 0.8192 0.835584 0.90112 1.01581 0.966656 1.11411 0.868352 0.98304 0.851968 1.03219 1.01581 1.03219 0.8192 1.08134 0.90112 0.868352 0.835584 0.753664 0.917504 0.933888 1.01581 1.16326 1.17965 
Utility: 4.4659 4.93005 4.83767 4.80691 4.90982 4.55863 4.85965 4.68823 4.6473 5.04706 4.89185 4.99769 4.92654 4.64782 4.85341 4.69033 4.68018 4.59055 5.20092 4.69153 4.8602 4.54276 5.01532 4.98468 4.53049 4.54964 4.59951 4.87356 4.80102 5.24211 

--------------------------------------
Time: 31.0172
Split Ratios: 1 1 1 1 1 1 1 1 1 1 1 1 1 1 1 1 1 1 1 1 1 1 1 1 1 1 1 1 1 1 
Delays: 0.00993792 0.00773884 0.00795119 0.00741769 0.00788994 0.0106769 0.00593963 0.0075884 0.00842524 0.00571317 0.00784408 0.00653227 0.00786016 0.00869469 0.00762994 0.00783923 0.0096057 0.0102429 0.00574844 0.00758572 0.00867591 0.00946033 0.00584307 0.00570408 0.0084447 0.0097253 0.0094279 0.0076099 0.0095048 0.00599846 
Throughputs: 1.14688 0.933888 0.98304 0.770048 1.1305 1.01581 0.999424 0.950272 0.999424 0.589824 0.950272 1.24518 0.950272 0.704512 0.73728 1.01581 1.06496 0.802816 1.03219 1.01581 0.884736 0.835584 0.770048 1.21242 1.01581 0.589824 0.917504 0.851968 0.884736 0.917504 
Utility: 4.74844 4.7931 4.81733 4.64258 4.96482 4.55536 5.12553 4.83013 4.77595 4.63705 4.79699 5.25028 4.79494 4.39479 4.57089 4.8643 4.70834 4.36154 5.19051 4.89717 4.62474 4.48102 4.8812 5.35919 4.7899 4.10509 4.57798 4.7181 4.53349 5.03015 

--------------------------------------
Time: 31.518
Split Ratios: 1 1 1 1 1 1 1 1 1 1 1 1 1 1 1 1 1 1 1 1 1 1 1 1 1 1 1 1 1 1 
Delays: 0.00979021 0.00768392 0.00783577 0.00747832 0.00806073 0.0107313 0.00586829 0.00776818 0.00830947 0.00594143 0.00799425 0.00642885 0.00778615 0.00902655 0.00758514 0.00777468 0.00964188 0.0107418 0.00570956 0.00757285 0.008514 0.00955118 0.00576296 0.00576418 0.0085063 0.00968564 0.00939401 0.00760036 0.00953588 0.00600289 
Throughputs: 0.8192 0.884736 0.753664 0.933888 0.966656 0.917504 0.622592 0.950272 0.753664 0.90112 1.04858 0.999424 1.14688 0.966656 0.851968 0.868352 1.11411 0.8192 1.01581 0.8192 0.933888 1.11411 0.851968 0.671744 1.14688 0.868352 0.917504 0.884736 1.1305 1.14688 
Utility: 4.42695 4.74616 4.56625 4.82735 4.78684 4.44849 4.66433 4.80671 4.50755 5.02169 4.87647 5.04638 4.99245 4.67367 4.72136 4.71572 4.7497 4.33418 5.1813 4.68376 4.69764 4.75915 4.9961 4.75821 4.90399 4.49595 4.58158 4.75709 4.77535 5.25256 

--------------------------------------
Time: 32.018
Split Ratios: 1 1 1 1 1 1 1 1 1 1 1 1 1 1 1 1 1 1 1 1 1 1 1 1 1 1 1 1 1 1 
Delays: 0.00978952 0.00759317 0.0079322 0.00752482 0.00799419 0.0105592 0.00607922 0.00753633 0.00841664 0.00578233 0.00776401 0.00662448 0.00808947 0.00863113 0.00759452 0.00776331 0.00968674 0.0104049 0.00573014 0.00744508 0.00827222 0.00951038 0.0058312 0.00561518 0.0085106 0.00951184 0.00952715 0.00764691 0.00946803 0.00600189 
Throughputs: 1.29434 1.06496 1.09773 0.90112 1.29434 0.851968 0.8192 0.65536 0.884736 0.753664 0.835584 1.04858 0.966656 0.753664 0.98304 0.868352 0.98304 0.98304 0.966656 1.04858 0.704512 0.835584 0.851968 0.720896 1.08134 0.73728 0.884736 1.06496 1.04858 1.21242 
Utility: 4.88444 4.94344 4.93007 4.78543 5.08704 4.39055 4.90345 4.46545 4.65508 4.87014 4.67863 5.06442 4.78328 4.46957 4.86322 4.71719 4.61989 4.54837 5.1281 4.94763 4.4446 4.47575 4.98433 4.85502 4.84465 4.35043 4.53114 4.93639 4.70727 5.3083 

--------------------------------------
Time: 32.5181
Split Ratios: 1 1 1 1 1 1 1 1 1 1 1 1 1 1 1 1 1 1 1 1 1 1 1 1 1 1 1 1 1 1 
Delays: 0.00977587 0.00764801 0.0080453 0.00742092 0.00794681 0.0104249 0.00608221 0.00772448 0.00851713 0.00576178 0.00778985 0.00659069 0.00792894 0.00870867 0.0075571 0.00794008 0.00961761 0.0104438 0.00588542 0.00747808 0.00833629 0.00941314 0.00580128 0.00577416 0.008322 0.00983329 0.00938747 0.00778078 0.00947528 0.00595433 
Throughputs: 0.90112 0.835584 1.01581 0.73728 1.06496 0.966656 0.770048 0.950272 0.884736 0.851968 0.950272 0.966656 1.04858 0.933888 0.98304 0.8192 0.98304 0.720896 0.950272 1.19603 0.884736 0.884736 0.933888 1.17965 0.950272 0.802816 0.753664 0.950272 1.14688 0.999424 
Utility: 4.52372 4.69369 4.83835 4.59866 4.89792 4.52965 4.84108 4.81235 4.64321 4.9963 4.80393 4.98818 4.88467 4.67504 4.86816 4.63641 4.62705 4.23448 5.08427 5.07479 4.66467 4.54318 5.08128 5.31958 4.73785 4.40235 4.38557 4.80509 4.79611 5.12306 

--------------------------------------
Time: 33.0181
Split Ratios: 1 1 1 1 1 1 1 1 1 1 1 1 1 1 1 1 1 1 1 1 1 1 1 1 1 1 1 1 1 1 
Delays: 0.00956817 0.0076889 0.00793752 0.00745787 0.00802284 0.0104267 0.00612002 0.00755134 0.00817346 0.00584323 0.00796575 0.00660334 0.00798439 0.00823431 0.00755577 0.00800997 0.00965765 0.0101859 0.00581857 0.00761598 0.00827877 0.00942701 0.0057454 0.00565319 0.00816917 0.00967426 0.00946046 0.00751109 0.00942489 0.00613228 
Throughputs: 0.917504 1.01581 0.999424 0.868352 1.04858 1.04858 0.868352 0.8192 0.835584 0.90112 1.08134 1.04858 1.09773 0.917504 0.868352 0.98304 1.1305 0.835584 1.03219 0.98304 0.770048 0.90112 0.884736 1.11411 0.835584 0.802816 0.90112 0.622592 1.04858 1.01581 
Utility: 4.56322 4.88366 4.83558 4.75733 4.8729 4.61081 4.95503 4.6866 4.62724 5.03836 4.91081 5.06761 4.92351 4.71335 4.74429 4.80996 4.76266 4.40713 5.17839 4.8604 4.53276 4.56006 5.03689 5.28359 4.62776 4.41866 4.55652 4.41751 4.71183 5.10987 

--------------------------------------
Time: 33.5187
Split Ratios: 1 1 1 1 1 1 1 1 1 1 1 1 1 1 1 1 1 1 1 1 1 1 1 1 1 1 1 1 1 1 
Delays: 0.00990291 0.00780236 0.00780773 0.00745435 0.00801475 0.0105545 0.00601088 0.00777791 0.00850894 0.0057146 0.00792662 0.00658525 0.00780069 0.00830286 0.00760264 0.00787577 0.00962288 0.0103488 0.00579505 0.00751004 0.00808902 0.00939093 0.00579596 0.00569113 0.00837536 0.00956684 0.00943228 0.00770071 0.00946727 0.00600294 
Throughputs: 1.31072 1.11411 0.933888 0.868352 0.917504 0.90112 0.98304 0.868352 0.802816 0.770048 0.98304 0.917504 1.03219 0.917504 0.98304 0.802816 0.966656 0.90112 1.2288 0.933888 0.770048 0.966656 0.999424 1.09773 1.03219 0.704512 0.622592 0.98304 1.03219 0.917504 
Utility: 4.8855 4.96139 4.78424 4.7578 4.74037 4.44709 5.09708 4.71531 4.54701 4.90343 4.82042 4.93683 4.88523 4.70506 4.86215 4.62433 4.6097 4.46677 5.35679 4.82312 4.55595 4.6341 5.15002 5.26209 4.81415 4.2992 4.18975 4.84934 4.6916 5.02941 

--------------------------------------
Time: 34.019
Split Ratios: 1 1 1 1 1 1 1 1 1 1 1 1 1 1 1 1 1 1 1 1 1 1 1 1 1 1 1 1 1 1 
Delays: 0.00962376 0.00762077 0.00793476 0.00746931 0.00825206 0.010617 0.00579158 0.0077275 0.00826755 0.00575011 0.00791119 0.00661577 0.00807591 0.00859939 0.00759878 0.00778785 0.00955753 0.0103551 0.00581771 0.00752177 0.00852534 0.00961319 0.00578171 0.00573582 0.00822888 0.00979976 0.00948166 0.00764803 0.00943456 0.00600753 
Throughputs: 0.835584 0.90112 1.09773 0.933888 0.884736 1.03219 0.65536 1.16326 0.851968 0.851968 0.8192 1.03219 0.917504 1.11411 0.966656 0.8192 0.966656 0.868352 1.01581 0.835584 0.65536 0.851968 1.09773 1.09773 0.753664 0.753664 0.835584 0.868352 1.1305 0.884736 
Utility: 4.4639 4.77276 4.92975 4.82855 4.67483 4.57699 4.72878 5.0142 4.63521 4.99833 4.64005 5.04998 4.73277 4.86412 4.84585 4.65576 4.61651 4.42912 5.16253 4.71033 4.34214 4.48441 5.2463 5.25427 4.5173 4.34259 4.47877 4.73215 4.78603 4.99228 

--------------------------------------
Time: 34.5193
Split Ratios: 1 1 1 1 1 1 1 1 1 1 1 1 1 1 1 1 1 1 1 1 1 1 1 1 1 1 1 1 1 1 
Delays: 0.00990295 0.00762205 0.0080399 0.00749752 0.00801098 0.0107337 0.0059714 0.00781284 0.00823737 0.00584684 0.00777463 0.00620708 0.00788281 0.00867555 0.00757574 0.00779924 0.00951795 0.0101676 0.00585152 0.00755217 0.00835241 0.00954761 0.00577399 0.00566982 0.00819744 0.00985374 0.00951154 0.00752058 0.0094366 0.00595247 
Throughputs: 0.999424 0.917504 1.04858 0.90112 1.08134 1.09773 0.884736 0.90112 0.835584 0.966656 0.868352 1.01581 1.17965 0.966656 0.802816 0.753664 0.98304 1.03219 1.04858 0.90112 0.851968 0.98304 0.802816 0.835584 0.770048 0.720896 1.08134 0.8192 0.950272 0.917504 
Utility: 4.61435 4.79061 4.87077 4.78907 4.90515 4.62761 4.99831 4.74787 4.61945 5.10794 4.71573 5.09775 5.00829 4.71333 4.66317 4.57092 4.63747 4.62024 5.18849 4.7818 4.625 4.63436 4.93476 4.99297 4.54263 4.29264 4.73345 4.69068 4.61215 5.03785 

--------------------------------------
Time: 35.0197
Split Ratios: 1 1 1 1 1 1 1 1 1 1 1 1 1 1 1 1 1 1 1 1 1 1 1 1 1 1 1 1 1 1 
Delays: 0.00971037 0.00771897 0.00802158 0.00747905 0.00800672 0.0107639 0.00606711 0.00768981 0.00884655 0.00580407 0.00772393 0.0069741 0.00793305 0.00925316 0.0075399 0.0079752 0.00955502 0.0110433 0.00574323 0.00754027 0.00881076 0.00949408 0.00566088 0.00580794 0.00875239 0.00982914 0.00947331 0.00763543 0.00956534 0.00582943 
Throughputs: 0.999424 0.933888 0.917504 1.01581 0.999424 0.999424 0.884736 0.966656 1.1305 0.753664 0.90112 1.06496 1.1305 1.04858 0.917504 0.8192 1.06496 0.917504 0.98304 0.98304 0.884736 0.8192 0.98304 1.03219 0.950272 0.73728 0.835584 1.04858 0.90112 0.98304 
Utility: 4.63398 4.79568 4.73952 4.91133 4.8269 4.53098 4.98241 4.83395 4.85038 4.86639 4.75931 5.02849 4.95937 4.73022 4.80145 4.63199 4.71363 4.41983 5.14263 4.87039 4.60932 4.45766 5.15707 5.18021 4.68742 4.31762 4.47965 4.92239 4.54549 5.12773 

--------------------------------------
Time: 35.5198
Split Ratios: 1 1 1 1 1 1 1 1 1 1 1 1 1 1 1 1 1 1 1 1 1 1 1 1 1 1 1 1 1 1 
Delays: 0.00975182 0.00753767 0.0078947 0.00749349 0.00793371 0.0102831 0.00588705 0.00760449 0.00823203 0.00583116 0.00788493 0.00676292 0.0079338 0.0082113 0.00753787 0.00795958 0.00956521 0.0104483 0.00594953 0.00755669 0.0083402 0.00941757 0.00585445 0.00564678 0.00834655 0.00964837 0.00945267 0.00757677 0.00951719 0.0061015 
Throughputs: 0.851968 1.04858 1.06496 0.770048 0.98304 0.98304 0.73728 0.770048 0.917504 0.98304 1.03219 0.966656 1.09773 0.8192 1.08134 0.704512 0.933888 1.1305 0.933888 1.01581 0.999424 0.770048 0.933888 0.950272 0.966656 0.786432 0.802816 0.786432 1.09773 0.90112 
Utility: 4.4701 4.93527 4.9045 4.63242 4.81953 4.56015 4.83021 4.61771 4.71362 5.12743 4.87449 4.96239 4.92987 4.60282 4.96602 4.48313 4.58122 4.68397 5.05604 4.90101 4.78609 4.40388 5.07215 5.12566 4.75199 4.40072 4.44183 4.64242 4.7479 4.9951 

--------------------------------------
Time: 36.0202
Split Ratios: 1 1 1 1 1 1 1 1 1 1 1 1 1 1 1 1 1 1 1 1 1 1 1 1 1 1 1 1 1 1 
Delays: 0.00977853 0.00764875 0.00817429 0.00749339 0.00785135 0.0103429 0.00588753 0.00751428 0.0079266 0.00582766 0.00780149 0.0062416 0.00777526 0.00831165 0.00750378 0.00809683 0.00960884 0.0102258 0.00586782 0.00754467 0.0085279 0.00936677 0.00576333 0.00576094 0.00815351 0.00980645 0.00942411 0.00764455 0.00946473 0.0061165 
Throughputs: 1.08134 0.851968 1.06496 0.884736 1.04858 0.884736 0.753664 0.720896 0.73728 0.999424 1.06496 0.851968 0.884736 0.73728 1.06496 0.753664 1.04858 0.868352 0.917504 0.90112 1.16326 0.884736 0.917504 0.786432 0.704512 0.802816 0.835584 0.90112 0.966656 0.950272 
Utility: 4.70577 4.71301 4.8697 4.77127 4.8945 4.44899 4.85211 4.56369 4.53274 5.14456 4.91638 4.91631 4.73434 4.48531 4.95529 4.53347 4.6925 4.44169 5.05217 4.7828 4.91564 4.54812 5.07014 4.91641 4.45906 4.40509 4.48486 4.76965 4.62627 5.04576 

