--------------------------------------
Time: 5.50007
Split Ratios: 1 1 1 1 1 1 1 1 1 1 1 1 1 1 1 1 1 1 1 1 1 1 1 1 1 1 1 1 1 1 
Delays: 0.00610557 0.00614161 0.00739498 0.00576175 0.00608234 0.00748169 0.00741741 0.00743408 0.00746515 0.00606759 0.00600028 0.0046185 0.00731924 0.00435531 0.00439629 0.00437826 0.0044197 0.00439166 0.00587624 0.00600798 0.00435756 0.00742912 0.0044441 0.00758679 0.00722625 0.00578048 0.00743292 0.00575709 0.00740699 0.00740487 
Throughputs: 2.63782 2.42483 2.24461 2.19546 3.06381 2.11354 3.22765 3.06381 2.58867 1.9497 1.99885 2.8672 3.50618 3.3751 1.85139 3.44064 2.94912 2.98189 2.91635 2.49037 3.2768 3.2768 3.14573 2.58867 2.32653 3.76832 2.68698 1.98246 3.91578 3.29318 
Utility: 6.06851 5.97843 5.71549 5.9429 6.22202 5.64366 6.07568 6.02134 5.84865 5.77247 5.80852 6.43102 6.17177 6.65279 6.04293 6.66676 6.50319 6.5206 6.20717 6.0271 6.62271 6.08922 6.56222 5.83249 5.77441 6.4799 5.89025 5.84166 6.27034 6.09747 

--------------------------------------
Time: 6.00009
Split Ratios: 1 1 1 1 1 1 1 1 1 1 1 1 1 1 1 1 1 1 1 1 1 1 1 1 1 1 1 1 1 1 
Delays: 0.00604648 0.00607133 0.00729707 0.00573166 0.006028 0.00751796 0.00739497 0.00745947 0.00738831 0.00600607 0.00596436 0.00454781 0.00727161 0.00433092 0.00436377 0.0043391 0.00444508 0.00444518 0.00586888 0.0060135 0.00437032 0.00738786 0.0044938 0.00747722 0.0072024 0.00578636 0.00751706 0.0058198 0.00738638 0.0074807 
Throughputs: 2.7689 2.19546 2.1463 1.86778 3.22765 2.5559 3.30957 2.98189 2.26099 1.99885 2.01523 3.35872 3.89939 3.01466 1.93331 2.91635 2.85082 2.94912 2.9655 2.44122 3.48979 3.73555 3.32595 2.50675 2.31014 3.81747 2.93274 2.22822 3.60448 2.52314 
Utility: 6.12673 5.89057 5.68403 5.7865 6.28309 5.82887 6.10377 5.99083 5.72366 5.80756 5.82269 6.60467 6.2846 6.54546 6.09365 6.51042 6.46356 6.49744 6.22514 6.00624 6.68276 6.22581 6.60681 5.81488 5.77065 6.49184 5.96652 5.94769 6.1903 5.82093 

--------------------------------------
Time: 6.50025
Split Ratios: 1 1 1 1 1 1 1 1 1 1 1 1 1 1 1 1 1 1 1 1 1 1 1 1 1 1 1 1 1 1 
Delays: 0.00607427 0.00605921 0.00734251 0.0057535 0.00608173 0.00756408 0.00734756 0.00743298 0.00739186 0.00598668 0.00598549 0.00450327 0.00730141 0.00437021 0.00437567 0.00436818 0.00442218 0.00447547 0.00585614 0.00594874 0.00438552 0.00743949 0.00441642 0.00753544 0.00720267 0.0058036 0.00751863 0.00581885 0.00738906 0.0075149 
Throughputs: 2.39206 2.5559 2.34291 2.57229 3.03104 2.50675 3.44064 2.8672 2.29376 2.21184 2.27738 3.34234 3.65363 3.3751 1.65478 2.88358 2.94912 3.50618 2.63782 1.83501 3.26042 3.53894 2.91635 2.65421 2.27738 3.81747 3.11296 2.39206 3.80109 2.78528 
Utility: 5.97585 6.04458 5.76547 6.10274 6.21137 5.80333 6.14904 5.95516 5.73757 5.91204 5.94144 6.60962 6.21541 6.64937 5.93537 6.49244 6.50263 6.66367 6.11022 5.73162 6.6113 6.16478 6.49276 5.86428 5.75633 6.48886 6.02595 6.01881 6.24304 5.91522 

--------------------------------------
Time: 7.00034
Split Ratios: 1 1 1 1 1 1 1 1 1 1 1 1 1 1 1 1 1 1 1 1 1 1 1 1 1 1 1 1 1 1 
Delays: 0.00618028 0.00618136 0.00732842 0.00573752 0.00609474 0.00764823 0.00739913 0.00739466 0.00734587 0.00609546 0.00600373 0.00447606 0.00732659 0.00435199 0.00437855 0.00435835 0.00442793 0.00441371 0.00580195 0.0059002 0.00439063 0.00757566 0.0044876 0.00757046 0.00723163 0.00577698 0.00753325 0.00579999 0.00749611 0.00753189 
Throughputs: 2.89997 2.67059 1.91693 1.85139 3.06381 2.50675 3.19488 2.58867 2.34291 1.93331 1.96608 3.09658 4.03046 2.98189 2.06438 3.2768 3.19488 3.01466 2.88358 2.24461 3.44064 3.73555 3.26042 2.40845 2.52314 3.42426 3.5881 2.1463 3.7847 2.80166 
Utility: 6.15109 6.06852 5.56672 5.77667 6.21999 5.79227 6.06794 5.85814 5.76501 5.75945 5.79142 6.53931 6.31013 6.52968 6.15587 6.62253 6.58137 6.52653 6.2086 5.9413 6.66394 6.20071 6.58829 5.76248 5.85479 6.38476 6.16605 5.91365 6.22434 5.91882 

--------------------------------------
Time: 7.50041
Split Ratios: 1 1 1 1 1 1 1 1 1 1 1 1 1 1 1 1 1 1 1 1 1 1 1 1 1 1 1 1 1 1 
Delays: 0.00618078 0.0060967 0.0074442 0.00572777 0.00604257 0.00752881 0.00741183 0.00735311 0.00728609 0.00606638 0.00600738 0.00449464 0.00737768 0.00435079 0.00440795 0.00436911 0.00447175 0.0044252 0.00587093 0.00590635 0.00437088 0.00746646 0.00444336 0.00759085 0.00721817 0.00577998 0.00756494 0.00575279 0.00752761 0.00751107 
Throughputs: 3.01466 2.42483 2.26099 1.86778 3.11296 2.60506 3.52256 2.49037 2.22822 1.99885 1.93331 3.09658 4.27622 3.14573 1.83501 3.22765 3.01466 2.99827 3.1785 2.31014 3.16211 3.6864 3.48979 2.47398 2.62144 3.67002 2.9655 2.37568 4.14515 2.81805 
Utility: 6.1898 5.98577 5.71612 5.78718 6.2445 5.84647 6.16387 5.82506 5.72299 5.79756 5.774 6.53517 6.36237 6.58344 6.0314 6.60495 6.51346 6.51848 6.29415 5.96904 6.58403 6.20198 6.66619 5.78664 5.89488 6.45355 5.97128 6.02335 6.31112 5.92742 

--------------------------------------
Time: 8.00044
Split Ratios: 1 1 1 1 1 1 1 1 1 1 1 1 1 1 1 1 1 1 1 1 1 1 1 1 1 1 1 1 1 1 
Delays: 0.0061684 0.00616315 0.00734107 0.00572745 0.0061461 0.00756393 0.00739245 0.00735502 0.00740818 0.00620726 0.00595948 0.00450747 0.00731156 0.00437906 0.00439832 0.00435672 0.0044272 0.00443032 0.00587097 0.00590359 0.00438694 0.00739825 0.00442065 0.00774598 0.00720763 0.00578085 0.00745657 0.00581089 0.00740729 0.00745808 
Throughputs: 3.14573 2.27738 2.27738 2.1463 3.11296 2.17907 3.3751 3.03104 2.5559 1.81862 2.29376 2.65421 3.91578 3.26042 1.80224 2.89997 2.73613 3.11296 3.04742 2.06438 3.63725 3.21126 3.06381 2.7689 2.57229 4.44006 2.99827 2.11354 3.76832 2.94912 
Utility: 6.23436 5.91219 5.7373 5.92623 6.22751 5.66326 6.12372 6.02128 5.84358 5.68012 5.95297 6.37817 6.28331 6.61278 6.01556 6.50073 6.42653 6.55486 6.25203 5.85703 6.72035 6.07318 6.54113 5.87903 5.87741 6.64387 5.9967 5.89638 6.23192 5.97996 

--------------------------------------
Time: 8.50078
Split Ratios: 1 1 1 1 1 1 1 1 1 1 1 1 1 1 1 1 1 1 1 1 1 1 1 1 1 1 1 1 1 1 
Delays: 0.00615421 0.00617919 0.00735317 0.00575249 0.0061794 0.00751054 0.00735754 0.00734555 0.00742976 0.00614511 0.00590439 0.00452189 0.00735559 0.00436989 0.00440122 0.00433899 0.00441789 0.00438232 0.00584893 0.0058987 0.00438287 0.00740276 0.00446172 0.0075482 0.00720449 0.00575182 0.00741205 0.00576579 0.00748888 0.00744149 
Throughputs: 2.94912 2.22822 2.31014 1.88416 2.9655 2.24461 3.3751 2.93274 2.11354 2.4576 1.99885 3.35872 3.50618 3.26042 1.9497 2.91635 2.94912 2.73613 2.37568 2.22822 3.19488 3.5881 3.21126 2.47398 2.42483 3.63725 3.06381 2.37568 4.35814 2.70336 
Utility: 6.17212 5.88777 5.74993 5.79161 6.17358 5.69998 6.12846 5.9896 5.65062 5.99128 5.82463 6.61039 6.16682 6.61487 6.09355 6.51045 6.5036 6.43672 6.00678 5.93423 6.5916 6.18352 6.57889 5.79228 5.81881 6.44947 6.02431 6.0211 6.36638 5.89518 

--------------------------------------
Time: 9.00102
Split Ratios: 1 1 1 1 1 1 1 1 1 1 1 1 1 1 1 1 1 1 1 1 1 1 1 1 1 1 1 1 1 1 
Delays: 0.00637835 0.0063755 0.00734137 0.00573802 0.00634271 0.0075675 0.00741037 0.00739811 0.00744613 0.00626719 0.00597734 0.004515 0.00731961 0.00437122 0.00437406 0.00436752 0.00440181 0.00441081 0.00584638 0.00587718 0.00438631 0.00741975 0.00449076 0.0077703 0.00721314 0.00576622 0.00745486 0.00578717 0.00745258 0.00746826 
Throughputs: 3.08019 2.3593 2.16269 1.88416 3.29318 2.34291 3.29318 2.83443 2.68698 1.88416 2.21184 3.19488 3.94854 3.16211 1.91693 3.16211 2.8672 2.9655 2.7689 2.50675 3.39149 3.60448 3.65363 3.06381 2.29376 3.29318 2.78528 2.17907 4.16154 3.09658 
Utility: 6.17984 5.91366 5.68558 5.79412 6.2523 5.73529 6.09673 5.94837 5.88848 5.70591 5.9136 6.5619 6.29054 6.58395 6.08279 6.5848 6.47907 6.51074 6.16038 6.05567 6.65054 6.18579 6.70145 5.9771 5.76204 6.34759 5.92324 5.93101 6.32508 6.02739 

--------------------------------------
Time: 9.50107
Split Ratios: 1 1 1 1 1 1 1 1 1 1 1 1 1 1 1 1 1 1 1 1 1 1 1 1 1 1 1 1 1 1 
Delays: 0.00618697 0.00624839 0.00738106 0.00575008 0.00616632 0.00760806 0.00733305 0.00743111 0.00742239 0.00613863 0.00596838 0.00458902 0.0072838 0.00433784 0.00436809 0.00435707 0.0044549 0.00439575 0.00580475 0.00592648 0.00441338 0.00737974 0.00451204 0.00766309 0.00721455 0.00577093 0.00747435 0.00577617 0.00748441 0.00752322 
Throughputs: 2.57229 2.52314 2.21184 2.17907 3.50618 2.73613 3.24403 3.12934 2.42483 1.96608 2.06438 3.26042 3.75194 3.22765 1.67117 2.99827 2.9655 3.04742 2.63782 2.39206 3.32595 3.55533 3.34234 2.58867 2.32653 3.73555 2.70336 2.09715 3.73555 2.88358 
Utility: 6.03011 6.00093 5.70266 5.93744 6.34318 5.88509 6.09218 6.0429 5.78902 5.7692 5.84611 6.56594 6.24438 6.61213 5.94695 6.53399 6.5008 6.54141 6.11903 6.00048 6.62487 6.17746 6.60768 5.82248 5.77603 6.47282 5.89077 5.8946 6.21283 5.94879 

--------------------------------------
Time: 10.0011
Split Ratios: 1 1 1 1 1 1 1 1 1 1 1 1 1 1 1 1 1 1 1 1 1 1 1 1 1 1 1 1 1 1 
Delays: 0.00608082 0.00601717 0.00730692 0.00574605 0.00601469 0.00752888 0.00737746 0.00738784 0.00735429 0.00602773 0.00602584 0.00454064 0.00730567 0.00435452 0.00435723 0.00438711 0.00443065 0.00449877 0.00588366 0.00592655 0.00435246 0.00744425 0.0044699 0.00748866 0.00720871 0.00578865 0.00755577 0.0057695 0.00743674 0.00752271 
Throughputs: 2.60506 2.40845 2.37568 2.08077 3.08019 2.60506 3.47341 3.01466 2.22822 2.048 2.08077 3.34234 3.98131 3.40787 1.81862 3.01466 2.9655 3.11296 2.75251 2.27738 3.09658 3.94854 3.22765 2.85082 2.37568 3.63725 3.01466 2.048 3.88301 2.78528 
Utility: 6.06007 5.99212 5.78422 5.89198 6.23854 5.84646 6.15446 6.01141 5.71368 5.82825 5.84443 6.60136 6.30072 6.66263 6.034 6.53257 6.50626 6.53953 6.14809 5.95134 6.56731 6.27366 6.58214 5.94197 5.79775 6.44308 5.98893 5.87203 6.25793 5.91418 

--------------------------------------
Time: 10.5013
Split Ratios: 1 1 1 1 1 1 1 1 1 1 1 1 1 1 1 1 1 1 1 1 1 1 1 1 1 1 1 1 1 1 
Delays: 0.00616134 0.00612656 0.00740627 0.00574487 0.00613135 0.00757081 0.00741109 0.00748533 0.0074559 0.0061339 0.00604099 0.00454663 0.00733132 0.00433705 0.00440369 0.0043744 0.00446463 0.00441171 0.00584929 0.0059963 0.00435517 0.00741439 0.00453351 0.00757741 0.00721825 0.00579533 0.007525 0.00578177 0.00746939 0.00753573 
Throughputs: 2.94912 2.22822 2.19546 2.01523 3.26042 2.31014 3.1785 3.01466 2.29376 2.44122 1.93331 3.01466 3.89939 2.94912 1.70394 3.03104 3.08019 3.45702 3.08019 2.09715 3.3751 3.80109 3.26042 2.58867 2.27738 3.55533 2.75251 2.27738 4.17792 2.9655 
Utility: 6.17097 5.89633 5.69182 5.86018 6.27619 5.72076 6.06119 5.9983 5.72894 5.98642 5.76842 6.49685 6.27642 6.52207 5.95825 6.54089 6.53656 6.6639 6.26643 5.85719 6.65282 6.23962 6.57811 5.83373 5.75417 6.41915 5.90204 5.97607 6.32676 5.97515 

--------------------------------------
Time: 11.0013
Split Ratios: 1 1 1 1 1 1 1 1 1 1 1 1 1 1 1 1 1 1 1 1 1 1 1 1 1 1 1 1 1 1 
Delays: 0.00619046 0.00615796 0.00730731 0.00574322 0.00612954 0.00759957 0.00738527 0.00748445 0.00747178 0.00616893 0.00611903 0.00456325 0.00734375 0.00436668 0.00439007 0.00434119 0.00446523 0.00447105 0.00590999 0.00592157 0.00440782 0.00761347 0.0044622 0.00769772 0.0071963 0.00580468 0.00766963 0.00580117 0.00750454 0.00753415 
Throughputs: 2.53952 2.58867 2.1463 2.03162 3.01466 2.67059 3.19488 2.81805 2.17907 2.19546 2.09715 3.45702 3.7847 3.11296 1.86778 2.91635 3.08019 3.19488 3.16211 2.40845 3.39149 3.60448 3.03104 2.44122 2.22822 3.42426 3.70278 2.08077 4.01408 2.8672 
Utility: 6.01672 6.04115 5.68263 5.86857 6.19812 5.86196 6.06982 5.93097 5.67552 5.87462 5.83693 6.63013 6.24487 6.56933 6.05316 6.50994 6.53643 6.57168 6.28235 6.00814 6.64564 6.16001 6.52102 5.75933 5.73539 6.37998 6.17957 5.88243 6.28205 5.94165 

--------------------------------------
Time: 11.5014
Split Ratios: 1 1 1 1 1 1 1 1 1 1 1 1 1 1 1 1 1 1 1 1 1 1 1 1 1 1 1 1 1 1 
Delays: 0.0062319 0.00623302 0.00745792 0.00573027 0.00626488 0.00748694 0.00738861 0.00741227 0.00734586 0.00616731 0.00600362 0.00452127 0.00738821 0.00438659 0.00436764 0.00436426 0.0044372 0.00442115 0.00584159 0.00588839 0.00435601 0.00738609 0.00445747 0.00768097 0.00725048 0.00576297 0.00740268 0.00575914 0.00748323 0.00746773 
Throughputs: 2.67059 2.3593 2.4576 1.93331 3.3751 2.57229 3.65363 2.60506 2.34291 2.1463 2.31014 2.94912 3.75194 3.1785 1.49094 3.2768 2.75251 3.06381 3.08019 2.17907 3.30957 3.50618 3.1785 2.98189 2.29376 3.39149 2.58867 2.06438 4.21069 2.80166 
Utility: 6.06037 5.93626 5.79766 5.82123 6.28922 5.83939 6.20354 5.86207 5.76501 5.85224 5.9527 6.48047 6.23014 6.58561 5.83294 6.62117 6.43025 6.54102 6.26774 5.91367 6.63302 6.16268 6.56958 5.96157 5.75688 6.37757 5.85706 5.8818 6.33272 5.92738 

--------------------------------------
Time: 12.0015
Split Ratios: 1 1 1 1 1 1 1 1 1 1 1 1 1 1 1 1 1 1 1 1 1 1 1 1 1 1 1 1 1 1 
Delays: 0.00612424 0.00611602 0.00737307 0.00573061 0.00606247 0.00753369 0.00729521 0.00734424 0.00737035 0.00602967 0.00599722 0.00445162 0.00731717 0.00436758 0.00440338 0.00434286 0.0043872 0.00443701 0.00582667 0.00584446 0.00436011 0.00750502 0.00448586 0.0076128 0.00720144 0.00578402 0.00751161 0.00576098 0.00746501 0.00747856 
Throughputs: 2.8672 2.19546 2.1463 2.01523 3.16211 2.42483 2.7689 2.94912 2.17907 2.03162 2.37568 2.73613 3.70278 3.40787 1.90054 3.16211 2.63782 2.91635 3.09658 2.17907 3.19488 3.71917 3.1785 2.57229 2.49037 3.96493 3.40787 1.80224 3.98131 2.89997 
Utility: 6.14884 5.88323 5.67367 5.86267 6.25688 5.77413 5.93899 5.99535 5.68919 5.81989 5.98174 6.42103 6.22662 6.65963 6.06752 6.59046 6.39902 6.48811 6.27561 5.92116 6.59681 6.20568 6.56323 5.82272 5.8459 6.53014 6.11739 5.74568 6.27914 5.96041 

--------------------------------------
Time: 12.5016
Split Ratios: 1 1 1 1 1 1 1 1 1 1 1 1 1 1 1 1 1 1 1 1 1 1 1 1 1 1 1 1 1 1 
Delays: 0.00620022 0.00624423 0.00733337 0.00574805 0.00613741 0.00749993 0.00737891 0.00737755 0.00735448 0.00612659 0.00605718 0.00445166 0.00730689 0.00435905 0.00436684 0.00439068 0.00443976 0.0044291 0.00586687 0.00590901 0.00438004 0.00749706 0.00442018 0.00761984 0.00720537 0.00579597 0.00765567 0.0057901 0.00738088 0.00757973 
Throughputs: 2.80166 2.37568 2.27738 1.99885 3.30957 2.60506 3.09658 2.57229 2.16269 1.83501 2.31014 3.22765 3.65363 3.35872 1.68755 3.2768 2.67059 3.11296 2.78528 2.44122 3.08019 3.7847 2.9655 2.83443 2.4576 4.12877 3.11296 1.96608 3.50618 3.09658 
Utility: 6.11338 5.94138 5.73834 5.85147 6.29017 5.85032 6.03943 5.85411 5.6838 5.70217 5.94382 6.58623 6.21466 6.64706 5.95699 6.61514 6.39945 6.55513 6.16278 6.02377 6.55569 6.22421 6.50862 5.91884 5.83211 6.56857 6.00788 5.82765 6.16339 6.01257 

--------------------------------------
Time: 13.0016
Split Ratios: 1 1 1 1 1 1 1 1 1 1 1 1 1 1 1 1 1 1 1 1 1 1 1 1 1 1 1 1 1 1 
Delays: 0.00612755 0.00609557 0.00742081 0.00571844 0.00609472 0.00743518 0.00734519 0.00741127 0.00747828 0.00609408 0.00602535 0.0046243 0.00734619 0.00435541 0.00437853 0.00434868 0.0043991 0.00444233 0.00587116 0.00604909 0.00435028 0.00747947 0.00442532 0.00761848 0.00718093 0.00579936 0.00749229 0.00576118 0.00740673 0.00751391 
Throughputs: 2.91635 2.27738 2.22822 2.03162 3.53894 2.34291 3.21126 2.99827 2.42483 1.96608 2.27738 3.45702 3.75194 3.22765 2.03162 2.8672 2.78528 2.78528 3.08019 2.89997 3.12934 3.11296 3.21126 2.49037 2.7689 4.25984 2.93274 1.86778 3.47341 2.98189 
Utility: 6.16529 5.92322 5.70467 5.87289 6.36416 5.75293 6.08037 6.00279 5.78151 5.77648 5.9348 6.61684 6.23584 6.60809 6.13987 6.49122 6.4507 6.44092 6.2627 6.17255 6.57834 6.03117 6.58708 5.78961 5.95478 6.59924 5.96982 5.78136 6.1505 5.98356 

--------------------------------------
Time: 13.5017
Split Ratios: 1 1 1 1 1 1 1 1 1 1 1 1 1 1 1 1 1 1 1 1 1 1 1 1 1 1 1 1 1 1 
Delays: 0.00609571 0.00613008 0.00733754 0.00572596 0.00611 0.00753254 0.00732716 0.0074006 0.00731589 0.00602847 0.00596003 0.00447029 0.0073392 0.00434998 0.00438279 0.00434912 0.00444775 0.00444604 0.00587254 0.00594895 0.00438072 0.00739567 0.00448277 0.00753309 0.00722043 0.00577429 0.00751847 0.00576498 0.00745958 0.00752171 
Throughputs: 3.03104 2.42483 2.08077 2.31014 3.29318 2.57229 2.78528 2.78528 2.37568 2.01523 2.27738 3.16211 3.83386 3.24403 1.88416 3.14573 3.06381 3.06381 2.73613 2.42483 3.12934 3.2768 2.99827 2.21184 2.50675 4.01408 2.99827 2.12992 3.76832 3.14573 
Utility: 6.20908 5.98031 5.64749 6.00005 6.28968 5.83332 5.94052 5.93054 5.78299 5.812 5.9457 6.56154 6.2584 6.6144 6.06355 6.58383 6.53502 6.5354 6.14401 6.0103 6.57137 6.09373 6.50555 5.68227 5.84983 6.54415 5.98843 5.91204 6.22489 6.03601 

--------------------------------------
Time: 14.0017
Split Ratios: 1 1 1 1 1 1 1 1 1 1 1 1 1 1 1 1 1 1 1 1 1 1 1 1 1 1 1 1 1 1 
Delays: 0.00610647 0.00610572 0.00732982 0.00572624 0.00601751 0.0076053 0.00743331 0.00747556 0.00744049 0.00602346 0.00593684 0.00458504 0.00731794 0.00436746 0.00438999 0.00435191 0.00444748 0.00441055 0.00589621 0.00600845 0.00434577 0.00742099 0.0044468 0.00758859 0.0072199 0.005832 0.00750006 0.0058036 0.00743615 0.00744953 
Throughputs: 3.01466 2.17907 2.31014 2.21184 2.83443 2.42483 3.47341 2.68698 2.21184 2.06438 1.9497 3.5881 3.63725 3.53894 1.5401 2.7689 3.03104 2.9655 3.14573 2.57229 3.19488 3.70278 2.91635 2.89997 2.32653 3.88301 3.04742 2.17907 3.96493 2.91635 
Utility: 6.20189 5.87743 5.75311 5.95652 6.15492 5.76467 6.14692 5.88453 5.69464 5.83692 5.79425 6.66258 6.20865 6.6974 5.86027 6.45559 6.52432 6.5108 6.27949 6.05938 6.6001 6.21253 6.4859 5.94581 5.77529 6.50101 6.00714 5.92818 6.27889 5.96994 

--------------------------------------
Time: 14.5018
Split Ratios: 1 1 1 1 1 1 1 1 1 1 1 1 1 1 1 1 1 1 1 1 1 1 1 1 1 1 1 1 1 1 
Delays: 0.00621649 0.00611578 0.00733942 0.00575086 0.0061082 0.00749593 0.00740061 0.0074186 0.00737999 0.00605106 0.00597766 0.00453705 0.00736033 0.00438859 0.00439879 0.00436395 0.00445188 0.00444336 0.00583887 0.00593397 0.00441101 0.00738777 0.00444076 0.00755431 0.00723211 0.00575488 0.00750477 0.00578231 0.00742896 0.00745475 
Throughputs: 3.12934 2.4576 2.03162 2.26099 3.01466 2.34291 3.70278 2.73613 2.31014 2.16269 1.80224 3.21126 4.01408 3.24403 1.7367 2.81805 3.12934 3.08019 2.94912 2.47398 3.70278 3.55533 3.29318 2.34291 2.34291 3.34234 2.9655 1.98246 3.67002 3.30957 
Utility: 6.22137 5.99607 5.62333 5.97421 6.20161 5.74479 6.21528 5.91031 5.74629 5.87887 5.70876 6.56214 6.30146 6.60556 5.97841 6.47042 6.55525 6.54134 6.22472 6.03289 6.73274 6.17638 6.60879 5.73703 5.78062 6.36438 5.97926 5.83729 6.20257 6.09572 

--------------------------------------
Time: 15.0019
Split Ratios: 1 1 1 1 1 1 1 1 1 1 1 1 1 1 1 1 1 1 1 1 1 1 1 1 1 1 1 1 1 1 
Delays: 0.00619762 0.00614893 0.00729619 0.00574581 0.00618972 0.00758957 0.0074507 0.00738254 0.00741034 0.00610126 0.00600642 0.00451148 0.00733406 0.00433237 0.0043766 0.00432925 0.00445416 0.0044316 0.00584721 0.00598692 0.00437799 0.00737195 0.00449068 0.00763163 0.00721471 0.00578695 0.0074925 0.00576742 0.00743364 0.00750084 
Throughputs: 2.91635 2.40845 2.11354 1.85139 3.34234 2.42483 3.34234 2.89997 2.40845 2.06438 2.29376 2.94912 3.91578 3.34234 1.99885 2.80166 2.88358 2.99827 2.99827 2.34291 3.57171 3.2768 3.24403 2.81805 2.58867 3.76832 3.22765 2.3593 3.65363 2.83443 
Utility: 6.15392 5.97046 5.66877 5.77522 6.29154 5.76674 6.10612 5.97334 5.78386 5.82409 5.94512 6.48264 6.28024 6.64831 6.12405 6.47257 6.47295 6.51703 6.23983 5.96957 6.70421 6.09694 6.58257 5.9115 5.88278 6.47878 6.06561 6.01389 6.19746 5.93458 

--------------------------------------
Time: 15.5019
Split Ratios: 1 1 1 1 1 1 1 1 1 1 1 1 1 1 1 1 1 1 1 1 1 1 1 1 1 1 1 1 1 1 
Delays: 0.00617894 0.00611771 0.00729384 0.0057568 0.00607689 0.00749964 0.00733183 0.00741171 0.00736444 0.00614436 0.00598057 0.00446657 0.00730203 0.00434927 0.0044218 0.00437925 0.00446659 0.00438581 0.00584675 0.00595544 0.00436838 0.00741914 0.00446337 0.00760425 0.00719917 0.00579951 0.0075184 0.00578299 0.00740586 0.0075256 
Throughputs: 3.01466 2.34291 2.09715 2.1463 3.19488 2.21184 3.01466 2.7689 2.26099 2.31014 2.19546 3.03104 3.71917 3.3751 1.91693 2.83443 2.99827 3.11296 2.68698 2.24461 3.19488 3.67002 2.99827 2.52314 2.27738 3.6864 2.83443 2.1463 3.6864 2.91635 
Utility: 6.19009 5.94796 5.66131 5.92112 6.26481 5.68672 6.01902 5.92314 5.7269 5.92953 5.90563 6.52004 6.2331 6.65417 6.07193 6.47272 6.50917 6.56495 6.13029 5.93198 6.59491 6.20389 6.50989 5.80455 5.75681 6.45463 5.93224 5.91658 6.21013 5.95978 

--------------------------------------
Time: 16.0019
Split Ratios: 1 1 1 1 1 1 1 1 1 1 1 1 1 1 1 1 1 1 1 1 1 1 1 1 1 1 1 1 1 1 
Delays: 0.0063044 0.0063343 0.0073491 0.00577122 0.00625384 0.00764865 0.00745662 0.00737904 0.00742499 0.00629407 0.00590733 0.00446304 0.00730955 0.0043703 0.00442094 0.00436393 0.00449942 0.00442812 0.00588021 0.00588113 0.00435759 0.0074209 0.00444022 0.00768117 0.00722603 0.0058007 0.00752189 0.00581498 0.00738629 0.0075035 
Throughputs: 2.85082 2.5559 2.29376 2.26099 3.29318 2.5559 3.21126 2.8672 2.26099 2.16269 1.91693 3.21126 3.9977 3.6864 1.78586 2.88358 3.39149 2.98189 2.94912 2.31014 3.52256 3.53894 3.03104 2.49037 2.3593 3.7847 3.12934 2.27738 3.57171 2.80166 
Utility: 6.11411 6.00018 5.74337 5.97068 6.26641 5.81163 6.06532 5.96245 5.71871 5.8395 5.78229 6.57859 6.30429 6.73757 6.0013 6.49342 6.62507 6.51234 6.21767 5.97332 6.69502 6.16728 6.52596 5.78141 5.78843 6.48074 6.03076 5.97034 6.18117 5.9226 

--------------------------------------
Time: 16.502
Split Ratios: 1 1 1 1 1 1 1 1 1 1 1 1 1 1 1 1 1 1 1 1 1 1 1 1 1 1 1 1 1 1 
Delays: 0.00629254 0.00621191 0.00740873 0.00573811 0.00617827 0.00762078 0.00738969 0.00737228 0.00736473 0.00617269 0.0060145 0.00451567 0.00730631 0.0043416 0.00441564 0.0043523 0.00445404 0.00443982 0.00585638 0.00592506 0.0043675 0.00739936 0.00446507 0.00765894 0.00723337 0.00578828 0.00750962 0.00578699 0.00750263 0.00759692 
Throughputs: 2.93274 2.62144 2.16269 1.85139 3.34234 2.67059 3.52256 2.5559 1.91693 1.99885 1.9497 3.1785 4.11238 3.24403 1.83501 2.93274 3.12934 3.34234 3.2768 2.60506 3.39149 3.45702 3.83386 2.91635 2.3593 3.57171 3.34234 2.26099 3.98131 2.57229 
Utility: 6.14433 6.04501 5.67645 5.77656 6.29339 5.85918 6.16686 5.84843 5.56178 5.78019 5.78126 6.55661 6.33302 6.61633 6.02965 6.51299 6.55477 6.62381 6.32709 6.08602 6.65483 6.14677 6.75534 5.94222 5.78741 6.42497 6.09824 5.96795 6.27411 5.82481 

--------------------------------------
Time: 17.0021
Split Ratios: 1 1 1 1 1 1 1 1 1 1 1 1 1 1 1 1 1 1 1 1 1 1 1 1 1 1 1 1 1 1 
Delays: 0.00633078 0.0062889 0.00735598 0.00574685 0.00630908 0.0075578 0.00737405 0.00734827 0.00735192 0.00619798 0.0061681 0.00453672 0.00738213 0.00437841 0.00441462 0.00435617 0.00443992 0.00447357 0.00586481 0.00593383 0.00436318 0.00750362 0.00444437 0.0076451 0.0072021 0.0058177 0.00759979 0.00575301 0.00750578 0.00763541 
Throughputs: 3.34234 2.34291 2.39206 2.12992 3.70278 2.89997 2.89997 2.94912 2.39206 1.98246 2.42483 3.24403 3.91578 3.30957 1.81862 2.99827 3.04742 3.19488 3.04742 2.26099 2.68698 3.98131 2.93274 2.9655 2.19546 3.83386 3.35872 1.93331 3.63725 3.03104 
Utility: 6.269 5.92036 5.7844 5.91519 6.37485 5.94987 5.97449 5.9948 5.78495 5.76787 5.97413 6.57237 6.27371 6.62789 6.02091 6.5342 6.53142 6.57112 6.25308 5.94289 6.42297 6.27398 6.49205 5.96074 5.71977 6.49072 6.09119 5.81727 6.18331 5.98386 

--------------------------------------
Time: 17.5022
Split Ratios: 1 1 1 1 1 1 1 1 1 1 1 1 1 1 1 1 1 1 1 1 1 1 1 1 1 1 1 1 1 1 
Delays: 0.00603397 0.00609789 0.00737302 0.00574471 0.00604029 0.00753229 0.00743961 0.00734248 0.0073237 0.0060568 0.00589839 0.00448743 0.00735355 0.00434298 0.0043926 0.00435941 0.00453113 0.00438324 0.00586006 0.00590431 0.00437919 0.00734666 0.00443569 0.00761654 0.00719106 0.00577549 0.00738229 0.00579146 0.00744918 0.00742793 
Throughputs: 2.81805 2.58867 2.63782 2.31014 3.08019 1.96608 3.40787 2.85082 2.19546 1.91693 2.22822 3.08019 3.60448 2.99827 1.9497 2.73613 3.26042 2.85082 2.73613 2.21184 3.32595 3.48979 2.88358 2.70336 2.27738 3.32595 2.47398 2.39206 4.12877 2.89997 
Utility: 6.1464 6.05096 5.87988 5.99679 6.2343 5.5646 6.12702 5.96168 5.70303 5.7573 5.93428 6.53147 6.19475 6.53723 6.09551 6.44196 6.57864 6.47757 6.14614 5.9259 6.63265 6.16335 6.47711 5.87193 5.75794 6.35589 5.8145 6.02353 6.31763 5.96721 

--------------------------------------
Time: 18.0024
Split Ratios: 1 1 1 1 1 1 1 1 1 1 1 1 1 1 1 1 1 1 1 1 1 1 1 1 1 1 1 1 1 1 
Delays: 0.00612701 0.00603795 0.00732279 0.0057512 0.00604954 0.00757001 0.00736232 0.00743882 0.00738736 0.00604803 0.00596059 0.00449963 0.0073506 0.00434562 0.00440573 0.00435159 0.00440769 0.00442945 0.00585954 0.00590794 0.00438273 0.00741203 0.0044572 0.00755534 0.00721193 0.00581329 0.00751598 0.00582852 0.00752665 0.00753823 
Throughputs: 2.88358 2.4576 2.32653 1.81862 3.62086 2.47398 3.52256 2.63782 2.19546 2.1463 2.06438 3.11296 3.96493 3.30957 2.01523 3.06381 3.04742 3.39149 2.91635 2.44122 3.14573 3.42426 3.24403 2.3593 2.42483 3.73555 3.01466 2.71974 3.70278 2.94912 
Utility: 6.15408 6.00888 5.76114 5.75643 6.39449 5.78939 6.17057 5.871 5.69437 5.87177 5.84742 6.53933 6.29046 6.6354 6.12558 6.55687 6.5387 6.64075 6.21002 6.02395 6.57613 6.13554 6.59005 5.74386 5.81778 6.46551 5.99421 6.14553 6.19839 5.96927 

--------------------------------------
Time: 18.5025
Split Ratios: 1 1 1 1 1 1 1 1 1 1 1 1 1 1 1 1 1 1 1 1 1 1 1 1 1 1 1 1 1 1 
Delays: 0.0060742 0.00609867 0.00732071 0.00574896 0.00609754 0.00755396 0.00754501 0.00738698 0.00739723 0.00601355 0.00598306 0.00450041 0.00731943 0.00433669 0.00441238 0.0044051 0.00444796 0.00441065 0.00587489 0.00593787 0.00438225 0.00737626 0.00444489 0.00755151 0.00720969 0.0058052 0.00751744 0.00583304 0.0074084 0.00749724 
Throughputs: 2.9655 2.44122 2.06438 2.06438 3.16211 2.63782 3.44064 3.01466 2.24461 1.91693 1.81862 2.99827 3.57171 3.06381 2.048 3.29318 2.78528 2.75251 3.06381 2.27738 3.48979 3.85024 3.12934 2.39206 2.42483 3.70278 3.14573 2.1463 3.76832 3.03104 
Utility: 6.19075 5.99218 5.64188 5.88357 6.25111 5.85564 6.12253 6.01152 5.71518 5.76446 5.7169 6.50162 6.19027 6.5603 6.1402 6.61685 6.43966 6.43625 6.25673 5.94943 6.68004 6.25762 6.55682 5.75816 5.81809 6.45809 6.03657 5.90796 6.23177 6.00213 

--------------------------------------
Time: 19.0026
Split Ratios: 1 1 1 1 1 1 1 1 1 1 1 1 1 1 1 1 1 1 1 1 1 1 1 1 1 1 1 1 1 1 
Delays: 0.00640809 0.0062883 0.0073352 0.00575482 0.00626283 0.00751314 0.00739039 0.00751741 0.00741641 0.00628308 0.0059774 0.00451794 0.00735418 0.0043467 0.00439836 0.00438511 0.00442999 0.00439394 0.00587146 0.00598058 0.00438091 0.00733468 0.00448896 0.00775591 0.0072218 0.00579286 0.00743249 0.00577638 0.00745632 0.00745816 
Throughputs: 2.99827 2.42483 2.42483 1.98246 3.53894 2.29376 3.52256 2.80166 2.24461 2.09715 2.09715 3.48979 3.91578 3.21126 1.93331 2.71974 2.8672 2.81805 2.8672 2.63782 3.09658 3.62086 3.26042 2.73613 2.49037 3.6864 2.91635 2.16269 3.88301 2.60506 
Utility: 6.14823 5.95483 5.80083 5.84206 6.33695 5.72129 6.16676 5.92075 5.71259 5.81047 5.86035 6.64954 6.2775 6.605 6.08576 6.43008 6.47269 6.46357 6.19099 6.08919 6.5608 6.20185 6.58799 5.86584 5.84308 6.45578 5.97223 5.92533 6.2553 5.8559 

--------------------------------------
Time: 19.5028
Split Ratios: 1 1 1 1 1 1 1 1 1 1 1 1 1 1 1 1 1 1 1 1 1 1 1 1 1 1 1 1 1 1 
Delays: 0.00630331 0.0062258 0.00729376 0.00575782 0.00629058 0.00760982 0.00738592 0.0074183 0.0073966 0.00637474 0.00601436 0.00451332 0.00730054 0.00437976 0.0043945 0.00432787 0.00447333 0.00440649 0.00586883 0.00598665 0.00439336 0.00748586 0.00445982 0.00768419 0.00721706 0.00580072 0.00749875 0.0058054 0.00741256 0.00756689 
Throughputs: 2.91635 2.3593 2.12992 2.40845 3.47341 2.52314 3.44064 2.29376 2.39206 2.1463 2.19546 3.16211 3.76832 3.2768 1.90054 3.22765 3.11296 2.75251 2.98189 2.52314 3.08019 3.9977 3.19488 2.81805 2.3593 3.44064 2.62144 2.29376 3.55533 3.08019 
Utility: 6.13701 5.93742 5.67682 6.03618 6.31384 5.80382 6.14384 5.734 5.77889 5.81916 5.9 6.55196 6.24644 6.61763 6.06954 6.61443 6.5452 6.43719 6.23066 6.04373 6.55265 6.28046 6.5742 5.90463 5.78967 6.38543 5.85674 5.97916 6.17303 6.00896 

--------------------------------------
Time: 20.0028
Split Ratios: 1 1 1 1 1 1 1 1 1 1 1 1 1 1 1 1 1 1 1 1 1 1 1 1 1 1 1 1 1 1 
Delays: 0.00602136 0.00595515 0.00740017 0.00575864 0.0059761 0.00746336 0.00739446 0.00732622 0.00732047 0.00597495 0.00594784 0.00446462 0.00739436 0.00438074 0.00436653 0.00437719 0.00443013 0.0043758 0.00586909 0.00586806 0.00438357 0.0074553 0.00441967 0.00743577 0.00725829 0.0057891 0.00744554 0.00579239 0.00745952 0.0074382 
Throughputs: 2.52314 2.03162 2.37568 2.08077 2.88358 2.40845 3.48979 2.73613 2.5559 2.19546 1.83501 2.88358 3.96493 2.62144 2.1463 3.19488 2.88358 2.65421 2.94912 1.93331 3.29318 3.80109 2.81805 2.52314 2.048 3.75194 2.75251 2.40845 3.98131 2.62144 
Utility: 6.03794 5.83233 5.77154 5.88979 6.17902 5.77673 6.15687 5.92284 5.85549 5.90657 5.73178 6.47061 6.28453 6.39426 6.19754 6.5929 6.47836 6.40781 6.21956 5.79747 6.62175 6.23412 6.45773 5.82696 5.64248 6.47405 5.91265 6.03019 6.27988 5.86485 

--------------------------------------
Time: 20.5029
Split Ratios: 1 1 1 1 1 1 1 1 1 1 1 1 1 1 1 1 1 1 1 1 1 1 1 1 1 1 1 1 1 1 
Delays: 0.00625184 0.00622888 0.00729899 0.00573954 0.00614872 0.00759781 0.00742424 0.00740303 0.0073566 0.00616539 0.00591819 0.00452151 0.00728409 0.00437661 0.00438491 0.00436429 0.00447832 0.00441253 0.00588137 0.0058562 0.00434982 0.00736855 0.0045228 0.00757569 0.00721344 0.00580415 0.00744515 0.00580093 0.00745701 0.00746147 
Throughputs: 2.89997 2.4576 1.96608 2.17907 2.94912 2.44122 3.30957 3.09658 2.1463 2.09715 1.75309 3.42426 3.86662 3.5881 2.12992 2.99827 2.91635 3.01466 2.81805 2.22822 3.21126 3.24403 3.71917 2.73613 2.65421 3.76832 2.68698 2.11354 3.81747 3.40787 
Utility: 6.13958 5.97774 5.59606 5.93928 6.17302 5.77239 6.09982 6.03616 5.6759 5.82938 5.6911 6.62979 6.27445 6.7091 6.18567 6.53233 6.47884 6.52679 6.17201 5.94146 6.60429 6.08735 6.71212 5.88935 5.90796 6.47581 5.88861 5.8981 6.23819 6.12409 

--------------------------------------
Time: 21.0029
Split Ratios: 1 1 1 1 1 1 1 1 1 1 1 1 1 1 1 1 1 1 1 1 1 1 1 1 1 1 1 1 1 1 
Delays: 0.00624661 0.00618875 0.00732998 0.00576382 0.00613632 0.00748307 0.00738262 0.00744763 0.00743468 0.00615281 0.00595482 0.00449606 0.007322 0.00435964 0.00440909 0.00436228 0.00446029 0.00438813 0.00587561 0.00590486 0.00436024 0.00736955 0.00450119 0.00754412 0.00720808 0.00578608 0.0074376 0.00577714 0.00747677 0.00745413 
Throughputs: 2.78528 2.31014 2.4576 2.12992 3.34234 2.21184 3.21126 2.81805 2.31014 2.06438 2.048 3.14573 3.9977 3.1785 1.99885 3.55533 2.8672 3.14573 2.99827 2.16269 2.89997 3.40787 3.26042 2.91635 2.37568 3.94854 2.85082 2.3593 3.67002 3.16211 
Utility: 6.10006 5.92233 5.81497 5.91224 6.3002 5.68894 6.07529 5.9359 5.73891 5.81568 5.84042 6.5506 6.30259 6.59177 6.11666 6.70321 6.46588 6.5749 6.23498 5.90333 6.49993 6.13649 6.58527 5.95732 5.79784 6.52565 5.94881 6.01221 6.19615 6.05023 

--------------------------------------
Time: 21.503
Split Ratios: 1 1 1 1 1 1 1 1 1 1 1 1 1 1 1 1 1 1 1 1 1 1 1 1 1 1 1 1 1 1 
Delays: 0.00609575 0.00600248 0.00738264 0.00574957 0.00602287 0.00765292 0.00740368 0.00740745 0.00737752 0.00601247 0.00612481 0.00448713 0.00735178 0.00433322 0.00438513 0.00434729 0.00443027 0.00452127 0.00582796 0.00592087 0.00437739 0.00751028 0.00443969 0.00743699 0.00722246 0.00577432 0.00764497 0.00578659 0.0074248 0.00746765 
Throughputs: 3.11296 2.29376 2.52314 1.9497 3.24403 2.39206 3.50618 2.29376 2.32653 1.86778 2.3593 3.44064 3.94854 2.93274 1.90054 3.12934 2.98189 3.01466 2.65421 2.24461 3.32595 3.71917 3.32595 2.31014 2.50675 3.88301 3.19488 2.19546 3.93216 3.01466 
Utility: 6.23574 5.94578 5.83413 5.8263 6.28901 5.74482 6.1603 5.73546 5.75369 5.73867 5.95377 6.6422 6.28616 6.51738 6.07168 6.57903 6.51185 6.50245 6.12123 5.9378 6.63306 6.20498 6.61893 5.7386 5.84955 6.51095 6.03526 5.9386 6.27212 6.00066 

--------------------------------------
Time: 22.003
Split Ratios: 1 1 1 1 1 1 1 1 1 1 1 1 1 1 1 1 1 1 1 1 1 1 1 1 1 1 1 1 1 1 
Delays: 0.00609283 0.00605252 0.00741736 0.0057288 0.00605017 0.00757655 0.00740912 0.00742087 0.00735531 0.0059811 0.00600844 0.00447712 0.00737369 0.00441354 0.00441214 0.00437322 0.00443201 0.004455 0.00588099 0.00587192 0.00435534 0.00742547 0.00454437 0.00749961 0.00721989 0.00581309 0.00752409 0.00578186 0.00743318 0.00747722 
Throughputs: 2.81805 2.09715 2.08077 1.93331 3.30957 2.91635 3.29318 2.78528 2.29376 1.99885 2.048 3.22765 4.22707 3.29318 2.08077 3.03104 3.16211 2.70336 3.24403 2.12992 3.16211 3.73555 3.5881 2.68698 2.49037 3.96493 3.30957 2.19546 3.73555 2.81805 
Utility: 6.13669 5.84786 5.63667 5.82148 6.30449 5.95303 6.0969 5.92781 5.74253 5.81172 5.83145 6.58053 6.35135 6.61493 6.15613 6.54116 6.57014 6.40822 6.31285 5.89366 6.58759 6.22073 6.67149 5.88132 5.84335 6.52513 6.08646 5.93942 6.2197 5.93194 

--------------------------------------
Time: 22.5031
Split Ratios: 1 1 1 1 1 1 1 1 1 1 1 1 1 1 1 1 1 1 1 1 1 1 1 1 1 1 1 1 1 1 
Delays: 0.00609299 0.00613292 0.00734911 0.00575772 0.00607961 0.0075922 0.00736565 0.00745582 0.00739973 0.0060596 0.00604106 0.00452049 0.00733501 0.00440619 0.00441001 0.00434999 0.00438359 0.00449628 0.00585462 0.00591399 0.00437378 0.00742902 0.00443659 0.00758336 0.00720879 0.00580831 0.00754484 0.0057988 0.00738933 0.00756901 
Throughputs: 2.89997 2.44122 1.91693 1.96608 2.81805 2.42483 3.48979 2.94912 2.42483 2.3593 2.27738 2.93274 3.86662 3.39149 2.17907 2.80166 2.60506 3.16211 2.91635 2.52314 3.12934 3.35872 3.1785 2.78528 2.53952 3.50618 2.89997 2.22822 3.44064 2.98189 
Utility: 6.16532 5.98658 5.5639 5.83326 6.13886 5.7664 6.16077 5.98027 5.79207 5.96448 5.9322 6.47507 6.26748 6.64601 6.20278 6.46779 6.38734 6.55574 6.21086 6.05594 6.57295 6.11392 6.57428 5.90615 5.86443 6.40299 5.95159 5.95131 6.14338 5.97625 

--------------------------------------
Time: 23.0032
Split Ratios: 1 1 1 1 1 1 1 1 1 1 1 1 1 1 1 1 1 1 1 1 1 1 1 1 1 1 1 1 1 1 
Delays: 0.00608305 0.0061275 0.00731946 0.00574925 0.00604792 0.00762757 0.00737757 0.00733656 0.00730831 0.00600399 0.00599269 0.00447926 0.00730409 0.00436654 0.00439467 0.00434944 0.00440333 0.00445874 0.00581669 0.00592991 0.00438045 0.00747799 0.004443 0.00756976 0.00722253 0.00579126 0.00758477 0.00580249 0.00734548 0.00748504 
Throughputs: 2.9655 2.49037 2.11354 2.24461 3.24403 2.29376 3.53894 2.9655 2.19546 1.83501 1.7367 2.8672 4.096 3.06381 1.98246 3.14573 2.93274 3.01466 2.70336 2.12992 3.32595 3.57171 3.19488 2.65421 2.50675 3.2768 3.21126 1.99885 3.48979 3.19488 
Utility: 6.1893 6.0074 5.66558 5.96722 6.28486 5.70618 6.17314 6.00193 5.70513 5.72238 5.6692 6.46163 6.32933 6.55344 6.1117 6.58375 6.50133 6.51637 6.14152 5.88383 6.63236 6.16884 6.57798 5.85974 5.84954 6.33827 6.04828 5.84204 6.16351 6.0564 

--------------------------------------
Time: 23.5033
Split Ratios: 1 1 1 1 1 1 1 1 1 1 1 1 1 1 1 1 1 1 1 1 1 1 1 1 1 1 1 1 1 1 
Delays: 0.00613252 0.00632122 0.00740783 0.00573212 0.00634583 0.00758034 0.0073647 0.00738798 0.00730976 0.00612108 0.00599536 0.00449549 0.00732869 0.00435698 0.00442265 0.00433907 0.00441556 0.00442832 0.00589998 0.00591 0.00434396 0.00739294 0.0044494 0.00761966 0.00719338 0.00578613 0.00745533 0.00577581 0.00745568 0.00751938 
Throughputs: 2.8672 2.42483 2.34291 1.91693 3.12934 2.89997 3.06381 2.9655 2.01523 2.08077 1.91693 2.80166 3.75194 3.2768 2.1463 2.98189 2.83443 3.04742 3.19488 2.34291 3.09658 3.5881 2.75251 2.91635 2.57229 4.06323 2.78528 2.29376 3.71917 2.9655 
Utility: 6.14749 5.9496 5.75661 5.81239 6.20078 5.9469 6.03072 5.99495 5.61928 5.82875 5.76749 6.43489 6.23823 6.62284 6.18476 6.53265 6.46446 6.53403 6.29436 5.9825 6.56927 6.18485 6.4275 5.94736 5.87939 6.55427 5.92318 5.98427 6.21228 5.97732 

--------------------------------------
Time: 24.0034
Split Ratios: 1 1 1 1 1 1 1 1 1 1 1 1 1 1 1 1 1 1 1 1 1 1 1 1 1 1 1 1 1 1 
Delays: 0.0061448 0.0061965 0.00732583 0.00572337 0.0061634 0.00753953 0.00737936 0.00745926 0.00738821 0.00617681 0.0060095 0.00452855 0.00726073 0.00433286 0.00438367 0.00436029 0.00442315 0.00438459 0.00587227 0.00596654 0.00438304 0.00735426 0.00443686 0.0076186 0.00718412 0.00577603 0.00744093 0.0058173 0.00742639 0.00745222 
Throughputs: 2.78528 2.53952 2.03162 1.98246 2.93274 2.4576 3.24403 2.99827 2.40845 2.26099 2.34291 3.24403 3.55533 3.19488 1.76947 2.99827 2.83443 2.7689 2.75251 2.39206 3.24403 3.3751 3.6864 2.71974 2.32653 3.73555 2.75251 2.1463 3.45702 2.58867 
Utility: 6.1165 6.01575 5.62518 5.84754 6.16506 5.78678 6.08589 5.99633 5.78685 5.90276 5.96581 6.57417 6.19372 6.60308 6.00055 6.53325 6.46275 6.44811 6.15003 5.99375 6.60683 6.1289 6.72246 5.8777 5.78026 6.47193 5.91327 5.91067 6.14312 5.85039 

--------------------------------------
Time: 24.5037
Split Ratios: 1 1 1 1 1 1 1 1 1 1 1 1 1 1 1 1 1 1 1 1 1 1 1 1 1 1 1 1 1 1 
Delays: 0.00626143 0.00617585 0.00731366 0.00577151 0.00624838 0.00748199 0.0073226 0.00742226 0.00737312 0.00616464 0.00604485 0.00457594 0.00726404 0.00436125 0.00438701 0.00439238 0.00439228 0.00443851 0.0058292 0.00593872 0.00436158 0.00745691 0.00446668 0.00779799 0.00720902 0.00577149 0.00750614 0.00580198 0.0074246 0.0075432 
Throughputs: 3.03104 2.47398 2.31014 2.21184 3.22765 2.42483 3.06381 2.7689 2.31014 2.40845 2.17907 3.39149 2.94912 2.94912 1.93331 3.11296 3.14573 3.11296 2.88358 2.32653 2.85082 3.47341 3.12934 2.53952 2.12992 4.12877 2.88358 2.24461 3.55533 2.94912 
Utility: 6.18225 5.99294 5.75532 5.94865 6.24719 5.78102 6.03645 5.92172 5.74722 5.96791 5.88745 6.60821 6.00633 6.5165 6.08834 6.56346 6.57395 6.55301 6.20391 5.97064 6.48253 6.14375 6.55193 5.78586 5.68851 6.5728 5.95107 5.95809 6.1714 5.96862 

--------------------------------------
Time: 25.0037
Split Ratios: 1 1 1 1 1 1 1 1 1 1 1 1 1 1 1 1 1 1 1 1 1 1 1 1 1 1 1 1 1 1 
Delays: 0.00616519 0.00620511 0.00735109 0.00575045 0.00620918 0.00754374 0.00736735 0.00734758 0.00732134 0.00605006 0.00598185 0.00449593 0.00734251 0.00432468 0.00442658 0.00437223 0.00440594 0.00440419 0.00586643 0.0059024 0.00437448 0.00737614 0.00449698 0.00759652 0.00720764 0.00577681 0.0074212 0.00581057 0.0074629 0.00747684 
Throughputs: 2.65421 1.96608 2.34291 2.21184 3.5881 2.67059 3.35872 2.67059 2.19546 1.91693 2.12992 3.53894 4.04685 2.81805 1.83501 3.21126 2.85082 2.85082 2.91635 2.09715 3.21126 3.63725 3.06381 2.4576 2.68698 3.71917 2.63782 2.19546 3.83386 2.60506 
Utility: 6.06498 5.75842 5.7643 5.9523 6.35935 5.86934 6.12226 5.89568 5.70335 5.75841 5.87511 6.66841 6.31201 6.47946 6.02718 6.59915 6.47241 6.47281 6.20884 5.87298 6.59863 6.20073 6.52401 5.77925 5.92103 6.4674 5.87337 5.93447 6.24168 5.8534 

--------------------------------------
Time: 25.5038
Split Ratios: 1 1 1 1 1 1 1 1 1 1 1 1 1 1 1 1 1 1 1 1 1 1 1 1 1 1 1 1 1 1 
Delays: 0.00631983 0.00626667 0.00736209 0.00573793 0.00633588 0.00760577 0.00744173 0.00741803 0.00737337 0.00629907 0.00606177 0.00455025 0.00737466 0.00433943 0.00438411 0.00435179 0.00440811 0.00448095 0.00586499 0.00592327 0.00442507 0.00746137 0.00454275 0.00790154 0.00723742 0.00580372 0.00764234 0.00579907 0.00746249 0.00743326 
Throughputs: 2.73613 2.42483 2.17907 1.72032 3.39149 2.67059 3.47341 2.91635 2.37568 2.17907 2.62144 2.8672 4.096 2.9655 2.06438 2.9655 2.93274 2.83443 2.75251 2.47398 3.42426 3.42426 3.08019 2.85082 2.70336 3.55533 3.5881 2.4576 4.096 2.89997 
Utility: 6.07061 5.95827 5.69031 5.70317 6.2828 5.86115 6.14579 5.97418 5.77516 5.84625 6.06948 6.44591 6.31972 6.52706 6.1546 6.52422 6.50024 6.44976 6.15127 6.0347 6.65135 6.1289 6.51921 5.8883 5.92299 6.4177 6.15167 6.04924 6.30788 5.96649 

--------------------------------------
Time: 26.0039
Split Ratios: 1 1 1 1 1 1 1 1 1 1 1 1 1 1 1 1 1 1 1 1 1 1 1 1 1 1 1 1 1 1 
Delays: 0.00611789 0.00609484 0.00736829 0.00578774 0.00610434 0.00756029 0.00742375 0.0074707 0.00742915 0.00607817 0.00607023 0.00454258 0.00732506 0.00434837 0.00442571 0.00436314 0.00449533 0.00437516 0.00596207 0.00595362 0.0043531 0.0075546 0.0044568 0.00758497 0.00720478 0.00582027 0.00754791 0.00579151 0.00743946 0.00764462 
Throughputs: 2.4576 2.37568 2.60506 2.09715 2.91635 2.42483 3.52256 2.75251 2.37568 1.86778 2.42483 2.8672 3.94854 3.16211 1.93331 3.22765 3.26042 2.68698 3.09658 2.34291 3.16211 3.65363 3.34234 2.85082 2.3593 3.86662 3.3751 2.3593 4.16154 3.19488 
Utility: 5.99572 5.9656 5.86802 5.89259 6.16909 5.77061 6.16226 5.90928 5.76763 5.7278 5.99012 6.4476 6.2898 6.58919 6.07956 6.60632 6.58657 6.42023 6.25263 5.97515 6.58811 6.18132 6.61999 5.92919 5.79137 6.49879 6.10291 6.00973 6.32684 6.0353 

--------------------------------------
Time: 26.5042
Split Ratios: 1 1 1 1 1 1 1 1 1 1 1 1 1 1 1 1 1 1 1 1 1 1 1 1 1 1 1 1 1 1 
Delays: 0.00609819 0.00618988 0.00733694 0.00571985 0.00604186 0.00754751 0.00743227 0.00741391 0.00739932 0.00610806 0.00604615 0.00453699 0.0073129 0.00433081 0.0044132 0.00436816 0.00443465 0.00438299 0.00582141 0.00599835 0.00437607 0.00745304 0.00444727 0.00758955 0.00720614 0.00576866 0.00751207 0.00575457 0.0074334 0.0074884 
Throughputs: 2.8672 2.58867 2.34291 2.09715 2.85082 2.67059 3.6864 3.01466 2.17907 2.21184 2.27738 3.32595 3.52256 3.12934 1.86778 2.8672 3.1785 2.65421 3.01466 2.50675 3.14573 3.42426 3.3751 2.73613 2.44122 3.57171 2.80166 1.90054 3.50618 2.89997 
Utility: 6.1531 6.03598 5.76623 5.90439 6.15665 5.86884 6.20657 6.00788 5.68527 5.89197 5.93136 6.59725 6.1773 6.58282 6.0479 6.48675 6.57471 6.40617 6.2497 6.03526 6.57765 6.13002 6.63189 5.88753 5.82532 6.42836 5.92146 5.7999 6.1563 5.9591 

--------------------------------------
Time: 27.0045
Split Ratios: 1 1 1 1 1 1 1 1 1 1 1 1 1 1 1 1 1 1 1 1 1 1 1 1 1 1 1 1 1 1 
Delays: 0.00614478 0.00614512 0.00743096 0.00573777 0.00611654 0.00756647 0.00739411 0.00740122 0.00740594 0.00599987 0.00596467 0.00449696 0.00734958 0.00436792 0.00438285 0.00438573 0.00442912 0.0044497 0.00588697 0.00590491 0.00434271 0.00740968 0.00450008 0.0075478 0.00726013 0.00584381 0.00751553 0.00578323 0.00744332 0.0074594 
Throughputs: 2.57229 2.17907 2.40845 2.16269 3.44064 2.73613 3.2768 2.71974 2.44122 2.27738 2.24461 3.16211 3.93216 2.99827 1.83501 2.88358 2.62144 2.75251 2.78528 2.42483 2.78528 3.53894 3.32595 2.68698 2.57229 3.91578 2.70336 2.048 3.81747 2.99827 
Utility: 6.03695 5.871 5.78108 5.93204 6.33242 5.89057 6.09394 5.90665 5.79797 5.93904 5.93043 6.55559 6.2823 6.5315 6.0371 6.48843 6.38328 6.42743 6.15936 6.01773 6.46361 6.1688 6.60542 5.87492 5.87015 6.50739 5.88528 5.86966 6.24003 5.99632 

--------------------------------------
Time: 27.5045
Split Ratios: 1 1 1 1 1 1 1 1 1 1 1 1 1 1 1 1 1 1 1 1 1 1 1 1 1 1 1 1 1 1 
Delays: 0.00632607 0.00623768 0.00737654 0.00574447 0.006159 0.00761623 0.00741304 0.00738888 0.00741074 0.00611229 0.00609551 0.00450138 0.00739305 0.00434597 0.00438125 0.00437135 0.00444361 0.00442754 0.00587273 0.00589163 0.00433673 0.00746213 0.00448532 0.00761379 0.00722142 0.0057774 0.00747497 0.00577445 0.00746342 0.00753397 
Throughputs: 2.75251 2.26099 2.3593 2.08077 3.2768 2.67059 3.52256 3.01466 2.16269 2.03162 2.08077 3.26042 4.14515 3.1785 1.72032 3.03104 2.8672 2.50675 3.16211 2.3593 3.32595 3.47341 2.9655 2.53952 2.40845 3.65363 2.67059 2.06438 3.57171 3.01466 
Utility: 6.07559 5.89295 5.76781 5.89226 6.27671 5.85977 6.1637 6.01127 5.67618 5.80629 5.83294 6.58523 6.32915 6.59491 5.97293 6.54159 6.46962 6.3389 6.28868 5.99259 6.64239 6.14305 6.49399 5.80977 5.80969 6.44952 5.8785 5.87914 6.17079 5.99182 

--------------------------------------
Time: 28.0046
Split Ratios: 1 1 1 1 1 1 1 1 1 1 1 1 1 1 1 1 1 1 1 1 1 1 1 1 1 1 1 1 1 1 
Delays: 0.00614224 0.00615565 0.00735112 0.00579369 0.00619027 0.00749671 0.00733859 0.00739104 0.00738642 0.00618745 0.00591377 0.00452601 0.00729576 0.00433454 0.00438811 0.00439913 0.00438761 0.00443694 0.00583483 0.00595334 0.00434115 0.00740039 0.00444952 0.00762144 0.00719945 0.00581408 0.00746664 0.00578641 0.0074185 0.00740109 
Throughputs: 2.78528 2.39206 2.1463 2.09715 3.71917 2.40845 3.21126 2.94912 2.09715 2.31014 2.1463 3.06381 3.67002 3.39149 1.80224 2.80166 3.08019 3.22765 2.9655 1.9497 2.98189 3.39149 3.11296 2.49037 2.34291 3.91578 2.88358 2.34291 3.94854 3.01466 
Utility: 6.11691 5.96254 5.67665 5.89157 6.39828 5.77227 6.08127 5.98899 5.64869 5.92254 5.89422 6.51757 6.22066 6.66241 6.01789 6.45656 6.55396 6.58954 6.23096 5.79148 6.53217 6.12749 6.55053 5.78922 5.78514 6.51249 5.95634 6.00364 6.27713 6.00961 

--------------------------------------
Time: 28.5046
Split Ratios: 1 1 1 1 1 1 1 1 1 1 1 1 1 1 1 1 1 1 1 1 1 1 1 1 1 1 1 1 1 1 
Delays: 0.0062466 0.00607111 0.00740524 0.0057528 0.00622153 0.0075046 0.00740539 0.00738123 0.0073953 0.00617312 0.00603538 0.00448126 0.00739942 0.00434281 0.00437591 0.00435051 0.00443836 0.00442145 0.00581574 0.00591116 0.00436927 0.00743947 0.00440983 0.007571 0.00724013 0.00578921 0.00756901 0.00580558 0.00745226 0.00751059 
Throughputs: 2.91635 2.53952 2.47398 2.12992 3.09658 2.32653 3.73555 2.65421 2.68698 1.98246 1.99885 3.22765 3.88301 2.98189 1.60563 3.16211 2.94912 2.93274 2.8672 2.26099 3.3751 3.60448 2.99827 2.78528 2.31014 3.45702 3.06381 2.048 3.70278 3.29318 
Utility: 6.14605 6.03619 5.8114 5.91415 6.21004 5.73662 6.22344 5.88496 5.89533 5.77189 5.80269 6.5796 6.26296 6.53179 5.90516 6.5887 6.49898 6.49722 6.20052 5.94672 6.64959 6.18313 6.52195 5.90778 5.76543 6.39217 6.00335 5.8658 6.20832 6.0833 

--------------------------------------
Time: 29.0046
Split Ratios: 1 1 1 1 1 1 1 1 1 1 1 1 1 1 1 1 1 1 1 1 1 1 1 1 1 1 1 1 1 1 
Delays: 0.00624798 0.00623629 0.00733688 0.00576373 0.00616218 0.00750864 0.00737921 0.00735925 0.00741219 0.00619126 0.00600595 0.00452049 0.00728338 0.00435831 0.00440663 0.00433398 0.00441406 0.0044007 0.00587139 0.00590821 0.00437827 0.00747567 0.00446607 0.00762929 0.00722268 0.00578958 0.00752867 0.00577909 0.00738545 0.00753804 
Throughputs: 3.34234 1.98246 2.048 2.12992 3.45702 2.65421 3.3751 2.83443 2.42483 2.44122 2.3593 2.88358 3.5881 2.89997 2.12992 2.85082 2.81805 2.83443 2.8672 2.63782 3.40787 3.12934 3.12934 2.67059 2.50675 3.9977 3.16211 2.27738 3.83386 2.7689 
Utility: 6.28217 5.76171 5.63171 5.91225 6.32973 5.86785 6.12552 5.95364 5.79039 5.97711 5.97337 6.45817 6.19978 6.50037 6.18073 6.48887 6.459 6.46783 6.191 6.10137 6.65719 6.03692 6.55207 5.85806 5.84952 6.53741 6.04028 5.97653 6.25212 5.90624 

--------------------------------------
Time: 29.5047
Split Ratios: 1 1 1 1 1 1 1 1 1 1 1 1 1 1 1 1 1 1 1 1 1 1 1 1 1 1 1 1 1 1 
Delays: 0.00623882 0.00624309 0.00737803 0.00574018 0.00622271 0.00759553 0.00737998 0.00736137 0.00739953 0.00626916 0.00604577 0.00449655 0.00729785 0.00434152 0.00438514 0.00433467 0.00442661 0.00441876 0.00589979 0.00592107 0.00435701 0.00742355 0.00448147 0.00769943 0.00723012 0.00580846 0.00752524 0.00579328 0.00741521 0.00744164 
Throughputs: 3.1785 2.27738 2.4576 2.19546 3.22765 2.4576 3.09658 2.81805 2.21184 1.9497 1.75309 3.11296 3.55533 3.53894 1.93331 3.1785 2.80166 2.93274 3.19488 2.21184 3.21126 3.67002 3.01466 2.89997 2.42483 3.96493 2.93274 2.3593 4.096 3.29318 
Utility: 6.23337 5.8993 5.80843 5.94665 6.2513 5.77938 6.03928 5.94755 5.70016 5.73979 5.66977 6.54002 6.18862 6.70336 6.08877 6.59752 6.45034 6.49783 6.29439 5.92306 6.60263 6.20329 6.51129 5.93131 5.81526 6.52593 5.96543 6.00942 6.31423 6.09252 

--------------------------------------
Time: 30.0047
Split Ratios: 1 1 1 1 1 1 1 1 1 1 1 1 1 1 1 1 1 1 1 1 1 1 1 1 1 1 1 1 1 1 
Delays: 0.00611525 0.00620557 0.00734312 0.00574495 0.00616422 0.00757131 0.00739341 0.007347 0.00734644 0.00621163 0.00594771 0.00452066 0.00729059 0.00435917 0.00435612 0.00437012 0.00438401 0.00442198 0.00583979 0.00591908 0.00437188 0.00736214 0.00445111 0.00756014 0.00720586 0.00577513 0.00749888 0.00580615 0.00743678 0.00743135 
Throughputs: 2.70336 2.4576 2.08077 2.11354 3.11296 2.16269 3.55533 2.83443 2.22822 2.11354 1.96608 3.14573 3.55533 2.8672 1.60563 3.08019 2.63782 3.3751 2.94912 2.27738 3.1785 2.94912 2.9655 2.78528 2.39206 3.86662 2.9655 2.24461 3.67002 2.83443 
Utility: 6.09147 5.98149 5.64673 5.9078 6.22457 5.65474 6.17561 5.9553 5.71474 5.82969 5.80079 6.54514 6.18962 6.48881 5.90969 6.55796 6.39975 6.63759 6.22457 5.9526 6.58897 5.99291 6.50165 5.90921 5.80502 6.50658 5.98005 5.95737 6.20151 5.94389 

--------------------------------------
Time: 30.5048
Split Ratios: 1 1 1 1 1 1 1 1 1 1 1 1 1 1 1 1 1 1 1 1 1 1 1 1 1 1 1 1 1 1 
Delays: 0.0060799 0.00615645 0.0074303 0.00575077 0.00605799 0.00751802 0.00745913 0.00742879 0.0073909 0.00605608 0.0061247 0.00449791 0.00734175 0.00435334 0.0043746 0.0043689 0.00442157 0.00443617 0.00584142 0.00589286 0.00439045 0.00755655 0.00450039 0.00757047 0.00719467 0.00579605 0.0075604 0.00577371 0.00746744 0.00753199 
Throughputs: 2.65421 2.34291 2.26099 2.31014 3.62086 2.27738 3.62086 2.88358 2.31014 2.048 2.32653 3.04742 3.83386 3.30957 2.09715 3.03104 2.68698 2.65421 2.88358 2.49037 3.35872 3.53894 3.19488 2.52314 2.53952 3.71917 2.99827 2.03162 4.11238 2.93274 
Utility: 6.07891 5.94165 5.71799 5.99573 6.39309 5.71348 6.18503 5.96143 5.74482 5.82356 5.9398 6.51844 6.25805 6.63363 6.17252 6.54215 6.40968 6.39411 6.20181 6.04644 6.63988 6.14917 6.56514 5.809 5.86639 6.46408 5.98287 5.86327 6.31121 5.96453 

--------------------------------------
Time: 31.0049
Split Ratios: 1 1 1 1 1 1 1 1 1 1 1 1 1 1 1 1 1 1 1 1 1 1 1 1 1 1 1 1 1 1 
Delays: 0.00623058 0.00626489 0.0074037 0.00577856 0.00621978 0.00770737 0.00745111 0.00740922 0.00742181 0.00620561 0.00597556 0.00454159 0.00732386 0.00436771 0.00441514 0.00438174 0.00445479 0.00441879 0.00582695 0.00594101 0.00438635 0.00742091 0.00461259 0.00770069 0.00717565 0.00578203 0.00746014 0.00577101 0.00765285 0.00749467 
Throughputs: 2.88358 2.27738 2.29376 1.98246 3.47341 2.71974 3.60448 3.16211 2.58867 1.90054 2.39206 3.45702 3.96493 3.22765 2.09715 2.99827 2.9655 2.83443 2.58867 2.16269 3.35872 3.75194 3.26042 2.80166 2.42483 3.94854 2.93274 2.31014 4.14515 2.80166 
Utility: 6.13732 5.89582 5.73597 5.83794 6.32516 5.86612 6.18157 6.05627 5.85448 5.72444 5.99223 6.63489 6.29411 6.60527 6.1633 6.52835 6.50082 6.46373 6.09641 5.89723 6.64082 6.22573 6.56082 5.89666 5.82282 6.52635 5.97412 5.99222 6.29462 5.92378 

--------------------------------------
Time: 31.5049
Split Ratios: 1 1 1 1 1 1 1 1 1 1 1 1 1 1 1 1 1 1 1 1 1 1 1 1 1 1 1 1 1 1 
Delays: 0.00626972 0.00619766 0.00744091 0.00575968 0.00617237 0.00752383 0.00741497 0.00742446 0.00746106 0.00610284 0.00601897 0.00451614 0.00739394 0.0043679 0.00441601 0.00436635 0.00444743 0.00441718 0.00583837 0.00593763 0.00436755 0.0074479 0.004457 0.00767912 0.00724023 0.00577894 0.00753927 0.00578502 0.00754587 0.00753295 
Throughputs: 2.7689 2.19546 2.37568 2.048 3.29318 2.29376 3.06381 2.7689 2.32653 2.11354 2.47398 3.32595 4.12877 3.04742 2.34291 3.30957 3.08019 2.83443 2.88358 2.67059 3.06381 3.76832 3.53894 2.67059 2.49037 4.04685 2.78528 2.39206 3.45702 2.83443 
Utility: 6.09047 5.86997 5.76605 5.87374 6.27953 5.71987 6.02391 5.92142 5.74243 5.84736 6.01867 6.60185 6.32507 6.54777 6.27391 6.63065 6.54042 6.4641 6.20234 6.10874 6.55321 6.22645 6.67711 5.85155 5.84053 6.55147 5.91198 6.02464 6.12716 5.93031 

--------------------------------------
Time: 32.005
Split Ratios: 1 1 1 1 1 1 1 1 1 1 1 1 1 1 1 1 1 1 1 1 1 1 1 1 1 1 1 1 1 1 
Delays: 0.00607393 0.00619914 0.00739495 0.00574677 0.00614031 0.00754922 0.00736388 0.00738176 0.00737708 0.00613384 0.00595032 0.00445662 0.00730552 0.00439248 0.00441178 0.00433675 0.00439539 0.00437784 0.00582412 0.00589512 0.00433871 0.00742687 0.0044784 0.0075208 0.00722712 0.00576736 0.00748926 0.00577 0.00742677 0.00746328 
Throughputs: 3.06381 2.52314 2.3593 1.90054 3.32595 2.06438 2.83443 2.99827 2.29376 2.03162 1.86778 3.22765 3.32595 3.34234 1.81862 3.32595 3.3751 2.9655 2.94912 2.39206 3.32595 3.5881 3.16211 2.39206 2.42483 3.53894 3.09658 2.26099 3.94854 3.34234 
Utility: 6.22341 6.00885 5.76532 5.80126 6.29464 5.61114 5.95301 6.00678 5.73957 5.80277 5.74906 6.58512 6.12088 6.63453 6.02156 6.64239 6.64363 6.51825 6.22725 6.00579 6.64193 6.18027 6.55973 5.76224 5.81568 6.41937 6.02458 5.97089 6.27601 6.10443 

--------------------------------------
Time: 32.5051
Split Ratios: 1 1 1 1 1 1 1 1 1 1 1 1 1 1 1 1 1 1 1 1 1 1 1 1 1 1 1 1 1 1 
Delays: 0.00610205 0.00616479 0.00737421 0.00574643 0.00609651 0.00757687 0.00739369 0.00740119 0.00732683 0.00613938 0.00597535 0.00451387 0.00733414 0.00435508 0.00439716 0.00434942 0.00445534 0.00442806 0.00586448 0.00594222 0.00437041 0.00746791 0.00446047 0.00753461 0.00719067 0.00578103 0.0075644 0.00580448 0.00743551 0.00748424 
Throughputs: 3.12934 2.27738 2.16269 1.9497 3.2768 2.80166 3.26042 2.99827 2.32653 2.19546 2.40845 2.93274 3.63725 3.01466 1.85139 3.16211 3.14573 2.94912 2.7689 2.5559 3.50618 3.89939 3.40787 2.44122 2.63782 4.25984 2.78528 2.1463 3.7847 3.21126 
Utility: 6.23995 5.91193 5.68112 5.82685 6.28691 5.91287 6.08898 6.00415 5.76059 5.87942 5.9991 6.47654 6.20644 6.5399 6.04273 6.58895 6.5597 6.5013 6.15729 6.06408 6.68742 6.25796 6.63859 5.78075 5.90493 6.60241 5.90865 5.91287 6.23246 6.06162 

--------------------------------------
Time: 33.0051
Split Ratios: 1 1 1 1 1 1 1 1 1 1 1 1 1 1 1 1 1 1 1 1 1 1 1 1 1 1 1 1 1 1 
Delays: 0.00625985 0.00634828 0.00730943 0.00571961 0.00627199 0.00753061 0.00736305 0.00745351 0.00759166 0.00632741 0.00590023 0.00450767 0.00731114 0.00436731 0.00440929 0.00434161 0.00442438 0.00444538 0.0059077 0.00594746 0.00437222 0.00737263 0.00442618 0.0077842 0.00717271 0.00576948 0.00745593 0.00578351 0.00735929 0.00743676 
Throughputs: 3.03104 2.40845 2.01523 1.9497 3.2768 2.57229 3.29318 2.91635 2.3593 2.58867 1.76947 2.81805 4.06323 3.21126 2.27738 3.08019 2.50675 2.89997 3.24403 2.40845 3.22765 3.44064 2.94912 2.65421 2.29376 3.47341 3.39149 2.11354 3.63725 2.85082 
Utility: 6.1825 5.93855 5.61932 5.83153 6.25853 5.83358 6.10314 5.9694 5.73907 6.01401 5.70345 6.43802 6.32033 6.60027 6.24707 6.5645 6.33961 6.48059 6.30832 6.00377 6.60424 6.14564 6.50173 5.83181 5.76766 6.40031 6.12001 5.90111 6.20302 5.94893 

--------------------------------------
Time: 33.5051
Split Ratios: 1 1 1 1 1 1 1 1 1 1 1 1 1 1 1 1 1 1 1 1 1 1 1 1 1 1 1 1 1 1 
Delays: 0.0061411 0.00624558 0.00740916 0.00572853 0.00610708 0.00754276 0.00736699 0.00736989 0.00735171 0.0060863 0.00590432 0.0045035 0.0073901 0.00433865 0.00439829 0.00435586 0.00445475 0.00439747 0.00585177 0.00588699 0.00437472 0.0073455 0.00446565 0.00758862 0.00718699 0.00578193 0.00743299 0.00579299 0.00754792 0.00744963 
Throughputs: 3.06381 2.32653 2.16269 2.01523 3.3751 2.16269 3.50618 2.73613 2.3593 2.37568 1.86778 3.06381 4.03046 3.19488 1.98246 2.99827 2.4576 3.29318 3.11296 2.4576 3.50618 3.60448 3.30957 2.83443 2.09715 3.60448 2.68698 2.19546 4.17792 2.9655 
Utility: 6.21241 5.92026 5.67639 5.86303 6.31473 5.65852 6.16527 5.9169 5.77119 5.967 5.75682 6.52256 6.3015 6.60174 6.11088 6.53427 6.31297 6.61858 6.27659 6.0342 6.68644 6.19584 6.60816 5.92295 5.67606 6.43519 5.89024 5.9375 6.3163 5.98664 

--------------------------------------
Time: 34.0053
Split Ratios: 1 1 1 1 1 1 1 1 1 1 1 1 1 1 1 1 1 1 1 1 1 1 1 1 1 1 1 1 1 1 
Delays: 0.00626032 0.00619811 0.00730588 0.00577873 0.00615428 0.0074919 0.00734511 0.00749805 0.00743838 0.00611868 0.00595122 0.0045953 0.00726839 0.00437156 0.00439625 0.00436498 0.00439452 0.00442024 0.00587171 0.00595675 0.00435113 0.00739853 0.00441396 0.00766658 0.00717217 0.00579199 0.0075104 0.00582174 0.00744364 0.00750505 
Throughputs: 3.09658 2.40845 2.08077 2.21184 3.45702 2.65421 3.2768 3.14573 2.3593 2.01523 1.76947 3.57171 4.12877 3.29318 1.96608 2.93274 2.9655 3.19488 2.91635 2.31014 3.22765 3.40787 3.48979 3.01466 2.60506 3.63725 2.85082 2.09715 3.57171 3.44064 
Utility: 6.20382 5.96249 5.65181 5.9474 6.33102 5.87008 6.10059 6.03916 5.75947 5.79714 5.69484 6.65577 6.3422 6.62449 6.10305 6.51008 6.51444 6.58311 6.20794 5.96054 6.60907 6.13256 6.67282 5.97437 5.895 6.44251 5.93907 5.88674 6.17344 6.12784 

--------------------------------------
Time: 34.5053
Split Ratios: 1 1 1 1 1 1 1 1 1 1 1 1 1 1 1 1 1 1 1 1 1 1 1 1 1 1 1 1 1 1 
Delays: 0.00629783 0.00629749 0.00737899 0.00576065 0.00624098 0.00760127 0.0073549 0.00734268 0.00737309 0.00615447 0.00603187 0.00449292 0.00732715 0.00434553 0.0044082 0.00437487 0.00441127 0.00443644 0.00585032 0.00589782 0.00438018 0.00738815 0.00444696 0.00770207 0.00718796 0.00579002 0.00753248 0.00576839 0.00748273 0.00744148 
Throughputs: 2.73613 2.42483 2.67059 2.53952 3.16211 2.4576 3.22765 2.8672 2.16269 2.11354 1.88416 2.85082 3.53894 3.09658 1.85139 3.04742 2.99827 3.26042 2.83443 1.93331 3.09658 3.55533 3.09658 2.88358 2.44122 3.39149 2.93274 2.08077 3.55533 2.71974 
Utility: 6.07409 5.95337 5.89142 6.08868 6.22786 5.77862 6.08414 5.96739 5.68127 5.83894 5.74418 6.45286 6.18 6.56891 6.04023 6.54618 6.52163 6.59976 6.1831 5.79241 6.56096 6.17633 6.54583 5.9253 5.82784 6.37289 5.96447 5.8881 6.16361 5.90122 

--------------------------------------
Time: 35.0053
Split Ratios: 1 1 1 1 1 1 1 1 1 1 1 1 1 1 1 1 1 1 1 1 1 1 1 1 1 1 1 1 1 1 
Delays: 0.00612969 0.00607046 0.00734417 0.00573104 0.00611781 0.00753664 0.0073676 0.00742991 0.0074113 0.00611307 0.0060362 0.00447834 0.00730353 0.00437863 0.0043864 0.00435562 0.00438168 0.00441012 0.00582468 0.00601189 0.00437785 0.00745997 0.0044388 0.00768066 0.00720246 0.00580684 0.00749083 0.00578771 0.00741291 0.00754984 
Throughputs: 3.04742 2.29376 2.1463 2.27738 3.48979 2.26099 3.11296 2.81805 2.63782 2.06438 2.048 2.91635 3.57171 3.19488 2.19546 3.2768 2.78528 2.94912 2.7689 2.3593 2.89997 3.5881 2.98189 2.85082 2.3593 3.63725 3.1785 2.19546 3.86662 2.94912 
Utility: 6.20891 5.93451 5.6776 5.98488 6.34639 5.70378 6.04624 5.93829 5.8747 5.82216 5.82684 6.47884 6.19244 6.59257 6.21564 6.62316 6.45467 6.50536 6.1641 5.97238 6.4959 6.17583 6.50993 5.91666 5.7917 6.43995 6.05048 5.93841 6.25691 5.96774 

--------------------------------------
Time: 35.5053
Split Ratios: 1 1 1 1 1 1 1 1 1 1 1 1 1 1 1 1 1 1 1 1 1 1 1 1 1 1 1 1 1 1 
Delays: 0.00625904 0.00618044 0.00734308 0.00575029 0.00626511 0.00749129 0.00732866 0.00735156 0.00733974 0.00615603 0.00604839 0.00440894 0.00733125 0.00436788 0.00441874 0.00435018 0.00440779 0.00438133 0.00591583 0.00584984 0.00436109 0.00742102 0.00441926 0.00766958 0.00719224 0.00576452 0.00751724 0.00582171 0.0074096 0.00758425 
Throughputs: 2.62144 2.12992 2.52314 2.16269 3.50618 2.53952 3.29318 2.58867 2.24461 2.26099 2.39206 3.16211 3.52256 3.1785 1.99885 2.93274 2.80166 2.50675 3.40787 1.86778 3.40787 3.52256 3.2768 3.09658 2.47398 3.75194 3.01466 2.24461 3.93216 3.42426 
Utility: 6.03745 5.84245 5.8395 5.92986 6.32729 5.82599 6.10782 5.86399 5.72298 5.90613 5.98012 6.57536 6.1748 6.58989 6.11447 6.51347 6.4546 6.34939 6.35621 5.76609 6.66112 6.16263 6.60865 6.00079 5.84058 6.4783 5.99404 5.95469 6.27417 6.11257 

--------------------------------------
Time: 36.0054
Split Ratios: 1 1 1 1 1 1 1 1 1 1 1 1 1 1 1 1 1 1 1 1 1 1 1 1 1 1 1 1 1 1 
Delays: 0.00605928 0.00613665 0.00736659 0.00578437 0.00609304 0.0074932 0.0073744 0.00735644 0.00737477 0.00602565 0.00599331 0.00446085 0.00728613 0.0043385 0.0043611 0.00435299 0.00441805 0.00441421 0.00589088 0.00581274 0.00438227 0.00739096 0.00442269 0.00757923 0.00721631 0.00574679 0.0074423 0.00582675 0.00742798 0.00747534 
Throughputs: 2.93274 2.57229 2.34291 2.21184 2.83443 2.40845 3.2768 2.94912 2.17907 2.09715 2.19546 2.78528 3.76832 2.9655 1.83501 3.24403 2.78528 2.80166 3.29318 2.31014 3.01466 3.55533 3.47341 2.42483 2.68698 3.50618 3.03104 2.40845 3.91578 2.8672 
Utility: 6.1821 6.03827 5.7622 5.94642 6.14245 5.77274 6.09661 5.99369 5.68859 5.85231 5.9035 6.43676 6.24841 6.52727 6.04208 6.61371 6.44641 6.45314 6.3262 5.98501 6.53367 6.17595 6.66614 5.76811 5.91983 6.41364 6.00948 6.02428 6.26752 5.94948 

