--------------------------------------
Time: 5.50016
Split Ratios: 1 1 1 1 1 1 1 1 1 1 1 1 1 1 1 1 1 1 1 1 
Delays: 0.00579895 0.00577535 0.00432931 0.00430975 0.00576716 0.00575167 0.00431328 0.00723846 0.00577982 0.00593789 0.00760149 0.0043435 0.00715814 0.0071299 0.00612499 0.00763001 0.00717775 0.00625562 0.0043645 0.00713674 
Throughputs: 3.53894 2.7689 2.65421 3.19488 3.67002 2.03162 2.80166 2.81805 2.44122 2.62144 3.30957 2.09715 2.37568 1.96608 4.07962 2.12992 2.09715 3.88301 3.5881 2.88358 
Utility: 6.41391 6.1726 6.41849 6.60842 6.45577 5.8671 6.47627 5.96439 6.04588 6.09013 6.07623 6.17966 5.80479 5.6195 6.50138 5.63175 5.67735 6.43089 6.71187 6.00153 

--------------------------------------
Time: 6.00051
Split Ratios: 1 1 1 1 1 1 1 1 1 1 1 1 1 1 1 1 1 1 1 1 
Delays: 0.00582316 0.00577911 0.00434682 0.00429943 0.00576453 0.00581427 0.00430168 0.00726242 0.00578511 0.0058973 0.00758563 0.00431384 0.00717091 0.00712814 0.00617438 0.0077229 0.00720197 0.00628589 0.00438888 0.00713412 
Throughputs: 4.06323 2.49037 2.63782 2.88358 3.86662 2.22822 2.80166 3.3751 2.60506 2.58867 3.42426 2.1463 2.52314 1.44179 3.98131 2.49037 2.34291 3.67002 3.75194 2.71974 
Utility: 6.54789 6.06594 6.40827 6.50831 6.50841 5.94864 6.47896 6.14147 6.10992 6.08441 6.11238 6.20967 5.86323 5.30959 6.46896 5.776 5.7848 6.36964 6.75095 5.9434 

--------------------------------------
Time: 6.50062
Split Ratios: 1 1 1 1 1 1 1 1 1 1 1 1 1 1 1 1 1 1 1 1 
Delays: 0.00577578 0.0058489 0.00433857 0.0043042 0.00581765 0.00576286 0.00428903 0.00730821 0.0057497 0.00589196 0.00748412 0.00431887 0.00717111 0.00712784 0.00608887 0.00757409 0.0072086 0.00611165 0.00435324 0.00712804 
Throughputs: 3.48979 2.49037 2.39206 3.16211 3.85024 2.16269 2.58867 3.35872 2.4576 2.50675 3.08019 2.06438 2.39206 1.86778 4.04685 2.42483 2.17907 3.86662 3.6864 2.40845 
Utility: 6.40392 6.05393 6.31237 6.5994 6.495 5.92767 6.40284 6.13032 6.05779 6.05315 6.01996 6.16959 5.80985 5.56849 6.49923 5.76878 5.71138 6.44994 6.74149 5.8227 

--------------------------------------
Time: 7.00089
Split Ratios: 1 1 1 1 1 1 1 1 1 1 1 1 1 1 1 1 1 1 1 1 
Delays: 0.00579371 0.00579382 0.00433053 0.00431064 0.00577445 0.00578503 0.00430184 0.00728807 0.00574058 0.00584842 0.00764416 0.00431825 0.00718602 0.0071218 0.00614701 0.00775043 0.00720094 0.00629352 0.00434976 0.00712864 
Throughputs: 3.86662 2.83443 2.3593 3.06381 3.57171 2.39206 2.58867 3.06381 2.62144 2.50675 3.65363 1.85139 2.47398 2.21184 3.93216 2.60506 2.34291 3.76832 3.40787 2.50675 
Utility: 6.50336 6.1928 6.30043 6.56633 6.42736 6.02464 6.39986 6.04117 6.12392 6.06057 6.16954 6.06084 5.84145 5.73842 6.46098 5.81746 5.78494 6.39486 6.66372 5.86262 

--------------------------------------
Time: 7.50094
Split Ratios: 1 1 1 1 1 1 1 1 1 1 1 1 1 1 1 1 1 1 1 1 
Delays: 0.0058269 0.00581076 0.00432955 0.00429951 0.00579549 0.00579572 0.00428447 0.00734782 0.00575827 0.0059312 0.00736306 0.00432469 0.007191 0.00713382 0.00598695 0.0075149 0.00720135 0.00608741 0.00439397 0.0071378 
Throughputs: 3.50618 2.88358 2.52314 3.11296 3.9977 2.39206 2.68698 3.32595 2.52314 2.83443 3.1785 2.03162 2.19546 1.99885 3.45702 1.96608 2.01523 3.6864 4.14515 2.85082 
Utility: 6.3998 6.20708 6.36779 6.58483 6.53639 6.02279 6.44118 6.11511 6.08262 6.16937 6.06769 6.15225 5.72132 5.63548 6.35858 5.56691 5.63422 6.40618 6.84946 5.98996 

--------------------------------------
Time: 8.00112
Split Ratios: 1 1 1 1 1 1 1 1 1 1 1 1 1 1 1 1 1 1 1 1 
Delays: 0.0058339 0.00576963 0.00433246 0.00428598 0.00583465 0.00580078 0.00430258 0.0072722 0.00576868 0.00594654 0.00765082 0.00431356 0.00718246 0.00712246 0.0062507 0.00761898 0.00722133 0.00626052 0.00440883 0.00714167 
Throughputs: 3.75194 2.53952 3.16211 2.81805 3.85024 2.03162 3.11296 3.29318 2.21184 2.81805 3.06381 2.26099 2.17907 1.60563 4.22707 2.42483 2.32653 3.62086 4.30899 2.4576 
Utility: 6.46634 6.08712 6.59286 6.48845 6.49208 5.85859 6.58412 6.11555 5.94914 6.16099 5.9926 6.2618 5.71501 5.41802 6.51657 5.76288 5.77509 6.3602 6.88485 5.84099 

--------------------------------------
Time: 8.50124
Split Ratios: 1 1 1 1 1 1 1 1 1 1 1 1 1 1 1 1 1 1 1 1 
Delays: 0.00579254 0.00578345 0.00432569 0.00429779 0.00581062 0.00576353 0.00429817 0.00729615 0.00575408 0.00594978 0.0075435 0.00431912 0.00718373 0.00714217 0.0060906 0.00771373 0.00723178 0.00624528 0.00437192 0.00713052 
Throughputs: 3.86662 2.40845 2.63782 2.63782 3.86662 2.34291 2.83443 3.24403 2.67059 2.80166 3.32595 2.06438 2.49037 1.62202 3.9977 2.60506 2.3593 4.06323 3.73555 2.60506 
Utility: 6.50357 6.03174 6.41314 6.41961 6.50045 6.0076 6.49141 6.09723 6.14015 6.15462 6.08883 6.16954 5.84837 5.42541 6.48673 5.82221 5.78763 6.47791 6.75045 5.90083 

--------------------------------------
Time: 9.00131
Split Ratios: 1 1 1 1 1 1 1 1 1 1 1 1 1 1 1 1 1 1 1 1 
Delays: 0.00579118 0.00582476 0.00435038 0.00428679 0.00578891 0.00580658 0.00430552 0.00730328 0.00576607 0.00595533 0.00766446 0.00432279 0.00715605 0.00713298 0.00619393 0.00784719 0.00724144 0.00638075 0.00434653 0.00714344 
Throughputs: 3.91578 2.65421 2.65421 2.49037 3.5881 2.42483 2.80166 3.32595 2.65421 2.78528 3.50618 2.24461 2.5559 1.86778 4.30899 2.58867 2.048 3.71917 3.89939 2.22822 
Utility: 6.51643 6.12178 6.41364 6.36465 6.42943 6.03453 6.47807 6.12119 6.13191 6.14782 6.12569 6.25239 5.8782 5.56777 6.54489 5.79874 5.6448 6.36797 6.7992 5.74277 

--------------------------------------
Time: 9.50137
Split Ratios: 1 1 1 1 1 1 1 1 1 1 1 1 1 1 1 1 1 1 1 1 
Delays: 0.00575572 0.00577722 0.00434916 0.00431042 0.00581915 0.0058121 0.00429957 0.00730856 0.00577288 0.00588908 0.00753593 0.00433347 0.00716355 0.00714108 0.00616863 0.00759554 0.00720725 0.0062442 0.00433807 0.00714878 
Throughputs: 3.40787 2.80166 2.5559 2.7689 3.9977 2.09715 2.53952 2.8672 2.98189 2.37568 3.34234 2.26099 2.11354 1.96608 4.14515 2.50675 2.4576 3.6864 3.35872 3.01466 
Utility: 6.38365 6.18405 6.37618 6.46517 6.53232 5.88839 6.38121 5.97204 6.24714 5.99994 6.09474 6.25719 5.68711 5.61793 6.51022 5.79918 5.83185 6.38075 6.65188 6.0443 

--------------------------------------
Time: 10.0015
Split Ratios: 1 1 1 1 1 1 1 1 1 1 1 1 1 1 1 1 1 1 1 1 
Delays: 0.00584723 0.00579334 0.00432769 0.00429006 0.00581324 0.00577073 0.00432051 0.00729403 0.00573584 0.00595745 0.00746481 0.00431508 0.00717632 0.0071547 0.00601165 0.00757992 0.00719541 0.00617689 0.00434994 0.00712382 
Throughputs: 3.60448 2.80166 2.50675 2.75251 3.70278 2.1463 2.63782 3.26042 2.68698 2.58867 3.34234 2.11354 2.27738 1.83501 3.44064 2.39206 2.47398 3.63725 3.6864 2.24461 
Utility: 6.42396 6.18126 6.36171 6.46397 6.4567 5.9187 6.41434 6.10255 6.14944 6.07426 6.10423 6.194 5.75999 5.54703 6.34971 5.75441 5.84014 6.37817 6.74224 5.75284 

--------------------------------------
Time: 10.5018
Split Ratios: 1 1 1 1 1 1 1 1 1 1 1 1 1 1 1 1 1 1 1 1 
Delays: 0.00580437 0.00579065 0.00433101 0.00429628 0.00579308 0.00578121 0.00430623 0.00728904 0.00573598 0.00589178 0.00755469 0.00431602 0.00716699 0.00713824 0.00620591 0.00767894 0.0072009 0.00622397 0.00437723 0.00714359 
Throughputs: 3.2768 2.68698 2.50675 3.03104 4.32538 2.47398 2.83443 3.22765 2.3593 2.44122 3.39149 2.08077 2.22822 2.27738 3.55533 2.40845 2.34291 3.91578 4.04685 2.67059 
Utility: 6.33601 6.13993 6.36094 6.55891 6.61559 6.05897 6.48953 6.09314 6.01936 6.02669 6.10686 6.17816 5.73947 5.76531 6.3507 5.74826 5.78494 6.44436 6.82928 5.92384 

--------------------------------------
Time: 11.0019
Split Ratios: 1 1 1 1 1 1 1 1 1 1 1 1 1 1 1 1 1 1 1 1 
Delays: 0.00583102 0.00580134 0.0043254 0.00431151 0.00582733 0.00580772 0.00430298 0.00728633 0.00576965 0.00586742 0.00749165 0.00433541 0.00715459 0.00712679 0.00610868 0.00758828 0.00721099 0.00616547 0.00434219 0.00713591 
Throughputs: 4.04685 2.70336 2.60506 3.35872 4.11238 2.40845 3.09658 3.50618 2.81805 2.40845 3.40787 2.08077 2.16269 1.68755 4.01408 2.11354 2.39206 3.70278 3.55533 2.94912 
Utility: 6.5425 6.14416 6.4007 6.65803 6.5592 6.02755 6.57874 6.17628 6.19119 6.01732 6.12005 6.17368 5.71135 5.46717 6.48785 5.62951 5.80431 6.39788 6.70782 6.02412 

--------------------------------------
Time: 11.5021
Split Ratios: 1 1 1 1 1 1 1 1 1 1 1 1 1 1 1 1 1 1 1 1 
Delays: 0.00581459 0.00577364 0.00432521 0.00429829 0.00578513 0.00577815 0.00428274 0.00730368 0.00575757 0.00589197 0.0075248 0.00432078 0.0071524 0.00713041 0.00615675 0.00757769 0.0071832 0.00629238 0.00436106 0.00715644 
Throughputs: 3.6864 2.50675 2.53952 2.71974 3.88301 2.06438 2.85082 3.16211 2.68698 2.42483 3.62086 2.16269 1.81862 1.76947 4.14515 2.34291 2.21184 3.52256 3.83386 2.93274 
Utility: 6.45204 6.07344 6.37527 6.45008 6.50908 5.8785 6.50077 6.07062 6.14566 6.01993 6.17626 6.21567 5.53839 5.51407 6.51215 5.73394 5.72984 6.3276 6.77891 6.01568 

--------------------------------------
Time: 12.0025
Split Ratios: 1 1 1 1 1 1 1 1 1 1 1 1 1 1 1 1 1 1 1 1 
Delays: 0.0058207 0.00585161 0.00433428 0.00430723 0.00577109 0.00579182 0.00429465 0.0072311 0.00574948 0.00593729 0.00740279 0.00431167 0.00717622 0.00712278 0.00608649 0.00750298 0.00720345 0.00613503 0.00439408 0.00714364 
Throughputs: 4.07962 3.06381 2.40845 3.06381 3.32595 2.44122 2.7689 3.06381 2.31014 2.57229 3.22765 2.12992 2.4576 1.83501 3.80109 2.31014 2.24461 3.40787 3.89939 2.70336 
Utility: 6.55234 6.2607 6.32018 6.56712 6.35665 6.04381 6.46883 6.04902 5.99596 6.0713 6.07765 6.20251 5.83617 5.55151 6.43697 5.72976 5.74173 6.31983 6.78832 5.93603 

--------------------------------------
Time: 12.503
Split Ratios: 1 1 1 1 1 1 1 1 1 1 1 1 1 1 1 1 1 1 1 1 
Delays: 0.00580055 0.00579959 0.0043196 0.00431526 0.00579299 0.00578878 0.0042948 0.00728507 0.00582805 0.00594631 0.00753496 0.00431525 0.00717244 0.00713636 0.00616287 0.0076276 0.00719163 0.00624589 0.00439293 0.00713625 
Throughputs: 4.16154 2.5559 3.03104 3.65363 4.1943 2.22822 2.67059 3.11296 2.50675 2.68698 3.50618 2.17907 2.34291 1.91693 4.1943 2.31014 2.70336 3.39149 3.71917 2.53952 
Utility: 6.57569 6.08837 6.5535 6.74132 6.58483 5.95304 6.43265 6.0575 6.06406 6.1134 6.14273 6.2245 5.7889 5.59328 6.52294 5.71329 5.92933 6.2971 6.74126 5.87454 

--------------------------------------
Time: 13.0032
Split Ratios: 1 1 1 1 1 1 1 1 1 1 1 1 1 1 1 1 1 1 1 1 
Delays: 0.00580041 0.00578786 0.00432541 0.00431634 0.00579488 0.005809 0.00428992 0.0072966 0.00574472 0.0059015 0.00751904 0.00431489 0.0071737 0.0071281 0.00607784 0.00761449 0.00720355 0.00625605 0.00433887 0.00713512 
Throughputs: 3.6864 2.37568 2.42483 3.35872 3.71917 2.49037 2.50675 3.3751 2.50675 2.65421 3.5881 2.16269 2.24461 1.75309 3.91578 2.78528 2.21184 3.24403 3.39149 2.47398 
Utility: 6.45448 6.01728 6.32901 6.65691 6.46428 6.06078 6.37048 6.13677 6.07846 6.10869 6.16794 6.21704 5.74586 5.50509 6.46812 5.90205 5.72701 6.25102 6.66141 5.84856 

--------------------------------------
Time: 13.5035
Split Ratios: 1 1 1 1 1 1 1 1 1 1 1 1 1 1 1 1 1 1 1 1 
Delays: 0.00579726 0.00575259 0.00435496 0.00430349 0.00578028 0.00577741 0.00430213 0.00721214 0.00578207 0.00592384 0.00749972 0.00434671 0.00718625 0.00712039 0.00606331 0.0076868 0.00723078 0.00621524 0.00437003 0.00713033 
Throughputs: 4.04685 2.39206 2.42483 3.24403 3.67002 2.3593 2.53952 2.91635 2.83443 2.65421 3.34234 2.47398 2.27738 1.91693 3.67002 2.47398 2.048 3.86662 3.88301 2.47398 
Utility: 6.54831 6.03026 6.3222 6.62515 6.4535 6.01216 6.38062 6.00232 6.19483 6.10492 6.09956 6.34417 5.75861 5.59552 6.4057 5.77408 5.64627 6.43313 6.78959 5.84923 

--------------------------------------
Time: 14.0035
Split Ratios: 1 1 1 1 1 1 1 1 1 1 1 1 1 1 1 1 1 1 1 1 
Delays: 0.00582082 0.00581684 0.00430927 0.00429513 0.00580795 0.00580282 0.00429877 0.00730033 0.00579441 0.00592832 0.00765152 0.00429923 0.00716685 0.00711972 0.00629649 0.00779837 0.00723002 0.00627489 0.00436096 0.0071552 
Throughputs: 4.12877 2.67059 2.4576 2.93274 4.04685 1.93331 2.67059 2.94912 2.53952 2.68698 3.04742 2.26099 2.34291 1.98246 4.14515 2.47398 2.1463 3.6864 3.86662 2.49037 
Utility: 6.56429 6.1293 6.34617 6.52621 6.54647 5.80865 6.43173 6.00134 6.08284 6.11643 5.98715 6.26512 5.78968 5.62923 6.4897 5.75967 5.69326 6.37585 6.78744 5.85235 

--------------------------------------
Time: 14.5036
Split Ratios: 1 1 1 1 1 1 1 1 1 1 1 1 1 1 1 1 1 1 1 1 
Delays: 0.00581138 0.00579463 0.00436445 0.00429691 0.00583104 0.00576128 0.00429603 0.0072702 0.0057799 0.00597312 0.00744097 0.00432713 0.00714537 0.00714243 0.00609992 0.00765467 0.00721159 0.00626491 0.00439057 0.00713635 
Throughputs: 3.47341 2.53952 2.58867 3.03104 3.71917 1.83501 2.91635 3.44064 2.49037 2.7689 2.9655 2.32653 2.37568 2.16269 3.30957 2.34291 2.50675 3.89939 4.07962 2.94912 
Utility: 6.39307 6.0828 6.38541 6.55877 6.45806 5.76364 6.5204 6.15963 6.0658 6.13893 5.9878 6.28723 5.80657 5.71305 6.2963 5.72383 5.85105 6.43361 6.8343 6.02406 

--------------------------------------
Time: 15.0036
Split Ratios: 1 1 1 1 1 1 1 1 1 1 1 1 1 1 1 1 1 1 1 1 
Delays: 0.00580548 0.00578553 0.00434833 0.00429888 0.00579977 0.00575601 0.00432133 0.00729338 0.00575018 0.00593171 0.00749266 0.0043145 0.0071569 0.00712361 0.00615551 0.00765127 0.00718853 0.00617255 0.00438871 0.00714046 
Throughputs: 3.93216 2.39206 2.63782 3.1785 3.94854 2.40845 2.75251 3.1785 1.91693 2.34291 3.34234 1.85139 2.32653 1.75309 3.89939 2.4576 2.048 3.76832 3.53894 2.81805 
Utility: 6.51814 6.02455 6.40792 6.60581 6.52328 6.03649 6.45671 6.0772 5.80925 5.97884 6.1005 6.06171 5.78406 5.50572 6.45123 5.77207 5.65213 6.41427 6.69255 5.97802 

--------------------------------------
Time: 15.504
Split Ratios: 1 1 1 1 1 1 1 1 1 1 1 1 1 1 1 1 1 1 1 1 
Delays: 0.005765 0.00583121 0.00432076 0.00431458 0.00580567 0.00580484 0.00430459 0.00727109 0.00574266 0.00590846 0.00749233 0.00431837 0.00715894 0.00713093 0.00603521 0.00756184 0.00723987 0.00610738 0.00435406 0.00714591 
Throughputs: 3.65363 2.99827 2.65421 3.04742 3.65363 2.27738 2.60506 2.98189 2.34291 2.24461 3.45702 2.08077 2.24461 1.91693 3.80109 2.65421 2.31014 3.71917 3.93216 2.9655 
Utility: 6.45167 6.24257 6.42047 6.56005 6.44464 5.97209 6.40553 6.01641 6.01123 5.9399 6.13428 6.17761 5.74792 5.59404 6.44543 5.86079 5.76546 6.41176 6.80584 6.02826 

--------------------------------------
Time: 16.0043
Split Ratios: 1 1 1 1 1 1 1 1 1 1 1 1 1 1 1 1 1 1 1 1 
Delays: 0.00581269 0.00575707 0.00436394 0.00430231 0.00580342 0.00577602 0.0042872 0.00727694 0.00578918 0.00590939 0.00748714 0.00430067 0.00718502 0.00714188 0.00607357 0.00764229 0.00721304 0.00616673 0.00434599 0.00714245 
Throughputs: 3.7847 2.71974 2.91635 3.19488 3.80109 2.26099 2.71974 3.26042 2.52314 2.49037 3.5881 2.06438 2.01523 1.90054 3.65363 2.24461 2.06438 3.53894 3.86662 3.08019 
Utility: 6.47868 6.15787 6.50471 6.61015 6.4846 5.96984 6.45266 6.1049 6.07727 6.04364 6.17219 6.17382 5.63649 5.58392 6.39953 5.68259 5.6567 6.35242 6.79088 6.06669 

--------------------------------------
Time: 16.5044
Split Ratios: 1 1 1 1 1 1 1 1 1 1 1 1 1 1 1 1 1 1 1 1 
Delays: 0.00580388 0.00578156 0.00434484 0.00432008 0.00578427 0.00580822 0.00428842 0.00728011 0.00574746 0.00593596 0.00752377 0.00432984 0.00718412 0.00712728 0.0061407 0.007713 0.00720136 0.00622311 0.00437256 0.00712414 
Throughputs: 3.86662 2.53952 2.71974 2.81805 3.48979 2.39206 2.67059 3.03104 2.58867 2.49037 3.57171 2.03162 1.81862 1.86778 4.11238 2.44122 2.37568 3.93216 4.03046 2.4576 
Utility: 6.50161 6.08506 6.4393 6.48053 6.40246 6.02064 6.43414 6.03152 6.11014 6.03916 6.16273 6.15106 5.53396 5.56857 6.50682 5.75734 5.79877 6.44867 6.82629 5.84345 

--------------------------------------
Time: 17.0044
Split Ratios: 1 1 1 1 1 1 1 1 1 1 1 1 1 1 1 1 1 1 1 1 
Delays: 0.00580858 0.00580341 0.00434278 0.00430903 0.00579997 0.00577079 0.00428959 0.00729664 0.00573157 0.00593338 0.00755954 0.00432581 0.00716991 0.00714662 0.00622654 0.00777503 0.00718847 0.00631442 0.00435542 0.00714346 
Throughputs: 3.55533 2.88358 2.57229 3.2768 3.52256 2.52314 2.50675 3.45702 2.47398 2.60506 3.32595 1.9497 2.42483 1.83501 4.01408 2.4576 2.27738 3.5881 3.73555 2.60506 
Utility: 6.41687 6.20834 6.38404 6.63391 6.40909 6.08045 6.37055 6.16075 6.0676 6.08462 6.0867 6.11083 5.82362 5.54817 6.46874 5.75602 5.7583 6.34254 6.75423 5.89901 

--------------------------------------
Time: 17.5045
Split Ratios: 1 1 1 1 1 1 1 1 1 1 1 1 1 1 1 1 1 1 1 1 
Delays: 0.00578303 0.00580196 0.0043348 0.00431787 0.00582692 0.00576732 0.00428867 0.00726918 0.00575581 0.00596424 0.00757207 0.00431748 0.00717373 0.00711696 0.00621239 0.00773344 0.00724215 0.0062866 0.00438081 0.00713617 
Throughputs: 3.88301 2.70336 2.63782 3.26042 3.93216 2.16269 2.9655 3.12934 2.44122 2.91635 3.12934 1.90054 2.06438 1.67117 3.9977 2.60506 2.47398 3.70278 3.75194 2.5559 
Utility: 6.50944 6.14406 6.41104 6.62685 6.51446 5.9269 6.53883 6.06493 6.05004 6.19231 6.02411 6.08722 5.66216 5.4588 6.46693 5.81966 5.83367 6.37842 6.75279 5.88098 

--------------------------------------
Time: 18.0047
Split Ratios: 1 1 1 1 1 1 1 1 1 1 1 1 1 1 1 1 1 1 1 1 
Delays: 0.00584012 0.00576832 0.00437029 0.00432938 0.00577835 0.0057791 0.00430123 0.00733118 0.00574923 0.00590142 0.00744136 0.00432233 0.00716244 0.00713417 0.00601761 0.00751809 0.00720309 0.00615581 0.00436757 0.0071321 
Throughputs: 4.45645 2.44122 2.65421 3.14573 3.83386 2.21184 2.85082 3.26042 2.34291 2.29376 3.04742 1.98246 2.24461 1.85139 3.96493 2.52314 2.44122 3.73555 3.6864 2.65421 
Utility: 6.63736 6.04787 6.40907 6.58838 6.49751 5.94733 6.49646 6.09747 6.01008 5.96275 6.015 6.1283 5.74744 5.5588 6.49055 5.81595 5.82574 6.40825 6.7382 5.9193 

--------------------------------------
Time: 18.5047
Split Ratios: 1 1 1 1 1 1 1 1 1 1 1 1 1 1 1 1 1 1 1 1 
Delays: 0.00580323 0.00579124 0.00434671 0.00431127 0.00578752 0.00580214 0.00430764 0.0072672 0.00576688 0.00593031 0.00741445 0.00431889 0.00717358 0.0071443 0.00595243 0.00748711 0.00719855 0.00609131 0.00434519 0.00715535 
Throughputs: 4.06323 2.50675 2.65421 3.09658 3.76832 2.22822 2.70336 2.83443 2.57229 2.40845 3.14573 2.11354 1.85139 2.31014 3.75194 2.53952 2.3593 3.80109 4.03046 2.94912 
Utility: 6.55132 6.0704 6.41448 6.57682 6.47868 5.95073 6.44186 5.96623 6.10042 6.00666 6.05037 6.19312 5.55329 5.77875 6.44623 5.82655 5.79224 6.43618 6.83257 6.0214 

--------------------------------------
Time: 19.0049
Split Ratios: 1 1 1 1 1 1 1 1 1 1 1 1 1 1 1 1 1 1 1 1 
Delays: 0.00577719 0.00580016 0.00434313 0.00430111 0.00579137 0.00577354 0.00429938 0.00729781 0.00578121 0.00589456 0.00744847 0.00432788 0.00716767 0.00712158 0.00609266 0.00753228 0.00723472 0.00618124 0.00440779 0.00713826 
Throughputs: 3.7847 2.60506 2.65421 2.65421 3.98131 2.3593 2.94912 3.21126 2.68698 2.99827 3.2768 2.08077 2.22822 1.81862 3.7847 2.5559 2.21184 3.44064 3.86662 2.68698 
Utility: 6.48481 6.10732 6.41531 6.42503 6.533 6.01283 6.53079 6.08685 6.14156 6.23176 6.08661 6.17541 5.73938 5.54271 6.43164 5.82696 5.72269 6.32189 6.77676 5.9307 

--------------------------------------
Time: 19.505
Split Ratios: 1 1 1 1 1 1 1 1 1 1 1 1 1 1 1 1 1 1 1 1 
Delays: 0.00577424 0.00580855 0.00432032 0.00430835 0.00585232 0.00578798 0.00429188 0.00734562 0.00577134 0.00592664 0.00753888 0.00430903 0.00718254 0.00711796 0.00607269 0.00766822 0.00720733 0.00615324 0.00435869 0.00712618 
Throughputs: 3.96493 2.39206 2.50675 2.83443 3.71917 2.26099 2.91635 3.44064 2.7689 2.65421 3.09658 2.06438 2.08077 1.83501 3.96493 2.37568 2.29376 3.76832 3.91578 2.53952 
Utility: 6.53184 6.02058 6.36341 6.48904 6.45442 5.96778 6.52136 6.14931 6.1733 6.10444 6.01798 6.17188 5.66884 5.55218 6.48144 5.73595 5.76285 6.41741 6.8006 5.87596 

--------------------------------------
Time: 20.0054
Split Ratios: 1 1 1 1 1 1 1 1 1 1 1 1 1 1 1 1 1 1 1 1 
Delays: 0.00582967 0.00576702 0.00431963 0.00429166 0.00578918 0.00579967 0.00430351 0.00734006 0.00573872 0.00591589 0.0074417 0.00434514 0.00716917 0.0071244 0.00606614 0.00752159 0.00721094 0.00611569 0.00434006 0.00714108 
Throughputs: 4.32538 2.37568 2.42483 2.91635 4.1943 2.19546 2.68698 2.98189 2.39206 2.65421 3.34234 2.58867 2.39206 1.88416 3.65363 2.57229 2.31014 3.48979 3.29318 2.94912 
Utility: 6.60929 6.02088 6.33035 6.52141 6.58549 5.93634 6.43674 6.00696 6.03268 6.10626 6.10733 6.38984 5.81012 5.57771 6.40075 5.83477 5.76947 6.34674 6.63172 6.0234 

--------------------------------------
Time: 20.5054
Split Ratios: 1 1 1 1 1 1 1 1 1 1 1 1 1 1 1 1 1 1 1 1 
Delays: 0.005809 0.0058288 0.00433222 0.00429337 0.00579987 0.00582329 0.00430239 0.00732405 0.0057418 0.00586922 0.00757963 0.00434658 0.00716072 0.00711321 0.00609947 0.00765238 0.00721118 0.0062179 0.00435892 0.00715226 
Throughputs: 3.6864 2.52314 2.17907 3.19488 3.96493 2.49037 2.75251 3.22765 2.47398 2.71974 2.88358 2.17907 2.21184 1.7367 3.83386 2.3593 2.31014 3.96493 3.65363 2.67059 
Utility: 6.453 6.07045 6.22058 6.61223 6.52741 6.05832 6.4611 6.08835 6.06581 6.13857 5.94132 6.21726 5.73297 5.49779 6.44343 5.7311 5.76943 6.45781 6.73125 5.92263 

--------------------------------------
Time: 21.0054
Split Ratios: 1 1 1 1 1 1 1 1 1 1 1 1 1 1 1 1 1 1 1 1 
Delays: 0.00580777 0.00577078 0.00432856 0.00430187 0.00582631 0.00580071 0.00430083 0.00731553 0.00576796 0.00593385 0.00747783 0.00432968 0.00715712 0.00712665 0.0060823 0.00758955 0.00721751 0.00619856 0.00440188 0.00714931 
Throughputs: 3.83386 2.89997 2.60506 2.91635 3.76832 2.17907 2.85082 3.5881 2.67059 2.78528 3.21126 2.21184 2.17907 2.16269 3.98131 2.26099 2.50675 3.26042 4.01408 2.68698 
Utility: 6.49243 6.21965 6.39997 6.51904 6.472 5.92867 6.49655 6.19538 6.13774 6.15143 6.06248 6.23609 5.71855 5.71527 6.48398 5.69679 5.85023 6.26529 6.81553 5.92916 

--------------------------------------
Time: 21.5054
Split Ratios: 1 1 1 1 1 1 1 1 1 1 1 1 1 1 1 1 1 1 1 1 
Delays: 0.00580012 0.00579343 0.00434387 0.00429309 0.00583084 0.00581485 0.00430135 0.00731769 0.00574674 0.00592855 0.00752704 0.00433955 0.00720169 0.00713539 0.00609096 0.00763792 0.00721018 0.00618912 0.00436489 0.00713989 
Throughputs: 3.88301 2.53952 2.62144 3.01466 4.096 2.68698 2.93274 3.19488 2.63782 2.80166 3.22765 2.09715 2.42483 2.03162 4.11238 2.06438 2.26099 4.14515 3.63725 2.47398 
Utility: 6.50649 6.08301 6.40271 6.55423 6.5546 6.13576 6.52476 6.07901 6.12908 6.15819 6.06101 6.18056 5.8192 5.65152 6.51495 5.59946 5.74807 6.5069 6.72539 5.84789 

--------------------------------------
Time: 22.0054
Split Ratios: 1 1 1 1 1 1 1 1 1 1 1 1 1 1 1 1 1 1 1 1 
Delays: 0.00580306 0.00579212 0.00432708 0.00430265 0.00580369 0.00580886 0.00431878 0.00731072 0.00576701 0.00588099 0.00748144 0.00432894 0.00716941 0.00713186 0.00610979 0.00766692 0.00725726 0.00626307 0.0043799 0.00714708 
Throughputs: 3.73555 2.88358 2.44122 2.99827 3.93216 2.44122 2.80166 3.55533 2.63782 2.75251 3.50618 2.22822 2.22822 1.90054 3.81747 2.3593 2.32653 3.80109 3.60448 2.47398 
Utility: 6.46726 6.21029 6.33536 6.54656 6.51845 6.04087 6.475 6.18686 6.12556 6.14854 6.14986 6.24364 5.73914 5.58532 6.43745 5.7292 5.77013 6.40837 6.71291 5.84688 

--------------------------------------
Time: 22.5059
Split Ratios: 1 1 1 1 1 1 1 1 1 1 1 1 1 1 1 1 1 1 1 1 
Delays: 0.00580287 0.00581702 0.0043379 0.00430955 0.00577017 0.00580362 0.0043026 0.00729143 0.00576871 0.00595148 0.00776514 0.0043567 0.00717591 0.00713989 0.00631576 0.0078961 0.00721816 0.00642436 0.00436529 0.00714724 
Throughputs: 4.16154 2.65421 2.47398 2.9655 3.93216 2.34291 3.04742 3.1785 2.42483 2.67059 3.71917 2.06438 2.17907 2.11354 3.89939 2.81805 1.98246 3.65363 3.75194 2.8672 
Utility: 6.57529 6.12311 6.34619 6.53397 6.52424 6.00067 6.56283 6.07746 6.04107 6.10642 6.17161 6.16087 5.71593 5.69042 6.42553 5.87743 5.6155 6.34338 6.75634 5.99437 

--------------------------------------
Time: 23.006
Split Ratios: 1 1 1 1 1 1 1 1 1 1 1 1 1 1 1 1 1 1 1 1 
Delays: 0.00583423 0.00579513 0.00437553 0.00433374 0.00580405 0.00577129 0.00430451 0.00733047 0.00574474 0.00590143 0.0075065 0.00432401 0.00717131 0.00712233 0.00609018 0.00764508 0.00723935 0.00613813 0.00437794 0.0071367 
Throughputs: 3.70278 2.57229 2.31014 3.35872 3.3751 2.27738 2.73613 3.21126 2.58867 2.50675 3.48979 2.048 2.08077 1.9497 3.71917 2.11354 2.40845 3.6864 4.01408 2.37568 
Utility: 6.4531 6.09553 6.26904 6.65288 6.36562 5.97788 6.45464 6.08238 6.11062 6.05155 6.14183 6.16044 5.6704 5.61219 6.41458 5.62206 5.80721 6.39789 6.82099 5.80779 

--------------------------------------
Time: 23.5061
Split Ratios: 1 1 1 1 1 1 1 1 1 1 1 1 1 1 1 1 1 1 1 1 
Delays: 0.00585026 0.00576262 0.0043405 0.00429306 0.0057872 0.00578394 0.00428524 0.00730118 0.00576625 0.00592586 0.00740557 0.00436435 0.00717665 0.00713455 0.00604353 0.00750714 0.00719168 0.00618989 0.00438337 0.00714125 
Throughputs: 4.22707 2.58867 2.31014 2.93274 3.53894 2.37568 2.65421 3.32595 2.57229 2.57229 3.21126 2.16269 2.53952 1.91693 3.63725 2.65421 2.048 3.52256 4.01408 2.60506 
Utility: 6.58278 6.10751 6.27708 6.52669 6.41594 6.01795 6.42872 6.12147 6.10053 6.07322 6.07219 6.20564 5.8689 5.59353 6.39999 5.86805 5.65169 6.34403 6.81974 5.89932 

--------------------------------------
Time: 24.0063
Split Ratios: 1 1 1 1 1 1 1 1 1 1 1 1 1 1 1 1 1 1 1 1 
Delays: 0.00576758 0.0057935 0.00434486 0.0043135 0.00583005 0.0057866 0.00431357 0.00729755 0.00573887 0.00587147 0.00760857 0.0043268 0.00719939 0.00711772 0.00618508 0.00756652 0.00721546 0.00616906 0.0044144 0.00714101 
Throughputs: 3.57171 2.80166 2.58867 2.91635 4.11238 2.27738 2.63782 2.93274 2.52314 2.5559 3.6864 2.49037 2.1463 1.86778 3.7847 2.73613 2.34291 3.19488 3.93216 2.63782 
Utility: 6.42855 6.18123 6.38991 6.51634 6.55873 5.97523 6.41594 5.99615 6.086 6.07606 6.18313 6.35536 5.69751 5.56992 6.41658 5.89057 5.78292 6.24976 6.79207 5.91186 

--------------------------------------
Time: 24.5064
Split Ratios: 1 1 1 1 1 1 1 1 1 1 1 1 1 1 1 1 1 1 1 1 
Delays: 0.00580742 0.00580971 0.00438279 0.00430694 0.00585064 0.00579514 0.004308 0.00731142 0.00577454 0.00588967 0.00750815 0.00431262 0.00717213 0.00712964 0.00603944 0.00758995 0.00720554 0.00620697 0.00434303 0.00712207 
Throughputs: 3.85024 2.89997 2.75251 3.06381 4.07962 2.22822 2.68698 3.34234 2.4576 2.78528 3.45702 2.12992 2.34291 1.90054 3.65363 2.16269 2.40845 3.63725 3.89939 2.5559 
Utility: 6.49675 6.21292 6.44258 6.56719 6.54721 5.95194 6.4357 6.12499 6.05348 6.1589 6.13217 6.2023 5.78895 5.58563 6.40517 5.65228 5.81189 6.37331 6.8 5.88296 

--------------------------------------
Time: 25.0064
Split Ratios: 1 1 1 1 1 1 1 1 1 1 1 1 1 1 1 1 1 1 1 1 
Delays: 0.00581006 0.00578005 0.00437502 0.00429846 0.00582887 0.00578948 0.00431548 0.0073096 0.00576218 0.00586594 0.00763184 0.00430496 0.00716649 0.00713535 0.00617134 0.00763818 0.00721839 0.0062796 0.00434126 0.007136 
Throughputs: 3.75194 2.70336 2.67059 3.06381 4.01408 2.22822 3.30957 3.30957 2.49037 2.31014 3.93216 2.1463 1.99885 1.96608 3.63725 2.47398 2.40845 3.6864 3.45702 2.71974 
Utility: 6.47044 6.14784 6.41414 6.56916 6.53474 5.95292 6.64236 6.11538 6.06887 5.9759 6.24462 6.21174 5.63091 5.61873 6.37907 5.78043 5.81011 6.3751 6.68 5.94314 

--------------------------------------
Time: 25.5067
Split Ratios: 1 1 1 1 1 1 1 1 1 1 1 1 1 1 1 1 1 1 1 1 
Delays: 0.00581459 0.00580855 0.00432125 0.00431071 0.00579077 0.0058041 0.00430263 0.00729852 0.00575246 0.00590593 0.0075002 0.00430799 0.00714428 0.00711825 0.00612313 0.00757766 0.00720121 0.00614315 0.00436254 0.00713035 
Throughputs: 3.86662 2.70336 2.71974 3.42426 3.3751 2.52314 2.5559 3.16211 2.57229 2.42483 3.73555 2.03162 1.90054 1.68755 3.75194 2.42483 2.08077 3.63725 4.17792 2.7689 
Utility: 6.49977 6.14292 6.44475 6.67754 6.36792 6.07469 6.38694 6.07132 6.10292 6.01756 6.21072 6.15611 5.58358 5.46837 6.41795 5.76831 5.66624 6.38365 6.86451 5.96184 

--------------------------------------
Time: 26.0069
Split Ratios: 1 1 1 1 1 1 1 1 1 1 1 1 1 1 1 1 1 1 1 1 
Delays: 0.00580563 0.00575645 0.00437772 0.00430561 0.00580924 0.00577219 0.0042914 0.00726971 0.00573379 0.00590797 0.00747742 0.00430891 0.00716192 0.00711932 0.00602684 0.00761444 0.00723762 0.00616554 0.00436409 0.00713498 
Throughputs: 3.6864 2.24461 2.7689 3.06381 4.1943 2.24461 2.60506 3.16211 2.50675 2.88358 2.98189 2.24461 2.1463 1.80224 3.67002 2.47398 2.52314 3.75194 3.6864 2.34291 
Utility: 6.45358 5.96597 6.44968 6.56749 6.58203 5.96323 6.4086 6.07528 6.08037 6.19049 5.98842 6.2556 5.70273 5.53397 6.41173 5.78354 5.85397 6.41105 6.739 5.79414 

--------------------------------------
Time: 26.507
Split Ratios: 1 1 1 1 1 1 1 1 1 1 1 1 1 1 1 1 1 1 1 1 
Delays: 0.00579285 0.00579653 0.00432066 0.0043038 0.00580662 0.00577846 0.00430357 0.00727673 0.00576872 0.00591512 0.00756946 0.00430807 0.00716862 0.00712618 0.00610151 0.00769353 0.00720775 0.00636717 0.00435645 0.00715394 
Throughputs: 3.7847 2.93274 2.39206 3.30957 3.50618 2.65421 2.81805 3.21126 2.63782 2.70336 3.50618 2.17907 2.26099 1.99885 3.91578 2.39206 2.29376 3.55533 3.45702 2.5559 
Utility: 6.4821 6.22643 6.3165 6.64508 6.40328 6.12976 6.48436 6.08974 6.12526 6.12474 6.13816 6.22617 5.75385 5.63655 6.46423 5.73953 5.76279 6.32505 6.67651 5.8785 

--------------------------------------
Time: 27.0072
Split Ratios: 1 1 1 1 1 1 1 1 1 1 1 1 1 1 1 1 1 1 1 1 
Delays: 0.00576678 0.00577878 0.00432474 0.00431235 0.00579875 0.00576893 0.00429852 0.00725418 0.00575027 0.00587352 0.00749384 0.00431759 0.00716341 0.00712299 0.00616301 0.00761203 0.00720941 0.00618927 0.00437988 0.00712583 
Throughputs: 3.53894 2.57229 2.44122 2.88358 3.48979 2.19546 2.89997 2.98189 2.3593 2.65421 3.55533 2.08077 2.048 1.7367 3.7847 2.52314 2.1463 3.76832 4.06323 2.63782 
Utility: 6.41947 6.09836 6.3359 6.50531 6.39995 5.94166 6.51418 6.01873 6.01687 6.11345 6.16212 6.1778 5.65563 5.49642 6.42016 5.80353 5.69611 6.41157 6.83271 5.91398 

--------------------------------------
Time: 27.5073
Split Ratios: 1 1 1 1 1 1 1 1 1 1 1 1 1 1 1 1 1 1 1 1 
Delays: 0.00578359 0.00576289 0.00433481 0.00429919 0.00576924 0.00578079 0.00429897 0.00727022 0.00574244 0.00587032 0.00741321 0.00430841 0.00716219 0.00713977 0.0061 0.0075819 0.00721292 0.00612435 0.00435206 0.00713815 
Throughputs: 3.73555 2.32653 2.62144 3.22765 3.50618 2.3593 2.89997 2.78528 2.71974 2.39206 3.1785 2.29376 2.06438 2.21184 3.47341 2.08077 2.32653 3.35872 3.71917 2.52314 
Utility: 6.47063 6.00069 6.4048 6.62108 6.40974 6.01158 6.51408 5.94832 6.16041 6.01 6.0609 6.27738 5.66377 5.7359 6.3446 5.61473 5.77626 6.30704 6.7506 5.8678 

--------------------------------------
Time: 28.0075
Split Ratios: 1 1 1 1 1 1 1 1 1 1 1 1 1 1 1 1 1 1 1 1 
Delays: 0.00581817 0.00577138 0.00433246 0.00431568 0.00579531 0.005787 0.0042993 0.00724767 0.00575563 0.00593386 0.0076246 0.00435045 0.0071696 0.00714203 0.00619621 0.00784711 0.00719727 0.00636213 0.00436634 0.00715 
Throughputs: 3.83386 2.5559 2.85082 3.48979 4.06323 2.06438 2.49037 2.93274 3.01466 2.9655 4.03046 2.40845 2.03162 2.12992 3.98131 2.44122 2.39206 3.65363 3.76832 2.57229 
Utility: 6.49064 6.09325 6.48922 6.69534 6.55268 5.87697 6.36173 6.00301 6.26106 6.21413 6.27026 6.31646 5.64674 5.69784 6.46543 5.74011 5.80621 6.35311 6.76046 5.88544 

--------------------------------------
Time: 28.5076
Split Ratios: 1 1 1 1 1 1 1 1 1 1 1 1 1 1 1 1 1 1 1 1 
Delays: 0.0058152 0.00582847 0.00433243 0.00429329 0.00578505 0.00579989 0.00428525 0.00732155 0.00577101 0.00590236 0.00753588 0.00432947 0.00719178 0.00713271 0.0060858 0.00754772 0.00719739 0.00612989 0.00436518 0.00715441 
Throughputs: 4.14515 2.7689 2.70336 3.34234 3.76832 2.24461 2.52314 3.16211 2.5559 2.37568 3.30957 2.09715 2.22822 1.85139 3.91578 2.49037 2.31014 3.39149 3.88301 2.62144 
Utility: 6.56922 6.16345 6.43612 6.65737 6.47911 5.95845 6.37808 6.06817 6.09331 5.99769 6.0849 6.18289 5.73602 5.559 6.46681 5.79894 5.77135 6.31585 6.79071 5.90375 

--------------------------------------
Time: 29.0078
Split Ratios: 1 1 1 1 1 1 1 1 1 1 1 1 1 1 1 1 1 1 1 1 
Delays: 0.00578418 0.00580061 0.00433648 0.00430758 0.00578436 0.00578328 0.00432378 0.00728144 0.00577061 0.00593436 0.00748979 0.00433187 0.00718009 0.00712779 0.00608784 0.00761737 0.00720466 0.00612886 0.00439143 0.0071372 
Throughputs: 3.7847 2.85082 2.68698 2.91635 3.19488 2.34291 3.21126 3.19488 2.85082 2.67059 3.34234 2.32653 2.26099 2.03162 3.85024 2.47398 2.19546 3.48979 3.81747 2.81805 
Utility: 6.4836 6.1974 6.42911 6.51771 6.31415 6.00418 6.61029 6.08398 6.20258 6.1093 6.10088 6.28613 5.75225 5.65259 6.4496 5.78315 5.71942 6.34459 6.76769 5.97848 

--------------------------------------
Time: 29.5078
Split Ratios: 1 1 1 1 1 1 1 1 1 1 1 1 1 1 1 1 1 1 1 1 
Delays: 0.00581385 0.00578928 0.00431516 0.00429308 0.00580152 0.00578898 0.00430415 0.00728055 0.00574625 0.00594795 0.00752982 0.00438263 0.0071765 0.00713142 0.00618648 0.00781419 0.00720315 0.00620988 0.00435735 0.00713874 
Throughputs: 4.39091 2.53952 2.32653 2.9655 3.76832 2.3593 2.78528 2.93274 2.71974 2.70336 3.16211 2.26099 2.11354 1.99885 3.81747 2.57229 2.22822 3.73555 3.73555 2.58867 
Utility: 6.62705 6.08372 6.29 6.5378 6.47626 6.01016 6.47252 5.99848 6.15975 6.1192 6.04012 6.24591 5.68531 5.63582 6.42498 5.79661 5.73444 6.39951 6.75379 5.89336 

--------------------------------------
Time: 30.008
Split Ratios: 1 1 1 1 1 1 1 1 1 1 1 1 1 1 1 1 1 1 1 1 
Delays: 0.00581928 0.00578564 0.00435968 0.00428951 0.00579343 0.00576566 0.00429352 0.00725016 0.00577163 0.00592592 0.00765043 0.00431703 0.00717499 0.00714872 0.00619188 0.00779841 0.00720861 0.00635402 0.00438967 0.0071508 
Throughputs: 3.53894 2.49037 2.4576 2.98189 3.6864 2.09715 2.93274 3.03104 2.70336 2.93274 3.26042 2.42483 2.29376 2.12992 4.62029 2.53952 2.21184 3.65363 3.85024 2.89997 
Utility: 6.41041 6.06481 6.33454 6.54414 6.45568 5.89642 6.52658 6.03564 6.1493 6.20435 6.05485 6.33095 5.76735 5.69691 6.61497 5.78581 5.7263 6.35439 6.77664 6.00523 

--------------------------------------
Time: 30.5084
Split Ratios: 1 1 1 1 1 1 1 1 1 1 1 1 1 1 1 1 1 1 1 1 
Delays: 0.00579668 0.00577887 0.00432805 0.0042975 0.00579772 0.00581221 0.00428999 0.00728551 0.00578191 0.00585794 0.00748456 0.00431884 0.00718056 0.00711669 0.00604994 0.00756069 0.00721643 0.00617049 0.00436937 0.00714214 
Throughputs: 3.76832 2.99827 2.73613 3.16211 3.80109 2.40845 2.63782 3.04742 2.63782 2.50675 3.30957 2.27738 2.16269 1.91693 4.14515 2.29376 2.17907 3.60448 4.25984 2.71974 
Utility: 6.4771 6.25158 6.44918 6.60096 6.48558 6.02678 6.42143 6.03616 6.12298 6.05895 6.09173 6.26779 5.70773 5.59604 6.52965 5.71499 5.71029 6.37015 6.88237 5.94228 

--------------------------------------
Time: 31.0085
Split Ratios: 1 1 1 1 1 1 1 1 1 1 1 1 1 1 1 1 1 1 1 1 
Delays: 0.00577993 0.00581564 0.00436254 0.0043106 0.00578149 0.00580318 0.0043016 0.00725831 0.00576907 0.00590185 0.00755193 0.00435363 0.00718117 0.00712503 0.00616098 0.00768302 0.00716841 0.00623382 0.00439925 0.00715226 
Throughputs: 3.65363 2.42483 2.52314 2.98189 3.60448 2.17907 2.68698 3.29318 2.5559 2.68698 3.53894 2.47398 1.99885 1.75309 3.86662 2.26099 2.17907 3.5881 4.04685 2.67059 
Utility: 6.44909 6.03297 6.3602 6.53923 6.43527 5.92825 6.43718 6.11746 6.09365 6.12091 6.14978 6.34258 5.62886 5.50552 6.4419 5.68455 5.71697 6.35539 6.82426 5.92263 

--------------------------------------
Time: 31.5088
Split Ratios: 1 1 1 1 1 1 1 1 1 1 1 1 1 1 1 1 1 1 1 1 
Delays: 0.00579709 0.00580534 0.00433779 0.00428509 0.00579856 0.00576095 0.00429419 0.00732141 0.00576063 0.00583397 0.00760197 0.00432711 0.0071994 0.00712256 0.00610841 0.00758236 0.00723399 0.00622266 0.0043532 0.00713614 
Throughputs: 3.96493 2.57229 2.58867 2.63782 3.50618 2.50675 2.85082 3.57171 2.5559 2.32653 3.6864 2.19546 2.17907 2.12992 3.42426 2.39206 2.47398 3.34234 3.34234 2.08077 
Utility: 6.52789 6.09377 6.39154 6.42257 6.40467 6.07564 6.4981 6.19 6.09511 5.98844 6.184 6.22925 5.71266 5.70057 6.32897 5.75409 5.83479 6.28623 6.64351 5.67532 

--------------------------------------
Time: 32.0088
Split Ratios: 1 1 1 1 1 1 1 1 1 1 1 1 1 1 1 1 1 1 1 1 
Delays: 0.0057755 0.00578291 0.00432565 0.00428939 0.00579725 0.00579843 0.00429593 0.00729929 0.00573979 0.00584752 0.0074797 0.00431869 0.00717875 0.00713323 0.00614802 0.00758659 0.00721911 0.00611519 0.00435782 0.0071395 
Throughputs: 4.14515 2.67059 2.34291 2.83443 4.29261 2.22822 2.99827 2.78528 2.52314 2.65421 3.45702 2.34291 2.06438 1.86778 3.85024 2.17907 2.4576 3.76832 3.6864 2.50675 
Utility: 6.57607 6.13515 6.29459 6.49345 6.60727 5.95137 6.54812 5.94433 6.08583 6.11788 6.13597 6.2962 5.66146 5.56774 6.43976 5.66027 5.83021 6.42361 6.74043 5.8611 

--------------------------------------
Time: 32.5088
Split Ratios: 1 1 1 1 1 1 1 1 1 1 1 1 1 1 1 1 1 1 1 1 
Delays: 0.00580399 0.00579847 0.0043443 0.00430741 0.0057899 0.00577523 0.00431399 0.00728126 0.00578143 0.00593296 0.00737661 0.00433104 0.00719535 0.00712523 0.00602686 0.00756937 0.00722098 0.00616185 0.00435267 0.00712648 
Throughputs: 3.40787 2.60506 2.68698 3.12934 3.50618 2.24461 2.8672 3.29318 2.44122 2.62144 3.3751 2.32653 2.17907 2.08077 3.60448 2.68698 2.32653 3.39149 3.63725 2.49037 
Utility: 6.3753 6.10762 6.42731 6.58824 6.40617 5.96271 6.49923 6.11431 6.0456 6.09096 6.12587 6.28632 5.71322 5.67685 6.39371 5.87206 5.77514 6.31065 6.72819 5.85637 

--------------------------------------
Time: 33.0088
Split Ratios: 1 1 1 1 1 1 1 1 1 1 1 1 1 1 1 1 1 1 1 1 
Delays: 0.00578682 0.00579855 0.00431949 0.0042961 0.00585171 0.00578908 0.00428931 0.00728526 0.00577619 0.0058708 0.00755433 0.00432212 0.00716946 0.007124 0.00600344 0.00757006 0.00718797 0.00609181 0.00434304 0.00712331 
Throughputs: 3.53894 2.4576 2.58867 2.93274 3.89939 2.17907 2.42483 3.34234 2.8672 2.57229 3.26042 2.31014 2.17907 1.93331 3.88301 2.16269 2.048 3.47341 3.89939 2.3593 
Utility: 6.416 6.04933 6.39576 6.52598 6.50184 5.93068 6.33739 6.12857 6.20735 6.08256 6.06749 6.28132 5.71682 5.60352 6.47203 5.65491 5.65221 6.34595 6.8 5.80275 

--------------------------------------
Time: 33.5089
Split Ratios: 1 1 1 1 1 1 1 1 1 1 1 1 1 1 1 1 1 1 1 1 
Delays: 0.00581621 0.0057844 0.00434932 0.00430136 0.00577873 0.00577472 0.00430079 0.00728328 0.00577135 0.0059567 0.00755709 0.0043539 0.0071548 0.00712091 0.00602961 0.00772031 0.00720006 0.00626005 0.00434654 0.0071335 
Throughputs: 3.57171 2.75251 2.63782 3.21126 3.57171 2.09715 2.7689 3.42426 2.67059 2.5559 3.29318 2.47398 2.11354 2.1463 3.91578 2.22822 2.31014 3.80109 3.60448 2.22822 
Utility: 6.42015 6.1651 6.40769 6.61549 6.42662 5.89485 6.46741 6.15306 6.13715 6.06164 6.07712 6.34251 5.68833 5.70847 6.47609 5.66511 5.77098 6.40885 6.72055 5.74416 

--------------------------------------
Time: 34.009
Split Ratios: 1 1 1 1 1 1 1 1 1 1 1 1 1 1 1 1 1 1 1 1 
Delays: 0.00584595 0.00577873 0.00434525 0.00428486 0.00579291 0.00579456 0.00429064 0.00729668 0.00574353 0.0059402 0.00752272 0.00433413 0.00715368 0.00711904 0.00605939 0.00759234 0.00720136 0.0062819 0.00437697 0.00713863 
Throughputs: 3.65363 2.81805 2.53952 2.73613 3.73555 2.22822 2.7689 3.21126 2.09715 2.67059 2.80166 2.26099 1.96608 1.76947 4.096 2.70336 2.1463 3.81747 3.39149 2.60506 
Utility: 6.43773 6.18962 6.37065 6.45921 6.46902 5.95204 6.46977 6.087 5.90026 6.10831 5.92004 6.25704 5.61617 5.51566 6.51616 5.87511 5.69723 6.40967 6.65267 5.89969 

--------------------------------------
Time: 34.509
Split Ratios: 1 1 1 1 1 1 1 1 1 1 1 1 1 1 1 1 1 1 1 1 
Delays: 0.00580052 0.00579091 0.00433469 0.00429884 0.00579598 0.00577255 0.00430708 0.00729946 0.00576619 0.0059356 0.00748119 0.0043391 0.0071753 0.00713302 0.00606675 0.00763933 0.00720705 0.00616162 0.00434749 0.00713582 
Throughputs: 3.73555 2.65421 2.49037 2.88358 3.71917 2.4576 3.03104 2.99827 2.52314 2.65421 3.30957 2.12992 2.37568 1.86778 3.60448 2.24461 2.52314 3.9977 3.47341 2.67059 
Utility: 6.4677 6.12761 6.35354 6.50844 6.46409 6.05383 6.5564 6.01799 6.08125 6.10293 6.09218 6.19617 5.80239 5.56777 6.38711 5.68298 5.8582 6.47513 6.68329 5.92493 

--------------------------------------
Time: 35.0091
Split Ratios: 1 1 1 1 1 1 1 1 1 1 1 1 1 1 1 1 1 1 1 1 
Delays: 0.00579254 0.00580702 0.00432574 0.00431136 0.00580055 0.00579825 0.00428471 0.00728684 0.00575719 0.00592277 0.00746479 0.00434247 0.00716395 0.00712309 0.00606872 0.00753668 0.00720713 0.00616361 0.00437475 0.00712182 
Throughputs: 4.03046 2.50675 2.42483 3.14573 3.91578 2.5559 2.71974 3.24403 2.53952 2.75251 3.30957 2.11354 2.40845 1.80224 3.7847 2.57229 2.52314 3.93216 4.17792 2.58867 
Utility: 6.54507 6.06768 6.32893 6.59255 6.51482 6.08861 6.45324 6.0985 6.08928 6.14146 6.09438 6.18767 5.81768 5.53344 6.43557 5.83277 5.85819 6.45828 6.86172 5.89574 

--------------------------------------
Time: 35.5091
Split Ratios: 1 1 1 1 1 1 1 1 1 1 1 1 1 1 1 1 1 1 1 1 
Delays: 0.00579843 0.00579553 0.00435928 0.00429439 0.00582107 0.00578215 0.00430418 0.00729128 0.00577026 0.00590035 0.00777567 0.0043294 0.0071731 0.00712916 0.00639369 0.00784788 0.00722501 0.00643113 0.0043715 0.00713641 
Throughputs: 3.40787 3.11296 2.8672 2.99827 4.25984 2.44122 2.53952 3.21126 2.62144 2.57229 3.47341 2.048 2.24461 1.91693 3.80109 2.65421 2.17907 3.80109 3.75194 2.57229 
Utility: 6.37626 6.28624 6.48878 6.54848 6.5955 6.04548 6.38014 6.08774 6.11876 6.07754 6.10189 6.15919 5.74595 5.59429 6.38773 5.82366 5.70911 6.38189 6.75492 5.88734 

--------------------------------------
Time: 36.0095
Split Ratios: 1 1 1 1 1 1 1 1 1 1 1 1 1 1 1 1 1 1 1 1 
Delays: 0.00577698 0.00582406 0.00434158 0.0042997 0.00585996 0.00579525 0.00428946 0.0073206 0.00576679 0.00590841 0.00747577 0.00434453 0.00719262 0.00711927 0.00603743 0.00765312 0.00721775 0.00624016 0.00434664 0.00713369 
Throughputs: 3.7847 2.7689 2.81805 3.35872 4.16154 2.53952 2.62144 3.34234 2.53952 2.68698 3.5881 2.19546 2.21184 1.93331 3.60448 2.32653 2.49037 4.1943 3.30957 2.40845 
Utility: 6.48484 6.16421 6.47556 6.66077 6.5655 6.08269 6.41532 6.12373 6.08761 6.1198 6.17371 6.22523 5.72853 5.60418 6.39195 5.71702 5.84364 6.51048 6.63517 5.82191 

