--------------------------------------
Time: 5.50002
Split Ratios: 1 1 0.5 0.5 1 1 0.333333 0.333333 0.333333 1 0.5 0.5 1 1 1 1 0.5 0.5 1 0.5 0.5 1 0.5 0.5 1 1 1 1 1 1 1 1 1 0.5 0.5 1 1 1 
Delays: 0.00754978 0.00892653 0.00582617 0.00948258 0.00770021 0.0108249 0.00595289 0.0114674 0.00800262 0.0061006 0.00456644 0.00729155 0.0076623 0.00783608 0.00869338 0.00902609 0.0136539 0.00752493 0.00460703 0.0058287 0.00797416 0.00748564 0.00629204 0.00740095 0.0102764 0.00731398 0.0106288 0.00793898 0.00438688 0.0096225 
Throughputs: 3.2768 3.26042 3.57171 3.08019 3.14573 3.60448 2.98189 3.86662 3.75194 3.32595 3.47341 3.08019 3.16211 3.9977 3.50618 3.30957 3.12934 3.32595 3.40787 3.47341 3.60448 2.89997 3.44064 3.40787 4.35814 2.93274 3.22765 3.09658 3.39149 2.83443 
Utility: 6.0731 5.90058 6.41844 5.78329 6.01255 5.80808 6.21644 5.82063 6.15026 6.30112 6.63416 6.04603 6.02268 6.23473 5.99972 5.90445 5.43455 6.09129 6.60626 6.3901 6.11373 5.95947 6.30413 6.13223 6.04995 5.9939 5.71594 5.96627 6.65041 5.68549 

--------------------------------------
Time: 6.00007
Split Ratios: 1 1 0.505 0.495 1 1 0.223 0.66 0.117 1 0.776 0.224 1 1 1 1 0.251 0.749 1 0.43 0.57 1 0.893 0.107 1 1 1 1 1 1 1 1 1 0.606 0.394 1 1 1 
Delays: 0.0077125 0.00888236 0.00596737 0.00943871 0.00781245 0.0114638 0.00588284 0.0101389 0.0077698 0.00593158 0.00457128 0.00728876 0.00668642 0.00773929 0.00880793 0.00926468 0.0111549 0.00761267 0.00456755 0.0058099 0.00786302 0.00746688 0.00623911 0.00735949 0.00945348 0.00732671 0.01046 0.00779037 0.00435653 0.00914831 
Throughputs: 3.29318 2.91635 4.01408 3.16211 3.40787 3.70278 3.14573 3.5881 4.07962 3.22765 4.01408 3.24403 3.09658 3.67002 3.44064 3.65363 3.48979 3.30957 3.03104 3.34234 3.73555 3.03104 3.24403 3.24403 3.89939 2.75251 2.99827 3.1785 3.45702 2.98189 
Utility: 6.05677 5.79402 6.51126 5.81418 6.07813 5.77765 6.28176 5.869 6.26351 6.29922 6.77777 6.09824 6.13797 6.16164 5.96776 5.97727 5.74572 6.07476 6.49768 6.35486 6.16348 6.00618 6.25373 6.08858 6.02219 5.92874 5.65823 6.01127 6.67649 5.78674 

--------------------------------------
Time: 6.50016
Split Ratios: 1 1 0.505 0.495 1 1 0.223 0.66 0.117 1 0.776 0.224 1 1 1 1 0.251 0.749 1 0.43 0.57 1 0.893 0.107 1 1 1 1 1 1 1 1 1 0.606 0.394 1 1 1 
Delays: 0.00768224 0.00888901 0.0060088 0.00972063 0.00778275 0.0110173 0.00598028 0.0103054 0.00785409 0.00601227 0.00457665 0.00728801 0.00669226 0.00783824 0.00876481 0.00913373 0.0113536 0.00765521 0.00461007 0.00586569 0.00783553 0.00754979 0.0062525 0.00736863 0.00985522 0.00733925 0.0105732 0.00790147 0.00437563 0.00936236 
Throughputs: 3.40787 3.11296 3.6864 3.39149 3.2768 3.3751 3.53894 3.91578 3.55533 3.70278 3.32595 3.47341 3.65363 3.26042 3.2768 3.65363 3.2768 3.08019 2.91635 3.32595 3.48979 3.53894 3.55533 3.1785 3.91578 3.04742 3.2768 3.29318 3.83386 3.04742 
Utility: 6.09493 5.85851 6.41918 5.85477 6.04271 5.72472 6.38312 5.9401 6.11517 6.42304 6.58854 6.16666 6.30253 6.0306 5.92388 5.9915 5.66509 5.99736 6.44985 6.34039 6.09893 6.15006 6.34322 6.06693 5.98477 6.02882 5.7363 6.03256 6.77558 5.78535 

--------------------------------------
Time: 7.00023
Split Ratios: 1 1 0.505 0.495 1 1 0.223 0.66 0.117 1 0.776 0.224 1 1 1 1 0.251 0.749 1 0.43 0.57 1 0.893 0.107 1 1 1 1 1 1 1 1 1 0.606 0.394 1 1 1 
Delays: 0.00782137 0.00893509 0.00601315 0.00931624 0.00780586 0.0106899 0.00592422 0.0101288 0.00789533 0.00602003 0.0046261 0.00728151 0.00680885 0.00783523 0.00865448 0.00916729 0.0112396 0.00781338 0.0045793 0.00581563 0.00798502 0.00748225 0.00629649 0.00731757 0.00957529 0.00733776 0.0105695 0.00759219 0.00435164 0.00928601 
Throughputs: 3.52256 2.9655 3.71917 3.01466 3.55533 3.34234 3.44064 3.83386 3.91578 3.60448 3.96493 3.94854 3.6864 3.19488 3.44064 3.57171 2.5559 3.39149 3.32595 3.67002 3.63725 3.2768 3.50618 3.11296 4.35814 3.32595 3.1785 3.04742 3.47341 2.78528 
Utility: 6.11008 5.80482 6.42731 5.77948 6.12133 5.74513 6.36436 5.93624 6.2065 6.39484 6.75353 6.29576 6.29418 6.01067 5.98534 5.96516 5.42672 6.07319 6.58796 6.4474 6.12141 6.08209 6.32229 6.05305 6.12062 6.11648 5.70619 5.99493 6.68234 5.70359 

--------------------------------------
Time: 7.50025
Split Ratios: 1 1 0.505 0.495 1 1 0.223 0.66 0.117 1 0.776 0.224 1 1 1 1 0.251 0.749 1 0.43 0.57 1 0.893 0.107 1 1 1 1 1 1 1 1 1 0.606 0.394 1 1 1 
Delays: 0.00776756 0.00889832 0.00592733 0.00938703 0.00789602 0.0108789 0.00592712 0.0100786 0.00771633 0.00600007 0.00452065 0.00730336 0.00695719 0.00771091 0.00849674 0.00918138 0.0115726 0.00773515 0.0046208 0.00586639 0.00786267 0.00753056 0.00618178 0.00735064 0.00953332 0.00741768 0.0103309 0.00765645 0.00435829 0.00950093 
Throughputs: 3.39149 3.30957 3.98131 3.11296 3.22765 3.53894 3.60448 3.7847 3.62086 3.39149 3.34234 3.80109 3.39149 3.5881 3.47341 3.29318 3.67002 3.06381 3.16211 3.42426 3.96493 3.14573 3.2768 3.12934 3.89939 3.44064 3.2768 3.14573 3.04742 3.14573 
Utility: 6.07907 5.91871 6.50979 5.804 6.01315 5.78476 6.41039 5.92831 6.15113 6.33725 6.60577 6.25471 6.18925 6.14274 6.01321 5.88243 5.75931 5.98164 6.52843 6.3694 6.22312 6.03483 6.27302 6.05379 6.01378 6.13955 5.75949 6.01825 6.54997 5.80241 

--------------------------------------
Time: 8.00025
Split Ratios: 1 1 0.505 0.495 1 1 0.223 0.66 0.117 1 0.776 0.224 1 1 1 1 0.251 0.749 1 0.43 0.57 1 0.893 0.107 1 1 1 1 1 1 1 1 1 0.606 0.394 1 1 1 
Delays: 0.00783104 0.0089066 0.00622114 0.00927921 0.0079272 0.0112659 0.00592761 0.0103205 0.00776293 0.00606173 0.00459733 0.0073208 0.00676483 0.0078122 0.00838417 0.00923289 0.0116016 0.00771631 0.00457231 0.00588322 0.00773633 0.00750218 0.00643926 0.00735442 0.00964373 0.00732886 0.010559 0.00767 0.00435923 0.00932011 
Throughputs: 3.63725 2.99827 3.48979 3.21126 3.26042 3.70278 3.35872 4.04685 3.86662 3.24403 3.96493 3.52256 4.03046 3.60448 3.6864 3.73555 2.8672 2.75251 3.21126 3.67002 3.89939 2.81805 3.39149 2.89997 3.85024 2.68698 3.12934 2.75251 3.14573 3.03104 
Utility: 6.14089 5.819 6.32964 5.84664 6.01931 5.79506 6.33969 5.97156 6.21078 6.28258 6.75977 6.17622 6.3899 6.13425 6.08606 6.00288 5.50995 5.87693 6.5544 6.43585 6.22265 5.92861 6.26661 5.97715 5.98958 5.90435 5.6916 5.88295 6.58151 5.78449 

--------------------------------------
Time: 8.50027
Split Ratios: 1 1 0.505 0.495 1 1 0.223 0.66 0.117 1 0.776 0.224 1 1 1 1 0.251 0.749 1 0.43 0.57 1 0.893 0.107 1 1 1 1 1 1 1 1 1 0.606 0.394 1 1 1 
Delays: 0.00764311 0.00894174 0.00615847 0.00950584 0.00778025 0.0111846 0.00592843 0.0102392 0.00779322 0.00597723 0.00465234 0.00728665 0.00671418 0.00775726 0.0085419 0.00922837 0.0111669 0.00764746 0.00458016 0.00585113 0.00788451 0.0075315 0.0062696 0.0074052 0.00935062 0.00730976 0.0105155 0.00772149 0.00431986 0.00919969 
Throughputs: 3.48979 3.1785 3.94854 2.81805 3.63725 3.53894 3.16211 3.32595 3.91578 3.65363 3.89939 3.2768 3.2768 3.2768 3.53894 4.11238 2.91635 3.01466 3.19488 3.24403 4.01408 3.11296 3.5881 3.22765 3.85024 2.8672 3.34234 3.53894 3.11296 3.52256 
Utility: 6.12379 5.87343 6.46327 5.69189 6.14739 5.75704 6.27924 5.78329 6.21951 6.41552 6.73121 6.10858 6.1904 6.04599 6.0266 6.09948 5.56514 5.97687 6.54757 6.31794 6.23266 6.02424 6.34966 6.07733 6.02045 5.97188 5.76158 6.12758 6.58011 5.94777 

--------------------------------------
Time: 9.00036
Split Ratios: 1 1 0.505 0.495 1 1 0.223 0.66 0.117 1 0.776 0.224 1 1 1 1 0.251 0.749 1 0.43 0.57 1 0.893 0.107 1 1 1 1 1 1 1 1 1 0.606 0.394 1 1 1 
Delays: 0.0077066 0.00892184 0.00624373 0.0093243 0.0079216 0.0106634 0.005912 0.0101942 0.00771811 0.00598159 0.00464135 0.00729516 0.00689822 0.00774671 0.00866588 0.00914811 0.0116508 0.00765813 0.00467535 0.00589127 0.00780132 0.00749549 0.00621814 0.0073385 0.009444 0.00728745 0.0104249 0.00756995 0.00436741 0.00917911 
Throughputs: 3.19488 3.14573 4.1943 3.04742 3.40787 3.55533 3.21126 3.60448 3.5881 3.42426 3.94854 3.35872 4.12877 3.70278 3.7847 4.12877 3.2768 2.99827 3.1785 3.2768 3.94854 2.83443 3.34234 2.9655 3.93216 3.12934 3.32595 2.73613 3.03104 3.12934 
Utility: 6.02723 5.8653 6.5099 5.78943 6.06425 5.80938 6.29744 5.86811 6.14181 6.34995 6.7461 6.1321 6.39447 6.16957 6.07933 6.11219 5.63925 5.97002 6.52186 6.32115 6.22681 5.9353 6.28695 6.00167 6.03156 6.06243 5.76531 5.89011 6.54249 5.83165 

--------------------------------------
Time: 9.50037
Split Ratios: 1 1 0.505 0.495 1 1 0.223 0.66 0.117 1 0.776 0.224 1 1 1 1 0.251 0.749 1 0.43 0.57 1 0.893 0.107 1 1 1 1 1 1 1 1 1 0.606 0.394 1 1 1 
Delays: 0.00803782 0.00912236 0.00614773 0.00954775 0.00783712 0.0111463 0.00590216 0.00996676 0.00777669 0.00602867 0.0044954 0.00729794 0.00676836 0.00777463 0.0087193 0.00920039 0.0116381 0.00771122 0.00459827 0.00591542 0.00789704 0.00747283 0.00620433 0.00743029 0.00944994 0.0073749 0.0104472 0.00771756 0.00439167 0.00928061 
Throughputs: 3.44064 3.57171 3.70278 3.50618 3.21126 3.5881 3.48979 3.62086 3.67002 3.5881 3.40787 3.42426 3.52256 3.53894 3.62086 4.21069 3.14573 2.83443 2.9655 3.48979 3.53894 3.32595 3.26042 3.57171 3.52256 3.09658 3.11296 2.9655 3.6864 3.24403 
Utility: 6.05925 5.97007 6.40076 5.90598 6.01555 5.77427 6.38228 5.89521 6.15682 6.38885 6.63079 6.15105 6.25468 6.12072 6.02893 6.12614 5.59952 5.90692 6.46912 6.38004 6.1051 6.09824 6.26436 6.17524 5.92093 6.03997 5.69699 5.9513 6.7327 5.85665 

--------------------------------------
Time: 10.0004
Split Ratios: 1 1 0.505 0.495 1 1 0.223 0.66 0.117 1 0.776 0.224 1 1 1 1 0.251 0.749 1 0.43 0.57 1 0.893 0.107 1 1 1 1 1 1 1 1 1 0.606 0.394 1 1 1 
Delays: 0.00784453 0.00897846 0.00575455 0.00965788 0.00771966 0.0108274 0.00590085 0.0100918 0.00766604 0.00602334 0.00464973 0.00729896 0.00680254 0.00775737 0.00870744 0.00908476 0.0114803 0.0077569 0.00463689 0.00580732 0.00765447 0.00766844 0.00630676 0.00729776 0.00960718 0.00730314 0.0104147 0.00788228 0.00434536 0.00939198 
Throughputs: 3.39149 3.22765 4.14515 3.60448 3.03104 3.91578 2.93274 3.96493 3.73555 3.40787 3.85024 3.30957 3.35872 3.30957 3.86662 3.62086 3.42426 2.81805 3.09658 3.26042 3.47341 3.12934 3.45702 3.2768 3.93216 3.06381 3.40787 3.14573 3.30957 3.04742 
Utility: 6.06921 5.88468 6.5797 5.92216 5.97289 5.89069 6.20859 5.97352 6.18885 6.3382 6.71908 6.11684 6.20202 6.05593 6.09596 5.98787 5.69801 5.89522 6.50401 6.33049 6.1176 6.01147 6.30654 6.10705 6.01443 6.03911 5.79062 5.98918 6.63546 5.7822 

