--------------------------------------
Time: 5.50005
Split Ratios: 1 1 1 1 1 1 1 1 1 1 1 1 1 1 1 1 1 1 1 1 1 1 1 1 1 1 1 1 1 1 
Delays: 0.00428213 0.00714776 0.00580956 0.00727094 0.00730013 0.00587598 0.00573923 0.00728303 0.00574813 0.00587514 0.0074065 0.00578851 0.0043673 0.00596094 0.00592903 0.00437908 0.00744824 0.00583034 0.0058381 0.00732193 0.00442484 0.00576228 0.00596242 0.00582166 0.00427752 0.00601466 0.00586663 0.00719343 0.00727263 0.00428908 
Throughputs: 2.31014 2.50675 1.72032 1.75309 2.80166 2.34291 1.62202 1.85139 3.14573 2.17907 1.50733 3.26042 1.78586 2.06438 1.37626 2.3593 1.78586 1.91693 2.19546 2.40845 2.24461 1.58925 3.60448 3.40787 1.62202 3.19488 3.47341 1.75309 2.75251 1.81862 
Utility: 6.29062 5.85994 5.69076 5.48525 5.95008 5.98828 5.6441 5.53815 6.30493 5.91592 5.31574 6.33373 6.01351 5.84736 5.44726 6.28928 5.47968 5.7954 5.92974 5.79586 6.22905 5.61968 6.40446 6.37226 5.93805 6.27511 6.38361 5.49597 5.93615 6.04976 

--------------------------------------
Time: 6.00007
Split Ratios: 1 1 1 1 1 1 1 1 1 1 1 1 1 1 1 1 1 1 1 1 1 1 1 1 1 1 1 1 1 1 
Delays: 0.0043165 0.00712841 0.00582388 0.00723164 0.00730528 0.00590904 0.00574166 0.00728848 0.00575207 0.00594624 0.00739918 0.00579389 0.00437584 0.00598015 0.00594492 0.00446386 0.0073716 0.00588291 0.00582249 0.00728159 0.00437638 0.0057895 0.00594157 0.0058483 0.00428039 0.00601266 0.00578551 0.00720854 0.00721798 0.00428839 
Throughputs: 2.99827 2.49037 2.17907 1.76947 2.89997 1.80224 1.62202 1.70394 3.11296 2.17907 1.6384 2.83443 1.7367 2.52314 1.7367 2.32653 1.81862 1.70394 2.16269 2.32653 2.39206 1.60563 3.47341 3.53894 1.88416 2.83443 3.16211 1.98246 2.75251 2.06438 
Utility: 6.54335 5.8561 5.92469 5.49997 5.98386 5.7203 5.64368 5.4544 6.29377 5.9039 5.40011 6.19279 5.98365 6.04481 5.67721 6.25612 5.5082 5.66864 5.91738 5.76678 6.30369 5.62523 6.37092 6.40543 6.08719 6.15573 6.30364 5.61683 5.94369 6.17668 

--------------------------------------
Time: 6.50019
Split Ratios: 1 1 1 1 1 1 1 1 1 1 1 1 1 1 1 1 1 1 1 1 1 1 1 1 1 1 1 1 1 1 
Delays: 0.00429265 0.0071453 0.00577794 0.00726935 0.00724039 0.00578147 0.00574625 0.0072979 0.00573052 0.00585477 0.0073145 0.00575699 0.00437049 0.00587803 0.00588212 0.00436782 0.00739399 0.0058839 0.00584851 0.00721982 0.00438205 0.00576226 0.00585096 0.00581432 0.00429397 0.00599148 0.00582917 0.0072222 0.00718751 0.00428053 
Throughputs: 2.68698 2.80166 2.01523 1.86778 2.63782 2.08077 1.39264 1.75309 2.99827 1.96608 1.49094 3.09658 1.75309 2.08077 1.60563 2.26099 1.90054 2.17907 2.42483 2.32653 2.49037 1.72032 3.26042 3.26042 2.32653 2.78528 2.78528 1.81862 2.78528 1.75309 
Utility: 6.43927 5.97151 5.85444 5.54884 5.89803 5.88583 5.49041 5.48155 6.25999 5.81654 5.31731 6.28764 5.99426 5.86927 5.60936 6.2493 5.54923 5.91443 6.02733 5.7753 6.34267 5.69894 6.323 6.32929 6.29492 6.14177 6.16923 5.52868 5.95976 6.01506 

--------------------------------------
Time: 7.00026
Split Ratios: 1 1 1 1 1 1 1 1 1 1 1 1 1 1 1 1 1 1 1 1 1 1 1 1 1 1 1 1 1 1 
Delays: 0.00428919 0.00713035 0.00579151 0.00725441 0.00728903 0.00583077 0.00574748 0.00729021 0.00574574 0.00589266 0.00750402 0.0057886 0.00437331 0.00601813 0.0059707 0.00444783 0.00743216 0.00593285 0.00583431 0.00727642 0.00436943 0.00578327 0.0058537 0.00592327 0.00428781 0.00604096 0.00587857 0.00721391 0.00724973 0.00427325 
Throughputs: 2.40845 2.49037 2.40845 1.49094 3.01466 1.86778 1.76947 1.80224 2.81805 2.21184 1.49094 3.16211 1.80224 2.58867 1.65478 2.75251 1.62202 2.22822 2.50675 2.37568 2.19546 1.75309 3.01466 3.40787 1.7367 2.83443 3.40787 1.9497 2.85082 1.86778 
Utility: 6.33064 5.85583 6.03034 5.32556 6.02487 5.76935 5.72968 5.51025 6.19534 5.92787 5.29173 6.30311 6.02126 6.06412 5.62456 6.42785 5.38561 5.92846 6.06299 5.7884 6.21951 5.71416 6.24417 6.35495 6.00397 6.15103 6.36253 5.59942 5.9744 6.08013 

--------------------------------------
Time: 7.50031
Split Ratios: 1 1 1 1 1 1 1 1 1 1 1 1 1 1 1 1 1 1 1 1 1 1 1 1 1 1 1 1 1 1 
Delays: 0.00429669 0.00713869 0.00582544 0.00732417 0.00727518 0.00586107 0.00583625 0.00728525 0.00577635 0.00584429 0.00736568 0.005776 0.00436405 0.0059225 0.00585783 0.0044229 0.00746383 0.00583582 0.00581615 0.00731294 0.00437466 0.00580525 0.00585825 0.00581275 0.00429269 0.00599575 0.00589565 0.00719791 0.00722956 0.00429704 
Throughputs: 2.58867 2.89997 2.32653 1.68755 2.98189 1.83501 1.81862 1.70394 2.88358 1.86778 1.44179 2.81805 1.75309 1.85139 1.31072 2.65421 1.83501 1.85139 2.4576 2.17907 2.21184 1.65478 2.81805 3.42426 1.83501 3.32595 3.81747 1.9497 3.09658 2.06438 
Utility: 6.40105 6.00693 5.9899 5.43985 6.01584 5.74647 5.74175 5.45484 6.21302 5.76704 5.27681 6.19009 5.99573 5.74494 5.41055 6.39711 5.50474 5.75968 6.0463 5.69701 6.22575 5.65266 6.17595 6.37859 6.05789 6.31846 6.47313 5.60164 6.05987 6.17466 

--------------------------------------
Time: 8.00035
Split Ratios: 1 1 1 1 1 1 1 1 1 1 1 1 1 1 1 1 1 1 1 1 1 1 1 1 1 1 1 1 1 1 
Delays: 0.00429417 0.00713594 0.00582099 0.00730719 0.00730205 0.00587793 0.00573179 0.00723466 0.00572607 0.00586291 0.00735842 0.0057979 0.00438479 0.00600227 0.005933 0.00439895 0.00752885 0.00585269 0.00584705 0.00729114 0.00437828 0.00576573 0.00587993 0.00581644 0.00427501 0.00606927 0.00591174 0.00718129 0.00725576 0.00427339 
Throughputs: 2.80166 2.73613 1.98246 1.76947 2.63782 2.27738 1.44179 1.70394 2.75251 2.06438 1.14688 3.06381 1.88416 2.34291 1.50733 2.83443 2.08077 2.048 2.31014 2.21184 2.3593 1.60563 3.12934 3.19488 1.90054 3.29318 3.48979 1.9497 3.06381 1.85139 
Utility: 6.48071 5.94916 5.83063 5.48958 5.88955 5.95958 5.52761 5.46181 6.17524 5.86394 5.04895 6.26992 6.06309 5.96701 5.53756 6.46823 5.62175 5.85772 5.97913 5.71492 6.28946 5.62934 6.27703 6.30862 6.09711 6.29637 6.38066 5.60395 6.04562 6.07129 

--------------------------------------
Time: 8.50035
Split Ratios: 1 1 1 1 1 1 1 1 1 1 1 1 1 1 1 1 1 1 1 1 1 1 1 1 1 1 1 1 1 1 
Delays: 0.00430752 0.00715238 0.00581046 0.00730374 0.00733466 0.00590714 0.00575426 0.00725632 0.00576148 0.00586293 0.00736417 0.00581495 0.00437373 0.00591539 0.00588857 0.00438596 0.00739432 0.00587144 0.00586232 0.00729156 0.00440897 0.00575925 0.00589988 0.00581725 0.00428624 0.00597095 0.00591472 0.00721951 0.0072173 0.00429079 
Throughputs: 2.67059 2.99827 2.26099 1.83501 2.70336 2.27738 1.72032 1.68755 3.04742 1.98246 1.49094 3.14573 1.76947 1.93331 1.55648 2.42483 1.90054 2.03162 1.9497 2.62144 2.8672 1.80224 3.16211 3.29318 1.93331 2.99827 3.35872 1.96608 2.63782 2.11354 
Utility: 6.42969 6.03835 5.9639 5.52642 5.90964 5.95462 5.70033 5.44916 6.27086 5.82345 5.31054 6.29337 6.00282 5.78943 5.57717 6.31511 5.54918 5.84649 5.80688 5.88476 6.47745 5.74598 6.28406 6.33878 6.11158 6.21889 6.34187 5.60701 5.90123 6.19965 

--------------------------------------
Time: 9.00043
Split Ratios: 1 1 1 1 1 1 1 1 1 1 1 1 1 1 1 1 1 1 1 1 1 1 1 1 1 1 1 1 1 1 
Delays: 0.00428308 0.00713591 0.00582466 0.00730113 0.0072268 0.00585869 0.00573627 0.00725109 0.00574323 0.00590914 0.0073476 0.00578544 0.00434109 0.00595106 0.00590832 0.004398 0.00740979 0.0058878 0.00582536 0.00729805 0.0043209 0.00578469 0.00589904 0.00581722 0.00429176 0.00608702 0.00586465 0.00718366 0.00722208 0.00427851 
Throughputs: 2.68698 3.08019 1.49094 1.57286 2.62144 2.048 1.81862 1.72032 2.94912 1.9497 1.7367 2.99827 1.90054 2.1463 1.45818 2.60506 1.72032 1.91693 1.78586 2.27738 2.29376 1.78586 3.16211 2.8672 1.90054 3.34234 3.35872 1.80224 2.68698 1.72032 
Utility: 6.4415 6.06761 5.54506 5.37262 5.89368 5.85669 5.75903 5.46911 6.24124 5.79893 5.46537 6.25045 6.08177 5.88793 5.50858 6.38406 5.44746 5.7856 5.72543 5.74317 6.27448 5.73244 6.28421 6.20027 6.0932 6.30827 6.35037 5.52498 5.91903 5.99666 

--------------------------------------
Time: 9.50058
Split Ratios: 1 1 1 1 1 1 1 1 1 1 1 1 1 1 1 1 1 1 1 1 1 1 1 1 1 1 1 1 1 1 
Delays: 0.0042855 0.00713142 0.00585709 0.00725513 0.00730882 0.00587871 0.00574271 0.00727795 0.00573673 0.00594908 0.00733864 0.00584747 0.00439981 0.00604883 0.00591648 0.0044307 0.00751169 0.00598893 0.00584474 0.00736305 0.0043485 0.00574655 0.00599577 0.00585997 0.00430264 0.00604945 0.00589121 0.00719376 0.00719877 0.00427208 
Throughputs: 2.4576 2.34291 2.19546 1.90054 2.81805 2.22822 1.60563 2.16269 3.12934 1.99885 1.55648 3.21126 1.83501 2.3593 1.52371 2.71974 1.83501 1.93331 2.37568 2.22822 2.12992 1.67117 3.29318 3.08019 1.85139 2.99827 3.06381 2.19546 3.11296 1.99885 
Utility: 6.3517 5.79464 5.92649 5.56819 5.95472 5.93762 5.63334 5.69426 6.30169 5.81709 5.35703 6.30841 6.03324 5.96625 5.55116 6.41974 5.49834 5.77708 6.0075 5.71249 6.19401 5.67268 6.30856 6.2646 6.06446 6.20582 6.25395 5.72093 6.06942 6.14823 

--------------------------------------
Time: 10.0007
Split Ratios: 1 1 1 1 1 1 1 1 1 1 1 1 1 1 1 1 1 1 1 1 1 1 1 1 1 1 1 1 1 1 
Delays: 0.00430911 0.00713771 0.00579222 0.00728297 0.00730012 0.00586403 0.00577627 0.00730258 0.00577869 0.0059195 0.00732626 0.00579562 0.00436398 0.00586308 0.00588449 0.00438747 0.00739625 0.00586629 0.00579515 0.0073083 0.0043757 0.00579636 0.00592616 0.00584164 0.00427639 0.00600727 0.00589742 0.00718615 0.00725451 0.00428627 
Throughputs: 2.94912 2.98189 2.22822 1.6384 2.75251 2.32653 1.78586 1.6384 2.91635 2.16269 1.35987 3.09658 1.98246 1.9497 1.49094 2.32653 1.83501 1.93331 2.1463 2.58867 2.19546 1.83501 3.47341 3.30957 1.78586 3.21126 3.39149 2.1463 2.8672 2.1463 
Utility: 6.52853 6.03492 5.95244 5.41594 5.93238 5.98329 5.7339 5.41325 6.22391 5.90086 5.22368 6.28095 6.11871 5.80675 5.53484 6.27338 5.51383 5.79777 5.91448 5.86989 6.21808 5.75757 6.37352 6.33956 6.03454 6.28145 6.35451 5.69935 5.97947 6.21609 

--------------------------------------
Time: 10.5008
Split Ratios: 1 1 1 1 1 1 1 1 1 1 1 1 1 1 1 1 1 1 1 1 1 1 1 1 1 1 1 1 1 1 
Delays: 0.00429344 0.00712103 0.00581283 0.00733383 0.00727946 0.00588104 0.00577246 0.00726973 0.00576326 0.00586716 0.00744807 0.00578911 0.00437348 0.00617113 0.00595304 0.00435147 0.00754818 0.00586782 0.00582593 0.00734363 0.00437937 0.00578308 0.00591643 0.00579382 0.0042714 0.00615685 0.0058975 0.00721127 0.00721749 0.00429667 
Throughputs: 2.62144 2.60506 1.96608 1.85139 3.08019 2.01523 1.67117 1.78586 3.24403 1.83501 1.50733 2.99827 1.86778 2.39206 1.50733 2.37568 1.96608 1.88416 2.06438 2.27738 1.98246 1.78586 3.26042 2.80166 1.50733 3.16211 3.3751 1.76947 2.9655 2.03162 
Utility: 6.41439 5.90216 5.82373 5.53119 6.04769 5.83676 5.66818 5.50393 6.33307 5.74543 5.31014 6.24981 6.05694 5.96003 5.53419 6.30253 5.56249 5.77175 5.87027 5.73695 6.11519 5.73272 6.31188 6.18118 5.86615 6.24143 6.34965 5.50279 6.01829 6.15875 

--------------------------------------
Time: 11.0008
Split Ratios: 1 1 1 1 1 1 1 1 1 1 1 1 1 1 1 1 1 1 1 1 1 1 1 1 1 1 1 1 1 1 
Delays: 0.00428653 0.00714523 0.00582301 0.00729264 0.00730321 0.0058671 0.00572189 0.00729444 0.00573708 0.00584965 0.00742766 0.00581742 0.0043882 0.00601446 0.00596441 0.00438128 0.00750742 0.00584039 0.00580175 0.00726992 0.00435782 0.00579289 0.00593513 0.00581022 0.00429667 0.00602752 0.00587799 0.00717882 0.00720032 0.00427104 
Throughputs: 2.65421 2.63782 2.06438 1.75309 2.9655 2.01523 1.49094 1.93331 2.73613 1.81862 1.50733 2.89997 2.08077 2.47398 1.67117 2.29376 2.11354 2.048 2.34291 2.27738 2.32653 1.5401 3.30957 3.1785 1.98246 3.22765 3.32595 1.91693 2.81805 1.86778 
Utility: 6.42842 5.91126 5.87077 5.48227 6.00649 5.83913 5.56286 5.57988 6.16735 5.73945 5.31288 6.2116 6.16157 6.01942 5.63547 6.26061 5.64023 5.85982 6.00099 5.74703 6.28016 5.58297 6.32368 6.30454 6.13426 6.28317 6.3383 5.58734 5.96967 6.08065 

--------------------------------------
Time: 11.5008
Split Ratios: 1 1 1 1 1 1 1 1 1 1 1 1 1 1 1 1 1 1 1 1 1 1 1 1 1 1 1 1 1 1 
Delays: 0.00432106 0.00713404 0.00585235 0.00723367 0.0073068 0.00593595 0.00575788 0.00732599 0.0057533 0.00586972 0.00747498 0.00578431 0.00439586 0.00604212 0.00593174 0.00443076 0.00754208 0.00592477 0.00583999 0.00726901 0.00434781 0.00579444 0.00595185 0.00580806 0.0042869 0.00608172 0.0059049 0.00720625 0.00723133 0.00427444 
Throughputs: 2.94912 2.63782 2.27738 1.45818 2.88358 2.29376 1.6384 2.08077 2.91635 1.80224 1.27795 2.85082 1.90054 2.39206 1.7367 2.52314 1.93331 2.03162 1.98246 2.1463 1.93331 1.72032 3.63725 3.24403 1.65478 3.29318 3.5881 2.27738 3.3751 1.90054 
Utility: 6.52576 5.91283 5.96394 5.30619 5.97798 5.95692 5.65091 5.64906 6.22832 5.72698 5.14145 6.20021 6.06923 5.98116 5.67943 6.34469 5.54649 5.83745 5.82737 5.68788 6.09732 5.69337 6.41528 6.32533 5.95586 6.29432 6.4096 5.75583 6.14576 6.09724 

--------------------------------------
Time: 12.001
Split Ratios: 1 1 1 1 1 1 1 1 1 1 1 1 1 1 1 1 1 1 1 1 1 1 1 1 1 1 1 1 1 1 
Delays: 0.00429326 0.00712983 0.00580323 0.00725832 0.0073237 0.00590173 0.00577033 0.00724783 0.00576795 0.00590367 0.00731718 0.00577564 0.00435725 0.0059519 0.00587534 0.00436037 0.00744519 0.00588593 0.00585268 0.00737358 0.00436006 0.00573291 0.00592167 0.00579715 0.00429465 0.0060704 0.00581319 0.00720939 0.0071856 0.00428587 
Throughputs: 2.47398 2.75251 1.98246 1.72032 2.94912 1.9497 1.65478 1.86778 3.01466 2.09715 1.42541 2.62144 1.83501 2.12992 1.3271 2.52314 1.7367 1.88416 2.048 2.44122 2.16269 1.27795 3.26042 2.81805 2.19546 3.24403 3.34234 2.19546 3.06381 2.048 
Utility: 6.35654 5.95598 5.83368 5.46812 5.99815 5.80018 5.6587 5.5518 6.25892 5.87276 5.27199 6.11783 6.04296 5.88013 5.41999 6.3607 5.45218 5.76867 5.85772 5.80235 6.20662 5.40679 6.31099 6.18643 6.23677 6.28115 6.3543 5.71876 6.05534 6.1693 

--------------------------------------
Time: 12.501
Split Ratios: 1 1 1 1 1 1 1 1 1 1 1 1 1 1 1 1 1 1 1 1 1 1 1 1 1 1 1 1 1 1 
Delays: 0.00429954 0.00714679 0.00580839 0.00734399 0.00727025 0.00583075 0.005718 0.00725755 0.00576698 0.00589728 0.00745225 0.00579311 0.00437766 0.00600942 0.00595064 0.00443266 0.00750622 0.00593825 0.00582547 0.00729602 0.00434584 0.00581556 0.00594586 0.0058571 0.00429487 0.0062111 0.00598432 0.00719151 0.00726073 0.00429543 
Throughputs: 2.47398 2.73613 1.96608 1.75309 2.50675 2.16269 1.49094 1.7367 3.03104 2.19546 1.70394 2.83443 1.80224 2.12992 1.37626 2.60506 2.09715 2.16269 2.24461 2.27738 2.44122 1.85139 3.09658 3.44064 1.93331 2.81805 3.7847 1.90054 2.9655 2.01523 
Utility: 6.35508 5.94764 5.82449 5.47525 5.84295 5.91596 5.56354 5.4777 6.26451 5.91965 5.43218 6.19293 6.02027 5.87051 5.44362 6.37621 5.6326 5.89769 5.95405 5.74345 6.33103 5.76316 6.25536 6.37576 6.10957 6.11746 6.44958 5.57699 6.01232 6.15094 

--------------------------------------
Time: 13.0012
Split Ratios: 1 1 1 1 1 1 1 1 1 1 1 1 1 1 1 1 1 1 1 1 1 1 1 1 1 1 1 1 1 1 
Delays: 0.00431165 0.00714466 0.00580193 0.00728206 0.0073229 0.00583525 0.00575792 0.00729788 0.00575287 0.00585296 0.00745495 0.00576486 0.00440155 0.00591883 0.00591807 0.00439199 0.00748854 0.00589967 0.00584725 0.00729929 0.00439449 0.00577145 0.00592947 0.00582106 0.0042875 0.00611055 0.00595326 0.00723013 0.00720159 0.0042735 
Throughputs: 2.52314 3.04742 2.01523 1.72032 2.98189 2.01523 1.60563 1.67117 2.98189 1.98246 1.3271 2.88358 2.08077 2.16269 1.50733 3.04742 2.16269 1.81862 2.49037 2.24461 2.34291 1.86778 3.32595 2.63782 1.75309 2.80166 3.6864 2.01523 2.5559 1.9497 
Utility: 6.37194 6.05569 5.8503 5.46485 6.00931 5.84457 5.6307 5.43369 6.25061 5.82515 5.18188 6.21501 6.15854 5.90097 5.54008 6.54227 5.66573 5.73094 6.05421 5.72851 6.2788 5.77958 6.32958 6.11623 6.01343 6.12795 6.42847 5.63023 5.87186 6.12299 

--------------------------------------
Time: 13.5012
Split Ratios: 1 1 1 1 1 1 1 1 1 1 1 1 1 1 1 1 1 1 1 1 1 1 1 1 1 1 1 1 1 1 
Delays: 0.0042869 0.00716404 0.00583805 0.00726046 0.00730194 0.00587941 0.005727 0.0073034 0.00573976 0.00584841 0.00734116 0.00577343 0.00438432 0.00602197 0.00586372 0.00436097 0.00745855 0.00585671 0.00583366 0.00729224 0.00433391 0.00580152 0.00593786 0.0057858 0.00427923 0.00599075 0.00593609 0.00719068 0.00721928 0.00428211 
Throughputs: 2.63782 2.58867 1.98246 1.55648 3.16211 2.08077 1.45818 1.96608 2.73613 1.86778 1.62202 3.06381 2.03162 2.19546 1.47456 2.67059 1.90054 1.86778 1.96608 2.22822 2.22822 1.75309 3.21126 3.03104 1.65478 2.99827 3.6864 1.93331 2.85082 1.62202 
Utility: 6.42215 5.88983 5.8277 5.36774 6.07086 5.86904 5.53975 5.59546 6.16688 5.76633 5.39793 6.27415 6.13855 5.89873 5.52733 6.41736 5.54053 5.76492 5.82015 5.72215 6.24249 5.71101 6.29307 6.26125 5.95765 6.21557 6.43136 5.5942 5.9786 5.93698 

--------------------------------------
Time: 14.0013
Split Ratios: 1 1 1 1 1 1 1 1 1 1 1 1 1 1 1 1 1 1 1 1 1 1 1 1 1 1 1 1 1 1 
Delays: 0.00428093 0.00713171 0.00585499 0.00733186 0.0072974 0.00585838 0.00577925 0.0073116 0.00578372 0.00583104 0.00743149 0.00576661 0.00439323 0.00598787 0.00598471 0.00441245 0.00746919 0.00588663 0.00585547 0.00728885 0.00433258 0.00579187 0.00587018 0.00577956 0.00428961 0.00604119 0.00587238 0.0072001 0.00721087 0.00429545 
Throughputs: 2.71974 2.53952 2.26099 1.72032 2.73613 1.98246 1.58925 2.048 3.34234 2.06438 1.57286 2.93274 1.88416 2.53952 1.29434 2.37568 1.90054 2.048 2.26099 2.048 2.21184 1.90054 2.88358 2.98189 1.76947 3.2768 3.62086 1.86778 2.8672 2.11354 
Utility: 6.45412 5.87518 5.95627 5.45804 5.92678 5.82422 5.61674 5.63516 6.35938 5.86939 5.35493 6.23161 6.06117 6.05 5.37654 6.28861 5.53911 5.85194 5.95618 5.63827 6.23542 5.79344 6.1969 6.24598 6.02224 6.29602 6.42421 5.55841 5.9855 6.19856 

--------------------------------------
Time: 14.5014
Split Ratios: 1 1 1 1 1 1 1 1 1 1 1 1 1 1 1 1 1 1 1 1 1 1 1 1 1 1 1 1 1 1 
Delays: 0.00430927 0.00714756 0.00587301 0.00732412 0.0073294 0.00583002 0.0057315 0.00729452 0.00572587 0.00584879 0.00739287 0.00577882 0.00439871 0.00597822 0.00588711 0.00447363 0.00737994 0.00593065 0.00581845 0.00725092 0.00436393 0.00577405 0.005873 0.00583714 0.00428186 0.00608677 0.00592118 0.00722553 0.00722829 0.00428962 
Throughputs: 2.75251 2.50675 1.90054 1.62202 2.93274 1.65478 1.65478 1.55648 2.63782 1.88416 1.72032 3.55533 2.1463 2.19546 1.57286 2.70336 1.65478 2.17907 1.90054 2.32653 2.63782 1.55648 2.9655 3.14573 1.86778 3.14573 3.63725 1.90054 3.08019 1.86778 
Utility: 6.4595 5.85997 5.77953 5.40025 5.9918 5.64841 5.66545 5.36306 6.13271 5.775 5.44975 6.422 6.19019 5.90602 5.58789 6.40405 5.41266 5.90652 5.78886 5.771 6.40434 5.59681 6.22444 6.28956 6.07812 6.24768 6.42045 5.57227 6.05475 6.0763 

--------------------------------------
Time: 15.0014
Split Ratios: 1 1 1 1 1 1 1 1 1 1 1 1 1 1 1 1 1 1 1 1 1 1 1 1 1 1 1 1 1 1 
Delays: 0.004298 0.00712282 0.00583235 0.00730242 0.00727622 0.00587324 0.00573298 0.00730409 0.00576386 0.00583941 0.00740846 0.00578052 0.00443026 0.00599704 0.00594475 0.00439314 0.00749182 0.00588021 0.00587514 0.0073399 0.00440138 0.00577086 0.00590167 0.0058257 0.00428289 0.00606826 0.00586329 0.00721084 0.00720383 0.00429143 
Throughputs: 2.52314 2.44122 2.16269 1.85139 2.71974 2.27738 1.6384 1.67117 2.80166 2.21184 1.47456 3.26042 2.26099 2.12992 1.52371 2.42483 2.06438 1.91693 1.91693 2.12992 2.22822 1.72032 2.73613 3.30957 1.88416 3.32595 3.19488 1.99885 2.85082 1.93331 
Utility: 6.37511 5.83695 5.91569 5.53549 5.92368 5.96037 5.65524 5.43284 6.18636 5.93695 5.29349 6.33512 6.2351 5.87257 5.5464 6.31347 5.61878 5.78689 5.78775 5.67051 6.22704 5.69744 6.13906 6.34229 6.08661 6.30644 6.30059 5.62474 5.98075 6.11037 

--------------------------------------
Time: 15.5015
Split Ratios: 1 1 1 1 1 1 1 1 1 1 1 1 1 1 1 1 1 1 1 1 1 1 1 1 1 1 1 1 1 1 
Delays: 0.00428905 0.00714015 0.00584717 0.00734172 0.00725286 0.00587747 0.00575178 0.00727698 0.00576877 0.00587145 0.00738353 0.00579301 0.00440875 0.00597787 0.00591215 0.00439518 0.00746538 0.00588086 0.00582421 0.00726561 0.00438272 0.00579751 0.00588504 0.00587966 0.00428613 0.00598047 0.00591577 0.00722362 0.00722414 0.00429431 
Throughputs: 2.99827 2.62144 2.24461 1.70394 2.60506 2.09715 1.75309 1.39264 3.11296 1.76947 1.35987 3.08019 1.81862 2.31014 1.35987 2.3593 2.11354 2.12992 2.01523 2.44122 2.32653 1.88416 3.12934 3.19488 1.9497 2.70336 3.80109 2.1463 3.1785 1.88416 
Utility: 6.54973 5.90575 5.95033 5.44712 5.88381 5.87721 5.71962 5.25424 6.29087 5.70833 5.21589 6.2761 6.02224 5.957 5.43814 6.28561 5.64584 5.89214 5.84647 5.8171 6.27446 5.78381 6.27616 6.29781 6.12005 6.11375 6.46542 5.69415 6.08673 6.08395 

--------------------------------------
Time: 16.0018
Split Ratios: 1 1 1 1 1 1 1 1 1 1 1 1 1 1 1 1 1 1 1 1 1 1 1 1 1 1 1 1 1 1 
Delays: 0.00429502 0.00715022 0.00581876 0.00724911 0.00724996 0.00584412 0.00574647 0.00731488 0.00575833 0.00587892 0.00736908 0.00577817 0.00439171 0.00594862 0.00587564 0.004381 0.00741363 0.0058863 0.0058386 0.00732687 0.00438702 0.00579042 0.00589595 0.00582336 0.00428777 0.00606155 0.00588522 0.00725211 0.00723857 0.00428988 
Throughputs: 2.60506 2.9655 2.11354 1.55648 2.49037 1.9497 1.52371 1.91693 3.16211 2.08077 1.42541 3.12934 1.6384 2.09715 1.5401 2.68698 1.99885 1.76947 2.5559 2.21184 2.42483 1.85139 3.3751 3.04742 1.68755 3.19488 3.5881 1.9497 2.98189 1.7367 
Utility: 6.40775 6.02766 5.89503 5.3693 5.83919 5.80999 5.58032 5.56857 6.30835 5.86912 5.26492 6.29449 5.92176 5.86518 5.56879 6.41889 5.59701 5.70581 6.08167 5.71003 6.31487 5.76749 6.34992 6.26017 5.97527 6.26734 6.41293 5.59414 6.02089 6.00349 

--------------------------------------
Time: 16.5019
Split Ratios: 1 1 1 1 1 1 1 1 1 1 1 1 1 1 1 1 1 1 1 1 1 1 1 1 1 1 1 1 1 1 
Delays: 0.0043128 0.00713433 0.00588939 0.00728743 0.00729544 0.00584563 0.0057627 0.00728823 0.00574063 0.00590147 0.00742963 0.00577652 0.00439494 0.00614084 0.00603455 0.00437788 0.00750002 0.00591002 0.00585344 0.00728396 0.00437043 0.00575923 0.00589669 0.00584767 0.00428029 0.00604313 0.00584753 0.0072013 0.00720725 0.00429257 
Throughputs: 2.57229 2.63782 2.09715 1.62202 2.8672 2.26099 1.91693 1.76947 3.14573 1.80224 1.45818 3.30957 2.24461 2.29376 1.47456 2.57229 1.75309 2.19546 2.17907 2.53952 2.27738 1.99885 3.09658 3.19488 1.93331 2.88358 3.30957 1.83501 2.63782 1.7367 
Utility: 6.39096 5.91279 5.87518 5.40527 5.97384 5.95786 5.80707 5.49218 6.30623 5.72158 5.27947 6.35077 6.23583 5.92299 5.49861 6.37599 5.45423 5.9175 5.91963 5.85406 6.25592 5.84952 6.26366 6.30326 6.11297 6.16787 6.33855 5.54054 5.90262 6.00286 

--------------------------------------
Time: 17.002
Split Ratios: 1 1 1 1 1 1 1 1 1 1 1 1 1 1 1 1 1 1 1 1 1 1 1 1 1 1 1 1 1 1 
Delays: 0.00428772 0.00712904 0.0058242 0.00725347 0.00729713 0.00586882 0.00574305 0.00726607 0.00575628 0.00590621 0.00737823 0.00579912 0.0043795 0.00597956 0.00591737 0.00441749 0.00741636 0.0059017 0.00579387 0.00733719 0.00435844 0.00577089 0.00595295 0.00581823 0.00428219 0.00602576 0.00588056 0.00719304 0.00721026 0.00429443 
Throughputs: 2.65421 2.4576 1.72032 1.65478 2.98189 2.24461 1.65478 1.58925 3.1785 2.34291 1.19603 2.89997 1.85139 2.12992 1.55648 2.47398 2.1463 2.06438 2.08077 2.42483 2.1463 1.70394 3.04742 3.32595 2.22822 3.11296 3.75194 1.7367 2.70336 2.27738 
Utility: 6.42815 5.84276 5.68824 5.42995 6.01283 5.94663 5.66343 5.3878 6.31387 5.98315 5.08823 6.21475 6.04676 5.87549 5.57229 6.32801 5.66781 5.85735 5.88369 5.80056 6.19939 5.68787 6.23817 6.34852 6.2545 6.24729 6.45838 5.48663 5.92675 6.27346 

--------------------------------------
Time: 17.5021
Split Ratios: 1 1 1 1 1 1 1 1 1 1 1 1 1 1 1 1 1 1 1 1 1 1 1 1 1 1 1 1 1 1 
Delays: 0.00428514 0.00713005 0.00582253 0.00725944 0.00731101 0.00586252 0.00573109 0.00730837 0.0057472 0.00588764 0.00730279 0.00580094 0.00439488 0.00593062 0.00589143 0.00441983 0.00743889 0.0058586 0.00583527 0.00737004 0.00434773 0.00577608 0.00591115 0.00580266 0.00427759 0.00597463 0.00584492 0.00722117 0.00727882 0.00428978 
Throughputs: 2.26099 2.58867 2.19546 1.45818 3.11296 2.08077 1.45818 1.85139 3.03104 1.91693 1.40902 3.1785 1.78586 1.96608 1.62202 2.44122 2.11354 2.17907 2.11354 2.60506 2.16269 1.7367 2.9655 2.94912 1.88416 3.14573 3.32595 1.80224 3.08019 1.85139 
Utility: 6.2684 5.89458 5.93241 5.30264 6.05395 5.87191 5.53904 5.53467 6.26795 5.78562 5.2624 6.30614 6.00721 5.80367 5.61793 6.31415 5.6494 5.91874 5.8922 5.86779 6.20945 5.70602 6.21796 6.23095 6.08785 6.26628 6.34394 5.51977 6.04778 6.06746 

--------------------------------------
Time: 18.0022
Split Ratios: 1 1 1 1 1 1 1 1 1 1 1 1 1 1 1 1 1 1 1 1 1 1 1 1 1 1 1 1 1 1 
Delays: 0.00428908 0.00713826 0.00579841 0.00730871 0.00727124 0.00586629 0.005742 0.00730061 0.00575927 0.00591525 0.00737372 0.00577037 0.00439223 0.00596718 0.00591625 0.00441741 0.00743647 0.00588977 0.00582573 0.00733021 0.00436159 0.00576828 0.00590499 0.00585072 0.00429449 0.0060624 0.00588803 0.00719896 0.0072865 0.00428775 
Throughputs: 2.37568 2.88358 2.01523 1.80224 2.89997 2.31014 1.57286 1.7367 3.26042 1.96608 1.44179 3.03104 1.6384 2.32653 1.75309 2.70336 2.048 2.34291 2.29376 2.52314 2.24461 1.72032 3.19488 2.9655 1.65478 3.14573 3.09658 1.81862 3.03104 1.91693 
Utility: 6.31697 6.00132 5.85091 5.50772 5.98853 5.97584 5.61285 5.47179 6.3388 5.80626 5.27572 6.26392 5.92164 5.96586 5.69143 6.4167 5.61822 5.98593 5.97566 5.84125 6.24345 5.69789 6.29351 6.22824 5.95409 6.2517 6.26513 5.5319 6.03064 6.10272 

--------------------------------------
Time: 18.5022
Split Ratios: 1 1 1 1 1 1 1 1 1 1 1 1 1 1 1 1 1 1 1 1 1 1 1 1 1 1 1 1 1 1 
Delays: 0.00430708 0.00715076 0.00582304 0.0072815 0.00730541 0.00582887 0.005748 0.00729536 0.00576002 0.00584942 0.00736928 0.0057882 0.00440901 0.00597533 0.00591743 0.0043771 0.00748552 0.0059246 0.00586425 0.00731208 0.00436837 0.00578467 0.00591549 0.00579732 0.00428818 0.00599553 0.00585911 0.0072019 0.00719698 0.00429135 
Throughputs: 2.81805 3.06381 2.16269 1.67117 2.8672 1.81862 1.7367 1.7367 2.99827 1.90054 1.49094 3.01466 1.76947 2.53952 1.49094 2.58867 1.90054 2.01523 2.24461 2.11354 2.34291 1.6384 3.21126 2.83443 1.65478 3.29318 3.48979 1.96608 3.03104 1.91693 
Utility: 6.48354 6.0602 5.91728 5.43594 5.97248 5.74301 5.71089 5.47251 6.25485 5.78355 5.30985 6.25542 5.99479 6.05209 5.52926 6.38251 5.53693 5.82938 5.94741 5.66659 6.28476 5.64626 6.29685 6.1922 5.95556 6.3086 6.3896 5.60945 6.043 6.10188 

--------------------------------------
Time: 19.0023
Split Ratios: 1 1 1 1 1 1 1 1 1 1 1 1 1 1 1 1 1 1 1 1 1 1 1 1 1 1 1 1 1 1 
Delays: 0.00430608 0.00715267 0.00584065 0.00729526 0.00732726 0.00597503 0.0057664 0.00727134 0.00573322 0.00592904 0.00745327 0.00582897 0.00436112 0.00606131 0.00597191 0.00443247 0.00751044 0.00586312 0.00580737 0.00730586 0.00437657 0.00580207 0.00593899 0.00584966 0.00428743 0.00615933 0.00592747 0.00720001 0.00720261 0.0042827 
Throughputs: 2.7689 2.93274 2.09715 1.55648 2.75251 2.12992 1.45818 1.86778 3.14573 1.83501 1.39264 3.24403 1.93331 2.40845 1.49094 2.63782 2.048 2.19546 2.06438 2.47398 2.03162 1.96608 3.47341 3.35872 1.93331 3.1785 3.50618 2.21184 2.67059 2.03162 
Utility: 6.46618 6.01621 5.88349 5.36296 5.92867 5.87625 5.53289 5.54856 6.30752 5.73494 5.2303 6.32173 6.09426 5.98481 5.5201 6.38875 5.60832 5.92546 5.87346 5.82491 6.14032 5.82558 6.37135 6.35293 6.1113 6.2462 6.38268 5.7275 5.91561 6.162 

--------------------------------------
Time: 19.5025
Split Ratios: 1 1 1 1 1 1 1 1 1 1 1 1 1 1 1 1 1 1 1 1 1 1 1 1 1 1 1 1 1 1 
Delays: 0.00431198 0.00715883 0.00585911 0.00727865 0.00728256 0.0059175 0.00576616 0.00735662 0.00575614 0.00593053 0.00739792 0.00580767 0.00441728 0.00594001 0.00587985 0.00437494 0.00752711 0.00583162 0.00582436 0.00732607 0.00434695 0.00578867 0.00591106 0.00582871 0.00428584 0.00599445 0.00584789 0.00718102 0.00722548 0.00429266 
Throughputs: 2.58867 2.99827 2.31014 1.40902 2.98189 2.048 1.60563 1.88416 2.9655 1.9497 1.49094 3.34234 2.47398 2.16269 1.67117 2.3593 1.67117 1.75309 2.12992 2.44122 2.32653 1.68755 3.57171 3.35872 1.81862 3.26042 3.32595 1.98246 3.22765 2.048 
Utility: 6.3975 6.03744 5.97707 5.26571 6.01483 5.8467 5.62927 5.54564 6.24454 5.79531 5.30597 6.35525 6.32806 5.8974 5.64975 6.29023 5.40277 5.70584 5.90179 5.80881 6.28266 5.67513 6.40398 6.35652 6.05052 6.29878 6.34343 5.62065 6.10189 6.16771 

--------------------------------------
Time: 20.0026
Split Ratios: 1 1 1 1 1 1 1 1 1 1 1 1 1 1 1 1 1 1 1 1 1 1 1 1 1 1 1 1 1 1 
Delays: 0.00429323 0.00713246 0.0058163 0.00726359 0.00729503 0.00584557 0.0057589 0.00728941 0.00573344 0.00584367 0.00752497 0.00578624 0.0043815 0.00605991 0.00597468 0.00441436 0.00749491 0.00588476 0.0058234 0.00728877 0.00437665 0.00578435 0.00589954 0.00581716 0.00427951 0.00614303 0.00588841 0.00720022 0.00722701 0.00429734 
Throughputs: 2.53952 2.26099 1.91693 1.6384 2.88358 2.01523 1.57286 1.58925 2.89997 1.93331 1.78586 3.03104 1.99885 2.40845 1.78586 2.11354 1.91693 1.83501 2.17907 2.49037 2.27738 1.83501 3.39149 3.29318 1.67117 2.9655 3.57171 1.85139 2.4576 1.80224 
Utility: 6.38269 5.7589 5.79781 5.4186 5.9796 5.84281 5.60991 5.38459 6.22614 5.80163 5.46943 6.26118 6.12293 5.98504 5.70012 6.17126 5.54426 5.74244 5.92477 5.83385 6.2545 5.75965 6.35415 6.3388 5.96744 6.17948 6.40781 5.54958 5.82912 6.03879 

--------------------------------------
Time: 20.5027
Split Ratios: 1 1 1 1 1 1 1 1 1 1 1 1 1 1 1 1 1 1 1 1 1 1 1 1 1 1 1 1 1 1 
Delays: 0.0043025 0.00713935 0.00582918 0.0072859 0.00730669 0.0059083 0.00577086 0.00728462 0.00577534 0.00591354 0.00739623 0.00578216 0.00439 0.00600805 0.00591457 0.00443632 0.00746635 0.0058939 0.00581647 0.0073013 0.00434208 0.0057887 0.00599809 0.00581872 0.00428603 0.00603021 0.00587403 0.00720337 0.00720015 0.00429288 
Throughputs: 2.47398 2.8672 2.31014 1.81862 2.58867 2.08077 1.93331 2.09715 2.65421 2.16269 1.39264 3.04742 1.81862 2.58867 1.78586 2.34291 1.6384 1.72032 1.90054 2.31014 2.19546 1.93331 3.7847 3.39149 1.86778 3.1785 3.29318 2.048 3.01466 1.90054 
Utility: 6.35439 5.99547 5.98219 5.51989 5.87011 5.86413 5.81417 5.66257 6.1303 5.90186 5.23799 6.26727 6.02651 6.0658 5.71023 6.26932 5.39107 5.67635 5.7892 5.75701 6.22579 5.81108 6.44728 6.36794 6.07714 6.26738 6.32907 5.65007 6.03714 6.09294 

--------------------------------------
Time: 21.0028
Split Ratios: 1 1 1 1 1 1 1 1 1 1 1 1 1 1 1 1 1 1 1 1 1 1 1 1 1 1 1 1 1 1 
Delays: 0.00429014 0.00715411 0.00580276 0.00726349 0.00731502 0.00590327 0.00573299 0.00730595 0.00575137 0.00588763 0.00736874 0.00581318 0.00434676 0.00598847 0.00588996 0.00435172 0.00743214 0.0059118 0.00582794 0.00734016 0.00436232 0.00578901 0.00597546 0.00580622 0.00428464 0.00606953 0.00583877 0.00720307 0.00724752 0.00428815 
Throughputs: 2.40845 2.63782 1.86778 1.55648 3.11296 2.31014 1.40902 1.67117 2.89997 1.81862 1.37626 3.3751 2.01523 2.22822 1.45818 2.47398 1.76947 1.96608 2.21184 2.68698 2.26099 1.67117 3.65363 2.93274 1.93331 3.11296 3.50618 1.81862 3.30957 1.81862 
Utility: 6.33042 5.91002 5.77417 5.36732 6.0534 5.96956 5.50442 5.43259 6.22302 5.73298 5.22987 6.36405 6.13906 5.91912 5.51169 6.34301 5.47262 5.80685 5.93892 5.90281 6.25055 5.66532 6.41582 6.22476 6.11195 6.24005 6.39776 5.53133 6.12391 6.04998 

--------------------------------------
Time: 21.5032
Split Ratios: 1 1 1 1 1 1 1 1 1 1 1 1 1 1 1 1 1 1 1 1 1 1 1 1 1 1 1 1 1 1 
Delays: 0.00428689 0.00712618 0.00581318 0.00727168 0.00730046 0.00587404 0.00575403 0.00728758 0.00575653 0.00586228 0.00730944 0.00577247 0.00441809 0.0059126 0.00587455 0.00440315 0.00741652 0.00585876 0.00583121 0.00735143 0.00437665 0.00578346 0.00593893 0.00581544 0.00427914 0.00593471 0.0059148 0.00722253 0.00722033 0.0042762 
Throughputs: 2.22822 2.91635 2.12992 1.60563 2.89997 1.75309 1.83501 1.83501 2.71974 1.80224 1.42541 3.16211 1.90054 1.99885 1.67117 2.39206 2.01523 1.81862 2.27738 2.40845 2.31014 1.98246 3.52256 3.11296 1.76947 2.83443 4.12877 1.72032 2.99827 1.7367 
Utility: 6.2534 6.01431 5.90371 5.39729 5.98452 5.69859 5.7649 5.52863 6.15796 5.72825 5.27305 6.3059 6.06419 5.82324 5.65065 6.29759 5.60478 5.7379 5.96755 5.79184 6.26878 5.83709 6.38541 6.28281 6.02468 6.16878 6.54828 5.47306 6.02889 6.00668 

--------------------------------------
Time: 22.0032
Split Ratios: 1 1 1 1 1 1 1 1 1 1 1 1 1 1 1 1 1 1 1 1 1 1 1 1 1 1 1 1 1 1 
Delays: 0.00429024 0.00714553 0.0057967 0.00733478 0.00726647 0.00588351 0.00572575 0.00726078 0.0057517 0.00582223 0.00734039 0.00576651 0.00436395 0.00597695 0.00592717 0.00441759 0.00744053 0.00585834 0.00583186 0.00728247 0.00438141 0.00578926 0.0059317 0.00585768 0.00428169 0.00615044 0.00587016 0.00719819 0.00722964 0.00427193 
Throughputs: 2.8672 2.78528 1.86778 1.65478 2.99827 2.1463 1.65478 1.52371 2.91635 1.93331 1.5401 2.89997 1.78586 2.29376 1.68755 2.58867 2.08077 1.83501 2.12992 2.09715 2.16269 1.96608 3.62086 3.29318 1.60563 3.32595 4.17792 2.11354 2.78528 1.9497 
Utility: 6.50475 5.96562 5.77521 5.4188 6.02252 5.89935 5.66645 5.34642 6.22859 5.80531 5.34621 6.22039 6.01427 5.95004 5.65149 6.3733 5.63355 5.74694 5.9005 5.66287 6.20174 5.82779 6.41416 6.33186 5.92692 6.29299 6.56769 5.68229 5.95391 6.12336 

--------------------------------------
Time: 22.5033
Split Ratios: 1 1 1 1 1 1 1 1 1 1 1 1 1 1 1 1 1 1 1 1 1 1 1 1 1 1 1 1 1 1 
Delays: 0.00431646 0.00713262 0.0058623 0.00729156 0.0072933 0.00582964 0.00573968 0.0072534 0.00576783 0.00585085 0.00736147 0.00577362 0.00444893 0.00589607 0.00588379 0.00437469 0.00739328 0.00589906 0.00581119 0.0072849 0.00435331 0.00576471 0.00591658 0.00581521 0.00428425 0.00597916 0.0058676 0.00719489 0.00718702 0.0042951 
Throughputs: 2.9655 2.60506 1.93331 1.45818 2.83443 1.96608 1.58925 2.19546 3.01466 1.78586 1.27795 2.89997 1.7367 2.42483 1.52371 2.22822 1.96608 2.03162 1.90054 2.52314 2.40845 1.47456 3.57171 2.89997 1.85139 3.34234 3.29318 1.90054 2.42483 1.7367 
Utility: 6.53237 5.90053 5.79845 5.29822 5.96264 5.82084 5.62361 5.71267 6.25895 5.72107 5.15675 6.21916 5.96708 6.01923 5.5567 6.23312 5.58323 5.84179 5.79011 5.84745 6.3158 5.54436 6.40304 6.21198 6.06875 6.32615 6.33016 5.57652 5.82124 6.00227 

--------------------------------------
Time: 23.0034
Split Ratios: 1 1 1 1 1 1 1 1 1 1 1 1 1 1 1 1 1 1 1 1 1 1 1 1 1 1 1 1 1 1 
Delays: 0.00429068 0.00714728 0.00585884 0.00725599 0.007277 0.00586005 0.005752 0.007277 0.00575189 0.00587068 0.00738664 0.0057756 0.00439377 0.0059718 0.00592158 0.00444446 0.00740958 0.00590431 0.00585292 0.00732083 0.0043325 0.00579785 0.00589422 0.00585574 0.00427924 0.00601568 0.00582926 0.00719682 0.00723532 0.00428755 
Throughputs: 2.62144 2.70336 2.1463 1.37626 3.04742 2.12992 1.75309 1.78586 2.91635 2.09715 1.58925 2.89997 1.81862 2.08077 1.65478 2.42483 2.01523 2.048 2.22822 2.29376 2.60506 1.70394 3.12934 3.21126 1.58925 3.19488 3.55533 1.96608 3.09658 1.70394 
Utility: 6.41503 5.93552 5.90355 5.24529 6.03733 5.89568 5.71959 5.50293 6.22856 5.87837 5.37134 6.21881 6.02565 5.85344 5.63282 6.30186 5.60572 5.84894 5.94202 5.74722 6.39907 5.68321 6.27461 6.307 5.91724 6.27493 6.41331 5.61016 6.05908 5.98498 

--------------------------------------
Time: 23.5034
Split Ratios: 1 1 1 1 1 1 1 1 1 1 1 1 1 1 1 1 1 1 1 1 1 1 1 1 1 1 1 1 1 1 
Delays: 0.00430596 0.00714201 0.00577667 0.00724079 0.00731997 0.00584571 0.00577395 0.00726986 0.00573599 0.00588446 0.00737908 0.00578408 0.00435642 0.00595123 0.0059011 0.00441133 0.00734851 0.00582046 0.00585523 0.00728593 0.00433991 0.0057716 0.00592182 0.00579681 0.00428338 0.00600666 0.00583401 0.00720828 0.00720656 0.00428221 
Throughputs: 2.39206 2.68698 1.86778 1.35987 3.12934 1.93331 1.62202 1.5401 2.94912 2.09715 1.7367 2.81805 1.80224 1.88416 1.60563 2.65421 1.99885 1.91693 1.98246 2.29376 2.03162 1.65478 2.94912 3.19488 1.83501 3.30957 3.3751 1.70394 2.81805 1.91693 
Utility: 6.31991 5.93018 5.77868 5.23542 6.05797 5.80128 5.63807 5.35586 6.2425 5.87602 5.4611 6.18869 6.02514 5.75764 5.60613 6.39973 5.60583 5.7971 5.82476 5.752 6.14873 5.65848 6.21062 6.312 6.06006 6.3117 6.36048 5.46547 5.96881 6.10401 

--------------------------------------
Time: 24.0041
Split Ratios: 1 1 1 1 1 1 1 1 1 1 1 1 1 1 1 1 1 1 1 1 1 1 1 1 1 1 1 1 1 1 
Delays: 0.00429219 0.00716135 0.00583667 0.00729861 0.00728078 0.00588237 0.00572853 0.00728299 0.00572809 0.00587508 0.00737653 0.00581992 0.00440669 0.00593749 0.00596315 0.00441927 0.00740786 0.00582887 0.00586493 0.00730276 0.00436555 0.00579536 0.00592026 0.00581292 0.00427976 0.00599353 0.00586218 0.00719533 0.00720368 0.00428328 
Throughputs: 2.60506 2.85082 2.16269 1.62202 2.50675 2.16269 1.52371 1.88416 2.94912 2.31014 1.2288 3.32595 2.01523 2.37568 1.80224 2.68698 1.81862 1.99885 2.16269 2.39206 2.11354 1.83501 3.62086 2.94912 1.50733 3.16211 3.3751 2.08077 2.70336 1.85139 
Utility: 6.40841 5.98666 5.91495 5.40374 5.84151 5.90715 5.58345 5.5557 6.24388 5.97435 5.11549 6.34823 6.12537 5.99175 5.71119 6.4102 5.50329 5.8375 5.91012 5.79166 6.18237 5.75775 6.41609 6.22918 5.8642 6.26832 6.35566 5.66706 5.92766 6.06897 

--------------------------------------
Time: 24.5041
Split Ratios: 1 1 1 1 1 1 1 1 1 1 1 1 1 1 1 1 1 1 1 1 1 1 1 1 1 1 1 1 1 1 
Delays: 0.00427918 0.00715361 0.00575754 0.0072929 0.00731633 0.00588753 0.00572532 0.00725075 0.00572993 0.00585699 0.0074095 0.00581154 0.0043583 0.00603647 0.0059688 0.00438427 0.00747734 0.00587725 0.00581883 0.0073119 0.00434997 0.00574132 0.00594234 0.00584063 0.00429008 0.00607417 0.00582313 0.00721586 0.00721345 0.00429645 
Throughputs: 2.85082 2.81805 1.90054 1.50733 3.06381 1.98246 1.40902 1.78586 3.08019 1.88416 1.31072 3.30957 1.68755 2.34291 1.67117 2.53952 1.91693 1.9497 2.21184 2.06438 2.53952 1.52371 3.73555 3.30957 1.90054 3.21126 3.26042 1.88416 3.32595 2.01523 
Utility: 6.5016 5.97618 5.79939 5.33119 6.03731 5.81926 5.50575 5.50655 6.28704 5.7736 5.17557 6.34473 5.95895 5.96133 5.63473 6.36171 5.5466 5.80434 5.94048 5.64308 6.36956 5.58122 6.44355 6.33974 6.09359 6.27037 6.32777 5.56496 6.13356 6.1507 

--------------------------------------
Time: 25.0042
Split Ratios: 1 1 1 1 1 1 1 1 1 1 1 1 1 1 1 1 1 1 1 1 1 1 1 1 1 1 1 1 1 1 
Delays: 0.00428803 0.00714666 0.00590997 0.00728941 0.00731632 0.00585593 0.00575927 0.00732568 0.00575285 0.005879 0.00734055 0.0057694 0.00444538 0.00594611 0.00592291 0.00436033 0.0075244 0.00589161 0.00578586 0.0072583 0.0043473 0.00577541 0.00594711 0.00584145 0.00429331 0.00595317 0.00585046 0.00717345 0.00725277 0.00427565 
Throughputs: 2.5559 2.70336 2.048 1.65478 2.80166 2.21184 1.50733 1.81862 3.24403 2.3593 1.55648 2.9655 2.01523 2.32653 1.49094 2.42483 1.93331 1.86778 1.99885 2.49037 2.03162 1.70394 3.60448 3.47341 1.90054 2.8672 3.65363 2.06438 2.81805 1.70394 
Utility: 6.39033 5.93561 5.84798 5.425 5.94786 5.93413 5.56728 5.51445 6.33488 5.99473 5.35677 6.24223 6.11663 5.96939 5.52834 6.32097 5.54884 5.75897 5.84491 5.83804 6.14703 5.68709 6.40703 6.38791 6.09284 6.17717 6.43696 5.6622 5.96242 5.98776 

--------------------------------------
Time: 25.5042
Split Ratios: 1 1 1 1 1 1 1 1 1 1 1 1 1 1 1 1 1 1 1 1 1 1 1 1 1 1 1 1 1 1 
Delays: 0.00428412 0.00713779 0.00581437 0.00733048 0.00732319 0.00590845 0.00575826 0.00727266 0.00574139 0.00591246 0.00737825 0.00577849 0.00440301 0.00594907 0.00590435 0.00438252 0.00745451 0.00587641 0.00586653 0.0072819 0.0043612 0.0057677 0.00596684 0.00578194 0.0042916 0.00606155 0.00592149 0.00724824 0.00718764 0.00427607 
Throughputs: 2.52314 2.71974 2.11354 1.83501 2.71974 2.12992 1.75309 1.91693 2.98189 1.96608 1.55648 2.67059 1.96608 2.27738 1.42541 2.81805 2.09715 2.09715 2.53952 2.31014 2.11354 1.68755 3.32595 2.9655 1.88416 3.26042 3.55533 2.08077 2.53952 1.81862 
Utility: 6.37834 5.94289 5.89578 5.52276 5.91725 5.88746 5.7185 5.57436 6.25261 5.80673 5.35165 6.13591 6.10151 5.94754 5.48652 6.46618 5.63952 5.87739 6.07047 5.75967 6.18337 5.67876 6.32329 6.24006 6.08458 6.28764 6.39761 5.65973 5.86737 6.0528 

--------------------------------------
Time: 26.0042
Split Ratios: 1 1 1 1 1 1 1 1 1 1 1 1 1 1 1 1 1 1 1 1 1 1 1 1 1 1 1 1 1 1 
Delays: 0.00429256 0.00714249 0.00581003 0.00731665 0.00729014 0.00586554 0.00576564 0.00726772 0.00578325 0.00592317 0.00738962 0.0058121 0.00440529 0.00597918 0.00589785 0.00439693 0.00744182 0.00591125 0.00586251 0.00729686 0.00435744 0.00578405 0.00602067 0.0058369 0.00428972 0.00603428 0.00588792 0.00721595 0.00722116 0.00427933 
Throughputs: 2.81805 2.93274 2.08077 1.62202 3.09658 1.96608 1.68755 1.7367 3.21126 1.91693 1.76947 3.16211 1.7367 2.27738 1.85139 2.52314 1.90054 1.91693 1.9497 2.58867 2.50675 1.55648 3.42426 3.30957 2.08077 3.1785 3.24403 1.93331 3.04742 1.86778 
Utility: 6.48692 6.01763 5.88091 5.40127 6.05153 5.8147 5.67912 5.4763 6.31945 5.77961 5.47836 6.29905 5.97694 5.9425 5.7491 6.35235 5.54278 5.78162 5.80685 5.87146 6.35486 5.59508 6.34344 6.34037 6.18427 6.26671 6.31167 5.5907 6.04504 6.07871 

--------------------------------------
Time: 26.5043
Split Ratios: 1 1 1 1 1 1 1 1 1 1 1 1 1 1 1 1 1 1 1 1 1 1 1 1 1 1 1 1 1 1 
Delays: 0.00429774 0.0071526 0.00578112 0.00725342 0.0073073 0.00589327 0.00574231 0.00722291 0.00576351 0.00585618 0.0073399 0.00579325 0.00437705 0.00590082 0.00589207 0.00441818 0.00740637 0.00588786 0.0058203 0.00728158 0.00434095 0.00583237 0.00593811 0.00584645 0.00428663 0.00596673 0.00583975 0.00722803 0.00719987 0.00429356 
Throughputs: 2.32653 2.89997 1.93331 1.50733 2.85082 2.06438 1.62202 1.83501 2.93274 1.78586 1.47456 2.98189 2.09715 2.31014 1.60563 2.4576 1.65478 2.29376 2.24461 2.49037 1.91693 1.81862 3.1785 3.16211 2.06438 3.06381 3.09658 1.80224 2.31014 1.76947 
Utility: 6.29404 6.00498 5.81239 5.33662 5.96649 5.85878 5.64356 5.53755 6.23214 5.72016 5.30279 6.24362 6.17196 5.96997 5.60767 6.32121 5.40909 5.96506 5.95493 5.83484 6.09039 5.74241 6.28277 6.29316 6.17709 6.24121 6.27336 5.51882 5.771 6.02132 

--------------------------------------
Time: 27.0044
Split Ratios: 1 1 1 1 1 1 1 1 1 1 1 1 1 1 1 1 1 1 1 1 1 1 1 1 1 1 1 1 1 1 
Delays: 0.00430038 0.00712798 0.00578732 0.00728888 0.007287 0.00584762 0.00571882 0.00721817 0.00573294 0.005874 0.00733736 0.00581735 0.00434543 0.00591527 0.00593698 0.00443593 0.00743169 0.00596656 0.00581174 0.00733038 0.00435472 0.00580387 0.00598437 0.00583946 0.00429876 0.00596046 0.00585729 0.00719366 0.00722154 0.00427665 
Throughputs: 2.68698 2.78528 2.17907 1.44179 2.7689 1.91693 1.49094 1.60563 2.65421 2.17907 1.58925 2.81805 1.90054 2.12992 1.55648 2.5559 1.96608 2.22822 2.21184 2.53952 2.40845 1.72032 3.32595 3.60448 1.83501 3.34234 3.26042 1.93331 2.47398 1.96608 
Utility: 6.43747 5.96808 5.93098 5.28729 5.94011 5.79244 5.5634 5.40467 6.13767 5.91612 5.37804 6.18295 6.08077 5.8863 5.56898 6.35642 5.57804 5.92279 5.9417 5.8477 6.31548 5.69174 6.32036 6.42529 6.05648 6.32928 6.32192 5.59379 5.83652 6.13063 

--------------------------------------
Time: 27.5044
Split Ratios: 1 1 1 1 1 1 1 1 1 1 1 1 1 1 1 1 1 1 1 1 1 1 1 1 1 1 1 1 1 1 
Delays: 0.00429956 0.00715042 0.00581201 0.00727016 0.00731071 0.00592461 0.00574378 0.00723871 0.0057494 0.00586337 0.00735486 0.00576904 0.00436099 0.00601301 0.00591953 0.00440463 0.00747207 0.00593492 0.0058637 0.00731767 0.00434872 0.00578129 0.00593553 0.00585205 0.00428592 0.00601961 0.00583637 0.00721835 0.00722728 0.00428365 
Throughputs: 2.91635 2.63782 2.1463 1.57286 2.7689 2.09715 1.49094 1.72032 2.81805 1.78586 1.60563 2.99827 1.85139 2.31014 1.58925 2.4576 1.86778 2.24461 2.1463 2.31014 2.24461 1.72032 3.16211 3.19488 2.08077 3.24403 3.42426 1.83501 2.83443 1.68755 
Utility: 6.51958 5.91054 5.91158 5.37688 5.93686 5.86922 5.55905 5.47082 6.1947 5.71893 5.38591 6.25329 6.05099 5.95114 5.59276 6.32429 5.52133 5.93543 5.90272 5.75477 6.2464 5.69564 6.27804 6.30251 6.18516 6.28955 6.37453 5.53818 5.97173 5.97623 

--------------------------------------
Time: 28.0045
Split Ratios: 1 1 1 1 1 1 1 1 1 1 1 1 1 1 1 1 1 1 1 1 1 1 1 1 1 1 1 1 1 1 
Delays: 0.00429929 0.00713818 0.0058057 0.00733276 0.00728566 0.00587864 0.00575636 0.00730078 0.00574509 0.00581874 0.00739901 0.0057727 0.00438622 0.00593907 0.00594535 0.00442608 0.00749594 0.00585268 0.0058144 0.00725476 0.00435124 0.00576319 0.00595546 0.00585591 0.00429274 0.00601978 0.00588265 0.00718852 0.00721336 0.0042784 
Throughputs: 2.9655 2.50675 2.22822 1.60563 3.03104 2.16269 1.7367 1.9497 2.7689 1.99885 1.70394 2.78528 1.83501 2.16269 1.47456 2.47398 1.81862 1.98246 2.09715 2.06438 2.16269 1.80224 3.44064 2.73613 1.65478 2.7689 3.57171 1.52371 3.04742 1.9497 
Utility: 6.53635 5.86129 5.95012 5.38892 6.03075 5.90778 5.70944 5.58745 6.17786 5.83924 5.43935 6.17896 6.03634 5.89756 5.51351 6.32607 5.49147 5.8252 5.888 5.65093 6.20865 5.74529 6.3591 6.14685 5.9545 6.13115 6.40879 5.35642 6.04612 6.12185 

--------------------------------------
Time: 28.5045
Split Ratios: 1 1 1 1 1 1 1 1 1 1 1 1 1 1 1 1 1 1 1 1 1 1 1 1 1 1 1 1 1 1 
Delays: 0.0042968 0.00713148 0.00578773 0.00724677 0.00727356 0.0058883 0.00573509 0.00725279 0.00573259 0.00590032 0.00738682 0.00581896 0.00435713 0.00592635 0.00587047 0.00438296 0.00745495 0.00590331 0.00583337 0.0073088 0.00435301 0.00579435 0.00593138 0.00586251 0.00427886 0.00609431 0.00587887 0.0072336 0.00718605 0.00429671 
Throughputs: 2.8672 2.68698 1.57286 1.49094 3.12934 2.12992 1.57286 1.75309 2.68698 1.99885 1.55648 2.8672 1.68755 2.37568 1.57286 2.58867 1.91693 1.76947 2.09715 2.49037 2.40845 1.76947 3.26042 3.29318 1.76947 2.9655 3.04742 1.99885 2.39206 1.9497 
Utility: 6.50322 5.93165 5.60491 5.32661 6.06433 5.89087 5.61405 5.48775 6.15 5.82532 5.35049 6.19997 5.95922 5.99363 5.59072 6.38118 5.5496 5.70292 5.88474 5.83111 6.31587 5.72155 6.30935 6.33103 6.02475 6.18745 6.25069 5.62159 5.80777 6.11758 

--------------------------------------
Time: 29.0045
Split Ratios: 1 1 1 1 1 1 1 1 1 1 1 1 1 1 1 1 1 1 1 1 1 1 1 1 1 1 1 1 1 1 
Delays: 0.00429175 0.00715976 0.00584617 0.0072489 0.0072398 0.00588649 0.00576882 0.0072579 0.00578142 0.00584037 0.00735223 0.00578461 0.00433937 0.00584766 0.00586226 0.00441821 0.00737182 0.00588796 0.00585686 0.00729017 0.0043795 0.00577992 0.00590833 0.00581436 0.00427302 0.00595058 0.00589986 0.00718917 0.00721732 0.0042817 
Throughputs: 2.50675 3.04742 2.01523 1.78586 2.75251 1.86778 1.70394 1.68755 3.30957 1.68755 1.52371 3.01466 1.52371 2.17907 1.62202 2.58867 1.85139 1.93331 2.34291 2.29376 2.42483 1.90054 3.16211 3.29318 1.70394 3.03104 3.45702 1.99885 2.70336 1.7367 
Utility: 6.37005 6.05358 5.8427 5.5068 5.94067 5.75984 5.68823 5.44894 6.34992 5.66624 5.3339 6.25604 5.86118 5.92061 5.62289 6.37317 5.52603 5.79408 5.99154 5.75142 6.31658 5.79551 6.28263 6.33928 5.98838 6.23317 6.37324 5.62775 5.92577 6.00539 

--------------------------------------
Time: 29.5047
Split Ratios: 1 1 1 1 1 1 1 1 1 1 1 1 1 1 1 1 1 1 1 1 1 1 1 1 1 1 1 1 1 1 
Delays: 0.004298 0.00713622 0.00580574 0.00725901 0.00731377 0.00588073 0.00575754 0.00728822 0.00574569 0.0058545 0.00739915 0.00583821 0.00443173 0.00595702 0.00583831 0.00436285 0.00740127 0.00582388 0.00585065 0.00726616 0.00435615 0.00576994 0.00592218 0.00579712 0.00427475 0.00601392 0.00590725 0.0072056 0.00720904 0.00428838 
Throughputs: 2.88358 2.53952 2.29376 1.55648 2.93274 1.91693 1.45818 2.09715 2.99827 1.75309 1.50733 3.11296 1.72032 2.11354 1.78586 2.71974 1.68755 1.9497 2.1463 2.53952 2.29376 1.7367 3.53894 2.40845 1.90054 3.2768 3.16211 1.81862 2.62144 1.9497 
Utility: 6.50864 5.87455 5.9791 5.36794 5.99393 5.7868 5.53443 5.66208 6.25734 5.70192 5.31673 6.27891 5.96148 5.87155 5.72321 6.43517 5.42938 5.81346 5.90495 5.8565 6.26636 5.70708 6.39288 6.02938 6.09717 6.30055 6.28282 5.53098 5.89614 6.11952 

--------------------------------------
Time: 30.0048
Split Ratios: 1 1 1 1 1 1 1 1 1 1 1 1 1 1 1 1 1 1 1 1 1 1 1 1 1 1 1 1 1 1 
Delays: 0.00430095 0.00713372 0.00583238 0.0072769 0.00730639 0.00588951 0.00576694 0.00727201 0.00575202 0.00588621 0.0073501 0.00579817 0.00439201 0.0059708 0.00594415 0.00438059 0.00749596 0.00587485 0.00586826 0.00728098 0.00435161 0.0057645 0.00592745 0.00580099 0.00427447 0.00600125 0.00586467 0.0071869 0.00724616 0.00427428 
Throughputs: 3.19488 3.08019 2.12992 1.60563 2.80166 1.86778 1.72032 1.76947 2.81805 1.91693 1.67117 3.34234 2.22822 2.32653 1.90054 2.32653 1.86778 1.75309 2.12992 2.73613 2.22822 1.55648 3.2768 3.12934 1.67117 2.94912 3.35872 2.29376 3.19488 1.6384 
Utility: 6.61047 6.06791 5.90041 5.39657 5.94922 5.75933 5.69812 5.4944 6.19425 5.78587 5.42656 6.35688 6.22917 5.96525 5.76749 6.27495 5.51814 5.69845 5.89428 5.92903 6.23841 5.59846 6.31503 6.29055 5.96862 6.19729 6.35037 5.76569 6.08883 5.94886 

--------------------------------------
Time: 30.5048
Split Ratios: 1 1 1 1 1 1 1 1 1 1 1 1 1 1 1 1 1 1 1 1 1 1 1 1 1 1 1 1 1 1 
Delays: 0.00430068 0.00712844 0.00586128 0.00740953 0.00726228 0.00584882 0.00576084 0.00725932 0.00575698 0.00593226 0.00738755 0.0057796 0.00436764 0.00601897 0.00592926 0.00439605 0.00746588 0.00591016 0.00585102 0.00743509 0.00435489 0.00580751 0.00592615 0.00581909 0.00430134 0.00602645 0.00594172 0.00719108 0.00725115 0.00428499 
Throughputs: 2.94912 2.5559 1.9497 1.76947 2.78528 1.76947 1.37626 1.83501 3.12934 1.7367 1.5401 3.16211 1.99885 2.40845 1.88416 2.85082 2.01523 1.93331 1.91693 3.03104 2.17907 1.78586 3.52256 3.1785 1.98246 2.5559 3.83386 1.80224 3.40787 1.93331 
Utility: 6.53049 5.88207 5.80706 5.47567 5.94941 5.7122 5.47604 5.53252 6.29817 5.67934 5.3398 6.30466 6.1261 5.99182 5.76134 6.47465 5.59815 5.79032 5.79186 6.01045 6.21535 5.7285 6.38757 6.30302 6.13317 6.05 6.46963 5.52394 6.15268 6.11187 

--------------------------------------
Time: 31.0048
Split Ratios: 1 1 1 1 1 1 1 1 1 1 1 1 1 1 1 1 1 1 1 1 1 1 1 1 1 1 1 1 1 1 
Delays: 0.00430018 0.00714701 0.00580567 0.00730411 0.00729023 0.00590587 0.00575019 0.00723698 0.00575479 0.00586137 0.00740891 0.00581235 0.00438899 0.00600909 0.00593932 0.00441106 0.00743581 0.00587321 0.00580027 0.00733007 0.00433396 0.00577001 0.00595777 0.00582457 0.00428158 0.00602944 0.00591496 0.00719539 0.00723271 0.00429216 
Throughputs: 2.8672 2.63782 1.83501 1.65478 2.81805 2.03162 1.72032 1.93331 2.75251 1.98246 1.68755 3.11296 1.52371 2.50675 1.55648 2.32653 1.81862 1.76947 2.29376 2.85082 1.91693 1.65478 3.44064 2.67059 1.58925 3.42426 3.50618 2.08077 2.8672 2.27738 
Utility: 6.50243 5.91102 5.75597 5.42299 5.95726 5.84064 5.70103 5.58779 6.17024 5.82371 5.42835 6.28335 5.84981 6.03347 5.56859 6.26802 5.49953 5.70804 5.98004 5.96337 6.092 5.65875 6.35872 6.12797 5.9167 6.34198 6.3848 5.66705 5.98248 6.27399 

--------------------------------------
Time: 31.5048
Split Ratios: 1 1 1 1 1 1 1 1 1 1 1 1 1 1 1 1 1 1 1 1 1 1 1 1 1 1 1 1 1 1 
Delays: 0.00430053 0.00713781 0.00576406 0.00723305 0.00729381 0.00588776 0.00572837 0.00729235 0.00576152 0.00586418 0.0073808 0.00577106 0.00437112 0.00591893 0.00591935 0.00441493 0.00740461 0.00584041 0.00581743 0.0072723 0.00434602 0.00581812 0.00593134 0.00583268 0.0042829 0.00596273 0.00592133 0.00720068 0.00721363 0.00428405 
Throughputs: 2.80166 2.80166 1.86778 1.65478 2.80166 1.75309 1.72032 1.67117 2.9655 1.80224 1.50733 3.1785 2.08077 2.3593 2.048 2.27738 1.91693 1.98246 1.99885 2.53952 2.40845 1.83501 3.52256 3.12934 1.9497 2.67059 3.34234 1.9497 2.68698 2.01523 
Utility: 6.47923 5.97256 5.78086 5.43277 5.95094 5.69626 5.70483 5.43445 6.2436 5.72792 5.31921 6.31131 6.16547 5.98796 5.84639 6.24579 5.55638 5.82729 5.83947 5.85566 6.31748 5.75383 6.38669 6.2851 6.1208 6.10453 6.33586 5.60125 5.9202 6.15359 

--------------------------------------
Time: 32.0049
Split Ratios: 1 1 1 1 1 1 1 1 1 1 1 1 1 1 1 1 1 1 1 1 1 1 1 1 1 1 1 1 1 1 
Delays: 0.00428249 0.00714349 0.00585528 0.00732399 0.00729537 0.00584713 0.00577716 0.00724579 0.00577635 0.00589841 0.00736916 0.0057766 0.00436822 0.00596158 0.00593141 0.00444239 0.00741533 0.00588508 0.00582267 0.00726639 0.00434538 0.00577056 0.00599488 0.00586141 0.00429528 0.00603828 0.00585396 0.00721988 0.00720664 0.00428508 
Throughputs: 2.4576 2.80166 2.29376 1.86778 3.34234 1.98246 1.68755 1.65478 2.93274 1.99885 1.52371 2.73613 1.58925 2.26099 1.85139 2.42483 1.9497 1.85139 2.24461 2.11354 2.17907 1.47456 3.34234 3.09658 1.67117 3.06381 3.45702 1.76947 2.58867 1.88416 
Utility: 6.35241 5.97177 5.9706 5.54135 6.12718 5.82614 5.67712 5.43101 6.22992 5.82564 5.3316 6.16048 5.89666 5.93822 5.74343 6.30233 5.57188 5.75127 5.95453 5.67286 6.21754 5.54335 6.32352 6.26966 5.96376 6.2293 6.38105 5.5016 5.8839 6.0861 

--------------------------------------
Time: 32.505
Split Ratios: 1 1 1 1 1 1 1 1 1 1 1 1 1 1 1 1 1 1 1 1 1 1 1 1 1 1 1 1 1 1 
Delays: 0.00429334 0.0071377 0.00584731 0.0073179 0.00732091 0.00587856 0.00572656 0.00731275 0.00574762 0.0058083 0.00737921 0.00580238 0.00439441 0.00597936 0.00592823 0.00437015 0.00746669 0.00586191 0.00588475 0.00728758 0.00441166 0.00579264 0.00590078 0.00579391 0.00430842 0.00600887 0.00592049 0.00723376 0.00720518 0.00427727 
Throughputs: 2.22822 2.53952 2.1463 1.83501 2.52314 2.09715 1.57286 1.81862 2.58867 1.86778 1.34349 3.01466 1.85139 2.16269 1.76947 2.40845 2.16269 2.06438 2.52314 2.52314 2.37568 1.49094 3.39149 3.14573 2.21184 3.19488 3.73555 1.91693 2.78528 2.01523 
Utility: 6.2519 5.87434 5.90552 5.52448 5.84252 5.87702 5.61554 5.51622 6.11011 5.77322 5.20436 6.25297 6.04336 5.89079 5.69871 6.31194 5.66866 5.86411 6.06089 5.84709 6.28879 5.55058 6.35394 6.29699 6.24101 6.27607 6.44723 5.57972 5.9573 6.15517 

--------------------------------------
Time: 33.0051
Split Ratios: 1 1 1 1 1 1 1 1 1 1 1 1 1 1 1 1 1 1 1 1 1 1 1 1 1 1 1 1 1 1 
Delays: 0.0043042 0.00714071 0.00585645 0.00727569 0.00738853 0.00588314 0.00575562 0.00725129 0.0057376 0.00581718 0.00736926 0.00580021 0.00439121 0.0059404 0.00587854 0.00442196 0.00740047 0.00588878 0.00582518 0.00722844 0.00434325 0.00575653 0.00593951 0.00581299 0.00428318 0.00599516 0.00587833 0.0072006 0.00721531 0.00428635 
Throughputs: 2.50675 2.70336 1.9497 1.55648 3.55533 1.70394 1.81862 1.5401 3.01466 1.81862 1.42541 3.11296 1.7367 2.26099 1.35987 3.30957 1.98246 1.91693 2.32653 2.34291 2.21184 1.62202 3.08019 3.11296 1.91693 2.89997 3.21126 1.68755 2.75251 1.81862 
Utility: 6.36715 5.93644 5.80789 5.36564 6.17627 5.66861 5.75566 5.35842 6.2642 5.74502 5.2649 6.28544 5.98014 5.94178 5.44384 6.61799 5.59055 5.78543 5.98994 5.78113 6.23296 5.64109 6.25112 6.28323 6.10378 6.1815 6.30315 5.45687 5.94406 6.0504 

--------------------------------------
Time: 33.5053
Split Ratios: 1 1 1 1 1 1 1 1 1 1 1 1 1 1 1 1 1 1 1 1 1 1 1 1 1 1 1 1 1 1 
Delays: 0.0043041 0.00714799 0.00581244 0.00721095 0.00728229 0.00585955 0.00573249 0.00727364 0.00574816 0.00593112 0.00731357 0.00578357 0.00434122 0.00590418 0.00583687 0.00436983 0.00752492 0.00585294 0.00583665 0.00731231 0.00435283 0.0057625 0.00591405 0.00577197 0.00427952 0.00592372 0.00588964 0.00720304 0.00723249 0.00428802 
Throughputs: 2.80166 2.91635 1.99885 1.76947 2.80166 1.98246 1.70394 1.78586 2.73613 1.93331 1.40902 2.58867 1.70394 2.06438 1.50733 2.44122 1.93331 1.99885 1.9497 2.32653 2.32653 1.72032 3.12934 3.42426 1.75309 2.99827 2.99827 2.24461 2.8672 2.01523 
Utility: 6.4784 6.01126 5.84033 5.50284 5.95252 5.82402 5.69455 5.5034 6.16542 5.78678 5.26092 6.10388 5.97254 5.85693 5.5539 6.32553 5.54877 5.83338 5.81127 5.76257 6.28131 5.69889 6.27125 6.38563 6.01529 6.22683 6.2326 5.74178 5.98251 6.15266 

--------------------------------------
Time: 34.0055
Split Ratios: 1 1 1 1 1 1 1 1 1 1 1 1 1 1 1 1 1 1 1 1 1 1 1 1 1 1 1 1 1 1 
Delays: 0.00430556 0.0071357 0.00585619 0.00726689 0.00734969 0.00592449 0.00575211 0.00729753 0.00574564 0.00583288 0.00742717 0.00580465 0.00444001 0.00600332 0.00593941 0.00440533 0.00751508 0.00591974 0.00582742 0.00733414 0.00435165 0.00578779 0.00596321 0.00582734 0.00427981 0.00603175 0.00585725 0.00718084 0.0072106 0.0042848 
Throughputs: 2.58867 2.53952 2.11354 1.78586 3.03104 2.22822 1.98246 1.7367 3.08019 2.09715 1.6384 2.81805 2.11354 2.40845 1.70394 2.34291 2.048 2.21184 2.24461 2.24461 2.19546 1.70394 3.35872 3.30957 2.048 3.14573 3.45702 1.76947 2.58867 1.96608 
Utility: 6.39899 5.87462 5.88862 5.50432 6.022 5.92987 5.84253 5.47221 6.28431 5.88482 5.39633 6.18514 6.16546 5.99443 5.65909 6.27633 5.60771 5.92329 5.95371 5.72375 6.22359 5.68495 6.33371 6.34201 6.17071 6.25676 6.38048 5.50702 5.88335 6.12872 

--------------------------------------
Time: 34.5055
Split Ratios: 1 1 1 1 1 1 1 1 1 1 1 1 1 1 1 1 1 1 1 1 1 1 1 1 1 1 1 1 1 1 
Delays: 0.00429742 0.00713696 0.00585323 0.00723247 0.00728599 0.00583634 0.00576195 0.0072928 0.00576552 0.00590703 0.00744311 0.0057523 0.00437656 0.00598993 0.00586794 0.00438556 0.00740152 0.00587266 0.00583401 0.0072952 0.0043896 0.00576828 0.00589837 0.00578293 0.00429474 0.00600913 0.00580412 0.00723464 0.0072739 0.00428226 
Throughputs: 2.5559 2.78528 2.27738 1.75309 2.88358 2.1463 1.86778 1.6384 3.11296 2.17907 1.37626 2.62144 1.91693 2.27738 1.5401 2.31014 1.90054 2.27738 2.24461 2.68698 2.29376 1.58925 3.1785 3.11296 2.01523 3.26042 2.88358 1.93331 3.06381 1.80224 
Utility: 6.38815 5.96682 5.96379 5.49055 5.98084 5.9074 5.78123 5.41459 6.29143 5.91051 5.21983 6.12188 6.08222 5.9407 5.5701 6.26675 5.54821 5.96047 5.95258 5.90896 6.25871 5.61864 6.28949 6.28842 6.1511 6.29633 6.20822 5.58811 6.04312 6.04231 

--------------------------------------
Time: 35.0057
Split Ratios: 1 1 1 1 1 1 1 1 1 1 1 1 1 1 1 1 1 1 1 1 1 1 1 1 1 1 1 1 1 1 
Delays: 0.00429062 0.00715424 0.00581415 0.00725778 0.00726838 0.00586695 0.00572666 0.00723285 0.00572831 0.00586066 0.00739985 0.00578113 0.00436903 0.00596812 0.00589019 0.00441398 0.00748292 0.00586413 0.00579973 0.00730145 0.00435577 0.00576313 0.00592992 0.00582094 0.00427502 0.0059974 0.00582094 0.0072008 0.00722653 0.0042866 
Throughputs: 2.89997 2.7689 1.96608 1.57286 2.70336 1.86778 1.62202 1.81862 3.09658 2.17907 1.44179 2.83443 2.01523 2.29376 1.75309 2.65421 1.83501 1.96608 1.86778 2.42483 2.26099 2.01523 3.1785 3.04742 1.85139 2.8672 3.6864 1.75309 3.08019 2.06438 
Utility: 6.51602 5.9585 5.8235 5.37858 5.91872 5.76317 5.64629 5.5272 6.29263 5.91839 5.27218 6.195 6.13395 5.95152 5.69585 6.39912 5.50218 5.81494 5.77469 5.80544 6.25206 5.85701 6.28415 6.26059 6.0709 6.16977 6.45094 5.49494 6.05499 6.17709 

--------------------------------------
Time: 35.5057
Split Ratios: 1 1 1 1 1 1 1 1 1 1 1 1 1 1 1 1 1 1 1 1 1 1 1 1 1 1 1 1 1 1 
Delays: 0.00430228 0.00713197 0.00587042 0.00723491 0.00726102 0.00587898 0.00573313 0.00731344 0.0057417 0.00588816 0.0073875 0.00576888 0.00443158 0.00603175 0.0059975 0.00438364 0.00745221 0.0059368 0.00578583 0.00732271 0.00433746 0.00578002 0.00594115 0.00581953 0.00429456 0.00608702 0.00589994 0.00720682 0.00722504 0.0042972 
Throughputs: 2.65421 2.70336 2.37568 1.55648 2.53952 2.048 1.58925 1.57286 2.71974 2.03162 1.72032 2.88358 1.9497 2.47398 1.90054 2.31014 2.03162 2.06438 1.9497 2.37568 2.11354 1.7367 3.04742 2.98189 1.7367 2.83443 3.76832 1.91693 2.94912 1.99885 
Utility: 6.42476 5.93766 6.00311 5.37126 5.85721 5.85324 5.62475 5.37094 6.16054 5.84364 5.45048 6.21431 6.08667 6.01655 5.75855 6.26719 5.60808 5.85142 5.82002 5.78206 6.18883 5.70534 6.24015 6.23909 6.00239 6.14344 6.45944 5.58345 6.01171 6.14236 

--------------------------------------
Time: 36.006
Split Ratios: 1 1 1 1 1 1 1 1 1 1 1 1 1 1 1 1 1 1 1 1 1 1 1 1 1 1 1 1 1 1 
Delays: 0.004294 0.00715643 0.00581267 0.00731987 0.00728385 0.00592544 0.0057384 0.00726252 0.00575946 0.00583407 0.0074275 0.00580828 0.00442394 0.00596941 0.00591239 0.00436955 0.00755719 0.00588044 0.0058089 0.00728307 0.00436845 0.00578254 0.00591203 0.00584083 0.00429305 0.00608813 0.00588201 0.00720389 0.00722416 0.00430061 
Throughputs: 2.42483 2.57229 1.86778 1.35987 2.60506 1.98246 1.47456 2.01523 2.99827 1.91693 1.60563 3.1785 1.86778 2.42483 1.68755 2.65421 2.03162 1.80224 2.048 2.17907 2.49037 1.96608 3.1785 2.85082 1.93331 3.29318 3.44064 1.76947 2.8672 2.06438 
Utility: 6.3363 5.88454 5.77246 5.22455 5.87955 5.81284 5.54893 5.62576 6.25495 5.79476 5.37608 6.30488 6.04547 6.00687 5.65398 6.40924 5.59409 5.72515 5.86523 5.7011 6.34578 5.82895 6.28717 6.19049 6.10999 6.29327 6.37151 5.50382 5.98366 6.17383 

