--------------------------------------
Time: 5.50007
Split Ratios: 1 1 1 1 1 1 1 1 1 1 1 1 1 1 1 1 1 1 1 1 1 1 1 1 1 1 1 1 1 1 1 1 1 1 1 1 1 1 1 1 1 1 1 1 1 1 1 1 1 1 
Delays: 0.00607262 0.00747666 0.00615876 0.0047857 0.00427384 0.00437948 0.00620727 0.00440161 0.00447529 0.00737869 0.00602869 0.00801905 0.00427576 0.00450636 0.00778086 0.00767942 0.00582385 0.0071403 0.00935654 0.00591101 0.00758031 0.00608371 0.00889602 0.00917596 0.00574083 0.00583961 0.004567 0.00848719 0.00715437 0.00435534 0.00432054 0.00634594 0.00446466 0.00871991 0.00882417 0.00698563 0.0059913 0.00738461 0.00656252 0.00672833 0.00442124 0.00581761 0.00581052 0.00634096 0.00747514 0.00612036 0.00886097 0.00800478 0.00605782 0.00606009 
Throughputs: 2.06438 3.1785 1.91693 3.12934 2.03162 3.53894 3.04742 2.62144 3.42426 2.80166 2.26099 2.048 1.98246 3.71917 2.24461 2.88358 3.55533 2.9655 2.88358 1.98246 2.75251 3.75194 3.35872 1.88416 2.03162 2.70336 2.52314 2.19546 2.26099 4.14515 2.5559 2.42483 1.81862 2.94912 2.75251 2.75251 3.21126 2.67059 4.11238 1.99885 3.48979 2.68698 3.06381 2.4576 4.06323 3.16211 3.35872 3.3751 3.86662 2.63782 
Utility: 5.8288 6.05238 5.7406 6.48295 6.16407 6.69465 6.19633 6.38951 6.64007 5.93937 5.92703 5.5428 6.13913 6.71577 5.66462 5.92824 6.41424 6.02905 5.73071 5.81528 5.89471 6.42441 5.93371 5.32465 5.86898 6.13759 6.3144 5.55559 5.75584 6.85829 6.38278 5.9457 6.00964 5.82365 5.74277 5.97641 6.28411 5.89066 6.44038 5.694 6.67118 6.13528 6.26774 5.95991 6.29815 6.24738 5.93766 6.04414 6.45879 6.07598 

--------------------------------------
Time: 6.00007
Split Ratios: 1 1 1 1 1 1 1 1 1 1 1 1 1 1 1 1 1 1 1 1 1 1 1 1 1 1 1 1 1 1 1 1 1 1 1 1 1 1 1 1 1 1 1 1 1 1 1 1 1 1 
Delays: 0.00602643 0.00742222 0.00620063 0.00469927 0.00431077 0.00435738 0.00618062 0.00436615 0.00448405 0.00748737 0.00594391 0.00806971 0.00428346 0.00442809 0.0076635 0.00759079 0.00582609 0.00693412 0.00926036 0.00589924 0.00756455 0.00597642 0.00871773 0.0093035 0.00573745 0.00588709 0.00457604 0.00886366 0.00715575 0.00437061 0.00434085 0.00613955 0.00458609 0.00827559 0.00829692 0.00727574 0.00599292 0.00737375 0.00633877 0.00661485 0.0044378 0.00581731 0.0058319 0.00618049 0.00776224 0.00602222 0.00921856 0.00773024 0.00604895 0.00597647 
Throughputs: 2.37568 3.22765 2.048 2.98189 2.12992 2.88358 3.01466 2.68698 3.65363 3.16211 2.4576 1.96608 1.83501 3.34234 2.06438 3.08019 3.75194 3.1785 3.06381 2.08077 2.60506 3.32595 3.21126 1.68755 2.1463 2.91635 2.65421 2.50675 2.17907 3.48979 2.40845 2.16269 2.27738 3.48979 2.62144 2.99827 3.34234 3.06381 3.91578 2.08077 3.29318 2.93274 2.94912 2.34291 3.65363 3.24403 3.52256 3.03104 3.9977 2.53952 
Utility: 5.97688 6.07503 5.79997 6.45291 6.20272 6.49492 6.18982 6.42229 6.70295 6.04578 6.02457 5.49568 6.06004 6.62646 5.59612 6.00581 6.46768 6.12771 5.80167 5.86567 5.84174 6.32169 5.90906 5.20064 5.92449 6.20533 6.36307 5.64478 5.71874 6.68269 6.31867 5.86435 6.20775 6.04429 5.75559 6.02125 6.32385 6.02949 6.42608 5.75118 6.60945 6.22285 6.22592 5.93775 6.15421 6.28912 5.94572 5.97152 6.49359 6.0519 

--------------------------------------
Time: 6.50024
Split Ratios: 1 1 1 1 1 1 1 1 1 1 1 1 1 1 1 1 1 1 1 1 1 1 1 1 1 1 1 1 1 1 1 1 1 1 1 1 1 1 1 1 1 1 1 1 1 1 1 1 1 1 
Delays: 0.00598971 0.00743348 0.00621878 0.00471217 0.00428837 0.00438839 0.00620388 0.00436509 0.00450082 0.00755443 0.00598692 0.00920295 0.00428784 0.00452264 0.00786794 0.00762833 0.00586591 0.00783686 0.00951703 0.00592909 0.00762899 0.00594263 0.00960403 0.00974016 0.00576668 0.00588897 0.00460431 0.00956732 0.00716417 0.00439798 0.00435865 0.00625195 0.00459405 0.00943113 0.00958689 0.00766082 0.00601063 0.00733956 0.00645441 0.00770615 0.00442805 0.00583222 0.00582318 0.00638395 0.00833777 0.0059868 0.00946876 0.00780954 0.00602574 0.00593197 
Throughputs: 2.1463 3.35872 1.9497 3.01466 2.31014 3.35872 3.40787 2.47398 2.93274 3.44064 2.73613 1.93331 1.98246 3.47341 2.06438 2.73613 3.88301 3.24403 2.58867 1.9497 2.71974 3.11296 3.80109 2.09715 1.96608 3.30957 2.68698 2.22822 2.47398 3.9977 2.68698 2.34291 2.16269 3.50618 2.68698 2.75251 3.45702 2.58867 3.55533 2.1463 3.53894 2.83443 3.35872 2.44122 4.57114 2.88358 3.7847 3.04742 3.81747 2.70336 
Utility: 5.88146 6.11332 5.74786 6.46109 6.28916 6.64035 6.30867 6.33995 6.47943 6.12128 6.12472 5.34747 6.13631 6.6438 5.56979 5.88243 6.49521 6.02573 5.60582 5.79556 5.87634 6.26118 5.98086 5.37208 5.8317 6.33149 6.36918 5.45061 5.84449 6.81233 6.42401 5.92626 6.15435 5.91827 5.63578 5.88415 6.35463 5.86562 6.31144 5.62948 6.68362 6.1862 6.35747 5.94646 6.30672 6.17723 5.99073 5.96671 6.4513 6.12189 

--------------------------------------
Time: 7.00029
Split Ratios: 1 1 1 1 1 1 1 1 1 1 1 1 1 1 1 1 1 1 1 1 1 1 1 1 1 1 1 1 1 1 1 1 1 1 1 1 1 1 1 1 1 1 1 1 1 1 1 1 1 1 
Delays: 0.00606314 0.00751399 0.0060679 0.00467961 0.00429167 0.00435663 0.00621959 0.00435876 0.00445552 0.00743898 0.00602204 0.00824424 0.00428264 0.00450414 0.00784734 0.00762866 0.0058111 0.0074265 0.00881343 0.0059448 0.00753134 0.00603892 0.00923099 0.00889687 0.00573367 0.00582127 0.00451023 0.00858993 0.00717068 0.00439244 0.00433727 0.00604756 0.00443374 0.00906763 0.00866137 0.00690868 0.00604465 0.00733135 0.00626922 0.00695806 0.00439792 0.00584574 0.00582313 0.00629283 0.00717346 0.00597825 0.00873529 0.00795384 0.00602412 0.00607338 
Throughputs: 2.08077 2.99827 1.99885 3.21126 2.39206 2.93274 3.14573 2.49037 3.45702 3.29318 2.8672 2.01523 1.9497 3.34234 2.11354 2.53952 3.26042 3.44064 2.99827 1.75309 2.5559 3.63725 3.3751 1.85139 1.99885 3.03104 2.26099 2.21184 2.39206 4.11238 2.58867 2.048 1.83501 3.67002 2.44122 2.63782 3.34234 2.65421 3.6864 2.16269 3.12934 3.30957 3.26042 2.58867 3.75194 2.8672 3.73555 3.26042 3.50618 2.65421 
Utility: 5.83826 5.98902 5.79731 6.53121 6.32324 6.51199 6.2261 6.348 6.65402 6.09288 6.16567 5.49897 6.12086 6.60943 5.59594 5.80782 6.32984 6.13836 5.82951 5.68662 5.82709 6.40076 5.90161 5.33799 5.85397 6.25514 6.21721 5.55099 5.80991 6.84187 6.39166 5.82496 6.02556 6.00324 5.64138 5.94493 6.31525 5.89174 6.37675 5.73921 6.56745 6.33886 6.32777 6.01949 6.25964 6.17296 6.05828 6.01595 6.36651 6.07999 

--------------------------------------
Time: 7.5003
Split Ratios: 1 1 1 1 1 1 1 1 1 1 1 1 1 1 1 1 1 1 1 1 1 1 1 1 1 1 1 1 1 1 1 1 1 1 1 1 1 1 1 1 1 1 1 1 1 1 1 1 1 1 
Delays: 0.00593512 0.0074648 0.00630799 0.00467938 0.00429507 0.00435683 0.00612983 0.0044332 0.00450592 0.00746814 0.00597169 0.00908856 0.00427826 0.00452933 0.00768781 0.00759745 0.00592761 0.00827826 0.00900481 0.00589842 0.00755799 0.00598768 0.0102986 0.00925842 0.00572687 0.00592734 0.00458948 0.00875475 0.00715837 0.00438017 0.00432332 0.00614053 0.00454506 0.0100848 0.00990387 0.00712348 0.00605236 0.00743409 0.00633889 0.00800978 0.00443068 0.00584625 0.00582445 0.00624027 0.00744567 0.00603402 0.00899098 0.00828966 0.00610321 0.00595082 
Throughputs: 1.96608 2.88358 1.81862 2.91635 2.31014 3.04742 2.91635 2.68698 3.89939 3.04742 2.58867 2.1463 1.88416 3.81747 2.19546 2.80166 3.73555 3.21126 2.94912 1.86778 2.7689 3.63725 3.81747 2.06438 1.99885 3.29318 2.37568 2.40845 2.62144 3.53894 2.71974 2.17907 1.98246 3.63725 2.60506 2.67059 3.3751 3.01466 3.6864 2.27738 3.12934 3.04742 3.29318 2.44122 3.7847 2.8672 3.55533 3.73555 3.83386 2.98189 
Utility: 5.80291 5.95659 5.66402 6.43492 6.2876 6.55031 6.16492 6.40705 6.76318 6.01141 6.07187 5.46449 6.08769 6.73677 5.65451 5.91016 6.44603 5.96079 5.7915 5.75782 5.9036 6.40928 5.91533 5.40705 5.85516 6.32003 6.24927 5.61714 5.9032 6.6945 6.44427 5.87174 6.07806 5.88795 5.57228 5.92666 6.32373 6.00516 6.3657 5.65012 6.56003 6.25625 6.33755 5.96923 6.23109 6.16368 5.97998 6.11064 6.44281 6.21678 

--------------------------------------
Time: 8.00034
Split Ratios: 1 1 1 1 1 1 1 1 1 1 1 1 1 1 1 1 1 1 1 1 1 1 1 1 1 1 1 1 1 1 1 1 1 1 1 1 1 1 1 1 1 1 1 1 1 1 1 1 1 1 
Delays: 0.00593496 0.00741181 0.00620359 0.00486035 0.00428968 0.00437518 0.00632837 0.00439007 0.00448288 0.00745585 0.00598773 0.00882478 0.0042953 0.00454619 0.00774671 0.00772596 0.0058515 0.00768283 0.0101572 0.0059358 0.00754581 0.00598393 0.00940573 0.010196 0.00574838 0.00584691 0.00458545 0.00968401 0.00717413 0.00438744 0.00433274 0.00613477 0.00460745 0.00910634 0.00903812 0.00800373 0.00599641 0.00736111 0.0063678 0.0075491 0.00437897 0.00584167 0.00584657 0.00637062 0.00825533 0.00611466 0.010093 0.00781436 0.00604837 0.00592175 
Throughputs: 1.96608 3.16211 1.93331 3.34234 2.19546 3.16211 3.52256 2.3593 3.85024 3.29318 2.65421 1.96608 1.76947 3.29318 2.42483 2.70336 3.6864 3.16211 3.30957 2.1463 2.52314 3.39149 3.94854 1.78586 2.17907 2.88358 2.42483 2.50675 2.47398 4.14515 2.57229 2.16269 1.96608 3.44064 2.53952 2.70336 2.94912 3.01466 3.62086 2.29376 2.80166 2.78528 3.16211 2.85082 3.85024 3.08019 3.63725 3.08019 4.096 2.91635 
Utility: 5.80294 6.05592 5.74186 6.53331 6.23793 6.58305 6.3219 6.28677 6.75563 6.09061 6.09419 5.40623 6.02091 6.58532 5.74625 5.85767 6.44571 6.02001 5.78639 5.8905 5.81227 6.33995 6.03978 5.16565 5.93774 6.20088 6.27063 5.55627 5.8431 6.85095 6.38635 5.86513 6.05612 5.93444 5.63828 5.82234 6.1981 6.01503 6.34321 5.71652 6.46116 6.16709 6.29314 6.10366 6.14503 6.22206 5.88714 5.97678 6.51798 6.19946 

--------------------------------------
Time: 8.50044
Split Ratios: 1 1 1 1 1 1 1 1 1 1 1 1 1 1 1 1 1 1 1 1 1 1 1 1 1 1 1 1 1 1 1 1 1 1 1 1 1 1 1 1 1 1 1 1 1 1 1 1 1 1 
Delays: 0.00597004 0.00740852 0.0061595 0.0048087 0.00429223 0.00436123 0.00630178 0.00440299 0.00446931 0.00757681 0.00598017 0.00810892 0.00430745 0.00451669 0.00777047 0.00764143 0.00587396 0.00690834 0.00896059 0.0058926 0.00753181 0.0059621 0.00863062 0.00917422 0.00575082 0.00587585 0.00455076 0.00843031 0.00719257 0.00444629 0.00436012 0.00614278 0.00451836 0.00851425 0.00842802 0.00691387 0.00603225 0.00731635 0.0064028 0.00670396 0.00439166 0.005867 0.00583893 0.00639936 0.00708999 0.00602647 0.00867756 0.00771019 0.00605235 0.00594352 
Throughputs: 2.19546 2.7689 2.26099 3.26042 1.99885 2.94912 3.35872 2.27738 3.55533 3.65363 2.31014 1.88416 2.06438 3.6864 2.57229 3.08019 3.81747 3.12934 2.98189 2.048 2.91635 3.1785 3.76832 1.93331 2.42483 2.85082 2.12992 2.24461 2.29376 3.65363 2.60506 2.048 1.86778 3.22765 2.80166 3.04742 3.16211 2.73613 3.6864 1.72032 3.26042 3.42426 3.2768 2.49037 3.65363 2.98189 3.42426 3.44064 3.7847 2.65421 
Utility: 5.90739 5.92357 5.90556 6.51918 6.14352 6.51651 6.27848 6.2485 6.67897 6.17838 5.95662 5.44827 6.17224 6.70463 5.80222 5.99916 6.47681 6.11585 5.80748 5.85092 5.95895 6.27874 6.07907 5.35059 6.04418 6.18451 6.14855 5.58445 5.7649 6.71141 6.39271 5.80934 6.02435 5.93777 5.80641 6.08852 6.26188 5.92419 6.35567 5.54757 6.6099 6.3693 6.33007 5.96399 6.24479 6.20415 5.9779 6.10087 6.43828 6.1016 

--------------------------------------
Time: 9.00044
Split Ratios: 1 1 1 1 1 1 1 1 1 1 1 1 1 1 1 1 1 1 1 1 1 1 1 1 1 1 1 1 1 1 1 1 1 1 1 1 1 1 1 1 1 1 1 1 1 1 1 1 1 1 
Delays: 0.00606 0.00744704 0.0061882 0.00497368 0.00429536 0.0043619 0.00638826 0.00439705 0.00441666 0.00744935 0.005922 0.00817521 0.00430138 0.00446964 0.0079143 0.00771676 0.00589273 0.00696882 0.00880781 0.00590641 0.0075126 0.00597643 0.00867187 0.00885866 0.00574641 0.00586581 0.00459142 0.00843932 0.00715834 0.00439776 0.00431978 0.00607441 0.00450854 0.00832777 0.00858864 0.00703712 0.00600452 0.00735227 0.00626969 0.00681104 0.00439682 0.00585041 0.00583665 0.00650008 0.0072283 0.00604354 0.00869921 0.00769651 0.00598861 0.00590096 
Throughputs: 2.1463 3.48979 1.83501 3.1785 2.32653 3.44064 3.39149 2.37568 3.5881 2.9655 2.4576 2.19546 2.19546 3.44064 2.3593 2.85082 3.91578 3.06381 2.99827 2.19546 2.58867 3.22765 3.55533 1.78586 1.88416 3.11296 2.49037 1.93331 2.24461 3.42426 2.75251 2.22822 1.85139 3.47341 2.47398 2.7689 3.35872 2.7689 3.53894 1.86778 3.35872 2.8672 2.8672 2.53952 3.76832 2.80166 3.81747 3.19488 3.3751 2.83443 
Utility: 5.86979 6.14978 5.69216 6.46 6.2946 6.6705 6.27456 6.2921 6.69999 5.98667 6.02827 5.59304 6.23521 6.64611 5.69745 5.91197 6.49905 6.08597 5.83015 5.91811 5.84232 6.29168 6.01612 5.30626 5.79266 6.27419 6.296 5.43409 5.74801 6.65754 6.45706 5.90487 6.01772 6.0333 5.66314 5.975 6.3268 5.93119 6.33586 5.61396 6.63843 6.19458 6.19693 5.96792 6.25638 6.13898 6.08411 6.02854 6.33432 6.17448 

--------------------------------------
Time: 9.50059
Split Ratios: 1 1 1 1 1 1 1 1 1 1 1 1 1 1 1 1 1 1 1 1 1 1 1 1 1 1 1 1 1 1 1 1 1 1 1 1 1 1 1 1 1 1 1 1 1 1 1 1 1 1 
Delays: 0.00604863 0.00745772 0.0063696 0.00467565 0.0042817 0.00437749 0.00616272 0.00439225 0.00443025 0.00758389 0.00597777 0.00799924 0.00429045 0.0045412 0.00766024 0.00752619 0.00582601 0.00731556 0.00994056 0.00592175 0.00761053 0.00600309 0.00909093 0.0100476 0.00574648 0.00586723 0.00467728 0.00963599 0.00718196 0.00437609 0.00432811 0.00625691 0.00455526 0.00862901 0.00856826 0.00796484 0.00599652 0.00733723 0.00638568 0.00666859 0.00440014 0.00584262 0.00580654 0.00628122 0.00825087 0.0060277 0.00992224 0.0078403 0.00607394 0.00603499 
Throughputs: 1.83501 2.94912 1.96608 3.22765 2.32653 3.24403 3.14573 2.53952 3.2768 3.24403 2.3593 1.86778 1.85139 3.39149 2.34291 2.7689 3.44064 3.32595 3.34234 1.68755 2.68698 3.62086 3.80109 1.93331 2.32653 2.88358 2.67059 2.34291 2.24461 3.55533 3.08019 2.21184 1.86778 3.42426 2.44122 2.68698 3.2768 2.7689 3.86662 1.76947 2.89997 3.1785 2.7689 2.29376 3.89939 3.06381 3.94854 3.67002 4.12877 2.93274 
Utility: 5.71497 5.98001 5.73226 6.53714 6.29778 6.6081 6.23528 6.35989 6.60617 6.05855 5.97807 5.45316 6.0673 6.61583 5.72311 5.90781 6.38108 6.11951 5.8178 5.6524 5.86664 6.40219 6.03576 5.25965 6.00354 6.19741 6.34734 5.49364 5.74471 6.70005 6.56762 5.86789 6.01622 5.98351 5.65219 5.82113 6.30344 5.93324 6.40608 5.58103 6.49082 6.29898 6.16722 5.90038 6.15826 6.23105 5.98632 6.14867 6.52173 6.18612 

--------------------------------------
Time: 10.0006
Split Ratios: 1 1 1 1 1 1 1 1 1 1 1 1 1 1 1 1 1 1 1 1 1 1 1 1 1 1 1 1 1 1 1 1 1 1 1 1 1 1 1 1 1 1 1 1 1 1 1 1 1 1 
Delays: 0.0059395 0.00744356 0.00621009 0.00501679 0.00428655 0.00434576 0.00639416 0.0044096 0.004475 0.00744896 0.00600367 0.00807554 0.00429574 0.00445197 0.00786576 0.0077141 0.00589984 0.00709414 0.00962976 0.00594689 0.00760522 0.0059194 0.00893227 0.00997833 0.00578419 0.00586402 0.00453791 0.00961844 0.00717362 0.00437708 0.00437451 0.00618902 0.0045547 0.00855451 0.00853853 0.00743706 0.00600579 0.00732945 0.00644728 0.00687009 0.0044416 0.00581467 0.00582299 0.00648864 0.00791959 0.00606974 0.00957412 0.00790427 0.00602934 0.00594278 
Throughputs: 1.91693 3.16211 1.90054 3.89939 2.21184 3.01466 3.11296 2.52314 3.48979 2.98189 2.7689 1.7367 2.37568 3.80109 1.93331 3.06381 4.1943 2.99827 2.80166 1.90054 2.68698 3.09658 3.94854 1.88416 2.1463 2.94912 2.44122 2.1463 2.70336 3.81747 2.57229 2.24461 2.31014 3.12934 2.31014 2.70336 3.2768 3.06381 3.62086 2.19546 3.34234 2.67059 2.9655 2.39206 4.01408 3.12934 3.81747 3.45702 3.62086 2.78528 
Utility: 5.77685 6.05165 5.72372 6.65579 6.2461 6.54204 6.18794 6.34947 6.65909 5.99224 6.13383 5.3709 6.31542 6.7497 5.50447 5.98436 6.56656 6.04652 5.67311 5.76703 5.86734 6.25982 6.09143 5.24082 5.91637 6.22043 6.28779 5.40782 5.93184 6.77096 6.37676 5.89351 6.2289 5.90212 5.60048 5.89578 6.3019 6.03551 6.33081 5.76697 6.62341 6.12967 6.23299 5.90986 6.22822 6.24526 5.98828 6.08076 6.39783 6.14993 

--------------------------------------
Time: 10.5007
Split Ratios: 1 1 1 1 1 1 1 1 1 1 1 1 1 1 1 1 1 1 1 1 1 1 1 1 1 1 1 1 1 1 1 1 1 1 1 1 1 1 1 1 1 1 1 1 1 1 1 1 1 1 
Delays: 0.00593871 0.00740625 0.00609569 0.00481158 0.00427792 0.00440616 0.006247 0.0043795 0.004458 0.00750454 0.00591555 0.00860236 0.00427991 0.00450975 0.00789194 0.00771388 0.00581353 0.00752442 0.00856234 0.00593893 0.00748317 0.00594477 0.00933768 0.00868587 0.00574397 0.00584824 0.00457855 0.00836472 0.00715776 0.00434597 0.00435792 0.00601671 0.00446368 0.00916372 0.00932995 0.00667006 0.00598081 0.00741582 0.00629942 0.00730187 0.00441762 0.00588519 0.00582574 0.00637223 0.00710047 0.00601451 0.00858376 0.00811523 0.00599717 0.00589738 
Throughputs: 2.01523 3.40787 1.9497 3.29318 2.21184 3.32595 3.35872 2.39206 3.40787 3.44064 2.29376 1.9497 1.86778 3.14573 2.60506 2.91635 3.89939 3.12934 2.44122 2.048 2.42483 3.04742 3.65363 1.67117 2.21184 2.94912 2.44122 2.17907 2.27738 3.44064 2.34291 2.37568 2.01523 3.60448 2.50675 3.04742 3.26042 3.11296 3.6864 1.99885 3.30957 2.73613 3.22765 2.53952 3.94854 3.06381 3.45702 4.096 3.98131 2.8672 
Utility: 5.827 6.13152 5.76785 6.52858 6.24811 6.62651 6.28721 6.30298 6.63914 6.1279 5.96036 5.42339 6.07857 6.54756 5.79937 5.93507 6.50839 6.03042 5.65288 5.84309 5.78086 6.23954 5.96942 5.25958 5.95343 6.22312 6.27887 5.56263 5.76258 6.67416 6.28715 5.9785 6.11252 5.97468 5.59351 6.12442 6.30105 6.03971 6.37195 5.6122 6.61897 6.14186 6.31722 5.98778 6.32094 6.23324 5.99829 6.22402 6.49808 6.18658 

--------------------------------------
Time: 11.0007
Split Ratios: 1 1 1 1 1 1 1 1 1 1 1 1 1 1 1 1 1 1 1 1 1 1 1 1 1 1 1 1 1 1 1 1 1 1 1 1 1 1 1 1 1 1 1 1 1 1 1 1 1 1 
Delays: 0.00601938 0.00742123 0.00621635 0.00499912 0.00428649 0.00436442 0.00646923 0.00441053 0.00445177 0.00739321 0.00594419 0.0081733 0.00428051 0.00445095 0.00801687 0.00788137 0.00590571 0.00744636 0.0084752 0.00594371 0.00760968 0.00595595 0.00899132 0.00858477 0.00575707 0.00590613 0.00460898 0.00856242 0.00716827 0.00441418 0.00435192 0.00610941 0.00448843 0.00883642 0.00886193 0.00672624 0.00607195 0.00736904 0.00619097 0.00675603 0.00439169 0.00582587 0.00581901 0.00655794 0.0069516 0.00607825 0.00859928 0.008074 0.00599131 0.00600842 
Throughputs: 2.1463 3.42426 2.21184 3.35872 2.12992 3.09658 3.19488 2.60506 3.57171 2.93274 2.93274 1.88416 1.72032 3.26042 1.9497 3.16211 4.21069 3.26042 2.39206 2.09715 2.53952 3.09658 3.75194 1.85139 2.21184 3.32595 2.62144 2.11354 2.52314 3.70278 2.68698 2.24461 1.83501 3.5881 2.52314 2.93274 3.22765 2.65421 3.24403 2.06438 3.45702 3.12934 3.06381 2.67059 4.04685 3.06381 3.32595 3.67002 3.98131 2.83443 
Utility: 5.87652 6.1343 5.8744 6.51005 6.20837 6.56457 6.20225 6.38121 6.6875 5.98313 6.20128 5.44036 5.99619 6.59649 5.49388 5.99449 6.56946 6.08188 5.64277 5.866 5.81031 6.25366 6.03377 5.3737 5.95115 6.33352 6.34347 5.50873 5.86359 6.73202 6.42555 5.90646 6.0133 6.00649 5.65149 6.07767 6.27583 5.88661 6.26148 5.72215 6.66845 6.28627 6.26628 6.00938 6.36672 6.2227 5.95783 6.1193 6.49906 6.15644 

--------------------------------------
Time: 11.5007
Split Ratios: 1 1 1 1 1 1 1 1 1 1 1 1 1 1 1 1 1 1 1 1 1 1 1 1 1 1 1 1 1 1 1 1 1 1 1 1 1 1 1 1 1 1 1 1 1 1 1 1 1 1 
Delays: 0.006034 0.00747695 0.00620467 0.0048714 0.00428601 0.00439113 0.00629207 0.00441323 0.00447442 0.0075681 0.00588975 0.00820924 0.00429242 0.00461089 0.00771709 0.00771767 0.00586485 0.00699039 0.00992003 0.00592714 0.00749277 0.00597803 0.00866579 0.00993419 0.00575192 0.00589291 0.00464007 0.00962378 0.00716282 0.00436904 0.00430618 0.00603168 0.00453307 0.00853631 0.00843661 0.00783644 0.00599071 0.00740195 0.00617967 0.00673038 0.00443232 0.00581199 0.00582302 0.00631258 0.00808837 0.00598928 0.00984269 0.00793857 0.00611512 0.0059587 
Throughputs: 1.75309 3.45702 1.9497 3.50618 2.048 3.45702 3.52256 2.39206 3.39149 3.08019 2.44122 1.91693 1.90054 3.76832 2.26099 2.78528 4.04685 3.26042 2.75251 1.88416 2.73613 3.24403 3.42426 2.09715 2.06438 3.11296 2.58867 2.53952 2.5559 3.55533 2.58867 2.34291 2.08077 3.34234 2.40845 2.83443 3.11296 2.94912 3.21126 1.83501 3.39149 2.75251 3.30957 2.16269 4.04685 2.88358 3.65363 3.39149 4.29261 2.65421 
Utility: 5.67172 6.13634 5.75013 6.5789 6.16926 6.66858 6.32765 6.2953 6.63065 6.0088 6.02704 5.45322 6.09305 6.70596 5.68012 5.88859 6.53672 6.14507 5.62571 5.7617 5.90036 6.29648 5.97926 5.35235 5.88305 6.26958 6.32417 5.57549 5.87726 6.70166 6.39885 5.96212 6.12909 5.9701 5.65416 5.89081 6.25312 5.98752 6.25315 5.60817 6.6401 6.16035 6.34275 5.83656 6.21527 6.17682 5.91675 6.05729 6.55389 6.09905 

--------------------------------------
Time: 12.0007
Split Ratios: 1 1 1 1 1 1 1 1 1 1 1 1 1 1 1 1 1 1 1 1 1 1 1 1 1 1 1 1 1 1 1 1 1 1 1 1 1 1 1 1 1 1 1 1 1 1 1 1 1 1 
Delays: 0.00609932 0.00745582 0.00622004 0.00475925 0.00428136 0.00434062 0.00628793 0.00439137 0.00451333 0.00748277 0.00587554 0.00848556 0.00429565 0.00450966 0.00792064 0.00765166 0.00579844 0.00764569 0.00998442 0.00597489 0.00757412 0.00598709 0.00894446 0.0100428 0.00573732 0.00584628 0.00473788 0.00978778 0.00718114 0.00441641 0.00434308 0.00623919 0.00449939 0.00883112 0.00901758 0.00800227 0.00610258 0.00732731 0.0063615 0.00690878 0.00438542 0.00579241 0.0058418 0.00644094 0.00865545 0.00590818 0.00988377 0.00789021 0.00605887 0.00602895 
Throughputs: 2.22822 3.53894 2.29376 3.12934 2.16269 3.03104 3.16211 2.9655 3.73555 3.14573 2.32653 1.98246 2.16269 3.44064 2.32653 2.93274 3.89939 3.19488 2.98189 2.12992 2.75251 3.57171 3.45702 2.34291 2.31014 2.5559 2.40845 2.17907 2.4576 4.11238 2.73613 2.4576 1.93331 3.6864 2.50675 2.70336 3.44064 2.81805 3.48979 2.03162 3.26042 2.83443 3.35872 2.50675 4.24346 2.50675 3.71917 3.50618 3.91578 2.80166 
Utility: 5.90078 6.16259 5.91017 6.48849 6.22484 6.54864 6.22036 6.51516 6.71861 6.0412 5.98133 5.45373 6.2215 6.63719 5.68266 5.94877 6.51099 6.03516 5.69929 5.87627 5.89553 6.39119 5.95713 5.4523 5.99807 6.08036 6.23115 5.40552 5.83548 6.83643 6.44571 5.97609 6.06305 6.03412 5.62757 5.82253 6.3347 5.95219 6.30733 5.68379 6.61132 6.19305 6.35428 5.96407 6.19494 6.05041 5.93036 6.09666 6.47125 6.1414 

--------------------------------------
Time: 12.5008
Split Ratios: 1 1 1 1 1 1 1 1 1 1 1 1 1 1 1 1 1 1 1 1 1 1 1 1 1 1 1 1 1 1 1 1 1 1 1 1 1 1 1 1 1 1 1 1 1 1 1 1 1 1 
Delays: 0.00603016 0.00748613 0.00614687 0.00489685 0.00429154 0.00436263 0.00627591 0.0043627 0.00446471 0.00747669 0.00592825 0.00825486 0.00429836 0.00446288 0.0078535 0.00780768 0.00591283 0.00726768 0.00949112 0.00591095 0.00751835 0.00607707 0.00901005 0.00964752 0.00574607 0.00587919 0.00449428 0.00929171 0.0071585 0.00439 0.00435738 0.0062042 0.00458984 0.00874839 0.00864833 0.00761867 0.00599425 0.00728749 0.00632851 0.0069371 0.00438024 0.00582862 0.00587995 0.006357 0.0081287 0.00599484 0.00947673 0.00792579 0.00608048 0.00603896 
Throughputs: 1.91693 3.08019 1.98246 3.39149 2.01523 3.26042 3.21126 2.24461 3.80109 3.39149 2.49037 1.99885 2.1463 2.9655 2.08077 3.06381 3.9977 2.81805 2.94912 1.96608 2.65421 3.50618 3.7847 1.9497 2.11354 3.11296 2.29376 2.09715 2.52314 4.096 2.49037 2.3593 1.93331 3.45702 2.3593 3.2768 3.14573 2.7689 3.45702 2.26099 3.30957 2.70336 3.42426 2.3593 3.81747 2.57229 3.73555 3.48979 3.70278 3.24403 
Utility: 5.76171 6.0197 5.77615 6.54043 6.15184 6.61654 6.2377 6.24319 6.74684 6.11723 6.04046 5.48952 6.21327 6.49901 5.57953 5.97231 6.51635 5.96036 5.73891 5.80699 5.86655 6.35776 6.04038 5.30873 5.9076 6.27191 6.23514 5.41921 5.86496 6.83844 6.34831 5.94089 6.04314 5.97929 5.60875 6.06402 6.263 5.94004 6.3031 5.78667 6.62747 6.13947 6.36709 5.91656 6.15194 6.06165 5.97681 6.08748 6.41176 6.28634 

--------------------------------------
Time: 13.0008
Split Ratios: 1 1 1 1 1 1 1 1 1 1 1 1 1 1 1 1 1 1 1 1 1 1 1 1 1 1 1 1 1 1 1 1 1 1 1 1 1 1 1 1 1 1 1 1 1 1 1 1 1 1 
Delays: 0.00607313 0.00741581 0.00625866 0.00489637 0.00428982 0.0043623 0.00632937 0.00440787 0.0044523 0.00747803 0.00590471 0.00817468 0.00428469 0.00452731 0.00812089 0.0078021 0.00583403 0.00736799 0.00912396 0.005864 0.00767775 0.00591172 0.00910708 0.00944788 0.00573028 0.00586966 0.00455884 0.00871862 0.00715717 0.00437244 0.00436922 0.00627357 0.00449042 0.00897804 0.00886998 0.00709054 0.00611332 0.00732503 0.00637721 0.00703861 0.00444353 0.00587304 0.0057832 0.00659929 0.00748317 0.0060204 0.00906598 0.00790217 0.00607418 0.00595664 
Throughputs: 2.29376 2.99827 2.29376 2.71974 2.21184 2.99827 3.57171 2.93274 3.48979 3.08019 2.27738 2.06438 2.01523 3.48979 2.24461 2.7689 3.89939 2.88358 2.75251 2.03162 2.83443 3.12934 3.6864 2.048 2.06438 2.75251 2.19546 2.22822 2.39206 3.7847 2.70336 2.32653 1.86778 3.57171 2.40845 2.94912 3.48979 2.44122 3.7847 2.37568 3.3751 3.06381 2.8672 2.73613 4.04685 2.75251 3.21126 3.80109 3.85024 2.7689 
Utility: 5.93407 6.00218 5.90398 6.3198 6.24533 6.53279 6.3356 6.5003 6.66418 6.02078 5.95503 5.53155 6.15344 6.64747 5.62185 5.87181 6.50487 5.96964 5.70936 5.84775 5.91127 6.27164 6.00335 5.37883 5.88682 6.15047 6.17708 5.5435 5.8118 6.7634 6.42767 5.91579 6.03056 5.98602 5.60407 6.0305 6.34713 5.80895 6.38599 5.82163 6.63273 6.25704 6.20613 6.02734 6.29304 6.12512 5.86989 6.1759 6.45184 6.1417 

--------------------------------------
Time: 13.5008
Split Ratios: 1 1 1 1 1 1 1 1 1 1 1 1 1 1 1 1 1 1 1 1 1 1 1 1 1 1 1 1 1 1 1 1 1 1 1 1 1 1 1 1 1 1 1 1 1 1 1 1 1 1 
Delays: 0.00595712 0.00751456 0.00612187 0.00469151 0.00428458 0.00436753 0.00614221 0.00437702 0.00448828 0.00746101 0.00601113 0.00815271 0.00427419 0.00448126 0.00758132 0.00761718 0.00589653 0.00735265 0.00926209 0.00585825 0.00775881 0.0059802 0.00892147 0.00914715 0.00576004 0.00589326 0.00450972 0.00902186 0.00719515 0.00435973 0.00434186 0.00616615 0.00446889 0.00853206 0.0087975 0.00699605 0.00609668 0.00734349 0.00648824 0.00664214 0.00442966 0.00579593 0.00582043 0.00634074 0.00764744 0.00615126 0.00904334 0.0079139 0.00615028 0.00606152 
Throughputs: 2.03162 3.30957 1.88416 2.81805 2.06438 3.44064 3.3751 2.63782 3.6864 2.94912 2.40845 1.90054 2.01523 3.39149 1.85139 2.89997 3.65363 3.42426 3.3751 1.98246 2.91635 3.30957 3.29318 1.99885 2.32653 2.75251 2.44122 2.12992 2.70336 3.76832 3.03104 2.1463 1.5401 3.48979 2.34291 2.98189 3.24403 2.7689 3.93216 2.048 3.26042 3.03104 2.85082 2.27738 3.88301 3.14573 3.2768 3.91578 3.9977 2.75251 
Utility: 5.832 6.08773 5.72937 6.39804 6.17757 6.66921 6.309 6.40134 6.71094 5.97957 5.99312 5.45154 6.15589 6.62912 5.49801 5.94205 6.42911 6.14358 5.89825 5.82424 5.92926 6.31612 5.91115 5.38688 6.00119 6.14646 6.29402 5.46419 5.92884 6.76197 6.54836 5.85243 5.84246 6.01377 5.58468 6.05497 6.27683 5.93239 6.40695 5.73118 6.60129 6.2595 6.19399 5.88378 6.22999 6.23714 5.89259 6.20415 6.47698 6.11831 

--------------------------------------
Time: 14.0009
Split Ratios: 1 1 1 1 1 1 1 1 1 1 1 1 1 1 1 1 1 1 1 1 1 1 1 1 1 1 1 1 1 1 1 1 1 1 1 1 1 1 1 1 1 1 1 1 1 1 1 1 1 1 
Delays: 0.00598675 0.00749619 0.0061948 0.00480842 0.00429573 0.00438888 0.00628631 0.00436645 0.00444683 0.00744426 0.00596279 0.00820708 0.00428105 0.00445963 0.00775904 0.0076006 0.00585182 0.00713163 0.00900606 0.00594334 0.00756324 0.00597814 0.00867715 0.00906266 0.00571971 0.0058408 0.00462281 0.00915728 0.00715785 0.00439144 0.00436245 0.00611498 0.00453368 0.0085744 0.00872007 0.00721117 0.006065 0.00728606 0.006334 0.0069302 0.0043741 0.00583315 0.00583033 0.00636512 0.0077418 0.00599656 0.00917958 0.00776104 0.00602942 0.00597891 
Throughputs: 2.048 3.32595 2.08077 3.22765 2.39206 2.93274 3.45702 2.68698 3.21126 3.29318 2.32653 1.96608 1.72032 3.09658 2.24461 2.68698 3.57171 3.24403 3.11296 1.83501 2.37568 3.3751 3.88301 1.91693 2.01523 2.81805 2.40845 2.32653 2.21184 3.85024 2.57229 2.1463 1.60563 3.57171 2.03162 2.88358 3.22765 2.70336 3.47341 2.11354 3.04742 2.93274 3.35872 2.70336 3.65363 2.91635 3.55533 3.2768 3.45702 2.80166 
Utility: 5.83507 6.09512 5.81678 6.50914 6.32229 6.50462 6.30979 6.42222 6.58223 6.09217 5.96659 5.4788 5.99607 6.54299 5.66743 5.86794 6.41405 6.12003 5.84543 5.73253 5.74974 6.33607 6.10367 5.35432 5.86457 6.17893 6.25573 5.53758 5.73337 6.77623 6.37952 5.86076 5.86974 6.03202 5.45096 5.99116 6.27697 5.91629 6.30696 5.72023 6.54635 6.22013 6.35624 6.05142 6.15684 6.1869 5.95922 6.04551 6.35151 6.14973 

--------------------------------------
Time: 14.501
Split Ratios: 1 1 1 1 1 1 1 1 1 1 1 1 1 1 1 1 1 1 1 1 1 1 1 1 1 1 1 1 1 1 1 1 1 1 1 1 1 1 1 1 1 1 1 1 1 1 1 1 1 1 
Delays: 0.00600205 0.00741293 0.0063886 0.00486314 0.00427027 0.00434578 0.00637968 0.00443401 0.00447031 0.00751452 0.00592429 0.00832004 0.00428622 0.00457744 0.00781049 0.00774946 0.00587808 0.00747845 0.00898128 0.00596926 0.00751945 0.00595031 0.0089483 0.00912423 0.00573869 0.00591737 0.00463442 0.00903449 0.00715513 0.00436743 0.00434052 0.00603232 0.00455535 0.0087483 0.00866632 0.00695755 0.00600067 0.00741586 0.00640351 0.0069524 0.00438919 0.00583422 0.00585487 0.00635294 0.00738137 0.00608908 0.00907828 0.00792443 0.0060808 0.00595132 
Throughputs: 2.24461 3.29318 2.47398 3.50618 2.03162 3.03104 3.39149 2.78528 3.55533 3.39149 2.70336 1.75309 1.72032 3.71917 2.3593 2.73613 4.45645 2.8672 2.65421 1.91693 2.44122 3.75194 3.70278 1.90054 2.03162 2.85082 2.42483 2.29376 2.40845 3.85024 2.5559 1.91693 2.08077 3.44064 2.60506 2.49037 3.11296 2.8672 3.5881 1.76947 3.14573 3.32595 3.35872 2.78528 3.98131 2.8672 3.98131 4.03046 4.27622 2.5559 
Utility: 5.92418 6.09638 5.95907 6.5806 6.16491 6.54746 6.27591 6.4428 6.67874 6.11219 6.12319 5.35047 5.99486 6.70012 5.71065 5.86668 6.63088 5.94907 5.68876 5.77186 5.78276 6.44658 6.02538 5.33896 5.86936 6.17747 6.26001 5.5369 5.81891 6.78172 6.37817 5.76135 6.12419 5.97455 5.70577 5.88036 6.25146 5.95747 6.32853 5.53935 6.57466 6.34577 6.35204 6.08319 6.29041 6.15459 6.08348 6.23169 6.55569 6.06255 

--------------------------------------
Time: 15.001
Split Ratios: 1 1 1 1 1 1 1 1 1 1 1 1 1 1 1 1 1 1 1 1 1 1 1 1 1 1 1 1 1 1 1 1 1 1 1 1 1 1 1 1 1 1 1 1 1 1 1 1 1 1 
Delays: 0.00597037 0.00749209 0.00620399 0.00467992 0.00429223 0.00435004 0.0062579 0.00437576 0.00451969 0.0074029 0.00609623 0.00868032 0.0042817 0.00445564 0.00780816 0.00762066 0.00589013 0.00773574 0.00887906 0.0059589 0.00751321 0.00597669 0.00959311 0.00905453 0.00575629 0.00590558 0.00460009 0.00852443 0.00720593 0.00440086 0.00434789 0.00625205 0.00446467 0.00923441 0.00903118 0.00682054 0.00596911 0.00736881 0.00651252 0.00733855 0.00437991 0.00580632 0.00583139 0.00642173 0.0072843 0.00623407 0.00877561 0.00805549 0.00596073 0.0059547 
Throughputs: 2.06438 3.14573 2.26099 3.09658 2.08077 3.48979 3.19488 2.65421 3.53894 3.12934 2.62144 2.11354 1.86778 3.40787 2.21184 2.9655 4.07962 3.2768 3.04742 2.16269 2.42483 3.52256 3.70278 1.83501 2.11354 2.89997 2.71974 2.24461 2.52314 3.63725 2.75251 2.39206 1.96608 3.53894 2.53952 2.99827 3.3751 2.98189 4.27622 2.01523 3.34234 2.58867 3.22765 2.50675 3.75194 2.94912 3.39149 3.67002 3.48979 2.88358 
Utility: 5.84578 6.03995 5.89837 6.49477 6.18369 6.68741 6.23546 6.40782 6.66314 6.04671 6.06381 5.49506 6.07815 6.63967 5.64641 5.96394 6.54048 6.04877 5.83836 5.89422 5.77685 6.37908 5.95579 5.31154 5.90582 6.19656 6.38222 5.57335 5.85835 6.71718 6.45058 5.947 6.0876 5.94865 5.63905 6.08585 6.33758 6.00306 6.4871 5.61535 6.6374 6.09995 6.31625 5.96706 6.24431 6.15923 5.95705 6.1216 6.3724 6.18261 

--------------------------------------
Time: 15.5011
Split Ratios: 1 1 1 1 1 1 1 1 1 1 1 1 1 1 1 1 1 1 1 1 1 1 1 1 1 1 1 1 1 1 1 1 1 1 1 1 1 1 1 1 1 1 1 1 1 1 1 1 1 1 
Delays: 0.00603321 0.00744591 0.00622246 0.00477695 0.00429622 0.00437269 0.00626381 0.0043863 0.00453005 0.00752044 0.00602157 0.00824419 0.00428403 0.00456364 0.00770086 0.00761347 0.00585909 0.00713409 0.00916222 0.00596515 0.00750261 0.00601739 0.00901905 0.00912738 0.00574537 0.00588003 0.00453344 0.00902637 0.00720138 0.00436775 0.00434119 0.00611432 0.0045312 0.00831496 0.00849861 0.00728051 0.00601071 0.00743556 0.00644417 0.00679972 0.00439242 0.005829 0.00586281 0.00623231 0.00757149 0.00608653 0.00909794 0.00791904 0.00611785 0.00595869 
Throughputs: 2.048 3.04742 1.93331 3.52256 2.11354 2.98189 2.93274 2.9655 3.60448 3.34234 2.81805 1.85139 1.99885 3.11296 2.39206 3.29318 4.34176 3.34234 2.83443 2.09715 2.40845 3.47341 3.57171 1.88416 2.1463 2.71974 2.58867 2.09715 2.29376 3.3751 2.19546 2.12992 1.80224 3.45702 2.31014 3.01466 3.19488 3.04742 3.34234 2.09715 3.1785 3.03104 3.5881 2.29376 4.01408 2.93274 3.40787 3.44064 4.06323 3.12934 
Utility: 5.82734 6.01439 5.73882 6.60314 6.19838 6.52493 6.1489 6.51632 6.6792 6.0968 6.14845 5.41418 6.14543 6.52521 5.73858 6.06969 6.60804 6.14954 5.73451 5.8624 5.77149 6.35824 5.98146 5.32996 5.92311 6.13673 6.34742 5.44819 5.76368 6.64993 6.226 5.85321 5.9858 6.03011 5.60516 6.02604 6.27576 6.01578 6.25125 5.73145 6.58428 6.25382 6.41675 5.9082 6.27317 6.17761 5.9258 6.07414 6.49852 6.26373 

--------------------------------------
Time: 16.0011
Split Ratios: 1 1 1 1 1 1 1 1 1 1 1 1 1 1 1 1 1 1 1 1 1 1 1 1 1 1 1 1 1 1 1 1 1 1 1 1 1 1 1 1 1 1 1 1 1 1 1 1 1 1 
Delays: 0.006115 0.00751439 0.00638208 0.00475838 0.00428345 0.0043114 0.00620481 0.00436717 0.0044763 0.00744072 0.00588476 0.00822151 0.00427784 0.00447166 0.0078719 0.00763409 0.00585579 0.00746324 0.00895641 0.0058901 0.00758318 0.00607951 0.00925673 0.00907728 0.00572333 0.00591048 0.00467102 0.00895472 0.00718071 0.00433926 0.00432331 0.00599796 0.00442418 0.00904063 0.0094001 0.00706089 0.00612032 0.00733721 0.00627273 0.00707778 0.0044694 0.0057923 0.00581153 0.00641266 0.00729733 0.00603197 0.00895748 0.00785982 0.00601984 0.00610315 
Throughputs: 2.06438 3.22765 1.81862 3.50618 2.26099 2.78528 3.47341 2.65421 3.39149 3.14573 2.31014 1.86778 1.90054 3.26042 2.09715 2.73613 3.86662 3.42426 2.88358 1.7367 2.70336 3.60448 3.65363 1.96608 1.86778 3.01466 2.60506 2.09715 2.52314 3.35872 2.57229 2.11354 1.62202 3.57171 2.31014 2.93274 3.53894 2.37568 3.57171 1.98246 3.7847 2.44122 3.04742 2.5559 3.73555 2.83443 3.73555 3.5881 3.89939 2.93274 
Utility: 5.82184 6.06269 5.65234 6.60237 6.2688 6.47084 6.32757 6.40979 6.63023 6.04683 5.9727 5.42575 6.09645 6.59185 5.58504 5.88167 6.49271 6.12865 5.77442 5.68647 5.87632 6.38501 5.97813 5.37802 5.78795 6.23451 6.32383 5.45615 5.86186 6.65161 6.38853 5.8647 5.90434 5.97907 5.50435 6.02912 6.35997 5.78008 6.34459 5.63514 6.74147 6.04372 6.26221 5.98789 6.23814 6.15252 6.03316 6.12361 6.47352 6.17489 

--------------------------------------
Time: 16.5011
Split Ratios: 1 1 1 1 1 1 1 1 1 1 1 1 1 1 1 1 1 1 1 1 1 1 1 1 1 1 1 1 1 1 1 1 1 1 1 1 1 1 1 1 1 1 1 1 1 1 1 1 1 1 
Delays: 0.005975 0.00744184 0.00625206 0.00484599 0.00428172 0.00434095 0.00637128 0.00439443 0.00444412 0.00741374 0.00609286 0.00821231 0.00427402 0.00442688 0.00775119 0.00763755 0.00582575 0.00732831 0.00954037 0.00596749 0.00757511 0.00603063 0.00899438 0.00928347 0.00573425 0.00595392 0.00466648 0.00909047 0.00716056 0.00442234 0.00434644 0.0061234 0.00466293 0.00845812 0.00862911 0.00711469 0.00599243 0.00737292 0.00632387 0.00676906 0.00442369 0.00578433 0.00582994 0.00649139 0.00764492 0.00601721 0.00897743 0.00791158 0.00601102 0.00598517 
Throughputs: 1.96608 2.99827 1.90054 3.24403 2.40845 2.78528 3.1785 2.62144 3.32595 3.39149 2.17907 1.80224 1.90054 3.29318 2.06438 2.88358 4.04685 3.06381 2.8672 1.93331 2.7689 3.52256 3.53894 1.91693 2.08077 3.16211 2.37568 2.19546 2.4576 3.91578 2.63782 2.24461 1.96608 3.48979 2.4576 2.8672 3.12934 2.89997 3.32595 2.26099 3.5881 2.53952 3.19488 2.58867 3.7847 2.93274 3.75194 3.39149 3.50618 2.83443 
Utility: 5.79621 5.99867 5.71698 6.50642 6.33238 6.46401 6.21236 6.39114 6.61793 6.12569 5.87954 5.39115 6.09734 6.61192 5.58474 5.93371 6.54341 6.03567 5.70556 5.78066 5.90134 6.37009 5.97498 5.33024 5.89404 6.27495 6.23263 5.48692 5.83835 6.7861 6.40835 5.90417 6.04415 6.02247 5.6518 5.99893 6.25808 5.97464 6.26518 5.8112 6.6984 6.08458 6.3063 5.98842 6.20468 6.18907 6.03531 6.0607 6.36869 6.16031 

--------------------------------------
Time: 17.0012
Split Ratios: 1 1 1 1 1 1 1 1 1 1 1 1 1 1 1 1 1 1 1 1 1 1 1 1 1 1 1 1 1 1 1 1 1 1 1 1 1 1 1 1 1 1 1 1 1 1 1 1 1 1 
Delays: 0.00601217 0.00744391 0.00613683 0.00473368 0.00428717 0.00434926 0.00626247 0.00434503 0.00449296 0.00759141 0.00605305 0.00825404 0.0042884 0.00447904 0.00772492 0.00766486 0.00585923 0.0072628 0.00872027 0.00592832 0.00755815 0.00599402 0.0090436 0.00861988 0.00576254 0.00584429 0.00446807 0.00842371 0.00718422 0.0044165 0.00437571 0.00605596 0.00446522 0.00888638 0.0087544 0.00654917 0.00600816 0.0073262 0.00634705 0.00676339 0.00436987 0.00578743 0.0058424 0.00633201 0.00711254 0.00611772 0.00857009 0.00803388 0.00600484 0.00597518 
Throughputs: 1.99885 3.34234 1.96608 2.8672 2.47398 3.09658 3.5881 2.57229 4.03046 3.35872 2.44122 1.93331 1.85139 3.34234 2.29376 2.99827 3.65363 2.91635 2.98189 2.03162 2.40845 3.22765 3.7847 1.65478 2.31014 2.5559 2.26099 2.09715 2.4576 3.85024 2.63782 2.01523 1.91693 3.47341 2.29376 2.98189 3.12934 2.65421 4.06323 1.90054 2.58867 2.94912 3.2768 2.53952 3.80109 2.78528 3.30957 3.85024 3.62086 3.35872 
Utility: 5.80654 6.10703 5.76949 6.40639 6.35796 6.56805 6.3508 6.38352 6.79913 6.0923 5.99969 5.45629 6.06778 6.61502 5.6935 5.96914 6.43546 5.99532 5.83466 5.83685 5.76411 6.28875 6.03667 5.25735 5.99369 6.0807 6.2266 5.51729 5.83505 6.77054 6.40164 5.80745 6.06216 5.96837 5.56839 6.12097 6.25546 5.89244 6.46174 5.63837 6.38417 6.23357 6.32948 5.99411 6.28118 6.12091 5.95629 6.17222 6.4019 6.3317 

--------------------------------------
Time: 17.5012
Split Ratios: 1 1 1 1 1 1 1 1 1 1 1 1 1 1 1 1 1 1 1 1 1 1 1 1 1 1 1 1 1 1 1 1 1 1 1 1 1 1 1 1 1 1 1 1 1 1 1 1 1 1 
Delays: 0.00608172 0.00747055 0.00620019 0.00481392 0.0042921 0.00435668 0.00628135 0.00440618 0.00447328 0.00759621 0.00601917 0.00896752 0.00429963 0.00451172 0.00796201 0.00770313 0.00586418 0.0081966 0.0090365 0.00593912 0.00762291 0.00601572 0.0101068 0.00920631 0.00578442 0.00592174 0.00456547 0.00862162 0.00718707 0.00436961 0.00435857 0.00612366 0.00457969 0.00963842 0.00976827 0.00711784 0.00608933 0.00734042 0.00640933 0.00783269 0.00438381 0.005849 0.00591627 0.00644339 0.00740678 0.00610477 0.00910878 0.00791467 0.00607133 0.00601976 
Throughputs: 1.9497 3.03104 1.85139 3.52256 2.048 3.40787 3.44064 2.65421 3.2768 3.55533 2.81805 2.12992 1.98246 3.7847 2.32653 3.08019 3.76832 3.63725 2.63782 1.96608 2.83443 3.30957 3.65363 2.22822 2.19546 3.22765 2.39206 1.93331 2.42483 3.48979 3.16211 2.19546 1.96608 3.16211 2.7689 2.7689 3.29318 2.99827 4.04685 2.17907 3.42426 2.70336 3.1785 2.37568 3.98131 2.85082 3.60448 3.57171 3.63725 2.85082 
Utility: 5.77014 6.00569 5.69911 6.59543 6.16784 6.66213 6.30583 6.40089 6.5965 6.14855 6.14885 5.47023 6.13357 6.73204 5.67745 5.99112 6.46552 6.09526 5.67644 5.80224 5.91844 6.3102 5.89026 5.48907 5.93898 6.30088 6.26139 5.41272 5.82123 6.68292 6.58685 5.88199 6.06216 5.79324 5.64706 5.9636 6.29307 6.0124 6.44794 5.62835 6.66072 6.13598 6.28646 5.90998 6.28697 6.14629 5.98069 6.11208 6.3954 6.16031 

--------------------------------------
Time: 18.0012
Split Ratios: 1 1 1 1 1 1 1 1 1 1 1 1 1 1 1 1 1 1 1 1 1 1 1 1 1 1 1 1 1 1 1 1 1 1 1 1 1 1 1 1 1 1 1 1 1 1 1 1 1 1 
Delays: 0.00595911 0.00745776 0.00615037 0.0048347 0.00427402 0.00434041 0.00622138 0.00441626 0.00446301 0.00744502 0.00600698 0.00856992 0.00427813 0.00445609 0.00776169 0.00772091 0.00582871 0.00741777 0.0092231 0.00595792 0.0075762 0.00600591 0.00901416 0.00949516 0.00573956 0.00589427 0.00448779 0.0085249 0.00719933 0.0044145 0.00435025 0.0062105 0.00451049 0.00900698 0.00916082 0.00733173 0.00606169 0.00735108 0.00631006 0.00720068 0.00446627 0.00582963 0.00587567 0.00634515 0.00760502 0.00608411 0.00911659 0.00792117 0.00602017 0.00598297 
Throughputs: 2.11354 3.16211 1.72032 3.11296 1.93331 2.94912 3.21126 2.3593 3.50618 3.32595 2.4576 1.76947 1.96608 3.42426 2.80166 2.99827 3.85024 3.35872 2.60506 2.16269 2.83443 3.19488 3.65363 2.048 2.42483 3.19488 2.01523 2.34291 2.17907 4.03046 2.57229 2.32653 1.83501 3.76832 2.98189 2.62144 2.81805 2.4576 3.94854 1.86778 3.1785 2.70336 3.14573 2.12992 3.88301 3.03104 3.5881 3.62086 3.83386 2.9655 
Utility: 5.8712 6.04974 5.63375 6.46751 6.11443 6.52129 6.24643 6.28083 6.66646 6.10197 6.01402 5.33018 6.13028 6.64437 5.88877 5.96186 6.49309 6.11544 5.6435 5.89439 5.92458 6.27656 6.00468 5.37384 6.04613 6.29532 6.10713 5.61616 5.71267 6.81674 6.38232 5.92589 6.0084 6.03638 5.78538 5.87927 6.14181 5.81209 6.43896 5.55833 6.56761 6.1393 6.28298 5.81615 6.23556 6.21098 5.97528 6.12493 6.45651 6.20589 

--------------------------------------
Time: 18.5013
Split Ratios: 1 1 1 1 1 1 1 1 1 1 1 1 1 1 1 1 1 1 1 1 1 1 1 1 1 1 1 1 1 1 1 1 1 1 1 1 1 1 1 1 1 1 1 1 1 1 1 1 1 1 
Delays: 0.00605629 0.00748163 0.00621277 0.00494353 0.00429512 0.00434291 0.0064822 0.00439891 0.00449275 0.00745507 0.00596421 0.00810924 0.0042831 0.00443107 0.00788342 0.00783124 0.00586131 0.00725669 0.00919441 0.00590763 0.00753657 0.00606086 0.00874633 0.00930256 0.00574464 0.00589223 0.00462881 0.00885264 0.00715989 0.00439603 0.00433703 0.00616177 0.00463881 0.00872273 0.00862137 0.00708511 0.00601272 0.00736093 0.00626638 0.00667265 0.00441216 0.00580351 0.00584393 0.00647857 0.00750935 0.00597263 0.00900081 0.00795796 0.00600929 0.00598149 
Throughputs: 2.09715 3.34234 2.048 3.47341 2.34291 2.91635 3.2768 2.4576 3.47341 3.1785 2.29376 2.16269 1.96608 3.06381 2.37568 2.73613 3.93216 3.01466 2.70336 2.1463 2.78528 3.83386 3.16211 1.91693 2.11354 2.78528 2.37568 2.1463 2.44122 3.62086 2.89997 2.08077 2.01523 2.91635 2.52314 2.78528 3.26042 2.37568 3.47341 2.1463 2.93274 2.78528 3.01466 2.52314 4.04685 2.85082 3.57171 3.9977 3.81747 2.75251 
Utility: 5.84724 6.10197 5.79801 6.55481 6.30167 6.50954 6.22556 6.32558 6.65043 6.05527 5.95217 5.5861 6.12912 6.53877 5.70828 5.85618 6.50857 6.02932 5.68365 5.89526 5.91234 6.44978 5.89036 5.32819 5.90785 6.15847 6.24074 5.49079 5.83176 6.71377 6.50527 5.82213 6.07403 5.81216 5.67901 5.97411 6.29573 5.77685 6.31769 5.77348 6.49933 6.17364 6.24584 5.96476 6.28954 6.16817 5.98349 6.2193 6.45404 6.1316 

--------------------------------------
Time: 19.0014
Split Ratios: 1 1 1 1 1 1 1 1 1 1 1 1 1 1 1 1 1 1 1 1 1 1 1 1 1 1 1 1 1 1 1 1 1 1 1 1 1 1 1 1 1 1 1 1 1 1 1 1 1 1 
Delays: 0.00592283 0.00739304 0.00615219 0.00493941 0.00430458 0.00433926 0.00649301 0.00443395 0.00444661 0.00746537 0.00599897 0.00901939 0.00428555 0.00452765 0.0078723 0.00777636 0.00584171 0.00815229 0.00877304 0.00592787 0.00757188 0.00590642 0.00960767 0.00858733 0.00575351 0.00594107 0.00451453 0.00828661 0.00718788 0.00442234 0.00434297 0.00619646 0.00454558 0.00969471 0.00972821 0.00674778 0.00596329 0.0073102 0.00638883 0.00772751 0.00438099 0.00579137 0.0057949 0.00652613 0.00706335 0.00605133 0.00859692 0.00783076 0.00608324 0.00591826 
Throughputs: 1.9497 3.26042 1.93331 3.26042 2.78528 2.75251 3.40787 2.63782 3.48979 3.09658 3.01466 1.99885 2.17907 3.39149 2.12992 2.99827 3.39149 3.39149 2.93274 1.96608 2.71974 3.26042 4.03046 1.90054 2.31014 3.11296 2.26099 1.96608 2.70336 4.04685 2.81805 2.01523 1.96608 3.40787 2.58867 3.03104 3.11296 3.08019 3.67002 2.3593 3.04742 2.58867 3.12934 2.47398 3.88301 2.5559 3.26042 3.21126 3.85024 2.8672 
Utility: 5.79661 6.08907 5.75018 6.49236 6.47242 6.45257 6.26312 6.38842 6.66546 6.02778 6.21965 5.40095 6.23141 6.61882 5.60049 5.9547 6.364 6.03073 5.81201 5.80413 5.88385 6.31357 6.03908 5.39961 5.99526 6.26144 6.21626 5.46916 5.92985 6.81902 6.47524 5.78451 6.06964 5.86226 5.58387 6.10745 6.25771 6.04348 6.3534 5.72133 6.54478 6.10253 6.2916 5.93777 6.30945 6.04588 5.93821 6.01636 6.45035 6.18305 

--------------------------------------
Time: 19.5014
Split Ratios: 1 1 1 1 1 1 1 1 1 1 1 1 1 1 1 1 1 1 1 1 1 1 1 1 1 1 1 1 1 1 1 1 1 1 1 1 1 1 1 1 1 1 1 1 1 1 1 1 1 1 
Delays: 0.00602684 0.00744707 0.00622602 0.00481964 0.00428482 0.00434633 0.00625603 0.00442607 0.00448273 0.00755074 0.00592033 0.00883236 0.004287 0.00450263 0.00772675 0.0077092 0.00590184 0.00793871 0.00897109 0.00595198 0.00750606 0.00595339 0.00964963 0.00862713 0.00572677 0.00587268 0.00466898 0.00871119 0.00715065 0.00434125 0.00433097 0.00604626 0.00458737 0.0091516 0.00919941 0.00683808 0.00607903 0.00734829 0.00625211 0.0074065 0.00439109 0.00579511 0.00585434 0.00637079 0.00731649 0.0059869 0.00861057 0.00789338 0.00607605 0.00599941 
Throughputs: 2.09715 3.47341 2.16269 3.11296 2.42483 3.2768 3.08019 2.75251 3.50618 3.06381 2.39206 2.5559 1.93331 3.47341 2.47398 3.04742 4.07962 3.30957 2.52314 2.12992 2.71974 3.24403 3.70278 1.91693 1.9497 3.03104 2.32653 2.27738 2.52314 3.63725 2.75251 2.4576 1.80224 3.29318 2.44122 2.8672 3.35872 3.03104 3.45702 2.16269 3.11296 2.49037 3.19488 2.58867 4.04685 2.78528 3.48979 3.67002 3.75194 2.57229 
Utility: 5.85211 6.14507 5.85037 6.47063 6.33844 6.62529 6.1992 6.43276 6.66205 6.00577 6.00152 5.66774 6.1114 6.64823 5.7689 5.97964 6.53849 6.03282 5.63925 5.88012 5.89258 6.30061 5.94992 5.40357 5.83028 6.24635 6.21119 5.56617 5.86605 6.73082 6.45448 6.0075 5.97348 5.88568 5.58111 6.03858 6.31447 6.02219 6.31525 5.67675 6.56375 6.06317 6.30212 6.00718 6.31556 6.14253 6.00461 6.14193 6.42567 6.06089 

--------------------------------------
Time: 20.0015
Split Ratios: 1 1 1 1 1 1 1 1 1 1 1 1 1 1 1 1 1 1 1 1 1 1 1 1 1 1 1 1 1 1 1 1 1 1 1 1 1 1 1 1 1 1 1 1 1 1 1 1 1 1 
Delays: 0.00600993 0.00754873 0.00617263 0.00466413 0.00430802 0.00436025 0.00619978 0.00440207 0.00448575 0.00743989 0.00600521 0.00838911 0.00428514 0.00444126 0.00767316 0.00761158 0.00581376 0.00732615 0.00932757 0.00591746 0.00748547 0.00596656 0.00888228 0.00942753 0.00576372 0.0059164 0.00456431 0.00873439 0.00717178 0.00442468 0.00437368 0.00609874 0.00450033 0.00862607 0.0088023 0.0072437 0.00589376 0.00734609 0.00638842 0.00694571 0.00445845 0.00587031 0.00579781 0.00623642 0.00754266 0.00612089 0.00902 0.00781876 0.00602846 0.0060038 
Throughputs: 2.12992 3.30957 2.17907 2.9655 2.21184 2.89997 3.2768 2.71974 3.3751 3.1785 2.65421 2.12992 2.19546 3.24403 2.12992 2.78528 3.93216 3.04742 3.06381 1.96608 2.65421 3.14573 3.63725 1.83501 2.27738 3.16211 2.34291 2.26099 2.5559 4.11238 2.62144 2.1463 2.12992 3.50618 2.42483 3.12934 2.89997 2.5559 3.65363 2.1463 2.98189 2.7689 2.9655 2.3593 3.62086 2.71974 3.40787 3.6864 3.63725 2.89997 
Utility: 5.87043 6.08319 5.86653 6.4549 6.2411 6.49993 6.27011 6.42622 6.62328 6.05731 6.09127 5.53691 6.23899 6.59363 5.62611 5.90243 6.51672 6.0306 5.79444 5.80589 5.87094 6.26763 6.01492 5.27117 5.9792 6.28127 6.24088 5.55629 5.87601 6.83456 6.39587 5.86342 6.15969 6.00749 5.6185 6.06845 6.19856 5.85199 6.34899 5.73338 6.50551 6.1563 6.23732 5.93571 6.17389 6.09659 5.9344 6.15588 6.40249 6.18006 

--------------------------------------
Time: 20.5015
Split Ratios: 1 1 1 1 1 1 1 1 1 1 1 1 1 1 1 1 1 1 1 1 1 1 1 1 1 1 1 1 1 1 1 1 1 1 1 1 1 1 1 1 1 1 1 1 1 1 1 1 1 1 
Delays: 0.00600866 0.00744746 0.00624661 0.00500169 0.00428712 0.00434433 0.00639279 0.00440018 0.00450616 0.00743859 0.00593002 0.00832416 0.00428791 0.00450839 0.0079537 0.00781617 0.0058512 0.00726397 0.0112233 0.00592778 0.00754026 0.00602096 0.00901042 0.0113056 0.00576883 0.00591505 0.00460387 0.0110325 0.00715934 0.00438362 0.00435143 0.00618101 0.00447581 0.00864506 0.008772 0.00929771 0.00600304 0.0073071 0.0063882 0.00701887 0.00440393 0.00583151 0.0058411 0.00656872 0.0095749 0.00601106 0.0111667 0.00782477 0.00610716 0.00593141 
Throughputs: 1.96608 3.2768 2.06438 3.45702 2.11354 2.9655 3.11296 2.73613 3.04742 3.45702 2.47398 2.048 2.16269 3.42426 2.26099 2.98189 3.98131 3.3751 2.75251 2.048 2.73613 3.63725 3.42426 2.26099 2.12992 3.04742 2.50675 2.4576 2.32653 3.65363 3.21126 2.09715 1.70394 3.45702 2.44122 3.19488 3.55533 2.47398 3.7847 2.06438 3.2768 3.14573 3.08019 2.83443 4.01408 2.98189 3.63725 3.6864 4.01408 2.9655 
Utility: 5.7906 6.08675 5.80055 6.53839 6.2005 6.52593 6.18816 6.43265 6.51661 6.14148 6.03356 5.50546 6.22331 6.6327 5.64992 5.94412 6.52272 6.14126 5.50228 5.84497 5.89404 6.40374 5.94026 5.29826 5.91137 6.24455 6.29984 5.40609 5.78371 6.7256 6.60391 5.82685 5.94201 5.99118 5.62869 5.83954 6.38394 5.82474 6.38427 5.68399 6.61213 6.29052 6.26783 6.06728 6.03842 6.20671 5.78605 6.15511 6.4881 6.21454 

--------------------------------------
Time: 21.0016
Split Ratios: 1 1 1 1 1 1 1 1 1 1 1 1 1 1 1 1 1 1 1 1 1 1 1 1 1 1 1 1 1 1 1 1 1 1 1 1 1 1 1 1 1 1 1 1 1 1 1 1 1 1 
Delays: 0.00597931 0.00741226 0.00638989 0.00495957 0.0042861 0.00435581 0.00628207 0.00438155 0.00453926 0.00747126 0.00593198 0.00833582 0.00429653 0.00450203 0.00795693 0.00782742 0.00590546 0.00738847 0.0107521 0.0058649 0.00760932 0.00592702 0.00886021 0.0111885 0.00575668 0.00589849 0.00465955 0.0104316 0.00716101 0.00444213 0.00433543 0.00616594 0.00448389 0.00846449 0.00849636 0.00846496 0.0060653 0.0073135 0.00638985 0.00693402 0.00441167 0.00580929 0.00580693 0.0062788 0.00895593 0.00600488 0.0108654 0.00783455 0.00605482 0.00601584 
Throughputs: 1.75309 2.89997 2.44122 3.30957 2.19546 3.32595 3.5881 2.49037 3.57171 3.19488 2.5559 1.91693 2.08077 3.21126 2.31014 2.89997 4.12877 3.12934 2.89997 1.65478 2.3593 3.35872 3.55533 1.9497 1.93331 3.3751 2.34291 2.57229 2.47398 3.86662 2.63782 2.1463 2.21184 3.76832 2.31014 3.19488 3.12934 2.85082 3.63725 1.85139 3.32595 2.83443 3.03104 2.4576 3.94854 3.01466 3.73555 3.50618 4.03046 2.68698 
Utility: 5.68083 5.96932 5.94554 6.50325 6.23877 6.638 6.34768 6.34278 6.66804 6.05824 6.0658 5.43792 6.18268 6.56989 5.67102 5.91482 6.54986 6.04866 5.59736 5.64244 5.73674 6.33979 5.99463 5.16055 5.81663 6.34949 6.22023 5.50771 5.84493 6.769 6.41089 5.85246 6.20109 6.09851 5.60543 5.93337 6.24599 5.96564 6.34427 5.58725 6.62526 6.19014 6.25761 5.96976 6.08879 6.21867 5.84007 6.10374 6.50078 6.10178 

--------------------------------------
Time: 21.5016
Split Ratios: 1 1 1 1 1 1 1 1 1 1 1 1 1 1 1 1 1 1 1 1 1 1 1 1 1 1 1 1 1 1 1 1 1 1 1 1 1 1 1 1 1 1 1 1 1 1 1 1 1 1 
Delays: 0.00600703 0.00739912 0.00626669 0.00470415 0.0042962 0.00435209 0.00636543 0.00443057 0.00449677 0.00745265 0.00597855 0.00806732 0.0042828 0.00449728 0.00767303 0.00764534 0.00584022 0.00754382 0.00946695 0.00599754 0.0075064 0.00594285 0.00914784 0.00930635 0.00575021 0.00592378 0.00452383 0.00922638 0.00717196 0.00436561 0.00433156 0.00605257 0.00449011 0.00921961 0.00889449 0.00759008 0.00600205 0.00743994 0.00624594 0.00691226 0.00440789 0.00581398 0.00582815 0.00633827 0.00788466 0.00597381 0.00940021 0.00830128 0.00602758 0.00593918 
Throughputs: 1.78586 3.11296 2.01523 3.55533 2.40845 3.06381 3.29318 2.93274 3.30957 3.24403 2.71974 1.80224 2.01523 3.29318 1.98246 2.9655 3.9977 3.21126 3.03104 2.17907 2.58867 3.32595 3.70278 2.06438 2.37568 2.99827 2.47398 2.26099 2.52314 4.04685 2.58867 2.39206 2.048 3.71917 2.5559 2.85082 3.48979 2.81805 3.21126 2.17907 3.26042 2.62144 3.22765 2.08077 3.88301 2.65421 3.65363 4.21069 4.11238 3.1785 
Utility: 5.69472 6.04197 5.77324 6.62776 6.32901 6.55676 6.24873 6.49516 6.60121 6.076 6.12012 5.40896 6.15388 6.59614 5.55438 5.96071 6.5287 6.05369 5.76885 5.8953 5.84314 6.32732 6.00332 5.40189 6.0238 6.22682 6.30423 5.50149 5.86308 6.83193 6.39297 5.97943 6.12274 5.99992 5.66073 5.92852 6.3655 5.93694 6.24249 5.75336 6.60621 6.11121 6.31681 5.79389 6.19945 6.09652 5.96275 6.22897 6.52541 6.28259 

--------------------------------------
Time: 22.0017
Split Ratios: 1 1 1 1 1 1 1 1 1 1 1 1 1 1 1 1 1 1 1 1 1 1 1 1 1 1 1 1 1 1 1 1 1 1 1 1 1 1 1 1 1 1 1 1 1 1 1 1 1 1 
Delays: 0.00606371 0.00746069 0.00633482 0.00486835 0.00429223 0.00433781 0.00627424 0.00438413 0.00442808 0.00758083 0.00593363 0.00876722 0.00431866 0.00452397 0.00784976 0.00778986 0.0058985 0.00768094 0.00859263 0.0059945 0.00754113 0.00597246 0.00922722 0.00904054 0.00572831 0.00593126 0.00457446 0.00841417 0.00716212 0.00437962 0.00435353 0.00613002 0.00458243 0.00897049 0.00858288 0.00674223 0.00601673 0.00731295 0.00636217 0.00714863 0.00441225 0.00584755 0.00584774 0.00646257 0.00719199 0.00599495 0.00906485 0.00777163 0.00605563 0.0059787 
Throughputs: 2.06438 3.62086 2.01523 3.2768 2.19546 3.08019 3.3751 2.60506 3.60448 3.42426 2.67059 1.76947 2.048 3.12934 2.16269 2.89997 3.94854 3.04742 2.91635 2.06438 2.32653 3.2768 3.85024 1.60563 2.1463 3.29318 2.32653 2.47398 2.09715 3.6864 2.39206 2.21184 1.83501 3.45702 2.32653 3.22765 2.88358 2.53952 3.52256 2.39206 3.50618 3.14573 3.55533 2.71974 3.80109 2.73613 3.52256 3.47341 4.11238 2.70336 
Utility: 5.83026 6.18482 5.76243 6.51187 6.23734 6.56538 6.28773 6.38722 6.70197 6.11302 6.10942 5.30742 6.16167 6.53919 5.61862 5.91963 6.5064 5.98331 5.82718 5.84174 5.73176 6.30746 6.03373 5.17955 5.92608 6.31937 6.23164 5.68367 5.67953 6.73544 6.30892 5.88838 5.99258 5.95422 5.60236 6.17112 6.17224 5.85008 6.31657 5.81299 6.6779 6.28778 6.41015 6.04227 6.27008 6.12338 5.96254 6.10241 6.52077 6.11405 

--------------------------------------
Time: 22.5017
Split Ratios: 1 1 1 1 1 1 1 1 1 1 1 1 1 1 1 1 1 1 1 1 1 1 1 1 1 1 1 1 1 1 1 1 1 1 1 1 1 1 1 1 1 1 1 1 1 1 1 1 1 1 
Delays: 0.00592835 0.00737076 0.00607328 0.00481316 0.00429576 0.0043332 0.00630699 0.00438322 0.00457542 0.00747415 0.00595241 0.00823245 0.00428971 0.00447875 0.00771926 0.00766688 0.00583514 0.0072301 0.00878452 0.0060562 0.00751749 0.00593645 0.00867688 0.00855046 0.00572996 0.00588921 0.00453261 0.00841776 0.00715967 0.00437857 0.00437255 0.00609452 0.00447254 0.00859753 0.00853264 0.00689963 0.00598452 0.00742988 0.00639119 0.00679748 0.00439601 0.00578837 0.00588371 0.00644426 0.00723437 0.00601324 0.00845149 0.00781372 0.00597343 0.00595288 
Throughputs: 2.17907 2.9655 2.01523 3.40787 2.24461 3.12934 3.71917 2.60506 3.76832 3.42426 2.21184 1.90054 2.1463 3.53894 2.08077 2.98189 3.76832 3.24403 3.32595 1.90054 2.91635 3.44064 3.34234 1.72032 2.048 3.3751 2.44122 2.08077 2.5559 3.34234 2.53952 2.32653 1.99885 3.3751 2.65421 2.89997 3.30957 3.12934 3.71917 1.90054 3.21126 2.52314 3.2768 2.50675 3.42426 2.99827 3.44064 3.19488 3.62086 3.19488 
Utility: 5.90691 5.99728 5.80459 6.56249 6.25866 6.58227 6.3796 6.38743 6.71369 6.12719 5.91778 5.44181 6.21528 6.67224 5.59677 5.9634 6.47049 6.10632 5.93652 5.74881 5.96086 6.3623 5.95376 5.30428 5.87891 6.35106 6.28895 5.51015 5.8777 6.6377 6.36438 5.94474 6.10237 5.97271 5.74 6.04099 6.3154 6.04307 6.36634 5.63334 6.59372 6.07741 6.32244 5.96355 6.1598 6.21183 6.00907 6.01342 6.40715 6.28543 

--------------------------------------
Time: 23.0017
Split Ratios: 1 1 1 1 1 1 1 1 1 1 1 1 1 1 1 1 1 1 1 1 1 1 1 1 1 1 1 1 1 1 1 1 1 1 1 1 1 1 1 1 1 1 1 1 1 1 1 1 1 1 
Delays: 0.00605855 0.00746613 0.00624369 0.00481937 0.00428843 0.00440002 0.00619304 0.00437504 0.00445148 0.00751083 0.00600074 0.00820925 0.00427468 0.0045843 0.00773214 0.00774789 0.00590041 0.00690777 0.00881043 0.00592089 0.0075216 0.00607657 0.00867491 0.0087232 0.00576423 0.00582275 0.00463605 0.00841085 0.00716887 0.00435368 0.00434944 0.0061297 0.00455754 0.00825332 0.0082314 0.00687222 0.00597164 0.00733923 0.00631319 0.00669657 0.0044236 0.00589371 0.00578938 0.0062692 0.00713802 0.00614024 0.0088567 0.00769357 0.00609858 0.00602776 
Throughputs: 1.80224 3.47341 2.09715 3.30957 2.31014 3.19488 2.98189 2.63782 3.3751 3.40787 2.68698 2.03162 2.048 3.44064 2.16269 2.94912 3.86662 3.19488 2.9655 1.93331 2.57229 3.44064 3.2768 2.1463 2.19546 3.04742 2.65421 2.1463 2.49037 3.60448 2.70336 2.08077 2.1463 3.04742 2.65421 2.5559 3.01466 2.94912 3.63725 2.39206 3.03104 3.14573 3.29318 2.44122 3.85024 3.19488 3.47341 3.19488 3.91578 3.32595 
Utility: 5.69532 6.14252 5.81676 6.53193 6.28914 6.58769 6.17689 6.40179 6.63094 6.1175 6.10429 5.51133 6.17191 6.62078 5.63372 5.94184 6.48512 6.13666 5.81887 5.7885 5.83477 6.33897 5.93419 5.50552 5.94247 6.26028 6.35004 5.54198 5.85044 6.71891 6.4322 5.82735 6.15472 5.91144 5.77595 5.91867 6.22422 5.99603 6.35634 5.87832 6.52971 6.27991 6.34359 5.9646 6.29046 6.25444 5.97172 6.02892 6.46471 6.31314 

--------------------------------------
Time: 23.5018
Split Ratios: 1 1 1 1 1 1 1 1 1 1 1 1 1 1 1 1 1 1 1 1 1 1 1 1 1 1 1 1 1 1 1 1 1 1 1 1 1 1 1 1 1 1 1 1 1 1 1 1 1 1 
Delays: 0.00595422 0.00737901 0.00624097 0.00474487 0.00428505 0.00436429 0.00622892 0.00436553 0.0044862 0.00748205 0.00593027 0.00830087 0.00430164 0.00450751 0.00762874 0.00762301 0.00588523 0.00753007 0.00923636 0.00590578 0.00754563 0.0059516 0.00906746 0.00953564 0.0057561 0.00586671 0.00464759 0.0093884 0.00716802 0.00438124 0.00433528 0.00612453 0.00458755 0.00876677 0.00884052 0.00767391 0.00596808 0.00729262 0.00621052 0.00701064 0.00441255 0.00580364 0.00584131 0.00619828 0.00788254 0.00606811 0.00960768 0.00804089 0.00600592 0.00592137 
Throughputs: 1.86778 3.04742 1.90054 3.12934 2.27738 2.80166 3.5881 2.57229 3.65363 3.19488 2.57229 2.12992 2.09715 3.26042 2.37568 2.88358 3.94854 3.14573 2.9655 1.98246 2.52314 3.35872 3.7847 2.03162 2.1463 2.93274 2.57229 2.11354 2.70336 3.50618 2.62144 2.27738 1.9497 3.47341 2.39206 2.83443 3.26042 2.78528 3.52256 2.01523 3.44064 2.78528 3.2768 2.4576 3.75194 2.89997 3.89939 3.96493 3.65363 2.67059 
Utility: 5.7484 6.02341 5.71876 6.49151 6.27565 6.46451 6.35617 6.37881 6.70247 6.0568 6.07248 5.54748 6.18934 6.58387 5.74112 5.93562 6.50866 6.0349 5.77165 5.81616 5.81229 6.33565 6.03403 5.36155 5.92124 6.2144 6.3162 5.41664 5.93262 6.68495 6.40469 5.91848 6.05208 5.98192 5.60057 5.91177 6.30318 5.94524 6.3407 5.66106 6.65896 6.17362 6.32967 5.98267 6.16538 6.16941 6.00601 6.2007 6.41073 6.11149 

--------------------------------------
Time: 24.0019
Split Ratios: 1 1 1 1 1 1 1 1 1 1 1 1 1 1 1 1 1 1 1 1 1 1 1 1 1 1 1 1 1 1 1 1 1 1 1 1 1 1 1 1 1 1 1 1 1 1 1 1 1 1 
Delays: 0.00596866 0.00743407 0.00651249 0.004745 0.00428356 0.00436372 0.00620856 0.00441547 0.00446958 0.00746871 0.00596952 0.00857078 0.00429267 0.00449872 0.00763083 0.00759288 0.00582424 0.0076422 0.00977336 0.00591887 0.00747726 0.00595153 0.00942018 0.00984512 0.00576534 0.00587195 0.00478966 0.00994009 0.00718054 0.00437324 0.00433008 0.00617537 0.00460685 0.00873769 0.00912549 0.00745407 0.0059321 0.00735279 0.00652063 0.00700747 0.00442198 0.00582822 0.00582681 0.0061985 0.00830643 0.00596737 0.0101851 0.00810582 0.00607794 0.00593131 
Throughputs: 1.83501 3.1785 2.26099 3.09658 2.31014 3.45702 3.08019 2.7689 3.40787 2.93274 2.4576 1.86778 1.9497 3.32595 1.93331 2.70336 3.65363 3.19488 2.99827 1.80224 2.73613 3.52256 3.53894 2.22822 2.19546 2.85082 2.3593 2.26099 2.73613 3.63725 2.37568 2.1463 1.90054 3.96493 2.19546 2.85082 2.9655 3.08019 4.06323 2.01523 3.03104 2.73613 3.1785 2.31014 3.76832 2.89997 3.96493 3.55533 4.07962 3.35872 
Utility: 5.72828 6.05809 5.84984 6.48096 6.29028 6.67484 6.20682 6.44109 6.63655 5.97297 6.02027 5.38415 6.11852 6.60572 5.53479 5.87504 6.44145 6.03562 5.72613 5.71864 5.90243 6.38329 5.92873 5.42198 5.94228 6.18517 6.19966 5.42698 5.94292 6.72348 6.30745 5.85093 6.02235 6.1176 5.48307 5.9466 6.21442 6.03767 6.43476 5.66151 6.53007 6.15159 6.30169 5.92076 6.11736 6.18615 5.96432 6.08362 6.50909 6.33907 

--------------------------------------
Time: 24.502
Split Ratios: 1 1 1 1 1 1 1 1 1 1 1 1 1 1 1 1 1 1 1 1 1 1 1 1 1 1 1 1 1 1 1 1 1 1 1 1 1 1 1 1 1 1 1 1 1 1 1 1 1 1 
Delays: 0.00593926 0.00742225 0.00612377 0.00466829 0.00430049 0.0043875 0.00616649 0.00437802 0.00448315 0.00747244 0.00594401 0.00823178 0.00428864 0.00453817 0.00763374 0.00756451 0.0058525 0.00732729 0.00893524 0.00587948 0.00750917 0.00597413 0.00894082 0.00905875 0.0057666 0.00583813 0.00465672 0.00900593 0.00715119 0.00434828 0.00435161 0.006074 0.0045008 0.00877069 0.00876467 0.00702454 0.00600856 0.00732723 0.00625015 0.00680321 0.00441452 0.00583254 0.00581673 0.00624154 0.00733788 0.00595637 0.00887555 0.00790351 0.00608339 0.00592337 
Throughputs: 1.83501 2.80166 2.01523 3.22765 2.42483 2.91635 2.88358 2.53952 3.83386 3.45702 2.42483 2.06438 1.76947 3.65363 1.98246 2.83443 3.6864 3.44064 3.01466 1.96608 2.57229 3.2768 3.29318 1.49094 2.22822 2.94912 2.58867 2.12992 2.26099 3.5881 2.34291 2.17907 1.83501 3.83386 2.32653 2.65421 3.30957 2.73613 3.29318 2.27738 2.9655 2.78528 3.24403 2.49037 4.30899 2.62144 3.65363 3.55533 3.85024 2.91635 
Utility: 5.73322 5.93349 5.79631 6.53872 6.33479 6.49933 6.14766 6.36313 6.7513 6.13694 6.01113 5.52458 6.02247 6.69095 5.55952 5.92613 6.44554 6.15181 5.82124 5.81233 5.83643 6.30718 5.90898 5.10343 5.95688 6.22485 6.32059 5.46596 5.75628 6.7156 6.2886 5.88264 6.01055 6.08021 5.5814 5.93449 6.31139 5.9227 6.26701 5.81338 6.5099 6.16865 6.32383 5.98896 6.37541 6.08702 6.02018 6.1089 6.45033 6.19918 

--------------------------------------
Time: 25.002
Split Ratios: 1 1 1 1 1 1 1 1 1 1 1 1 1 1 1 1 1 1 1 1 1 1 1 1 1 1 1 1 1 1 1 1 1 1 1 1 1 1 1 1 1 1 1 1 1 1 1 1 1 1 
Delays: 0.00602369 0.00746068 0.0062082 0.00487364 0.0043029 0.00438573 0.00644739 0.00440669 0.00447083 0.00751876 0.00594489 0.00823192 0.00427567 0.0044723 0.00783101 0.00767754 0.00584922 0.00735107 0.00918136 0.00593983 0.0075994 0.00596688 0.00868211 0.00922795 0.00575007 0.00584254 0.00467346 0.00878909 0.00715892 0.00436316 0.00432433 0.00611635 0.00445878 0.00868589 0.00862195 0.00708343 0.00605166 0.00731706 0.0062658 0.00684311 0.00438621 0.00580622 0.00583314 0.00653792 0.00734518 0.00597265 0.0090946 0.00795411 0.00607674 0.00598204 
Throughputs: 2.048 3.12934 2.24461 3.04742 2.34291 3.34234 3.06381 2.75251 3.85024 2.94912 2.50675 1.98246 1.98246 3.14573 2.12992 2.89997 4.01408 3.11296 2.91635 1.98246 2.53952 3.21126 3.60448 1.75309 1.93331 2.89997 2.29376 2.57229 2.58867 3.75194 2.31014 2.08077 2.1463 3.42426 2.71974 3.01466 3.08019 2.80166 3.42426 1.9497 3.32595 3.04742 3.1785 2.39206 3.52256 2.93274 3.26042 3.67002 4.16154 2.85082 
Utility: 5.82892 6.03893 5.89041 6.43821 6.29986 6.63607 6.16374 6.43715 6.75832 5.97186 6.04421 5.48408 6.13915 6.5559 5.60575 5.93416 6.53126 6.04848 5.76091 5.81042 5.81166 6.2882 6.02867 5.2469 5.81778 6.20729 6.19605 5.67904 5.89054 6.75683 6.28081 5.82953 6.17663 5.97694 5.75398 6.05348 6.23241 5.94776 6.30353 5.65219 6.63105 6.26312 6.30061 5.90229 6.1729 6.1965 5.88193 6.13426 6.52917 6.1666 

--------------------------------------
Time: 25.502
Split Ratios: 1 1 1 1 1 1 1 1 1 1 1 1 1 1 1 1 1 1 1 1 1 1 1 1 1 1 1 1 1 1 1 1 1 1 1 1 1 1 1 1 1 1 1 1 1 1 1 1 1 1 
Delays: 0.00591223 0.00741963 0.0062357 0.00484117 0.00429412 0.00434793 0.00639595 0.00436678 0.00447503 0.00745135 0.00596048 0.00854134 0.00429679 0.0044743 0.00777118 0.00769953 0.00586585 0.00787498 0.0085744 0.00584065 0.0076176 0.0059157 0.00905521 0.00886766 0.00574618 0.00593424 0.00460551 0.008523 0.00716271 0.00436615 0.00437605 0.00609138 0.0045294 0.00911245 0.00879779 0.00694384 0.00607983 0.00730552 0.0062619 0.00737669 0.0044463 0.00582022 0.0058093 0.00639894 0.00701412 0.0059843 0.00863605 0.00788712 0.00600369 0.00595145 
Throughputs: 1.98246 3.19488 2.22822 3.40787 2.08077 3.32595 3.30957 2.57229 3.81747 3.04742 2.27738 1.80224 1.99885 3.29318 2.12992 2.88358 3.80109 3.42426 2.80166 1.67117 2.67059 3.30957 3.63725 1.91693 2.03162 2.99827 2.52314 2.09715 2.63782 3.47341 2.78528 2.16269 2.11354 3.47341 2.42483 2.83443 3.42426 2.91635 3.50618 2.16269 2.8672 2.70336 2.81805 2.42483 3.71917 2.99827 3.29318 3.40787 3.81747 2.50675 
Utility: 5.81507 6.06518 5.87867 6.55669 6.18325 6.63981 6.24891 6.37853 6.74883 6.01366 5.94563 5.35187 6.14246 6.60126 5.61342 5.92563 6.47389 6.07495 5.78919 5.65644 5.85959 6.32696 5.99564 5.37607 5.86805 6.22505 6.306 5.50557 5.90882 6.67901 6.45596 5.87223 6.14553 5.94325 5.61902 6.01174 6.33366 5.98946 6.3278 5.68078 6.46902 6.14091 6.18434 5.93739 6.27333 6.21665 5.94366 6.06861 6.45497 6.04311 

--------------------------------------
Time: 26.0021
Split Ratios: 1 1 1 1 1 1 1 1 1 1 1 1 1 1 1 1 1 1 1 1 1 1 1 1 1 1 1 1 1 1 1 1 1 1 1 1 1 1 1 1 1 1 1 1 1 1 1 1 1 1 
Delays: 0.00604975 0.00749721 0.00622567 0.00478247 0.00431398 0.00435867 0.00620361 0.00438458 0.00447907 0.00749722 0.00597699 0.00807684 0.00429891 0.00440922 0.00765339 0.00755578 0.00583873 0.00699916 0.0104555 0.00596487 0.00746545 0.00600016 0.00870242 0.0107983 0.00574538 0.00588476 0.00459809 0.010032 0.00715589 0.00442256 0.0043256 0.0064202 0.00458254 0.00837775 0.00848446 0.0081894 0.00595245 0.00736033 0.00670175 0.00677113 0.00435696 0.00582954 0.00585607 0.0063201 0.00875294 0.00608788 0.0103856 0.0078491 0.00598765 0.00597757 
Throughputs: 1.99885 3.1785 2.1463 2.67059 2.11354 2.94912 3.3751 2.58867 3.75194 3.29318 2.40845 1.96608 2.08077 3.34234 2.42483 2.8672 3.94854 3.21126 2.91635 2.12992 2.65421 3.6864 3.62086 1.93331 2.09715 2.8672 2.22822 2.08077 2.49037 4.11238 2.89997 2.03162 1.81862 3.03104 2.31014 2.7689 3.26042 2.5559 3.89939 2.048 2.99827 3.19488 3.45702 2.34291 4.25984 2.73613 3.91578 3.44064 3.35872 2.9655 
Utility: 5.80031 6.04963 5.84282 6.3251 6.19426 6.5171 6.29905 6.38081 6.73061 6.08508 5.99882 5.4948 6.18213 6.63073 5.75837 5.93878 6.51659 6.12863 5.63096 5.87795 5.87362 6.42062 6.03087 5.18761 5.89994 6.18873 6.18332 5.33471 5.85225 6.83504 6.5079 5.75714 5.98358 5.89108 5.60683 5.82336 6.30581 5.85006 6.36621 5.71195 6.53402 6.30637 6.38068 5.91541 6.1876 6.108 5.93234 6.08301 6.32962 6.20679 

--------------------------------------
Time: 26.5021
Split Ratios: 1 1 1 1 1 1 1 1 1 1 1 1 1 1 1 1 1 1 1 1 1 1 1 1 1 1 1 1 1 1 1 1 1 1 1 1 1 1 1 1 1 1 1 1 1 1 1 1 1 1 
Delays: 0.00597857 0.00743722 0.00636013 0.00466497 0.0042864 0.00433004 0.00618812 0.00440056 0.00447493 0.00747569 0.00595251 0.00843963 0.00431877 0.00444161 0.0076684 0.00754843 0.00581646 0.00723159 0.0104675 0.00590273 0.00743957 0.00597284 0.00885906 0.0105827 0.00573281 0.00590254 0.00465821 0.0101997 0.00716972 0.00438463 0.00433811 0.00607464 0.00449165 0.00862513 0.00862014 0.0083232 0.00594949 0.00732947 0.00638648 0.00691707 0.00436578 0.00581368 0.00586104 0.00620668 0.00857337 0.00603165 0.0105224 0.00784015 0.00602013 0.00599644 
Throughputs: 1.9497 3.06381 2.1463 3.19488 2.19546 2.75251 3.35872 2.3593 3.12934 2.99827 2.3593 2.06438 1.93331 3.32595 2.09715 2.91635 3.62086 3.16211 3.11296 2.26099 2.40845 3.40787 3.48979 1.83501 2.03162 3.11296 2.39206 2.4576 2.37568 3.75194 2.78528 2.16269 2.22822 3.30957 2.5559 2.9655 3.35872 2.9655 3.35872 2.09715 3.26042 2.91635 3.22765 2.16269 4.24346 2.88358 3.60448 3.67002 3.80109 3.11296 
Utility: 5.78725 6.02092 5.82145 6.52922 6.2387 6.45469 6.29668 6.28439 6.55009 5.99414 5.98231 5.49965 6.10402 6.61849 5.61123 5.95675 6.43378 6.08054 5.69506 5.94814 5.77993 6.34662 5.97616 5.15558 5.87038 6.26795 6.24128 5.48458 5.80317 6.75192 6.46467 5.87498 6.20674 5.94989 5.69206 5.87575 6.33601 6.0029 6.26513 5.71434 6.61581 6.21787 6.31118 5.85348 6.20447 6.16977 5.83643 6.14869 6.44793 6.25216 

--------------------------------------
Time: 27.0022
Split Ratios: 1 1 1 1 1 1 1 1 1 1 1 1 1 1 1 1 1 1 1 1 1 1 1 1 1 1 1 1 1 1 1 1 1 1 1 1 1 1 1 1 1 1 1 1 1 1 1 1 1 1 
Delays: 0.00599157 0.00742366 0.00632948 0.00479848 0.00428244 0.00432856 0.00619646 0.00437136 0.00448617 0.00743474 0.00595825 0.00812149 0.00428854 0.00445645 0.00798546 0.00762623 0.00582789 0.00702711 0.00962803 0.0059523 0.00755529 0.00595429 0.00878101 0.0096186 0.00574282 0.00589729 0.00464105 0.00943301 0.00716517 0.00435769 0.00434695 0.00622358 0.00464868 0.00844433 0.00852183 0.00755912 0.00609326 0.00737288 0.00634499 0.00663539 0.00437135 0.00582007 0.00587124 0.00639952 0.00800392 0.00602992 0.00961066 0.00775518 0.00599672 0.0059799 
Throughputs: 1.88416 3.22765 2.44122 3.30957 2.3593 2.94912 3.62086 2.58867 3.3751 3.26042 2.58867 1.98246 2.1463 3.3751 2.06438 2.93274 3.85024 3.06381 2.63782 2.01523 2.57229 3.42426 4.1943 2.03162 2.16269 2.80166 2.71974 2.44122 2.34291 3.5881 2.73613 2.31014 1.78586 3.1785 2.60506 2.93274 3.52256 3.11296 3.6864 2.048 3.01466 2.65421 3.34234 2.44122 4.03046 3.12934 3.60448 3.44064 3.71917 2.65421 
Utility: 5.75088 6.07484 5.95503 6.53627 6.3116 6.52403 6.37049 6.38383 6.62318 6.08345 6.07412 5.49758 6.21556 6.62983 5.55497 5.9521 6.49324 6.07764 5.61303 5.82471 5.8303 6.35453 6.16889 5.35289 5.93116 6.16348 6.37335 5.55604 5.78992 6.71344 6.44483 5.91672 5.95107 5.93067 5.72258 5.96094 6.35976 6.04552 6.36474 5.7322 6.53617 6.12259 6.34436 5.94403 6.22171 6.25185 5.92706 6.09505 6.43004 6.0955 

--------------------------------------
Time: 27.5022
Split Ratios: 1 1 1 1 1 1 1 1 1 1 1 1 1 1 1 1 1 1 1 1 1 1 1 1 1 1 1 1 1 1 1 1 1 1 1 1 1 1 1 1 1 1 1 1 1 1 1 1 1 1 
Delays: 0.00603355 0.00739363 0.00618056 0.00479472 0.00429892 0.00438224 0.00625629 0.00442502 0.00447336 0.00744356 0.00590312 0.00850312 0.00428727 0.00450102 0.00769472 0.00762511 0.00587948 0.00773109 0.00947478 0.00589717 0.00750567 0.00594122 0.00908866 0.00925986 0.0057239 0.0059044 0.00461778 0.00920511 0.00715024 0.00438482 0.00431751 0.00604207 0.00449602 0.00923482 0.00880642 0.00767366 0.00600046 0.00733707 0.0062936 0.00730541 0.00439115 0.00583934 0.00581216 0.00628074 0.00775324 0.00604009 0.0095412 0.00803266 0.00605952 0.00593678 
Throughputs: 1.9497 2.81805 1.65478 3.34234 2.26099 3.29318 3.26042 2.73613 3.50618 3.16211 2.40845 1.85139 2.048 3.1785 2.26099 2.63782 4.42368 3.2768 3.16211 1.93331 2.67059 3.09658 3.91578 1.76947 1.93331 3.03104 2.68698 2.3593 2.29376 4.06323 2.68698 2.08077 1.78586 3.44064 2.93274 3.04742 3.24403 2.47398 3.62086 2.048 3.14573 2.80166 3.57171 2.22822 3.88301 2.98189 3.39149 3.16211 3.80109 2.85082 
Utility: 5.77809 5.94318 5.59002 6.54691 6.2652 6.62205 6.25602 6.42702 6.66414 6.05165 6.01126 5.38326 6.16897 6.55986 5.68302 5.84626 6.62326 6.04937 5.81036 5.79252 5.8744 6.25614 6.06574 5.25275 5.82234 6.24096 6.36626 5.54636 5.7708 6.83159 6.43349 5.84175 5.98446 5.92043 5.80821 5.98426 6.29274 5.82065 6.35493 5.636 6.57421 6.17335 6.42085 5.87147 6.21625 6.20189 5.8734 5.97548 6.44141 6.17419 

--------------------------------------
Time: 28.0022
Split Ratios: 1 1 1 1 1 1 1 1 1 1 1 1 1 1 1 1 1 1 1 1 1 1 1 1 1 1 1 1 1 1 1 1 1 1 1 1 1 1 1 1 1 1 1 1 1 1 1 1 1 1 
Delays: 0.00603461 0.00743359 0.00613421 0.00481646 0.00428486 0.00432805 0.00627129 0.00444469 0.00449386 0.00744573 0.00594292 0.00830272 0.00429148 0.00444727 0.00783741 0.0077304 0.00586714 0.00769761 0.00896082 0.00594111 0.00755045 0.00594675 0.00927079 0.00898475 0.00572768 0.00592459 0.00455105 0.00866113 0.00715345 0.00438046 0.00433347 0.00608772 0.00447805 0.00917622 0.00914841 0.00724678 0.00607318 0.00735852 0.00622283 0.00688704 0.00437622 0.0058057 0.00583961 0.00633411 0.00752341 0.00602849 0.00905898 0.00825588 0.00603965 0.00597454 
Throughputs: 1.96608 3.21126 2.17907 3.1785 1.96608 2.80166 3.19488 2.68698 3.73555 3.26042 2.42483 1.75309 1.96608 3.2768 2.21184 2.8672 3.91578 3.12934 2.85082 1.93331 2.27738 3.40787 3.81747 1.86778 1.81862 3.1785 2.37568 2.01523 2.26099 3.93216 2.19546 2.53952 1.86778 3.55533 2.49037 3.09658 3.35872 2.65421 3.35872 1.91693 3.11296 2.60506 2.94912 2.71974 3.80109 2.93274 3.5881 4.12877 3.50618 2.91635 
Utility: 5.78629 6.06841 5.87277 6.49212 6.12871 6.47285 6.23332 6.40446 6.72294 6.08197 6.01132 5.35255 6.12716 6.60233 5.64267 5.91593 6.5034 6.00767 5.7625 5.78509 5.70917 6.351 6.02048 5.33697 5.76053 6.28505 6.25768 5.44964 5.75596 6.79979 6.22778 6.03346 6.03332 5.95959 5.60661 6.0575 6.31543 5.88804 6.29109 5.62884 6.56714 6.10637 6.2246 6.06234 6.22502 6.18719 5.98162 6.21481 6.36394 6.19058 

--------------------------------------
Time: 28.5024
Split Ratios: 1 1 1 1 1 1 1 1 1 1 1 1 1 1 1 1 1 1 1 1 1 1 1 1 1 1 1 1 1 1 1 1 1 1 1 1 1 1 1 1 1 1 1 1 1 1 1 1 1 1 
Delays: 0.00600703 0.00748631 0.00613031 0.00473234 0.00428166 0.00436917 0.00632601 0.00442542 0.00446936 0.00753433 0.00596037 0.00891891 0.00430811 0.00448951 0.0078194 0.00760046 0.00588422 0.00832502 0.00900466 0.0059666 0.00756622 0.00600734 0.00959683 0.00900482 0.00574807 0.0058773 0.00459675 0.00839443 0.00715313 0.00443641 0.00435557 0.00631971 0.00445899 0.00941929 0.00953217 0.00677894 0.00600343 0.00731194 0.00652899 0.00743702 0.00437226 0.00582407 0.00587997 0.00633314 0.0073779 0.00604226 0.00862651 0.00792541 0.0060804 0.00601159 
Throughputs: 2.17907 3.19488 1.98246 3.19488 2.27738 3.16211 3.35872 2.49037 3.45702 3.08019 2.50675 1.91693 2.24461 3.45702 2.3593 3.04742 4.22707 3.62086 3.08019 1.96608 2.50675 3.57171 3.55533 2.01523 1.99885 2.9655 2.34291 1.88416 2.22822 3.83386 2.78528 2.27738 1.96608 3.53894 2.39206 3.08019 3.24403 3.03104 4.03046 2.06438 3.52256 2.88358 3.11296 2.5559 3.50618 2.7689 3.53894 3.55533 4.03046 2.50675 
Utility: 5.89372 6.05623 5.77885 6.51488 6.27644 6.58442 6.27465 6.33282 6.65092 6.01328 6.04161 5.37031 6.25579 6.64642 5.70951 5.99384 6.57699 6.0752 5.835 5.79762 5.80305 6.38782 5.91477 5.41073 5.85146 6.2237 6.2338 5.41367 5.74141 6.76178 6.46065 5.88711 6.08888 5.92882 5.52524 6.11893 6.29224 6.02715 6.42538 5.62612 6.69166 6.20479 6.27178 6.00037 6.16379 6.12743 6.01674 6.10613 6.49657 6.03305 

--------------------------------------
Time: 29.0026
Split Ratios: 1 1 1 1 1 1 1 1 1 1 1 1 1 1 1 1 1 1 1 1 1 1 1 1 1 1 1 1 1 1 1 1 1 1 1 1 1 1 1 1 1 1 1 1 1 1 1 1 1 1 
Delays: 0.0060722 0.0074599 0.00623064 0.00461936 0.0042831 0.0043433 0.00612318 0.00436891 0.00448702 0.00747837 0.00590477 0.00926738 0.00431505 0.00447182 0.0076047 0.00755943 0.005828 0.00813686 0.00859013 0.00592343 0.00748876 0.00600038 0.00973853 0.0087497 0.00574465 0.00582398 0.00448723 0.00850573 0.0071586 0.00435849 0.00434009 0.00607884 0.0044939 0.00971825 0.00953635 0.00685776 0.00598209 0.00742465 0.00642872 0.00768416 0.00439957 0.00585336 0.00584029 0.0062287 0.00721937 0.0059788 0.00870785 0.00795175 0.00597252 0.00605663 
Throughputs: 2.11354 3.34234 1.96608 3.08019 2.11354 3.16211 3.24403 2.67059 3.89939 2.99827 2.71974 2.1463 2.16269 3.42426 2.17907 2.81805 3.60448 3.22765 2.65421 2.03162 2.5559 3.39149 3.88301 1.60563 2.37568 2.62144 2.47398 1.90054 2.31014 3.1785 2.62144 2.21184 2.1463 3.6864 2.67059 2.9655 2.93274 2.57229 3.30957 1.99885 3.24403 3.01466 2.78528 2.34291 4.44006 2.78528 3.42426 3.48979 3.65363 3.04742 
Utility: 5.8524 6.10488 5.75432 6.50249 6.20144 6.59036 6.27249 6.41554 6.76739 5.99378 6.13253 5.445 6.217 6.64085 5.65789 5.921 6.42726 5.9831 5.73329 5.83767 5.83276 6.3372 5.98828 5.21225 6.02477 6.10949 6.31235 5.40916 5.77675 6.59204 6.40358 5.89677 6.16878 5.9384 5.63495 6.06942 6.19492 5.84775 6.2438 5.56116 6.60306 6.24423 6.16732 5.92998 6.42166 6.14388 5.97441 6.08421 6.41631 6.2209 

--------------------------------------
Time: 29.5026
Split Ratios: 1 1 1 1 1 1 1 1 1 1 1 1 1 1 1 1 1 1 1 1 1 1 1 1 1 1 1 1 1 1 1 1 1 1 1 1 1 1 1 1 1 1 1 1 1 1 1 1 1 1 
Delays: 0.00605071 0.00745796 0.00621208 0.00504395 0.00429437 0.004356 0.00654532 0.00442045 0.00450123 0.00748168 0.00605909 0.00926476 0.00428511 0.00455406 0.00806417 0.00795536 0.00585211 0.00829013 0.0100737 0.00593368 0.0076012 0.0059525 0.00976563 0.00996058 0.00577953 0.00590545 0.00457096 0.00983116 0.00719342 0.00438229 0.00432171 0.00619629 0.004534 0.0094725 0.00953865 0.00781896 0.00604273 0.00733715 0.00630916 0.00788596 0.00436556 0.00582847 0.00581985 0.00668636 0.00834744 0.00597878 0.00985583 0.00789583 0.00606878 0.00596953 
Throughputs: 2.048 3.30957 2.09715 3.57171 2.29376 3.34234 3.22765 2.8672 3.39149 3.04742 2.1463 2.09715 1.91693 3.26042 2.26099 2.9655 3.9977 2.88358 3.01466 1.86778 2.3593 3.5881 3.63725 1.9497 2.17907 3.03104 2.048 2.29376 2.62144 3.55533 2.94912 2.5559 1.96608 3.50618 2.60506 3.32595 3.80109 2.67059 3.6864 2.16269 3.1785 2.7689 3.22765 2.85082 3.65363 2.85082 3.9977 3.42426 3.9977 3.08019 
Utility: 5.82444 6.09529 5.82184 6.56261 6.28064 6.64287 6.20076 6.47485 6.62467 6.0096 5.86994 5.42212 6.10333 6.57359 5.63613 5.92096 6.52667 5.85172 5.70131 5.75186 5.73781 6.40157 5.92011 5.27679 5.93233 6.24079 6.10489 5.45239 5.89831 6.69863 6.52561 6.02221 6.07219 5.91389 5.60986 6.05296 6.44419 5.89711 6.3704 5.61402 6.59042 6.16345 6.31823 6.05529 6.08152 6.16714 6.00541 6.0723 6.49032 6.24608 

--------------------------------------
Time: 30.0027
Split Ratios: 1 1 1 1 1 1 1 1 1 1 1 1 1 1 1 1 1 1 1 1 1 1 1 1 1 1 1 1 1 1 1 1 1 1 1 1 1 1 1 1 1 1 1 1 1 1 1 1 1 1 
Delays: 0.00602575 0.00754376 0.00626354 0.00482169 0.00428177 0.00436213 0.00636885 0.00440269 0.00447281 0.00754455 0.00589862 0.00871072 0.00428188 0.00450264 0.00818156 0.00775254 0.0058561 0.00793609 0.00915079 0.00591174 0.0076213 0.00603141 0.00964329 0.00931832 0.00572222 0.0058719 0.00455498 0.00916756 0.00716992 0.00438937 0.00436633 0.00608899 0.00456093 0.00909373 0.00913988 0.00741783 0.00608531 0.00736204 0.00626554 0.00768453 0.00444416 0.00582056 0.00585185 0.00649834 0.00778475 0.00598088 0.0094113 0.00785909 0.00603024 0.00603128 
Throughputs: 2.01523 3.60448 2.11354 3.57171 1.96608 2.7689 3.45702 2.65421 3.21126 3.50618 2.44122 1.72032 1.9497 3.71917 2.3593 2.44122 3.93216 3.32595 3.04742 1.88416 2.9655 3.53894 4.11238 1.93331 2.08077 2.9655 2.37568 2.08077 2.29376 4.12877 2.53952 2.44122 1.98246 3.63725 2.39206 2.8672 3.45702 2.8672 3.3751 2.11354 2.93274 2.93274 2.9655 2.70336 3.76832 2.37568 3.86662 3.19488 3.85024 2.75251 
Utility: 5.81245 6.16921 5.82137 6.60768 6.12943 6.45324 6.29674 6.40169 6.5764 6.14146 6.02553 5.28571 6.12104 6.71659 5.66424 5.75223 6.50946 6.03809 5.80821 5.7643 5.96385 6.3746 6.0555 5.33501 5.89614 6.22462 6.25682 5.42482 5.76805 6.84655 6.36581 5.99377 6.07457 5.9914 5.56726 5.9572 6.34229 5.96475 6.28912 5.61691 6.4921 6.22229 6.22804 6.0307 6.18222 5.98447 6.01823 6.00763 6.4591 6.12331 

--------------------------------------
Time: 30.5027
Split Ratios: 1 1 1 1 1 1 1 1 1 1 1 1 1 1 1 1 1 1 1 1 1 1 1 1 1 1 1 1 1 1 1 1 1 1 1 1 1 1 1 1 1 1 1 1 1 1 1 1 1 1 
Delays: 0.00594247 0.0074126 0.00626111 0.0048727 0.00428013 0.00433282 0.00637409 0.00438709 0.00454193 0.00741176 0.00592122 0.00814648 0.00427484 0.0044627 0.00788035 0.00765202 0.00584453 0.00714918 0.0106073 0.00584092 0.00755487 0.00595269 0.00883999 0.0105515 0.00575105 0.005887 0.00452125 0.010502 0.00715546 0.00436025 0.00432455 0.00610365 0.00458332 0.00860343 0.00874554 0.00853614 0.00603959 0.00739557 0.0063015 0.00679826 0.00436579 0.0058294 0.00577418 0.00646089 0.00884505 0.00600657 0.0106209 0.00792154 0.00600165 0.00593605 
Throughputs: 2.01523 3.3751 1.9497 2.83443 1.9497 3.29318 2.91635 2.63782 3.86662 2.98189 2.49037 1.67117 1.86778 2.88358 2.65421 2.9655 3.81747 3.21126 3.21126 1.76947 2.57229 3.32595 4.06323 1.72032 2.44122 2.91635 2.39206 2.44122 2.39206 3.63725 2.63782 2.21184 2.09715 3.26042 2.31014 3.19488 3.32595 3.22765 3.24403 2.09715 3.34234 2.9655 2.73613 2.29376 4.096 2.39206 3.48979 3.88301 3.65363 2.94912 
Utility: 5.82637 6.121 5.74107 6.36595 6.12145 6.63339 6.12585 6.39904 6.74679 5.99724 6.04164 5.32369 6.07976 6.47104 5.81953 5.95983 6.48184 6.10742 5.71288 5.71355 5.83036 6.32567 6.13045 5.094 6.05087 6.20534 6.27112 5.44869 5.81204 6.72645 6.4134 5.89269 6.12591 5.93745 5.57652 5.925 6.31118 6.07863 6.24378 5.73167 6.64063 6.23189 6.1609 5.87218 6.13791 5.98706 5.79477 6.19478 6.41144 6.20822 

--------------------------------------
Time: 31.0028
Split Ratios: 1 1 1 1 1 1 1 1 1 1 1 1 1 1 1 1 1 1 1 1 1 1 1 1 1 1 1 1 1 1 1 1 1 1 1 1 1 1 1 1 1 1 1 1 1 1 1 1 1 1 
Delays: 0.00597147 0.00746214 0.00617116 0.00472612 0.00427692 0.00434406 0.00628109 0.0043785 0.00452913 0.00752723 0.00603254 0.00852966 0.00427228 0.00446001 0.00779753 0.00771316 0.00583758 0.00750544 0.00893494 0.00588968 0.00748747 0.00599304 0.00925438 0.00908084 0.00576706 0.00590397 0.00460145 0.00857114 0.00719868 0.00438279 0.00432269 0.00611387 0.00451813 0.00878516 0.00866618 0.00695862 0.00605161 0.00743371 0.00639512 0.00729603 0.00444183 0.0058199 0.00592195 0.00633034 0.00732474 0.00605938 0.00881974 0.00783534 0.00595215 0.00596916 
Throughputs: 1.85139 3.19488 2.11354 3.22765 2.17907 3.24403 3.24403 2.70336 3.39149 3.3751 2.65421 2.22822 2.01523 3.14573 2.49037 3.01466 4.096 3.35872 2.9655 2.17907 2.75251 3.60448 3.65363 2.048 2.32653 2.93274 2.58867 2.17907 2.26099 3.55533 2.52314 2.06438 1.83501 3.62086 2.37568 3.06381 3.35872 3.04742 3.88301 2.27738 3.39149 2.65421 3.6864 2.47398 3.67002 2.88358 3.52256 3.19488 3.42426 2.67059 
Utility: 5.7367 6.05946 5.83623 6.5264 6.23342 6.61576 6.24703 6.42554 6.61849 6.10565 6.08673 5.56541 6.15634 6.55865 5.76638 5.96831 6.55345 6.10369 5.80483 5.91345 5.90704 6.39933 5.97838 5.41845 5.99997 6.20807 6.33253 5.53825 5.74966 6.69852 6.36938 5.82203 6.00671 6.0214 5.61361 6.08743 6.31899 6.01603 6.40883 5.74345 6.63796 6.12262 6.43374 5.96823 6.21669 6.16518 5.98995 6.01066 6.35489 6.10345 

--------------------------------------
Time: 31.5028
Split Ratios: 1 1 1 1 1 1 1 1 1 1 1 1 1 1 1 1 1 1 1 1 1 1 1 1 1 1 1 1 1 1 1 1 1 1 1 1 1 1 1 1 1 1 1 1 1 1 1 1 1 1 
Delays: 0.00608849 0.00752822 0.00629983 0.00462174 0.00429335 0.004332 0.00612193 0.00437853 0.00448787 0.00753419 0.0059786 0.00961077 0.00428809 0.00448511 0.00772962 0.00752908 0.00587853 0.00862703 0.0112799 0.00595318 0.00753125 0.00603502 0.0101684 0.0110201 0.00575356 0.0058993 0.00459957 0.0107232 0.00720051 0.00438194 0.00432837 0.0059956 0.00453884 0.0103259 0.0101205 0.00943712 0.00599546 0.0073685 0.00627808 0.00796122 0.00440377 0.00580697 0.00584042 0.00624687 0.00955298 0.00608655 0.0111014 0.00808651 0.00601799 0.00607918 
Throughputs: 1.91693 3.53894 2.09715 3.04742 2.22822 3.08019 3.11296 2.40845 3.65363 3.26042 2.3593 2.09715 2.06438 3.40787 2.06438 2.78528 3.76832 3.45702 2.83443 1.70394 2.62144 3.03104 3.6864 1.99885 2.29376 3.03104 2.4576 2.31014 2.53952 3.81747 2.49037 1.81862 2.29376 3.73555 2.5559 3.11296 3.11296 2.94912 3.48979 2.12992 2.91635 2.99827 2.9655 2.62144 4.1943 2.89997 3.57171 3.60448 3.67002 2.89997 
Utility: 5.75208 6.15293 5.80781 6.49128 6.25189 6.56672 6.23145 6.31003 6.7021 6.07016 5.97793 5.38545 6.17675 6.63308 5.58753 5.91333 6.46308 5.99326 5.52658 5.65677 5.85242 6.21908 5.89312 5.2006 5.98813 6.24183 6.28098 5.37266 5.86558 6.76985 6.35499 5.71481 6.22528 5.891 5.53159 5.79868 6.25233 5.99205 6.32053 5.58926 6.49563 6.24673 6.23 6.0394 6.08463 6.16637 5.77373 6.09974 6.4132 6.16759 

--------------------------------------
Time: 32.0029
Split Ratios: 1 1 1 1 1 1 1 1 1 1 1 1 1 1 1 1 1 1 1 1 1 1 1 1 1 1 1 1 1 1 1 1 1 1 1 1 1 1 1 1 1 1 1 1 1 1 1 1 1 1 
Delays: 0.0061258 0.00740621 0.00619503 0.00488101 0.00430128 0.00440351 0.00629314 0.00438465 0.00440395 0.00746313 0.00599874 0.00947886 0.00428795 0.00454782 0.00775972 0.00769996 0.00585749 0.00800553 0.0112728 0.0059438 0.00756017 0.00597919 0.010234 0.0113275 0.00577321 0.00587104 0.00456143 0.010507 0.00719987 0.00436626 0.00431995 0.00606995 0.00456867 0.00958474 0.0098762 0.00903759 0.00598934 0.0073124 0.00619888 0.00782753 0.00438148 0.00582917 0.00587914 0.00637061 0.00939088 0.00604868 0.0107903 0.00781571 0.00605961 0.00600344 
Throughputs: 2.19546 3.26042 2.16269 3.01466 2.11354 3.30957 3.55533 2.4576 3.1785 3.16211 2.50675 2.03162 2.26099 3.2768 2.1463 2.70336 3.80109 3.12934 2.81805 2.01523 2.5559 3.45702 3.96493 1.98246 2.29376 2.78528 2.44122 2.62144 2.42483 3.73555 2.22822 2.40845 2.048 3.6864 2.44122 3.24403 3.65363 2.67059 3.44064 2.08077 3.40787 2.67059 3.2768 2.42483 3.88301 2.93274 3.60448 3.08019 3.81747 2.98189 
Utility: 5.88163 6.08729 5.85536 6.42589 6.1972 6.62217 6.33674 6.32883 6.58166 6.04902 6.03519 5.36752 6.26775 6.57997 5.62256 5.86104 6.47532 5.96845 5.52141 5.82614 5.82327 6.35988 5.95952 5.16486 5.98472 6.16207 6.28261 5.51943 5.81945 6.75174 6.24572 5.98339 6.1054 5.95223 5.51012 5.88318 6.4135 5.90048 6.31904 5.58285 6.65646 6.12718 6.32321 5.94182 6.02463 6.18385 5.81128 5.97661 6.4457 6.20798 

--------------------------------------
Time: 32.5029
Split Ratios: 1 1 1 1 1 1 1 1 1 1 1 1 1 1 1 1 1 1 1 1 1 1 1 1 1 1 1 1 1 1 1 1 1 1 1 1 1 1 1 1 1 1 1 1 1 1 1 1 1 1 
Delays: 0.00605951 0.0074672 0.00616696 0.00480624 0.00428937 0.00437613 0.00630444 0.00442041 0.00451527 0.00745726 0.005978 0.00841474 0.00428707 0.00447005 0.00773136 0.00763211 0.00583305 0.00753639 0.00959513 0.00591368 0.00739942 0.00602052 0.00938904 0.00970448 0.00577069 0.00585157 0.00453083 0.0090607 0.00720531 0.00436678 0.00436544 0.00629232 0.00453558 0.00910077 0.00905823 0.00775043 0.00598866 0.00732914 0.00653009 0.00685232 0.00437678 0.00581947 0.00584406 0.00634665 0.00808837 0.00603209 0.00946401 0.00824848 0.00596246 0.0059641 
Throughputs: 1.86778 3.30957 1.98246 3.08019 1.90054 3.14573 3.35872 2.5559 3.45702 3.6864 2.65421 2.26099 2.12992 3.39149 2.09715 2.78528 3.91578 3.53894 2.98189 2.09715 1.9497 3.50618 3.50618 2.048 2.1463 2.98189 2.53952 2.19546 2.39206 3.71917 2.5559 2.048 2.16269 3.22765 2.4576 2.94912 3.16211 2.88358 3.93216 1.88416 3.42426 2.91635 3.16211 2.4576 4.22707 2.70336 3.5881 3.63725 3.40787 2.7689 
Utility: 5.73088 6.09405 5.77289 6.46283 6.09376 6.57764 6.27806 6.35993 6.6407 6.20322 6.09582 5.59357 6.20824 6.63162 5.60305 5.89974 6.50923 6.15184 5.73906 5.87107 5.57403 6.36711 5.92274 5.35203 5.91871 6.2336 6.32882 5.4902 5.80509 6.74723 6.37244 5.78529 6.16715 5.87115 5.60327 5.94151 6.26913 5.97493 6.40052 5.61665 6.66233 6.21688 6.29357 5.95901 6.25884 6.10516 5.93788 6.08895 6.34836 6.14045 

--------------------------------------
Time: 33.0029
Split Ratios: 1 1 1 1 1 1 1 1 1 1 1 1 1 1 1 1 1 1 1 1 1 1 1 1 1 1 1 1 1 1 1 1 1 1 1 1 1 1 1 1 1 1 1 1 1 1 1 1 1 1 
Delays: 0.00599327 0.00746712 0.00617718 0.00499848 0.00428424 0.00433099 0.0064576 0.00439683 0.00445488 0.00754357 0.00592201 0.00847863 0.00428325 0.00456575 0.00786022 0.00773818 0.00588932 0.00780733 0.00950679 0.00592876 0.00758307 0.00600577 0.00929255 0.00941712 0.00573251 0.00589869 0.00454247 0.00895049 0.00715697 0.00435899 0.00432881 0.00634009 0.00454723 0.00933329 0.00927745 0.00743512 0.00599906 0.0073336 0.00650688 0.00691098 0.00439088 0.00582591 0.00585606 0.00644097 0.00791839 0.00597989 0.0090269 0.00827552 0.0060496 0.00597678 
Throughputs: 2.22822 3.29318 1.78586 3.35872 1.88416 2.91635 3.52256 2.3593 3.52256 3.48979 2.4576 2.08077 1.96608 3.40787 2.31014 2.58867 4.16154 3.2768 2.85082 2.08077 2.5559 3.29318 3.75194 1.91693 2.26099 2.91635 2.49037 2.40845 2.50675 3.45702 3.03104 2.32653 1.98246 3.80109 2.58867 2.49037 3.04742 2.7689 3.75194 1.65478 3.3751 2.75251 3.29318 2.62144 4.16154 2.39206 3.83386 3.60448 3.80109 2.78528 
Utility: 5.91832 6.0891 5.66679 6.51018 6.08629 6.51229 6.30168 6.28524 6.67294 6.1369 6.02826 5.50294 6.12908 6.61526 5.68325 5.81273 6.5605 6.03956 5.70335 5.86068 5.82024 6.30689 6.00081 5.31595 5.97741 6.20336 6.30671 5.59503 5.85866 6.67592 6.55137 5.90524 6.07758 6.00945 5.63131 5.81397 6.23045 5.93374 6.35717 5.47831 6.64465 6.15795 6.33213 6.0088 6.26445 5.99151 6.05142 6.07663 6.44305 6.14422 

--------------------------------------
Time: 33.503
Split Ratios: 1 1 1 1 1 1 1 1 1 1 1 1 1 1 1 1 1 1 1 1 1 1 1 1 1 1 1 1 1 1 1 1 1 1 1 1 1 1 1 1 1 1 1 1 1 1 1 1 1 1 
Delays: 0.0060886 0.00752471 0.00607853 0.00469352 0.00430149 0.00434824 0.0062635 0.00443157 0.00444074 0.0074962 0.00596784 0.00819789 0.00428051 0.00454251 0.00779976 0.00769635 0.00581029 0.00722934 0.00893436 0.00591807 0.00752134 0.00600088 0.0089064 0.00938559 0.0057683 0.0058651 0.00452169 0.00895139 0.00719395 0.00440001 0.00435036 0.00616171 0.00445895 0.00858272 0.0087544 0.00714904 0.00607935 0.00741015 0.00636653 0.00680533 0.00441043 0.00586187 0.00576934 0.00631765 0.00749733 0.00598716 0.00890143 0.00797679 0.00607634 0.00598395 
Throughputs: 2.03162 3.57171 1.96608 3.45702 2.31014 3.22765 3.03104 2.47398 3.1785 3.1785 2.22822 2.03162 2.26099 3.42426 2.24461 2.58867 3.86662 3.03104 3.06381 2.01523 2.60506 3.50618 3.42426 2.06438 2.31014 2.91635 2.3593 2.08077 2.31014 3.80109 2.50675 1.9497 1.88416 3.2768 2.50675 2.7689 3.60448 3.26042 3.6864 2.048 3.48979 2.70336 2.73613 2.52314 3.83386 2.88358 3.21126 3.63725 3.85024 2.93274 
Utility: 5.81017 6.16261 5.77903 6.60198 6.2861 6.60974 6.18192 6.32483 6.57334 6.04977 5.92258 5.51271 6.26949 6.62516 5.66219 5.81815 6.50051 6.03851 5.83751 5.83048 5.84746 6.37037 5.95187 5.39341 5.99269 6.20907 6.25723 5.44868 5.77182 6.76144 6.35648 5.75707 6.04632 5.94487 5.65719 5.95923 6.38503 6.08676 6.36135 5.70691 6.67363 6.13378 6.16174 5.98991 6.23708 6.17717 5.88821 6.12245 6.45149 6.19461 

--------------------------------------
Time: 34.0031
Split Ratios: 1 1 1 1 1 1 1 1 1 1 1 1 1 1 1 1 1 1 1 1 1 1 1 1 1 1 1 1 1 1 1 1 1 1 1 1 1 1 1 1 1 1 1 1 1 1 1 1 1 1 
Delays: 0.00609023 0.00753213 0.00616753 0.00479371 0.00427356 0.0043444 0.0062439 0.00438886 0.00451798 0.00748545 0.00595898 0.0083292 0.00429159 0.00454048 0.00791389 0.00764713 0.00588701 0.00726985 0.00974488 0.00594982 0.00759182 0.00608518 0.00897828 0.00982055 0.00575868 0.0058962 0.00456698 0.00972982 0.0071843 0.00438596 0.00432637 0.00604622 0.00454413 0.00876019 0.00876808 0.00802754 0.00608689 0.0074105 0.00628138 0.00697145 0.00439361 0.00582474 0.0058435 0.00649885 0.00846533 0.00608493 0.00996527 0.00782363 0.00606907 0.00601789 
Throughputs: 2.57229 3.42426 2.12992 3.24403 1.6384 3.19488 3.11296 2.16269 3.45702 2.89997 2.67059 1.90054 1.55648 3.39149 2.16269 2.73613 3.60448 3.21126 3.06381 2.3593 2.99827 3.44064 3.94854 1.81862 2.40845 2.93274 2.47398 2.17907 2.31014 3.89939 2.4576 2.3593 1.93331 3.34234 2.44122 3.34234 3.29318 2.57229 3.19488 2.11354 3.16211 2.57229 2.91635 2.73613 3.89939 3.16211 3.76832 3.48979 4.03046 3.22765 
Utility: 6.04587 6.11946 5.84454 6.51727 5.94903 6.60042 6.21172 6.20004 6.6401 5.95949 6.10516 5.43013 5.89353 6.61599 5.61049 5.87997 6.41718 6.09068 5.75067 5.98276 5.97872 6.33756 6.08629 5.22136 6.03603 6.20938 6.29473 5.41146 5.77317 6.79017 6.34221 5.96668 6.05315 5.94421 5.62913 6.03155 6.29347 5.84965 6.23172 5.71429 6.57884 6.09044 6.21276 6.04267 6.1326 6.25318 5.93528 6.10045 6.49843 6.28477 

--------------------------------------
Time: 34.5032
Split Ratios: 1 1 1 1 1 1 1 1 1 1 1 1 1 1 1 1 1 1 1 1 1 1 1 1 1 1 1 1 1 1 1 1 1 1 1 1 1 1 1 1 1 1 1 1 1 1 1 1 1 1 
Delays: 0.00609299 0.0074856 0.00617311 0.00488397 0.00429225 0.00434116 0.00634422 0.00437661 0.00448452 0.00747427 0.00593043 0.00881986 0.00429435 0.0044848 0.00788019 0.00785183 0.00583366 0.007752 0.00928776 0.00592387 0.00757258 0.00603121 0.00947345 0.00935453 0.00577594 0.00585833 0.00462668 0.00887763 0.0071829 0.00440318 0.00436444 0.00624276 0.00455037 0.00907217 0.0092268 0.00692034 0.00599629 0.00735 0.00662647 0.00714668 0.00440226 0.00585763 0.0058291 0.00641942 0.00744244 0.00602027 0.00896318 0.00797918 0.00605752 0.00606637 
Throughputs: 2.19546 3.35872 1.93331 3.32595 2.11354 3.34234 3.70278 2.68698 3.57171 3.67002 2.40845 2.26099 1.7367 3.21126 2.22822 3.06381 3.52256 3.35872 2.98189 2.12992 2.32653 3.24403 3.65363 1.96608 2.21184 2.57229 2.65421 2.17907 2.58867 3.75194 2.85082 2.22822 1.85139 3.62086 2.50675 3.06381 3.50618 3.16211 3.44064 1.96608 3.60448 2.89997 3.19488 2.40845 3.88301 3.19488 3.39149 3.83386 3.40787 3.16211 
Utility: 5.88701 6.10633 5.74679 6.52355 6.19931 6.64628 6.3693 6.4199 6.68017 6.19648 6.00664 5.54655 6.00244 6.57373 5.64461 5.96667 6.4033 6.07136 5.77161 5.88485 5.7276 6.28762 5.95498 5.34794 5.94788 6.08469 6.35206 5.50312 5.8872 6.7477 6.48187 5.87754 6.00848 5.98926 5.60463 6.09295 6.37114 6.0643 6.25234 5.61715 6.70782 6.20471 6.30644 5.92741 6.25717 6.27417 5.9359 6.17479 6.33254 6.25624 

--------------------------------------
Time: 35.0032
Split Ratios: 1 1 1 1 1 1 1 1 1 1 1 1 1 1 1 1 1 1 1 1 1 1 1 1 1 1 1 1 1 1 1 1 1 1 1 1 1 1 1 1 1 1 1 1 1 1 1 1 1 1 
Delays: 0.0059952 0.00741303 0.00626459 0.00468706 0.00427622 0.00435342 0.00618857 0.00435551 0.00448445 0.00751648 0.00597262 0.00808908 0.0043001 0.00453703 0.00761126 0.00750774 0.0058469 0.00706025 0.0089945 0.00590025 0.00744641 0.00601049 0.0088589 0.00977873 0.00574126 0.00583838 0.004518 0.00868016 0.00717404 0.00440287 0.00437076 0.00616733 0.00449207 0.00844663 0.00841211 0.00743487 0.00595398 0.00731984 0.00650179 0.00664156 0.00438568 0.00579302 0.00589488 0.00624341 0.00755267 0.00601792 0.00892231 0.00779988 0.00606173 0.00600146 
Throughputs: 1.98246 2.73613 1.98246 3.09658 2.03162 3.08019 3.21126 2.7689 3.57171 3.24403 2.67059 1.91693 1.65478 3.39149 2.3593 2.58867 3.83386 2.78528 2.67059 1.67117 2.22822 3.65363 3.55533 1.86778 2.03162 2.75251 2.47398 2.40845 2.4576 3.96493 2.4576 2.21184 1.80224 3.22765 2.4576 2.83443 3.08019 2.60506 4.07962 1.98246 3.26042 2.73613 3.21126 2.03162 3.86662 2.34291 3.62086 3.35872 3.67002 2.88358 
Utility: 5.80114 5.91106 5.75718 6.49325 6.16352 6.56178 6.25172 6.45476 6.68018 6.06747 6.10287 5.46796 5.95279 6.61675 5.73649 5.84297 6.48571 5.97762 5.69344 5.64628 5.70123 6.40997 5.99478 5.25229 5.86891 6.15582 6.30552 5.6257 5.83647 6.80299 6.332 5.88231 5.99447 5.94574 5.67727 5.94342 6.24869 5.87462 6.44168 5.69875 6.61126 6.15765 6.30034 5.78506 6.23824 5.96441 6.00591 6.06521 6.40596 6.17479 

--------------------------------------
Time: 35.5033
Split Ratios: 1 1 1 1 1 1 1 1 1 1 1 1 1 1 1 1 1 1 1 1 1 1 1 1 1 1 1 1 1 1 1 1 1 1 1 1 1 1 1 1 1 1 1 1 1 1 1 1 1 1 
Delays: 0.00611021 0.00754965 0.00624247 0.00482841 0.00428902 0.00435338 0.00629821 0.00437945 0.00447082 0.007423 0.00594692 0.00805258 0.00428278 0.0044937 0.00785662 0.00769526 0.00581744 0.00680731 0.00980812 0.00598299 0.00759405 0.0060703 0.00855559 0.00979283 0.00574273 0.00586863 0.00462575 0.00944365 0.00716557 0.0044004 0.00433395 0.00620783 0.00446495 0.00817362 0.00819739 0.00776432 0.00611127 0.00733981 0.00664326 0.00656796 0.00441819 0.00582778 0.00582136 0.00643905 0.00803522 0.00602522 0.00969104 0.007636 0.00604054 0.00608072 
Throughputs: 2.34291 3.47341 2.11354 3.32595 2.29376 2.8672 3.39149 2.63782 3.83386 3.01466 2.37568 1.91693 2.24461 3.21126 2.06438 2.93274 3.53894 3.16211 2.98189 1.67117 2.60506 3.55533 3.26042 1.96608 2.29376 3.16211 2.7689 2.09715 2.78528 4.01408 2.24461 2.24461 1.67117 3.30957 2.31014 3.22765 3.34234 2.88358 3.5881 1.72032 3.08019 2.85082 3.29318 2.62144 4.07962 2.8672 3.45702 3.2768 4.04685 2.98189 
Utility: 5.94919 6.13139 5.82474 6.53499 6.28189 6.49014 6.28876 6.40079 6.75405 6.00666 5.99017 5.47249 6.26168 6.57174 5.57123 5.94309 6.41072 6.141 5.7171 5.63236 5.83784 6.37279 5.94303 5.30215 5.99001 6.28937 6.39457 5.40299 5.96282 6.81587 6.24981 5.89048 5.92502 6.00366 5.64125 6.02997 6.30429 5.97348 6.29177 5.56806 6.54702 6.19273 6.33808 6.0091 6.22992 6.16514 5.87696 6.06175 6.5072 6.19519 

--------------------------------------
Time: 36.0033
Split Ratios: 1 1 1 1 1 1 1 1 1 1 1 1 1 1 1 1 1 1 1 1 1 1 1 1 1 1 1 1 1 1 1 1 1 1 1 1 1 1 1 1 1 1 1 1 1 1 1 1 1 1 
Delays: 0.00602443 0.00749474 0.00624882 0.00468474 0.0042857 0.00437617 0.0062374 0.00447311 0.00444431 0.00750686 0.00600524 0.00805342 0.00429804 0.00454729 0.00772433 0.0075545 0.00588996 0.00721365 0.00876346 0.00591466 0.00746127 0.00596716 0.00887425 0.00883825 0.0057165 0.00587331 0.00458148 0.00863924 0.00716834 0.00438027 0.00432458 0.00608001 0.00454445 0.00868678 0.00854922 0.00689583 0.00601185 0.00733466 0.00635163 0.00675885 0.00436376 0.00580497 0.00580781 0.00624656 0.00713517 0.00612935 0.00879898 0.00783072 0.00612057 0.00602176 
Throughputs: 1.83501 3.53894 2.17907 2.88358 2.1463 3.52256 3.48979 2.91635 3.83386 3.3751 2.42483 2.19546 2.12992 3.21126 2.31014 2.58867 4.55475 3.11296 2.78528 2.11354 2.63782 3.21126 3.71917 1.96608 1.68755 3.09658 2.50675 2.16269 2.53952 3.7847 2.67059 1.99885 1.98246 3.32595 2.44122 2.73613 3.26042 2.81805 3.65363 1.90054 3.1785 2.81805 2.98189 2.11354 3.73555 3.04742 3.75194 3.47341 3.89939 2.53952 
Utility: 5.71898 6.15738 5.85426 6.42248 6.21622 6.69077 6.32703 6.48 6.76 6.10836 6.00088 5.60805 6.20568 6.55989 5.70069 5.83676 6.65068 6.06735 5.76151 5.87868 5.86798 6.28815 6.0381 5.40471 5.68768 6.26763 6.30472 5.52279 5.87006 6.76161 6.42574 5.79532 6.07819 5.94771 5.65441 5.98338 6.29588 5.95119 6.35477 5.63904 6.59083 6.18509 6.24111 5.82409 6.26062 6.20896 6.05539 6.09484 6.45692 6.04435 

