--------------------------------------
Time: 5.50007
Split Ratios: 1 0.5 0.5 0.5 0.5 1 0.5 0.5 1 0.333333 0.333333 0.333333 0.5 0.5 1 1 1 1 0.333333 0.333333 0.333333 0.5 0.5 1 1 1 1 1 1 1 0.333333 0.333333 0.333333 1 1 1 1 1 1 0.5 0.5 0.333333 0.333333 0.333333 
Delays: 0.0060086 0.00667521 0.00796775 0.00574558 0.00660169 0.00721309 0.00822284 0.00811764 0.00733811 0.00589973 0.00578662 0.00436414 0.00936288 0.00793519 0.00436711 0.00442035 0.00441755 0.00444548 0.00587751 0.00741821 0.00438182 0.00981694 0.00441488 0.0102094 0.00739644 0.00573555 0.00727561 0.00582311 0.0103865 0.00923613 
Throughputs: 3.11296 2.09715 2.49037 1.7367 3.03104 2.42483 3.44064 2.99827 1.86778 2.24461 2.22822 2.99827 3.9977 3.14573 1.93331 3.21126 3.11296 2.91635 3.14573 2.4576 3.11296 3.63725 3.42426 2.47398 2.17907 3.2768 2.91635 1.81862 3.80109 2.81805 
Utility: 6.25014 5.74993 5.74478 5.71131 6.12934 5.81762 6.0365 5.91175 5.53942 5.94138 5.95341 6.53237 6.05672 5.98249 6.09289 6.5882 6.55774 6.4862 6.28267 5.803 6.56586 5.91487 6.65366 5.49028 5.68566 6.34794 5.99356 5.744 5.90253 5.72068 

--------------------------------------
Time: 6.00024
Split Ratios: 1 0.413 0.587 0.632 0.368 1 0.873 0.127 1 0.233 0.312 0.455 0.632 0.368 1 1 1 1 0.642 0.171 0.187 0.444 0.556 1 1 1 1 1 1 1 0.483 0.279 0.238 1 1 1 1 1 1 0.986 0.014 0.195 0.298 0.507 
Delays: 0.00597241 0.00678311 0.00781934 0.00574591 0.00715242 0.00728391 0.00860524 0.00820551 0.00737985 0.00585734 0.00590461 0.00446742 0.00902573 0.00769673 0.00439836 0.00437592 0.00433437 0.00438462 0.00584764 0.00734227 0.00435727 0.0102119 0.00434646 0.0101858 0.00735654 0.00574775 0.00736688 0.00580257 0.00879275 0.0095163 
Throughputs: 3.01466 2.22822 1.78586 2.3593 3.14573 2.40845 3.42426 2.88358 2.16269 2.39206 2.27738 2.78528 3.71917 3.11296 2.17907 2.91635 3.03104 3.29318 2.5559 2.12992 3.06381 3.39149 2.9655 2.47398 2.60506 3.67002 3.44064 2.1463 4.06323 2.67059 
Utility: 6.22409 5.79452 5.43105 6.01763 6.08635 5.80107 5.98627 5.86198 5.68035 6.01222 5.95505 6.43529 6.02118 6.00253 6.20542 6.50197 6.55009 6.62151 6.08012 5.67019 6.55557 5.80547 6.52544 5.49259 5.86962 6.45914 6.14642 5.9132 6.13581 5.63705 

--------------------------------------
Time: 6.50035
Split Ratios: 1 0.413 0.587 0.632 0.368 1 0.873 0.127 1 0.233 0.312 0.455 0.632 0.368 1 1 1 1 0.642 0.171 0.187 0.444 0.556 1 1 1 1 1 1 1 0.483 0.279 0.238 1 1 1 1 1 1 0.986 0.014 0.195 0.298 0.507 
Delays: 0.0058936 0.00667383 0.00774218 0.00578827 0.00717102 0.00731152 0.00868139 0.0083891 0.00734913 0.00576016 0.00582189 0.00436099 0.00900595 0.00811186 0.00436212 0.00435039 0.00440663 0.00437868 0.0058944 0.00734653 0.00442353 0.0103262 0.00436092 0.0102485 0.00733642 0.00574733 0.0073007 0.0058079 0.00880092 0.00958582 
Throughputs: 3.03104 2.24461 2.34291 1.83501 3.30957 2.31014 3.70278 3.06381 2.22822 1.86778 1.91693 3.01466 4.096 2.75251 1.72032 2.83443 3.03104 2.68698 3.19488 2.11354 3.45702 3.93216 3.16211 2.78528 2.29376 3.89939 2.68698 2.29376 4.07962 3.06381 
Utility: 6.24279 5.81809 5.71247 5.75897 6.13452 5.75561 6.05566 5.90048 5.71438 5.78154 5.79686 6.53854 6.11988 5.82694 5.97731 6.47933 6.53355 6.41942 6.2953 5.66189 6.66123 5.94226 6.58631 5.60498 5.7451 6.51984 5.9082 5.97873 6.1389 5.76713 

--------------------------------------
Time: 7.00039
Split Ratios: 1 0.413 0.587 0.632 0.368 1 0.873 0.127 1 0.233 0.312 0.455 0.632 0.368 1 1 1 1 0.642 0.171 0.187 0.444 0.556 1 1 1 1 1 1 1 0.483 0.279 0.238 1 1 1 1 1 1 0.986 0.014 0.195 0.298 0.507 
Delays: 0.00584154 0.00675248 0.007848 0.00575185 0.00718318 0.00729947 0.00880343 0.00833819 0.00741348 0.00580713 0.00591857 0.00437547 0.00906671 0.00775562 0.00435865 0.00435941 0.0043714 0.00436787 0.00590102 0.00734006 0.00438289 0.0104571 0.00436219 0.0101577 0.00735029 0.00575184 0.00726149 0.00582222 0.00885064 0.00951191 
Throughputs: 2.57229 2.63782 2.1463 2.03162 3.19488 2.32653 3.35872 2.75251 2.44122 2.03162 1.83501 2.89997 3.93216 3.39149 2.29376 2.83443 2.98189 2.8672 3.09658 2.34291 3.22765 3.7847 3.24403 2.26099 2.60506 4.06323 2.52314 2.31014 4.07962 2.70336 
Utility: 6.08756 5.9678 5.61124 5.86706 6.09756 5.76433 5.94417 5.79942 5.79695 5.8575 5.73671 6.49644 6.07233 6.08061 6.26578 6.47726 6.52523 6.48682 6.26293 5.7658 6.6018 5.89144 6.6116 5.40533 5.87047 6.56021 5.85067 5.98338 6.13327 5.64971 

--------------------------------------
Time: 7.50039
Split Ratios: 1 0.413 0.587 0.632 0.368 1 0.873 0.127 1 0.233 0.312 0.455 0.632 0.368 1 1 1 1 0.642 0.171 0.187 0.444 0.556 1 1 1 1 1 1 1 0.483 0.279 0.238 1 1 1 1 1 1 0.986 0.014 0.195 0.298 0.507 
Delays: 0.00589113 0.00677251 0.00786918 0.00575946 0.00720608 0.00726527 0.00885818 0.00834221 0.00735586 0.00586196 0.00584905 0.00434877 0.00908975 0.00761103 0.00444329 0.00433052 0.00433445 0.00438667 0.00589459 0.00733865 0.00440071 0.0104153 0.00435786 0.0101909 0.00726801 0.00571972 0.00724588 0.00589571 0.00875419 0.00955982 
Throughputs: 2.67059 2.62144 2.31014 2.24461 3.11296 2.42483 3.34234 2.53952 2.22822 2.58867 2.17907 3.11296 3.71917 3.14573 2.06438 2.94912 2.63782 3.19488 3.21126 2.21184 3.21126 3.75194 3.22765 2.67059 2.52314 4.01408 2.78528 2.16269 3.91578 3.08019 
Utility: 6.11661 5.95861 5.68211 5.96544 6.0684 5.81041 5.93308 5.7184 5.71346 6.09042 5.92038 6.57344 6.01411 6.0242 6.14119 6.52357 6.41112 6.59073 6.30038 5.70842 6.59265 5.88675 6.60753 5.56856 5.84977 6.55364 5.95167 5.90488 6.10324 5.77518 

--------------------------------------
Time: 8.00048
Split Ratios: 1 0.413 0.587 0.632 0.368 1 0.873 0.127 1 0.233 0.312 0.455 0.632 0.368 1 1 1 1 0.642 0.171 0.187 0.444 0.556 1 1 1 1 1 1 1 0.483 0.279 0.238 1 1 1 1 1 1 0.986 0.014 0.195 0.298 0.507 
Delays: 0.00594489 0.00683066 0.00776849 0.00574071 0.00716359 0.00729265 0.00861483 0.00824991 0.00730096 0.00587774 0.00591137 0.00439923 0.00896956 0.00841862 0.00436399 0.00435251 0.00435881 0.00443811 0.00588479 0.00729192 0.00436845 0.0103268 0.00435045 0.0101607 0.00732525 0.00573898 0.00733034 0.00584679 0.00876953 0.00960366 
Throughputs: 2.8672 2.34291 2.03162 2.17907 3.5881 2.60506 3.34234 2.52314 2.048 2.32653 2.19546 3.12934 3.80109 3.35872 1.76947 3.16211 3.03104 3.39149 3.06381 2.34291 3.1785 3.1785 3.40787 2.70336 2.34291 3.91578 2.7689 2.17907 3.63725 2.89997 
Utility: 6.17856 5.83773 5.56651 5.93907 6.21637 5.87834 5.96094 5.72306 5.63661 5.98096 5.91727 6.56715 6.04921 5.98887 6.00505 6.58824 6.54446 6.6388 6.25504 5.77238 6.58975 5.72942 6.66356 5.58373 5.76782 6.52549 5.93418 5.92076 6.0277 5.71031 

--------------------------------------
Time: 8.50051
Split Ratios: 1 0.413 0.587 0.632 0.368 1 0.873 0.127 1 0.233 0.312 0.455 0.632 0.368 1 1 1 1 0.642 0.171 0.187 0.444 0.556 1 1 1 1 1 1 1 0.483 0.279 0.238 1 1 1 1 1 1 0.986 0.014 0.195 0.298 0.507 
Delays: 0.00591247 0.00681922 0.00781143 0.00575564 0.00713017 0.0072454 0.00854586 0.00819116 0.00732223 0.005816 0.00587092 0.00436805 0.00899554 0.00796115 0.00441622 0.00433943 0.00435075 0.00438359 0.00589847 0.00727041 0.00438639 0.0103176 0.00434217 0.0101808 0.00726995 0.00573969 0.00734405 0.00580824 0.0087759 0.00942913 
Throughputs: 3.12934 2.048 2.22822 2.06438 3.50618 2.78528 3.01466 2.58867 2.08077 1.96608 1.7367 3.30957 3.35872 2.9655 1.9497 2.7689 2.65421 2.98189 3.2768 1.96608 3.62086 3.9977 3.21126 2.5559 2.60506 3.71917 2.89997 2.21184 3.67002 2.68698 
Utility: 6.27151 5.70487 5.65337 5.88241 6.19795 5.95174 5.86579 5.75584 5.64958 5.82318 5.68973 6.63026 5.92259 5.92023 6.09015 6.45846 6.41355 6.52244 6.31993 5.59998 6.71596 5.95962 6.60605 5.52566 5.88146 6.47385 5.97857 5.9423 6.03594 5.65237 

--------------------------------------
Time: 9.00062
Split Ratios: 1 0.413 0.587 0.632 0.368 1 0.873 0.127 1 0.233 0.312 0.455 0.632 0.368 1 1 1 1 0.642 0.171 0.187 0.444 0.556 1 1 1 1 1 1 1 0.483 0.279 0.238 1 1 1 1 1 1 0.986 0.014 0.195 0.298 0.507 
Delays: 0.00588335 0.00681758 0.00777061 0.0057701 0.00717897 0.00730807 0.00851079 0.00839909 0.00733202 0.00581423 0.00593444 0.00437288 0.00895296 0.00831372 0.0043722 0.00432828 0.00439829 0.00438121 0.00587652 0.0073785 0.00438382 0.010337 0.00435931 0.0102272 0.00731509 0.00574169 0.0073222 0.0057839 0.00874764 0.00965286 
Throughputs: 3.14573 2.42483 2.44122 2.06438 2.70336 2.49037 3.24403 2.8672 2.08077 1.99885 2.34291 3.11296 3.65363 3.21126 2.09715 2.75251 3.08019 2.78528 2.7689 2.91635 3.24403 3.70278 3.16211 3.22765 2.49037 4.04685 3.1785 2.09715 4.16154 2.94912 
Utility: 6.28168 5.87401 5.7499 5.8799 5.9311 5.83121 5.94324 5.83297 5.64824 5.84002 5.97838 6.56791 6.01149 5.95651 6.17307 6.4551 6.55153 6.45478 6.15524 5.97952 6.60665 5.88111 6.58668 5.75446 5.83025 6.55794 6.07325 5.89326 6.16486 5.72201 

--------------------------------------
Time: 9.50078
Split Ratios: 1 0.413 0.587 0.632 0.368 1 0.873 0.127 1 0.233 0.312 0.455 0.632 0.368 1 1 1 1 0.642 0.171 0.187 0.444 0.556 1 1 1 1 1 1 1 0.483 0.279 0.238 1 1 1 1 1 1 0.986 0.014 0.195 0.298 0.507 
Delays: 0.00586812 0.00670858 0.00785907 0.00574436 0.00712528 0.00728923 0.00872055 0.00824193 0.00742184 0.00580267 0.00582845 0.00440906 0.00899584 0.00773636 0.00438228 0.00437081 0.00436123 0.00440666 0.00582131 0.00737286 0.00439029 0.0101751 0.00434375 0.0101855 0.00732086 0.0057356 0.00730934 0.00580364 0.00873678 0.0095292 
Throughputs: 2.8672 2.49037 2.37568 2.06438 2.88358 2.17907 3.22765 2.71974 2.70336 2.17907 2.048 3.08019 3.98131 3.08019 1.67117 3.21126 2.73613 3.14573 2.94912 2.5559 3.44064 3.32595 2.98189 2.71974 2.29376 3.6864 2.94912 2.29376 4.06323 2.60506 
Utility: 6.19156 5.9168 5.71137 5.88437 6.00314 5.70026 5.91383 5.79906 5.89782 5.92834 5.86187 6.54908 6.0926 5.98682 5.94371 6.59947 6.44154 6.57068 6.22774 5.84836 6.66402 5.78957 6.53157 5.58733 5.74722 6.46571 6.00011 5.97946 6.14219 5.61085 

--------------------------------------
Time: 10.0008
Split Ratios: 1 0.413 0.587 0.632 0.368 1 0.873 0.127 1 0.233 0.312 0.455 0.632 0.368 1 1 1 1 0.642 0.171 0.187 0.444 0.556 1 1 1 1 1 1 1 0.483 0.279 0.238 1 1 1 1 1 1 0.986 0.014 0.195 0.298 0.507 
Delays: 0.0058938 0.00668867 0.00794412 0.00576033 0.00719385 0.00729058 0.00872678 0.00832387 0.00732456 0.00585331 0.00588424 0.00442048 0.00910298 0.00765974 0.00437634 0.00435811 0.00439 0.00443755 0.00585527 0.00738791 0.00437544 0.0104673 0.00436661 0.0102074 0.00731152 0.0057146 0.00736348 0.00583973 0.00883031 0.00949456 
Throughputs: 3.08019 2.24461 2.12992 1.99885 3.11296 2.71974 3.44064 3.11296 2.17907 2.09715 1.85139 3.22765 3.71917 3.48979 1.83501 3.26042 2.78528 3.19488 2.9655 2.40845 3.08019 3.57171 3.12934 2.88358 2.34291 3.45702 3.04742 2.27738 4.22707 2.63782 
Utility: 6.25885 5.81587 5.59141 5.84933 6.0701 5.92171 5.97702 5.9242 5.69542 5.88133 5.75142 6.59326 6.01265 6.12162 6.03859 6.61757 6.45278 6.5792 6.22746 5.78689 6.55674 5.83254 6.57459 5.64367 5.7697 6.40514 6.02552 5.96609 6.17107 5.62699 

--------------------------------------
Time: 10.5009
Split Ratios: 1 0.413 0.587 0.632 0.368 1 0.873 0.127 1 0.233 0.312 0.455 0.632 0.368 1 1 1 1 0.642 0.171 0.187 0.444 0.556 1 1 1 1 1 1 1 0.483 0.279 0.238 1 1 1 1 1 1 0.986 0.014 0.195 0.298 0.507 
Delays: 0.00595833 0.00669659 0.00783406 0.00575358 0.00708004 0.00725135 0.00867312 0.00822414 0.00734719 0.00583123 0.00583904 0.00436947 0.00902183 0.0075533 0.00439412 0.00437785 0.00441499 0.00438059 0.00586633 0.00736157 0.00436582 0.0105229 0.00434965 0.0101731 0.00725243 0.00576796 0.00735574 0.00582459 0.00872957 0.00948633 
Throughputs: 2.94912 2.37568 2.49037 2.21184 2.99827 2.22822 3.08019 2.42483 2.12992 1.91693 1.88416 2.68698 4.04685 3.42426 1.81862 3.24403 3.5881 2.75251 2.85082 2.42483 3.08019 3.83386 3.45702 3.03104 2.22822 3.62086 3.04742 2.39206 3.91578 2.88358 
Utility: 6.20447 5.87144 5.7617 5.95176 6.04851 5.72777 5.87252 5.68644 5.66952 5.79525 5.77667 6.42153 6.10605 6.11665 6.02557 6.60801 6.70037 6.44309 6.18613 5.79724 6.55894 5.89808 6.67807 5.69691 5.72762 6.44215 6.02657 6.01782 6.10605 5.71694 

--------------------------------------
Time: 11.0009
Split Ratios: 1 0.413 0.587 0.632 0.368 1 0.873 0.127 1 0.233 0.312 0.455 0.632 0.368 1 1 1 1 0.642 0.171 0.187 0.444 0.556 1 1 1 1 1 1 1 0.483 0.279 0.238 1 1 1 1 1 1 0.986 0.014 0.195 0.298 0.507 
Delays: 0.00587219 0.00680343 0.00785417 0.00576212 0.00708172 0.00736192 0.00872164 0.00841796 0.00735454 0.00585077 0.00582182 0.00437537 0.00904448 0.00779364 0.00440384 0.00440418 0.00438511 0.00438784 0.00590167 0.00737067 0.0043753 0.0104692 0.00435812 0.0102143 0.00731458 0.00574713 0.00729263 0.00586574 0.00878059 0.00954487 
Throughputs: 2.65421 2.44122 2.19546 2.42483 3.04742 2.37568 3.47341 2.94912 2.27738 2.19546 2.12992 2.80166 4.07962 3.12934 1.75309 3.06381 2.8672 2.83443 3.03104 2.40845 3.52256 3.60448 3.32595 2.75251 2.50675 3.70278 2.78528 2.19546 3.67002 3.1785 
Utility: 6.11367 5.88282 5.6331 6.04221 6.06454 5.77672 5.98708 5.85889 5.73546 5.92757 5.90223 6.46198 6.1116 5.99527 5.98666 6.54486 6.48288 6.47076 6.24143 5.78923 6.69097 5.84149 6.63747 5.59648 5.83687 6.46814 5.94524 5.92502 6.03541 5.80816 

--------------------------------------
Time: 11.501
Split Ratios: 1 0.413 0.587 0.632 0.368 1 0.873 0.127 1 0.233 0.312 0.455 0.632 0.368 1 1 1 1 0.642 0.171 0.187 0.444 0.556 1 1 1 1 1 1 1 0.483 0.279 0.238 1 1 1 1 1 1 0.986 0.014 0.195 0.298 0.507 
Delays: 0.00591222 0.00679739 0.0077345 0.00574892 0.00722791 0.00731589 0.00874174 0.00827455 0.00731916 0.00581711 0.00587083 0.00435281 0.00898279 0.00739107 0.00437186 0.00436653 0.00436291 0.00439608 0.00584181 0.0072864 0.00439553 0.0103353 0.00437432 0.0101641 0.00732346 0.00573859 0.00734636 0.00583006 0.00876288 0.00958915 
Throughputs: 2.58867 2.42483 2.37568 1.75309 3.2768 2.40845 3.39149 2.68698 2.27738 2.22822 1.98246 3.2768 3.73555 3.35872 1.93331 2.91635 2.91635 3.2768 2.85082 2.09715 3.11296 3.3751 3.48979 2.68698 2.40845 3.6864 2.85082 2.42483 3.81747 2.88358 
Utility: 6.08188 5.87698 5.72735 5.72012 6.11667 5.79669 5.96091 5.78299 5.74028 5.94816 5.8221 6.6238 6.03034 6.11904 6.0918 6.50412 6.50495 6.61391 6.19032 5.66233 6.56274 5.78862 6.68185 5.57731 5.79566 6.46519 5.96116 6.03049 6.07682 5.70616 

--------------------------------------
Time: 12.0011
Split Ratios: 1 0.413 0.587 0.632 0.368 1 0.873 0.127 1 0.233 0.312 0.455 0.632 0.368 1 1 1 1 0.642 0.171 0.187 0.444 0.556 1 1 1 1 1 1 1 0.483 0.279 0.238 1 1 1 1 1 1 0.986 0.014 0.195 0.298 0.507 
Delays: 0.00590013 0.00664796 0.00780444 0.00576897 0.00720905 0.00727723 0.00878848 0.00819798 0.0073167 0.00579575 0.00589646 0.00436993 0.00906995 0.00801638 0.00437279 0.00434595 0.00434506 0.00441485 0.0058467 0.00730161 0.00442347 0.010399 0.00435158 0.0101763 0.0073274 0.0057315 0.00732251 0.00582723 0.00873925 0.00964572 
Throughputs: 2.89997 2.26099 2.048 1.9497 3.14573 2.27738 3.21126 2.22822 2.34291 1.72032 2.26099 2.88358 3.85024 3.32595 1.91693 3.2768 2.71974 3.34234 2.71974 2.3593 3.29318 3.80109 3.40787 2.75251 2.4576 3.83386 3.29318 2.08077 3.76832 2.65421 
Utility: 6.19748 5.82925 5.56993 5.82294 6.07846 5.74603 5.90098 5.60507 5.76899 5.69314 5.94921 6.49204 6.05092 6.02802 6.08308 6.62538 6.43925 6.62945 6.14242 5.77802 6.61269 5.90133 6.6633 5.60021 5.81532 6.50565 6.10866 5.87795 6.06656 5.61739 

