--------------------------------------
Time: 5.50013
Split Ratios: 1 1 1 0.5 0.5 0.5 0.5 1 1 1 0.333333 0.333333 0.333333 1 0.333333 0.333333 0.333333 0.5 0.5 1 1 0.5 0.5 1 0.5 0.5 1 1 1 1 0.5 0.5 0.5 0.5 1 1 1 1 1 1 1 1 1 1 0.25 0.25 0.25 0.25 1 1 1 1 0.5 0.5 1 
Delays: 0.00824337 0.00865605 0.00816472 0.0116047 0.0111157 0.0077199 0.00603083 0.0100579 0.0117341 0.00611789 0.0106791 0.0112975 0.00799586 0.00797695 0.0113964 0.00707009 0.00883101 0.0120729 0.00912701 0.00591408 0.00873941 0.0120753 0.00971922 0.00593859 0.0101344 0.00778153 0.00755474 0.0106487 0.00784899 0.00748281 0.00792832 0.0141588 0.00795494 0.0110109 0.00999434 0.00840525 0.0101038 0.00802369 0.00817583 0.00919446 
Throughputs: 1.14688 1.19603 1.08134 1.26157 0.90112 0.851968 0.835584 0.868352 0.73728 1.17965 1.34349 1.39264 1.44179 1.31072 1.01581 1.06496 1.3271 1.08134 1.17965 1.19603 1.24518 1.19603 1.04858 1.03219 1.06496 1.26157 1.31072 0.999424 1.11411 1.16326 1.27795 1.1305 1.06496 1.14688 0.884736 1.08134 1.19603 1.1305 1.26157 1.04858 
Utility: 4.93539 4.92851 4.88614 4.6887 4.39528 4.70375 4.93125 4.45823 4.14047 5.26175 4.83473 4.81437 5.19472 5.10178 4.49014 5.01482 5.01249 4.495 4.86173 5.30943 4.9592 4.5956 4.68108 5.15797 4.65476 5.08836 5.15616 4.54174 4.95543 5.04638 5.08257 4.38008 4.8969 4.64591 4.48327 4.8571 4.77385 4.94801 5.03893 4.73659 

--------------------------------------
Time: 6.00017
Split Ratios: 1 1 1 0.056 0.944 0.096 0.904 1 1 1 0.15 0.01 0.84 1 0.034 0.082 0.884 0.818 0.182 1 1 0.91 0.09 1 0.986 0.014 1 0.998 1 1 0.968 0.032 0.163 0.837 1 1 1 1 1 1 1 1 1 1 0.83 0.047 0.047 0.076 1 1 1 1 0.195 0.805 1 
Delays: 0.008388 0.00895324 0.00806982 0.0107182 0.0114412 0.00775712 0.00604386 0.0104128 0.0117697 0.00623876 0.0118427 0.0118199 0.00810797 0.00809183 0.0115388 0.00708837 0.0070611 0.0118976 0.00929272 0.00587556 0.00902252 0.00997746 0.00981675 0.00588852 0.0106919 0.00766087 0.00745065 0.0110545 0.00778534 0.00751598 0.00793616 0.01385 0.00797239 0.010189 0.00992847 0.00833206 0.0101974 0.00802126 0.00791995 0.00915502 
Throughputs: 1.26157 1.34349 1.08134 1.42541 0.950272 1.16326 1.03219 1.16326 0.966656 1.1305 1.17965 1.11411 0.966656 1.2288 1.27795 1.09773 1.31072 1.06496 1.1305 1.03219 1.1305 1.26157 0.770048 1.14688 1.14688 0.933888 1.34349 1.1305 1.21242 1.09773 1.09773 1.27795 0.950272 1.21242 1.11411 1.29434 1.26157 1.11411 1.1305 1.35987 
Utility: 5.01331 5.01101 4.89783 4.89027 4.41953 5.01037 5.1404 4.71594 4.40831 5.19963 4.60126 4.54602 4.78099 5.02294 4.7073 5.04254 5.22373 4.49435 4.80118 5.16864 4.83069 4.83978 4.36236 5.2718 4.67532 4.80323 5.19472 4.62758 5.04813 4.98397 4.92957 4.52473 4.78076 4.77907 4.72041 5.04564 4.81798 4.93372 4.96103 5.00084 

--------------------------------------
Time: 6.50031
Split Ratios: 1 1 1 0.056 0.944 0.096 0.904 1 1 1 0.15 0.01 0.84 1 0.034 0.082 0.884 0.818 0.182 1 1 0.91 0.09 1 0.986 0.014 1 0.998 1 1 0.968 0.032 0.163 0.837 1 1 1 1 1 1 1 1 1 1 0.83 0.047 0.047 0.076 1 1 1 1 0.195 0.805 1 
Delays: 0.00831523 0.00877132 0.00811343 0.010497 0.0112976 0.00777857 0.00590386 0.0101532 0.0119515 0.00608905 0.0115621 0.0122588 0.00836275 0.00800106 0.0116399 0.00668133 0.00675063 0.0121371 0.0085658 0.00593043 0.00888714 0.0102123 0.009718 0.00582134 0.0102693 0.00774986 0.00744737 0.0106879 0.00797292 0.00756942 0.00791585 0.0140331 0.00795905 0.010101 0.0097747 0.00827308 0.010326 0.00815184 0.00788595 0.00879651 
Throughputs: 1.34349 1.37626 1.08134 1.24518 0.770048 0.98304 1.11411 1.03219 0.933888 1.09773 1.19603 1.21242 1.3271 1.3271 1.26157 0.98304 1.29434 1.17965 0.933888 1.2288 1.17965 1.31072 1.03219 1.14688 1.19603 1.08134 1.17965 1.17965 1.29434 1.03219 0.753664 1.34349 1.14688 1.31072 1.09773 1.11411 1.39264 0.98304 1.14688 1.16326 
Utility: 5.08494 5.05563 4.89244 4.77595 4.22187 4.83928 5.24021 4.62166 4.3585 5.19451 4.63903 4.59413 5.06697 5.11118 4.68567 4.99133 5.25612 4.5767 4.69158 5.3337 4.88837 4.85474 4.66546 5.28327 4.7576 4.93829 5.06511 4.70386 5.0897 4.91532 4.55608 4.56161 4.97049 4.8657 4.7212 4.90281 4.90429 4.79241 4.97972 4.88463 

--------------------------------------
Time: 7.00049
Split Ratios: 1 1 1 0.056 0.944 0.096 0.904 1 1 1 0.15 0.01 0.84 1 0.034 0.082 0.884 0.818 0.182 1 1 0.91 0.09 1 0.986 0.014 1 0.998 1 1 0.968 0.032 0.163 0.837 1 1 1 1 1 1 1 1 1 1 0.83 0.047 0.047 0.076 1 1 1 1 0.195 0.805 1 
Delays: 0.00855066 0.00861482 0.00806349 0.0105916 0.0115475 0.00772571 0.00592301 0.00994572 0.0116069 0.00611978 0.0117543 0.0119415 0.00797421 0.00798429 0.0114298 0.0065587 0.00651676 0.0119756 0.00868455 0.00591454 0.00866122 0.0101783 0.00973041 0.00600024 0.0101495 0.00768794 0.00751164 0.0106436 0.00792467 0.0075117 0.00802217 0.0138431 0.00793509 0.0101775 0.0097453 0.00814013 0.00997464 0.00807227 0.00799982 0.00867037 
Throughputs: 1.31072 1.1305 1.04858 1.26157 1.11411 1.04858 1.03219 0.950272 1.08134 1.29434 1.21242 1.34349 1.1305 1.08134 0.950272 1.08134 1.08134 0.950272 1.21242 1.21242 1.06496 1.03219 1.04858 1.29434 1.2288 0.868352 1.06496 1.31072 1.17965 1.06496 0.917504 1.06496 1.11411 1.2288 1.14688 1.09773 1.21242 0.98304 1.34349 0.999424 
Utility: 5.03232 4.87693 4.86784 4.78005 4.56935 4.91063 5.1606 4.55961 4.53436 5.35423 4.63615 4.723 4.9542 4.90848 4.42052 5.10517 5.11158 4.37387 4.93883 5.32296 4.81184 4.61919 4.67993 5.37395 4.79637 4.72694 4.95424 4.81337 5.00299 4.95423 4.73945 4.34291 4.94452 4.79361 4.76802 4.90419 4.80032 4.80221 5.12361 4.74727 

--------------------------------------
Time: 7.50071
Split Ratios: 1 1 1 0.056 0.944 0.096 0.904 1 1 1 0.15 0.01 0.84 1 0.034 0.082 0.884 0.818 0.182 1 1 0.91 0.09 1 0.986 0.014 1 0.998 1 1 0.968 0.032 0.163 0.837 1 1 1 1 1 1 1 1 1 1 0.83 0.047 0.047 0.076 1 1 1 1 0.195 0.805 1 
Delays: 0.00820928 0.00870491 0.00813528 0.0102984 0.0114517 0.00770211 0.00601623 0.0102981 0.0119976 0.00629833 0.0117156 0.0122066 0.00811104 0.00809918 0.0116127 0.00717721 0.00710121 0.0121071 0.00884755 0.00583592 0.00885882 0.00994606 0.00967896 0.00589535 0.0101142 0.00766346 0.00749827 0.0107299 0.00796514 0.00747365 0.00782858 0.0137843 0.00807957 0.0102674 0.00984042 0.00851854 0.0102564 0.00807867 0.0079145 0.00933484 
Throughputs: 0.950272 1.37626 0.8192 1.21242 1.1305 1.11411 1.11411 0.98304 1.27795 1.24518 1.16326 1.09773 1.24518 1.21242 1.19603 0.933888 1.35987 1.24518 1.50733 1.29434 1.09773 1.34349 1.16326 0.98304 1.2288 0.835584 0.917504 1.09773 1.17965 1.26157 0.917504 1.03219 1.35987 1.16326 0.966656 1.29434 1.24518 0.933888 1.3271 1.24518 
Utility: 4.75148 5.06323 4.61212 4.76838 4.59227 4.97432 5.22135 4.55869 4.66831 5.28675 4.59806 4.49902 5.03381 5.00861 4.63466 4.86845 5.25488 4.63325 5.13795 5.40172 4.81958 4.90585 4.78903 5.11649 4.79986 4.69167 4.80698 4.62796 4.9979 5.12873 4.76388 4.31591 5.12581 4.73001 4.58734 5.02351 4.79914 4.75013 5.12206 4.89329 

--------------------------------------
Time: 8.00087
Split Ratios: 1 1 1 0.056 0.944 0.096 0.904 1 1 1 0.15 0.01 0.84 1 0.034 0.082 0.884 0.818 0.182 1 1 0.91 0.09 1 0.986 0.014 1 0.998 1 1 0.968 0.032 0.163 0.837 1 1 1 1 1 1 1 1 1 1 0.83 0.047 0.047 0.076 1 1 1 1 0.195 0.805 1 
Delays: 0.00802305 0.00879917 0.00803063 0.0108755 0.0114193 0.00771956 0.00597993 0.0101416 0.0117383 0.00606014 0.0115598 0.0119356 0.00810284 0.00784404 0.0117092 0.00689922 0.00680455 0.0122495 0.00898371 0.00609457 0.00888062 0.0100475 0.0095676 0.00586916 0.0103587 0.00764393 0.00751961 0.0105612 0.00788908 0.00749288 0.00796963 0.0139529 0.00796728 0.00997188 0.00982396 0.00834936 0.00992672 0.00791523 0.00814543 0.00930846 
Throughputs: 1.09773 1.29434 0.933888 1.40902 1.09773 1.01581 1.04858 0.917504 1.01581 1.21242 1.11411 1.21242 1.11411 1.19603 1.17965 1.29434 1.3271 1.11411 1.08134 1.50733 1.11411 1.14688 1.24518 1.21242 1.16326 1.08134 1.19603 1.09773 0.999424 1.17965 1.06496 1.26157 1.06496 1.06496 0.966656 0.966656 1.08134 1.14688 1.24518 1.06496 
Utility: 4.91868 4.9911 4.75609 4.86414 4.56569 4.87968 5.16678 4.50501 4.46059 5.29864 4.56828 4.62085 4.9236 5.02701 4.6126 5.23434 5.27316 4.51033 4.79055 5.5107 4.83194 4.73747 4.86866 5.33066 4.72116 4.95205 5.06925 4.64381 4.8417 5.05902 4.89505 4.50442 4.89535 4.67092 4.58902 4.75166 4.69073 4.97601 5.02958 4.73977 

--------------------------------------
Time: 8.5009
Split Ratios: 1 1 1 0.056 0.944 0.096 0.904 1 1 1 0.15 0.01 0.84 1 0.034 0.082 0.884 0.818 0.182 1 1 0.91 0.09 1 0.986 0.014 1 0.998 1 1 0.968 0.032 0.163 0.837 1 1 1 1 1 1 1 1 1 1 0.83 0.047 0.047 0.076 1 1 1 1 0.195 0.805 1 
Delays: 0.00825848 0.00872893 0.00820518 0.0104663 0.0116234 0.00781307 0.00602679 0.0103615 0.0120519 0.00615996 0.0116493 0.011892 0.00813535 0.00790043 0.0118497 0.00640695 0.00648011 0.0124517 0.00866618 0.00589266 0.00901501 0.00992865 0.00986579 0.00593137 0.0100705 0.00769306 0.00758437 0.0103934 0.00805536 0.00743359 0.00780524 0.0137321 0.00795796 0.00987352 0.0100764 0.00820718 0.0102411 0.00809714 0.00807047 0.00902301 
Throughputs: 1.2288 1.35987 0.933888 1.09773 1.16326 0.950272 0.933888 0.98304 1.14688 1.19603 1.17965 1.5401 1.31072 1.16326 0.868352 1.19603 1.24518 1.29434 1.03219 1.06496 1.09773 1.2288 1.1305 1.21242 0.98304 1.09773 1.04858 0.950272 1.24518 1.26157 0.90112 1.1305 1.04858 0.950272 1.11411 0.999424 1.24518 0.999424 1.40902 1.29434 
Utility: 5.00255 5.0485 4.73459 4.65284 4.60597 4.80095 5.04314 4.55255 4.55558 5.2687 4.61772 4.86373 5.08211 4.99207 4.29429 5.22938 5.2583 4.6439 4.78001 5.19698 4.80211 4.81837 4.74134 5.32011 4.58104 4.96068 4.9291 4.51558 5.0407 5.1341 4.74884 4.41068 4.88102 4.56689 4.70562 4.80217 4.80063 4.81567 5.16244 4.96598 

--------------------------------------
Time: 9.00111
Split Ratios: 1 1 1 0.056 0.944 0.096 0.904 1 1 1 0.15 0.01 0.84 1 0.034 0.082 0.884 0.818 0.182 1 1 0.91 0.09 1 0.986 0.014 1 0.998 1 1 0.968 0.032 0.163 0.837 1 1 1 1 1 1 1 1 1 1 0.83 0.047 0.047 0.076 1 1 1 1 0.195 0.805 1 
Delays: 0.00821009 0.00850311 0.00797711 0.0104136 0.011514 0.00766584 0.00594611 0.0101212 0.0120017 0.00623387 0.0117245 0.0123068 0.00807372 0.00775736 0.011731 0.00673675 0.00647255 0.0123008 0.00862592 0.00587898 0.00875373 0.0101842 0.00974115 0.00612093 0.0102835 0.00779999 0.00755231 0.0104128 0.00779535 0.00750528 0.00786631 0.0137647 0.00794671 0.010252 0.0101355 0.00827156 0.00986371 0.00801621 0.00781822 0.00886081 
Throughputs: 1.17965 1.2288 0.98304 1.19603 1.16326 1.06496 1.29434 1.19603 1.1305 1.3271 1.11411 1.11411 1.47456 0.999424 1.2288 1.26157 1.2288 1.03219 1.08134 1.29434 0.851968 1.31072 1.27795 1.09773 1.03219 1.21242 1.24518 1.19603 1.1305 1.26157 0.90112 1.26157 1.26157 1.04858 0.98304 0.868352 1.27795 1.19603 1.08134 1.06496 
Utility: 4.96761 4.97336 4.81407 4.74365 4.61542 4.93392 5.38302 4.77213 4.54537 5.36076 4.55414 4.50566 5.2075 4.85854 4.65156 5.23253 5.24622 4.42977 4.83119 5.39437 4.57807 4.8575 4.87665 5.18928 4.6089 5.04625 5.10518 4.74373 4.97688 5.1245 4.74105 4.518 5.06735 4.62771 4.57461 4.65377 4.86415 5.0053 4.9295 4.78905 

--------------------------------------
Time: 9.50136
Split Ratios: 1 1 1 0.056 0.944 0.096 0.904 1 1 1 0.15 0.01 0.84 1 0.034 0.082 0.884 0.818 0.182 1 1 0.91 0.09 1 0.986 0.014 1 0.998 1 1 0.968 0.032 0.163 0.837 1 1 1 1 1 1 1 1 1 1 0.83 0.047 0.047 0.076 1 1 1 1 0.195 0.805 1 
Delays: 0.00816797 0.00931247 0.00810644 0.0106385 0.0114164 0.00790895 0.00593278 0.0103109 0.0117948 0.0063612 0.0115901 0.011981 0.0078072 0.00812429 0.0119293 0.00696852 0.00668317 0.0123928 0.00888725 0.00609838 0.00904439 0.0100051 0.00976065 0.00605543 0.0101564 0.00767878 0.00753516 0.0105972 0.00790335 0.00756606 0.00786779 0.0138785 0.00802154 0.0100312 0.00989158 0.00842752 0.00992166 0.00797275 0.0078658 0.00920642 
Throughputs: 1.3271 1.31072 0.999424 1.24518 1.2288 1.08134 0.966656 1.01581 0.933888 0.966656 1.2288 1.26157 1.03219 1.26157 0.98304 1.19603 1.03219 1.06496 1.19603 1.44179 1.06496 1.37626 1.19603 1.03219 0.950272 1.2288 1.29434 1.11411 1.17965 1.01581 1.21242 1.21242 0.966656 1.31072 0.933888 1.50733 1.42541 1.03219 1.3271 1.08134 
Utility: 5.09053 4.94698 4.81452 4.76256 4.67874 4.91797 5.09335 4.59024 4.3717 5.02363 4.66364 4.65679 4.88439 5.04525 4.41166 5.14536 5.03985 4.45358 4.90215 5.46562 4.76855 4.92403 4.80841 5.13848 4.53865 5.07533 5.14617 4.65522 5.00568 4.89977 5.03759 4.47003 4.79171 4.87263 4.54767 5.18659 4.96749 4.86341 5.12823 4.76606 

--------------------------------------
Time: 10.0016
Split Ratios: 1 1 1 0.056 0.944 0.096 0.904 1 1 1 0.15 0.01 0.84 1 0.034 0.082 0.884 0.818 0.182 1 1 0.91 0.09 1 0.986 0.014 1 0.998 1 1 0.968 0.032 0.163 0.837 1 1 1 1 1 1 1 1 1 1 0.83 0.047 0.047 0.076 1 1 1 1 0.195 0.805 1 
Delays: 0.00810958 0.00894515 0.00815452 0.0111603 0.0114701 0.00768252 0.00602593 0.0101134 0.0114895 0.00639624 0.0118758 0.0118798 0.00801904 0.00837562 0.0118922 0.00726722 0.0073135 0.0121946 0.00909914 0.00599787 0.00896992 0.010179 0.00969663 0.00587073 0.0100151 0.00787228 0.00750395 0.0107202 0.00788255 0.00751464 0.00796046 0.0139202 0.00801462 0.0100293 0.0100061 0.00831446 0.0102792 0.0078743 0.00788864 0.00972102 
Throughputs: 1.1305 1.37626 1.08134 1.35987 1.16326 0.933888 0.950272 1.08134 1.39264 1.29434 1.14688 1.11411 0.966656 1.17965 1.31072 1.31072 1.14688 1.03219 1.24518 1.1305 1.06496 1.21242 1.29434 0.917504 1.08134 0.950272 1.17965 1.1305 1.01581 1.09773 1.2288 0.966656 1.24518 1.19603 1.29434 1.27795 1.39264 0.98304 1.40902 1.31072 
Utility: 4.93737 5.03601 4.88739 4.80278 4.61924 4.80041 5.06068 4.6721 4.79752 5.31004 4.5703 4.54097 4.79202 4.94765 4.70245 5.19496 5.05508 4.43845 4.91886 5.23901 4.77682 4.78005 4.89397 5.05168 4.68186 4.7934 5.05754 4.65828 4.85879 4.98414 5.03931 4.2405 5.04577 4.78125 4.86256 5.03502 4.90883 4.82705 5.18523 4.90404 

--------------------------------------
Time: 10.5017
Split Ratios: 1 1 1 0.056 0.944 0.096 0.904 1 1 1 0.15 0.01 0.84 1 0.034 0.082 0.884 0.818 0.182 1 1 0.91 0.09 1 0.986 0.014 1 0.998 1 1 0.968 0.032 0.163 0.837 1 1 1 1 1 1 1 1 1 1 0.83 0.047 0.047 0.076 1 1 1 1 0.195 0.805 1 
Delays: 0.00831474 0.00850077 0.00817978 0.0101299 0.0113972 0.00778811 0.00595437 0.0103728 0.0117688 0.00605352 0.0114621 0.0119866 0.00793134 0.00790371 0.0119858 0.00640897 0.0066476 0.012369 0.00886103 0.00592283 0.00859065 0.0102433 0.00977418 0.0059679 0.0101081 0.00769686 0.00750072 0.0107073 0.00786001 0.00750421 0.00790972 0.0137745 0.00792175 0.0104589 0.00996572 0.00813179 0.00996117 0.00786382 0.00775734 0.00875994 
Throughputs: 0.933888 0.884736 1.1305 1.11411 0.999424 1.11411 0.966656 1.19603 1.27795 0.999424 1.35987 1.11411 1.27795 1.14688 1.06496 0.98304 1.31072 1.31072 1.04858 0.999424 1.08134 1.06496 1.11411 1.29434 1.09773 1.2288 1.19603 1.03219 1.14688 0.999424 1.47456 1.31072 1.06496 1.35987 0.966656 1.37626 0.90112 1.04858 1.14688 1.1305 
Utility: 4.72133 4.64513 4.92875 4.70033 4.47381 4.96321 5.08972 4.74758 4.68756 5.10654 4.7761 4.53202 5.08219 4.97747 4.48697 5.03295 5.28408 4.66314 4.77353 5.12836 4.83529 4.64407 4.73607 5.37936 4.68766 5.07298 5.07177 4.56851 4.98301 4.89172 5.22802 4.55551 4.90108 4.86769 4.57469 5.13134 4.50494 4.89292 4.99616 4.86022 

--------------------------------------
Time: 11.0019
Split Ratios: 1 1 1 0.056 0.944 0.096 0.904 1 1 1 0.15 0.01 0.84 1 0.034 0.082 0.884 0.818 0.182 1 1 0.91 0.09 1 0.986 0.014 1 0.998 1 1 0.968 0.032 0.163 0.837 1 1 1 1 1 1 1 1 1 1 0.83 0.047 0.047 0.076 1 1 1 1 0.195 0.805 1 
Delays: 0.00829564 0.00852941 0.00795399 0.0102786 0.0115675 0.00784055 0.00610663 0.0104969 0.0117725 0.00619044 0.0116948 0.0123948 0.00790615 0.00804549 0.0115417 0.00647557 0.00630328 0.0124666 0.00827969 0.00587663 0.00957085 0.0101392 0.00978616 0.00601201 0.0101729 0.00793678 0.00746206 0.0103524 0.00806821 0.00756487 0.0076636 0.0136355 0.00787139 0.0100138 0.00992725 0.00818384 0.0096991 0.00787567 0.00810253 0.00877895 
Throughputs: 1.2288 1.11411 0.98304 1.2288 1.06496 1.16326 0.868352 1.04858 1.03219 1.21242 1.37626 1.29434 0.999424 1.2288 0.933888 1.03219 1.34349 0.933888 0.98304 1.14688 1.06496 1.29434 0.966656 1.03219 0.851968 0.966656 1.14688 1.17965 1.16326 1.14688 0.999424 1.14688 1.16326 1.2288 1.14688 1.04858 1.04858 1.04858 1.45818 0.835584 
Utility: 4.99806 4.87229 4.81698 4.78373 4.52249 4.99968 4.95722 4.60411 4.47367 5.27736 4.76798 4.64848 4.83954 5.02868 4.39339 5.0714 5.36196 4.3163 4.77684 5.27382 4.71197 4.84935 4.59287 5.14568 4.42782 4.80233 5.03497 4.73575 4.97105 5.02129 4.8707 4.43213 4.99575 4.80983 4.74952 4.85303 4.68315 4.89141 5.19277 4.55577 

--------------------------------------
Time: 11.502
Split Ratios: 1 1 1 0.056 0.944 0.096 0.904 1 1 1 0.15 0.01 0.84 1 0.034 0.082 0.884 0.818 0.182 1 1 0.91 0.09 1 0.986 0.014 1 0.998 1 1 0.968 0.032 0.163 0.837 1 1 1 1 1 1 1 1 1 1 0.83 0.047 0.047 0.076 1 1 1 1 0.195 0.805 1 
Delays: 0.00809474 0.00835925 0.00824991 0.0103523 0.0116371 0.00778095 0.00602172 0.0104366 0.0119846 0.00615113 0.0116931 0.0120351 0.00791719 0.0079234 0.0116109 0.00679034 0.00679744 0.012234 0.00880937 0.0058617 0.00861662 0.0100312 0.00960824 0.00599506 0.0101603 0.00776509 0.00750205 0.0103525 0.00793214 0.00755211 0.00783314 0.0137686 0.00819455 0.0102122 0.0100043 0.00836613 0.0100727 0.00800517 0.00785088 0.00881811 
Throughputs: 1.08134 1.27795 0.98304 1.14688 0.868352 1.24518 1.17965 1.03219 1.19603 0.90112 1.08134 1.16326 1.19603 0.917504 1.19603 1.21242 1.14688 1.21242 1.08134 1.29434 1.03219 1.16326 1.04858 1.19603 0.98304 1.04858 1.2288 1.11411 1.14688 1.29434 1.24518 1.27795 1.2288 1.24518 1.14688 1.31072 1.31072 1.14688 1.27795 0.966656 
Utility: 4.89475 5.02965 4.78045 4.70759 4.3124 5.07536 5.2776 4.59412 4.60314 4.987 4.52696 4.57116 5.01773 4.75184 4.63482 5.18487 5.12825 4.59615 4.81014 5.39731 4.78575 4.75328 4.69257 5.29583 4.57216 4.90555 5.09862 4.67858 4.97388 5.14393 5.06867 4.53062 5.01032 4.80346 4.74179 5.05414 4.8685 4.96471 5.09239 4.69704 

--------------------------------------
Time: 12.0021
Split Ratios: 1 1 1 0.056 0.944 0.096 0.904 1 1 1 0.15 0.01 0.84 1 0.034 0.082 0.884 0.818 0.182 1 1 0.91 0.09 1 0.986 0.014 1 0.998 1 1 0.968 0.032 0.163 0.837 1 1 1 1 1 1 1 1 1 1 0.83 0.047 0.047 0.076 1 1 1 1 0.195 0.805 1 
Delays: 0.00847589 0.00863235 0.00791096 0.0103066 0.0116229 0.00782177 0.00591234 0.00988161 0.0114178 0.00618281 0.0118441 0.0119082 0.00816363 0.00801273 0.0118499 0.00650782 0.00663969 0.0117724 0.00864222 0.00610397 0.00843956 0.0102649 0.00975471 0.00610073 0.0103772 0.00769681 0.00749105 0.0108668 0.00796047 0.00752373 0.00782566 0.0141558 0.00825262 0.0102957 0.00987276 0.00835322 0.00998732 0.00787359 0.00798106 0.00871618 
Throughputs: 1.45818 1.3271 0.966656 1.39264 1.08134 0.999424 0.999424 0.933888 1.11411 1.37626 1.29434 1.1305 1.03219 1.08134 1.03219 1.04858 1.11411 1.09773 1.08134 1.17965 0.98304 1.47456 1.17965 1.06496 1.01581 0.933888 1.35987 1.39264 1.08134 1.19603 1.1305 1.08134 1.19603 1.27795 0.917504 1.24518 1.26157 1.06496 1.35987 1.24518 
Utility: 5.14772 5.03524 4.80559 4.90617 4.53299 4.85027 5.13014 4.54868 4.58064 5.40535 4.69392 4.55319 4.83975 4.90493 4.46712 5.08218 5.12275 4.53524 4.8293 5.26403 4.75772 4.96739 4.79522 5.16228 4.58383 4.79855 5.20144 4.85324 4.91147 5.0687 4.973 4.33584 4.97623 4.82129 4.53188 5.00439 4.83879 4.90718 5.13807 4.96186 

--------------------------------------
Time: 12.5027
Split Ratios: 1 1 1 0.056 0.944 0.096 0.904 1 1 1 0.15 0.01 0.84 1 0.034 0.082 0.884 0.818 0.182 1 1 0.91 0.09 1 0.986 0.014 1 0.998 1 1 0.968 0.032 0.163 0.837 1 1 1 1 1 1 1 1 1 1 0.83 0.047 0.047 0.076 1 1 1 1 0.195 0.805 1 
Delays: 0.00833598 0.00864872 0.0082922 0.01066 0.0113458 0.00788412 0.00600157 0.0101143 0.0118043 0.00613555 0.0116746 0.0119347 0.0078802 0.00800863 0.0118823 0.00667224 0.00674228 0.0122689 0.00867017 0.00592376 0.00885208 0.0101731 0.00982858 0.0059315 0.0102592 0.00791931 0.00750749 0.0109089 0.00795057 0.00752077 0.00816302 0.0138546 0.00799152 0.0103728 0.00983005 0.00812336 0.0103177 0.00814755 0.0079354 0.00970209 
Throughputs: 1.39264 1.21242 1.1305 1.29434 1.03219 1.11411 1.2288 1.01581 1.16326 1.24518 1.16326 1.01581 1.17965 1.21242 1.1305 1.11411 1.24518 1.21242 1.19603 1.2288 0.950272 1.19603 1.24518 1.04858 1.06496 1.26157 1.1305 1.35987 0.917504 1.2288 1.08134 1.17965 1.24518 1.44179 1.19603 1.09773 1.26157 1.03219 1.1305 0.966656 
Utility: 5.11838 4.94296 4.9151 4.79926 4.51059 4.95096 5.32177 4.60949 4.59052 5.31294 4.60157 4.44399 5.00862 5.01985 4.55536 5.11786 5.21864 4.5933 4.92688 5.33482 4.6761 4.76702 4.84174 5.17491 4.64252 5.07081 5.01451 4.82557 4.74841 5.09613 4.88635 4.44435 5.04866 4.93446 4.80132 4.90625 4.80625 4.84172 4.95908 4.6015 

--------------------------------------
Time: 13.0028
Split Ratios: 1 1 1 0.056 0.944 0.096 0.904 1 1 1 0.15 0.01 0.84 1 0.034 0.082 0.884 0.818 0.182 1 1 0.91 0.09 1 0.986 0.014 1 0.998 1 1 0.968 0.032 0.163 0.837 1 1 1 1 1 1 1 1 1 1 0.83 0.047 0.047 0.076 1 1 1 1 0.195 0.805 1 
Delays: 0.00823655 0.00864202 0.00803156 0.0110952 0.0116125 0.0079155 0.00598623 0.0102899 0.0117127 0.00608158 0.0115288 0.0122185 0.00809797 0.00796635 0.0120785 0.00739193 0.00687475 0.012464 0.00956837 0.00616906 0.00852991 0.0100156 0.00971265 0.00594745 0.0107396 0.00793535 0.00746852 0.011352 0.00797874 0.00748108 0.00798884 0.0138657 0.008022 0.00986437 0.00979863 0.00875514 0.00998743 0.00807474 0.00793133 0.00940706 
Throughputs: 1.19603 1.04858 1.08134 0.98304 1.01581 1.11411 1.03219 1.35987 1.16326 1.17965 1.21242 1.21242 1.19603 1.01581 0.950272 1.39264 1.19603 1.3271 1.16326 1.16326 1.03219 1.09773 1.2288 0.933888 0.917504 1.31072 1.11411 1.42541 1.3271 1.21242 1.16326 1.31072 1.14688 1.26157 0.950272 1.06496 0.966656 0.999424 0.966656 1.01581 
Utility: 4.97818 4.79855 4.90258 4.48414 4.47136 4.94699 5.14998 4.88399 4.59831 5.26771 4.65552 4.59742 4.99515 4.84821 4.36532 5.23857 5.15891 4.66791 4.80052 5.23944 4.79586 4.69685 4.84036 5.05639 4.44772 5.107 5.00512 4.83282 5.11397 5.08799 4.98094 4.54891 4.96261 4.85118 4.57451 4.80105 4.57252 4.81844 4.80302 4.68198 

--------------------------------------
Time: 13.5032
Split Ratios: 1 1 1 0.056 0.944 0.096 0.904 1 1 1 0.15 0.01 0.84 1 0.034 0.082 0.884 0.818 0.182 1 1 0.91 0.09 1 0.986 0.014 1 0.998 1 1 0.968 0.032 0.163 0.837 1 1 1 1 1 1 1 1 1 1 0.83 0.047 0.047 0.076 1 1 1 1 0.195 0.805 1 
Delays: 0.00835884 0.00867163 0.00791626 0.0102921 0.0116125 0.00793849 0.00607264 0.0100824 0.0114581 0.00633271 0.0117357 0.0118664 0.00819613 0.0080937 0.0118014 0.00644136 0.00637138 0.0119361 0.00853953 0.0060612 0.00871069 0.0102172 0.0097457 0.00589349 0.0102618 0.00781949 0.00746205 0.010274 0.00795232 0.00756137 0.00781278 0.0138122 0.00825127 0.0102685 0.0099893 0.00828629 0.00986527 0.00799848 0.00806323 0.00903376 
Throughputs: 1.04858 1.17965 0.770048 1.29434 1.06496 0.950272 1.1305 0.868352 0.966656 1.26157 0.98304 1.14688 1.21242 1.11411 1.03219 1.09773 1.11411 1.27795 0.98304 1.14688 1.2288 1.09773 1.34349 1.35987 0.950272 1.08134 1.19603 1.24518 1.26157 1.35987 0.98304 1.14688 1.11411 1.40902 1.1305 1.11411 1.40902 1.06496 1.24518 1.14688 
Utility: 4.83187 4.91291 4.57753 4.83437 4.51861 4.78503 5.22662 4.45581 4.43515 5.29438 4.42801 4.57109 4.99671 4.92473 4.47122 5.13826 5.164 4.67345 4.74594 5.24289 4.94924 4.67693 4.9262 5.4413 4.52832 4.92934 5.07693 4.79742 5.06665 5.19209 4.83489 4.41925 4.90545 4.92157 4.7289 4.90121 4.96163 4.89144 5.03972 4.84383 

--------------------------------------
Time: 14.0033
Split Ratios: 1 1 1 0.056 0.944 0.096 0.904 1 1 1 0.15 0.01 0.84 1 0.034 0.082 0.884 0.818 0.182 1 1 0.91 0.09 1 0.986 0.014 1 0.998 1 1 0.968 0.032 0.163 0.837 1 1 1 1 1 1 1 1 1 1 0.83 0.047 0.047 0.076 1 1 1 1 0.195 0.805 1 
Delays: 0.00815552 0.00886689 0.00798414 0.010657 0.0115557 0.00773219 0.0059819 0.0103188 0.0121587 0.00647026 0.011704 0.0116754 0.00802725 0.00778227 0.0117486 0.00617042 0.00628686 0.0121351 0.00857281 0.00599188 0.00871418 0.0102615 0.00967613 0.00591024 0.0104397 0.0077761 0.00750251 0.0104428 0.00797593 0.0075351 0.00767867 0.0138485 0.00794472 0.010263 0.00978124 0.00848496 0.00995366 0.00811786 0.0080159 0.00853773 
Throughputs: 1.14688 1.40902 1.21242 1.2288 1.35987 1.09773 1.26157 0.933888 0.966656 1.19603 1.27795 1.35987 1.16326 0.770048 1.01581 1.06496 0.966656 1.31072 1.01581 1.04858 1.19603 1.37626 1.11411 1.06496 1.04858 0.999424 1.1305 1.34349 1.40902 1.29434 1.03219 1.08134 1.31072 1.04858 0.950272 1.17965 1.16326 1.34349 1.1305 0.90112 
Utility: 4.94611 5.06833 5.02291 4.74758 4.76797 4.95561 5.35137 4.50539 4.3758 5.21955 4.69308 4.75766 4.97614 4.59461 4.4597 5.15093 5.03538 4.68223 4.77484 5.16478 4.92181 4.89873 4.74615 5.19401 4.60957 4.85612 5.01517 4.85711 5.17422 5.14618 4.90099 4.35778 5.10582 4.62664 4.57628 4.93468 4.76104 5.10896 4.94899 4.65914 

--------------------------------------
Time: 14.5036
Split Ratios: 1 1 1 0.056 0.944 0.096 0.904 1 1 1 0.15 0.01 0.84 1 0.034 0.082 0.884 0.818 0.182 1 1 0.91 0.09 1 0.986 0.014 1 0.998 1 1 0.968 0.032 0.163 0.837 1 1 1 1 1 1 1 1 1 1 0.83 0.047 0.047 0.076 1 1 1 1 0.195 0.805 1 
Delays: 0.0080445 0.00885946 0.00803829 0.0107136 0.0116471 0.00782566 0.00609311 0.0101247 0.0115487 0.00639614 0.0117178 0.0119913 0.00803833 0.00790575 0.01195 0.00670981 0.00666781 0.0120163 0.00890583 0.00608655 0.00865979 0.0100662 0.00962707 0.00592446 0.0101424 0.00796996 0.00747143 0.0109048 0.00807758 0.00749812 0.00782166 0.0139204 0.00816492 0.0102258 0.00981514 0.00816991 0.00990314 0.00796793 0.0081926 0.00932461 
Throughputs: 1.11411 1.44179 1.09773 1.14688 1.06496 1.37626 1.21242 0.868352 1.03219 1.17965 1.09773 1.17965 1.24518 1.06496 0.884736 1.16326 1.17965 1.39264 1.2288 1.16326 0.917504 1.14688 1.01581 1.19603 1.01581 1.06496 1.40902 1.37626 1.47456 1.08134 1.09773 1.19603 1.27795 1.52371 1.17965 1.1305 1.14688 0.90112 1.39264 1.42541 
Utility: 4.93082 5.09216 4.91678 4.67329 4.51564 5.16971 5.29321 4.45162 4.49287 5.21728 4.53989 4.58879 5.04282 4.9031 4.30456 5.15541 5.17568 4.75269 4.92709 5.2529 4.66297 4.73562 4.65886 5.30768 4.60672 4.89501 5.23957 4.83792 5.20702 4.97131 4.9441 4.45341 5.05317 5.00399 4.78904 4.92995 4.75195 4.72821 5.13572 5.02956 

--------------------------------------
Time: 15.0036
Split Ratios: 1 1 1 0.056 0.944 0.096 0.904 1 1 1 0.15 0.01 0.84 1 0.034 0.082 0.884 0.818 0.182 1 1 0.91 0.09 1 0.986 0.014 1 0.998 1 1 0.968 0.032 0.163 0.837 1 1 1 1 1 1 1 1 1 1 0.83 0.047 0.047 0.076 1 1 1 1 0.195 0.805 1 
Delays: 0.00822859 0.00837757 0.00816564 0.0104109 0.0115639 0.0077843 0.00603227 0.0100177 0.0116644 0.00625566 0.0118521 0.011995 0.00798392 0.00798127 0.0118293 0.00668601 0.006256 0.0119824 0.00835495 0.00596964 0.00844083 0.0101267 0.0100578 0.00600997 0.0101592 0.0077442 0.00760987 0.0103801 0.00798159 0.00746693 0.0078786 0.0135794 0.00800661 0.0101668 0.00982855 0.00822671 0.00992573 0.00798597 0.00805462 0.00876574 
Throughputs: 1.17965 0.999424 0.98304 1.06496 0.999424 0.999424 1.06496 1.21242 1.09773 1.21242 1.49094 0.98304 1.04858 1.3271 1.24518 1.29434 1.19603 1.08134 1.03219 1.42541 1.09773 1.39264 1.14688 0.999424 1.16326 1.04858 1.04858 1.1305 1.16326 1.21242 1.03219 1.01581 1.1305 1.03219 0.917504 1.26157 1.42541 1.09773 1.27795 0.868352 
Utility: 4.96536 4.78162 4.79071 4.62784 4.45929 4.85507 5.17357 4.79602 4.54445 5.26688 4.83466 4.40616 4.87776 5.11366 4.65646 5.26574 5.25322 4.50252 4.81659 5.47553 4.86792 4.92379 4.73645 5.11376 4.74061 4.90824 4.92574 4.69052 4.98185 5.08989 4.87529 4.31488 4.95014 4.62031 4.53637 5.03272 4.96708 4.92331 5.06677 4.59575 

--------------------------------------
Time: 15.5037
Split Ratios: 1 1 1 0.056 0.944 0.096 0.904 1 1 1 0.15 0.01 0.84 1 0.034 0.082 0.884 0.818 0.182 1 1 0.91 0.09 1 0.986 0.014 1 0.998 1 1 0.968 0.032 0.163 0.837 1 1 1 1 1 1 1 1 1 1 0.83 0.047 0.047 0.076 1 1 1 1 0.195 0.805 1 
Delays: 0.00837883 0.00831996 0.00789679 0.0106556 0.0114674 0.00775593 0.00603212 0.00996742 0.0117251 0.00606254 0.0119907 0.0118923 0.00800277 0.00791088 0.0117202 0.00677241 0.00665735 0.011811 0.00846745 0.00596673 0.00849249 0.00987784 0.00963221 0.00589274 0.00999186 0.00775207 0.00750269 0.0109615 0.00803172 0.00757119 0.00762595 0.0135773 0.00787712 0.0103961 0.00993349 0.00826934 0.0102375 0.0079188 0.00804463 0.00934938 
Throughputs: 1.21242 1.11411 0.98304 1.11411 1.11411 1.04858 1.11411 1.03219 1.06496 1.26157 1.39264 1.04858 1.11411 1.04858 1.06496 1.3271 1.16326 1.19603 1.11411 1.24518 1.11411 1.19603 0.999424 1.09773 0.868352 1.16326 1.06496 1.09773 1.06496 1.24518 1.04858 0.90112 1.11411 1.19603 1.03219 1.19603 1.3271 1.16326 1.26157 0.98304 
Utility: 4.97466 4.89716 4.82419 4.64973 4.57631 4.90673 5.21871 4.64012 4.50896 5.33798 4.75483 4.4793 4.93602 4.88695 4.50938 5.2779 5.16326 4.61774 4.87958 5.34084 4.87663 4.79647 4.64207 5.22728 4.46483 5.01102 4.95543 4.60661 4.88729 5.10269 4.92363 4.19524 4.95185 4.74533 4.64353 4.97421 4.86469 4.98975 5.05511 4.65534 

--------------------------------------
Time: 16.0039
Split Ratios: 1 1 1 0.056 0.944 0.096 0.904 1 1 1 0.15 0.01 0.84 1 0.034 0.082 0.884 0.818 0.182 1 1 0.91 0.09 1 0.986 0.014 1 0.998 1 1 0.968 0.032 0.163 0.837 1 1 1 1 1 1 1 1 1 1 0.83 0.047 0.047 0.076 1 1 1 1 0.195 0.805 1 
Delays: 0.00820534 0.00886038 0.00799775 0.0106432 0.0116699 0.00771273 0.00606706 0.0100467 0.0117808 0.00635977 0.0116368 0.012236 0.00832653 0.00786267 0.0117945 0.00679063 0.00663431 0.0123308 0.00874003 0.00598469 0.00884077 0.00994755 0.00977897 0.00613287 0.010139 0.00769167 0.0075321 0.0105639 0.00796789 0.00749854 0.00789343 0.0138623 0.00825158 0.0101739 0.00987486 0.00841409 0.0100626 0.00790901 0.00806797 0.00922849 
Throughputs: 1.17965 1.3271 0.753664 1.3271 1.01581 0.950272 1.01581 1.03219 1.09773 1.1305 1.11411 1.3271 1.27795 1.16326 1.24518 1.29434 1.06496 1.5401 0.950272 1.1305 1.17965 1.1305 1.2288 0.999424 0.917504 1.06496 1.34349 1.3271 1.3271 1.11411 1.06496 0.933888 1.26157 1.19603 0.98304 1.24518 1.3271 1.08134 1.44179 1.19603 
Utility: 4.96819 5.00917 4.54579 4.82583 4.46643 4.81388 5.12057 4.6322 4.53452 5.18042 4.56164 4.68637 5.03357 4.99686 4.65941 5.25021 5.07844 4.8275 4.68883 5.24121 4.8936 4.73309 4.83356 5.09352 4.50527 4.93055 5.18385 4.83331 5.11533 5.0011 4.90466 4.21018 5.02971 4.76694 4.60066 4.99713 4.88192 4.91796 5.18574 4.86447 

--------------------------------------
Time: 16.5044
Split Ratios: 1 1 1 0.056 0.944 0.096 0.904 1 1 1 0.15 0.01 0.84 1 0.034 0.082 0.884 0.818 0.182 1 1 0.91 0.09 1 0.986 0.014 1 0.998 1 1 0.968 0.032 0.163 0.837 1 1 1 1 1 1 1 1 1 1 0.83 0.047 0.047 0.076 1 1 1 1 0.195 0.805 1 
Delays: 0.00825623 0.00862137 0.00790127 0.0103191 0.0116538 0.0078897 0.00620948 0.0101167 0.0117751 0.00640002 0.0114947 0.0123382 0.00794671 0.0078869 0.0117406 0.00654753 0.00676806 0.0123395 0.00857636 0.00596496 0.0089034 0.00999305 0.00974428 0.005814 0.0102738 0.0078597 0.00751577 0.010297 0.00809878 0.0074892 0.00783309 0.0139612 0.00799579 0.0101116 0.00987883 0.00836137 0.00981423 0.00811999 0.00808034 0.00867636 
Throughputs: 1.26157 1.14688 0.802816 1.39264 1.11411 1.1305 1.08134 1.16326 1.06496 1.37626 1.27795 1.29434 0.851968 1.16326 1.26157 0.950272 1.11411 1.08134 0.999424 1.17965 1.08134 0.917504 1.26157 0.917504 1.09773 0.98304 1.3271 1.01581 1.2288 1.11411 1.09773 1.31072 1.16326 1.29434 1.04858 1.01581 1.34349 0.98304 1.45818 1.09773 
Utility: 5.02914 4.89056 4.6211 4.90496 4.56018 4.96485 5.15988 4.7448 4.5047 5.37082 4.71113 4.65306 4.67479 4.99378 4.67706 4.97766 5.1036 4.47315 4.75817 5.28707 4.79953 4.51977 4.86343 5.06139 4.6714 4.8289 5.17375 4.59158 5.02208 5.00235 4.94264 4.54205 4.98007 4.85207 4.66479 4.79982 4.91919 4.79632 5.19551 4.8404 

--------------------------------------
Time: 17.0045
Split Ratios: 1 1 1 0.056 0.944 0.096 0.904 1 1 1 0.15 0.01 0.84 1 0.034 0.082 0.884 0.818 0.182 1 1 0.91 0.09 1 0.986 0.014 1 0.998 1 1 0.968 0.032 0.163 0.837 1 1 1 1 1 1 1 1 1 1 0.83 0.047 0.047 0.076 1 1 1 1 0.195 0.805 1 
Delays: 0.00833218 0.0089745 0.00821519 0.0115339 0.0114838 0.00773615 0.00613991 0.0101226 0.011663 0.00627962 0.0117609 0.0115301 0.00793548 0.00791631 0.0116972 0.00691357 0.00746262 0.0118643 0.00922304 0.00604616 0.00853862 0.00987652 0.00964399 0.00599768 0.0101356 0.00779366 0.00759102 0.0111338 0.00803252 0.00756621 0.00767921 0.0137622 0.00804788 0.0101488 0.00996449 0.00823628 0.00975952 0.00791307 0.00794603 0.00972692 
Throughputs: 1.14688 1.19603 1.31072 1.26157 0.933888 1.06496 1.01581 1.08134 1.06496 1.39264 1.29434 1.08134 1.04858 1.08134 1.04858 1.29434 1.19603 1.16326 0.999424 1.21242 1.03219 1.3271 1.04858 1.11411 1.04858 1.11411 1.26157 1.21242 1.08134 1.26157 0.98304 1.27795 1.35987 1.27795 1.03219 1.14688 0.8192 0.950272 1.31072 1.2288 
Utility: 4.92468 4.89238 5.07235 4.69482 4.39842 4.92479 5.10863 4.67119 4.51427 5.40165 4.70098 4.541 4.88384 4.91703 4.49584 5.23227 5.07686 4.58545 4.68547 5.30095 4.79484 4.90059 4.68885 5.22444 4.63913 4.9625 5.11314 4.69038 4.90246 5.11642 4.85213 4.53109 5.12974 4.83566 4.64041 4.93625 4.43008 4.78823 5.10566 4.8389 

--------------------------------------
Time: 17.5046
Split Ratios: 1 1 1 0.056 0.944 0.096 0.904 1 1 1 0.15 0.01 0.84 1 0.034 0.082 0.884 0.818 0.182 1 1 0.91 0.09 1 0.986 0.014 1 0.998 1 1 0.968 0.032 0.163 0.837 1 1 1 1 1 1 1 1 1 1 0.83 0.047 0.047 0.076 1 1 1 1 0.195 0.805 1 
Delays: 0.00814728 0.00855302 0.00790659 0.0100336 0.0116343 0.00779392 0.00597846 0.0101581 0.0118297 0.00618165 0.0115095 0.0120401 0.00818659 0.0079854 0.0116359 0.00635367 0.00635664 0.012316 0.00835699 0.00583626 0.00849016 0.00988815 0.00973976 0.0058244 0.0100998 0.0078106 0.00752962 0.0101899 0.00777694 0.00747508 0.007884 0.0137718 0.00811517 0.0101364 0.00987708 0.00799107 0.00997008 0.00816584 0.00785106 0.00844475 
Throughputs: 1.11411 1.34349 0.933888 1.06496 1.08134 1.31072 1.21242 0.917504 1.04858 1.09773 1.17965 1.26157 1.03219 0.999424 0.999424 1.2288 0.90112 1.16326 1.06496 1.2288 0.966656 1.19603 1.24518 1.03219 1.08134 1.01581 1.24518 1.21242 0.933888 1.2288 1.24518 1.1305 0.90112 1.37626 1.11411 1.04858 1.35987 1.09773 1.04858 0.704512 
Utility: 4.91813 5.05674 4.77166 4.66475 4.532 5.12499 5.31221 4.50339 4.48457 5.17941 4.6298 4.65187 4.83694 4.82956 4.45308 5.26476 4.95414 4.54809 4.84759 5.3497 4.73494 4.79543 4.85082 5.17738 4.67344 4.86796 5.10819 4.77897 4.78819 5.10222 5.0622 4.40779 4.7099 4.91099 4.7256 4.87686 4.91556 4.90104 4.89454 4.42396 

--------------------------------------
Time: 18.0047
Split Ratios: 1 1 1 0.056 0.944 0.096 0.904 1 1 1 0.15 0.01 0.84 1 0.034 0.082 0.884 0.818 0.182 1 1 0.91 0.09 1 0.986 0.014 1 0.998 1 1 0.968 0.032 0.163 0.837 1 1 1 1 1 1 1 1 1 1 0.83 0.047 0.047 0.076 1 1 1 1 0.195 0.805 1 
Delays: 0.00821909 0.00869209 0.00811294 0.0106502 0.0114 0.00779555 0.00607195 0.00979832 0.0115006 0.00668128 0.0119346 0.0117859 0.00787904 0.00792246 0.0119035 0.00682587 0.0068055 0.0120053 0.00855986 0.0060843 0.0086268 0.0100692 0.00984677 0.00599994 0.0100481 0.00794278 0.00753232 0.0103713 0.00789942 0.00750913 0.0078283 0.0135765 0.00805725 0.0101955 0.0098107 0.0085611 0.00982944 0.00784733 0.00787085 0.00932163 
Throughputs: 1.08134 1.01581 0.8192 1.29434 0.98304 1.2288 1.26157 1.1305 1.03219 1.3271 1.42541 1.06496 1.1305 0.90112 1.16326 1.14688 1.2288 0.868352 1.03219 1.42541 1.03219 1.3271 1.26157 1.03219 0.98304 1.06496 1.11411 1.04858 1.14688 1.19603 1.14688 1.11411 1.16326 1.27795 1.06496 1.16326 1.35987 0.98304 1.2288 1.50733 
Utility: 4.8795 4.76103 4.61487 4.80018 4.45703 5.06024 5.33643 4.7482 4.49704 5.29145 4.78277 4.50378 4.96621 4.73394 4.58215 5.12408 5.19606 4.28125 4.79236 5.4565 4.78457 4.88127 4.85297 5.14769 4.58327 4.89843 4.99661 4.61614 4.97801 5.07065 4.98705 4.40747 4.97241 4.83106 4.68722 4.91176 4.92976 4.83048 5.05063 5.08576 

--------------------------------------
Time: 18.5048
Split Ratios: 1 1 1 0.056 0.944 0.096 0.904 1 1 1 0.15 0.01 0.84 1 0.034 0.082 0.884 0.818 0.182 1 1 0.91 0.09 1 0.986 0.014 1 0.998 1 1 0.968 0.032 0.163 0.837 1 1 1 1 1 1 1 1 1 1 0.83 0.047 0.047 0.076 1 1 1 1 0.195 0.805 1 
Delays: 0.00814718 0.00891719 0.00829486 0.0103123 0.0115499 0.00776716 0.00616424 0.0100075 0.0117094 0.00614757 0.0116182 0.0119405 0.00797937 0.00781517 0.0120223 0.00662384 0.00635804 0.0120621 0.00857158 0.00598558 0.00852228 0.0101002 0.00961182 0.00585438 0.0103871 0.00782475 0.00753567 0.0104065 0.00792657 0.00752503 0.00782782 0.0137179 0.00804635 0.0100432 0.00989503 0.008493 0.0100266 0.00804527 0.00795957 0.00884506 
Throughputs: 0.933888 1.14688 1.19603 1.17965 1.14688 1.06496 0.999424 1.08134 1.31072 0.98304 1.24518 1.11411 1.24518 1.26157 1.04858 0.966656 1.37626 1.14688 1.09773 1.34349 0.917504 1.27795 1.19603 0.950272 1.01581 1.2288 1.31072 1.21242 1.24518 1.1305 0.90112 1.19603 1.17965 1.47456 1.27795 1.27795 1.14688 1.04858 1.26157 1.03219 
Utility: 4.74168 4.85682 4.97113 4.73963 4.59812 4.92079 5.08841 4.68262 4.71794 5.07459 4.67446 4.53587 5.05018 5.08404 4.46842 4.98317 5.3774 4.55473 4.85255 5.41367 4.67897 4.84046 4.82377 5.08956 4.58288 5.0565 5.15868 4.75794 5.05682 5.01218 4.74595 4.46806 4.98775 4.98922 4.86098 5.01377 4.73956 4.8701 5.06574 4.75958 

--------------------------------------
Time: 19.0049
Split Ratios: 1 1 1 0.056 0.944 0.096 0.904 1 1 1 0.15 0.01 0.84 1 0.034 0.082 0.884 0.818 0.182 1 1 0.91 0.09 1 0.986 0.014 1 0.998 1 1 0.968 0.032 0.163 0.837 1 1 1 1 1 1 1 1 1 1 0.83 0.047 0.047 0.076 1 1 1 1 0.195 0.805 1 
Delays: 0.00829452 0.00857951 0.00793587 0.0103006 0.0115714 0.00770561 0.00600762 0.0100823 0.0118933 0.00625368 0.0117826 0.01222 0.00779291 0.0079477 0.0117052 0.00644402 0.00623619 0.0121989 0.0085219 0.005837 0.00894126 0.00993781 0.00969844 0.00620746 0.0103231 0.00766268 0.00752618 0.0103303 0.00797431 0.00750513 0.00791702 0.0140838 0.00802668 0.0102496 0.00979686 0.00846853 0.00988879 0.00813931 0.00791098 0.00911375 
Throughputs: 1.34349 1.09773 0.966656 1.21242 1.19603 1.11411 1.11411 0.999424 1.03219 1.24518 0.933888 1.27795 0.917504 1.08134 0.933888 1.04858 0.835584 1.16326 1.06496 1.08134 1.17965 1.14688 0.90112 1.21242 1.37626 0.999424 1.37626 1.39264 1.14688 1.08134 1.08134 1.04858 1.1305 1.37626 1.24518 1.2288 0.933888 0.884736 1.2288 0.999424 
Utility: 5.08743 4.85162 4.80245 4.76817 4.63823 4.97386 5.22278 4.5964 4.46346 5.29387 4.37274 4.64994 4.76844 4.91308 4.37932 5.09204 4.89776 4.55764 4.82805 5.22174 4.88229 4.74845 4.53167 5.27462 4.89274 4.87082 5.20873 4.90388 4.96857 4.97037 4.91694 4.31016 4.94764 4.89988 4.84498 4.97744 4.54796 4.68858 5.04554 4.69739 

--------------------------------------
Time: 19.5049
Split Ratios: 1 1 1 0.056 0.944 0.096 0.904 1 1 1 0.15 0.01 0.84 1 0.034 0.082 0.884 0.818 0.182 1 1 0.91 0.09 1 0.986 0.014 1 0.998 1 1 0.968 0.032 0.163 0.837 1 1 1 1 1 1 1 1 1 1 0.83 0.047 0.047 0.076 1 1 1 1 0.195 0.805 1 
Delays: 0.00836043 0.00902195 0.00811319 0.0108206 0.0114425 0.0077278 0.00598172 0.0100343 0.0117629 0.00635067 0.0117033 0.0118707 0.00808573 0.0078396 0.0118698 0.00666343 0.00710305 0.0123308 0.00892217 0.0059001 0.00881667 0.00993273 0.00971193 0.00604629 0.0100301 0.00797706 0.00748887 0.0105775 0.00819541 0.00749073 0.00779319 0.0138072 0.00797067 0.0102059 0.00983676 0.00847952 0.00995941 0.00810751 0.00805991 0.00870595 
Throughputs: 1.16326 1.2288 1.39264 1.45818 0.917504 0.950272 1.03219 1.27795 1.21242 1.19603 1.08134 1.27795 1.16326 0.90112 1.16326 1.1305 0.933888 0.999424 1.08134 1.17965 0.950272 1.21242 1.1305 1.11411 1.06496 1.1305 1.2288 1.26157 1.26157 0.966656 0.950272 0.884736 1.17965 1.44179 1.29434 1.24518 1.2288 1.03219 1.50733 1.09773 
Utility: 4.93548 4.91413 5.14547 4.90349 4.38433 4.81192 5.15073 4.847 4.63542 5.2382 4.52609 4.67894 4.96888 4.74445 4.58499 5.13378 4.87883 4.39508 4.79742 5.298 4.6801 4.80454 4.75706 5.21637 4.6651 4.95384 5.10038 4.78138 5.03654 4.86018 4.8035 4.1601 4.9972 4.95068 4.87963 4.98939 4.81528 4.84665 5.23119 4.83699 

--------------------------------------
Time: 20.005
Split Ratios: 1 1 1 0.056 0.944 0.096 0.904 1 1 1 0.15 0.01 0.84 1 0.034 0.082 0.884 0.818 0.182 1 1 0.91 0.09 1 0.986 0.014 1 0.998 1 1 0.968 0.032 0.163 0.837 1 1 1 1 1 1 1 1 1 1 0.83 0.047 0.047 0.076 1 1 1 1 0.195 0.805 1 
Delays: 0.00820633 0.00880695 0.00798338 0.0108396 0.0116194 0.00779703 0.00607163 0.00990418 0.0115446 0.0061394 0.011653 0.011675 0.00786432 0.00801928 0.0119851 0.00677557 0.00657333 0.0119072 0.00874498 0.00607311 0.00863027 0.0102231 0.00970745 0.0057601 0.0104487 0.00785924 0.0076803 0.0105705 0.00783023 0.00751432 0.00779606 0.0135804 0.00816878 0.0102935 0.00974178 0.00827382 0.0100063 0.00801481 0.0079509 0.00917884 
Throughputs: 1.09773 1.21242 1.19603 1.31072 0.933888 1.17965 1.24518 0.98304 0.868352 1.14688 1.19603 1.2288 1.01581 1.3271 1.2288 1.14688 0.90112 1.21242 1.19603 1.35987 0.933888 1.16326 1.37626 1.09773 1.1305 1.27795 1.26157 1.14688 1.09773 1.24518 0.98304 0.98304 1.29434 0.950272 1.03219 1.08134 1.14688 0.933888 1.11411 1.17965 
Utility: 4.89609 4.92483 5.0094 4.79513 4.38668 5.01923 5.32341 4.59769 4.32038 5.23007 4.6312 4.65634 4.8611 5.10891 4.63013 5.13148 4.92062 4.62322 4.91828 5.41127 4.68408 4.73434 4.95423 5.25004 4.68394 5.09132 5.10145 4.68674 4.94301 5.11023 4.83703 4.28202 5.06543 4.52523 4.66302 4.87286 4.74159 4.75806 4.94253 4.85607 

--------------------------------------
Time: 20.5051
Split Ratios: 1 1 1 0.056 0.944 0.096 0.904 1 1 1 0.15 0.01 0.84 1 0.034 0.082 0.884 0.818 0.182 1 1 0.91 0.09 1 0.986 0.014 1 0.998 1 1 0.968 0.032 0.163 0.837 1 1 1 1 1 1 1 1 1 1 0.83 0.047 0.047 0.076 1 1 1 1 0.195 0.805 1 
Delays: 0.00828635 0.00856678 0.00808356 0.0105613 0.0116556 0.00783141 0.00597149 0.0101979 0.0119419 0.0061146 0.0116506 0.0120338 0.00812257 0.00804406 0.0118997 0.0065883 0.00626626 0.0122149 0.00857164 0.00603149 0.00871294 0.00993597 0.00960307 0.00602142 0.0104987 0.00780395 0.00746201 0.0106353 0.00793289 0.00752282 0.00784794 0.0139105 0.00802783 0.0102157 0.0101647 0.00836481 0.00983754 0.00833888 0.00794574 0.00890502 
Throughputs: 1.49094 1.35987 1.09773 1.31072 1.17965 1.04858 1.21242 0.98304 1.09773 1.37626 0.999424 1.19603 1.16326 1.19603 1.2288 1.04858 1.1305 1.31072 1.06496 1.2288 0.90112 1.03219 1.09773 0.999424 1.21242 0.884736 1.44179 0.835584 1.17965 1.27795 1.09773 1.31072 1.2288 1.19603 1.17965 1.08134 1.17965 1.2288 1.26157 0.98304 
Utility: 5.19255 5.06725 4.91117 4.82114 4.61718 4.89705 5.31337 4.56847 4.52095 5.41644 4.45182 4.59904 4.96434 5.00183 4.63728 5.06989 5.19523 4.67568 4.82223 5.3168 4.63883 4.64328 4.73891 5.11186 4.74912 4.73066 5.26382 4.36395 5.00195 5.13507 4.94075 4.54569 5.03088 4.76284 4.75405 4.86193 4.78677 4.99286 5.06748 4.70403 

--------------------------------------
Time: 21.0054
Split Ratios: 1 1 1 0.056 0.944 0.096 0.904 1 1 1 0.15 0.01 0.84 1 0.034 0.082 0.884 0.818 0.182 1 1 0.91 0.09 1 0.986 0.014 1 0.998 1 1 0.968 0.032 0.163 0.837 1 1 1 1 1 1 1 1 1 1 0.83 0.047 0.047 0.076 1 1 1 1 0.195 0.805 1 
Delays: 0.0083223 0.00886819 0.00781198 0.0104325 0.0116199 0.0078068 0.00595271 0.0102884 0.0116293 0.00626792 0.0118723 0.0123089 0.00818245 0.00799535 0.011717 0.00688712 0.00681909 0.012151 0.00867627 0.00595038 0.0088331 0.00981631 0.0096914 0.0059448 0.0100926 0.00776812 0.00749637 0.0104952 0.007934 0.00753264 0.00772835 0.0139645 0.00815642 0.0103491 0.00987401 0.008297 0.00990293 0.00798346 0.00784927 0.0089374 
Throughputs: 1.17965 1.06496 1.08134 1.11411 1.19603 1.09773 1.16326 0.851968 1.14688 1.31072 1.35987 1.3271 1.26157 1.04858 1.03219 1.17965 1.06496 1.21242 0.917504 1.06496 1.09773 1.11411 1.09773 1.14688 1.2288 1.16326 1.44179 1.35987 1.01581 1.09773 1.17965 1.11411 1.26157 1.17965 1.34349 1.3271 1.21242 0.966656 1.06496 0.950272 
Utility: 4.95403 4.78822 4.9303 4.67089 4.63405 4.946 5.27514 4.41653 4.59128 5.34289 4.74094 4.68043 5.03812 4.87633 4.4784 5.14332 5.05097 4.60296 4.66107 5.18724 4.82249 4.73177 4.72976 5.26228 4.80199 5.00896 5.25922 4.86422 4.85228 4.98175 5.02808 4.37929 5.0413 4.73607 4.91312 5.07486 4.80754 4.79647 4.91027 4.6665 

--------------------------------------
Time: 21.5054
Split Ratios: 1 1 1 0.056 0.944 0.096 0.904 1 1 1 0.15 0.01 0.84 1 0.034 0.082 0.884 0.818 0.182 1 1 0.91 0.09 1 0.986 0.014 1 0.998 1 1 0.968 0.032 0.163 0.837 1 1 1 1 1 1 1 1 1 1 0.83 0.047 0.047 0.076 1 1 1 1 0.195 0.805 1 
Delays: 0.00804107 0.00880955 0.00806845 0.0106711 0.0115033 0.00758545 0.00589687 0.0102368 0.0116277 0.00629439 0.0117058 0.0119101 0.00803849 0.00790834 0.0117416 0.00668389 0.00683224 0.0118882 0.00901779 0.0058898 0.00827269 0.0103039 0.00971576 0.00603873 0.0102291 0.00780303 0.0076122 0.0104587 0.00802365 0.00746764 0.00776587 0.0140891 0.00830841 0.0101861 0.00983832 0.00814059 0.0099761 0.00784695 0.00797935 0.0091675 
Throughputs: 1.16326 1.31072 1.37626 1.26157 1.09773 1.14688 1.06496 0.950272 1.01581 1.24518 0.950272 1.40902 1.16326 1.03219 0.98304 1.34349 1.26157 0.98304 1.17965 1.27795 0.999424 1.2288 1.17965 1.09773 0.884736 0.999424 1.37626 1.27795 1.2288 1.03219 0.917504 1.11411 1.21242 1.29434 0.868352 1.01581 1.17965 1.04858 1.1305 1.06496 
Utility: 4.97442 5.0025 5.13916 4.77257 4.55836 5.01857 5.19627 4.53076 4.47005 5.28738 4.39666 4.77326 4.97474 4.87152 4.42751 5.30332 5.21846 4.4151 4.87377 5.37979 4.79422 4.78127 4.79922 5.2028 4.46005 4.85267 5.19737 4.80558 5.0314 4.92886 4.77192 4.37041 4.9831 4.84473 4.48031 4.82658 4.77278 4.89506 4.95355 4.75503 

--------------------------------------
Time: 22.0059
Split Ratios: 1 1 1 0.056 0.944 0.096 0.904 1 1 1 0.15 0.01 0.84 1 0.034 0.082 0.884 0.818 0.182 1 1 0.91 0.09 1 0.986 0.014 1 0.998 1 1 0.968 0.032 0.163 0.837 1 1 1 1 1 1 1 1 1 1 0.83 0.047 0.047 0.076 1 1 1 1 0.195 0.805 1 
Delays: 0.00843348 0.00858671 0.00804733 0.0107057 0.0116097 0.00771725 0.00611847 0.0101907 0.0118313 0.00620995 0.0114363 0.0115486 0.00779492 0.00776151 0.0116749 0.00684469 0.00680868 0.0123068 0.00878978 0.00604347 0.00861794 0.010153 0.00954751 0.00588457 0.0104623 0.00775258 0.00746443 0.0106641 0.00822219 0.00743225 0.00792575 0.0138784 0.00781695 0.0101692 0.00978339 0.00828288 0.0101242 0.00802415 0.00810547 0.00932025 
Throughputs: 1.21242 1.29434 0.90112 1.2288 0.90112 0.868352 1.09773 1.04858 1.08134 1.17965 1.17965 1.21242 1.03219 1.14688 1.14688 1.1305 1.21242 1.50733 1.03219 1.11411 1.14688 1.06496 1.44179 1.2288 1.01581 1.08134 1.14688 1.16326 1.42541 0.966656 0.999424 1.19603 1.04858 1.29434 0.966656 1.2288 0.933888 1.19603 1.70394 1.09773 
Utility: 4.96816 5.01554 4.7183 4.74302 4.3518 4.72314 5.18969 4.63371 4.51521 5.24682 4.63618 4.6538 4.88597 4.99562 4.58736 5.10694 5.18217 4.80794 4.76585 5.21683 4.89095 4.65292 5.01736 5.34146 4.57567 4.93793 5.03465 4.6921 5.15538 4.86801 4.83706 4.45643 4.89889 4.84639 4.59316 4.9996 4.52443 5.00431 5.34816 4.76881 

--------------------------------------
Time: 22.5059
Split Ratios: 1 1 1 0.056 0.944 0.096 0.904 1 1 1 0.15 0.01 0.84 1 0.034 0.082 0.884 0.818 0.182 1 1 0.91 0.09 1 0.986 0.014 1 0.998 1 1 0.968 0.032 0.163 0.837 1 1 1 1 1 1 1 1 1 1 0.83 0.047 0.047 0.076 1 1 1 1 0.195 0.805 1 
Delays: 0.00814616 0.00843409 0.00788208 0.010415 0.0116974 0.00778153 0.0061629 0.00996348 0.0116559 0.00625597 0.0117626 0.012558 0.0080106 0.00793091 0.0119046 0.00671595 0.00664417 0.0121772 0.00860628 0.00610395 0.00865295 0.00986395 0.00964083 0.00577512 0.0101744 0.00789977 0.00746394 0.0106649 0.00816242 0.00746436 0.0079226 0.0137851 0.00794486 0.0103069 0.00989066 0.00816681 0.00995363 0.00798182 0.00828565 0.00889664 
Throughputs: 1.26157 0.933888 0.98304 1.14688 0.999424 1.1305 1.09773 1.04858 1.39264 1.08134 1.40902 1.09773 1.14688 1.16326 1.29434 0.917504 1.16326 1.14688 0.966656 1.26157 1.11411 1.1305 1.01581 1.17965 1.09773 1.2288 1.09773 1.3271 1.45818 1.09773 1.03219 1.24518 1.09773 1.16326 1.19603 1.19603 1.21242 1.1305 1.21242 0.950272 
Utility: 5.04256 4.70707 4.82606 4.70155 4.44781 4.97866 5.18245 4.65626 4.78315 5.15242 4.78573 4.47064 4.96403 4.98822 4.68883 4.91717 5.16524 4.54524 4.72135 5.33117 4.85791 4.74153 4.65743 5.31941 4.68112 5.04696 4.99091 4.8238 5.1854 4.99086 4.86972 4.50345 4.92847 4.72617 4.79517 4.98669 4.80243 4.95325 4.98585 4.67107 

--------------------------------------
Time: 23.0062
Split Ratios: 1 1 1 0.056 0.944 0.096 0.904 1 1 1 0.15 0.01 0.84 1 0.034 0.082 0.884 0.818 0.182 1 1 0.91 0.09 1 0.986 0.014 1 0.998 1 1 0.968 0.032 0.163 0.837 1 1 1 1 1 1 1 1 1 1 0.83 0.047 0.047 0.076 1 1 1 1 0.195 0.805 1 
Delays: 0.00834216 0.00876829 0.00815381 0.0108963 0.0116612 0.00777589 0.00607413 0.0100101 0.0119515 0.00634212 0.0119273 0.0123606 0.00792909 0.00773646 0.0119763 0.00682503 0.00745273 0.0119797 0.00915922 0.00597745 0.00876592 0.00991453 0.00954801 0.00602997 0.0101857 0.00788846 0.00753174 0.0112406 0.00787128 0.00748814 0.00786469 0.0138363 0.00822652 0.0102432 0.00991068 0.00829051 0.00996379 0.00809769 0.00797846 0.00956068 
Throughputs: 1.37626 1.26157 1.14688 1.37626 0.950272 1.09773 0.966656 1.1305 1.19603 1.19603 1.11411 1.06496 1.37626 0.98304 1.14688 1.08134 1.37626 0.999424 1.09773 1.21242 0.868352 1.06496 0.98304 1.11411 1.01581 1.24518 1.45818 1.06496 1.1305 1.16326 0.868352 1.14688 1.27795 1.42541 0.933888 1.21242 1.16326 1.2288 1.11411 1.14688 
Utility: 5.1058 4.96897 4.94632 4.83869 4.40048 4.94997 5.0698 4.72682 4.6059 5.23955 4.53698 4.45618 5.15658 4.84471 4.56187 5.06536 5.21854 4.42396 4.78624 5.31238 4.59573 4.67669 4.63432 5.21907 4.60246 5.06164 5.26582 4.55116 4.96719 5.04566 4.70421 4.4175 5.04565 4.9356 4.54574 4.98526 4.76003 5.02222 4.93907 4.78714 

--------------------------------------
Time: 23.5063
Split Ratios: 1 1 1 0.056 0.944 0.096 0.904 1 1 1 0.15 0.01 0.84 1 0.034 0.082 0.884 0.818 0.182 1 1 0.91 0.09 1 0.986 0.014 1 0.998 1 1 0.968 0.032 0.163 0.837 1 1 1 1 1 1 1 1 1 1 0.83 0.047 0.047 0.076 1 1 1 1 0.195 0.805 1 
Delays: 0.00824573 0.00871093 0.00810395 0.0105861 0.0112857 0.0077926 0.00613124 0.0097605 0.0116618 0.00622554 0.0115017 0.0117551 0.0078056 0.00790024 0.0120988 0.00688267 0.00679449 0.0118538 0.00854458 0.00599953 0.00861778 0.00991584 0.00959393 0.00590814 0.010182 0.0079514 0.00753798 0.0108633 0.00793407 0.00747391 0.00781796 0.0137113 0.00793323 0.0101407 0.00984104 0.00852932 0.0100596 0.00808391 0.00806265 0.00909689 
Throughputs: 1.19603 1.34349 1.04858 1.31072 0.933888 0.90112 0.999424 0.868352 1.17965 1.3271 1.14688 0.999424 1.17965 1.06496 1.16326 0.999424 1.14688 1.03219 0.98304 1.55648 0.868352 0.966656 1.01581 1.09773 1.24518 1.21242 1.26157 1.2288 1.39264 1.06496 1.35987 1.17965 1.27795 1.31072 1.06496 1.01581 1.3271 0.950272 1.37626 1.17965 
Utility: 4.97707 5.03845 4.86284 4.81879 4.41582 4.75046 5.09378 4.48825 4.61666 5.36209 4.6023 4.44289 5.01813 4.9038 4.56588 4.97817 5.12869 4.46679 4.74535 5.5585 4.61277 4.57971 4.66231 5.22467 4.80642 5.02702 5.12016 4.7284 5.16779 4.95927 5.15872 4.45475 5.08195 4.86177 4.68413 4.77993 4.88223 4.76687 5.13988 4.86504 

--------------------------------------
Time: 24.0065
Split Ratios: 1 1 1 0.056 0.944 0.096 0.904 1 1 1 0.15 0.01 0.84 1 0.034 0.082 0.884 0.818 0.182 1 1 0.91 0.09 1 0.986 0.014 1 0.998 1 1 0.968 0.032 0.163 0.837 1 1 1 1 1 1 1 1 1 1 0.83 0.047 0.047 0.076 1 1 1 1 0.195 0.805 1 
Delays: 0.00844687 0.00845505 0.00797734 0.010163 0.0115294 0.00779477 0.00623139 0.00993912 0.0117322 0.00629147 0.0117804 0.0119198 0.00840451 0.00781691 0.0117883 0.00658589 0.00638815 0.012223 0.00878847 0.00603982 0.00871175 0.0101436 0.00970418 0.00606256 0.0104719 0.0076853 0.00748479 0.0104399 0.00801534 0.00747138 0.00796002 0.0140155 0.00811916 0.0102603 0.00974298 0.00821988 0.0100042 0.00784729 0.00805047 0.00860009 
Throughputs: 1.40902 1.16326 0.933888 1.3271 0.966656 1.14688 0.884736 0.884736 1.04858 1.09773 1.24518 1.29434 1.17965 1.2288 1.1305 1.04858 1.27795 1.21242 1.06496 1.31072 0.933888 1.09773 1.27795 0.98304 1.06496 1.03219 1.06496 1.1305 1.31072 1.16326 0.933888 1.17965 1.34349 1.1305 0.884736 1.24518 1.3271 0.868352 1.11411 1.01581 
Utility: 5.11686 4.92422 4.76275 4.872 4.42894 4.99135 4.95569 4.48881 4.49285 5.1618 4.6606 4.68755 4.9442 5.0575 4.56331 5.07026 5.29857 4.59705 4.79725 5.37996 4.67468 4.68415 4.88046 5.08852 4.622 4.90013 4.95782 4.68477 5.09697 5.04791 4.76492 4.43281 5.1088 4.70213 4.50874 5.02048 4.88775 4.70643 4.93008 4.77167 

--------------------------------------
Time: 24.507
Split Ratios: 1 1 1 0.056 0.944 0.096 0.904 1 1 1 0.15 0.01 0.84 1 0.034 0.082 0.884 0.818 0.182 1 1 0.91 0.09 1 0.986 0.014 1 0.998 1 1 0.968 0.032 0.163 0.837 1 1 1 1 1 1 1 1 1 1 0.83 0.047 0.047 0.076 1 1 1 1 0.195 0.805 1 
Delays: 0.00827359 0.00861064 0.00819907 0.0105891 0.0114764 0.00774878 0.00597116 0.010152 0.0118476 0.00630813 0.0119742 0.01209 0.00826471 0.00790214 0.0117003 0.00714431 0.00692761 0.0120464 0.00900373 0.00590181 0.00876659 0.00987446 0.00959644 0.0058961 0.0103329 0.00775788 0.00755188 0.0106819 0.00788255 0.00751713 0.00779611 0.0140818 0.0080752 0.0101144 0.00985823 0.00831829 0.0101212 0.00809371 0.00789311 0.00917561 
Throughputs: 1.2288 1.16326 0.884736 1.2288 1.09773 1.08134 1.06496 1.14688 1.21242 1.08134 1.19603 1.26157 0.950272 1.42541 1.01581 0.98304 1.11411 1.21242 1.14688 1.11411 1.06496 1.21242 1.09773 1.08134 1.06496 0.98304 1.17965 1.1305 1.2288 1.14688 1.03219 1.40902 1.31072 1.24518 0.98304 0.90112 1.16326 1.14688 1.31072 1.45818 
Utility: 5.00072 4.90599 4.68127 4.75397 4.56071 4.93842 5.18375 4.72712 4.62825 5.14412 4.60401 4.64774 4.74475 5.19508 4.46382 4.92433 5.0803 4.6116 4.84716 5.24055 4.79974 4.81042 4.73961 5.21167 4.63536 4.84194 5.05117 4.66186 5.04914 5.02762 4.88581 4.60577 5.08953 4.81307 4.60234 4.68518 4.74435 4.95371 5.11234 5.06839 

--------------------------------------
Time: 25.007
Split Ratios: 1 1 1 0.056 0.944 0.096 0.904 1 1 1 0.15 0.01 0.84 1 0.034 0.082 0.884 0.818 0.182 1 1 0.91 0.09 1 0.986 0.014 1 0.998 1 1 0.968 0.032 0.163 0.837 1 1 1 1 1 1 1 1 1 1 0.83 0.047 0.047 0.076 1 1 1 1 0.195 0.805 1 
Delays: 0.0084023 0.00839737 0.00795057 0.0105878 0.0117345 0.00764068 0.00593144 0.0101359 0.0118231 0.00612246 0.0117484 0.0114585 0.00793212 0.00780294 0.0114453 0.00683714 0.00679862 0.0120826 0.00881462 0.00590754 0.00880833 0.0100824 0.00978452 0.00613043 0.0102685 0.0078064 0.00748761 0.0103579 0.00802161 0.00747894 0.00808935 0.0139601 0.00814053 0.0101699 0.00997328 0.00837181 0.00989267 0.00814415 0.00800129 0.00921661 
Throughputs: 1.29434 1.08134 0.999424 1.27795 1.11411 1.03219 1.21242 0.98304 0.966656 1.31072 1.40902 1.2288 1.08134 0.868352 1.08134 1.21242 1.09773 1.26157 0.999424 1.24518 1.06496 1.06496 1.31072 1.29434 1.27795 1.06496 1.35987 1.2288 1.01581 1.11411 1.2288 1.37626 1.24518 1.1305 1.1305 1.35987 1.01581 0.851968 1.24518 1.26157 
Utility: 5.03725 4.85804 4.83394 4.79331 4.55328 4.90595 5.3201 4.57456 4.40379 5.36637 4.78694 4.67506 4.91504 4.7121 4.54838 5.178 5.08428 4.64834 4.73077 5.35081 4.795 4.6599 4.89753 5.35249 4.82393 4.91575 5.2019 4.77605 4.8413 5.00372 5.02325 4.59092 5.03018 4.71098 4.7305 5.09028 4.63165 4.65025 5.04744 4.9191 

--------------------------------------
Time: 25.507
Split Ratios: 1 1 1 0.056 0.944 0.096 0.904 1 1 1 0.15 0.01 0.84 1 0.034 0.082 0.884 0.818 0.182 1 1 0.91 0.09 1 0.986 0.014 1 0.998 1 1 0.968 0.032 0.163 0.837 1 1 1 1 1 1 1 1 1 1 0.83 0.047 0.047 0.076 1 1 1 1 0.195 0.805 1 
Delays: 0.00810781 0.00884917 0.00815309 0.0110161 0.0114266 0.00779374 0.00584514 0.0102692 0.0118447 0.00633775 0.0116117 0.0120952 0.00795774 0.00805924 0.0118096 0.0071045 0.00727435 0.0121608 0.00910943 0.00593517 0.00891176 0.00992692 0.00979534 0.0059487 0.0102952 0.00786751 0.00746389 0.011048 0.00773888 0.00750841 0.00794764 0.0139517 0.00801922 0.0100851 0.00993298 0.00850211 0.0100782 0.00800874 0.00782219 0.00959511 
Throughputs: 1.09773 1.26157 1.34349 1.19603 1.24518 1.1305 0.950272 1.2288 1.06496 1.2288 1.26157 1.1305 1.1305 1.1305 0.950272 1.34349 1.2288 1.11411 1.06496 1.31072 1.11411 1.08134 1.08134 1.08134 1.01581 1.03219 1.01581 1.16326 0.73728 1.31072 1.17965 1.11411 1.19603 1.31072 1.21242 1.03219 1.16326 1.17965 1.16326 1.14688 
Utility: 4.90817 4.95979 5.10463 4.68741 4.69109 4.97709 5.09114 4.78464 4.49881 5.26727 4.6881 4.53761 4.95627 4.94359 4.38784 5.2423 5.12944 4.51759 4.76138 5.39744 4.82844 4.69071 4.70405 5.20279 4.59177 4.8767 4.91336 4.65674 4.55671 5.16231 5.0001 4.38021 5.00492 4.86727 4.80451 4.79913 4.74861 4.99244 5.00202 4.78355 

--------------------------------------
Time: 26.0073
Split Ratios: 1 1 1 0.056 0.944 0.096 0.904 1 1 1 0.15 0.01 0.84 1 0.034 0.082 0.884 0.818 0.182 1 1 0.91 0.09 1 0.986 0.014 1 0.998 1 1 0.968 0.032 0.163 0.837 1 1 1 1 1 1 1 1 1 1 0.83 0.047 0.047 0.076 1 1 1 1 0.195 0.805 1 
Delays: 0.00802385 0.0087066 0.00807915 0.0107869 0.0113571 0.00777626 0.00601308 0.0102405 0.011729 0.00643258 0.0117529 0.0118972 0.00789999 0.00815942 0.0115479 0.00671021 0.00711813 0.0120247 0.00910796 0.0059836 0.00844342 0.0100247 0.0097358 0.00592625 0.0101383 0.00781356 0.00754916 0.0108971 0.00796888 0.00754855 0.0078238 0.0138283 0.00807086 0.0101459 0.00999598 0.00835294 0.00985666 0.0079944 0.00781113 0.00951391 
Throughputs: 1.1305 1.06496 1.06496 1.35987 1.17965 1.06496 1.24518 0.868352 1.11411 1.26157 1.24518 1.17965 1.16326 1.21242 1.09773 1.17965 1.14688 1.26157 1.21242 1.3271 1.03219 1.31072 1.24518 1.14688 1.27795 1.14688 1.17965 1.19603 0.933888 1.27795 1.16326 1.21242 1.3271 1.37626 1.29434 1.21242 1.09773 0.933888 1.09773 1.09773 
Utility: 4.94799 4.80661 4.88141 4.83681 4.64313 4.91962 5.3331 4.44025 4.55375 5.27873 4.66294 4.59667 4.99212 5.0012 4.55449 5.16934 5.08216 4.65315 4.89122 5.40173 4.80605 4.87328 4.85123 5.26541 4.83669 4.98894 5.05154 4.69827 4.76381 5.13166 5.00181 4.47365 5.10249 4.91005 4.86357 4.97776 4.71285 4.76062 4.94545 4.74824 

--------------------------------------
Time: 26.5076
Split Ratios: 1 1 1 0.056 0.944 0.096 0.904 1 1 1 0.15 0.01 0.84 1 0.034 0.082 0.884 0.818 0.182 1 1 0.91 0.09 1 0.986 0.014 1 0.998 1 1 0.968 0.032 0.163 0.837 1 1 1 1 1 1 1 1 1 1 0.83 0.047 0.047 0.076 1 1 1 1 0.195 0.805 1 
Delays: 0.00834001 0.00882555 0.00812155 0.0108276 0.0116524 0.00764977 0.00612827 0.010029 0.0118473 0.00637754 0.0118289 0.0121515 0.00813136 0.00802446 0.0118048 0.00694699 0.00683065 0.0120015 0.0089453 0.00609979 0.00868247 0.00993055 0.00956807 0.00610556 0.0104523 0.00776204 0.00744042 0.0107204 0.00849957 0.00750757 0.00766412 0.0139272 0.00816282 0.0106167 0.00977057 0.00857987 0.00985719 0.00810023 0.00814699 0.00922039 
Throughputs: 1.37626 1.31072 0.950272 1.21242 0.999424 1.01581 0.966656 1.2288 1.09773 1.34349 1.27795 1.26157 1.09773 1.17965 1.27795 1.45818 1.21242 1.29434 0.851968 1.26157 0.90112 1.01581 1.21242 1.16326 1.24518 0.98304 1.14688 1.29434 1.31072 1.2288 0.90112 1.11411 1.42541 1.29434 0.868352 1.2288 1.16326 1.1305 1.31072 1.16326 
Utility: 5.10606 5.00068 4.76223 4.71827 4.45167 4.88876 5.06093 4.80832 4.5289 5.35024 4.68247 4.64266 4.90527 4.99048 4.68451 5.34663 5.17895 4.68072 4.55642 5.33186 4.64233 4.62782 4.84194 5.24979 4.78022 4.84141 5.03787 4.7936 5.03832 5.09788 4.76709 4.38197 5.16262 4.80332 4.48722 4.96437 4.77078 4.93852 5.08068 4.83757 

--------------------------------------
Time: 27.0078
Split Ratios: 1 1 1 0.056 0.944 0.096 0.904 1 1 1 0.15 0.01 0.84 1 0.034 0.082 0.884 0.818 0.182 1 1 0.91 0.09 1 0.986 0.014 1 0.998 1 1 0.968 0.032 0.163 0.837 1 1 1 1 1 1 1 1 1 1 0.83 0.047 0.047 0.076 1 1 1 1 0.195 0.805 1 
Delays: 0.00835952 0.00914179 0.00813771 0.0106584 0.0116024 0.00777895 0.00606936 0.0108736 0.0120908 0.00639361 0.0118749 0.0128905 0.00803658 0.00799991 0.011809 0.00683622 0.00661293 0.0126921 0.0092606 0.00611735 0.00963874 0.0100589 0.00977848 0.00592425 0.0103326 0.00754837 0.00749723 0.0106873 0.00796164 0.00748455 0.00781978 0.0138213 0.00824742 0.0102436 0.00983503 0.00838679 0.0101823 0.00816874 0.00813076 0.00951506 
Throughputs: 1.31072 1.2288 1.08134 1.27795 1.1305 0.835584 1.1305 1.29434 1.24518 1.35987 1.39264 1.19603 1.26157 1.11411 1.06496 1.37626 1.06496 1.19603 1.01581 1.3271 1.42541 1.19603 0.950272 1.08134 1.2288 0.98304 1.16326 1.42541 1.39264 1.08134 1.24518 1.16326 1.17965 1.16326 1.06496 1.14688 1.17965 0.950272 1.16326 0.90112 
Utility: 5.05493 4.90094 4.88945 4.78667 4.5792 4.67671 5.22716 4.77942 4.6346 5.35985 4.76453 4.53027 5.05611 4.93638 4.50183 5.30489 5.08167 4.54578 4.69767 5.37962 4.99642 4.77831 4.57656 5.20691 4.77849 4.86932 5.04445 4.89315 5.16432 4.97312 5.07038 4.43278 4.96307 4.73233 4.68474 4.91814 4.75233 4.75643 4.96333 4.55076 

--------------------------------------
Time: 27.5082
Split Ratios: 1 1 1 0.056 0.944 0.096 0.904 1 1 1 0.15 0.01 0.84 1 0.034 0.082 0.884 0.818 0.182 1 1 0.91 0.09 1 0.986 0.014 1 0.998 1 1 0.968 0.032 0.163 0.837 1 1 1 1 1 1 1 1 1 1 0.83 0.047 0.047 0.076 1 1 1 1 0.195 0.805 1 
Delays: 0.00835511 0.00852352 0.00783017 0.0107306 0.0117902 0.00770421 0.0058252 0.009823 0.0116422 0.00618873 0.0115281 0.0119932 0.00789658 0.00800364 0.0118592 0.00742969 0.00704382 0.0120558 0.00867203 0.00606316 0.00843653 0.00987857 0.00961124 0.00597961 0.0101938 0.00769523 0.00752119 0.0106237 0.00812387 0.00758736 0.00780529 0.0138042 0.00811548 0.00993336 0.0100518 0.00827972 0.00989936 0.00777469 0.00800676 0.00925389 
Throughputs: 0.999424 1.08134 1.06496 1.52371 1.01581 1.08134 0.966656 0.999424 0.966656 1.09773 1.2288 1.11411 0.851968 1.34349 0.966656 1.21242 0.98304 1.19603 0.950272 1.37626 0.917504 1.2288 1.34349 1.26157 1.24518 1.06496 1.08134 1.08134 1.11411 1.06496 1.29434 1.1305 1.04858 1.08134 1.1305 1.21242 1.09773 0.90112 1.39264 1.19603 
Utility: 4.78431 4.84313 4.91271 4.95581 4.45617 4.94419 5.11165 4.62245 4.41921 5.17827 4.66901 4.53147 4.68112 5.12313 4.40074 5.09489 4.9385 4.59722 4.69665 5.42489 4.68909 4.82343 4.94009 5.35175 4.80526 4.93009 4.96824 4.62287 4.92101 4.94421 5.11095 4.40544 4.86141 4.69006 4.72266 4.98656 4.70853 4.75277 5.15867 4.86172 

--------------------------------------
Time: 28.0082
Split Ratios: 1 1 1 0.056 0.944 0.096 0.904 1 1 1 0.15 0.01 0.84 1 0.034 0.082 0.884 0.818 0.182 1 1 0.91 0.09 1 0.986 0.014 1 0.998 1 1 0.968 0.032 0.163 0.837 1 1 1 1 1 1 1 1 1 1 0.83 0.047 0.047 0.076 1 1 1 1 0.195 0.805 1 
Delays: 0.00837219 0.00913925 0.00793144 0.0106837 0.0114692 0.00767531 0.00590261 0.0100676 0.0119421 0.00620562 0.01201 0.0122988 0.00820557 0.00804522 0.011762 0.00656043 0.00630849 0.0120391 0.00842104 0.00596848 0.00868855 0.00997933 0.00957064 0.005877 0.0101104 0.0077569 0.00754062 0.0103497 0.00784103 0.00750754 0.00789078 0.0139508 0.00804192 0.0105016 0.00994268 0.00829785 0.0101339 0.00796098 0.0077972 0.00886175 
Throughputs: 1.14688 1.16326 1.01581 1.21242 1.04858 0.98304 0.868352 0.835584 1.06496 1.45818 1.21242 1.29434 1.19603 1.21242 1.19603 1.1305 1.35987 0.966656 1.31072 1.3271 1.01581 1.31072 1.04858 0.8192 1.01581 0.851968 1.29434 1.1305 1.06496 1.16326 0.966656 1.03219 1.08134 1.35987 1.26157 0.999424 1.29434 0.999424 1.21242 1.08134 
Utility: 4.91988 4.84641 4.85261 4.73165 4.51552 4.85264 4.9912 4.41881 4.49062 5.45949 4.61463 4.65625 4.98195 5.01529 4.62189 5.14936 5.37325 4.38568 5.0476 5.40426 4.76143 4.87782 4.69649 4.93728 4.60988 4.69897 5.14545 4.69346 4.91132 5.04308 4.80815 4.30391 4.90129 4.86362 4.84327 4.79118 4.84986 4.83263 5.04661 4.80422 

--------------------------------------
Time: 28.5086
Split Ratios: 1 1 1 0.056 0.944 0.096 0.904 1 1 1 0.15 0.01 0.84 1 0.034 0.082 0.884 0.818 0.182 1 1 0.91 0.09 1 0.986 0.014 1 0.998 1 1 0.968 0.032 0.163 0.837 1 1 1 1 1 1 1 1 1 1 0.83 0.047 0.047 0.076 1 1 1 1 0.195 0.805 1 
Delays: 0.00817792 0.00867941 0.00796131 0.0107729 0.0113895 0.00777202 0.00606913 0.0101584 0.0120789 0.00637743 0.0118511 0.0123204 0.00799627 0.00809784 0.0118894 0.00703666 0.00704201 0.0126422 0.00908188 0.0058515 0.00904297 0.00977363 0.00960763 0.00590646 0.0101416 0.00775725 0.00753029 0.0108215 0.00791834 0.00748382 0.0077566 0.0139038 0.00814106 0.010471 0.00990615 0.00848621 0.00986093 0.00797861 0.00792068 0.00930206 
Throughputs: 1.26157 1.3271 1.21242 1.29434 1.09773 0.999424 1.11411 1.06496 1.14688 1.24518 1.2288 1.37626 1.1305 1.08134 1.16326 1.24518 1.01581 1.16326 1.06496 1.1305 1.1305 1.26157 0.999424 1.26157 1.11411 1.01581 1.24518 1.39264 1.11411 1.19603 1.16326 1.04858 1.1305 1.34349 1.42541 1.1305 1.16326 1.04858 1.21242 0.98304 
Utility: 5.03867 5.0298 5.02578 4.78872 4.56831 4.85665 5.2126 4.65239 4.55334 5.27427 4.64137 4.71586 4.95144 4.89436 4.58333 5.1759 4.97155 4.52195 4.76441 5.26371 4.82842 4.86042 4.64462 5.36406 4.69916 4.87481 5.10811 4.85742 4.94663 5.07402 5.01044 4.32303 4.93349 4.85442 4.96906 4.89197 4.7704 4.87842 5.03089 4.66041 

--------------------------------------
Time: 29.0086
Split Ratios: 1 1 1 0.056 0.944 0.096 0.904 1 1 1 0.15 0.01 0.84 1 0.034 0.082 0.884 0.818 0.182 1 1 0.91 0.09 1 0.986 0.014 1 0.998 1 1 0.968 0.032 0.163 0.837 1 1 1 1 1 1 1 1 1 1 0.83 0.047 0.047 0.076 1 1 1 1 0.195 0.805 1 
Delays: 0.00832858 0.00835308 0.00802359 0.0103638 0.0115084 0.00772585 0.00604188 0.0101513 0.0116609 0.00638239 0.0118085 0.0119108 0.00814746 0.00804488 0.0116486 0.00644546 0.00662492 0.0121686 0.00866678 0.00596237 0.00845167 0.00989191 0.0096458 0.00594256 0.0102971 0.00791743 0.0075773 0.0109834 0.00800584 0.00753194 0.00765783 0.0139284 0.00800953 0.0101498 0.00998427 0.00808134 0.0100039 0.00814207 0.00795463 0.00881893 
Throughputs: 1.16326 1.21242 1.11411 1.1305 0.98304 1.08134 1.27795 0.933888 1.03219 1.1305 1.14688 1.16326 1.1305 1.03219 0.868352 1.14688 1.29434 1.14688 1.06496 1.19603 0.917504 0.851968 1.24518 1.11411 0.917504 1.11411 1.14688 1.14688 1.31072 0.98304 0.966656 1.26157 1.19603 1.19603 1.17965 1.31072 1.55648 1.29434 1.06496 0.90112 
Utility: 4.93929 4.97774 4.93343 4.6921 4.44757 4.94139 5.3543 4.52175 4.4832 5.17687 4.57598 4.58154 4.93271 4.8544 4.31141 5.18142 5.27491 4.54594 4.8112 5.3013 4.68729 4.45583 4.86052 5.23367 4.48979 4.94675 5.01964 4.64842 5.09816 4.8715 4.83811 4.50618 5.00613 4.76931 4.77196 5.08877 5.04721 5.06871 4.89694 4.62674 

--------------------------------------
Time: 29.5086
Split Ratios: 1 1 1 0.056 0.944 0.096 0.904 1 1 1 0.15 0.01 0.84 1 0.034 0.082 0.884 0.818 0.182 1 1 0.91 0.09 1 0.986 0.014 1 0.998 1 1 0.968 0.032 0.163 0.837 1 1 1 1 1 1 1 1 1 1 0.83 0.047 0.047 0.076 1 1 1 1 0.195 0.805 1 
Delays: 0.00830699 0.00860568 0.00815214 0.0104454 0.0116733 0.00776937 0.00591396 0.0100234 0.0117957 0.00597959 0.0115733 0.0119231 0.00798957 0.00822452 0.0118079 0.00706231 0.00692068 0.0125483 0.00853236 0.00598652 0.00865099 0.010241 0.0098461 0.00601992 0.0102267 0.0080031 0.00749137 0.0106524 0.00798643 0.00757376 0.00794871 0.0137416 0.00814649 0.0099629 0.0100311 0.00829345 0.00991145 0.00825198 0.00793962 0.0088716 
Throughputs: 1.44179 1.24518 1.06496 1.24518 1.11411 1.09773 1.03219 1.17965 0.999424 1.26157 1.24518 1.2288 1.24518 1.2288 1.27795 1.16326 1.11411 1.24518 1.08134 1.04858 1.01581 1.24518 1.01581 1.08134 1.03219 1.31072 1.19603 1.44179 1.27795 1.2288 1.08134 1.14688 0.999424 1.03219 1.42541 1.1305 1.19603 1.17965 1.14688 1.09773 
Utility: 5.15654 4.97462 4.87241 4.78087 4.55851 4.95081 5.16212 4.76805 4.43945 5.35176 4.67834 4.63532 5.0489 5.00667 4.68424 5.10421 5.0813 4.59746 4.84209 5.16568 4.76577 4.80064 4.63636 5.19089 4.61443 5.0985 5.07301 4.90786 5.07527 5.0891 4.91295 4.42438 4.80959 4.64057 4.95652 4.91495 4.79307 4.96252 4.97294 4.81814 

--------------------------------------
Time: 30.0087
Split Ratios: 1 1 1 0.056 0.944 0.096 0.904 1 1 1 0.15 0.01 0.84 1 0.034 0.082 0.884 0.818 0.182 1 1 0.91 0.09 1 0.986 0.014 1 0.998 1 1 0.968 0.032 0.163 0.837 1 1 1 1 1 1 1 1 1 1 0.83 0.047 0.047 0.076 1 1 1 1 0.195 0.805 1 
Delays: 0.00812436 0.00887437 0.00842515 0.0108999 0.0113404 0.00775187 0.00611211 0.0101748 0.0116329 0.00610932 0.0116191 0.0118336 0.00813164 0.00798536 0.0118496 0.0068338 0.00669372 0.012158 0.00866729 0.00602287 0.0083035 0.0101556 0.00966577 0.00596941 0.0100478 0.00794739 0.00743607 0.0104427 0.00806666 0.00753339 0.00770994 0.0139101 0.00792529 0.0102895 0.0097992 0.00815711 0.0101926 0.00793978 0.00807482 0.0088243 
Throughputs: 1.34349 1.24518 0.999424 1.19603 1.1305 1.2288 1.04858 0.917504 0.933888 1.03219 1.09773 1.2288 0.90112 1.04858 1.1305 0.98304 1.39264 1.3271 1.1305 1.11411 0.917504 0.966656 1.08134 1.24518 0.98304 1.17965 1.19603 1.04858 1.21242 1.19603 1.06496 1.52371 1.31072 0.90112 1.17965 1.06496 1.31072 0.98304 1.1305 1.16326 
Utility: 5.10816 4.94387 4.77596 4.69801 4.60204 5.06586 5.14492 4.50175 4.38552 5.12962 4.54835 4.64285 4.70788 4.87758 4.55812 4.96877 5.33779 4.69277 4.87086 5.22025 4.70498 4.55582 4.71737 5.34039 4.5833 5.00013 5.08042 4.60928 5.01263 5.06742 4.92818 4.69629 5.10827 4.47252 4.79067 4.8718 4.85667 4.81876 4.94166 4.88148 

--------------------------------------
Time: 30.509
Split Ratios: 1 1 1 0.056 0.944 0.096 0.904 1 1 1 0.15 0.01 0.84 1 0.034 0.082 0.884 0.818 0.182 1 1 0.91 0.09 1 0.986 0.014 1 0.998 1 1 0.968 0.032 0.163 0.837 1 1 1 1 1 1 1 1 1 1 0.83 0.047 0.047 0.076 1 1 1 1 0.195 0.805 1 
Delays: 0.00823481 0.00853702 0.00825813 0.0110326 0.0117822 0.00777422 0.00598357 0.0101251 0.0117031 0.00612164 0.0118149 0.0119082 0.00805175 0.00810693 0.011848 0.00718922 0.00740103 0.0121868 0.00947026 0.0059285 0.008255 0.0103705 0.00966695 0.00599587 0.0101618 0.00768647 0.00747903 0.0109353 0.00793985 0.00749818 0.00786186 0.0139895 0.00810005 0.0104114 0.00995618 0.00810053 0.00990076 0.00800228 0.00804713 0.00894309 
Throughputs: 1.35987 1.19603 1.2288 1.09773 1.04858 0.90112 1.16326 0.98304 1.08134 1.16326 1.39264 1.17965 1.06496 1.09773 1.24518 1.49094 1.24518 1.14688 1.27795 1.21242 1.17965 1.35987 1.16326 1.11411 1.16326 0.999424 1.16326 1.29434 1.31072 1.06496 1.42541 1.34349 1.03219 1.08134 1.11411 1.08134 1.27795 1.14688 1.27795 1.08134 
Utility: 5.10678 4.94235 5.00259 4.60014 4.4886 4.75283 5.26997 4.57563 4.52611 5.24716 4.7696 4.59575 4.8848 4.90828 4.65488 5.33458 5.12542 4.54445 4.90486 5.3206 4.96215 4.87618 4.79027 5.22474 4.74035 4.86772 5.04688 4.77376 5.10644 4.95603 5.20019 4.56472 4.84757 4.64306 4.71762 4.89403 4.8604 4.96507 5.0677 4.79508 

--------------------------------------
Time: 31.0091
Split Ratios: 1 1 1 0.056 0.944 0.096 0.904 1 1 1 0.15 0.01 0.84 1 0.034 0.082 0.884 0.818 0.182 1 1 0.91 0.09 1 0.986 0.014 1 0.998 1 1 0.968 0.032 0.163 0.837 1 1 1 1 1 1 1 1 1 1 0.83 0.047 0.047 0.076 1 1 1 1 0.195 0.805 1 
Delays: 0.00835968 0.00858712 0.00792558 0.0102708 0.011313 0.00770756 0.00591182 0.00988712 0.0117924 0.00652648 0.0116945 0.0120635 0.00802383 0.00788565 0.0118074 0.00655678 0.00659876 0.0121547 0.0086771 0.00589009 0.00914175 0.0100231 0.00980078 0.00587474 0.0101601 0.00779585 0.00754262 0.0101506 0.00782758 0.00759592 0.00787288 0.0138986 0.00792878 0.0102218 0.00978037 0.00853518 0.00967828 0.00834002 0.00793137 0.008841 
Throughputs: 1.29434 0.950272 0.950272 1.14688 1.03219 0.98304 0.835584 0.868352 1.34349 1.14688 1.39264 0.999424 1.26157 1.11411 0.999424 1.11411 1.2288 1.06496 1.16326 1.17965 1.03219 1.34349 1.11411 0.999424 1.11411 1.03219 1.08134 1.01581 1.04858 1.11411 1.27795 1.19603 1.04858 1.44179 1.04858 1.40902 1.1305 1.09773 0.950272 1.16326 
Utility: 5.04233 4.70648 4.78665 4.71549 4.51348 4.84845 4.95118 4.47536 4.73557 5.16893 4.77984 4.41699 5.05769 4.95077 4.43845 5.13531 5.22691 4.47297 4.8983 5.2997 4.72659 4.89814 4.73335 5.13652 4.69734 4.88585 4.96539 4.6059 4.89754 4.9882 5.08959 4.45498 4.88469 4.94912 4.67481 5.10646 4.76053 4.87993 4.78592 4.87958 

--------------------------------------
Time: 31.5091
Split Ratios: 1 1 1 0.056 0.944 0.096 0.904 1 1 1 0.15 0.01 0.84 1 0.034 0.082 0.884 0.818 0.182 1 1 0.91 0.09 1 0.986 0.014 1 0.998 1 1 0.968 0.032 0.163 0.837 1 1 1 1 1 1 1 1 1 1 0.83 0.047 0.047 0.076 1 1 1 1 0.195 0.805 1 
Delays: 0.00817888 0.00863071 0.00819417 0.0110275 0.011447 0.0077302 0.00594439 0.010218 0.0116404 0.00608241 0.011612 0.0118149 0.00810768 0.00787116 0.0115073 0.00715383 0.00650802 0.0119099 0.00886843 0.00590143 0.00837783 0.0102276 0.00984005 0.0059433 0.010099 0.00780908 0.00746559 0.0107616 0.00792108 0.00746059 0.00797907 0.0137666 0.00801742 0.0101175 0.00982035 0.00801989 0.00977572 0.00777373 0.00791818 0.00941081 
Throughputs: 1.2288 1.21242 0.966656 1.03219 0.851968 1.09773 1.24518 1.09773 1.17965 1.09773 1.27795 1.2288 1.08134 1.08134 1.03219 1.09773 1.17965 1.04858 1.14688 1.06496 0.950272 1.29434 1.29434 1.1305 0.786432 1.08134 1.21242 1.2288 1.08134 1.26157 1.08134 1.16326 1.27795 0.884736 1.19603 1.08134 1.39264 1.06496 1.37626 1.09773 
Utility: 5.01224 4.94504 4.77042 4.53905 4.30982 4.95586 5.34459 4.67685 4.61849 5.1956 4.70097 4.64443 4.89315 4.92275 4.49646 5.03335 5.19994 4.47782 4.8623 5.1955 4.73116 4.84066 4.87929 5.24815 4.35507 4.93067 5.09007 4.73781 4.91643 5.13048 4.90914 4.43674 5.0714 4.47103 4.80231 4.90404 4.95905 4.91994 5.15796 4.75914 

--------------------------------------
Time: 32.0093
Split Ratios: 1 1 1 0.056 0.944 0.096 0.904 1 1 1 0.15 0.01 0.84 1 0.034 0.082 0.884 0.818 0.182 1 1 0.91 0.09 1 0.986 0.014 1 0.998 1 1 0.968 0.032 0.163 0.837 1 1 1 1 1 1 1 1 1 1 0.83 0.047 0.047 0.076 1 1 1 1 0.195 0.805 1 
Delays: 0.00834474 0.00927379 0.0081946 0.0104567 0.0117025 0.00792899 0.00604013 0.0103136 0.0116303 0.00615077 0.0116804 0.0123439 0.00806924 0.00795962 0.0121264 0.00678883 0.00659696 0.0121873 0.00862319 0.00581132 0.00886884 0.00991171 0.00974526 0.00591115 0.0103622 0.00807359 0.00745085 0.0105261 0.00783221 0.00756302 0.0077645 0.0137463 0.00796289 0.0101941 0.00978723 0.00822202 0.00990278 0.00799518 0.0078358 0.00899749 
Throughputs: 1.29434 1.37626 1.16326 1.37626 1.1305 1.27795 0.98304 0.999424 1.08134 1.1305 1.3271 1.16326 1.21242 1.14688 1.29434 1.04858 1.06496 1.06496 1.2288 1.26157 1.21242 1.06496 1.17965 0.966656 0.917504 1.34349 1.19603 1.24518 1.19603 1.03219 1.19603 1.24518 1.3271 1.39264 0.98304 1.08134 1.21242 1.14688 1.2288 0.950272 
Utility: 5.04412 4.99993 4.95551 4.87988 4.57061 5.08249 5.09222 4.57371 4.53235 5.21383 4.73285 4.54582 5.01231 4.97042 4.67037 5.03991 5.08408 4.4703 4.95934 5.3803 4.91783 4.67698 4.79619 5.097 4.48349 5.11443 5.07844 4.77318 5.02852 4.91617 5.0372 4.50627 5.11596 4.91715 4.60957 4.87914 4.80755 4.96596 5.05509 4.6598 

--------------------------------------
Time: 32.5095
Split Ratios: 1 1 1 0.056 0.944 0.096 0.904 1 1 1 0.15 0.01 0.84 1 0.034 0.082 0.884 0.818 0.182 1 1 0.91 0.09 1 0.986 0.014 1 0.998 1 1 0.968 0.032 0.163 0.837 1 1 1 1 1 1 1 1 1 1 0.83 0.047 0.047 0.076 1 1 1 1 0.195 0.805 1 
Delays: 0.00841416 0.00855506 0.008003 0.0102043 0.0116547 0.00781443 0.00613238 0.00999104 0.011733 0.00602551 0.0119432 0.0122077 0.00800433 0.00796039 0.01211 0.00649281 0.00660637 0.0121178 0.00824719 0.00614674 0.00852279 0.00993853 0.00963441 0.00604942 0.0102438 0.00773776 0.00748147 0.0105163 0.0080494 0.00743537 0.00774663 0.0138562 0.0080027 0.0103406 0.00976392 0.00823339 0.0102077 0.00792958 0.00795196 0.00856737 
Throughputs: 1.35987 1.3271 0.999424 1.04858 1.06496 1.19603 0.98304 0.98304 1.11411 1.26157 1.40902 1.16326 0.966656 0.950272 1.01581 1.11411 1.34349 0.966656 1.16326 1.29434 1.03219 1.09773 1.06496 1.09773 1.01581 1.03219 0.98304 0.999424 1.26157 1.29434 0.999424 1.17965 0.917504 1.26157 1.04858 1.08134 1.09773 0.98304 1.09773 0.999424 
Utility: 5.08523 5.04423 4.82736 4.63238 4.51499 5.03079 5.07707 4.58896 4.55341 5.34411 4.77049 4.55692 4.79386 4.78227 4.42941 5.14512 5.31499 4.37917 4.94911 5.34983 4.7967 4.70458 4.70535 5.20104 4.59677 4.89333 4.87822 4.55425 5.05451 5.1595 4.85992 4.44424 4.74188 4.80403 4.67649 4.87776 4.67786 4.82005 4.92758 4.75922 

--------------------------------------
Time: 33.0097
Split Ratios: 1 1 1 0.056 0.944 0.096 0.904 1 1 1 0.15 0.01 0.84 1 0.034 0.082 0.884 0.818 0.182 1 1 0.91 0.09 1 0.986 0.014 1 0.998 1 1 0.968 0.032 0.163 0.837 1 1 1 1 1 1 1 1 1 1 0.83 0.047 0.047 0.076 1 1 1 1 0.195 0.805 1 
Delays: 0.00824901 0.00908167 0.0083227 0.0103762 0.0113269 0.00770878 0.00591846 0.0100321 0.0116741 0.00626963 0.0116707 0.0119414 0.00800954 0.00829443 0.011611 0.00657102 0.00657832 0.0119056 0.00850135 0.00590555 0.00843795 0.00984503 0.00965863 0.00590816 0.0100172 0.00780225 0.00749221 0.0105244 0.00769308 0.0075098 0.00790274 0.0138003 0.00795627 0.0102885 0.00980668 0.00813862 0.0103728 0.00800098 0.00801042 0.00888321 
Throughputs: 1.29434 1.17965 1.03219 1.19603 0.884736 0.851968 1.04858 0.966656 0.917504 1.06496 1.40902 1.16326 1.1305 1.2288 1.06496 1.09773 1.19603 1.14688 1.09773 1.16326 1.17965 1.01581 0.933888 1.27795 0.950272 1.01581 1.06496 1.11411 0.884736 1.09773 1.01581 1.21242 1.19603 1.09773 1.17965 1.16326 1.2288 1.26157 1.21242 1.19603 
Utility: 5.05566 4.86671 4.82045 4.74725 4.35811 4.70519 5.17711 4.56805 4.36429 5.13498 4.79357 4.57897 4.94978 4.99821 4.51874 5.11833 5.20299 4.56779 4.86077 5.28309 4.94023 4.63647 4.5715 5.37668 4.55245 4.86903 4.95683 4.66212 4.74497 4.98479 4.85623 4.47568 5.0128 4.66998 4.78991 4.96236 4.7746 5.06055 5.01963 4.9026 

--------------------------------------
Time: 33.5104
Split Ratios: 1 1 1 0.056 0.944 0.096 0.904 1 1 1 0.15 0.01 0.84 1 0.034 0.082 0.884 0.818 0.182 1 1 0.91 0.09 1 0.986 0.014 1 0.998 1 1 0.968 0.032 0.163 0.837 1 1 1 1 1 1 1 1 1 1 0.83 0.047 0.047 0.076 1 1 1 1 0.195 0.805 1 
Delays: 0.00824704 0.00847428 0.00796609 0.0108549 0.0114689 0.00779828 0.00598426 0.0102258 0.0120505 0.00609764 0.011808 0.0119158 0.008169 0.00789223 0.0115 0.00672742 0.00690482 0.0122729 0.00894803 0.00587576 0.00873985 0.0099707 0.00961869 0.00593354 0.0101988 0.00779021 0.007481 0.0107317 0.00786572 0.00754819 0.00779591 0.0137424 0.00804128 0.010128 0.0100283 0.00811496 0.0100101 0.0082667 0.00799337 0.00892035 
Throughputs: 1.27795 1.1305 0.98304 1.26157 1.09773 1.19603 0.90112 1.2288 0.884736 0.98304 1.14688 1.55648 1.01581 1.2288 0.950272 0.999424 1.04858 1.08134 1.31072 1.17965 0.933888 1.17965 1.11411 1.17965 1.09773 0.770048 1.06496 1.45818 1.29434 0.884736 1.06496 0.933888 0.98304 1.27795 1.1305 1.11411 1.2288 1.06496 1.2288 1.29434 
Utility: 5.04316 4.89338 4.81546 4.75549 4.56136 5.03286 5.01451 4.78888 4.29618 5.08275 4.57602 4.87232 4.82309 5.04791 4.4144 5.00099 5.02297 4.47857 4.9869 5.30214 4.67146 4.77332 4.75211 5.29235 4.67872 4.59359 4.95833 4.91174 5.10324 4.76398 4.91709 4.21887 4.80606 4.83771 4.725 4.9221 4.8102 4.85846 5.03518 4.97742 

--------------------------------------
Time: 34.0104
Split Ratios: 1 1 1 0.056 0.944 0.096 0.904 1 1 1 0.15 0.01 0.84 1 0.034 0.082 0.884 0.818 0.182 1 1 0.91 0.09 1 0.986 0.014 1 0.998 1 1 0.968 0.032 0.163 0.837 1 1 1 1 1 1 1 1 1 1 0.83 0.047 0.047 0.076 1 1 1 1 0.195 0.805 1 
Delays: 0.00832543 0.00861208 0.00804084 0.0110751 0.0117187 0.00778249 0.006007 0.0101932 0.0118438 0.0063259 0.0114645 0.011878 0.00779286 0.00799246 0.011655 0.00768379 0.00705504 0.0121807 0.0093999 0.00600343 0.00848701 0.00999926 0.00974514 0.00594112 0.0100203 0.00779965 0.00758631 0.0108 0.00811364 0.00752709 0.00790735 0.0138501 0.00803515 0.0102578 0.0099469 0.00823601 0.0099373 0.00795409 0.0080716 0.00955027 
Throughputs: 0.950272 1.42541 1.09773 1.2288 1.08134 1.14688 1.29434 1.04858 1.2288 1.50733 1.17965 1.29434 1.1305 1.3271 1.1305 1.16326 1.21242 1.17965 1.3271 1.39264 1.01581 1.21242 1.16326 1.19603 0.884736 1.16326 1.31072 1.08134 1.31072 0.966656 1.06496 1.24518 1.14688 1.3271 1.2288 1.11411 1.26157 1.14688 1.27795 1.29434 
Utility: 4.73743 5.10905 4.91646 4.70909 4.52478 4.99292 5.37283 4.63347 4.64199 5.47344 4.63372 4.69106 4.9772 5.11226 4.57468 5.01987 5.14663 4.57312 4.95006 5.44663 4.7849 4.79786 4.78222 5.30487 4.48068 5.00491 5.15199 4.60641 5.08479 4.85533 4.9029 4.49874 4.96097 4.86272 4.81653 4.9073 4.84382 4.97111 5.06466 4.90918 

--------------------------------------
Time: 34.5107
Split Ratios: 1 1 1 0.056 0.944 0.096 0.904 1 1 1 0.15 0.01 0.84 1 0.034 0.082 0.884 0.818 0.182 1 1 0.91 0.09 1 0.986 0.014 1 0.998 1 1 0.968 0.032 0.163 0.837 1 1 1 1 1 1 1 1 1 1 0.83 0.047 0.047 0.076 1 1 1 1 0.195 0.805 1 
Delays: 0.00809201 0.00843316 0.00791787 0.0107207 0.0116461 0.00791617 0.00611675 0.0101057 0.0118461 0.00620498 0.011506 0.0118283 0.00800388 0.00791081 0.0117504 0.00683487 0.00659416 0.0121274 0.00852516 0.00594437 0.00873299 0.00999657 0.00974691 0.00585414 0.0101967 0.00766901 0.00758376 0.0107355 0.0079033 0.00746605 0.00789721 0.0137965 0.00806645 0.0101135 0.0101651 0.00813345 0.010058 0.00811005 0.00808594 0.00871314 
Throughputs: 1.11411 1.21242 1.2288 1.34349 0.999424 0.950272 1.06496 1.14688 1.06496 1.2288 1.11411 1.01581 1.16326 1.11411 1.24518 1.06496 1.19603 1.16326 1.16326 1.37626 1.17965 1.24518 1.1305 1.03219 0.966656 0.966656 1.16326 1.2288 1.1305 1.2288 1.04858 1.11411 1.16326 1.11411 1.21242 0.999424 1.21242 1.2288 1.2288 1.16326 
Utility: 4.92494 4.9682 5.04467 4.83085 4.45221 4.78784 5.15966 4.7317 4.49869 5.28844 4.57294 4.45294 4.97906 4.94758 4.66315 5.04865 5.20058 4.56352 4.91596 5.44468 4.90586 4.8248 4.75346 5.17229 4.55178 4.83665 5.03298 4.74023 4.96313 5.10343 4.88868 4.3914 4.97127 4.70195 4.78141 4.81119 4.792 5.02069 5.02367 4.89415 

--------------------------------------
Time: 35.0109
Split Ratios: 1 1 1 0.056 0.944 0.096 0.904 1 1 1 0.15 0.01 0.84 1 0.034 0.082 0.884 0.818 0.182 1 1 0.91 0.09 1 0.986 0.014 1 0.998 1 1 0.968 0.032 0.163 0.837 1 1 1 1 1 1 1 1 1 1 0.83 0.047 0.047 0.076 1 1 1 1 0.195 0.805 1 
Delays: 0.00841761 0.00856299 0.00815294 0.0105538 0.011561 0.00786406 0.00620602 0.010583 0.0121673 0.00607905 0.0119456 0.0120877 0.00794226 0.00850794 0.011587 0.00695981 0.00654442 0.0122835 0.00893357 0.00597829 0.00877102 0.0103604 0.00967743 0.00595656 0.0101927 0.00780499 0.00754191 0.0108288 0.00795483 0.00743498 0.00777542 0.0140214 0.00811028 0.0104189 0.00994553 0.00830914 0.00995917 0.00819176 0.00807097 0.00922121 
Throughputs: 1.14688 1.19603 1.11411 1.2288 1.1305 1.03219 1.01581 1.03219 1.1305 1.11411 1.39264 1.35987 0.98304 1.14688 1.16326 1.16326 1.09773 1.27795 1.08134 1.08134 1.31072 1.29434 1.09773 1.19603 1.1305 1.1305 1.45818 1.17965 1.26157 0.917504 0.786432 1.27795 1.04858 1.45818 1.08134 0.999424 1.39264 1.17965 1.08134 1.26157 
Utility: 4.91447 4.93931 4.91743 4.7573 4.58278 4.87714 5.09792 4.58019 4.53166 5.21097 4.7586 4.72295 4.81845 4.9038 4.6091 5.11883 5.12238 4.64476 4.79614 5.19782 5.00688 4.82777 4.7312 5.30227 4.70874 4.97565 5.26447 4.69076 5.06633 4.81546 4.61654 4.51243 4.86206 4.94132 4.68884 4.78982 4.94046 4.96984 4.89769 4.9186 

--------------------------------------
Time: 35.5109
Split Ratios: 1 1 1 0.056 0.944 0.096 0.904 1 1 1 0.15 0.01 0.84 1 0.034 0.082 0.884 0.818 0.182 1 1 0.91 0.09 1 0.986 0.014 1 0.998 1 1 0.968 0.032 0.163 0.837 1 1 1 1 1 1 1 1 1 1 0.83 0.047 0.047 0.076 1 1 1 1 0.195 0.805 1 
Delays: 0.00833533 0.00848158 0.00831053 0.0100982 0.0114417 0.0076959 0.006022 0.0100517 0.0119971 0.00627373 0.0118562 0.0126861 0.0081092 0.00805006 0.0116551 0.00674117 0.00675214 0.0122583 0.00893679 0.00586865 0.00876542 0.0100546 0.00969529 0.00599695 0.0102022 0.00784452 0.00748657 0.0106861 0.00785973 0.00748686 0.00784492 0.0140049 0.00812511 0.0105634 0.00997813 0.00837259 0.0101307 0.00802506 0.00806983 0.0090105 
Throughputs: 1.09773 1.42541 1.1305 0.950272 0.950272 1.1305 0.884736 1.06496 1.08134 1.08134 1.37626 1.03219 1.11411 1.11411 1.17965 1.04858 1.14688 1.01581 1.29434 1.09773 1.1305 1.16326 1.19603 1.17965 1.03219 1.06496 1.2288 1.34349 1.26157 1.3271 1.08134 1.03219 1.5401 1.5401 1.2288 1.04858 1.26157 0.884736 1.11411 1.11411 
Utility: 4.88049 5.12432 4.91289 4.54439 4.41948 4.98972 4.98987 4.66295 4.5013 5.14959 4.75427 4.39893 4.92281 4.93013 4.61722 5.04696 5.13494 4.41724 4.97558 5.23137 4.8596 4.75096 4.81512 5.28172 4.61683 4.91088 5.10068 4.83408 5.07836 5.1776 4.92609 4.30004 5.24464 4.9822 4.8134 4.83023 4.82454 4.70272 4.92768 4.81742 

--------------------------------------
Time: 36.0109
Split Ratios: 1 1 1 0.056 0.944 0.096 0.904 1 1 1 0.15 0.01 0.84 1 0.034 0.082 0.884 0.818 0.182 1 1 0.91 0.09 1 0.986 0.014 1 0.998 1 1 0.968 0.032 0.163 0.837 1 1 1 1 1 1 1 1 1 1 0.83 0.047 0.047 0.076 1 1 1 1 0.195 0.805 1 
Delays: 0.00812757 0.00872788 0.00827149 0.0100101 0.0117451 0.00772792 0.00592428 0.0099521 0.0117221 0.00618707 0.0113896 0.0118687 0.00805156 0.00797939 0.0120265 0.00638104 0.00631749 0.0118828 0.00829234 0.00599572 0.00873315 0.0100365 0.00964574 0.00584112 0.01007 0.0079026 0.0075437 0.0100367 0.00784715 0.00744108 0.007834 0.0138625 0.0080117 0.00987161 0.00978695 0.00824936 0.0100573 0.00795605 0.00806486 0.0085562 
Throughputs: 1.03219 1.27795 1.04858 1.3271 0.917504 1.19603 0.90112 1.03219 1.06496 1.31072 1.2288 1.06496 1.19603 1.17965 0.966656 0.933888 1.1305 1.31072 1.01581 1.16326 1.2288 1.26157 1.1305 1.09773 1.09773 1.17965 1.49094 1.26157 1.17965 1.2288 1.21242 1.31072 1.09773 1.1305 1.04858 1.27795 1.26157 1.01581 1.14688 0.98304 
Utility: 4.84418 4.98649 4.84237 4.88716 4.35822 5.04192 5.02458 4.64166 4.50921 5.35587 4.68109 4.49679 5.0009 4.99611 4.38673 4.98603 5.18709 4.70324 4.80811 5.26794 4.94667 4.83389 4.76389 5.23608 4.69143 5.00578 5.28645 4.83386 5.01282 5.10678 5.0419 4.54914 4.9201 4.74075 4.67414 5.04288 4.83181 4.84951 4.95728 4.74399 

