--------------------------------------
Time: 5.5
Split Ratios: 1 0.5 0.5 0.333333 0.333333 0.333333 0.333333 0.333333 0.333333 1 0.5 0.5 1 0.5 0.5 1 0.333333 0.333333 0.333333 1 1 0.5 0.5 0.333333 0.333333 0.333333 0.5 0.5 1 0.5 0.5 0.5 0.5 1 0.333333 0.333333 0.333333 1 1 1 1 1 1 0.5 0.5 0.5 0.5 1 1 
Delays: 0.00886373 0.00758839 0.00800137 0.00646243 0.00916696 0.00864287 0.00602166 0.00746796 0.00758469 0.00856573 0.00749231 0.00444563 0.00875903 0.0077502 0.00898986 0.00467446 0.0117058 0.00693441 0.00916105 0.00654944 0.00742774 0.00601275 0.00828276 0.00597184 0.00633366 0.00756519 0.0079835 0.00882397 0.00637736 0.00759257 
Throughputs: 3.96493 4.07962 4.76774 4.48922 4.68582 2.75251 4.62029 4.42368 2.62144 3.32595 4.11238 3.63725 5.21011 5.29203 3.70278 3.35872 4.66944 4.84966 3.67002 3.14573 4.65306 4.88243 4.4073 4.16154 4.94797 3.76832 4.75136 4.29261 3.3751 4.03046 
Utility: 6.10327 6.28714 6.39002 6.54343 6.23669 5.76353 6.64285 6.38411 5.84535 5.96174 6.30788 6.70706 6.38827 6.52624 6.02074 6.5772 5.98871 6.55017 5.99299 6.17442 6.44006 6.69952 6.27684 6.54658 6.66085 6.21083 6.38881 6.18718 6.27143 6.27447 

--------------------------------------
Time: 6.00003
Split Ratios: 1 0.027 0.973 0.191 0.517 0.292 0.192 0.605 0.203 1 0.192 0.808 1 0.828 0.172 1 0.873 0.083 0.044 1 1 0.09 0.91 0.27 0.243 0.487 0.93 0.07 1 0.473 0.527 0.604 0.396 1 0.562 0.188 0.25 1 1 1 1 1 1 0.428 0.572 0.396 0.604 1 1 
Delays: 0.00892661 0.00750497 0.00803172 0.00695776 0.00897576 0.0070323 0.00605492 0.00848965 0.00744645 0.00786856 0.00764726 0.00459831 0.0090515 0.00764969 0.00791797 0.00451084 0.0105899 0.00702761 0.0089922 0.00705484 0.00750799 0.00612746 0.00753071 0.00588873 0.00604257 0.00759868 0.00749755 0.00819253 0.00601821 0.00770861 
Throughputs: 4.34176 4.12877 4.62029 4.39091 4.29261 3.03104 5.12819 4.14515 3.11296 3.34234 4.16154 4.03046 4.62029 4.63667 3.80109 3.04742 4.44006 4.83328 3.88301 3.42426 4.94797 4.68582 3.98131 4.29261 4.8169 3.75194 5.40672 4.17792 3.52256 4.07962 
Utility: 6.187 6.31017 6.35481 6.44743 6.17012 6.06615 6.74164 6.19085 6.03559 6.05155 6.29929 6.77595 6.23528 6.40709 6.17391 6.51557 6.03852 6.53343 6.06801 6.18493 6.49076 6.63952 6.27038 6.59161 6.68106 6.20205 6.58082 6.23435 6.37215 6.27142 

--------------------------------------
Time: 6.50003
Split Ratios: 1 0.027 0.973 0.191 0.517 0.292 0.192 0.605 0.203 1 0.192 0.808 1 0.828 0.172 1 0.873 0.083 0.044 1 1 0.09 0.91 0.27 0.243 0.487 0.93 0.07 1 0.473 0.527 0.604 0.396 1 0.562 0.188 0.25 1 1 1 1 1 1 0.428 0.572 0.396 0.604 1 1 
Delays: 0.00887167 0.00760559 0.00804442 0.00707142 0.00919052 0.00702272 0.00617485 0.00834248 0.00742669 0.0081232 0.00788757 0.00462505 0.00933538 0.00771066 0.0078068 0.00446649 0.0109612 0.00704942 0.0089927 0.00711056 0.00751887 0.00612582 0.00745584 0.00593662 0.00601793 0.00783511 0.00775501 0.00825567 0.00607215 0.00776814 
Throughputs: 4.096 4.75136 4.76774 4.47283 4.48922 3.04742 4.30899 4.65306 3.04742 3.45702 4.76774 3.32595 5.11181 5.16096 4.21069 3.53894 4.34176 4.52198 3.5881 3.2768 4.52198 4.57114 3.57171 4.9152 4.62029 4.45645 4.6039 4.84966 3.48979 4.07962 
Utility: 6.1349 6.4373 6.38465 6.44972 6.19126 6.0729 6.54797 6.32392 6.01697 6.05344 6.40434 6.57802 6.3055 6.50627 6.29039 6.67498 5.98168 6.46376 5.98896 6.13304 6.39929 6.615 6.1718 6.71895 6.64347 6.34349 6.38632 6.37576 6.35389 6.26373 

--------------------------------------
Time: 7.00007
Split Ratios: 1 0.027 0.973 0.191 0.517 0.292 0.192 0.605 0.203 1 0.192 0.808 1 0.828 0.172 1 0.873 0.083 0.044 1 1 0.09 0.91 0.27 0.243 0.487 0.93 0.07 1 0.473 0.527 0.604 0.396 1 0.562 0.188 0.25 1 1 1 1 1 1 0.428 0.572 0.396 0.604 1 1 
Delays: 0.00912477 0.00764525 0.00823659 0.00717833 0.00905926 0.0071977 0.00612672 0.00838311 0.00748658 0.00789396 0.00770918 0.00456911 0.00905399 0.00761973 0.00795346 0.00448548 0.0110157 0.00698996 0.00897657 0.00698485 0.00750908 0.005995 0.00750987 0.00596337 0.00614685 0.00761186 0.0076944 0.00817944 0.00609247 0.00766584 
Throughputs: 4.53837 4.52198 5.09542 4.4073 4.57114 2.85082 4.66944 4.42368 3.1785 3.55533 5.0135 3.53894 4.37453 4.86605 4.16154 3.1785 4.39091 4.63667 3.75194 3.45702 4.37453 4.93158 4.30899 4.98074 4.9152 3.60448 5.17734 4.58752 3.19488 3.75194 
Utility: 6.20933 6.38262 6.42751 6.41995 6.22373 5.9816 6.63613 6.26851 6.05105 6.1101 6.47748 6.65226 6.18035 6.4593 6.26003 6.56332 5.98797 6.49728 6.03541 6.20442 6.36744 6.71249 6.35224 6.7277 6.68415 6.16023 6.51155 6.32947 6.26225 6.19325 

--------------------------------------
Time: 7.50016
Split Ratios: 1 0.027 0.973 0.191 0.517 0.292 0.192 0.605 0.203 1 0.192 0.808 1 0.828 0.172 1 0.873 0.083 0.044 1 1 0.09 0.91 0.27 0.243 0.487 0.93 0.07 1 0.473 0.527 0.604 0.396 1 0.562 0.188 0.25 1 1 1 1 1 1 0.428 0.572 0.396 0.604 1 1 
Delays: 0.0088865 0.00751192 0.00828721 0.00701015 0.00899054 0.00715611 0.00611954 0.00842395 0.00740651 0.00789146 0.00750609 0.00445547 0.00887684 0.00762688 0.00792717 0.00447513 0.0106462 0.00707061 0.00893963 0.00713501 0.00748984 0.00618416 0.00766443 0.00588953 0.00627714 0.00754238 0.00733546 0.00822533 0.00602403 0.00768746 
Throughputs: 4.30899 4.30899 5.14458 4.37453 4.14515 3.11296 4.88243 4.25984 2.67059 3.09658 3.89939 3.11296 4.8169 4.17792 4.04685 3.24403 4.48922 5.06266 3.70278 3.67002 4.4073 4.83328 4.21069 4.99712 5.47226 3.71917 4.78413 4.76774 3.26042 4.12877 
Utility: 6.18393 6.35197 6.43099 6.43619 6.13352 6.07536 6.68191 6.22591 5.8877 5.97227 6.25286 6.5492 6.29644 6.30589 6.2354 6.58604 6.04423 6.5737 6.02635 6.24294 6.37747 6.66129 6.30879 6.74344 6.77053 6.20072 6.48034 6.36241 6.29385 6.28614 

--------------------------------------
Time: 8.00018
Split Ratios: 1 0.027 0.973 0.191 0.517 0.292 0.192 0.605 0.203 1 0.192 0.808 1 0.828 0.172 1 0.873 0.083 0.044 1 1 0.09 0.91 0.27 0.243 0.487 0.93 0.07 1 0.473 0.527 0.604 0.396 1 0.562 0.188 0.25 1 1 1 1 1 1 0.428 0.572 0.396 0.604 1 1 
Delays: 0.00894118 0.00749206 0.00808508 0.00703446 0.00922411 0.0073704 0.006113 0.00847341 0.00756033 0.00773671 0.00764057 0.00456047 0.00906621 0.00776722 0.0078594 0.00464257 0.0107415 0.00709496 0.00910215 0.00703313 0.00747732 0.00600571 0.00756969 0.00588791 0.00605446 0.00760369 0.00755291 0.0083474 0.00615327 0.00762488 
Throughputs: 4.30899 4.21069 4.62029 4.73498 5.16096 3.26042 5.04627 4.21069 3.12934 3.22765 4.30899 3.53894 4.66944 4.58752 3.89939 3.14573 4.45645 5.24288 3.85024 2.80166 4.71859 4.70221 4.04685 5.09542 5.06266 3.57171 5.21011 4.5056 3.83386 3.55533 
Utility: 6.17779 6.33154 6.34819 6.51191 6.32706 6.09214 6.71599 6.20845 6.02566 6.03353 6.33499 6.65416 6.24424 6.38118 6.20687 6.51853 6.028 6.60524 6.04738 5.98734 6.44739 6.66308 6.28154 6.7632 6.72885 6.15217 6.53642 6.29113 6.43464 6.14479 

--------------------------------------
Time: 8.50033
Split Ratios: 1 0.027 0.973 0.191 0.517 0.292 0.192 0.605 0.203 1 0.192 0.808 1 0.828 0.172 1 0.873 0.083 0.044 1 1 0.09 0.91 0.27 0.243 0.487 0.93 0.07 1 0.473 0.527 0.604 0.396 1 0.562 0.188 0.25 1 1 1 1 1 1 0.428 0.572 0.396 0.604 1 1 
Delays: 0.00889802 0.0074815 0.00795112 0.00709273 0.00928781 0.00716677 0.0060948 0.00846766 0.00744986 0.00794254 0.0076049 0.00454398 0.00910407 0.00772066 0.00788489 0.004592 0.0106311 0.00698851 0.00897871 0.00685656 0.00750268 0.0061378 0.00761256 0.00590364 0.00606101 0.00768792 0.00762688 0.00825154 0.00609534 0.00773778 
Throughputs: 4.44006 4.45645 5.16096 4.62029 4.48922 3.26042 4.22707 4.75136 3.21126 3.45702 4.48922 3.73555 4.88243 5.29203 4.03046 3.98131 4.07962 4.21069 3.53894 3.3751 4.096 4.62029 4.1943 4.93158 4.9152 3.83386 5.70163 4.03046 3.45702 4.27622 
Utility: 6.2126 6.38967 6.47557 6.47914 6.18073 6.12015 6.54183 6.32993 6.06622 6.07593 6.38064 6.71185 6.28468 6.53006 6.23669 6.76505 5.94998 6.40111 5.97673 6.19898 6.30251 6.62375 6.31168 6.72785 6.69821 6.21198 6.61683 6.19124 6.34064 6.31471 

--------------------------------------
Time: 9.00036
Split Ratios: 1 0.027 0.973 0.191 0.517 0.292 0.192 0.605 0.203 1 0.192 0.808 1 0.828 0.172 1 0.873 0.083 0.044 1 1 0.09 0.91 0.27 0.243 0.487 0.93 0.07 1 0.473 0.527 0.604 0.396 1 0.562 0.188 0.25 1 1 1 1 1 1 0.428 0.572 0.396 0.604 1 1 
Delays: 0.00891746 0.00742035 0.00809903 0.00682727 0.00914063 0.00664764 0.00599981 0.00830127 0.00755499 0.00795958 0.00767637 0.00445993 0.00896887 0.00761654 0.0078726 0.00454691 0.010465 0.00693929 0.00896848 0.00683381 0.00747376 0.00610035 0.00751818 0.00593819 0.00611072 0.00756435 0.00734389 0.00820198 0.0060707 0.00769803 
Throughputs: 4.78413 4.44006 4.68582 4.6039 4.45645 3.21126 4.52198 4.22707 3.3751 3.81747 4.35814 3.47341 4.89882 4.16154 3.85024 3.42426 4.01408 4.48922 3.93216 3.09658 4.44006 4.84966 4.32538 4.57114 4.94797 3.5881 4.93158 4.16154 3.47341 4.34176 
Utility: 6.28505 6.3942 6.36055 6.51373 6.18938 6.18016 6.62498 6.23286 6.10197 6.17297 6.34165 6.65776 6.30299 6.30332 6.1925 6.62419 5.94953 6.47223 6.08323 6.11617 6.38703 6.67832 6.35493 6.64611 6.69669 6.16193 6.50955 6.22926 6.34942 6.33507 

--------------------------------------
Time: 9.50051
Split Ratios: 1 0.027 0.973 0.191 0.517 0.292 0.192 0.605 0.203 1 0.192 0.808 1 0.828 0.172 1 0.873 0.083 0.044 1 1 0.09 0.91 0.27 0.243 0.487 0.93 0.07 1 0.473 0.527 0.604 0.396 1 0.562 0.188 0.25 1 1 1 1 1 1 0.428 0.572 0.396 0.604 1 1 
Delays: 0.00887625 0.00761147 0.0081443 0.0070387 0.00914368 0.00680098 0.0059901 0.00840856 0.00756278 0.00791752 0.00777963 0.00452308 0.00917249 0.00766068 0.00770035 0.00450316 0.0108875 0.00695569 0.00897732 0.00705426 0.00745945 0.00609584 0.00755214 0.00588369 0.00613194 0.00764972 0.00766228 0.00827838 0.00605632 0.00760343 
Throughputs: 4.16154 4.29261 4.80051 4.89882 4.58752 3.19488 4.62029 4.17792 2.80166 3.24403 4.57114 3.52256 4.86605 4.83328 3.89939 2.98189 4.22707 4.75136 3.81747 3.01466 4.52198 4.45645 4.5056 4.47283 4.98074 4.27622 4.8169 4.42368 3.16211 3.94854 
Utility: 6.15026 6.33499 6.37916 6.54533 6.21803 6.15224 6.6481 6.20832 5.91473 6.01549 6.37601 6.65775 6.27383 6.44718 6.22731 6.49553 5.96165 6.52663 6.05264 6.05761 6.40722 6.5945 6.39125 6.63359 6.69982 6.32616 6.44358 6.28108 6.25789 6.2525 

--------------------------------------
Time: 10.0006
Split Ratios: 1 0.027 0.973 0.191 0.517 0.292 0.192 0.605 0.203 1 0.192 0.808 1 0.828 0.172 1 0.873 0.083 0.044 1 1 0.09 0.91 0.27 0.243 0.487 0.93 0.07 1 0.473 0.527 0.604 0.396 1 0.562 0.188 0.25 1 1 1 1 1 1 0.428 0.572 0.396 0.604 1 1 
Delays: 0.00884057 0.00746196 0.00797564 0.00696763 0.00906865 0.00688463 0.00611613 0.0085247 0.0074464 0.00796394 0.00762045 0.00452674 0.00906449 0.00768222 0.00790713 0.00446571 0.0106341 0.00695479 0.00892662 0.00702488 0.00749749 0.00618452 0.0074739 0.00588097 0.00609423 0.00759883 0.00739786 0.00822123 0.00604125 0.00768261 
Throughputs: 4.34176 4.29261 4.6039 4.66944 4.16154 3.12934 4.1943 4.14515 3.32595 3.65363 4.52198 3.88301 4.83328 5.14458 3.45702 3.2768 3.9977 4.89882 3.5881 3.12934 5.04627 5.14458 4.1943 5.0135 4.58752 3.96493 4.8169 4.45645 3.3751 4.06323 
Utility: 6.19668 6.35483 6.35827 6.50752 6.12882 6.11929 6.53055 6.18673 6.10178 6.12855 6.38587 6.75436 6.27892 6.50679 6.0804 6.5982 5.92941 6.55732 5.99634 6.09912 6.51184 6.72365 6.33007 6.74817 6.62375 6.25725 6.47869 6.29539 6.32557 6.27078 

--------------------------------------
Time: 10.5006
Split Ratios: 1 0.027 0.973 0.191 0.517 0.292 0.192 0.605 0.203 1 0.192 0.808 1 0.828 0.172 1 0.873 0.083 0.044 1 1 0.09 0.91 0.27 0.243 0.487 0.93 0.07 1 0.473 0.527 0.604 0.396 1 0.562 0.188 0.25 1 1 1 1 1 1 0.428 0.572 0.396 0.604 1 1 
Delays: 0.00891586 0.00744992 0.00789709 0.00719828 0.00909535 0.00691525 0.0060178 0.00855159 0.00752324 0.00801394 0.00769248 0.00451117 0.00918967 0.00761216 0.00774592 0.00458375 0.010685 0.0069789 0.00906345 0.006922 0.00754633 0.00614374 0.00747721 0.00591705 0.00614948 0.00781614 0.00754208 0.00820115 0.00607485 0.00777035 
Throughputs: 4.47283 4.07962 4.57114 4.47283 4.45645 3.14573 3.93216 4.096 3.30957 3.63725 4.37453 3.3751 4.84966 4.62029 3.94854 3.19488 4.12877 4.5056 4.57114 3.48979 4.57114 4.86605 3.96493 4.66944 4.89882 3.76832 5.57056 4.44006 3.30957 4.04685 
Utility: 6.21795 6.30556 6.36102 6.43194 6.19434 6.12007 6.48222 6.17165 6.08658 6.1178 6.34331 6.61763 6.26858 6.40846 6.23394 6.54679 5.9569 6.47018 6.22327 6.22289 6.40646 6.6746 6.27338 6.67096 6.68038 6.17819 6.60475 6.29415 6.30042 6.25538 

--------------------------------------
Time: 11.0006
Split Ratios: 1 0.027 0.973 0.191 0.517 0.292 0.192 0.605 0.203 1 0.192 0.808 1 0.828 0.172 1 0.873 0.083 0.044 1 1 0.09 0.91 0.27 0.243 0.487 0.93 0.07 1 0.473 0.527 0.604 0.396 1 0.562 0.188 0.25 1 1 1 1 1 1 0.428 0.572 0.396 0.604 1 1 
Delays: 0.00889093 0.00757153 0.00802503 0.00698233 0.00915346 0.00705923 0.00615446 0.0087359 0.00738941 0.00802088 0.00772628 0.00448607 0.00898902 0.00772587 0.00788119 0.00450497 0.0107064 0.00707965 0.00893326 0.00715906 0.00763939 0.00623353 0.00762608 0.0058787 0.006171 0.00761774 0.00745585 0.00830983 0.00614674 0.00770609 
Throughputs: 4.71859 4.39091 4.89882 4.34176 4.70221 2.94912 5.11181 4.17792 3.21126 3.57171 4.35814 3.50618 4.88243 4.78413 4.096 3.1785 4.48922 4.93158 3.50618 3.32595 4.73498 4.9152 4.07962 4.70221 5.37395 3.47341 4.89882 4.35814 3.55533 4.11238 
Utility: 6.27423 6.3629 6.41418 6.43265 6.24166 6.03493 6.72213 6.17013 6.07437 6.09875 6.33517 6.6613 6.29739 6.42848 6.25329 6.55898 6.0386 6.54619 5.9725 6.14113 6.42941 6.67015 6.28218 6.68445 6.76946 6.12241 6.48775 6.26236 6.36028 6.27975 

--------------------------------------
Time: 11.5007
Split Ratios: 1 0.027 0.973 0.191 0.517 0.292 0.192 0.605 0.203 1 0.192 0.808 1 0.828 0.172 1 0.873 0.083 0.044 1 1 0.09 0.91 0.27 0.243 0.487 0.93 0.07 1 0.473 0.527 0.604 0.396 1 0.562 0.188 0.25 1 1 1 1 1 1 0.428 0.572 0.396 0.604 1 1 
Delays: 0.00887074 0.00749278 0.00814343 0.00703052 0.00906404 0.00698885 0.0060418 0.00842766 0.00746816 0.00777565 0.00764468 0.0045244 0.00913733 0.00762755 0.00790408 0.00447948 0.0107176 0.0070069 0.00903174 0.00682339 0.00757857 0.00601477 0.0075496 0.00588731 0.00608213 0.00754929 0.00745769 0.00818763 0.00612181 0.00770749 
Throughputs: 4.24346 4.37453 4.83328 4.80051 3.94854 3.14573 4.84966 3.98131 3.34234 3.12934 4.04685 3.71917 4.99712 4.55475 4.03046 2.83443 4.71859 4.86605 3.9977 3.52256 4.73498 4.27622 4.25984 4.53837 4.62029 3.60448 5.24288 4.24346 3.94854 4.32538 
Utility: 6.17038 6.36961 6.38607 6.52622 6.07679 6.10948 6.68796 6.15785 6.10378 5.99758 6.27168 6.71177 6.30425 6.39216 6.23426 6.45009 6.08737 6.54314 6.09273 6.24659 6.43741 6.56661 6.33549 6.64752 6.63286 6.16848 6.55538 6.25051 6.46924 6.33006 

--------------------------------------
Time: 12.0007
Split Ratios: 1 0.027 0.973 0.191 0.517 0.292 0.192 0.605 0.203 1 0.192 0.808 1 0.828 0.172 1 0.873 0.083 0.044 1 1 0.09 0.91 0.27 0.243 0.487 0.93 0.07 1 0.473 0.527 0.604 0.396 1 0.562 0.188 0.25 1 1 1 1 1 1 0.428 0.572 0.396 0.604 1 1 
Delays: 0.00890669 0.00751915 0.0079647 0.00694661 0.0091038 0.00701779 0.00616815 0.00834939 0.0075053 0.00786552 0.00761827 0.00458159 0.00901808 0.00765867 0.0078238 0.00452114 0.0107428 0.00700576 0.00909761 0.0070257 0.00753381 0.00609437 0.0075006 0.0059205 0.00599674 0.00768057 0.00742395 0.00825467 0.00603247 0.00767633 
Throughputs: 4.73498 4.44006 4.70221 4.03046 4.5056 2.81805 4.73498 3.88301 3.03104 3.21126 4.27622 3.93216 4.65306 4.84966 4.25984 3.19488 4.07962 5.21011 4.04685 3.22765 4.68582 4.68582 4.12877 4.80051 5.27565 3.75194 4.98074 4.42368 3.14573 4.06323 
Utility: 6.27593 6.38097 6.38077 6.36338 6.20438 5.99535 6.64333 6.14218 6.00105 6.01193 6.33028 6.7549 6.24605 6.45083 6.29982 6.56054 5.93952 6.61162 6.09768 6.12993 6.4329 6.64493 6.31075 6.69806 6.77964 6.19133 6.50862 6.28395 6.25664 6.27159 

--------------------------------------
Time: 12.5008
Split Ratios: 1 0.027 0.973 0.191 0.517 0.292 0.192 0.605 0.203 1 0.192 0.808 1 0.828 0.172 1 0.873 0.083 0.044 1 1 0.09 0.91 0.27 0.243 0.487 0.93 0.07 1 0.473 0.527 0.604 0.396 1 0.562 0.188 0.25 1 1 1 1 1 1 0.428 0.572 0.396 0.604 1 1 
Delays: 0.00886136 0.00749881 0.00810714 0.00702878 0.00914937 0.00707396 0.00610484 0.00856904 0.00744499 0.00797213 0.00773901 0.00449045 0.00903745 0.00771807 0.00798214 0.00454582 0.0105527 0.00691622 0.0089402 0.00719157 0.00761467 0.0061724 0.00747787 0.00594392 0.00618974 0.00766377 0.00756929 0.00822446 0.0061461 0.00771163 
Throughputs: 4.32538 4.14515 5.0135 4.45645 4.9152 2.99827 4.42368 4.34176 3.19488 3.44064 4.52198 3.57171 4.86605 4.32538 4.68582 3.22765 4.16154 5.04627 3.89939 3.06381 4.73498 4.5056 4.1943 4.94797 5.55418 4.096 5.40672 4.4073 3.88301 3.83386 
Utility: 6.19055 6.31495 6.42714 6.45209 6.2864 6.04937 6.58564 6.22788 6.06176 6.06746 6.37043 6.67885 6.28866 6.32869 6.37509 6.5653 5.97725 6.59254 6.07802 6.0545 6.43265 6.59299 6.32953 6.72436 6.79941 6.28126 6.5713 6.2839 6.44855 6.2089 

--------------------------------------
Time: 13.0009
Split Ratios: 1 0.027 0.973 0.191 0.517 0.292 0.192 0.605 0.203 1 0.192 0.808 1 0.828 0.172 1 0.873 0.083 0.044 1 1 0.09 0.91 0.27 0.243 0.487 0.93 0.07 1 0.473 0.527 0.604 0.396 1 0.562 0.188 0.25 1 1 1 1 1 1 0.428 0.572 0.396 0.604 1 1 
Delays: 0.00888215 0.00751104 0.00800366 0.00712262 0.00917089 0.00693989 0.0060778 0.00856883 0.00739992 0.00798212 0.00780787 0.00453547 0.00923327 0.00769515 0.007793 0.00445587 0.0107088 0.00709751 0.00893167 0.00698851 0.00767345 0.00628801 0.00751794 0.00590142 0.00610867 0.00759404 0.00758683 0.00827288 0.00603312 0.00777704 
Throughputs: 4.58752 4.4073 4.65306 3.70278 4.70221 3.65363 4.44006 4.76774 3.2768 3.40787 4.8169 3.75194 5.17734 4.75136 4.04685 3.08019 4.30899 5.35757 3.48979 3.09658 5.04627 5.0135 4.096 4.9152 5.11181 3.85024 4.76774 4.5056 3.44064 4.52198 
Utility: 6.24705 6.37464 6.36538 6.25356 6.23975 6.26619 6.59378 6.3215 6.09315 6.05664 6.42475 6.7181 6.32923 6.4256 6.25247 6.53852 5.99739 6.62652 5.96799 6.09379 6.48864 6.68125 6.30047 6.72489 6.7296 6.22853 6.44321 6.30009 6.34615 6.36553 

--------------------------------------
Time: 13.5011
Split Ratios: 1 0.027 0.973 0.191 0.517 0.292 0.192 0.605 0.203 1 0.192 0.808 1 0.828 0.172 1 0.873 0.083 0.044 1 1 0.09 0.91 0.27 0.243 0.487 0.93 0.07 1 0.473 0.527 0.604 0.396 1 0.562 0.188 0.25 1 1 1 1 1 1 0.428 0.572 0.396 0.604 1 1 
Delays: 0.00880869 0.00752305 0.00800415 0.00679955 0.00906162 0.00699288 0.00608319 0.00855922 0.00744249 0.00774728 0.00770379 0.00447558 0.00902568 0.0075709 0.00793365 0.00448233 0.0107845 0.00705002 0.00898713 0.00708144 0.00760768 0.00617671 0.00760217 0.00584651 0.00609914 0.00754047 0.00763234 0.00829144 0.00601482 0.00776944 
Throughputs: 4.24346 4.53837 5.16096 3.94854 4.37453 3.42426 4.84966 4.096 3.32595 2.9655 4.45645 3.3751 4.4073 4.65306 4.11238 3.22765 4.55475 5.07904 3.86662 3.11296 5.07904 5.07904 3.9977 4.45645 4.68582 3.48979 4.94797 4.55475 3.29318 4.22707 
Utility: 6.17739 6.40235 6.46892 6.36425 6.17951 6.19375 6.68114 6.17076 6.10231 5.94746 6.3604 6.62555 6.19094 6.42097 6.25064 6.57937 6.04581 6.57985 6.06434 6.08585 6.50372 6.71209 6.26504 6.63626 6.64415 6.13731 6.47434 6.3087 6.30538 6.29907 

--------------------------------------
Time: 14.0011
Split Ratios: 1 0.027 0.973 0.191 0.517 0.292 0.192 0.605 0.203 1 0.192 0.808 1 0.828 0.172 1 0.873 0.083 0.044 1 1 0.09 0.91 0.27 0.243 0.487 0.93 0.07 1 0.473 0.527 0.604 0.396 1 0.562 0.188 0.25 1 1 1 1 1 1 0.428 0.572 0.396 0.604 1 1 
Delays: 0.00890178 0.00750792 0.00792307 0.00688992 0.00914871 0.00687917 0.00608668 0.00840294 0.0076035 0.00797205 0.00759687 0.00452081 0.00894604 0.00769392 0.00801762 0.00456083 0.0105373 0.00697904 0.00896968 0.00720179 0.00750407 0.00609609 0.007571 0.00591332 0.00621148 0.00763425 0.00774555 0.00826442 0.00609229 0.00779929 
Throughputs: 4.21069 4.07962 4.88243 4.75136 4.21069 2.85082 4.48922 4.06323 3.39149 3.34234 4.17792 3.39149 4.44006 5.04627 4.34176 3.48979 3.73555 4.94797 4.07962 3.62086 4.21069 4.29261 3.98131 5.19373 4.96435 4.29261 5.19373 4.55475 3.53894 4.24346 
Utility: 6.15913 6.2978 6.42362 6.53613 6.13177 6.02686 6.60333 6.18115 6.10042 6.03848 6.30983 6.62033 6.20721 6.48597 6.29439 6.64009 5.87073 6.56382 6.11991 6.22014 6.32994 6.557 6.26504 6.778 6.68364 6.33201 6.50809 6.31197 6.36456 6.2991 

--------------------------------------
Time: 14.5012
Split Ratios: 1 0.027 0.973 0.191 0.517 0.292 0.192 0.605 0.203 1 0.192 0.808 1 0.828 0.172 1 0.873 0.083 0.044 1 1 0.09 0.91 0.27 0.243 0.487 0.93 0.07 1 0.473 0.527 0.604 0.396 1 0.562 0.188 0.25 1 1 1 1 1 1 0.428 0.572 0.396 0.604 1 1 
Delays: 0.00888975 0.00743689 0.00796303 0.00705784 0.0091668 0.00718282 0.00607067 0.00834183 0.00743122 0.00789524 0.0077318 0.00448928 0.00915218 0.00775027 0.00780974 0.00450118 0.0107044 0.00701453 0.00895566 0.00696156 0.00748022 0.00601042 0.00762123 0.00587324 0.00611365 0.0076136 0.00754402 0.00830005 0.00612472 0.00756642 
Throughputs: 4.35814 3.50618 4.6039 4.5056 4.58752 2.93274 4.57114 4.65306 3.2768 3.44064 4.93158 3.75194 4.27622 4.99712 3.9977 3.03104 4.75136 4.55475 3.5881 3.42426 4.68582 4.52198 3.96493 4.78413 5.25926 3.88301 5.12819 4.47283 4.03046 3.76832 
Utility: 6.1949 6.15583 6.35985 6.45894 6.21551 6.012 6.62405 6.324 6.08893 6.07715 6.45807 6.72834 6.14683 6.46889 6.2381 6.51232 6.09553 6.47594 5.99309 6.19824 6.44004 6.62321 6.25431 6.70265 6.75722 6.23443 6.52175 6.28952 6.4893 6.21067 

--------------------------------------
Time: 15.0013
Split Ratios: 1 0.027 0.973 0.191 0.517 0.292 0.192 0.605 0.203 1 0.192 0.808 1 0.828 0.172 1 0.873 0.083 0.044 1 1 0.09 0.91 0.27 0.243 0.487 0.93 0.07 1 0.473 0.527 0.604 0.396 1 0.562 0.188 0.25 1 1 1 1 1 1 0.428 0.572 0.396 0.604 1 1 
Delays: 0.00883723 0.00742968 0.00795133 0.00700372 0.00912293 0.00686435 0.00602074 0.00853331 0.00750789 0.00793565 0.00765094 0.00450221 0.0091076 0.00764351 0.00781417 0.00451641 0.0106846 0.00703645 0.008993 0.00711768 0.0074946 0.00610856 0.00750234 0.00589771 0.00614835 0.00766404 0.00764138 0.00822873 0.00609274 0.00766848 
Throughputs: 4.62029 4.39091 4.9152 4.58752 4.70221 3.42426 4.5056 4.1943 3.29318 3.45702 4.35814 3.11296 4.73498 4.35814 4.03046 2.99827 3.85024 4.76774 3.65363 3.14573 5.14458 4.53837 4.04685 4.45645 4.96435 4.11238 4.99712 4.45645 3.60448 3.89939 
Utility: 6.25924 6.38181 6.42675 6.48465 6.245 6.2123 6.61787 6.1975 6.08366 6.0768 6.34497 6.53876 6.25362 6.34594 6.2457 6.49807 5.88709 6.51853 6.00703 6.09122 6.53152 6.61063 6.29048 6.62754 6.69385 6.28522 6.48304 6.29448 6.38283 6.23146 

--------------------------------------
Time: 15.5013
Split Ratios: 1 0.027 0.973 0.191 0.517 0.292 0.192 0.605 0.203 1 0.192 0.808 1 0.828 0.172 1 0.873 0.083 0.044 1 1 0.09 0.91 0.27 0.243 0.487 0.93 0.07 1 0.473 0.527 0.604 0.396 1 0.562 0.188 0.25 1 1 1 1 1 1 0.428 0.572 0.396 0.604 1 1 
Delays: 0.00888678 0.00748882 0.00824459 0.00689057 0.00920781 0.00726329 0.00613802 0.0085411 0.00778814 0.00786044 0.00764988 0.00449048 0.00896568 0.00771856 0.00802496 0.00469456 0.0106414 0.00701706 0.00956163 0.0071951 0.00749644 0.00602037 0.00749343 0.00594457 0.00619558 0.00761341 0.00777134 0.00814725 0.0060937 0.00764921 
Throughputs: 4.32538 4.17792 5.02989 4.12877 4.53837 3.29318 4.93158 4.12877 3.40787 3.40787 4.39091 3.26042 4.48922 4.65306 4.16154 3.11296 4.52198 5.16096 4.1943 2.99827 4.84966 4.01408 3.81747 5.16096 5.09542 4.06323 5.40672 4.096 3.63725 3.62086 
Utility: 6.18769 6.32416 6.4136 6.39558 6.20027 6.11678 6.68891 6.18084 6.08124 6.072 6.3526 6.58765 6.21603 6.40165 6.25108 6.49692 6.05195 6.60053 6.08372 6.03239 6.47224 6.50241 6.23332 6.7664 6.71226 6.27982 6.54496 6.22009 6.39173 6.15987 

--------------------------------------
Time: 16.0014
Split Ratios: 1 0.027 0.973 0.191 0.517 0.292 0.192 0.605 0.203 1 0.192 0.808 1 0.828 0.172 1 0.873 0.083 0.044 1 1 0.09 0.91 0.27 0.243 0.487 0.93 0.07 1 0.473 0.527 0.604 0.396 1 0.562 0.188 0.25 1 1 1 1 1 1 0.428 0.572 0.396 0.604 1 1 
Delays: 0.00886166 0.00751884 0.00802749 0.00695937 0.00911987 0.0068998 0.00603469 0.00834777 0.00741575 0.00781838 0.00770522 0.00455569 0.00902479 0.00770292 0.00792672 0.00450094 0.0107071 0.00695852 0.00894441 0.00701372 0.00743738 0.00617515 0.00748916 0.00589297 0.00615112 0.00765552 0.0074287 0.00827289 0.00613308 0.00770972 
Throughputs: 4.5056 4.42368 4.75136 4.57114 4.11238 2.62144 4.39091 4.68582 2.8672 3.32595 4.32538 3.86662 4.42368 5.11181 4.24346 3.26042 4.16154 5.09542 4.06323 3.3751 4.53837 5.06266 4.22707 5.06266 5.27565 4.12877 4.8169 4.66944 3.75194 3.50618 
Utility: 6.23134 6.37732 6.38331 6.48743 6.1113 5.93999 6.58977 6.3303 5.95749 6.05303 6.33036 6.74376 6.19475 6.49771 6.28289 6.58532 5.96273 6.59613 6.1187 6.17631 6.4138 6.70911 6.33581 6.75589 6.75422 6.29031 6.47453 6.33581 6.41633 6.1198 

--------------------------------------
Time: 16.5014
Split Ratios: 1 0.027 0.973 0.191 0.517 0.292 0.192 0.605 0.203 1 0.192 0.808 1 0.828 0.172 1 0.873 0.083 0.044 1 1 0.09 0.91 0.27 0.243 0.487 0.93 0.07 1 0.473 0.527 0.604 0.396 1 0.562 0.188 0.25 1 1 1 1 1 1 0.428 0.572 0.396 0.604 1 1 
Delays: 0.00886263 0.00752842 0.00789338 0.00712952 0.00914296 0.00684213 0.00601629 0.00857762 0.00757935 0.00777569 0.00770626 0.00453227 0.00909985 0.00766268 0.00785271 0.00453148 0.0107236 0.0069515 0.00906077 0.0071592 0.00764979 0.00605652 0.00748887 0.00589989 0.00617791 0.00755228 0.00768064 0.00826511 0.00609991 0.0075567 
Throughputs: 4.21069 4.63667 4.86605 4.66944 4.45645 2.9655 4.47283 4.78413 3.1785 2.91635 4.55475 3.70278 4.73498 4.37453 3.91578 3.55533 4.53837 4.98074 4.1943 3.65363 5.45587 4.55475 4.12877 4.76774 5.37395 3.57171 5.34118 4.17792 3.34234 3.93216 
Utility: 6.16354 6.42307 6.42401 6.48455 6.18912 6.0717 6.61131 6.3239 6.03874 5.92709 6.38189 6.70562 6.25447 6.34719 6.21191 6.66515 6.04787 6.57438 6.13753 6.23508 6.56977 6.62279 6.31232 6.69469 6.76834 6.15895 6.5445 6.22553 6.30615 6.25451 

--------------------------------------
Time: 17.0015
Split Ratios: 1 0.027 0.973 0.191 0.517 0.292 0.192 0.605 0.203 1 0.192 0.808 1 0.828 0.172 1 0.873 0.083 0.044 1 1 0.09 0.91 0.27 0.243 0.487 0.93 0.07 1 0.473 0.527 0.604 0.396 1 0.562 0.188 0.25 1 1 1 1 1 1 0.428 0.572 0.396 0.604 1 1 
Delays: 0.00893087 0.00750928 0.00799305 0.00703147 0.00906465 0.00682272 0.0060691 0.00862496 0.00745944 0.00791609 0.00763645 0.00445927 0.00900607 0.00763474 0.00791601 0.00454891 0.0109653 0.00706736 0.00890431 0.00706893 0.00767565 0.00597451 0.0075704 0.00587824 0.00609978 0.00757845 0.00761343 0.0082873 0.00608326 0.00768144 
Throughputs: 4.58752 4.65306 4.45645 4.48922 4.68582 2.83443 4.29261 4.25984 3.1785 3.5881 4.25984 3.60448 4.62029 4.1943 4.34176 3.24403 4.63667 4.94797 3.48979 3.32595 4.70221 4.16154 4.24346 4.58752 5.11181 3.6864 4.44006 4.4073 3.52256 4.21069 
Utility: 6.24158 6.42914 6.32353 6.45904 6.24791 6.02934 6.56144 6.20233 6.05468 6.11648 6.32405 6.69495 6.24031 6.30877 6.30715 6.56969 6.04702 6.55124 5.97106 6.1538 6.41774 6.54614 6.32889 6.65984 6.73106 6.1871 6.36851 6.27629 6.3614 6.30657 

--------------------------------------
Time: 17.5016
Split Ratios: 1 0.027 0.973 0.191 0.517 0.292 0.192 0.605 0.203 1 0.192 0.808 1 0.828 0.172 1 0.873 0.083 0.044 1 1 0.09 0.91 0.27 0.243 0.487 0.93 0.07 1 0.473 0.527 0.604 0.396 1 0.562 0.188 0.25 1 1 1 1 1 1 0.428 0.572 0.396 0.604 1 1 
Delays: 0.00892278 0.0075304 0.00795191 0.0070069 0.00906666 0.00690873 0.0060451 0.00842863 0.00753698 0.00784965 0.00765793 0.00447801 0.00906955 0.00766764 0.0077099 0.00453437 0.0108606 0.00701376 0.00902096 0.00691513 0.00754444 0.00601986 0.00752413 0.00594159 0.00616785 0.00748804 0.00748995 0.00818652 0.00610954 0.00764209 
Throughputs: 4.24346 4.25984 4.89882 4.17792 4.34176 3.24403 4.86605 3.93216 3.11296 3.45702 4.04685 3.62086 4.71859 4.58752 3.67002 3.08019 4.4073 4.83328 3.91578 2.62144 5.19373 4.57114 4.1943 4.88243 5.35757 3.34234 5.30842 4.78413 3.57171 3.83386 
Utility: 6.16453 6.33804 6.42334 6.39067 6.17143 6.15179 6.69079 6.14531 6.02351 6.08769 6.26995 6.69529 6.25434 6.39409 6.16545 6.52106 6.00587 6.53541 6.07322 5.93777 6.5344 6.63245 6.32337 6.71142 6.76692 6.10112 6.56349 6.37057 6.37095 6.21796 

--------------------------------------
Time: 18.0016
Split Ratios: 1 0.027 0.973 0.191 0.517 0.292 0.192 0.605 0.203 1 0.192 0.808 1 0.828 0.172 1 0.873 0.083 0.044 1 1 0.09 0.91 0.27 0.243 0.487 0.93 0.07 1 0.473 0.527 0.604 0.396 1 0.562 0.188 0.25 1 1 1 1 1 1 0.428 0.572 0.396 0.604 1 1 
Delays: 0.00887811 0.00753419 0.00813393 0.00687638 0.00901374 0.0071403 0.00603936 0.00829371 0.00748751 0.00787465 0.00769904 0.00448335 0.0089995 0.00759026 0.00777993 0.00454549 0.0108876 0.00691164 0.00899391 0.00708373 0.00741501 0.00606984 0.00749882 0.00593182 0.00609825 0.00759651 0.00753213 0.00828146 0.00602156 0.00775486 
Throughputs: 4.34176 4.63667 4.88243 4.63667 4.35814 3.30957 4.44006 4.34176 3.39149 2.89997 4.37453 3.67002 4.44006 4.80051 3.70278 3.09658 4.29261 4.66944 4.11238 3.12934 4.45645 4.45645 4.25984 4.83328 4.86605 3.29318 5.02989 4.37453 3.29318 4.47283 
Utility: 6.19245 6.4223 6.39735 6.51366 6.18105 6.13882 6.60013 6.26054 6.11579 5.90881 6.34246 6.70758 6.20126 6.44961 6.16529 6.52392 5.97702 6.51559 6.12521 6.09078 6.3986 6.59877 6.34224 6.70295 6.68204 6.07192 6.50398 6.26953 6.30426 6.35746 

--------------------------------------
Time: 18.5017
Split Ratios: 1 0.027 0.973 0.191 0.517 0.292 0.192 0.605 0.203 1 0.192 0.808 1 0.828 0.172 1 0.873 0.083 0.044 1 1 0.09 0.91 0.27 0.243 0.487 0.93 0.07 1 0.473 0.527 0.604 0.396 1 0.562 0.188 0.25 1 1 1 1 1 1 0.428 0.572 0.396 0.604 1 1 
Delays: 0.00880735 0.00746878 0.00814131 0.00676218 0.00906682 0.00705262 0.0059601 0.00844809 0.00759863 0.00778924 0.00765676 0.00442354 0.00896488 0.00759252 0.00801851 0.00451565 0.010453 0.00696729 0.0090617 0.00710914 0.00753993 0.00610951 0.00759018 0.00591028 0.00602841 0.00754796 0.00738378 0.00833039 0.00601683 0.00767012 
Throughputs: 4.44006 4.17792 4.78413 4.45645 3.98131 2.83443 4.11238 4.39091 3.26042 3.53894 4.42368 3.21126 4.58752 4.88243 3.89939 3.3751 4.07962 4.75136 3.98131 3.32595 4.45645 4.47283 4.55475 5.24288 5.19373 3.35872 5.04627 3.9977 3.34234 4.14515 
Utility: 6.22284 6.32684 6.37611 6.49076 6.08474 5.9962 6.53667 6.25335 6.06164 6.11884 6.35914 6.58748 6.23778 6.46623 6.18682 6.61663 5.96687 6.52496 6.08531 6.14813 6.38189 6.59593 6.39707 6.78793 6.75872 6.09804 6.52712 6.17356 6.31986 6.29236 

--------------------------------------
Time: 19.0017
Split Ratios: 1 0.027 0.973 0.191 0.517 0.292 0.192 0.605 0.203 1 0.192 0.808 1 0.828 0.172 1 0.873 0.083 0.044 1 1 0.09 0.91 0.27 0.243 0.487 0.93 0.07 1 0.473 0.527 0.604 0.396 1 0.562 0.188 0.25 1 1 1 1 1 1 0.428 0.572 0.396 0.604 1 1 
Delays: 0.00892718 0.00754691 0.00809878 0.00699579 0.00905857 0.00713406 0.00600516 0.00848647 0.00765723 0.00794568 0.00764969 0.00460152 0.00918383 0.007625 0.00790394 0.00462164 0.0109319 0.00701209 0.00909204 0.0071875 0.00750116 0.00617804 0.0075894 0.00597187 0.00622523 0.00776356 0.00756953 0.00830173 0.00602476 0.0078016 
Throughputs: 4.24346 4.30899 4.86605 4.68582 4.45645 3.60448 4.45645 3.88301 2.85082 3.34234 4.35814 4.03046 4.55475 4.8169 3.57171 3.45702 4.86605 4.86605 3.80109 3.12934 5.04627 5.16096 3.94854 5.60333 5.58694 4.37453 5.43949 4.30899 3.52256 4.17792 
Utility: 6.16403 6.34732 6.39832 6.50699 6.1984 6.22505 6.60949 6.12589 5.91971 6.0418 6.34514 6.77525 6.20648 6.44845 6.11344 6.61741 6.09836 6.5424 6.03564 6.07624 6.51135 6.72788 6.25435 6.84406 6.79958 6.33411 6.57731 6.252 6.37107 6.28324 

--------------------------------------
Time: 19.5018
Split Ratios: 1 0.027 0.973 0.191 0.517 0.292 0.192 0.605 0.203 1 0.192 0.808 1 0.828 0.172 1 0.873 0.083 0.044 1 1 0.09 0.91 0.27 0.243 0.487 0.93 0.07 1 0.473 0.527 0.604 0.396 1 0.562 0.188 0.25 1 1 1 1 1 1 0.428 0.572 0.396 0.604 1 1 
Delays: 0.00887854 0.00744804 0.00792934 0.00700477 0.00927476 0.0070999 0.00606313 0.00858076 0.00749596 0.00790324 0.00765917 0.00446684 0.0090101 0.00770358 0.00784153 0.0045475 0.0107696 0.00698921 0.00900839 0.00697578 0.00757754 0.00598812 0.00747784 0.00588531 0.0060805 0.00765461 0.00743677 0.00812209 0.00616429 0.00758731 
Throughputs: 4.65306 4.22707 5.16096 4.63667 4.4073 2.9655 4.47283 4.45645 3.24403 3.11296 4.34176 3.63725 4.55475 5.43949 3.2768 3.39149 4.22707 5.12819 3.89939 3.63725 5.04627 4.30899 4.1943 4.96435 4.86605 3.7847 5.02989 4.27622 3.32595 3.39149 
Utility: 6.26164 6.34131 6.47831 6.49516 6.16372 6.03472 6.60355 6.25259 6.07021 5.97606 6.34013 6.7023 6.22558 6.55976 6.03519 6.61445 5.97253 6.59814 6.07042 6.25654 6.50122 6.57868 6.32954 6.73758 6.68495 6.20342 6.51672 6.26624 6.29074 6.10255 

--------------------------------------
Time: 20.0019
Split Ratios: 1 0.027 0.973 0.191 0.517 0.292 0.192 0.605 0.203 1 0.192 0.808 1 0.828 0.172 1 0.873 0.083 0.044 1 1 0.09 0.91 0.27 0.243 0.487 0.93 0.07 1 0.473 0.527 0.604 0.396 1 0.562 0.188 0.25 1 1 1 1 1 1 0.428 0.572 0.396 0.604 1 1 
Delays: 0.00889876 0.00749452 0.00788577 0.00698087 0.00902654 0.00692926 0.00615325 0.00844473 0.00745725 0.00776269 0.00764544 0.00446929 0.00908315 0.00765514 0.00786283 0.00449221 0.0107803 0.00700647 0.00891116 0.00696784 0.00756068 0.00609701 0.00751238 0.005876 0.00618635 0.00763254 0.00752506 0.00814675 0.00600527 0.0077557 
Throughputs: 4.37453 4.53837 4.39091 4.25984 4.1943 3.16211 5.19373 4.17792 3.06381 3.03104 4.42368 3.30957 4.39091 4.96435 4.45645 3.21126 4.03046 5.04627 3.3751 3.62086 4.6039 4.65306 4.48922 4.62029 5.02989 4.16154 5.09542 4.65306 3.12934 4.22707 
Utility: 6.19764 6.40615 6.32223 6.41381 6.14131 6.12324 6.73823 6.20403 6.01823 5.96733 6.36062 6.60734 6.18087 6.47466 6.33996 6.57207 5.92391 6.57957 5.93688 6.25316 6.4117 6.63748 6.39288 6.66734 6.70081 6.30122 6.51786 6.34766 6.25594 6.30084 

--------------------------------------
Time: 20.5019
Split Ratios: 1 0.027 0.973 0.191 0.517 0.292 0.192 0.605 0.203 1 0.192 0.808 1 0.828 0.172 1 0.873 0.083 0.044 1 1 0.09 0.91 0.27 0.243 0.487 0.93 0.07 1 0.473 0.527 0.604 0.396 1 0.562 0.188 0.25 1 1 1 1 1 1 0.428 0.572 0.396 0.604 1 1 
Delays: 0.00889056 0.00746709 0.00795033 0.00707006 0.00904086 0.00684698 0.00604365 0.00833959 0.00752835 0.00790559 0.00766552 0.00456238 0.00909875 0.00763334 0.00782583 0.0045349 0.0106502 0.00695631 0.00902726 0.00708412 0.00759144 0.00597906 0.00752659 0.00585601 0.00607009 0.00767497 0.00761159 0.00821403 0.0060544 0.00757662 
Throughputs: 3.83386 4.27622 5.40672 4.62029 4.58752 3.21126 3.94854 4.16154 3.09658 3.47341 4.096 3.45702 4.57114 4.39091 3.91578 3.50618 4.24346 4.8169 3.6864 2.89997 4.73498 4.16154 4.1943 4.66944 5.07904 3.88301 5.21011 4.48922 3.04742 4.42368 
Utility: 6.06664 6.35032 6.52218 6.48234 6.22934 6.15061 6.48209 6.21263 6.01938 6.08532 6.28103 6.63032 6.21938 6.35477 6.21534 6.65048 5.98755 6.54024 6.01216 6.0146 6.43571 6.54538 6.32304 6.68133 6.7295 6.2264 6.52868 6.30359 6.22127 6.36966 

--------------------------------------
Time: 21.002
Split Ratios: 1 0.027 0.973 0.191 0.517 0.292 0.192 0.605 0.203 1 0.192 0.808 1 0.828 0.172 1 0.873 0.083 0.044 1 1 0.09 0.91 0.27 0.243 0.487 0.93 0.07 1 0.473 0.527 0.604 0.396 1 0.562 0.188 0.25 1 1 1 1 1 1 0.428 0.572 0.396 0.604 1 1 
Delays: 0.00888739 0.00763749 0.00830556 0.00670504 0.00911199 0.00725961 0.00606678 0.00863995 0.00750096 0.00792095 0.00772593 0.00443948 0.00904959 0.00764624 0.00797686 0.00457313 0.0108153 0.00699418 0.00900575 0.00713866 0.00769287 0.00609021 0.00752531 0.00589866 0.00610798 0.00758224 0.00751188 0.00821761 0.00609525 0.00779759 
Throughputs: 4.29261 4.01408 4.76774 4.07962 4.096 3.2768 4.75136 4.39091 3.35872 3.2768 4.73498 3.57171 4.55475 4.5056 4.53837 3.29318 3.89939 4.96435 4.1943 3.19488 5.09542 4.63667 4.14515 5.09542 4.70221 4.01408 4.84966 4.62029 3.63725 3.83386 
Utility: 6.18002 6.26449 6.3527 6.4109 6.10818 6.1123 6.66336 6.2309 6.10428 6.02511 6.41815 6.69026 6.22121 6.37886 6.34378 6.57941 5.88762 6.56496 6.14362 6.10378 6.4958 6.63507 6.31142 6.76137 6.64619 6.27175 6.47018 6.33193 6.39147 6.19781 

--------------------------------------
Time: 21.502
Split Ratios: 1 0.027 0.973 0.191 0.517 0.292 0.192 0.605 0.203 1 0.192 0.808 1 0.828 0.172 1 0.873 0.083 0.044 1 1 0.09 0.91 0.27 0.243 0.487 0.93 0.07 1 0.473 0.527 0.604 0.396 1 0.562 0.188 0.25 1 1 1 1 1 1 0.428 0.572 0.396 0.604 1 1 
Delays: 0.00880067 0.00747454 0.00811797 0.00689821 0.0090582 0.00696858 0.00603348 0.0083206 0.00762283 0.00787959 0.00775041 0.00450543 0.00905272 0.00758756 0.00794009 0.00453381 0.0108896 0.00697866 0.00910138 0.0070812 0.00752585 0.00624786 0.00769084 0.00586583 0.00617536 0.00763631 0.00744063 0.00830633 0.00599578 0.00769965 
Throughputs: 4.17792 4.5056 4.62029 4.45645 3.81747 2.89997 4.53837 4.14515 3.71917 3.30957 4.75136 4.07962 4.44006 4.66944 4.22707 3.44064 4.30899 5.12819 3.94854 3.55533 4.76774 4.68582 4.5056 4.63667 5.24288 4.1943 5.52141 4.42368 3.08019 3.73555 
Utility: 6.16274 6.40157 6.34413 6.47084 6.04367 6.03104 6.623 6.21096 6.19011 6.0403 6.41844 6.80847 6.19536 6.42229 6.27734 6.63185 5.98065 6.59965 6.07268 6.21876 6.45128 6.62006 6.37305 6.67261 6.74406 6.30857 6.60943 6.27771 6.24169 6.18448 

--------------------------------------
Time: 22.002
Split Ratios: 1 0.027 0.973 0.191 0.517 0.292 0.192 0.605 0.203 1 0.192 0.808 1 0.828 0.172 1 0.873 0.083 0.044 1 1 0.09 0.91 0.27 0.243 0.487 0.93 0.07 1 0.473 0.527 0.604 0.396 1 0.562 0.188 0.25 1 1 1 1 1 1 0.428 0.572 0.396 0.604 1 1 
Delays: 0.00887727 0.00754589 0.00790529 0.00685471 0.0090075 0.00697611 0.00610806 0.00832847 0.00761268 0.00801767 0.00762686 0.00453516 0.00917757 0.00762416 0.0078798 0.00452715 0.0109124 0.00701386 0.00910933 0.007039 0.00745746 0.00609782 0.00758708 0.00593411 0.00601925 0.00763939 0.00744546 0.00821863 0.00603192 0.00771721 
Throughputs: 4.48922 4.35814 4.58752 3.96493 3.85024 2.88358 4.42368 4.16154 3.63725 3.12934 4.1943 3.75194 4.80051 4.71859 4.24346 3.01466 4.35814 4.65306 3.91578 3.14573 4.93158 4.76774 4.62029 4.35814 4.57114 4.24346 4.75136 4.44006 3.35872 4.11238 
Utility: 6.22594 6.3588 6.36356 6.36031 6.05783 6.0243 6.58512 6.21396 6.16917 5.96693 6.30981 6.71817 6.25972 6.42794 6.28883 6.50115 5.9899 6.49739 6.06347 6.10233 6.4942 6.6617 6.41177 6.59908 6.63255 6.31982 6.45858 6.29202 6.32225 6.27831 

--------------------------------------
Time: 22.502
Split Ratios: 1 0.027 0.973 0.191 0.517 0.292 0.192 0.605 0.203 1 0.192 0.808 1 0.828 0.172 1 0.873 0.083 0.044 1 1 0.09 0.91 0.27 0.243 0.487 0.93 0.07 1 0.473 0.527 0.604 0.396 1 0.562 0.188 0.25 1 1 1 1 1 1 0.428 0.572 0.396 0.604 1 1 
Delays: 0.00893817 0.00756773 0.00808341 0.00689112 0.00907922 0.00695412 0.0061231 0.00840718 0.00753663 0.00796659 0.00763758 0.00449317 0.00901492 0.00767755 0.00808639 0.00449741 0.010762 0.00704186 0.00903217 0.00718649 0.00756312 0.00619156 0.00767789 0.00591931 0.00616495 0.00754473 0.00754134 0.00841062 0.00607668 0.00777684 
Throughputs: 4.42368 4.27622 5.06266 4.4073 4.34176 2.85082 4.48922 4.5056 3.1785 3.5881 4.37453 3.67002 4.48922 4.45645 4.47283 3.47341 4.48922 4.8169 4.12877 3.5881 4.8169 4.8169 4.30899 5.0135 5.34118 3.76832 5.2265 4.57114 3.50618 4.17792 
Utility: 6.2044 6.33693 6.43983 6.46078 6.17005 6.01603 6.59737 6.28399 6.04439 6.11012 6.35047 6.70539 6.21055 6.36381 6.31559 6.64939 6.03342 6.52801 6.12494 6.21317 6.4566 6.6567 6.33011 6.74167 6.76432 6.21354 6.5411 6.29802 6.35782 6.28642 

--------------------------------------
Time: 23.0021
Split Ratios: 1 0.027 0.973 0.191 0.517 0.292 0.192 0.605 0.203 1 0.192 0.808 1 0.828 0.172 1 0.873 0.083 0.044 1 1 0.09 0.91 0.27 0.243 0.487 0.93 0.07 1 0.473 0.527 0.604 0.396 1 0.562 0.188 0.25 1 1 1 1 1 1 0.428 0.572 0.396 0.604 1 1 
Delays: 0.0088252 0.00752205 0.00812785 0.00705793 0.00914438 0.00715622 0.00609684 0.00846985 0.00754295 0.0078196 0.00764714 0.0044995 0.00905286 0.00767029 0.00785611 0.00448711 0.0109694 0.00695444 0.00906062 0.007174 0.00747564 0.00608226 0.00750719 0.00596303 0.00617813 0.00754118 0.00764934 0.00826673 0.00608756 0.00779144 
Throughputs: 4.03046 4.65306 5.07904 4.6039 4.75136 3.26042 4.70221 4.35814 3.35872 3.08019 4.37453 3.3751 4.48922 5.02989 3.83386 3.12934 4.21069 4.6039 3.71917 3.24403 4.62029 4.65306 4.04685 4.78413 5.35757 4.06323 5.04627 4.55475 3.5881 4.16154 
Utility: 6.12403 6.42744 6.43758 6.48051 6.25305 6.12163 6.64802 6.24329 6.0987 5.97611 6.34922 6.62021 6.20635 6.4858 6.19033 6.54737 5.95027 6.49528 6.01732 6.11411 6.42656 6.6399 6.28983 6.68748 6.76525 6.28936 6.49179 6.31169 6.37913 6.28061 

--------------------------------------
Time: 23.5022
Split Ratios: 1 0.027 0.973 0.191 0.517 0.292 0.192 0.605 0.203 1 0.192 0.808 1 0.828 0.172 1 0.873 0.083 0.044 1 1 0.09 0.91 0.27 0.243 0.487 0.93 0.07 1 0.473 0.527 0.604 0.396 1 0.562 0.188 0.25 1 1 1 1 1 1 0.428 0.572 0.396 0.604 1 1 
Delays: 0.00885698 0.00762417 0.0080145 0.00714578 0.00916859 0.00699272 0.00619668 0.00841254 0.0076093 0.00783736 0.00773117 0.00456903 0.00916276 0.00770602 0.0079771 0.00459496 0.0106106 0.00696793 0.00896051 0.00706908 0.00750164 0.00614096 0.00755596 0.00588177 0.00607019 0.007634 0.00752574 0.00823713 0.00602736 0.00777115 
Throughputs: 4.47283 4.83328 4.94797 4.66944 4.58752 3.35872 4.9152 4.58752 3.19488 3.42426 4.4073 3.76832 4.42368 4.86605 3.96493 3.7847 4.34176 4.55475 3.76832 3.45702 4.98074 4.83328 4.34176 4.42368 4.93158 3.7847 5.50502 4.71859 3.14573 4.1943 
Utility: 6.22457 6.45196 6.42548 6.48227 6.21531 6.17445 6.67607 6.30137 6.03993 6.07974 6.34576 6.71508 6.17958 6.44804 6.20867 6.71376 6.01418 6.48261 6.04156 6.19243 6.49821 6.6683 6.3537 6.62287 6.70003 6.20611 6.59509 6.35061 6.25749 6.29106 

--------------------------------------
Time: 24.0024
Split Ratios: 1 0.027 0.973 0.191 0.517 0.292 0.192 0.605 0.203 1 0.192 0.808 1 0.828 0.172 1 0.873 0.083 0.044 1 1 0.09 0.91 0.27 0.243 0.487 0.93 0.07 1 0.473 0.527 0.604 0.396 1 0.562 0.188 0.25 1 1 1 1 1 1 0.428 0.572 0.396 0.604 1 1 
Delays: 0.00885015 0.00749244 0.00794714 0.00707681 0.00911258 0.00680965 0.00603596 0.00844597 0.00746673 0.00784103 0.00766402 0.00446626 0.0091056 0.00772376 0.0078849 0.00454087 0.010813 0.0069551 0.00895671 0.00701595 0.00754564 0.00604939 0.00750872 0.00592419 0.00613712 0.00764105 0.00764123 0.00826778 0.0060925 0.00754744 
Throughputs: 4.27622 4.4073 4.35814 4.21069 4.42368 2.71974 4.83328 4.34176 3.04742 3.3751 4.70221 3.39149 4.73498 5.35757 4.096 3.55533 4.48922 4.6039 3.76832 3.34234 4.78413 4.48922 4.48922 4.58752 5.2265 4.07962 5.09542 4.39091 3.55533 3.7847 
Utility: 6.18039 6.37712 6.30699 6.38856 6.18507 5.98995 6.68555 6.24235 6.01159 6.06481 6.41925 6.63247 6.25384 6.54196 6.25282 6.66308 6.02868 6.49518 6.04198 6.16624 6.45209 6.60948 6.39337 6.65205 6.74714 6.28022 6.50254 6.27493 6.36914 6.21751 

--------------------------------------
Time: 24.5024
Split Ratios: 1 0.027 0.973 0.191 0.517 0.292 0.192 0.605 0.203 1 0.192 0.808 1 0.828 0.172 1 0.873 0.083 0.044 1 1 0.09 0.91 0.27 0.243 0.487 0.93 0.07 1 0.473 0.527 0.604 0.396 1 0.562 0.188 0.25 1 1 1 1 1 1 0.428 0.572 0.396 0.604 1 1 
Delays: 0.00889989 0.00744781 0.00797472 0.00695923 0.00917092 0.00673503 0.00610669 0.008454 0.0074192 0.00798178 0.00775281 0.00447009 0.00917034 0.00768108 0.00789184 0.0044576 0.0110755 0.00703255 0.00893574 0.00699367 0.00770366 0.00604029 0.00765773 0.00591818 0.00618606 0.00752873 0.00750724 0.00838851 0.00606272 0.0076182 
Throughputs: 4.39091 4.1943 4.48922 5.07904 4.93158 3.14573 4.44006 4.39091 2.91635 3.24403 4.75136 3.29318 4.34176 4.9152 4.25984 3.3751 4.34176 5.30842 3.71917 3.19488 4.89882 4.6039 4.44006 4.57114 5.25926 3.93216 5.61971 4.55475 3.21126 4.07962 
Utility: 6.20125 6.33356 6.33316 6.59281 6.28738 6.14648 6.58904 6.25265 5.97402 6.00741 6.41813 6.6022 6.16006 6.46133 6.29116 6.62957 5.9713 6.6265 6.0312 6.1243 6.45505 6.63621 6.36271 6.64949 6.74545 6.25822 6.61817 6.29706 6.27226 6.28322 

--------------------------------------
Time: 25.0024
Split Ratios: 1 0.027 0.973 0.191 0.517 0.292 0.192 0.605 0.203 1 0.192 0.808 1 0.828 0.172 1 0.873 0.083 0.044 1 1 0.09 0.91 0.27 0.243 0.487 0.93 0.07 1 0.473 0.527 0.604 0.396 1 0.562 0.188 0.25 1 1 1 1 1 1 0.428 0.572 0.396 0.604 1 1 
Delays: 0.0088497 0.00743207 0.00814472 0.00688527 0.0090635 0.00710348 0.00614038 0.00837867 0.00750159 0.00787863 0.00766385 0.00451861 0.00896488 0.0077285 0.00787995 0.00456623 0.010658 0.00696065 0.0090138 0.00697345 0.00746665 0.00599262 0.0074661 0.00591075 0.00620132 0.00760919 0.00758209 0.00813207 0.0060501 0.00754512 
Throughputs: 4.24346 3.70278 4.58752 4.98074 4.70221 2.98189 4.98074 4.47283 3.30957 3.29318 4.07962 3.35872 4.06323 5.14458 4.39091 3.29318 4.22707 4.94797 3.60448 2.78528 4.48922 3.86662 3.80109 4.80051 5.75078 3.98131 5.40672 4.12877 3.26042 3.86662 
Utility: 6.17275 6.21104 6.33373 6.58395 6.25153 6.03973 6.69845 6.28009 6.08946 6.03546 6.27724 6.61111 6.11642 6.50078 6.32297 6.58092 5.98296 6.56646 5.99118 5.98999 6.39899 6.46961 6.23267 6.6997 6.83233 6.26001 6.56961 6.22992 6.28953 6.23924 

--------------------------------------
Time: 25.5024
Split Ratios: 1 0.027 0.973 0.191 0.517 0.292 0.192 0.605 0.203 1 0.192 0.808 1 0.828 0.172 1 0.873 0.083 0.044 1 1 0.09 0.91 0.27 0.243 0.487 0.93 0.07 1 0.473 0.527 0.604 0.396 1 0.562 0.188 0.25 1 1 1 1 1 1 0.428 0.572 0.396 0.604 1 1 
Delays: 0.00885965 0.00759666 0.00828205 0.00713642 0.00926679 0.0071298 0.0061304 0.00840309 0.00751661 0.00797658 0.0077523 0.00450892 0.00911684 0.00780684 0.00792797 0.0045716 0.0109361 0.00704446 0.00907857 0.00718257 0.00773334 0.00605456 0.00754762 0.0058092 0.00627805 0.00755611 0.0074225 0.00818208 0.00624261 0.00777708 
Throughputs: 4.21069 4.30899 4.58752 4.42368 4.39091 3.12934 4.65306 4.52198 2.7689 2.85082 4.57114 3.35872 4.73498 5.16096 4.53837 3.52256 4.4073 4.9152 3.96493 3.75194 4.93158 4.70221 4.34176 4.21069 5.53779 3.98131 4.76774 4.1943 3.98131 3.9977 
Utility: 6.16387 6.34075 6.317 6.42952 6.16085 6.0843 6.63202 6.28811 5.90909 5.87885 6.37953 6.61326 6.25261 6.49388 6.34993 6.64708 5.99894 6.54785 6.07933 6.25837 6.45788 6.65498 6.3548 6.58594 6.78229 6.26701 6.46511 6.23954 6.45797 6.24229 

--------------------------------------
Time: 26.0024
Split Ratios: 1 0.027 0.973 0.191 0.517 0.292 0.192 0.605 0.203 1 0.192 0.808 1 0.828 0.172 1 0.873 0.083 0.044 1 1 0.09 0.91 0.27 0.243 0.487 0.93 0.07 1 0.473 0.527 0.604 0.396 1 0.562 0.188 0.25 1 1 1 1 1 1 0.428 0.572 0.396 0.604 1 1 
Delays: 0.00878858 0.00751162 0.00793835 0.00692279 0.00890509 0.00707827 0.00613586 0.00864727 0.00749195 0.00786775 0.00753589 0.00449781 0.00903269 0.00760846 0.00797398 0.00461164 0.0109287 0.00695706 0.00897027 0.00706222 0.00761164 0.00606506 0.00750042 0.00593409 0.00609371 0.00756145 0.00755968 0.00822746 0.00601594 0.00773206 
Throughputs: 4.29261 4.65306 4.73498 4.44006 4.096 3.21126 4.75136 4.58752 3.45702 3.3751 4.11238 3.29318 4.89882 5.02989 4.03046 3.48979 3.98131 4.71859 3.40787 3.06381 5.21011 4.75136 4.32538 4.44006 5.14458 4.06323 5.37395 4.62029 3.50618 4.17792 
Utility: 6.1912 6.42883 6.39103 6.46361 6.13114 6.11739 6.65204 6.27385 6.13433 6.06141 6.30208 6.59602 6.2959 6.49389 6.22545 6.62901 5.89798 6.51951 5.93993 6.07265 6.52868 6.66364 6.3573 6.61771 6.73844 6.28667 6.56649 6.33073 6.36787 6.29219 

--------------------------------------
Time: 26.5024
Split Ratios: 1 0.027 0.973 0.191 0.517 0.292 0.192 0.605 0.203 1 0.192 0.808 1 0.828 0.172 1 0.873 0.083 0.044 1 1 0.09 0.91 0.27 0.243 0.487 0.93 0.07 1 0.473 0.527 0.604 0.396 1 0.562 0.188 0.25 1 1 1 1 1 1 0.428 0.572 0.396 0.604 1 1 
Delays: 0.00889512 0.00740178 0.00810031 0.0069614 0.00906811 0.00709614 0.00600069 0.00851922 0.00750542 0.00794139 0.00766067 0.00446344 0.00907054 0.00772453 0.0080057 0.00453464 0.0106673 0.00697759 0.00905026 0.00685827 0.00756608 0.00606114 0.00759835 0.0059401 0.00616767 0.00762813 0.00739738 0.00827322 0.00604387 0.00766918 
Throughputs: 4.34176 4.42368 4.58752 4.53837 4.71859 2.99827 4.62029 4.4073 3.14573 3.42426 4.27622 3.62086 4.30899 4.86605 3.71917 3.04742 4.35814 5.16096 3.70278 3.08019 4.94797 4.71859 4.096 4.96435 5.12819 4.27622 5.24288 3.7847 3.03104 3.91578 
Utility: 6.19053 6.39301 6.33919 6.47994 6.2545 6.04624 6.64634 6.24869 6.03818 6.06655 6.32473 6.69855 6.16343 6.44564 6.1411 6.51031 6.01262 6.60617 6.01405 6.10729 6.48306 6.65737 6.28983 6.72831 6.72319 6.32898 6.5635 6.1257 6.21762 6.23556 

--------------------------------------
Time: 27.0026
Split Ratios: 1 0.027 0.973 0.191 0.517 0.292 0.192 0.605 0.203 1 0.192 0.808 1 0.828 0.172 1 0.873 0.083 0.044 1 1 0.09 0.91 0.27 0.243 0.487 0.93 0.07 1 0.473 0.527 0.604 0.396 1 0.562 0.188 0.25 1 1 1 1 1 1 0.428 0.572 0.396 0.604 1 1 
Delays: 0.00883336 0.00745262 0.00781925 0.00699901 0.00913969 0.00699235 0.00609211 0.00842865 0.00742062 0.00794532 0.00761772 0.00451555 0.00899193 0.00766909 0.00791774 0.00450016 0.010767 0.00701143 0.00892562 0.00700753 0.00753267 0.00615627 0.00747868 0.00592665 0.00619007 0.00771912 0.00745835 0.00816954 0.00599329 0.00773665 
Throughputs: 4.12877 4.24346 4.88243 4.24346 4.39091 3.14573 4.58752 4.68582 3.01466 3.03104 4.096 3.42426 4.47283 4.80051 4.096 2.98189 3.91578 4.70221 3.32595 3.2768 5.04627 4.5056 4.32538 4.99712 5.30842 3.91578 4.8169 4.5056 3.14573 3.94854 
Utility: 6.1472 6.34457 6.43681 6.40736 6.17467 6.10898 6.6241 6.32066 6.00698 5.94408 6.28729 6.63111 6.20945 6.43928 6.24866 6.4962 5.89629 6.50825 5.92059 6.14764 6.50716 6.5956 6.3602 6.73716 6.7541 6.22907 6.47055 6.31266 6.26316 6.23513 

--------------------------------------
Time: 27.5026
Split Ratios: 1 0.027 0.973 0.191 0.517 0.292 0.192 0.605 0.203 1 0.192 0.808 1 0.828 0.172 1 0.873 0.083 0.044 1 1 0.09 0.91 0.27 0.243 0.487 0.93 0.07 1 0.473 0.527 0.604 0.396 1 0.562 0.188 0.25 1 1 1 1 1 1 0.428 0.572 0.396 0.604 1 1 
Delays: 0.00883511 0.00740403 0.00801093 0.00699787 0.00916516 0.00697726 0.00601741 0.00850843 0.00743453 0.00794983 0.00763435 0.00452096 0.00899178 0.00767907 0.00781198 0.0045361 0.0106636 0.00708948 0.00903419 0.00712079 0.00754153 0.00606415 0.00751444 0.00589618 0.0061641 0.00755748 0.00753809 0.00826747 0.00615335 0.0076609 
Throughputs: 3.80109 4.03046 4.9152 4.53837 4.65306 3.09658 4.24346 4.48922 3.09658 2.99827 4.29261 3.96493 4.58752 4.8169 4.17792 3.42426 4.58752 5.04627 3.98131 3.01466 4.8169 3.91578 4.03046 4.22707 5.52141 4.12877 4.78413 4.86605 3.80109 3.96493 
Utility: 6.06431 6.29961 6.41928 6.47472 6.22987 6.0954 6.55848 6.26838 6.03192 5.93264 6.33199 6.77652 6.23478 6.44139 6.28191 6.62657 6.06426 6.56779 6.08835 6.04822 6.45946 6.47037 6.28481 6.57496 6.79765 6.3032 6.45309 6.37771 6.42605 6.24911 

--------------------------------------
Time: 28.0029
Split Ratios: 1 0.027 0.973 0.191 0.517 0.292 0.192 0.605 0.203 1 0.192 0.808 1 0.828 0.172 1 0.873 0.083 0.044 1 1 0.09 0.91 0.27 0.243 0.487 0.93 0.07 1 0.473 0.527 0.604 0.396 1 0.562 0.188 0.25 1 1 1 1 1 1 0.428 0.572 0.396 0.604 1 1 
Delays: 0.00886164 0.00747254 0.00807002 0.00700082 0.0092217 0.00686534 0.00606932 0.00841723 0.00745199 0.00785857 0.00771685 0.00446353 0.008998 0.0077263 0.00791866 0.00446226 0.0105012 0.00696551 0.00899395 0.007096 0.00747721 0.00606262 0.00756062 0.00587228 0.00613324 0.00756397 0.00760074 0.00824092 0.0060375 0.00766007 
Throughputs: 4.4073 4.24346 4.70221 3.88301 4.44006 3.11296 4.53837 4.44006 2.93274 3.04742 4.47283 3.60448 4.53837 4.17792 4.01408 3.1785 4.12877 4.48922 4.01408 3.03104 4.73498 4.71859 4.1943 4.78413 5.06266 3.73555 4.86605 4.55475 3.34234 4.30899 
Utility: 6.20928 6.3419 6.36763 6.31834 6.17686 6.11684 6.61708 6.26814 5.97521 5.96045 6.36237 6.69399 6.22332 6.29294 6.22834 6.56851 5.97425 6.46846 6.10101 6.05713 6.45087 6.65712 6.31853 6.70282 6.71592 6.20225 6.46179 6.31481 6.31644 6.33244 

--------------------------------------
Time: 28.5029
Split Ratios: 1 0.027 0.973 0.191 0.517 0.292 0.192 0.605 0.203 1 0.192 0.808 1 0.828 0.172 1 0.873 0.083 0.044 1 1 0.09 0.91 0.27 0.243 0.487 0.93 0.07 1 0.473 0.527 0.604 0.396 1 0.562 0.188 0.25 1 1 1 1 1 1 0.428 0.572 0.396 0.604 1 1 
Delays: 0.00884987 0.00747045 0.00796141 0.00703051 0.00918792 0.0070636 0.00621998 0.00846482 0.00746419 0.00774402 0.00781022 0.00454322 0.00918609 0.00773086 0.00796876 0.00447203 0.0109019 0.00695942 0.00890812 0.00709975 0.0075562 0.00606368 0.00764291 0.00589267 0.00603802 0.00760048 0.00735755 0.00827455 0.0061281 0.00773302 
Throughputs: 4.24346 4.17792 4.65306 4.57114 4.62029 3.22765 4.4073 4.47283 3.11296 3.32595 4.34176 3.45702 4.5056 4.89882 4.62029 3.32595 4.53837 4.68582 3.91578 3.06381 4.22707 4.17792 4.44006 4.71859 4.9152 4.096 4.84966 4.44006 3.62086 4.1943 
Utility: 6.17273 6.32661 6.37067 6.47726 6.22032 6.12455 6.56325 6.26986 6.03321 6.06259 6.3206 6.63453 6.19539 6.45153 6.36268 6.61167 6.03139 6.5122 6.08581 6.06735 6.3269 6.53525 6.36465 6.68556 6.70201 6.28956 6.49094 6.28524 6.38158 6.29598 

--------------------------------------
Time: 29.0029
Split Ratios: 1 0.027 0.973 0.191 0.517 0.292 0.192 0.605 0.203 1 0.192 0.808 1 0.828 0.172 1 0.873 0.083 0.044 1 1 0.09 0.91 0.27 0.243 0.487 0.93 0.07 1 0.473 0.527 0.604 0.396 1 0.562 0.188 0.25 1 1 1 1 1 1 0.428 0.572 0.396 0.604 1 1 
Delays: 0.00888418 0.00762506 0.00811032 0.00707685 0.009251 0.00677387 0.00599865 0.00833976 0.00741341 0.00794548 0.00804162 0.00454314 0.00920963 0.00772254 0.00785213 0.00449334 0.0106211 0.00691439 0.00894312 0.00711767 0.00745172 0.00611593 0.00750197 0.0059309 0.00620052 0.00763778 0.00753433 0.00817748 0.0061278 0.00763135 
Throughputs: 4.48922 4.45645 4.34176 4.53837 4.58752 3.2768 4.24346 4.5056 3.1785 3.22765 4.86605 3.57171 4.89882 4.44006 4.07962 3.06381 4.42368 4.65306 3.62086 3.16211 4.63667 4.66944 3.67002 4.83328 5.09542 4.03046 5.57056 4.30899 3.80109 3.83386 
Utility: 6.22516 6.37067 6.2829 6.46349 6.20636 6.18155 6.5616 6.29204 6.06087 6.00691 6.40541 6.66718 6.2765 6.35428 6.25297 6.52482 6.03189 6.51167 6.00358 6.09642 6.43331 6.6379 6.19279 6.70311 6.71146 6.26853 6.60578 6.26707 6.43021 6.21936 

--------------------------------------
Time: 29.5029
Split Ratios: 1 0.027 0.973 0.191 0.517 0.292 0.192 0.605 0.203 1 0.192 0.808 1 0.828 0.172 1 0.873 0.083 0.044 1 1 0.09 0.91 0.27 0.243 0.487 0.93 0.07 1 0.473 0.527 0.604 0.396 1 0.562 0.188 0.25 1 1 1 1 1 1 0.428 0.572 0.396 0.604 1 1 
Delays: 0.00883008 0.00747572 0.00793594 0.00698872 0.00909882 0.00697515 0.00604067 0.00829775 0.00749655 0.00783202 0.0076112 0.00451326 0.00898514 0.00761721 0.00774928 0.00455101 0.0107186 0.00697039 0.00898492 0.00693676 0.00751169 0.00610467 0.00753569 0.00588723 0.00612053 0.00760003 0.00739031 0.00822059 0.00602707 0.00764155 
Throughputs: 4.5056 4.1943 4.5056 4.66944 4.06323 3.22765 4.37453 4.01408 2.78528 3.01466 4.30899 3.24403 4.39091 4.89882 3.71917 3.80109 4.21069 4.89882 3.76832 3.22765 4.44006 4.6039 4.37453 4.98074 5.43949 3.98131 5.58694 4.58752 3.5881 4.07962 
Utility: 6.23491 6.32982 6.34167 6.5045 6.10159 6.13715 6.58504 6.18158 5.91766 5.95302 6.33884 6.57755 6.19172 6.46634 6.17366 6.72769 5.9734 6.55508 6.03884 6.14267 6.38196 6.62561 6.3639 6.74055 6.78979 6.26121 6.62802 6.32445 6.38912 6.28016 

--------------------------------------
Time: 30.003
Split Ratios: 1 0.027 0.973 0.191 0.517 0.292 0.192 0.605 0.203 1 0.192 0.808 1 0.828 0.172 1 0.873 0.083 0.044 1 1 0.09 0.91 0.27 0.243 0.487 0.93 0.07 1 0.473 0.527 0.604 0.396 1 0.562 0.188 0.25 1 1 1 1 1 1 0.428 0.572 0.396 0.604 1 1 
Delays: 0.00899561 0.00744717 0.00786748 0.00689514 0.00917362 0.00678311 0.0062414 0.00858318 0.00748561 0.00788667 0.00767714 0.00450118 0.00911946 0.00777108 0.00806509 0.00449527 0.0108925 0.0070327 0.00903576 0.006953 0.00757187 0.00601497 0.00764883 0.00594441 0.00612489 0.00760809 0.00754269 0.00830867 0.00613718 0.00758843 
Throughputs: 5.02989 3.91578 4.57114 4.6039 4.5056 3.47341 4.84966 4.27622 3.04742 2.91635 4.29261 3.57171 4.48922 5.02989 4.52198 3.22765 4.47283 5.17734 3.89939 3.09658 5.12819 4.48922 3.7847 4.83328 4.94797 4.11238 4.98074 4.52198 3.34234 3.93216 
Utility: 6.32642 6.26493 6.36478 6.50384 6.19674 6.23846 6.65546 6.21102 6.00907 5.91291 6.3264 6.67646 6.19902 6.47274 6.32916 6.57648 6.0177 6.60148 6.06739 6.09888 6.51807 6.61518 6.20417 6.70083 6.69437 6.29255 6.49275 6.29941 6.30006 6.25032 

--------------------------------------
Time: 30.5031
Split Ratios: 1 0.027 0.973 0.191 0.517 0.292 0.192 0.605 0.203 1 0.192 0.808 1 0.828 0.172 1 0.873 0.083 0.044 1 1 0.09 0.91 0.27 0.243 0.487 0.93 0.07 1 0.473 0.527 0.604 0.396 1 0.562 0.188 0.25 1 1 1 1 1 1 0.428 0.572 0.396 0.604 1 1 
Delays: 0.00881272 0.00750337 0.0081144 0.00698706 0.00906722 0.00676906 0.00605536 0.00844126 0.00750839 0.00781005 0.00757139 0.00448393 0.00893436 0.00759057 0.00784482 0.00451107 0.0106771 0.00713658 0.00904652 0.00713366 0.00746662 0.00605833 0.00755574 0.00586235 0.0062124 0.00748275 0.00758004 0.0082679 0.00613249 0.007652 
Throughputs: 4.44006 4.44006 4.80051 4.39091 4.5056 2.65421 4.62029 4.07962 3.42426 3.03104 4.11238 3.81747 4.25984 4.68582 4.22707 3.30957 4.83328 4.83328 3.67002 3.16211 4.83328 4.76774 4.24346 4.35814 5.43949 3.5881 4.94797 4.32538 3.85024 3.76832 
Utility: 6.22223 6.38307 6.38284 6.44323 6.20841 5.97154 6.63727 6.18063 6.12262 5.96125 6.29738 6.74684 6.16708 6.42539 6.28941 6.59804 6.11518 6.51805 6.00557 6.09417 6.47284 6.66819 6.33083 6.61125 6.77489 6.17278 6.48121 6.25987 6.44229 6.19942 

--------------------------------------
Time: 31.0032
Split Ratios: 1 0.027 0.973 0.191 0.517 0.292 0.192 0.605 0.203 1 0.192 0.808 1 0.828 0.172 1 0.873 0.083 0.044 1 1 0.09 0.91 0.27 0.243 0.487 0.93 0.07 1 0.473 0.527 0.604 0.396 1 0.562 0.188 0.25 1 1 1 1 1 1 0.428 0.572 0.396 0.604 1 1 
Delays: 0.00885312 0.00751333 0.00809345 0.00705619 0.00915287 0.00683942 0.00612891 0.00833175 0.00752572 0.00786393 0.00765045 0.00449505 0.0090023 0.0076922 0.00792086 0.00450566 0.0107694 0.00705966 0.00905669 0.00689974 0.00735092 0.00604238 0.0076199 0.00587975 0.0060911 0.00759302 0.00740749 0.00816938 0.00607863 0.00765999 
Throughputs: 4.58752 4.27622 4.6039 4.4073 4.86605 3.08019 4.5056 4.29261 3.01466 3.09658 4.25984 3.60448 4.16154 4.55475 4.32538 3.47341 4.8169 4.66944 3.55533 3.47341 4.22707 4.42368 4.1943 4.78413 4.84966 3.42426 5.40672 4.29261 3.60448 3.96493 
Utility: 6.25032 6.34415 6.3436 6.43711 6.27597 6.11004 6.60006 6.24458 5.99291 5.97577 6.32222 6.68695 6.13616 6.38372 6.30275 6.64756 6.10318 6.4944 5.9727 6.22141 6.35444 6.59593 6.31072 6.70154 6.67984 6.11141 6.59291 6.26426 6.38515 6.24923 

--------------------------------------
Time: 31.5032
Split Ratios: 1 0.027 0.973 0.191 0.517 0.292 0.192 0.605 0.203 1 0.192 0.808 1 0.828 0.172 1 0.873 0.083 0.044 1 1 0.09 0.91 0.27 0.243 0.487 0.93 0.07 1 0.473 0.527 0.604 0.396 1 0.562 0.188 0.25 1 1 1 1 1 1 0.428 0.572 0.396 0.604 1 1 
Delays: 0.00883087 0.0074882 0.00797608 0.0068102 0.00918258 0.00704448 0.00611881 0.0085694 0.00748416 0.00811808 0.00767645 0.00452585 0.00905222 0.00768513 0.00795237 0.0045522 0.0107933 0.00705269 0.0089973 0.00712909 0.00756822 0.0061706 0.00756364 0.0059548 0.00621232 0.00765839 0.00747872 0.00825567 0.00611293 0.00771277 
Throughputs: 4.6039 4.53837 4.73498 4.52198 4.8169 3.35872 4.21069 4.71859 2.8672 3.21126 4.35814 3.63725 4.76774 5.12819 4.37453 3.62086 3.81747 4.65306 3.70278 2.91635 4.4073 4.83328 4.16154 5.07904 5.37395 3.98131 5.0135 4.78413 3.48979 3.52256 
Utility: 6.25641 6.40699 6.38629 6.49829 6.26258 6.16707 6.53401 6.31107 5.9483 5.98033 6.34164 6.68918 6.26662 6.50322 6.31008 6.67886 5.86842 6.49187 6.01992 6.01391 6.36706 6.66348 6.31029 6.74868 6.76278 6.25357 6.50783 6.36216 6.34719 6.12407 

--------------------------------------
Time: 32.0033
Split Ratios: 1 0.027 0.973 0.191 0.517 0.292 0.192 0.605 0.203 1 0.192 0.808 1 0.828 0.172 1 0.873 0.083 0.044 1 1 0.09 0.91 0.27 0.243 0.487 0.93 0.07 1 0.473 0.527 0.604 0.396 1 0.562 0.188 0.25 1 1 1 1 1 1 0.428 0.572 0.396 0.604 1 1 
Delays: 0.00885705 0.00753159 0.00824799 0.00685097 0.00901401 0.0070448 0.00605871 0.00856124 0.00745024 0.00791207 0.00765037 0.00455118 0.00907426 0.00761773 0.00770926 0.00446522 0.0108166 0.00708054 0.00897976 0.00696729 0.00757727 0.00613098 0.0075962 0.00595329 0.00623326 0.00756397 0.00771032 0.00837563 0.00602578 0.00767646 
Throughputs: 4.63667 4.55475 5.02989 4.93158 3.81747 2.89997 4.86605 4.66944 2.98189 3.14573 4.06323 3.81747 4.76774 4.76774 3.67002 3.35872 4.30899 5.19373 3.47341 3.09658 4.8169 4.62029 4.11238 4.39091 5.25926 3.47341 4.63667 4.4073 3.44064 4.1943 
Utility: 6.26054 6.40482 6.41318 6.57903 6.04856 6.02017 6.68854 6.30155 5.99207 5.98541 6.27498 6.73196 6.26419 6.43915 6.16553 6.623 5.98738 6.59786 5.95792 6.09683 6.45473 6.62486 6.29411 6.60335 6.73785 6.1295 6.39919 6.26569 6.34737 6.30332 

--------------------------------------
Time: 32.5033
Split Ratios: 1 0.027 0.973 0.191 0.517 0.292 0.192 0.605 0.203 1 0.192 0.808 1 0.828 0.172 1 0.873 0.083 0.044 1 1 0.09 0.91 0.27 0.243 0.487 0.93 0.07 1 0.473 0.527 0.604 0.396 1 0.562 0.188 0.25 1 1 1 1 1 1 0.428 0.572 0.396 0.604 1 1 
Delays: 0.00892519 0.00749123 0.00783422 0.00713287 0.00923512 0.00699433 0.00611223 0.008589 0.00739778 0.00790554 0.00780926 0.0045626 0.00919904 0.00766764 0.00786734 0.00452932 0.0105007 0.00702333 0.00889495 0.00696902 0.00759601 0.0060218 0.00753526 0.00584425 0.00604877 0.0076065 0.0074355 0.00825337 0.00602968 0.00764672 
Throughputs: 4.6039 4.25984 4.75136 4.42368 4.21069 2.94912 4.75136 4.04685 3.22765 3.22765 5.04627 3.89939 5.02989 4.84966 4.34176 3.06381 4.55475 4.78413 3.34234 3.48979 4.9152 4.24346 4.1943 4.70221 5.11181 3.83386 4.76774 4.32538 3.85024 4.04685 
Utility: 6.24578 6.34325 6.40768 6.43001 6.12237 6.04416 6.65589 6.15521 6.07833 6.01195 6.47109 6.75068 6.30405 6.44966 6.31332 6.51684 6.07248 6.52382 5.92894 6.21612 6.47246 6.55775 6.32189 6.69033 6.73945 6.22262 6.46336 6.26163 6.4592 6.27142 

--------------------------------------
Time: 33.0033
Split Ratios: 1 0.027 0.973 0.191 0.517 0.292 0.192 0.605 0.203 1 0.192 0.808 1 0.828 0.172 1 0.873 0.083 0.044 1 1 0.09 0.91 0.27 0.243 0.487 0.93 0.07 1 0.473 0.527 0.604 0.396 1 0.562 0.188 0.25 1 1 1 1 1 1 0.428 0.572 0.396 0.604 1 1 
Delays: 0.00893819 0.00749101 0.00789269 0.00690134 0.00923518 0.00706051 0.00626141 0.00840318 0.00750312 0.00774524 0.00773935 0.00452567 0.00893885 0.00771342 0.00802655 0.00444174 0.0106108 0.00712909 0.008962 0.00707803 0.00752364 0.00611335 0.00763845 0.00588455 0.0061389 0.00755631 0.00767997 0.00834158 0.00610789 0.00786531 
Throughputs: 4.42368 4.34176 4.83328 4.48922 5.07904 3.26042 4.94797 3.98131 3.2768 3.1785 4.22707 3.48979 4.11238 4.55475 4.70221 2.93274 4.62029 4.39091 3.73555 3.35872 4.93158 4.9152 4.04685 5.21011 5.21011 3.65363 4.89882 4.34176 3.30957 4.11238 
Utility: 6.20439 6.36233 6.41734 6.47772 6.30986 6.13509 6.67233 6.16076 6.0793 6.01708 6.30295 6.64783 6.13135 6.38096 6.37303 6.49265 6.07634 6.42311 6.03266 6.16232 6.48537 6.68961 6.2725 6.78603 6.74371 6.18109 6.45813 6.25478 6.29499 6.2593 

--------------------------------------
Time: 33.5033
Split Ratios: 1 0.027 0.973 0.191 0.517 0.292 0.192 0.605 0.203 1 0.192 0.808 1 0.828 0.172 1 0.873 0.083 0.044 1 1 0.09 0.91 0.27 0.243 0.487 0.93 0.07 1 0.473 0.527 0.604 0.396 1 0.562 0.188 0.25 1 1 1 1 1 1 0.428 0.572 0.396 0.604 1 1 
Delays: 0.00893825 0.00760401 0.00795589 0.0071404 0.00908589 0.00707306 0.00605506 0.0083395 0.00748532 0.00790131 0.00769891 0.00452776 0.00910373 0.00768889 0.00776787 0.00450924 0.0108876 0.00698991 0.00900478 0.00713755 0.00754766 0.00606785 0.00750315 0.00590866 0.00607432 0.00758778 0.00748787 0.0082717 0.00605557 0.00768253 
Throughputs: 4.6039 4.52198 4.88243 4.24346 4.68582 3.16211 4.45645 4.32538 3.30957 3.30957 4.42368 3.5881 4.58752 5.02989 3.55533 3.34234 4.52198 4.48922 4.03046 3.50618 4.76774 4.55475 4.29261 5.34118 5.52141 3.6864 5.19373 4.42368 3.67002 3.98131 
Utility: 6.24432 6.38803 6.41949 6.38736 6.24557 6.1027 6.60121 6.25125 6.09163 6.03754 6.35365 6.67515 6.22241 6.48338 6.12621 6.6083 6.02908 6.46497 6.10388 6.19691 6.44839 6.62092 6.34933 6.80678 6.81232 6.18587 6.54192 6.28189 6.40697 6.25042 

--------------------------------------
Time: 34.0034
Split Ratios: 1 0.027 0.973 0.191 0.517 0.292 0.192 0.605 0.203 1 0.192 0.808 1 0.828 0.172 1 0.873 0.083 0.044 1 1 0.09 0.91 0.27 0.243 0.487 0.93 0.07 1 0.473 0.527 0.604 0.396 1 0.562 0.188 0.25 1 1 1 1 1 1 0.428 0.572 0.396 0.604 1 1 
Delays: 0.00885584 0.00750027 0.00812521 0.00675602 0.00905597 0.00700658 0.00600488 0.00849876 0.00749919 0.00786024 0.0077243 0.00441291 0.0089816 0.00762646 0.00787255 0.0045397 0.0109045 0.0070345 0.00893397 0.00702663 0.00745668 0.00601261 0.00754489 0.00594199 0.00624681 0.0075495 0.00771531 0.00821133 0.00601158 0.0075507 
Throughputs: 4.55475 4.34176 4.52198 4.11238 4.16154 3.26042 4.39091 4.27622 3.06381 3.22765 4.65306 2.91635 4.88243 4.68582 4.12877 3.67002 4.096 4.93158 3.85024 3.06381 4.94797 4.88243 4.04685 4.63667 5.17734 3.86662 5.16096 4.58752 3.2768 3.76832 
Utility: 6.24285 6.3611 6.32173 6.41132 6.13022 6.14276 6.59472 6.22091 6.01262 6.01769 6.40091 6.49355 6.29822 6.42067 6.26235 6.69509 5.92859 6.55259 6.06603 6.07771 6.49762 6.69954 6.28482 6.65971 6.71998 6.23866 6.50567 6.32558 6.30094 6.21274 

--------------------------------------
Time: 34.5034
Split Ratios: 1 0.027 0.973 0.191 0.517 0.292 0.192 0.605 0.203 1 0.192 0.808 1 0.828 0.172 1 0.873 0.083 0.044 1 1 0.09 0.91 0.27 0.243 0.487 0.93 0.07 1 0.473 0.527 0.604 0.396 1 0.562 0.188 0.25 1 1 1 1 1 1 0.428 0.572 0.396 0.604 1 1 
Delays: 0.00881503 0.00755071 0.00814116 0.00693192 0.00912805 0.00695239 0.0060843 0.0084475 0.00745832 0.00793049 0.00759736 0.00449996 0.00905575 0.00762473 0.00787494 0.0044943 0.010794 0.00697799 0.00892037 0.00709148 0.00758879 0.00610479 0.0075018 0.00593071 0.00616307 0.00763731 0.00765637 0.00817871 0.00602793 0.00768257 
Throughputs: 3.86662 4.45645 4.84966 4.04685 4.70221 2.89997 4.55475 4.45645 3.21126 3.26042 4.47283 3.44064 4.8169 4.86605 4.4073 3.14573 4.53837 4.88243 3.55533 3.42426 5.06266 4.63667 4.58752 4.83328 5.04627 3.85024 5.09542 4.11238 3.71917 4.096 
Utility: 6.08368 6.38047 6.38973 6.36956 6.24444 6.03337 6.61821 6.26824 6.06509 6.0189 6.37798 6.63934 6.27648 6.45864 6.32733 6.55099 6.04134 6.55064 5.98787 6.17975 6.50297 6.63268 6.41595 6.70314 6.70783 6.22285 6.50056 6.22022 6.42485 6.27881 

--------------------------------------
Time: 35.0034
Split Ratios: 1 0.027 0.973 0.191 0.517 0.292 0.192 0.605 0.203 1 0.192 0.808 1 0.828 0.172 1 0.873 0.083 0.044 1 1 0.09 0.91 0.27 0.243 0.487 0.93 0.07 1 0.473 0.527 0.604 0.396 1 0.562 0.188 0.25 1 1 1 1 1 1 0.428 0.572 0.396 0.604 1 1 
Delays: 0.00879884 0.00749537 0.00816632 0.00700264 0.0090867 0.00706655 0.00615515 0.00856787 0.00754422 0.00808395 0.00770614 0.00454771 0.0092144 0.00770888 0.00790749 0.00452467 0.0107386 0.00688708 0.00901647 0.00699832 0.00756561 0.00615568 0.00748023 0.00591602 0.00608882 0.00773899 0.00751704 0.0082512 0.00600717 0.00769243 
Throughputs: 4.24346 4.12877 4.58752 5.04627 4.34176 3.11296 4.58752 4.35814 2.8672 3.55533 4.29261 3.1785 4.53837 4.78413 3.94854 3.24403 4.01408 4.66944 4.22707 3.34234 4.70221 4.48922 4.01408 5.37395 5.07904 4.16154 5.66886 4.4073 3.57171 3.89939 
Utility: 6.17851 6.31145 6.33108 6.58012 6.16922 6.08796 6.61381 6.23178 5.94031 6.08632 6.32263 6.54954 6.19956 6.43069 6.21329 6.57503 5.92372 6.51915 6.15021 6.16875 6.43217 6.59206 6.2853 6.81165 6.72642 6.28737 6.62557 6.28066 6.38785 6.22834 

--------------------------------------
Time: 35.5034
Split Ratios: 1 0.027 0.973 0.191 0.517 0.292 0.192 0.605 0.203 1 0.192 0.808 1 0.828 0.172 1 0.873 0.083 0.044 1 1 0.09 0.91 0.27 0.243 0.487 0.93 0.07 1 0.473 0.527 0.604 0.396 1 0.562 0.188 0.25 1 1 1 1 1 1 0.428 0.572 0.396 0.604 1 1 
Delays: 0.00891694 0.00767381 0.00808484 0.00688404 0.00912712 0.00716297 0.00609734 0.00851002 0.0074741 0.00785134 0.00782378 0.0045159 0.00925447 0.00761423 0.00789199 0.00452935 0.0108949 0.00698426 0.00898656 0.00711149 0.00754877 0.00604919 0.00747258 0.00589763 0.00608776 0.00759662 0.00757073 0.00817733 0.0060292 0.00769529 
Throughputs: 4.75136 4.53837 5.2265 4.34176 4.45645 2.99827 4.34176 4.42368 2.88358 3.30957 4.52198 3.81747 5.11181 5.0135 4.32538 3.29318 4.47283 5.16096 3.7847 3.53894 4.65306 4.84966 3.91578 4.30899 5.09542 3.65363 4.89882 3.89939 2.98189 4.29261 
Utility: 6.27823 6.38251 6.47151 6.44683 6.19086 6.03687 6.56818 6.25348 5.95535 6.04389 6.35954 6.73974 6.3142 6.48987 6.30641 6.58903 6.01748 6.60522 6.04299 6.20987 6.42389 6.68674 6.26153 6.59391 6.72982 6.17577 6.47246 6.16721 6.2037 6.32404 

--------------------------------------
Time: 36.0035
Split Ratios: 1 0.027 0.973 0.191 0.517 0.292 0.192 0.605 0.203 1 0.192 0.808 1 0.828 0.172 1 0.873 0.083 0.044 1 1 0.09 0.91 0.27 0.243 0.487 0.93 0.07 1 0.473 0.527 0.604 0.396 1 0.562 0.188 0.25 1 1 1 1 1 1 0.428 0.572 0.396 0.604 1 1 
Delays: 0.00882785 0.00746836 0.00797946 0.0069687 0.00898157 0.00726903 0.00609734 0.00849886 0.00743039 0.0078971 0.0076124 0.00447282 0.00902428 0.00760773 0.00787511 0.00448734 0.0105815 0.00695708 0.00902656 0.00702002 0.00752404 0.00621216 0.00749765 0.00594038 0.00619756 0.00767696 0.00777989 0.00826777 0.00596678 0.00772924 
Throughputs: 4.30899 4.24346 4.63667 4.5056 4.42368 3.57171 5.07904 4.01408 3.22765 3.34234 4.48922 3.19488 4.58752 4.71859 3.65363 2.88358 4.12877 4.86605 3.65363 3.29318 5.12819 4.78413 4.24346 5.12819 5.0135 3.57171 5.24288 3.89939 3.1785 4.24346 
Utility: 6.19055 6.34246 6.36488 6.47165 6.19955 6.19718 6.72502 6.15763 6.07393 6.04793 6.37966 6.57129 6.23118 6.4301 6.13977 6.46553 5.96663 6.55028 6.00331 6.15084 6.52441 6.64655 6.33854 6.76074 6.69573 6.14258 6.51308 6.15621 6.27796 6.30812 

