--------------------------------------
Time: 5.50016
Split Ratios: 1 1 1 1 0.5 0.5 0.5 0.5 1 1 0.5 0.5 1 1 1 1 1 0.5 0.5 0.5 0.5 0.333333 0.333333 0.333333 0.333333 0.333333 0.333333 1 1 1 0.333333 0.333333 0.333333 1 0.5 0.5 1 0.5 0.5 1 1 0.5 0.5 0.5 0.5 
Delays: 0.015353 0.00778359 0.00804428 0.00758701 0.0110754 0.0108318 0.00614764 0.00758192 0.00925729 0.00580008 0.00797281 0.00610783 0.00815265 0.00801475 0.00765367 0.00855985 0.00964536 0.0102739 0.00586047 0.00755488 0.00821156 0.0114622 0.00581107 0.00571804 0.00833542 0.0126711 0.015449 0.00770148 0.0132978 0.00852223 
Throughputs: 0.917504 0.835584 1.04858 1.08134 0.933888 0.868352 0.835584 0.835584 0.671744 0.90112 0.933888 0.90112 1.21242 0.868352 0.90112 0.786432 0.98304 0.90112 1.14688 0.917504 0.90112 0.753664 0.98304 0.835584 1.11411 0.884736 0.802816 0.851968 0.884736 0.966656 
Utility: 4.09035 4.67611 4.87023 4.95952 4.43463 4.38412 4.91206 4.70236 4.28447 5.04577 4.76332 4.99407 5.00203 4.68531 4.76845 4.52042 4.62417 4.47403 5.27657 4.79946 4.6981 4.18589 5.13089 4.9845 4.8953 4.24596 3.95058 4.70614 4.19769 4.73116 

--------------------------------------
Time: 6.00026
Split Ratios: 1 1 1 1 0.208 0.792 0.769 0.231 1 1 0.514 0.486 1 1 1 1 1 0.51 0.49 0.567 0.433 0.398 0.523 0.079 0.501 0.306 0.193 1 1 1 0.4 0.095 0.505 1 0.066 0.934 1 0.323 0.677 1 1 0.734 0.266 0.283 0.717 
Delays: 0.0151578 0.00787884 0.00805633 0.00747816 0.0126069 0.0108498 0.00602074 0.00768873 0.009142 0.00584869 0.0081594 0.00675698 0.0078873 0.00810976 0.00752382 0.00839986 0.0095874 0.0106556 0.00602588 0.00776479 0.0080995 0.0107941 0.00579676 0.00559041 0.00818488 0.0124448 0.0157947 0.00761896 0.0118574 0.00852442 
Throughputs: 0.884736 1.06496 0.835584 0.90112 0.950272 0.868352 0.770048 0.802816 0.966656 0.90112 1.03219 1.03219 1.06496 0.802816 0.950272 0.688128 0.884736 0.999424 1.27795 1.03219 0.770048 0.950272 0.720896 1.04858 0.868352 1.01581 0.90112 0.851968 1.01581 1.14688 
Utility: 4.06677 4.90651 4.64167 4.79165 4.32251 4.38245 4.85124 4.64837 4.66096 5.03742 4.84027 5.02886 4.90544 4.59506 4.83867 4.40576 4.52484 4.54109 5.35695 4.88984 4.55465 4.47775 4.8232 5.23414 4.66431 4.40214 4.04397 4.71691 4.45049 4.90187 

--------------------------------------
Time: 6.5009
Split Ratios: 1 1 1 1 0.208 0.792 0.769 0.231 1 1 0.514 0.486 1 1 1 1 1 0.51 0.49 0.567 0.433 0.398 0.523 0.079 0.501 0.306 0.193 1 1 1 0.4 0.095 0.505 1 0.066 0.934 1 0.323 0.677 1 1 0.734 0.266 0.283 0.717 
Delays: 0.0155276 0.00760092 0.0079665 0.00750113 0.0120727 0.0107094 0.00613873 0.00760501 0.00865224 0.00578745 0.00826866 0.00605699 0.00794317 0.00797437 0.00756951 0.0086631 0.00963729 0.0103159 0.00589866 0.00770793 0.00812712 0.0110188 0.00577154 0.0056312 0.00805101 0.0123158 0.0155296 0.00771108 0.0119559 0.00864656 
Throughputs: 0.933888 0.933888 0.90112 0.802816 1.09773 0.999424 0.720896 0.999424 1.03219 0.720896 0.622592 1.11411 0.851968 0.786432 0.933888 1.06496 0.868352 0.999424 1.01581 0.90112 1.04858 1.01581 0.933888 0.966656 0.917504 0.802816 0.917504 0.90112 1.24518 1.17965 
Utility: 4.09674 4.81109 4.72839 4.67307 4.51005 4.53606 4.76588 4.87837 4.78162 4.8248 4.32142 5.2146 4.67524 4.59127 4.81523 4.81162 4.50096 4.5735 5.14871 4.76139 4.85998 4.52384 5.08642 5.14552 4.73586 4.17724 4.07891 4.76098 4.64582 4.91581 

--------------------------------------
Time: 7.00146
Split Ratios: 1 1 1 1 0.208 0.792 0.769 0.231 1 1 0.514 0.486 1 1 1 1 1 0.51 0.49 0.567 0.433 0.398 0.523 0.079 0.501 0.306 0.193 1 1 1 0.4 0.095 0.505 1 0.066 0.934 1 0.323 0.677 1 1 0.734 0.266 0.283 0.717 
Delays: 0.0151945 0.00784912 0.00792293 0.00746696 0.0120357 0.0104891 0.006036 0.00757631 0.00886942 0.00587134 0.00809642 0.00631926 0.00807604 0.00805493 0.00754274 0.00859611 0.00974749 0.0103542 0.00604057 0.00764772 0.00794652 0.0108766 0.00584699 0.0056272 0.00821919 0.0125429 0.0155477 0.00772813 0.0123729 0.00904475 
Throughputs: 0.90112 0.966656 1.2288 0.8192 1.03219 0.802816 0.868352 0.950272 1.03219 0.770048 0.999424 1.01581 1.09773 0.770048 0.786432 0.999424 1.14688 0.835584 1.26157 0.73728 0.966656 0.933888 0.999424 0.868352 0.851968 0.802816 0.98304 1.03219 0.966656 0.966656 
Utility: 4.08271 4.81344 5.04403 4.69784 4.45156 4.33779 4.96885 4.83172 4.75683 4.87637 4.81576 5.07984 4.9121 4.56017 4.64692 4.75587 4.76779 4.39074 5.34161 4.56856 4.80111 4.45274 5.14125 5.03898 4.64108 4.15897 4.14674 4.89457 4.35833 4.67166 

--------------------------------------
Time: 7.50173
Split Ratios: 1 1 1 1 0.208 0.792 0.769 0.231 1 1 0.514 0.486 1 1 1 1 1 0.51 0.49 0.567 0.433 0.398 0.523 0.079 0.501 0.306 0.193 1 1 1 0.4 0.095 0.505 1 0.066 0.934 1 0.323 0.677 1 1 0.734 0.266 0.283 0.717 
Delays: 0.0152215 0.00781416 0.00807118 0.00759154 0.0122561 0.0110052 0.00620138 0.00754229 0.00904427 0.00588256 0.00797442 0.0062533 0.0081052 0.00811144 0.00751008 0.00868672 0.00974138 0.0103383 0.00593795 0.00759625 0.00816934 0.0106464 0.00581549 0.00559219 0.0082525 0.0120024 0.0156088 0.00768031 0.0112623 0.00934646 
Throughputs: 0.868352 0.851968 1.01581 0.868352 1.01581 0.999424 0.851968 0.8192 0.753664 0.884736 1.06496 0.999424 0.917504 1.06496 1.06496 0.786432 0.999424 0.868352 1.14688 0.966656 0.753664 0.868352 1.08134 0.917504 0.950272 0.589824 0.884736 0.753664 1.14688 0.917504 
Utility: 4.04389 4.69161 4.83514 4.73956 4.41742 4.50881 4.92278 4.6878 4.42282 5.0133 4.89445 5.07407 4.72915 4.87742 4.95445 4.50571 4.6308 4.43074 5.26344 4.84619 4.52456 4.40137 5.22543 5.10029 4.74623 3.89471 4.03746 4.58629 4.62334 4.58666 

--------------------------------------
Time: 8.00174
Split Ratios: 1 1 1 1 0.208 0.792 0.769 0.231 1 1 0.514 0.486 1 1 1 1 1 0.51 0.49 0.567 0.433 0.398 0.523 0.079 0.501 0.306 0.193 1 1 1 0.4 0.095 0.505 1 0.066 0.934 1 0.323 0.677 1 1 0.734 0.266 0.283 0.717 
Delays: 0.0152682 0.00774732 0.00790591 0.00755071 0.0124907 0.0108908 0.00594357 0.00752473 0.00926243 0.00578459 0.00789076 0.00615678 0.00814523 0.00786291 0.0074986 0.008506 0.00955888 0.0103413 0.00592764 0.0077686 0.00794919 0.0102324 0.00579457 0.00563162 0.00797135 0.0121897 0.0155019 0.00761732 0.0118607 0.00841195 
Throughputs: 0.884736 1.01581 1.17965 0.688128 1.03219 0.966656 0.73728 0.98304 0.802816 0.90112 0.884736 0.868352 0.720896 0.950272 0.8192 0.884736 0.98304 1.24518 1.04858 0.917504 0.8192 0.8192 0.933888 0.671744 0.851968 0.868352 0.802816 0.8192 1.06496 0.999424 
Utility: 4.05951 4.87609 5.00536 4.51233 4.41445 4.48592 4.82066 4.87246 4.46216 5.04844 4.7196 4.94904 4.48306 4.79459 4.69361 4.64452 4.63318 4.79089 5.17556 4.77157 4.63526 4.38277 5.08243 4.78148 4.6717 4.26601 3.94716 4.6779 4.49746 4.77753 

--------------------------------------
Time: 8.50198
Split Ratios: 1 1 1 1 0.208 0.792 0.769 0.231 1 1 0.514 0.486 1 1 1 1 1 0.51 0.49 0.567 0.433 0.398 0.523 0.079 0.501 0.306 0.193 1 1 1 0.4 0.095 0.505 1 0.066 0.934 1 0.323 0.677 1 1 0.734 0.266 0.283 0.717 
Delays: 0.0153209 0.00765805 0.00796512 0.00750795 0.0124417 0.0103245 0.00590718 0.00751297 0.00864174 0.00588293 0.00792108 0.00614648 0.00796312 0.0078637 0.00755167 0.00835059 0.00967998 0.010095 0.00581366 0.0075933 0.00808109 0.0108175 0.0058489 0.0056125 0.00823679 0.0122159 0.0152991 0.00773607 0.0112271 0.00858736 
Throughputs: 0.933888 0.868352 1.04858 0.786432 0.917504 0.835584 0.802816 0.950272 0.966656 0.98304 1.03219 1.09773 1.11411 0.966656 0.98304 0.720896 1.04858 0.753664 0.933888 0.950272 1.09773 0.933888 0.98304 0.73728 0.917504 0.8192 0.884736 0.933888 1.03219 0.884736 
Utility: 4.11014 4.73084 4.88012 4.65154 4.3006 4.39361 4.91196 4.84012 4.71724 5.11859 4.86991 5.18512 4.94099 4.81159 4.86888 4.45816 4.68513 4.31291 5.07915 4.82948 4.91147 4.4582 5.1244 4.87797 4.71305 4.20559 4.0575 4.79346 4.52111 4.635 

--------------------------------------
Time: 9.00216
Split Ratios: 1 1 1 1 0.208 0.792 0.769 0.231 1 1 0.514 0.486 1 1 1 1 1 0.51 0.49 0.567 0.433 0.398 0.523 0.079 0.501 0.306 0.193 1 1 1 0.4 0.095 0.505 1 0.066 0.934 1 0.323 0.677 1 1 0.734 0.266 0.283 0.717 
Delays: 0.0153398 0.0079188 0.00785748 0.00752308 0.0123801 0.010328 0.0061501 0.00768451 0.00866147 0.00574335 0.00819503 0.00620325 0.00792611 0.00806569 0.0075471 0.00857226 0.00978796 0.0105453 0.00599554 0.00762704 0.00811391 0.0106486 0.00581747 0.0056331 0.00805203 0.0120032 0.0152364 0.00766 0.0114967 0.0083518 
Throughputs: 1.04858 0.851968 0.868352 0.933888 1.03219 0.98304 0.835584 0.704512 0.638976 0.786432 0.999424 1.06496 1.21242 0.90112 0.884736 1.01581 1.19603 0.868352 0.90112 0.90112 1.11411 0.98304 1.2288 0.917504 0.868352 0.8192 0.90112 0.999424 0.966656 0.8192 
Utility: 4.22474 4.67831 4.70513 4.82138 4.42335 4.55579 4.91166 4.5183 4.30098 4.91946 4.80365 5.14562 5.03021 4.71602 4.76413 4.77491 4.80561 4.41092 5.01262 4.77194 4.92223 4.52522 5.35293 5.093 4.68067 4.22316 4.07995 4.87117 4.43178 4.58585 

--------------------------------------
Time: 9.50245
Split Ratios: 1 1 1 1 0.208 0.792 0.769 0.231 1 1 0.514 0.486 1 1 1 1 1 0.51 0.49 0.567 0.433 0.398 0.523 0.079 0.501 0.306 0.193 1 1 1 0.4 0.095 0.505 1 0.066 0.934 1 0.323 0.677 1 1 0.734 0.266 0.283 0.717 
Delays: 0.0154119 0.00769181 0.00796742 0.00742195 0.0119415 0.0107952 0.00609828 0.00752337 0.00882847 0.00578232 0.00804001 0.00638922 0.00797974 0.00801552 0.00757632 0.00864839 0.00963303 0.0103434 0.00604195 0.00781838 0.0079306 0.0105806 0.00588753 0.00564207 0.0080858 0.0124964 0.0155015 0.00762677 0.0113703 0.00856922 
Throughputs: 1.01581 0.966656 0.90112 0.851968 0.917504 0.802816 0.770048 0.802816 0.950272 0.704512 0.999424 1.06496 0.950272 0.90112 0.8192 1.11411 0.8192 0.851968 1.14688 0.98304 0.90112 0.851968 0.917504 0.917504 0.868352 0.868352 0.851968 0.90112 1.06496 1.08134 
Utility: 4.1883 4.83369 4.72828 4.74311 4.34164 4.30903 4.83845 4.67011 4.67877 4.8027 4.82275 5.11608 4.77984 4.72226 4.6833 4.85844 4.44313 4.4112 5.24607 4.83417 4.73291 4.38852 5.04882 5.09141 4.67649 4.24115 4.00661 4.77197 4.53969 4.83778 

--------------------------------------
Time: 10.0034
Split Ratios: 1 1 1 1 0.208 0.792 0.769 0.231 1 1 0.514 0.486 1 1 1 1 1 0.51 0.49 0.567 0.433 0.398 0.523 0.079 0.501 0.306 0.193 1 1 1 0.4 0.095 0.505 1 0.066 0.934 1 0.323 0.677 1 1 0.734 0.266 0.283 0.717 
Delays: 0.015251 0.00780831 0.00792098 0.00752022 0.0123873 0.0104274 0.00595331 0.0075539 0.00916007 0.00580275 0.00798765 0.00622907 0.00788203 0.00792705 0.00757981 0.00865771 0.00972008 0.0104347 0.00593827 0.00787623 0.00797972 0.0104292 0.00576751 0.00569778 0.00805374 0.0124446 0.015551 0.0076734 0.0115836 0.00896103 
Throughputs: 0.851968 0.999424 0.933888 0.90112 1.01581 0.950272 0.933888 0.966656 0.884736 0.933888 0.966656 1.03219 1.03219 0.98304 1.09773 0.802816 1.04858 0.851968 1.01581 0.917504 0.8192 0.933888 0.950272 0.999424 0.917504 0.90112 0.917504 0.868352 0.90112 1.01581 
Utility: 4.02291 4.85199 4.76984 4.78604 4.40676 4.51231 5.05541 4.85178 4.57044 5.08102 4.79595 5.11021 4.87485 4.82037 4.97551 4.52968 4.68099 4.40241 5.14202 4.75781 4.63142 4.49474 5.10451 5.1671 4.73552 4.28235 4.07753 4.72884 4.35405 4.73055 

--------------------------------------
Time: 10.5042
Split Ratios: 1 1 1 1 0.208 0.792 0.769 0.231 1 1 0.514 0.486 1 1 1 1 1 0.51 0.49 0.567 0.433 0.398 0.523 0.079 0.501 0.306 0.193 1 1 1 0.4 0.095 0.505 1 0.066 0.934 1 0.323 0.677 1 1 0.734 0.266 0.283 0.717 
Delays: 0.0155591 0.00791623 0.00800652 0.00754781 0.0122709 0.0106783 0.00621755 0.00758212 0.00889031 0.0057235 0.00796301 0.00629597 0.00798987 0.00806634 0.00749183 0.008405 0.00981594 0.0102796 0.00589686 0.00782325 0.00799723 0.0106859 0.00571675 0.00561778 0.00820251 0.0121896 0.0155921 0.00766902 0.0118774 0.00871444 
Throughputs: 1.01581 1.09773 1.04858 0.917504 1.08134 0.868352 0.950272 0.868352 0.868352 0.802816 0.8192 0.8192 1.14688 0.966656 0.688128 0.770048 1.40902 0.720896 1.01581 0.884736 0.868352 0.933888 0.851968 0.868352 0.90112 0.933888 0.851968 0.90112 0.851968 0.90112 
Utility: 4.1788 4.93208 4.87493 4.8004 4.47873 4.39838 5.02937 4.7408 4.58163 4.94355 4.63352 4.86842 4.96663 4.78614 4.52016 4.51763 4.96665 4.25033 5.14902 4.72819 4.6875 4.47043 5.00415 5.04066 4.6992 4.33878 4.00079 4.76645 4.27291 4.63866 

--------------------------------------
Time: 11.0043
Split Ratios: 1 1 1 1 0.208 0.792 0.769 0.231 1 1 0.514 0.486 1 1 1 1 1 0.51 0.49 0.567 0.433 0.398 0.523 0.079 0.501 0.306 0.193 1 1 1 0.4 0.095 0.505 1 0.066 0.934 1 0.323 0.677 1 1 0.734 0.266 0.283 0.717 
Delays: 0.0152342 0.0077837 0.00821306 0.00753486 0.0125691 0.0108277 0.00596326 0.00764507 0.00914336 0.00586249 0.00788607 0.00654062 0.00804423 0.00835616 0.00753923 0.00887477 0.00958153 0.0103291 0.00601061 0.00780229 0.00826014 0.0106323 0.005782 0.00556737 0.0082397 0.0125895 0.0154366 0.0077166 0.0116205 0.00873685 
Throughputs: 0.753664 0.770048 1.06496 0.802816 0.999424 0.950272 0.90112 0.884736 0.933888 1.08134 1.16326 1.09773 1.08134 0.868352 0.884736 0.90112 1.01581 0.999424 0.90112 0.868352 0.933888 0.835584 0.966656 0.770048 0.802816 0.835584 0.770048 0.802816 0.933888 0.933888 
Utility: 3.9014 4.59442 4.86497 4.66859 4.37594 4.47464 5.01802 4.75123 4.62633 5.21739 4.99389 5.12297 4.901 4.6436 4.76517 4.62043 4.6636 4.57222 5.01011 4.71218 4.72791 4.36423 5.11909 4.92953 4.57916 4.19527 3.90971 4.64475 4.38658 4.67181 

--------------------------------------
Time: 11.5044
Split Ratios: 1 1 1 1 0.208 0.792 0.769 0.231 1 1 0.514 0.486 1 1 1 1 1 0.51 0.49 0.567 0.433 0.398 0.523 0.079 0.501 0.306 0.193 1 1 1 0.4 0.095 0.505 1 0.066 0.934 1 0.323 0.677 1 1 0.734 0.266 0.283 0.717 
Delays: 0.0152539 0.00784502 0.00807556 0.00748166 0.0125143 0.0112654 0.00604335 0.00753576 0.00859242 0.00579726 0.0080193 0.00610129 0.00844725 0.00811073 0.00754787 0.0085884 0.00965714 0.0104648 0.00587674 0.00754012 0.00795507 0.0103231 0.00574884 0.00563834 0.00806883 0.0123376 0.015517 0.00765288 0.0117964 0.00931457 
Throughputs: 0.950272 1.01581 0.868352 0.8192 1.21242 1.14688 1.06496 0.966656 0.786432 1.08134 0.999424 0.933888 1.01581 0.802816 1.03219 0.770048 1.04858 0.933888 0.884736 0.835584 1.09773 0.704512 0.966656 1.03219 0.950272 0.704512 0.884736 0.720896 1.06496 1.2288 
Utility: 4.13191 4.86356 4.67776 4.69587 4.5735 4.62307 5.17173 4.85418 4.51663 5.22857 4.82533 5.03086 4.7896 4.59494 4.91817 4.49604 4.68749 4.49133 5.01429 4.70789 4.92719 4.22312 5.12485 5.20985 4.76874 4.04485 4.04336 4.54541 4.5029 4.88221 

--------------------------------------
Time: 12.0047
Split Ratios: 1 1 1 1 0.208 0.792 0.769 0.231 1 1 0.514 0.486 1 1 1 1 1 0.51 0.49 0.567 0.433 0.398 0.523 0.079 0.501 0.306 0.193 1 1 1 0.4 0.095 0.505 1 0.066 0.934 1 0.323 0.677 1 1 0.734 0.266 0.283 0.717 
Delays: 0.0153496 0.00765348 0.00824896 0.00749001 0.0124934 0.0111798 0.00595288 0.00759605 0.00899433 0.00581379 0.00791671 0.00633029 0.00848728 0.00804963 0.00746079 0.00857689 0.00963085 0.0105659 0.00587636 0.00764188 0.00788847 0.0107864 0.00572865 0.00559005 0.00819397 0.0119649 0.0158739 0.00780483 0.011538 0.00898107 
Throughputs: 0.917504 1.1305 1.06496 0.851968 0.966656 1.03219 0.720896 0.868352 0.835584 0.90112 0.851968 1.04858 1.24518 1.03219 0.802816 0.851968 0.950272 0.933888 1.17965 0.98304 0.851968 0.98304 0.802816 1.06496 0.786432 1.01581 0.786432 0.868352 1.03219 1.03219 
Utility: 4.09057 4.99525 4.86061 4.73398 4.34864 4.52533 4.79662 4.73897 4.53154 5.04341 4.67857 5.10984 4.98847 4.85381 4.67846 4.59848 4.59178 4.48173 5.30203 4.85701 4.68215 4.51236 4.94265 5.2497 4.56411 4.44146 3.90283 4.71185 4.4938 4.74432 

--------------------------------------
Time: 12.5049
Split Ratios: 1 1 1 1 0.208 0.792 0.769 0.231 1 1 0.514 0.486 1 1 1 1 1 0.51 0.49 0.567 0.433 0.398 0.523 0.079 0.501 0.306 0.193 1 1 1 0.4 0.095 0.505 1 0.066 0.934 1 0.323 0.677 1 1 0.734 0.266 0.283 0.717 
Delays: 0.0152919 0.00784532 0.00793293 0.00760328 0.0125653 0.010652 0.00591388 0.00749275 0.00878472 0.00581035 0.00792019 0.00630488 0.00801787 0.0082605 0.00746226 0.00874167 0.00972428 0.0103735 0.00585339 0.00778543 0.00814947 0.0101935 0.00566975 0.00562691 0.00808635 0.0122466 0.0154583 0.00760474 0.0118333 0.00862125 
Throughputs: 0.933888 1.24518 0.966656 0.98304 1.17965 0.90112 0.753664 0.966656 0.868352 0.770048 0.868352 1.08134 1.08134 0.8192 0.933888 1.06496 0.98304 0.802816 1.08134 0.90112 0.98304 0.868352 0.884736 0.770048 0.638976 1.01581 0.884736 0.770048 1.08134 0.868352 
Utility: 4.11203 5.06712 4.80282 4.86207 4.54203 4.43789 4.84764 4.85991 4.59358 4.88681 4.69718 5.14464 4.90429 4.59684 4.8295 4.80259 4.61602 4.34887 5.21894 4.75138 4.7927 4.44485 5.05014 4.91889 4.36969 4.41819 4.04714 4.61768 4.51504 4.61237 

--------------------------------------
Time: 13.0058
Split Ratios: 1 1 1 1 0.208 0.792 0.769 0.231 1 1 0.514 0.486 1 1 1 1 1 0.51 0.49 0.567 0.433 0.398 0.523 0.079 0.501 0.306 0.193 1 1 1 0.4 0.095 0.505 1 0.066 0.934 1 0.323 0.677 1 1 0.734 0.266 0.283 0.717 
Delays: 0.0152932 0.00794012 0.00804118 0.00756979 0.0120306 0.0105424 0.00598423 0.0076135 0.00909411 0.00566245 0.00792261 0.00635984 0.00789505 0.00811784 0.00759441 0.00869727 0.00973389 0.0105367 0.00608387 0.00784662 0.00806586 0.0107111 0.00575399 0.0056473 0.00832538 0.0126059 0.0159771 0.0075974 0.0111377 0.00851008 
Throughputs: 0.966656 0.966656 1.19603 0.884736 0.884736 0.917504 0.802816 0.917504 0.8192 0.704512 0.8192 1.16326 0.933888 0.999424 1.11411 0.933888 0.966656 0.90112 0.917504 1.16326 1.11411 1.21242 1.08134 0.90112 1.09773 0.8192 1.09773 0.8192 1.04858 0.966656 
Utility: 4.14644 4.80191 5.00219 4.76112 4.29783 4.46626 4.899 4.79173 4.5007 4.82365 4.63861 5.20898 4.77312 4.81312 4.9884 4.67635 4.59823 4.44878 5.01602 4.9989 4.92817 4.72909 5.23607 5.07246 4.88169 4.17416 4.22984 4.68052 4.54485 4.73259 

--------------------------------------
Time: 13.506
Split Ratios: 1 1 1 1 0.208 0.792 0.769 0.231 1 1 0.514 0.486 1 1 1 1 1 0.51 0.49 0.567 0.433 0.398 0.523 0.079 0.501 0.306 0.193 1 1 1 0.4 0.095 0.505 1 0.066 0.934 1 0.323 0.677 1 1 0.734 0.266 0.283 0.717 
Delays: 0.0153716 0.00775169 0.00780626 0.00745068 0.0124235 0.0106331 0.00590062 0.00759735 0.00885189 0.00572315 0.00780135 0.0065624 0.00790517 0.00788246 0.00757241 0.00839413 0.00956317 0.0103688 0.00591532 0.00766067 0.00817708 0.0106832 0.00580695 0.0056837 0.00815911 0.0125244 0.0154997 0.00775737 0.011691 0.00883795 
Throughputs: 0.933888 0.950272 0.8192 0.999424 0.999424 0.98304 0.770048 1.1305 1.11411 0.802816 0.8192 0.950272 1.24518 0.884736 0.933888 0.868352 1.1305 1.08134 1.03219 0.851968 0.884736 0.868352 0.8192 1.16326 0.786432 0.884736 0.73728 0.786432 0.917504 0.917504 
Utility: 4.10684 4.80884 4.6534 4.89887 4.38759 4.52667 4.8714 5.00261 4.83518 4.94361 4.65403 4.97539 5.05952 4.72065 4.81485 4.63906 4.77249 4.64716 5.16189 4.71145 4.68395 4.39792 4.94927 5.32138 4.56837 4.25761 3.86215 4.61886 4.36284 4.6426 

--------------------------------------
Time: 14.006
Split Ratios: 1 1 1 1 0.208 0.792 0.769 0.231 1 1 0.514 0.486 1 1 1 1 1 0.51 0.49 0.567 0.433 0.398 0.523 0.079 0.501 0.306 0.193 1 1 1 0.4 0.095 0.505 1 0.066 0.934 1 0.323 0.677 1 1 0.734 0.266 0.283 0.717 
Delays: 0.0154358 0.00771563 0.00806653 0.00749365 0.0122385 0.0103124 0.00599459 0.00757482 0.00892944 0.00582839 0.00797072 0.00605884 0.00788851 0.00791606 0.00755893 0.0085277 0.00967042 0.010244 0.00583182 0.00785782 0.00809991 0.0107338 0.00568876 0.00571101 0.00810846 0.0126383 0.015589 0.00765825 0.0123422 0.00858043 
Throughputs: 0.884736 1.01581 0.966656 0.671744 0.966656 0.999424 0.999424 1.04858 0.720896 1.04858 1.08134 1.11411 0.999424 0.73728 0.786432 0.999424 1.24518 0.917504 0.917504 0.884736 0.884736 0.8192 0.73728 0.884736 0.770048 0.671744 0.884736 1.04858 1.01581 0.753664 
Utility: 4.0486 4.88019 4.78612 4.49582 4.36925 4.57384 5.11632 4.93036 4.39114 5.19245 4.91019 5.21429 4.84177 4.53407 4.64478 4.76386 4.85797 4.49496 5.05833 4.72378 4.69344 4.33493 4.86448 5.04289 4.55355 3.97314 4.03872 4.91941 4.41041 4.47546 

--------------------------------------
Time: 14.506
Split Ratios: 1 1 1 1 0.208 0.792 0.769 0.231 1 1 0.514 0.486 1 1 1 1 1 0.51 0.49 0.567 0.433 0.398 0.523 0.079 0.501 0.306 0.193 1 1 1 0.4 0.095 0.505 1 0.066 0.934 1 0.323 0.677 1 1 0.734 0.266 0.283 0.717 
Delays: 0.0153251 0.00774645 0.00788526 0.00750231 0.0126947 0.0103825 0.00587825 0.00748665 0.00866467 0.0058164 0.00790483 0.00613253 0.00803527 0.0079236 0.00758983 0.00833497 0.00964134 0.0102812 0.00589904 0.00767523 0.00781835 0.010934 0.00569609 0.00560582 0.00800406 0.0122329 0.0155855 0.00809798 0.0114129 0.00844824 
Throughputs: 1.2288 0.835584 0.98304 0.770048 0.999424 0.770048 0.8192 0.802816 0.802816 0.770048 0.966656 0.770048 1.24518 0.770048 0.933888 0.98304 1.04858 0.917504 1.26157 0.868352 0.8192 0.786432 0.8192 1.03219 0.98304 0.835584 0.835584 0.671744 1.11411 0.917504 
Utility: 4.3843 4.6809 4.82566 4.63124 4.366 4.30633 4.93707 4.675 4.52887 4.88577 4.80637 4.83285 5.0432 4.57661 4.81255 4.77019 4.68913 4.49134 5.36532 4.7286 4.65185 4.27563 4.96855 5.21563 4.8107 4.224 3.98179 4.41826 4.58107 4.6877 

--------------------------------------
Time: 15.0063
Split Ratios: 1 1 1 1 0.208 0.792 0.769 0.231 1 1 0.514 0.486 1 1 1 1 1 0.51 0.49 0.567 0.433 0.398 0.523 0.079 0.501 0.306 0.193 1 1 1 0.4 0.095 0.505 1 0.066 0.934 1 0.323 0.677 1 1 0.734 0.266 0.283 0.717 
Delays: 0.0150758 0.00760122 0.0079191 0.0074993 0.0124241 0.0103667 0.00605323 0.00747643 0.00869008 0.00580801 0.00798161 0.00615592 0.00780604 0.0079079 0.00759243 0.00852067 0.00958443 0.0102444 0.00587836 0.00776412 0.00818417 0.0108685 0.0058507 0.0056074 0.00798613 0.0124821 0.0154518 0.0076801 0.0116766 0.00857767 
Throughputs: 0.770048 1.14688 1.09773 0.802816 0.8192 0.720896 0.917504 1.01581 0.73728 0.73728 1.11411 1.11411 0.966656 0.884736 0.999424 0.917504 0.884736 0.73728 0.98304 0.65536 0.770048 0.835584 0.966656 0.73728 0.802816 0.557056 1.16326 0.851968 1.01581 0.884736 
Utility: 3.93336 5.01649 4.93172 4.67332 4.18869 4.2419 5.02107 4.91168 4.44079 4.84373 4.93867 5.1984 4.81894 4.71743 4.88003 4.67916 4.52515 4.27624 5.11937 4.43567 4.54425 4.34227 5.10728 4.87888 4.61042 3.79837 4.32126 4.70892 4.46585 4.63613 

--------------------------------------
Time: 15.5063
Split Ratios: 1 1 1 1 0.208 0.792 0.769 0.231 1 1 0.514 0.486 1 1 1 1 1 0.51 0.49 0.567 0.433 0.398 0.523 0.079 0.501 0.306 0.193 1 1 1 0.4 0.095 0.505 1 0.066 0.934 1 0.323 0.677 1 1 0.734 0.266 0.283 0.717 
Delays: 0.0155863 0.00766708 0.00803428 0.00751555 0.0127031 0.0106739 0.00589546 0.00764507 0.00867716 0.00564638 0.00779924 0.00604154 0.00815139 0.00811685 0.00760066 0.00858714 0.00971835 0.0101213 0.00579774 0.00771185 0.00795446 0.0110259 0.00575762 0.00558617 0.00802077 0.0120313 0.0153824 0.0075216 0.0117891 0.00936271 
Throughputs: 1.03219 0.999424 1.06496 1.17965 1.03219 1.06496 0.835584 0.884736 0.90112 0.704512 0.917504 0.8192 1.14688 0.73728 0.884736 0.688128 0.966656 0.966656 0.73728 1.03219 1.21242 0.90112 0.966656 0.8192 0.868352 0.884736 0.638976 0.950272 1.08134 1.21242 
Utility: 4.19305 4.87024 4.88698 5.056 4.3976 4.6029 4.95395 4.75123 4.64294 4.82649 4.76763 4.90967 4.94661 4.50903 4.75705 4.38371 4.59983 4.5592 4.8455 4.89668 5.02664 4.40339 5.12332 4.98803 4.68456 4.29778 3.72665 4.83897 4.51879 4.86364 

--------------------------------------
Time: 16.0064
Split Ratios: 1 1 1 1 0.208 0.792 0.769 0.231 1 1 0.514 0.486 1 1 1 1 1 0.51 0.49 0.567 0.433 0.398 0.523 0.079 0.501 0.306 0.193 1 1 1 0.4 0.095 0.505 1 0.066 0.934 1 0.323 0.677 1 1 0.734 0.266 0.283 0.717 
Delays: 0.0153898 0.00775708 0.00816074 0.00743741 0.0125795 0.0109765 0.00591997 0.00753556 0.00877644 0.0057714 0.00796345 0.00645847 0.00801441 0.0081383 0.00770762 0.00870737 0.00958825 0.0106431 0.00587044 0.00760348 0.0081559 0.0107558 0.00584305 0.00562364 0.00819747 0.0120975 0.0155653 0.00791236 0.0121564 0.00875177 
Throughputs: 0.950272 1.03219 0.999424 0.802816 1.17965 1.06496 0.884736 0.704512 0.802816 1.01581 0.90112 0.90112 1.09773 0.802816 1.17965 1.03219 0.966656 0.90112 1.1305 0.868352 1.06496 0.868352 0.917504 0.884736 1.11411 0.835584 0.753664 1.11411 1.09773 0.884736 
Utility: 4.12304 4.89083 4.80784 4.6816 4.5409 4.57493 5.00696 4.53787 4.51605 5.17053 4.72878 4.93825 4.91976 4.59154 5.03076 4.77527 4.6133 4.43872 5.26048 4.73799 4.87195 4.39115 5.0564 5.05831 4.91199 4.23513 3.8799 4.94739 4.50314 4.61603 

--------------------------------------
Time: 16.5065
Split Ratios: 1 1 1 1 0.208 0.792 0.769 0.231 1 1 0.514 0.486 1 1 1 1 1 0.51 0.49 0.567 0.433 0.398 0.523 0.079 0.501 0.306 0.193 1 1 1 0.4 0.095 0.505 1 0.066 0.934 1 0.323 0.677 1 1 0.734 0.266 0.283 0.717 
Delays: 0.015376 0.00779805 0.00810313 0.00746776 0.01191 0.0111133 0.00616184 0.00766267 0.0088938 0.00579719 0.00787571 0.00628665 0.00825661 0.00848078 0.00748284 0.00840137 0.00967884 0.0101433 0.00575969 0.00759382 0.00811743 0.010598 0.00571882 0.00569688 0.008141 0.0122731 0.0154345 0.00769017 0.0116886 0.00892396 
Throughputs: 0.933888 0.933888 0.999424 0.73728 1.1305 0.98304 0.90112 0.999424 0.786432 0.8192 0.98304 0.868352 1.06496 0.933888 0.933888 0.90112 0.917504 1.03219 0.917504 0.90112 0.90112 0.884736 0.884736 0.950272 0.98304 0.802816 1.01581 0.98304 0.802816 0.917504 
Utility: 4.10655 4.78548 4.81493 4.59237 4.55304 4.48251 4.98526 4.87082 4.48215 4.95096 4.82687 4.92817 4.85968 4.70155 4.82674 4.67524 4.55172 4.62262 5.07077 4.7763 4.70962 4.42462 5.04153 5.11683 4.79374 4.18072 4.18683 4.85071 4.22952 4.63292 

--------------------------------------
Time: 17.0068
Split Ratios: 1 1 1 1 0.208 0.792 0.769 0.231 1 1 0.514 0.486 1 1 1 1 1 0.51 0.49 0.567 0.433 0.398 0.523 0.079 0.501 0.306 0.193 1 1 1 0.4 0.095 0.505 1 0.066 0.934 1 0.323 0.677 1 1 0.734 0.266 0.283 0.717 
Delays: 0.0154439 0.00793431 0.00786808 0.00755952 0.0119461 0.0106772 0.00593039 0.0075113 0.00887117 0.00576197 0.0080147 0.00633448 0.00812781 0.00820898 0.00756325 0.0086937 0.0095974 0.010243 0.00593093 0.00770544 0.00809668 0.0109328 0.00578481 0.00558744 0.00809521 0.0123072 0.0155958 0.00774551 0.0110897 0.00849415 
Throughputs: 0.950272 0.770048 0.950272 1.11411 1.03219 0.98304 0.917504 0.802816 0.770048 0.90112 0.753664 0.999424 0.933888 0.98304 0.917504 0.868352 1.14688 0.884736 1.1305 1.03219 0.933888 0.868352 1.19603 0.884736 0.786432 0.98304 0.8192 0.835584 0.999424 1.17965 
Utility: 4.11953 4.57526 4.79393 4.993 4.45903 4.52254 5.04157 4.67172 4.46365 5.05236 4.54367 5.06117 4.74407 4.78542 4.79836 4.604 4.78331 4.45869 5.25023 4.89751 4.7479 4.37483 5.33153 5.06477 4.57623 4.38046 3.96133 4.68102 4.50116 4.93359 

--------------------------------------
Time: 17.5069
Split Ratios: 1 1 1 1 0.208 0.792 0.769 0.231 1 1 0.514 0.486 1 1 1 1 1 0.51 0.49 0.567 0.433 0.398 0.523 0.079 0.501 0.306 0.193 1 1 1 0.4 0.095 0.505 1 0.066 0.934 1 0.323 0.677 1 1 0.734 0.266 0.283 0.717 
Delays: 0.0153112 0.00809173 0.00788508 0.00753376 0.0116413 0.0108205 0.00613904 0.00760008 0.00929606 0.00576178 0.0083719 0.0066267 0.00778492 0.00802524 0.00754944 0.00866875 0.00973219 0.0104982 0.005943 0.00779391 0.00826813 0.0106192 0.00569279 0.00563821 0.00821035 0.0123508 0.0159618 0.00763986 0.010718 0.00872911 
Throughputs: 0.98304 1.04858 0.98304 0.884736 1.01581 0.933888 0.671744 0.933888 1.11411 0.835584 1.11411 1.14688 1.08134 1.17965 0.933888 0.835584 1.01581 0.770048 1.24518 1.08134 0.835584 1.16326 0.802816 0.835584 0.966656 0.868352 1.11411 0.8192 1.04858 0.917504 
Utility: 4.16206 4.86435 4.82568 4.7659 4.46888 4.45792 4.69521 4.8112 4.78622 4.97688 4.89093 5.15369 4.93377 4.99038 4.81788 4.56841 4.648 4.29525 5.34482 4.93262 4.61572 4.69632 4.94892 4.99856 4.76845 4.25288 4.24561 4.67495 4.58326 4.65499 

--------------------------------------
Time: 18.0073
Split Ratios: 1 1 1 1 0.208 0.792 0.769 0.231 1 1 0.514 0.486 1 1 1 1 1 0.51 0.49 0.567 0.433 0.398 0.523 0.079 0.501 0.306 0.193 1 1 1 0.4 0.095 0.505 1 0.066 0.934 1 0.323 0.677 1 1 0.734 0.266 0.283 0.717 
Delays: 0.0152382 0.0076644 0.00800145 0.00754787 0.0124576 0.0108501 0.00598478 0.00759789 0.0088524 0.0057591 0.00798157 0.00648886 0.00801667 0.00815514 0.007596 0.00852969 0.00978149 0.010385 0.00579097 0.00749573 0.00817498 0.0105468 0.0058137 0.0056462 0.00811339 0.0120823 0.0156437 0.00763594 0.0115175 0.00842753 
Throughputs: 0.835584 1.04858 0.999424 0.835584 0.966656 1.01581 0.8192 0.786432 0.90112 0.704512 1.1305 1.14688 0.868352 0.802816 0.917504 0.835584 1.01581 0.966656 1.19603 0.917504 0.950272 0.65536 0.884736 0.802816 0.786432 0.720896 0.73728 0.753664 0.98304 1.14688 
Utility: 4.00433 4.9186 4.82756 4.70686 4.35151 4.53927 4.91911 4.63964 4.62295 4.80672 4.95328 5.17471 4.68507 4.58948 4.79404 4.58458 4.64295 4.53348 5.33046 4.80732 4.75567 4.12937 5.02507 4.95714 4.57399 4.08876 3.8529 4.59208 4.44678 4.9133 

--------------------------------------
Time: 18.5074
Split Ratios: 1 1 1 1 0.208 0.792 0.769 0.231 1 1 0.514 0.486 1 1 1 1 1 0.51 0.49 0.567 0.433 0.398 0.523 0.079 0.501 0.306 0.193 1 1 1 0.4 0.095 0.505 1 0.066 0.934 1 0.323 0.677 1 1 0.734 0.266 0.283 0.717 
Delays: 0.0153766 0.00780648 0.00797041 0.00751407 0.0123084 0.0106744 0.00601615 0.00761286 0.00854434 0.00570061 0.00784892 0.0061917 0.00790287 0.00804038 0.00762122 0.00846202 0.00949397 0.0100021 0.00593258 0.00780613 0.00807116 0.0106736 0.00577777 0.00569285 0.00804425 0.0121806 0.0155647 0.00786102 0.0123664 0.00832455 
Throughputs: 0.917504 1.04858 1.03219 0.835584 1.16326 0.90112 0.786432 0.851968 0.884736 0.851968 0.851968 0.753664 1.06496 0.950272 0.770048 0.786432 1.11411 0.835584 0.966656 0.884736 0.999424 0.786432 0.884736 0.835584 0.753664 0.966656 0.90112 0.917504 0.90112 1.08134 
Utility: 4.08881 4.90023 4.8637 4.71135 4.5487 4.43579 4.87306 4.71771 4.64002 5.00698 4.68717 4.80174 4.90347 4.77227 4.61552 4.53192 4.76516 4.42534 5.09338 4.73038 4.81888 4.29973 5.03127 4.98892 4.53999 4.374 4.05863 4.75974 4.28865 4.86675 

--------------------------------------
Time: 19.0074
Split Ratios: 1 1 1 1 0.208 0.792 0.769 0.231 1 1 0.514 0.486 1 1 1 1 1 0.51 0.49 0.567 0.433 0.398 0.523 0.079 0.501 0.306 0.193 1 1 1 0.4 0.095 0.505 1 0.066 0.934 1 0.323 0.677 1 1 0.734 0.266 0.283 0.717 
Delays: 0.0152808 0.00778703 0.00797518 0.0074843 0.0121603 0.0104206 0.00619064 0.00757937 0.00888709 0.00589413 0.00800872 0.00631734 0.00777005 0.0080403 0.00764499 0.00846108 0.00966868 0.010169 0.00588931 0.00793052 0.00794242 0.0106604 0.0058097 0.00571062 0.00824284 0.0123961 0.0155639 0.00765479 0.0116181 0.00851639 
Throughputs: 0.868352 0.933888 1.04858 1.06496 0.868352 0.851968 0.835584 0.786432 0.917504 0.8192 0.917504 1.31072 0.90112 0.966656 0.917504 0.933888 1.06496 0.98304 1.04858 0.868352 0.835584 1.03219 0.98304 0.868352 0.868352 0.73728 0.90112 0.90112 1.01581 1.11411 
Utility: 4.04 4.7869 4.87885 4.95789 4.26842 4.40376 4.90509 4.64208 4.63706 4.93437 4.74113 5.33503 4.75336 4.78938 4.78761 4.70388 4.7018 4.57131 5.18205 4.69588 4.65591 4.5729 5.13112 5.02427 4.65725 4.08559 4.05868 4.76831 4.47088 4.87382 

--------------------------------------
Time: 19.5074
Split Ratios: 1 1 1 1 0.208 0.792 0.769 0.231 1 1 0.514 0.486 1 1 1 1 1 0.51 0.49 0.567 0.433 0.398 0.523 0.079 0.501 0.306 0.193 1 1 1 0.4 0.095 0.505 1 0.066 0.934 1 0.323 0.677 1 1 0.734 0.266 0.283 0.717 
Delays: 0.0153809 0.00787226 0.00793287 0.00749073 0.0123995 0.0105602 0.00602089 0.00760063 0.00885367 0.00579536 0.00810274 0.00630887 0.00801821 0.00883473 0.00751904 0.00860622 0.0097737 0.0102395 0.00606938 0.00760989 0.00801632 0.0108092 0.00583794 0.00567165 0.00810644 0.0124393 0.0154034 0.007613 0.0114746 0.00874732 
Throughputs: 1.04858 1.04858 0.966656 1.01581 1.3271 1.01581 0.884736 0.704512 0.770048 0.802816 0.999424 1.06496 1.17965 0.8192 0.786432 1.06496 0.802816 1.01581 0.999424 0.868352 0.933888 1.08134 0.8192 0.966656 0.966656 0.671744 0.868352 0.802816 0.999424 0.753664 
Utility: 4.22206 4.89184 4.80283 4.90977 4.6731 4.56635 4.99005 4.52927 4.46562 4.93107 4.81498 5.12874 4.99126 4.52964 4.65007 4.81821 4.40843 4.59718 5.10392 4.73715 4.75788 4.60556 4.94395 5.13836 4.78118 3.98902 4.03201 4.65827 4.46704 4.4562 

--------------------------------------
Time: 20.0077
Split Ratios: 1 1 1 1 0.208 0.792 0.769 0.231 1 1 0.514 0.486 1 1 1 1 1 0.51 0.49 0.567 0.433 0.398 0.523 0.079 0.501 0.306 0.193 1 1 1 0.4 0.095 0.505 1 0.066 0.934 1 0.323 0.677 1 1 0.734 0.266 0.283 0.717 
Delays: 0.0152304 0.00779972 0.0078496 0.00748449 0.0123462 0.0107707 0.00599596 0.00759117 0.00904413 0.00573795 0.00797369 0.00604432 0.00807325 0.00799934 0.00749783 0.00877452 0.0096524 0.010548 0.00608955 0.00760666 0.00788173 0.0104755 0.00572991 0.0056013 0.00810164 0.0123938 0.0156329 0.00765034 0.011427 0.00848229 
Throughputs: 1.11411 0.868352 0.950272 0.704512 0.98304 1.01581 0.851968 0.917504 0.802816 0.720896 0.98304 1.01581 1.16326 0.917504 0.851968 1.16326 1.04858 1.19603 0.98304 0.966656 0.851968 0.884736 1.11411 0.950272 0.786432 0.851968 0.884736 0.933888 0.917504 1.19603 
Utility: 4.29252 4.71251 4.79629 4.54467 4.3773 4.54661 4.95646 4.79467 4.48601 4.83339 4.8145 5.12432 4.97043 4.7423 4.73294 4.88713 4.68798 4.73083 5.08408 4.84482 4.683 4.43625 5.27011 5.13375 4.57544 4.23035 4.03591 4.80461 4.38568 4.94878 

--------------------------------------
Time: 20.5078
Split Ratios: 1 1 1 1 0.208 0.792 0.769 0.231 1 1 0.514 0.486 1 1 1 1 1 0.51 0.49 0.567 0.433 0.398 0.523 0.079 0.501 0.306 0.193 1 1 1 0.4 0.095 0.505 1 0.066 0.934 1 0.323 0.677 1 1 0.734 0.266 0.283 0.717 
Delays: 0.0153632 0.00779585 0.00792649 0.0075553 0.0129274 0.0106311 0.00620492 0.00763248 0.00930128 0.00594697 0.00827085 0.00630464 0.00800554 0.0079789 0.00765512 0.00835377 0.00961568 0.0101869 0.00622392 0.00782878 0.00798618 0.0108219 0.00595013 0.00561897 0.00790501 0.0126485 0.0156692 0.00782099 0.011174 0.0084827 
Throughputs: 0.802816 1.08134 1.06496 0.917504 0.917504 0.851968 0.917504 0.835584 0.73728 1.04858 1.26157 1.04858 0.966656 0.835584 0.933888 0.851968 1.08134 0.933888 1.24518 0.98304 0.8192 0.868352 1.08134 0.98304 0.73728 0.90112 1.06496 0.999424 0.999424 1.11411 
Utility: 3.95615 4.93237 4.90048 4.79941 4.26231 4.38376 4.99631 4.69572 4.37282 5.17231 5.02737 5.1139 4.79371 4.65133 4.80398 4.62484 4.72256 4.51826 5.29864 4.83284 4.63062 4.38503 5.20255 5.1645 4.53547 4.2661 4.219 4.85037 4.49359 4.87778 

--------------------------------------
Time: 21.0085
Split Ratios: 1 1 1 1 0.208 0.792 0.769 0.231 1 1 0.514 0.486 1 1 1 1 1 0.51 0.49 0.567 0.433 0.398 0.523 0.079 0.501 0.306 0.193 1 1 1 0.4 0.095 0.505 1 0.066 0.934 1 0.323 0.677 1 1 0.734 0.266 0.283 0.717 
Delays: 0.0152048 0.0078165 0.00796566 0.00748987 0.0122715 0.0109323 0.00602206 0.00751159 0.00877321 0.00602226 0.00791659 0.00616877 0.00794464 0.00789933 0.00753568 0.00875969 0.00962623 0.0100695 0.00602587 0.00763659 0.00794283 0.0109202 0.00581688 0.005628 0.0082364 0.0126687 0.0155094 0.00772776 0.0111507 0.0088 
Throughputs: 0.98304 1.01581 1.04858 0.638976 1.29434 0.753664 0.868352 0.851968 0.786432 1.08134 0.90112 0.98304 1.19603 0.835584 0.73728 0.917504 0.835584 0.933888 0.999424 1.01581 0.917504 0.950272 0.720896 1.03219 0.8192 0.851968 0.851968 0.90112 1.11411 1.19603 
Utility: 4.16904 4.8672 4.88005 4.44632 4.65848 4.23323 4.97117 4.7311 4.4958 5.1905 4.73468 5.07115 5.01427 4.66135 4.58332 4.6515 4.46364 4.52985 5.11112 4.89049 4.74939 4.46614 4.81973 5.21169 4.59976 4.20841 4.0061 4.75882 4.60431 4.91201 

--------------------------------------
Time: 21.5086
Split Ratios: 1 1 1 1 0.208 0.792 0.769 0.231 1 1 0.514 0.486 1 1 1 1 1 0.51 0.49 0.567 0.433 0.398 0.523 0.079 0.501 0.306 0.193 1 1 1 0.4 0.095 0.505 1 0.066 0.934 1 0.323 0.677 1 1 0.734 0.266 0.283 0.717 
Delays: 0.0152701 0.00783396 0.00819417 0.00758152 0.0131233 0.0109897 0.00610638 0.00754269 0.0088862 0.00569875 0.00799643 0.0061136 0.00812876 0.00795856 0.0074917 0.00859699 0.00969405 0.0100855 0.00592097 0.00767226 0.00788658 0.0101707 0.00575093 0.00557914 0.00818472 0.0122424 0.0155784 0.0075497 0.0107388 0.0089189 
Throughputs: 0.671744 0.917504 0.950272 0.98304 0.851968 0.933888 0.753664 0.868352 0.753664 0.966656 0.884736 1.27795 1.2288 0.8192 0.950272 1.08134 0.999424 0.753664 0.917504 0.90112 0.8192 0.950272 0.933888 0.950272 0.835584 0.704512 1.03219 0.671744 0.933888 0.999424 
Utility: 3.78398 4.76319 4.75333 4.86494 4.17316 4.4424 4.81561 4.74602 4.44045 5.1336 4.70629 5.3425 5.01839 4.63408 4.84295 4.83455 4.63567 4.31385 5.04316 4.76603 4.64317 4.53724 5.09 5.13771 4.62586 4.0526 4.19355 4.48837 4.46549 4.71901 

--------------------------------------
Time: 22.0086
Split Ratios: 1 1 1 1 0.208 0.792 0.769 0.231 1 1 0.514 0.486 1 1 1 1 1 0.51 0.49 0.567 0.433 0.398 0.523 0.079 0.501 0.306 0.193 1 1 1 0.4 0.095 0.505 1 0.066 0.934 1 0.323 0.677 1 1 0.734 0.266 0.283 0.717 
Delays: 0.0153472 0.00771342 0.00814271 0.00742605 0.0126915 0.0106654 0.00599934 0.00748881 0.00911136 0.00582803 0.00794065 0.0060376 0.00814008 0.00839699 0.00762568 0.00864415 0.00956954 0.0102802 0.00576547 0.00768333 0.00801481 0.0104646 0.00578542 0.00556831 0.00820731 0.0123126 0.0155412 0.00775918 0.0116449 0.0091098 
Throughputs: 1.09773 1.1305 1.19603 0.73728 1.16326 0.851968 0.884736 0.770048 0.835584 0.966656 0.8192 0.884736 1.11411 0.835584 0.73728 0.917504 0.950272 0.704512 0.90112 1.03219 0.917504 0.770048 0.802816 0.917504 0.884736 0.933888 0.90112 0.884736 1.11411 0.917504 
Utility: 4.27007 4.98745 4.98964 4.59797 4.51805 4.38054 4.99364 4.63304 4.51861 5.11116 4.63633 4.98728 4.91901 4.60026 4.57145 4.66477 4.59816 4.22728 5.05175 4.90039 4.74037 4.29846 4.93279 5.10457 4.68026 4.32874 4.06014 4.73641 4.56095 4.61231 

--------------------------------------
Time: 22.5087
Split Ratios: 1 1 1 1 0.208 0.792 0.769 0.231 1 1 0.514 0.486 1 1 1 1 1 0.51 0.49 0.567 0.433 0.398 0.523 0.079 0.501 0.306 0.193 1 1 1 0.4 0.095 0.505 1 0.066 0.934 1 0.323 0.677 1 1 0.734 0.266 0.283 0.717 
Delays: 0.0153305 0.00781915 0.0078795 0.00755642 0.0122915 0.0108714 0.00609748 0.00753844 0.00856999 0.00584841 0.00794072 0.00643355 0.00806002 0.00824097 0.00750079 0.00877409 0.00966567 0.0104366 0.00595138 0.00763404 0.00802657 0.0106004 0.00571641 0.00558235 0.00813203 0.0124136 0.0153857 0.00777301 0.0120012 0.00864218 
Throughputs: 1.01581 1.08134 0.884736 1.08134 1.06496 1.24518 0.868352 0.770048 0.802816 0.704512 1.06496 1.14688 1.16326 1.06496 0.917504 0.835584 1.06496 0.73728 1.08134 0.999424 0.73728 0.802816 0.917504 0.73728 0.770048 1.04858 0.704512 0.884736 0.966656 0.999424 
Utility: 4.1936 4.92938 4.72103 4.96356 4.46178 4.7409 4.95872 4.62644 4.53986 4.79133 4.89869 5.18327 4.97207 4.86157 4.80665 4.55633 4.70211 4.25765 5.20234 4.87456 4.52021 4.32724 5.07832 4.88336 4.55064 4.4364 3.82407 4.73463 4.38884 4.75052 

--------------------------------------
Time: 23.0089
Split Ratios: 1 1 1 1 0.208 0.792 0.769 0.231 1 1 0.514 0.486 1 1 1 1 1 0.51 0.49 0.567 0.433 0.398 0.523 0.079 0.501 0.306 0.193 1 1 1 0.4 0.095 0.505 1 0.066 0.934 1 0.323 0.677 1 1 0.734 0.266 0.283 0.717 
Delays: 0.0153257 0.0080481 0.00793868 0.00753103 0.0125804 0.0106164 0.00628947 0.00753383 0.00892065 0.00577414 0.00797031 0.00628925 0.00784041 0.00821422 0.00758083 0.00871822 0.00991915 0.0103783 0.005831 0.0078977 0.00789748 0.0108469 0.00597587 0.00566892 0.00813837 0.0128987 0.015866 0.0076478 0.0114174 0.00866651 
Throughputs: 0.966656 0.999424 0.868352 0.999424 1.04858 1.06496 0.851968 0.753664 0.8192 0.950272 0.98304 1.1305 0.933888 0.720896 1.09773 1.11411 1.03219 1.08134 0.966656 1.08134 0.98304 0.770048 1.06496 0.8192 0.835584 1.01581 0.753664 0.688128 0.933888 0.933888 
Utility: 4.14431 4.82174 4.69485 4.88815 4.42304 4.60829 4.90867 4.60554 4.51996 5.10336 4.81493 5.19157 4.78006 4.47463 4.97538 4.8504 4.64497 4.64624 5.11065 4.91939 4.82411 4.26257 5.18296 4.97333 4.63154 4.36631 3.86077 4.49956 4.40422 4.67989 

--------------------------------------
Time: 23.5089
Split Ratios: 1 1 1 1 0.208 0.792 0.769 0.231 1 1 0.514 0.486 1 1 1 1 1 0.51 0.49 0.567 0.433 0.398 0.523 0.079 0.501 0.306 0.193 1 1 1 0.4 0.095 0.505 1 0.066 0.934 1 0.323 0.677 1 1 0.734 0.266 0.283 0.717 
Delays: 0.0152587 0.00765326 0.00797071 0.00750093 0.0124616 0.0106548 0.00592568 0.00763999 0.00885993 0.00569622 0.00800654 0.00605029 0.0079407 0.00799264 0.00764293 0.00871971 0.00961084 0.0104217 0.00596562 0.00770422 0.0080434 0.0104053 0.00579747 0.00565419 0.00821198 0.0125323 0.0153579 0.00766524 0.011416 0.00850559 
Throughputs: 0.98304 1.01581 1.08134 0.851968 1.3271 0.8192 0.720896 0.868352 0.917504 0.917504 0.90112 0.933888 0.999424 1.1305 0.98304 0.98304 1.11411 1.04858 1.03219 0.966656 0.704512 0.98304 0.90112 0.704512 0.770048 0.966656 0.73728 0.688128 0.950272 1.14688 
Utility: 4.1655 4.88831 4.91019 4.73252 4.66811 4.34232 4.8012 4.7332 4.64012 5.08185 4.72338 5.03925 4.83518 4.95189 4.85687 4.72506 4.75292 4.6113 5.15343 4.83207 4.47265 4.54833 5.04622 4.82511 4.54086 4.34553 3.87133 4.49728 4.42174 4.90408 

--------------------------------------
Time: 24.0093
Split Ratios: 1 1 1 1 0.208 0.792 0.769 0.231 1 1 0.514 0.486 1 1 1 1 1 0.51 0.49 0.567 0.433 0.398 0.523 0.079 0.501 0.306 0.193 1 1 1 0.4 0.095 0.505 1 0.066 0.934 1 0.323 0.677 1 1 0.734 0.266 0.283 0.717 
Delays: 0.0153187 0.00807541 0.00794287 0.00750652 0.0123454 0.01066 0.00604439 0.0075578 0.00886191 0.00583398 0.0078986 0.00623743 0.00794136 0.00804986 0.00762402 0.00857575 0.00984887 0.010009 0.00597136 0.00762226 0.00801207 0.0110396 0.00572704 0.00559902 0.00807079 0.0123662 0.0155681 0.0075173 0.0123451 0.00845745 
Throughputs: 0.8192 1.01581 0.999424 0.802816 1.1305 0.802816 0.868352 0.802816 0.999424 1.01581 0.8192 0.73728 1.06496 0.868352 1.06496 0.8192 0.999424 0.868352 1.08134 0.999424 0.917504 0.999424 0.802816 0.90112 0.950272 0.802816 0.884736 0.950272 0.835584 1.06496 
Utility: 3.97925 4.83462 4.8349 4.67235 4.51713 4.32163 4.96747 4.66555 4.72542 5.15974 4.64164 4.7724 4.89861 4.68094 4.93939 4.55939 4.61982 4.46311 5.19898 4.87611 4.74071 4.50569 4.94293 5.08105 4.7685 4.17316 4.04007 4.83954 4.21487 4.83564 

--------------------------------------
Time: 24.5096
Split Ratios: 1 1 1 1 0.208 0.792 0.769 0.231 1 1 0.514 0.486 1 1 1 1 1 0.51 0.49 0.567 0.433 0.398 0.523 0.079 0.501 0.306 0.193 1 1 1 0.4 0.095 0.505 1 0.066 0.934 1 0.323 0.677 1 1 0.734 0.266 0.283 0.717 
Delays: 0.0151472 0.00789401 0.00831281 0.00749316 0.0123649 0.0110407 0.00597129 0.00755357 0.00895055 0.00576603 0.00806477 0.00636947 0.00814926 0.00828278 0.00750527 0.00876539 0.0095159 0.0103735 0.00595626 0.00774899 0.00808605 0.0105051 0.00580511 0.00561539 0.00834849 0.0122921 0.0156767 0.00765031 0.0119949 0.00841629 
Throughputs: 0.786432 0.917504 0.917504 0.884736 0.98304 0.933888 0.671744 0.753664 0.851968 0.933888 0.966656 1.09773 1.09773 0.802816 0.753664 0.835584 0.917504 1.06496 1.06496 1.21242 1.06496 1.01581 0.835584 1.16326 0.950272 0.8192 0.98304 0.802816 0.835584 1.21242 
Utility: 3.94969 4.75555 4.70386 4.7713 4.37579 4.43777 4.72291 4.60293 4.55583 5.08737 4.78634 5.14948 4.90307 4.57395 4.60934 4.55732 4.56869 4.63143 5.18625 5.05281 4.88055 4.57158 4.96939 5.33347 4.73467 4.19937 4.13847 4.65338 4.24365 4.9702 

--------------------------------------
Time: 25.0098
Split Ratios: 1 1 1 1 0.208 0.792 0.769 0.231 1 1 0.514 0.486 1 1 1 1 1 0.51 0.49 0.567 0.433 0.398 0.523 0.079 0.501 0.306 0.193 1 1 1 0.4 0.095 0.505 1 0.066 0.934 1 0.323 0.677 1 1 0.734 0.266 0.283 0.717 
Delays: 0.0154198 0.00772795 0.00780704 0.00748098 0.0124856 0.0105104 0.0059067 0.00762135 0.00927833 0.00576353 0.00781547 0.00638519 0.00783288 0.008205 0.00760527 0.00865728 0.00966962 0.0105337 0.00600528 0.00778082 0.00832782 0.010821 0.0056798 0.00561455 0.0080765 0.0120532 0.0156002 0.00782078 0.0108262 0.008694 
Throughputs: 1.03219 1.08134 0.933888 0.851968 0.835584 1.09773 0.8192 0.704512 0.933888 1.11411 1.11411 1.08134 1.09773 0.933888 1.09773 0.671744 0.950272 0.950272 0.950272 0.950272 1.06496 0.851968 0.671744 0.802816 0.770048 0.622592 0.884736 1.04858 0.98304 0.950272 
Utility: 4.20379 4.94112 4.78433 4.73519 4.20355 4.64863 4.93224 4.52655 4.61167 5.26426 4.95971 5.13198 4.94267 4.73461 4.97216 4.35148 4.58776 4.50217 5.06411 4.80509 4.85109 4.36606 4.77296 4.96276 4.55749 3.94456 4.03801 4.8984 4.50868 4.69412 

--------------------------------------
Time: 25.5098
Split Ratios: 1 1 1 1 0.208 0.792 0.769 0.231 1 1 0.514 0.486 1 1 1 1 1 0.51 0.49 0.567 0.433 0.398 0.523 0.079 0.501 0.306 0.193 1 1 1 0.4 0.095 0.505 1 0.066 0.934 1 0.323 0.677 1 1 0.734 0.266 0.283 0.717 
Delays: 0.0153652 0.00767684 0.0078502 0.00755776 0.0122006 0.0103536 0.0058954 0.00754644 0.00846536 0.0057405 0.00812213 0.00615398 0.00796629 0.00788045 0.00757134 0.00843688 0.00949371 0.0102676 0.00595538 0.00759805 0.00787885 0.0104105 0.00575782 0.00560834 0.00801029 0.0123919 0.0156972 0.00768656 0.012443 0.00890101 
Throughputs: 0.933888 0.8192 0.98304 0.933888 0.8192 0.73728 0.720896 0.917504 0.835584 0.73728 1.09773 1.09773 0.950272 0.770048 0.966656 0.98304 0.802816 0.704512 1.04858 0.90112 0.753664 1.03219 0.8192 0.851968 0.90112 1.04858 0.753664 0.770048 0.802816 0.884736 
Utility: 4.10725 4.67012 4.83011 4.81678 4.20684 4.26563 4.80632 4.80058 4.59215 4.85542 4.90641 5.1839 4.78153 4.58207 4.84947 4.75804 4.4375 4.22851 5.17089 4.77575 4.56076 4.59662 4.95777 5.02329 4.72291 4.43815 3.87146 4.60698 4.16697 4.59912 

--------------------------------------
Time: 26.0111
Split Ratios: 1 1 1 1 0.208 0.792 0.769 0.231 1 1 0.514 0.486 1 1 1 1 1 0.51 0.49 0.567 0.433 0.398 0.523 0.079 0.501 0.306 0.193 1 1 1 0.4 0.095 0.505 1 0.066 0.934 1 0.323 0.677 1 1 0.734 0.266 0.283 0.717 
Delays: 0.0152468 0.00786933 0.00808416 0.00745153 0.0125475 0.0109132 0.00622265 0.00755964 0.00892387 0.00581181 0.00819595 0.00627657 0.00794006 0.0080436 0.00756464 0.00868266 0.00977532 0.0102175 0.0059319 0.00770852 0.00798437 0.0106866 0.00577424 0.00559669 0.00815289 0.0126795 0.0155349 0.00767834 0.0112222 0.00897492 
Throughputs: 0.999424 1.04858 0.802816 0.868352 0.966656 1.04858 0.638976 0.851968 0.966656 0.770048 1.19603 1.26157 1.06496 0.966656 0.933888 0.933888 0.950272 1.03219 1.06496 0.966656 0.688128 0.851968 0.851968 0.98304 0.786432 0.802816 1.01581 0.802816 1.1305 1.08134 
Utility: 4.18281 4.89222 4.59822 4.75818 4.34432 4.56521 4.63167 4.72473 4.68511 4.88656 4.98312 5.30329 4.89877 4.78897 4.81587 4.67803 4.57689 4.61534 5.19035 4.83152 4.45649 4.37856 4.99414 5.16848 4.56913 4.14814 4.18035 4.64972 4.61252 4.79153 

--------------------------------------
Time: 26.5121
Split Ratios: 1 1 1 1 0.208 0.792 0.769 0.231 1 1 0.514 0.486 1 1 1 1 1 0.51 0.49 0.567 0.433 0.398 0.523 0.079 0.501 0.306 0.193 1 1 1 0.4 0.095 0.505 1 0.066 0.934 1 0.323 0.677 1 1 0.734 0.266 0.283 0.717 
Delays: 0.0153067 0.00773049 0.00792873 0.00745741 0.0126556 0.0107415 0.00608614 0.00760161 0.00906371 0.00580872 0.00810188 0.00619204 0.00806728 0.00806743 0.00757508 0.00844001 0.00957159 0.010284 0.00599143 0.00761188 0.00783614 0.0104764 0.00578788 0.0056902 0.00794879 0.0125349 0.0156565 0.00765984 0.011727 0.00851742 
Throughputs: 0.851968 0.802816 1.08134 0.851968 0.90112 1.08134 1.01581 0.999424 0.802816 0.720896 0.868352 0.966656 1.01581 0.786432 0.770048 0.851968 0.917504 0.966656 1.11411 0.884736 0.868352 0.851968 0.933888 0.868352 0.753664 0.966656 0.688128 0.73728 1.06496 1.03219 
Utility: 4.01926 4.64295 4.91547 4.73834 4.26554 4.61184 5.11743 4.87882 4.48385 4.82113 4.6745 5.05058 4.83562 4.57967 4.62159 4.61457 4.56286 4.54326 5.22548 4.75558 4.70785 4.39843 5.08359 5.02785 4.55193 4.34533 3.78309 4.56698 4.5088 4.79733 

--------------------------------------
Time: 27.0121
Split Ratios: 1 1 1 1 0.208 0.792 0.769 0.231 1 1 0.514 0.486 1 1 1 1 1 0.51 0.49 0.567 0.433 0.398 0.523 0.079 0.501 0.306 0.193 1 1 1 0.4 0.095 0.505 1 0.066 0.934 1 0.323 0.677 1 1 0.734 0.266 0.283 0.717 
Delays: 0.015296 0.00783955 0.00789149 0.00747523 0.0122767 0.0110963 0.00610285 0.00756484 0.00906765 0.00583495 0.00817288 0.00662139 0.00802051 0.00807673 0.00754392 0.00879674 0.00980399 0.010544 0.00602255 0.00778297 0.00792134 0.0107735 0.00584429 0.00563841 0.00851118 0.0124555 0.0154604 0.00772504 0.0113204 0.00853732 
Throughputs: 0.966656 1.27795 0.999424 0.688128 1.03219 0.933888 0.851968 1.1305 0.786432 1.09773 1.04858 1.08134 0.835584 0.917504 0.966656 0.999424 1.26157 0.688128 1.01581 0.917504 0.917504 0.999424 0.917504 0.999424 0.950272 0.884736 0.999424 0.966656 1.01581 1.08134 
Utility: 4.14625 5.09383 4.84139 4.52238 4.43174 4.43275 4.93879 5.0069 4.46279 5.23713 4.85437 5.09565 4.64613 4.73267 4.8531 4.7328 4.85732 4.17841 5.12793 4.76972 4.7521 4.53009 5.05619 5.17758 4.71537 4.26313 4.1689 4.82938 4.49683 4.84151 

--------------------------------------
Time: 27.5124
Split Ratios: 1 1 1 1 0.208 0.792 0.769 0.231 1 1 0.514 0.486 1 1 1 1 1 0.51 0.49 0.567 0.433 0.398 0.523 0.079 0.501 0.306 0.193 1 1 1 0.4 0.095 0.505 1 0.066 0.934 1 0.323 0.677 1 1 0.734 0.266 0.283 0.717 
Delays: 0.0153585 0.0076367 0.00804411 0.00745969 0.0117857 0.0105247 0.0059482 0.00747489 0.0088219 0.00570652 0.00824635 0.00637068 0.00816653 0.00802156 0.00749636 0.00848927 0.00956152 0.0103486 0.00613283 0.00757304 0.00806798 0.0106028 0.0058591 0.00559768 0.00819726 0.0125029 0.0153946 0.00773011 0.0120247 0.00870477 
Throughputs: 0.835584 0.950272 1.09773 0.786432 0.868352 0.835584 0.802816 0.753664 0.950272 0.802816 1.19603 1.08134 1.01581 0.950272 0.802816 0.770048 0.753664 0.933888 0.90112 1.04858 0.851968 0.966656 0.868352 0.835584 0.966656 0.671744 0.802816 1.1305 1.29434 1.01581 
Utility: 3.99646 4.82378 4.91606 4.65799 4.29971 4.3744 4.90504 4.6134 4.67951 4.94652 4.97699 5.13425 4.8234 4.77462 4.67371 4.50765 4.3672 4.50251 4.98998 4.93059 4.65965 4.51273 4.9986 5.00578 4.77004 3.98392 3.95411 4.98529 4.67879 4.75957 

--------------------------------------
Time: 28.0131
Split Ratios: 1 1 1 1 0.208 0.792 0.769 0.231 1 1 0.514 0.486 1 1 1 1 1 0.51 0.49 0.567 0.433 0.398 0.523 0.079 0.501 0.306 0.193 1 1 1 0.4 0.095 0.505 1 0.066 0.934 1 0.323 0.677 1 1 0.734 0.266 0.283 0.717 
Delays: 0.015348 0.0081337 0.00790757 0.00760065 0.0119802 0.0104829 0.006082 0.00751222 0.00848301 0.00580675 0.00786269 0.00636166 0.00788464 0.00811768 0.00759506 0.00844214 0.00965741 0.0101547 0.00595847 0.00780412 0.00789963 0.0108136 0.00570803 0.00569662 0.00803256 0.0122324 0.0154539 0.0075624 0.0113604 0.00884793 
Throughputs: 0.966656 1.09773 0.884736 0.851968 1.03219 1.17965 1.19603 0.851968 0.868352 0.835584 0.851968 0.720896 0.802816 0.999424 1.01581 0.868352 0.966656 0.966656 0.933888 0.999424 0.720896 0.90112 0.868352 0.868352 0.786432 0.90112 0.884736 0.786432 0.868352 0.933888 
Utility: 4.14286 4.90498 4.71747 4.71931 4.45619 4.72323 5.28143 4.73102 4.62853 4.96911 4.68542 4.7302 4.62321 4.81313 4.89594 4.63336 4.60612 4.5559 5.05454 4.85253 4.51368 4.42283 5.02472 5.02672 4.584 4.29955 4.04743 4.64432 4.33646 4.65917 

--------------------------------------
Time: 28.5131
Split Ratios: 1 1 1 1 0.208 0.792 0.769 0.231 1 1 0.514 0.486 1 1 1 1 1 0.51 0.49 0.567 0.433 0.398 0.523 0.079 0.501 0.306 0.193 1 1 1 0.4 0.095 0.505 1 0.066 0.934 1 0.323 0.677 1 1 0.734 0.266 0.283 0.717 
Delays: 0.0153013 0.00791274 0.0079735 0.00745564 0.0121495 0.0109864 0.00606232 0.00763077 0.00937881 0.00586666 0.00808397 0.0065241 0.00816128 0.00821568 0.00752559 0.00868598 0.00971528 0.0103267 0.00591544 0.00790017 0.00797339 0.0109626 0.0057264 0.00564835 0.00830153 0.0124724 0.015706 0.00777745 0.0119535 0.00885927 
Throughputs: 0.704512 1.06496 1.03219 1.04858 1.03219 0.950272 0.917504 0.720896 0.720896 0.950272 0.90112 0.868352 1.21242 0.999424 0.73728 0.753664 1.16326 0.884736 1.16326 0.851968 0.933888 0.966656 0.950272 0.917504 0.851968 1.03219 1.04858 0.868352 1.09773 1.03219 
Utility: 3.82957 4.90222 4.86332 4.94622 4.44215 4.46009 5.01956 4.54831 4.34204 5.08746 4.71376 4.89109 5.00097 4.80113 4.58466 4.46324 4.78529 4.45056 5.28142 4.68066 4.76325 4.47936 5.11166 5.09029 4.63111 4.41592 4.20115 4.71537 4.51997 4.75798 

--------------------------------------
Time: 29.0135
Split Ratios: 1 1 1 1 0.208 0.792 0.769 0.231 1 1 0.514 0.486 1 1 1 1 1 0.51 0.49 0.567 0.433 0.398 0.523 0.079 0.501 0.306 0.193 1 1 1 0.4 0.095 0.505 1 0.066 0.934 1 0.323 0.677 1 1 0.734 0.266 0.283 0.717 
Delays: 0.0155306 0.00784538 0.00788042 0.00750224 0.0124706 0.0107075 0.00607427 0.00766074 0.00878979 0.00580256 0.00780955 0.00623198 0.00788194 0.00813477 0.00758617 0.00844579 0.00958462 0.0103303 0.00589495 0.00753711 0.00817474 0.0108435 0.00576154 0.00562613 0.00818434 0.0121401 0.0154929 0.00762261 0.0119438 0.00888323 
Throughputs: 1.01581 1.03219 1.03219 0.8192 1.09773 0.917504 0.999424 0.917504 0.8192 0.73728 0.73728 1.01581 1.01581 0.917504 0.851968 0.704512 1.14688 0.868352 1.2288 0.917504 0.950272 1.04858 0.851968 0.933888 1.01581 0.835584 0.786432 0.933888 0.933888 0.950272 
Utility: 4.18063 4.87952 4.87506 4.69313 4.47762 4.45071 5.10312 4.78555 4.53474 4.84467 4.54762 5.09374 4.85887 4.72551 4.72122 4.42384 4.78464 4.43152 5.3397 4.80182 4.7557 4.57162 4.99634 5.11194 4.82122 4.23161 3.92713 4.80824 4.35914 4.67258 

--------------------------------------
Time: 29.5143
Split Ratios: 1 1 1 1 0.208 0.792 0.769 0.231 1 1 0.514 0.486 1 1 1 1 1 0.51 0.49 0.567 0.433 0.398 0.523 0.079 0.501 0.306 0.193 1 1 1 0.4 0.095 0.505 1 0.066 0.934 1 0.323 0.677 1 1 0.734 0.266 0.283 0.717 
Delays: 0.0152769 0.00781091 0.0077101 0.0075336 0.0126408 0.0103728 0.00596537 0.00754994 0.00868968 0.00571868 0.007975 0.00594718 0.00787157 0.00818051 0.00770295 0.00846452 0.00955196 0.0102544 0.0059194 0.00774856 0.0079836 0.0105896 0.00565128 0.00565009 0.00811828 0.0122521 0.0156933 0.00766734 0.0119159 0.00857457 
Throughputs: 0.8192 1.24518 0.868352 0.8192 0.950272 0.933888 0.884736 0.770048 0.851968 0.786432 0.999424 0.835584 1.03219 0.835584 0.868352 0.950272 0.835584 1.04858 0.999424 1.06496 0.98304 0.884736 0.802816 0.917504 0.671744 1.09773 0.868352 0.720896 0.90112 1.08134 
Utility: 3.98199 5.07152 4.72407 4.68896 4.31982 4.50017 4.99932 4.62491 4.58541 4.92377 4.83087 4.94521 4.87618 4.62638 4.72499 4.72087 4.47138 4.62748 5.12894 4.92319 4.81326 4.42542 4.95624 5.08998 4.41576 4.4953 4.01336 4.54353 4.32576 4.83716 

--------------------------------------
Time: 30.0148
Split Ratios: 1 1 1 1 0.208 0.792 0.769 0.231 1 1 0.514 0.486 1 1 1 1 1 0.51 0.49 0.567 0.433 0.398 0.523 0.079 0.501 0.306 0.193 1 1 1 0.4 0.095 0.505 1 0.066 0.934 1 0.323 0.677 1 1 0.734 0.266 0.283 0.717 
Delays: 0.0153456 0.007659 0.00783519 0.00758116 0.0128445 0.0110977 0.00590354 0.00760355 0.00901604 0.00571963 0.0081028 0.00650859 0.00791671 0.00828803 0.00759229 0.00863215 0.00965289 0.0104148 0.00593739 0.00765579 0.00813329 0.0107131 0.00586285 0.00564121 0.00840547 0.0121848 0.0153577 0.00779482 0.011082 0.00875379 
Throughputs: 0.802816 0.966656 1.04858 0.950272 1.11411 1.01581 0.720896 0.933888 0.786432 0.753664 1.06496 1.03219 1.14688 0.851968 0.999424 0.90112 0.966656 0.884736 0.933888 0.950272 1.11411 0.8192 0.868352 1.01581 0.884736 0.786432 0.835584 0.835584 0.884736 0.966656 
Utility: 3.95729 4.83796 4.89656 4.83108 4.4629 4.5167 4.80494 4.81074 4.4685 4.88104 4.87848 5.06632 4.97582 4.63274 4.88005 4.64814 4.60659 4.44207 5.05809 4.82129 4.91985 4.33686 4.99796 5.19334 4.65641 4.16732 3.99651 4.67467 4.37997 4.70436 

--------------------------------------
Time: 30.515
Split Ratios: 1 1 1 1 0.208 0.792 0.769 0.231 1 1 0.514 0.486 1 1 1 1 1 0.51 0.49 0.567 0.433 0.398 0.523 0.079 0.501 0.306 0.193 1 1 1 0.4 0.095 0.505 1 0.066 0.934 1 0.323 0.677 1 1 0.734 0.266 0.283 0.717 
Delays: 0.0153552 0.00782518 0.00799386 0.00751044 0.0124975 0.0107352 0.00618143 0.00756184 0.00865824 0.0057184 0.00809387 0.00614207 0.00801119 0.00817769 0.00755633 0.00873162 0.00966728 0.0104697 0.00584836 0.00763033 0.00841761 0.0107766 0.00587788 0.00560763 0.00824788 0.0120021 0.0154837 0.00772108 0.0118729 0.00880484 
Throughputs: 0.8192 1.11411 1.11411 1.03219 1.06496 1.01581 1.01581 0.933888 0.868352 0.8192 0.999424 0.98304 0.90112 0.90112 1.04858 0.770048 0.917504 1.01581 1.1305 0.933888 1.01581 0.999424 0.802816 1.03219 0.770048 0.802816 0.90112 0.8192 1.16326 1.04858 
Utility: 3.97687 4.95847 4.93714 4.92315 4.44516 4.54991 5.10189 4.81624 4.60809 4.96464 4.81607 5.07549 4.7228 4.70223 4.9328 4.4795 4.55291 4.57495 5.26425 4.80723 4.79311 4.5298 4.91693 5.21531 4.5365 4.20304 4.06385 4.66437 4.58472 4.77989 

--------------------------------------
Time: 31.015
Split Ratios: 1 1 1 1 0.208 0.792 0.769 0.231 1 1 0.514 0.486 1 1 1 1 1 0.51 0.49 0.567 0.433 0.398 0.523 0.079 0.501 0.306 0.193 1 1 1 0.4 0.095 0.505 1 0.066 0.934 1 0.323 0.677 1 1 0.734 0.266 0.283 0.717 
Delays: 0.0151008 0.00794313 0.00787337 0.00748 0.0124478 0.0105013 0.00623026 0.00756808 0.00884804 0.00575089 0.00809912 0.00622137 0.00805519 0.00827734 0.00760835 0.00841147 0.00975723 0.0104106 0.00617206 0.00768381 0.0082674 0.0104113 0.00586748 0.00559496 0.00846663 0.012297 0.0155177 0.00771251 0.0113317 0.00878494 
Throughputs: 0.933888 1.08134 0.98304 0.786432 0.90112 0.98304 0.770048 0.786432 0.966656 0.933888 0.720896 1.1305 1.11411 0.73728 1.03219 0.868352 0.835584 0.770048 1.08134 0.950272 0.770048 0.671744 0.98304 0.835584 0.999424 0.868352 0.868352 0.966656 1.24518 1.16326 
Utility: 4.12461 4.91365 4.82716 4.65527 4.28209 4.53915 4.81703 4.64357 4.69365 5.09 4.48874 5.20242 4.9295 4.48945 4.91019 4.637 4.45012 4.30362 5.16593 4.81763 4.53413 4.16698 5.12122 5.00626 4.77105 4.25724 4.02462 4.831 4.69943 4.88595 

--------------------------------------
Time: 31.5151
Split Ratios: 1 1 1 1 0.208 0.792 0.769 0.231 1 1 0.514 0.486 1 1 1 1 1 0.51 0.49 0.567 0.433 0.398 0.523 0.079 0.501 0.306 0.193 1 1 1 0.4 0.095 0.505 1 0.066 0.934 1 0.323 0.677 1 1 0.734 0.266 0.283 0.717 
Delays: 0.0153286 0.00771997 0.00795729 0.00764104 0.0122798 0.0103252 0.00580756 0.00757448 0.00915024 0.0060365 0.00814182 0.00646521 0.00791273 0.00808322 0.00757064 0.00840725 0.00971235 0.0103686 0.00589426 0.007839 0.00799558 0.0106158 0.00577235 0.00564708 0.00829445 0.0124987 0.0155534 0.0078492 0.0115545 0.00833031 
Throughputs: 1.08134 0.753664 1.1305 0.8192 0.966656 0.98304 0.884736 1.06496 0.999424 0.753664 1.01581 1.21242 1.03219 0.704512 0.835584 0.720896 0.966656 0.8192 0.999424 0.720896 0.966656 1.03219 0.999424 1.01581 0.688128 0.90112 0.90112 1.11411 0.933888 0.802816 
Utility: 4.25624 4.58114 4.95632 4.67479 4.36589 4.55606 5.02613 4.94591 4.6934 4.82712 4.82643 5.23393 4.87097 4.46771 4.70385 4.4514 4.60044 4.36955 5.1332 4.52138 4.79495 4.57709 5.1541 5.1923 4.41839 4.27801 4.05936 4.9554 4.39228 4.56823 

--------------------------------------
Time: 32.0158
Split Ratios: 1 1 1 1 0.208 0.792 0.769 0.231 1 1 0.514 0.486 1 1 1 1 1 0.51 0.49 0.567 0.433 0.398 0.523 0.079 0.501 0.306 0.193 1 1 1 0.4 0.095 0.505 1 0.066 0.934 1 0.323 0.677 1 1 0.734 0.266 0.283 0.717 
Delays: 0.01546 0.00783591 0.00783426 0.00752941 0.0126525 0.0107977 0.00631148 0.00753545 0.0088285 0.00580648 0.00787969 0.00639408 0.00795229 0.00803151 0.0076225 0.00834883 0.00960525 0.00995029 0.00583422 0.00768811 0.00828292 0.0104805 0.00570733 0.00563268 0.00831656 0.0123543 0.0156871 0.00773547 0.0107928 0.00909502 
Throughputs: 0.950272 1.11411 0.884736 0.720896 0.917504 1.01581 0.917504 0.671744 1.17965 0.851968 1.03219 1.17965 1.01581 0.835584 1.03219 1.03219 0.98304 0.884736 0.999424 0.950272 1.1305 1.03219 0.671744 0.868352 0.917504 0.835584 0.933888 0.802816 0.966656 1.03219 
Utility: 4.11849 4.9571 4.72678 4.56168 4.2838 4.5441 4.97929 4.49026 4.89499 4.98857 4.87515 5.2176 4.84998 4.64476 4.90833 4.81732 4.62834 4.48769 5.14344 4.81707 4.91622 4.58993 4.76813 5.03801 4.70341 4.21412 4.08652 4.64231 4.49497 4.73171 

--------------------------------------
Time: 32.516
Split Ratios: 1 1 1 1 0.208 0.792 0.769 0.231 1 1 0.514 0.486 1 1 1 1 1 0.51 0.49 0.567 0.433 0.398 0.523 0.079 0.501 0.306 0.193 1 1 1 0.4 0.095 0.505 1 0.066 0.934 1 0.323 0.677 1 1 0.734 0.266 0.283 0.717 
Delays: 0.0154554 0.0076635 0.00789017 0.00756301 0.012216 0.0104033 0.00601607 0.00754524 0.00847909 0.00577601 0.0077718 0.00609099 0.00800154 0.00798527 0.00756957 0.00827998 0.00960131 0.0105111 0.00588354 0.00752114 0.00783952 0.010463 0.00581596 0.00567126 0.00793069 0.0123837 0.0152797 0.00767161 0.0114004 0.00872987 
Throughputs: 0.851968 0.851968 0.90112 0.770048 0.950272 0.688128 0.753664 0.704512 0.950272 1.01581 0.999424 1.01581 0.851968 0.704512 1.34349 0.802816 1.19603 1.08134 0.999424 0.868352 0.917504 0.835584 0.999424 1.14688 0.802816 0.73728 0.851968 1.04858 1.19603 1.03219 
Utility: 4.00959 4.71108 4.73802 4.62318 4.354 4.19185 4.83051 4.53659 4.71915 5.16973 4.85668 5.11663 4.66791 4.47991 5.17889 4.57428 4.82487 4.63353 5.13502 4.74888 4.76248 4.38028 5.14657 5.30939 4.61739 4.08659 4.02103 4.91766 4.65312 4.77269 

--------------------------------------
Time: 33.0166
Split Ratios: 1 1 1 1 0.208 0.792 0.769 0.231 1 1 0.514 0.486 1 1 1 1 1 0.51 0.49 0.567 0.433 0.398 0.523 0.079 0.501 0.306 0.193 1 1 1 0.4 0.095 0.505 1 0.066 0.934 1 0.323 0.677 1 1 0.734 0.266 0.283 0.717 
Delays: 0.0155366 0.00792169 0.00798155 0.0075983 0.0121674 0.0106481 0.00622479 0.00763739 0.00860261 0.00574244 0.0080054 0.00627317 0.00799385 0.00803449 0.00762264 0.00854473 0.00968314 0.010655 0.00596661 0.00776478 0.00828151 0.0106568 0.00586262 0.00561132 0.00818854 0.0124986 0.0157498 0.00757969 0.0126145 0.00887853 
Throughputs: 0.999424 0.917504 1.01581 0.917504 0.950272 0.802816 0.90112 1.01581 0.671744 0.884736 1.11411 1.14688 1.08134 1.06496 0.8192 0.90112 1.01581 0.704512 1.11411 0.98304 0.950272 0.851968 0.8192 0.917504 1.01581 0.917504 0.933888 0.770048 1.03219 1.04858 
Utility: 4.16398 4.75205 4.84631 4.79373 4.35798 4.32274 4.9751 4.89038 4.35781 5.0374 4.9357 5.20852 4.90729 4.88695 4.67721 4.65832 4.65305 4.19148 5.22963 4.84105 4.74272 4.38135 4.93973 5.09687 4.8207 4.29604 4.08253 4.62098 4.40459 4.77155 

--------------------------------------
Time: 33.5168
Split Ratios: 1 1 1 1 0.208 0.792 0.769 0.231 1 1 0.514 0.486 1 1 1 1 1 0.51 0.49 0.567 0.433 0.398 0.523 0.079 0.501 0.306 0.193 1 1 1 0.4 0.095 0.505 1 0.066 0.934 1 0.323 0.677 1 1 0.734 0.266 0.283 0.717 
Delays: 0.0154059 0.00769054 0.00786778 0.00751324 0.0123602 0.0108461 0.00599352 0.00748053 0.00897867 0.00576734 0.00801781 0.00629868 0.00804144 0.00826163 0.00748734 0.00860291 0.0097196 0.010513 0.00605116 0.00760233 0.00814725 0.0102976 0.00584283 0.00562412 0.00821639 0.0123004 0.0156124 0.00772042 0.0115329 0.00866245 
Throughputs: 0.786432 0.98304 0.868352 0.8192 1.14688 1.21242 0.720896 0.802816 0.950272 0.671744 1.03219 0.868352 1.06496 0.933888 0.835584 0.868352 0.90112 0.950272 1.16326 1.01581 1.01581 0.999424 0.950272 0.851968 0.966656 1.04858 0.851968 0.802816 1.01581 1.01581 
Utility: 3.93276 4.85066 4.70382 4.69166 4.53032 4.71657 4.78982 4.67582 4.6619 4.75767 4.85778 4.92626 4.88608 4.72773 4.71492 4.6145 4.52949 4.50413 5.25873 4.89498 4.82576 4.57527 5.09153 5.02049 4.76771 4.44556 3.99948 4.64426 4.47824 4.76444 

--------------------------------------
Time: 34.0168
Split Ratios: 1 1 1 1 0.208 0.792 0.769 0.231 1 1 0.514 0.486 1 1 1 1 1 0.51 0.49 0.567 0.433 0.398 0.523 0.079 0.501 0.306 0.193 1 1 1 0.4 0.095 0.505 1 0.066 0.934 1 0.323 0.677 1 1 0.734 0.266 0.283 0.717 
Delays: 0.0153253 0.00771072 0.00791277 0.00745643 0.0116785 0.0106276 0.00591768 0.00773447 0.00862471 0.00576656 0.00805224 0.00600461 0.00787014 0.00796061 0.00755147 0.00842256 0.00955274 0.0101157 0.00600966 0.00776177 0.00785509 0.011071 0.005766 0.00560966 0.00797757 0.0121442 0.0153633 0.00766565 0.0112996 0.00870108 
Throughputs: 0.933888 1.08134 0.999424 0.884736 0.802816 0.90112 0.720896 0.835584 0.868352 0.851968 0.917504 0.884736 0.933888 0.90112 0.8192 1.09773 0.98304 0.966656 0.933888 0.933888 0.802816 0.868352 0.950272 0.753664 0.720896 0.753664 1.08134 0.999424 1.14688 1.09773 
Utility: 4.10985 4.94335 4.8387 4.77621 4.23038 4.44018 4.80255 4.68244 4.61197 4.99547 4.73571 4.99276 4.77628 4.72913 4.68659 4.87008 4.63382 4.55975 5.04599 4.79015 4.62696 4.36227 5.10477 4.90046 4.50386 4.1281 4.25398 4.87043 4.62004 4.83755 

--------------------------------------
Time: 34.5169
Split Ratios: 1 1 1 1 0.208 0.792 0.769 0.231 1 1 0.514 0.486 1 1 1 1 1 0.51 0.49 0.567 0.433 0.398 0.523 0.079 0.501 0.306 0.193 1 1 1 0.4 0.095 0.505 1 0.066 0.934 1 0.323 0.677 1 1 0.734 0.266 0.283 0.717 
Delays: 0.015248 0.00782384 0.00784677 0.00746795 0.0126582 0.010463 0.00605478 0.00753193 0.00882708 0.00577884 0.00791506 0.00606352 0.00780054 0.00790127 0.00751067 0.00845119 0.00980979 0.010332 0.00588857 0.00765286 0.00787692 0.0104497 0.00577507 0.00568151 0.00808603 0.0124932 0.0154101 0.0076212 0.0108166 0.00877641 
Throughputs: 0.73728 0.933888 1.09773 0.999424 1.06496 0.770048 0.802816 0.8192 0.868352 0.770048 0.98304 1.09773 0.966656 0.90112 1.01581 1.09773 1.08134 0.8192 1.03219 0.999424 0.933888 0.917504 0.90112 0.917504 0.950272 0.966656 0.851968 0.8192 0.966656 1.03219 
Utility: 3.87852 4.78218 4.9409 4.89656 4.43239 4.2986 4.88728 4.68918 4.58877 4.89225 4.82188 5.19871 4.81965 4.73662 4.90711 4.86669 4.70258 4.37308 5.16643 4.8721 4.77542 4.47509 5.05009 5.08444 4.76661 4.34866 4.01253 4.67739 4.49276 4.76737 

--------------------------------------
Time: 35.017
Split Ratios: 1 1 1 1 0.208 0.792 0.769 0.231 1 1 0.514 0.486 1 1 1 1 1 0.51 0.49 0.567 0.433 0.398 0.523 0.079 0.501 0.306 0.193 1 1 1 0.4 0.095 0.505 1 0.066 0.934 1 0.323 0.677 1 1 0.734 0.266 0.283 0.717 
Delays: 0.0152971 0.00781875 0.00799612 0.00744854 0.0126746 0.0106046 0.00591188 0.00756007 0.00851673 0.00585306 0.00798818 0.00656959 0.00802149 0.00829145 0.00758271 0.0085349 0.0096693 0.0103792 0.00605546 0.00761715 0.00836514 0.0108352 0.00570707 0.00558806 0.00850427 0.0124829 0.0159149 0.0076119 0.0114746 0.00856886 
Throughputs: 0.933888 0.950272 0.933888 0.884736 0.98304 0.933888 0.720896 0.884736 0.835584 0.835584 1.04858 1.08134 1.19603 1.01581 0.802816 1.03219 1.04858 0.950272 1.24518 0.851968 0.98304 0.884736 0.851968 0.688128 0.98304 0.999424 0.851968 0.8192 1.26157 0.8192 
Utility: 4.11169 4.80022 4.7604 4.77727 4.35105 4.47806 4.80353 4.76241 4.5861 4.96117 4.87723 5.10351 5.00464 4.80821 4.66226 4.79528 4.68623 4.51694 5.32608 4.71715 4.76658 4.40249 5.00584 4.81334 4.75008 4.38282 3.98029 4.67862 4.69997 4.56019 

--------------------------------------
Time: 35.5174
Split Ratios: 1 1 1 1 0.208 0.792 0.769 0.231 1 1 0.514 0.486 1 1 1 1 1 0.51 0.49 0.567 0.433 0.398 0.523 0.079 0.501 0.306 0.193 1 1 1 0.4 0.095 0.505 1 0.066 0.934 1 0.323 0.677 1 1 0.734 0.266 0.283 0.717 
Delays: 0.0153898 0.00785403 0.0079072 0.00747249 0.0122902 0.0105997 0.00609413 0.00758167 0.00884695 0.00569592 0.00796933 0.00622226 0.00798441 0.00817705 0.00745072 0.00855268 0.00966079 0.0105376 0.00588868 0.00757671 0.0080454 0.0106687 0.00582143 0.0056715 0.00814053 0.0122536 0.0155732 0.00778921 0.0118157 0.00867348 
Throughputs: 1.08134 1.01581 1.06496 0.835584 0.786432 0.999424 0.851968 0.786432 0.802816 0.98304 0.884736 0.98304 0.851968 0.884736 0.671744 0.933888 0.851968 1.01581 1.06496 0.98304 1.01581 0.868352 0.98304 0.851968 1.09773 0.90112 0.802816 1.03219 1.04858 0.999424 
Utility: 4.25225 4.86241 4.90292 4.7169 4.1587 4.54635 4.94022 4.64177 4.50805 5.1509 4.70969 5.06252 4.67006 4.68396 4.50157 4.69311 4.47947 4.56849 5.19766 4.86557 4.83834 4.39928 5.1291 5.01209 4.90414 4.29782 3.94257 4.8867 4.48576 4.74691 

--------------------------------------
Time: 36.0176
Split Ratios: 1 1 1 1 0.208 0.792 0.769 0.231 1 1 0.514 0.486 1 1 1 1 1 0.51 0.49 0.567 0.433 0.398 0.523 0.079 0.501 0.306 0.193 1 1 1 0.4 0.095 0.505 1 0.066 0.934 1 0.323 0.677 1 1 0.734 0.266 0.283 0.717 
Delays: 0.0152454 0.00794657 0.00792754 0.00752642 0.0124192 0.0109256 0.00606683 0.00761134 0.00919312 0.00577563 0.00793969 0.00606725 0.00801944 0.00815397 0.00755085 0.00861315 0.00971488 0.0101451 0.00593122 0.00769522 0.00807093 0.0110035 0.00574716 0.00564071 0.00820448 0.012279 0.0153812 0.00756858 0.0114829 0.00933429 
Throughputs: 0.851968 0.966656 1.16326 0.8192 0.868352 0.753664 0.835584 0.884736 0.802816 1.11411 0.90112 0.917504 1.11411 0.851968 0.786432 0.786432 0.950272 0.966656 0.851968 0.999424 0.884736 0.868352 0.704512 0.98304 0.933888 0.8192 0.8192 0.786432 0.98304 0.98304 
Utility: 4.02327 4.8011 4.98864 4.68991 4.24735 4.23384 4.92529 4.75565 4.46967 5.26217 4.73176 5.01875 4.93394 4.64904 4.64585 4.51422 4.58309 4.55685 4.96732 4.86658 4.69702 4.36838 4.8088 5.16064 4.73468 4.20043 3.97518 4.6435 4.44979 4.65696 

