--------------------------------------
Time: 5.50011
Split Ratios: 1 1 1 1 1 1 1 1 1 1 
Delays: 0.00587355 0.00581566 0.00719252 0.00579413 0.00573295 0.00727145 0.00581475 0.00584284 0.00572984 0.00578438 
Throughputs: 2.39206 1.99885 3.08019 1.9497 2.44122 3.09658 3.09658 2.88358 3.3751 2.24461 
Utility: 6.00945 5.83977 6.05971 5.81858 6.05402 6.0541 6.27765 6.20157 6.37849 5.96112 

--------------------------------------
Time: 6.00019
Split Ratios: 1 1 1 1 1 1 1 1 1 1 
Delays: 0.00585947 0.00583182 0.00717961 0.00587802 0.00571365 0.00724348 0.00588555 0.00578447 0.00573298 0.00577781 
Throughputs: 2.73613 2.01523 2.60506 2.08077 2.60506 2.98189 3.5881 2.99827 3.3751 2.11354 
Utility: 6.14624 5.84516 5.89396 5.86927 6.12235 6.02021 6.41288 6.25061 6.37795 5.90209 

--------------------------------------
Time: 6.50032
Split Ratios: 1 1 1 1 1 1 1 1 1 1 
Delays: 0.00581585 0.00583057 0.00720228 0.00587943 0.00571273 0.00723482 0.00586331 0.00583357 0.00571687 0.0057497 
Throughputs: 2.62144 2.19546 2.78528 2.11354 2.24461 3.21126 3.40787 3.21126 3.08019 2.32653 
Utility: 6.11089 5.93103 5.95771 5.88466 5.97359 6.09552 6.36513 6.31079 6.28933 6.00298 

--------------------------------------
Time: 7.00059
Split Ratios: 1 1 1 1 1 1 1 1 1 1 
Delays: 0.00583077 0.00584453 0.00715318 0.00583261 0.00572397 0.00729066 0.00582144 0.00583066 0.00573141 0.00574958 
Throughputs: 2.83443 2.1463 2.85082 2.048 2.27738 3.42426 3.53894 2.89997 3.24403 2.11354 
Utility: 6.18645 5.906 5.9878 5.86115 5.98612 6.15205 6.41004 6.20932 6.33861 5.90699 

--------------------------------------
Time: 7.5008
Split Ratios: 1 1 1 1 1 1 1 1 1 1 
Delays: 0.00586473 0.00588121 0.00716461 0.00591472 0.00572223 0.00734404 0.00585901 0.005866 0.00571172 0.00577325 
Throughputs: 2.4576 2.09715 3.04742 2.08077 2.52314 3.3751 3.53894 3.24403 2.9655 2.21184 
Utility: 6.03798 5.87657 6.0529 5.86305 6.0889 6.13029 6.4036 6.3154 6.25228 5.94834 

--------------------------------------
Time: 8.00093
Split Ratios: 1 1 1 1 1 1 1 1 1 1 
Delays: 0.00584669 0.00590593 0.00715934 0.00579861 0.00571046 0.00726627 0.00583237 0.00583788 0.00572177 0.00574862 
Throughputs: 2.4576 1.75309 2.58867 1.85139 2.34291 3.11296 3.40787 3.09658 3.22765 2.12992 
Utility: 6.04107 5.69318 5.89048 5.76607 6.01685 6.06009 6.37042 6.27369 6.33523 5.91488 

--------------------------------------
Time: 8.50128
Split Ratios: 1 1 1 1 1 1 1 1 1 1 
Delays: 0.00585242 0.00586866 0.00717823 0.00584643 0.00572201 0.00729205 0.00584977 0.00581782 0.00571744 0.0057566 
Throughputs: 2.85082 1.75309 2.65421 2.06438 2.57229 3.73555 3.14573 2.80166 3.14573 2.12992 
Utility: 6.1885 5.69951 5.91285 5.86676 6.10823 6.23887 6.2874 6.17704 6.31028 5.91349 

--------------------------------------
Time: 9.00153
Split Ratios: 1 1 1 1 1 1 1 1 1 1 
Delays: 0.0058378 0.00582447 0.00716606 0.00589258 0.00571765 0.00731609 0.00582462 0.00581526 0.00572665 0.00578659 
Throughputs: 2.70336 2.3593 2.65421 2.1463 2.65421 3.24403 3.3751 2.85082 3.62086 2.21184 
Utility: 6.1379 6.00405 5.91455 5.89781 6.14034 6.0945 6.36209 6.19488 6.44934 5.94604 

--------------------------------------
Time: 9.50178
Split Ratios: 1 1 1 1 1 1 1 1 1 1 
Delays: 0.00583983 0.00583846 0.00717806 0.0058484 0.00570008 0.00723645 0.00583393 0.00580889 0.00572825 0.00572874 
Throughputs: 2.70336 2.12992 2.93274 1.7367 2.19546 3.09658 3.65363 2.83443 3.73555 1.93331 
Utility: 6.13755 5.89937 6.01266 5.69358 5.95366 6.05892 6.43979 6.19021 6.48024 5.8215 

--------------------------------------
Time: 10.0018
Split Ratios: 1 1 1 1 1 1 1 1 1 1 
Delays: 0.00581252 0.0058867 0.00719934 0.00579167 0.00571443 0.00734157 0.00580218 0.00587757 0.00571534 0.00575864 
Throughputs: 2.47398 1.78586 2.68698 1.78586 2.4576 3.57171 3.63725 3.11296 3.34234 2.47398 
Utility: 6.05357 5.71496 5.92218 5.73123 6.06395 6.18725 6.44075 6.27219 6.37127 6.06288 

--------------------------------------
Time: 10.5019
Split Ratios: 1 1 1 1 1 1 1 1 1 1 
Delays: 0.00578655 0.00586499 0.00715643 0.00578419 0.0057305 0.0072888 0.00580255 0.00581492 0.00572902 0.00574063 
Throughputs: 2.19546 2.12992 2.81805 1.81862 2.52314 3.04742 3.14573 3.06381 3.34234 2.27738 
Utility: 5.93861 5.89484 5.97579 5.75071 6.08745 6.03571 6.2955 6.26699 6.36888 5.98321 

--------------------------------------
Time: 11.0022
Split Ratios: 1 1 1 1 1 1 1 1 1 1 
Delays: 0.00581111 0.00591772 0.00719919 0.0058382 0.00570788 0.00727501 0.00583106 0.0058076 0.00576147 0.0057322 
Throughputs: 2.52314 2.32653 2.67059 1.96608 2.31014 3.11296 3.55533 2.89997 3.55533 2.12992 
Utility: 6.07349 5.97418 5.91609 5.81937 6.00322 6.05888 6.413 6.21329 6.42501 5.91774 

--------------------------------------
Time: 11.5026
Split Ratios: 1 1 1 1 1 1 1 1 1 1 
Delays: 0.0058176 0.00582547 0.00719394 0.00581584 0.0056992 0.00724978 0.00585233 0.00579982 0.00574163 0.00573846 
Throughputs: 2.5559 2.3593 2.7689 1.68755 2.12992 3.22765 3.62086 3.09658 3.85024 2.19546 
Utility: 6.08527 6.00388 5.95296 5.67045 5.92351 6.09854 6.42763 6.28023 6.50815 5.94695 

--------------------------------------
Time: 12.0027
Split Ratios: 1 1 1 1 1 1 1 1 1 1 
Delays: 0.00581144 0.00590514 0.00719568 0.00582865 0.00571825 0.00730722 0.00583302 0.00582168 0.00573036 0.00579991 
Throughputs: 2.44122 2.65421 2.83443 2.17907 2.12992 3.29318 3.80109 2.94912 3.52256 1.9497 
Utility: 6.04042 6.10808 5.97612 5.92387 5.92018 6.11075 6.47951 6.22767 6.42116 5.81759 

--------------------------------------
Time: 12.5029
Split Ratios: 1 1 1 1 1 1 1 1 1 1 
Delays: 0.00580179 0.00587129 0.00717586 0.00581799 0.00570812 0.00729657 0.00582356 0.00583603 0.00570191 0.00575928 
Throughputs: 2.49037 2.03162 2.88358 1.86778 2.73613 3.16211 3.63725 3.26042 3.30957 2.16269 
Utility: 6.06202 5.84651 5.99607 5.77155 6.17241 6.07159 6.43707 6.32556 6.36377 5.92829 

--------------------------------------
Time: 13.0036
Split Ratios: 1 1 1 1 1 1 1 1 1 1 
Delays: 0.00588182 0.00582113 0.00717568 0.00584613 0.00571369 0.00727601 0.00584783 0.0058191 0.00573805 0.00577649 
Throughputs: 2.58867 2.06438 2.81805 2.01523 2.08077 3.3751 3.47341 3.47341 3.65363 2.34291 
Utility: 6.08703 5.87109 5.9731 5.84271 5.89763 6.1396 6.38682 6.39175 6.45636 6.00535 

--------------------------------------
Time: 13.5037
Split Ratios: 1 1 1 1 1 1 1 1 1 1 
Delays: 0.00585747 0.00582752 0.00717914 0.00589753 0.00572198 0.007247 0.00586933 0.00582252 0.00575016 0.00574692 
Throughputs: 2.7689 2.01523 2.81805 2.32653 2.31014 2.85082 3.14573 3.03104 3.55533 2.3593 
Utility: 6.15849 5.8459 5.97262 5.9776 6.00075 5.97477 6.28406 6.25493 6.42697 6.01745 

--------------------------------------
Time: 14.0041
Split Ratios: 1 1 1 1 1 1 1 1 1 1 
Delays: 0.0058068 0.00582134 0.00719007 0.00581285 0.00571273 0.0072455 0.0057886 0.00581205 0.00573287 0.00577466 
Throughputs: 2.68698 2.08077 3.12934 2.27738 2.67059 3.09658 3.3751 2.73613 3.32595 1.90054 
Utility: 6.13714 5.87896 6.07588 5.97071 6.14736 6.05767 6.36829 6.15437 6.36329 5.79642 

--------------------------------------
Time: 14.5042
Split Ratios: 1 1 1 1 1 1 1 1 1 1 
Delays: 0.00584582 0.00578061 0.00718335 0.00581619 0.00570392 0.00727889 0.00583969 0.00584625 0.00574886 0.00578044 
Throughputs: 2.8672 1.98246 2.93274 1.83501 2.22822 3.19488 3.29318 2.70336 3.40787 2.06438 
Utility: 6.19536 5.83759 6.01193 5.75416 5.96781 6.08433 6.33493 6.13645 6.38484 5.87811 

--------------------------------------
Time: 15.0051
Split Ratios: 1 1 1 1 1 1 1 1 1 1 
Delays: 0.00588313 0.00593539 0.00715331 0.00585552 0.00571229 0.00723319 0.00580662 0.00581379 0.00571379 0.00574153 
Throughputs: 2.26099 1.91693 2.94912 1.96608 2.44122 3.19488 3.32595 2.9655 3.45702 1.85139 
Utility: 5.95147 5.77755 6.02169 5.81641 6.05763 6.09062 6.35051 6.23457 6.40528 5.77597 

--------------------------------------
Time: 15.5055
Split Ratios: 1 1 1 1 1 1 1 1 1 1 
Delays: 0.0058199 0.00585176 0.00718689 0.00577518 0.00570344 0.00736271 0.00578468 0.00587853 0.00572398 0.00575558 
Throughputs: 2.42483 2.29376 2.26099 1.83501 2.09715 3.45702 3.16211 3.30957 3.39149 2.24461 
Utility: 6.03223 5.97121 5.7513 5.76124 5.90727 6.15174 6.30378 6.33327 6.38436 5.96612 

--------------------------------------
Time: 16.0061
Split Ratios: 1 1 1 1 1 1 1 1 1 1 
Delays: 0.00584902 0.00589538 0.00716709 0.00584122 0.00571274 0.00731041 0.00584964 0.00583799 0.00573796 0.0057876 
Throughputs: 2.58867 2.08077 2.81805 2.08077 2.3593 3.3751 3.50618 3.19488 3.19488 2.3593 
Utility: 6.09263 5.86632 5.9743 5.87555 6.02342 6.13488 6.3959 6.30492 6.3222 6.0104 

--------------------------------------
Time: 16.5061
Split Ratios: 1 1 1 1 1 1 1 1 1 1 
Delays: 0.00585771 0.0058229 0.00719264 0.00585237 0.00572289 0.00721191 0.00587036 0.00579657 0.00573658 0.00574048 
Throughputs: 3.08019 2.06438 2.91635 2.08077 2.47398 3.01466 3.3751 2.7689 3.81747 2.16269 
Utility: 6.26499 5.87079 6.00503 5.87365 6.06911 6.03551 6.35427 6.16894 6.50048 5.93157 

--------------------------------------
Time: 17.0067
Split Ratios: 1 1 1 1 1 1 1 1 1 1 
Delays: 0.00582277 0.00584591 0.00717021 0.00580607 0.00570435 0.00726465 0.00578033 0.00583749 0.00571548 0.00575165 
Throughputs: 2.4576 2.63782 2.70336 2.01523 2.34291 2.91635 3.3751 2.89997 3.24403 2.37568 
Utility: 6.04516 6.11197 5.93232 5.84959 6.01792 5.99507 6.36972 6.20815 6.34139 6.02355 

--------------------------------------
Time: 17.5069
Split Ratios: 1 1 1 1 1 1 1 1 1 1 
Delays: 0.00585248 0.00583126 0.00718152 0.00581952 0.00572137 0.00730888 0.00584291 0.00582012 0.00574304 0.00573049 
Throughputs: 2.63782 2.17907 2.88358 2.08077 2.73613 3.16211 3.44064 3.03104 3.62086 2.21184 
Utility: 6.11084 5.92342 5.99528 5.87927 6.17009 6.06991 6.37818 6.25534 6.44648 5.95578 

--------------------------------------
Time: 18.007
Split Ratios: 1 1 1 1 1 1 1 1 1 1 
Delays: 0.00583168 0.00583123 0.00717574 0.00582128 0.00571431 0.00723651 0.00582387 0.00583056 0.00574346 0.00576494 
Throughputs: 2.60506 2.39206 2.78528 2.44122 2.40845 3.01466 3.1785 3.1785 3.42426 2.29376 
Utility: 6.1019 6.01668 5.9614 6.03873 6.04376 6.0321 6.3022 6.30105 6.39058 5.98615 

--------------------------------------
Time: 18.507
Split Ratios: 1 1 1 1 1 1 1 1 1 1 
Delays: 0.0058525 0.00585209 0.00717143 0.00579961 0.00570204 0.00724879 0.00582391 0.00584957 0.00573544 0.00573816 
Throughputs: 2.73613 2.31014 2.75251 1.85139 2.34291 2.85082 3.11296 3.01466 3.42426 2.16269 
Utility: 6.14743 5.97827 5.95016 5.7659 6.01833 5.97453 6.28136 6.24487 6.39198 5.93197 

--------------------------------------
Time: 19.007
Split Ratios: 1 1 1 1 1 1 1 1 1 1 
Delays: 0.00582536 0.00582259 0.00715118 0.00580973 0.00572504 0.00727914 0.00588543 0.00582575 0.00572296 0.00573274 
Throughputs: 2.80166 2.24461 2.88358 1.75309 2.37568 2.8672 3.7847 2.9655 3.12934 2.22822 
Utility: 6.17575 5.95454 5.99951 5.7096 6.02819 5.97608 6.46624 6.23252 6.30409 5.96277 

--------------------------------------
Time: 19.5071
Split Ratios: 1 1 1 1 1 1 1 1 1 1 
Delays: 0.00579637 0.00584154 0.00718573 0.00582361 0.00570381 0.00725025 0.00581052 0.00585913 0.0057307 0.00576142 
Throughputs: 2.53952 2.08077 2.75251 2.08077 2.29376 3.16211 3.47341 3.08019 3.53894 2.21184 
Utility: 6.0825 5.8755 5.94817 5.87857 5.99681 6.07796 6.39322 6.26475 6.42575 5.9504 

--------------------------------------
Time: 20.0072
Split Ratios: 1 1 1 1 1 1 1 1 1 1 
Delays: 0.005816 0.00582293 0.00716381 0.00585455 0.00570996 0.00727186 0.00581328 0.00582064 0.00572158 0.00573008 
Throughputs: 2.58867 2.26099 2.89997 1.86778 2.53952 3.12934 3.47341 3.03104 3.04742 2.27738 
Utility: 6.09829 5.96176 6.00341 5.76528 6.09752 6.06457 6.39275 6.25525 6.27781 5.98505 

--------------------------------------
Time: 20.5074
Split Ratios: 1 1 1 1 1 1 1 1 1 1 
Delays: 0.00582292 0.00588876 0.00716878 0.00585035 0.00570502 0.00732686 0.00579849 0.00582632 0.00573007 0.00576027 
Throughputs: 2.53952 2.08077 2.71974 2.17907 1.88416 4.03046 3.44064 2.89997 3.39149 2.1463 
Utility: 6.07793 5.86745 5.93856 5.92015 5.79989 6.31009 6.38582 6.21007 6.3833 5.92052 

--------------------------------------
Time: 21.0075
Split Ratios: 1 1 1 1 1 1 1 1 1 1 
Delays: 0.00585148 0.00583983 0.00718382 0.00585662 0.00571914 0.00727864 0.00580463 0.0058295 0.00575117 0.00575535 
Throughputs: 2.40845 2.31014 2.78528 2.12992 2.34291 3.44064 3.88301 3.22765 3.53894 2.31014 
Utility: 6.02004 5.98036 5.96027 5.89627 6.01533 6.15847 6.50571 6.31658 6.42218 5.99494 

--------------------------------------
Time: 21.5081
Split Ratios: 1 1 1 1 1 1 1 1 1 1 
Delays: 0.00580452 0.00583856 0.00718861 0.0057946 0.00571865 0.00725205 0.00581313 0.00581879 0.00572428 0.00576435 
Throughputs: 2.44122 2.22822 2.80166 2.24461 2.24461 3.14573 3.26042 3.1785 3.24403 2.21184 
Utility: 6.04161 5.94448 5.96547 5.95936 5.97255 6.07252 6.32949 6.30307 6.33985 5.94989 

--------------------------------------
Time: 22.0081
Split Ratios: 1 1 1 1 1 1 1 1 1 1 
Delays: 0.00584346 0.00583186 0.00716225 0.00583546 0.00571119 0.00723404 0.00583168 0.00581716 0.00572055 0.00573231 
Throughputs: 2.62144 1.99885 2.89997 1.88416 2.73613 3.06381 3.26042 2.7689 3.3751 1.96608 
Utility: 6.10616 5.83699 6.00363 5.77729 6.17187 6.04862 6.3263 6.16539 6.38012 5.83768 

--------------------------------------
Time: 22.5087
Split Ratios: 1 1 1 1 1 1 1 1 1 1 
Delays: 0.00580289 0.00586212 0.00718752 0.00580795 0.00571104 0.00732216 0.00585002 0.00590807 0.00571393 0.0057308 
Throughputs: 2.65421 2.09715 2.80166 2.1463 2.37568 3.24403 3.01466 3.21126 3.30957 2.16269 
Utility: 6.12555 5.87982 5.96562 5.91227 6.03064 6.09367 6.2448 6.2981 6.36167 5.93325 

--------------------------------------
Time: 23.009
Split Ratios: 1 1 1 1 1 1 1 1 1 1 
Delays: 0.00581094 0.00584424 0.00720057 0.0058226 0.00570703 0.00721769 0.00584647 0.00581977 0.00572704 0.00575917 
Throughputs: 2.34291 2.03162 2.8672 2.03162 2.11354 3.2768 3.6864 3.19488 3.52256 2.11354 
Utility: 5.99941 5.85113 5.98693 5.85484 5.91442 6.11809 6.44657 6.30804 6.42174 5.90532 

--------------------------------------
Time: 23.5092
Split Ratios: 1 1 1 1 1 1 1 1 1 1 
Delays: 0.0058199 0.00582429 0.00716535 0.00583831 0.00573252 0.00729106 0.00581647 0.00584859 0.00574034 0.00575205 
Throughputs: 2.7689 1.86778 2.58867 1.80224 2.47398 3.63725 3.50618 3.09658 3.62086 2.08077 
Utility: 6.16492 5.77047 5.88964 5.73234 6.06743 6.21233 6.40159 6.27185 6.44695 5.89094 

--------------------------------------
Time: 24.0093
Split Ratios: 1 1 1 1 1 1 1 1 1 1 
Delays: 0.00585156 0.00587999 0.00715962 0.00587897 0.00572115 0.00727515 0.00590493 0.00582925 0.00572815 0.00578127 
Throughputs: 2.34291 1.90054 2.67059 2.4576 2.06438 3.35872 3.9977 2.93274 3.34234 2.16269 
Utility: 5.99244 5.77834 5.9216 6.03556 5.88842 6.13485 6.51769 6.2208 6.36903 5.92448 

--------------------------------------
Time: 24.5095
Split Ratios: 1 1 1 1 1 1 1 1 1 1 
Delays: 0.00584339 0.00586047 0.00720525 0.00581153 0.00569301 0.00728702 0.00587108 0.00587793 0.00575412 0.00576505 
Throughputs: 2.44122 2.37568 2.78528 1.72032 2.12992 2.91635 3.65363 3.19488 3.75194 2.26099 
Utility: 6.03494 6.00481 5.95729 5.69042 5.9246 5.99199 6.43344 6.2981 6.48011 5.97174 

--------------------------------------
Time: 25.0095
Split Ratios: 1 1 1 1 1 1 1 1 1 1 
Delays: 0.0058208 0.00585434 0.00717568 0.00586229 0.00571789 0.0072633 0.00585725 0.00582609 0.00573874 0.0057679 
Throughputs: 2.60506 2.39206 2.81805 2.12992 2.09715 2.89997 3.47341 2.75251 3.44064 2.57229 
Utility: 6.10377 6.01273 5.9731 5.8953 5.90474 5.98962 6.38521 6.15792 6.39617 6.10024 

--------------------------------------
Time: 25.5099
Split Ratios: 1 1 1 1 1 1 1 1 1 1 
Delays: 0.00581337 0.0058528 0.00719713 0.00586336 0.00572095 0.00725135 0.00582702 0.00584423 0.00572367 0.00577339 
Throughputs: 2.37568 2.16269 3.03104 1.65478 2.3593 3.03104 3.53894 3.08019 3.48979 2.22822 
Utility: 6.01288 5.91219 6.04298 5.6427 6.02198 6.03547 6.40908 6.26729 6.41299 5.9557 

--------------------------------------
Time: 26.0099
Split Ratios: 1 1 1 1 1 1 1 1 1 1 
Delays: 0.00584524 0.00580737 0.00717727 0.00579876 0.00571746 0.00725445 0.00578918 0.00581251 0.00570588 0.00573667 
Throughputs: 2.3593 1.96608 2.7689 1.88416 2.22822 2.93274 3.2768 3.12934 2.93274 2.1463 
Utility: 6.00049 5.82467 5.95529 5.78359 5.96544 6.00208 6.33863 6.28857 6.24219 5.92462 

--------------------------------------
Time: 26.5104
Split Ratios: 1 1 1 1 1 1 1 1 1 1 
Delays: 0.00587452 0.00583253 0.00718964 0.00584039 0.00571153 0.00724672 0.0058445 0.0058108 0.00573399 0.0057533 
Throughputs: 2.57229 1.85139 3.2768 2.01523 2.39206 3.12934 3.63725 3.34234 3.24403 2.34291 
Utility: 6.08193 5.76024 6.12198 5.84369 6.03743 6.06803 6.43348 6.35471 6.33816 6.00938 

--------------------------------------
Time: 27.0107
Split Ratios: 1 1 1 1 1 1 1 1 1 1 
Delays: 0.00580908 0.0058607 0.0071723 0.00584316 0.00571041 0.00732098 0.0058325 0.00584601 0.00571704 0.00575914 
Throughputs: 2.58867 1.98246 2.88358 2.12992 2.32653 2.94912 3.3751 2.99827 3.16211 2.22822 
Utility: 6.09948 5.82383 5.99656 5.89857 6.00984 5.99852 6.36074 6.24003 6.31554 5.95817 

--------------------------------------
Time: 27.5115
Split Ratios: 1 1 1 1 1 1 1 1 1 1 
Delays: 0.00582038 0.00589121 0.0071858 0.00585086 0.00570303 0.00730709 0.00583257 0.0058541 0.00572014 0.00575145 
Throughputs: 2.65421 2.31014 2.70336 1.93331 2.34291 3.85024 3.42426 3.09658 3.04742 2.22822 
Utility: 6.12254 5.9716 5.93014 5.8004 6.01815 6.26705 6.37518 6.27091 6.27806 5.95951 

--------------------------------------
Time: 28.0121
Split Ratios: 1 1 1 1 1 1 1 1 1 1 
Delays: 0.00580968 0.00583474 0.00717553 0.00584947 0.00571765 0.00727421 0.00582323 0.00583033 0.00573581 0.00574435 
Throughputs: 2.91635 2.11354 2.63782 1.83501 2.40845 3.3751 3.34234 2.81805 3.52256 1.98246 
Utility: 6.21856 5.89229 5.90703 5.74845 6.04318 6.13985 6.35257 6.18073 6.42021 5.84388 

--------------------------------------
Time: 28.5121
Split Ratios: 1 1 1 1 1 1 1 1 1 1 
Delays: 0.00581189 0.00584225 0.00721018 0.00582098 0.00571708 0.00723162 0.005873 0.00581016 0.00574684 0.00578243 
Throughputs: 2.78528 1.96608 2.81805 1.88416 2.21184 2.83443 3.44064 2.80166 3.52256 2.57229 
Utility: 6.1722 5.81868 5.96831 5.77977 5.95812 5.97113 6.37305 6.17836 6.41829 6.09773 

--------------------------------------
Time: 29.0122
Split Ratios: 1 1 1 1 1 1 1 1 1 1 
Delays: 0.00581866 0.00592862 0.00716058 0.00582414 0.00570858 0.00728507 0.00582873 0.00587546 0.0057236 0.00575367 
Throughputs: 2.75251 2.49037 2.73613 1.78586 2.08077 3.01466 3.63725 3.30957 3.44064 2.21184 
Utility: 6.1592 6.04039 5.94571 5.72564 5.89852 6.02541 6.43618 6.33379 6.39881 5.95174 

--------------------------------------
Time: 29.5128
Split Ratios: 1 1 1 1 1 1 1 1 1 1 
Delays: 0.00581718 0.00582714 0.00719275 0.0058095 0.0057271 0.00729641 0.005847 0.0058126 0.00571305 0.00576852 
Throughputs: 2.67059 2.06438 2.85082 2.06438 2.65421 3.08019 3.26042 2.89997 3.14573 2.11354 
Utility: 6.12924 5.87006 5.98229 5.87309 6.13869 6.04536 6.32368 6.21243 6.31105 5.9037 

--------------------------------------
Time: 30.0129
Split Ratios: 1 1 1 1 1 1 1 1 1 1 
Delays: 0.00584182 0.00585474 0.00717994 0.00585143 0.00571071 0.00733554 0.00583659 0.00583076 0.00574659 0.00576016 
Throughputs: 2.65421 2.09715 2.99827 1.9497 2.26099 3.2768 3.67002 2.99827 3.16211 2.34291 
Utility: 6.11886 5.88108 6.0345 5.80874 5.98121 6.10189 6.4438 6.24264 6.31039 6.00818 

--------------------------------------
Time: 30.5129
Split Ratios: 1 1 1 1 1 1 1 1 1 1 
Delays: 0.00581168 0.00589257 0.00721631 0.00582507 0.00570922 0.00727273 0.00582951 0.00582394 0.0057282 0.00583371 
Throughputs: 2.34291 1.98246 3.08019 2.1463 1.91693 3.19488 3.2768 2.99827 3.21126 2.52314 
Utility: 5.99928 5.8184 6.0564 5.90933 5.8164 6.08517 6.33169 6.24381 6.32902 6.0696 

--------------------------------------
Time: 31.0139
Split Ratios: 1 1 1 1 1 1 1 1 1 1 
Delays: 0.00586546 0.00581361 0.0072004 0.00588829 0.0057051 0.00722356 0.00587725 0.00580039 0.00573461 0.00577345 
Throughputs: 2.85082 1.76947 2.85082 2.24461 2.26099 3.03104 3.7847 2.91635 3.30957 2.3593 
Utility: 6.18628 5.71823 5.98122 5.94332 5.9822 6.03931 6.46763 6.22016 6.35805 6.01285 

--------------------------------------
Time: 31.5151
Split Ratios: 1 1 1 1 1 1 1 1 1 1 
Delays: 0.00581358 0.00587951 0.00719301 0.00581455 0.00571818 0.00727382 0.00582595 0.00588355 0.00572605 0.00579596 
Throughputs: 2.67059 2.32653 2.88358 2.09715 2.57229 3.03104 3.01466 3.32595 3.40787 2.40845 
Utility: 6.12986 5.98066 5.99368 5.88797 6.1089 6.03238 6.24892 6.33735 6.38882 6.02958 

--------------------------------------
Time: 32.0154
Split Ratios: 1 1 1 1 1 1 1 1 1 1 
Delays: 0.00581821 0.00587203 0.00718348 0.0058331 0.00572165 0.00728709 0.00584808 0.00589374 0.00572633 0.00574269 
Throughputs: 2.29376 2.62144 2.71974 1.81862 2.37568 2.83443 3.91578 3.01466 3.3751 2.09715 
Utility: 5.97695 6.10128 5.93651 5.74229 6.02878 5.96349 6.50666 6.23735 6.37911 5.90041 

--------------------------------------
Time: 32.5158
Split Ratios: 1 1 1 1 1 1 1 1 1 1 
Delays: 0.00583538 0.00582873 0.00715504 0.00579587 0.00570705 0.0072424 0.00582809 0.00582901 0.00573337 0.00574955 
Throughputs: 2.53952 2.22822 2.78528 2.11354 2.09715 3.40787 3.34234 2.91635 3.09658 2.32653 
Utility: 6.07579 5.94616 5.96429 5.89897 5.90663 6.15389 6.35174 6.21524 6.29175 6.00301 

--------------------------------------
Time: 33.016
Split Ratios: 1 1 1 1 1 1 1 1 1 1 
Delays: 0.00585341 0.00582843 0.00717702 0.00575844 0.00572218 0.00726913 0.00578865 0.00581649 0.00572912 0.0057673 
Throughputs: 2.65421 2.17907 2.89997 2.06438 2.47398 3.40787 3.34234 2.83443 3.42426 2.29376 
Utility: 6.11688 5.92391 6.00157 5.88192 6.06924 6.15021 6.35853 6.1889 6.39308 5.98574 

--------------------------------------
Time: 33.5162
Split Ratios: 1 1 1 1 1 1 1 1 1 1 
Delays: 0.00584991 0.00583178 0.0072073 0.00587448 0.0057059 0.00729056 0.00588803 0.00585726 0.00573341 0.00575956 
Throughputs: 2.58867 2.048 3.08019 2.048 2.09715 3.35872 3.35872 3.16211 3.39149 2.11354 
Utility: 6.09247 5.8613 6.05765 5.854 5.90683 6.13273 6.34639 6.29131 6.38271 5.90526 

--------------------------------------
Time: 34.0163
Split Ratios: 1 1 1 1 1 1 1 1 1 1 
Delays: 0.00580623 0.00583647 0.00718813 0.00580117 0.00572471 0.00727722 0.00580383 0.00584505 0.0057225 0.00575039 
Throughputs: 2.42483 2.24461 3.08019 2.06438 2.39206 3.19488 3.16211 2.94912 3.21126 2.09715 
Utility: 6.03459 5.95216 6.06032 5.87453 6.03512 6.08456 6.30048 6.22367 6.33001 5.89907 

--------------------------------------
Time: 34.5168
Split Ratios: 1 1 1 1 1 1 1 1 1 1 
Delays: 0.00586257 0.00581868 0.00718709 0.00589426 0.00570533 0.00727778 0.00584842 0.00584338 0.00572306 0.00575932 
Throughputs: 2.34291 2.40845 3.01466 2.06438 2.50675 3.04742 3.39149 3.1785 3.32595 2.16269 
Utility: 5.99056 6.02566 6.03895 5.85861 6.08534 6.03723 6.36285 6.29885 6.36501 5.92829 

--------------------------------------
Time: 35.0169
Split Ratios: 1 1 1 1 1 1 1 1 1 1 
Delays: 0.00579975 0.00588551 0.00719161 0.00581722 0.00570798 0.00730233 0.00582648 0.0058727 0.00574867 0.00575689 
Throughputs: 2.42483 2.09715 3.42426 2.09715 2.27738 3.35872 2.8672 2.98189 3.47341 2.39206 
Utility: 6.0357 5.87584 6.16572 5.88751 5.98891 6.13112 6.19868 6.23 6.40392 6.02951 

--------------------------------------
Time: 35.5171
Split Ratios: 1 1 1 1 1 1 1 1 1 1 
Delays: 0.00580625 0.00584114 0.00718192 0.00579075 0.00571517 0.00725745 0.00581144 0.00585506 0.005717 0.00577533 
Throughputs: 2.94912 2.09715 3.14573 1.88416 2.53952 3.11296 3.39149 2.89997 3.2768 2.22822 
Utility: 6.23033 5.88341 6.08223 5.78498 6.09661 6.0613 6.3692 6.20515 6.35118 5.95536 

--------------------------------------
Time: 36.0172
Split Ratios: 1 1 1 1 1 1 1 1 1 1 
Delays: 0.00580732 0.00581448 0.00719834 0.00587508 0.00571136 0.00723701 0.00583874 0.00582811 0.00572005 0.00574155 
Throughputs: 2.63782 1.9497 2.73613 2.19546 2.62144 3.2768 3.39149 2.8672 3.06381 2.3593 
Utility: 6.11859 5.81508 5.94045 5.92343 6.12902 6.11541 6.36451 6.1984 6.28344 6.01839 

